duration,protocol_type,service,flag,src_bytes,dst_bytes,land,wrong_fragment,urgent,hot,num_failed_logins,logged_in,num_compromised,root_shell,su_attempted,num_root,num_file_creations,num_shells,num_access_files,num_outbound_cmds,is_host_login,is_guest_login,count,srv_count,serror_rate,srv_serror_rate,rerror_rate,srv_rerror_rate,same_srv_rate,diff_srv_rate,srv_diff_host_rate,dst_host_count,dst_host_srv_count,dst_host_same_srv_rate,dst_host_diff_srv_rate,dst_host_same_src_port_rate,dst_host_srv_diff_host_rate,dst_host_serror_rate,dst_host_srv_serror_rate,dst_host_rerror_rate,dst_host_srv_rerror_rate,classe,posicaoOriginal
0,1,22,9,342,2156,0,0,0,0,0,1,0,0,0,0,0,0,0,0,0,0,5,11,0.0,0.0,0.0,0.0,1.0,0.0,0.18,229,255,1.0,0.0,0.0,0.01,0.0,0.0,0.0,0.0,0,77837.0
0,2,11,9,46,46,0,0,0,0,0,0,0,0,0,0,0,0,0,0,0,0,92,172,0.0,0.0,0.0,0.0,1.0,0.0,0.01,255,254,1.0,0.01,0.01,0.0,0.0,0.0,0.0,0.0,0,36669.0
0,1,22,9,294,478,0,0,0,0,0,1,0,0,0,0,0,0,0,0,0,0,23,30,0.0,0.0,0.0,0.03,1.0,0.0,0.13,255,255,1.0,0.0,0.0,0.0,0.0,0.0,0.0,0.0,0,831.0
0,1,22,9,281,794,0,0,0,0,0,1,0,0,0,0,0,0,0,0,0,0,4,4,0.0,0.0,0.0,0.0,1.0,0.0,0.0,4,255,1.0,0.0,0.25,0.03,0.0,0.0,0.0,0.0,0,85349.0
4,1,3,9,10,37,0,0,0,0,0,0,0,0,0,0,0,0,0,0,0,0,1,1,0.0,0.0,0.0,0.0,1.0,0.0,0.0,242,7,0.03,0.03,0.0,0.0,0.0,0.0,0.0,0.0,0,58348.0
0,1,22,9,242,3302,0,0,0,0,0,1,0,0,0,0,0,0,0,0,0,0,4,4,0.0,0.0,0.0,0.0,1.0,0.0,0.0,122,255,1.0,0.0,0.01,0.01,0.0,0.0,0.0,0.0,0,11578.0
0,0,58,9,126,0,0,0,0,0,0,0,0,0,0,0,0,0,0,0,0,0,5,1,0.0,0.0,0.0,0.0,0.2,0.6,0.0,255,2,0.01,0.01,0.01,0.0,0.0,0.0,0.0,0.0,0,117253.0
0,0,13,9,8,0,0,0,0,0,0,0,0,0,0,0,0,0,0,0,0,0,1,14,0.0,0.0,0.0,0.0,1.0,0.0,1.0,1,80,1.0,0.0,1.0,0.26,0.0,0.0,0.0,0.0,1,101165.0
0,1,21,5,0,0,0,0,0,0,0,0,0,0,0,0,0,0,0,0,0,0,300,20,1.0,1.0,0.0,0.0,0.07,0.06,0.0,255,5,0.02,0.07,0.0,0.0,1.0,1.0,0.0,0.0,1,97681.0
0,1,44,5,0,0,0,0,0,0,0,0,0,0,0,0,0,0,0,0,0,0,227,17,1.0,1.0,0.0,0.0,0.07,0.05,0.0,168,17,0.1,0.07,0.01,0.0,0.92,1.0,0.01,0.0,1,42063.0
0,1,55,5,0,0,0,0,0,0,0,0,0,0,0,0,0,0,0,0,0,0,28,6,1.0,1.0,0.0,0.0,0.21,0.14,0.0,255,63,0.25,0.02,0.0,0.0,1.0,1.0,0.0,0.0,1,73333.0
0,2,11,9,45,76,0,0,0,0,0,0,0,0,0,0,0,0,0,0,0,0,228,228,0.0,0.0,0.0,0.0,1.0,0.0,0.0,255,255,1.0,0.0,0.01,0.0,0.0,0.0,0.0,0.0,0,12249.0
0,1,22,9,271,343,0,0,0,0,0,1,0,0,0,0,0,0,0,0,0,0,14,18,0.0,0.0,0.0,0.0,1.0,0.0,0.17,235,255,1.0,0.0,0.0,0.01,0.0,0.0,0.0,0.0,0,84955.0
0,1,22,9,225,318,0,0,0,0,0,1,0,0,0,0,0,0,0,0,0,0,2,12,0.0,0.0,0.0,0.0,1.0,0.0,0.25,53,255,1.0,0.0,0.02,0.03,0.0,0.01,0.0,0.01,0,57656.0
0,1,44,5,0,0,0,0,0,0,0,0,0,0,0,0,0,0,0,0,0,0,101,11,1.0,1.0,0.0,0.0,0.11,0.06,0.0,255,20,0.08,0.06,0.0,0.0,1.0,1.0,0.0,0.0,1,16543.0
0,1,61,1,0,0,0,0,0,0,0,0,0,0,0,0,0,0,0,0,0,0,168,7,0.0,0.0,1.0,1.0,0.04,0.07,0.0,255,7,0.03,0.09,0.0,0.0,0.0,0.0,1.0,1.0,1,45905.0
0,1,30,5,0,0,0,0,0,0,0,0,0,0,0,0,0,0,0,0,0,0,67,4,1.0,1.0,0.0,0.0,0.06,0.07,0.0,255,4,0.02,0.06,0.0,0.0,1.0,1.0,0.0,0.0,1,62532.0
0,2,11,9,128,44,0,0,0,0,0,0,0,0,0,0,0,0,0,0,0,0,237,236,0.0,0.0,0.0,0.0,1.0,0.01,0.0,126,93,0.74,0.02,0.15,0.0,0.0,0.0,0.0,0.0,0,41146.0
0,1,22,9,210,7138,0,0,0,0,0,1,0,0,0,0,0,0,0,0,0,0,9,9,0.0,0.0,0.0,0.0,1.0,0.0,0.0,42,255,1.0,0.0,0.02,0.03,0.0,0.0,0.0,0.0,0,87553.0
0,1,22,1,0,0,0,0,0,0,0,0,0,0,0,0,0,0,0,0,0,0,1,1,0.0,0.0,1.0,1.0,1.0,0.0,0.0,2,255,1.0,0.0,0.5,0.18,0.0,0.0,1.0,0.92,0,48226.0
0,1,22,9,257,4862,0,0,0,0,0,1,0,0,0,0,0,0,0,0,0,0,1,1,0.0,0.0,0.0,0.0,1.0,0.0,0.0,1,255,1.0,0.0,1.0,0.03,0.0,0.0,0.0,0.01,0,50277.0
0,0,14,9,520,0,0,0,0,0,0,0,0,0,0,0,0,0,0,0,0,0,481,481,0.0,0.0,0.0,0.0,1.0,0.0,0.0,110,110,1.0,0.0,1.0,0.0,0.0,0.0,0.0,0.0,1,111894.0
0,2,11,9,44,126,0,0,0,0,0,0,0,0,0,0,0,0,0,0,0,0,186,266,0.0,0.0,0.0,0.0,1.0,0.0,0.01,255,253,0.99,0.01,0.0,0.0,0.0,0.0,0.0,0.0,0,96484.0
0,1,19,9,10073,0,0,0,0,0,0,0,0,0,0,0,0,0,0,0,0,0,15,15,0.0,0.0,0.0,0.0,1.0,0.0,0.0,255,53,0.21,0.02,0.21,0.0,0.0,0.0,0.0,0.0,0,54989.0
0,1,22,9,361,777,0,0,0,0,0,1,0,0,0,0,0,0,0,0,0,0,18,19,0.0,0.0,0.0,0.0,1.0,0.0,0.11,255,255,1.0,0.0,0.0,0.0,0.0,0.0,0.01,0.01,0,16330.0
0,1,22,9,348,277,0,0,0,0,0,1,0,0,0,0,0,0,0,0,0,0,2,2,0.0,0.0,0.0,0.0,1.0,0.0,0.0,141,255,1.0,0.0,0.01,0.07,0.0,0.0,0.0,0.0,0,14164.0
0,2,39,9,48,48,0,0,0,0,0,0,0,0,0,0,0,0,0,0,0,0,1,1,0.0,0.0,0.0,0.0,1.0,0.0,0.0,49,28,0.57,0.06,0.57,0.0,0.0,0.0,0.0,0.0,0,31747.0
0,1,22,9,345,1935,0,0,0,0,0,1,0,0,0,0,0,0,0,0,0,0,3,6,0.0,0.0,0.0,0.0,1.0,0.0,0.5,175,255,1.0,0.0,0.01,0.05,0.0,0.0,0.0,0.0,0,72852.0
0,2,11,9,45,76,0,0,0,0,0,0,0,0,0,0,0,0,0,0,0,0,136,136,0.0,0.0,0.0,0.0,1.0,0.0,0.0,255,224,0.88,0.01,0.0,0.0,0.0,0.0,0.0,0.0,0,54846.0
0,2,11,9,44,99,0,0,0,0,0,0,0,0,0,0,0,0,0,0,0,0,141,141,0.0,0.0,0.0,0.0,1.0,0.0,0.0,255,224,0.88,0.01,0.0,0.0,0.0,0.0,0.0,0.0,0,46085.0
0,1,22,9,320,26597,0,0,0,0,0,1,0,0,0,0,0,0,0,0,0,0,2,2,0.0,0.0,0.0,0.0,1.0,0.0,0.0,2,255,1.0,0.0,0.5,0.05,0.0,0.0,0.0,0.0,0,106698.0
0,1,44,5,0,0,0,0,0,0,0,0,0,0,0,0,0,0,0,0,0,0,275,6,1.0,1.0,0.0,0.0,0.02,0.05,0.0,255,6,0.02,0.07,0.0,0.0,1.0,1.0,0.0,0.0,1,31872.0
0,1,19,9,567,0,0,0,0,0,0,1,0,0,0,6,0,0,0,0,0,0,2,1,0.0,0.0,0.0,0.0,0.5,1.0,0.0,167,47,0.21,0.05,0.21,0.04,0.0,0.0,0.0,0.0,0,74401.0
0,1,19,9,334,0,0,0,0,0,0,1,0,0,0,0,0,0,0,0,0,0,1,1,0.0,0.0,0.0,0.0,1.0,0.0,0.0,10,47,1.0,0.0,1.0,0.11,0.0,0.0,0.0,0.0,1,22005.0
0,1,22,9,215,2448,0,0,0,0,0,1,0,0,0,0,0,0,0,0,0,0,3,3,0.0,0.0,0.0,0.0,1.0,0.0,0.0,255,255,1.0,0.0,0.0,0.0,0.0,0.0,0.0,0.0,0,17317.0
0,1,22,9,216,11094,0,0,0,0,0,1,0,0,0,0,0,0,0,0,0,0,7,8,0.0,0.0,0.0,0.0,1.0,0.0,0.25,168,255,1.0,0.0,0.01,0.01,0.0,0.0,0.0,0.0,0,27560.0
388,2,40,9,147,105,0,0,0,0,0,0,0,0,0,0,0,0,0,0,0,0,1,1,0.0,0.0,0.0,0.0,1.0,0.0,0.0,41,1,0.02,0.76,1.0,0.0,0.0,0.0,0.0,0.0,0,114537.0
0,1,22,9,236,1523,0,0,0,0,0,1,0,0,0,0,0,0,0,0,0,0,21,23,0.0,0.0,0.0,0.0,1.0,0.0,0.13,46,255,1.0,0.0,0.02,0.01,0.0,0.0,0.0,0.0,0,72751.0
0,1,22,9,319,2996,0,0,0,0,0,1,0,0,0,0,0,0,0,0,0,0,35,35,0.0,0.0,0.0,0.0,1.0,0.0,0.0,255,255,1.0,0.0,0.0,0.0,0.0,0.0,0.0,0.0,0,98481.0
0,0,13,9,8,0,0,0,0,0,0,0,0,0,0,0,0,0,0,0,0,0,1,46,0.0,0.0,0.0,0.0,1.0,0.0,1.0,1,127,1.0,0.0,1.0,0.5,0.0,0.0,0.0,0.0,1,112759.0
0,1,22,9,54540,8314,0,0,0,2,0,1,1,0,0,0,0,0,0,0,0,0,1,1,0.0,0.0,0.0,0.0,1.0,0.0,0.0,255,255,1.0,0.0,0.0,0.0,0.01,0.01,0.03,0.03,1,18994.0
0,0,14,9,18,0,0,0,0,0,0,0,0,0,0,0,0,0,0,0,0,0,1,1,0.0,0.0,0.0,0.0,1.0,0.0,0.0,1,1,1.0,0.0,1.0,0.0,0.0,0.0,0.0,0.0,1,87021.0
0,1,44,5,0,0,0,0,0,0,0,0,0,0,0,0,0,0,0,0,0,0,101,2,1.0,1.0,0.0,0.0,0.02,0.06,0.0,255,19,0.07,0.08,0.0,0.0,1.0,1.0,0.0,0.0,1,81043.0
0,0,14,9,520,0,0,0,0,0,0,0,0,0,0,0,0,0,0,0,0,0,481,481,0.0,0.0,0.0,0.0,1.0,0.0,0.0,115,115,1.0,0.0,1.0,0.0,0.0,0.0,0.0,0.0,1,56195.0
0,2,11,9,44,76,0,0,0,0,0,0,0,0,0,0,0,0,0,0,0,0,151,151,0.0,0.0,0.0,0.0,1.0,0.0,0.0,255,255,1.0,0.0,0.01,0.0,0.0,0.0,0.0,0.0,0,46108.0
0,1,18,2,0,0,0,0,0,0,0,0,0,0,0,0,0,0,0,0,0,0,283,20,0.0,0.0,1.0,1.0,0.07,0.06,0.0,255,20,0.08,0.07,0.0,0.0,0.0,0.0,1.0,1.0,1,13855.0
0,1,8,5,0,0,0,0,0,0,0,0,0,0,0,0,0,0,0,0,0,0,255,2,1.0,1.0,0.0,0.0,0.01,0.07,0.0,255,3,0.01,0.08,0.0,0.0,1.0,1.0,0.0,0.0,1,94542.0
0,1,5,5,0,0,0,0,0,0,0,0,0,0,0,0,0,0,0,0,0,0,97,1,1.0,1.0,0.0,0.0,0.01,0.06,0.0,255,1,0.0,0.06,0.0,0.0,1.0,1.0,0.0,0.0,1,89526.0
0,1,22,9,200,1055,0,0,0,0,0,1,0,0,0,0,0,0,0,0,0,0,3,23,0.0,0.0,0.0,0.0,1.0,0.0,0.17,16,255,1.0,0.0,0.06,0.07,0.0,0.0,0.0,0.0,0,74035.0
0,1,22,9,288,8422,0,0,0,0,0,1,0,0,0,0,0,0,0,0,0,0,10,10,0.0,0.0,0.0,0.0,1.0,0.0,0.0,255,255,1.0,0.0,0.0,0.0,0.0,0.0,0.0,0.0,0,34440.0
0,0,13,9,8,0,0,0,0,0,0,0,0,0,0,0,0,0,0,0,0,0,1,30,0.0,0.0,0.0,0.0,1.0,0.0,1.0,2,129,1.0,0.0,1.0,0.5,0.0,0.0,0.0,0.0,1,77658.0
0,1,44,5,0,0,0,0,0,0,0,0,0,0,0,0,0,0,0,0,0,0,106,7,1.0,1.0,0.0,0.0,0.07,0.07,0.0,255,7,0.03,0.06,0.0,0.0,1.0,1.0,0.0,0.0,1,106060.0
35,1,49,9,740,326,0,0,0,0,0,1,0,0,0,0,0,0,0,0,0,0,1,1,0.0,0.0,0.0,0.0,1.0,0.0,0.0,89,68,0.76,0.03,0.01,0.0,0.0,0.0,0.0,0.0,0,31837.0
0,1,22,9,239,2428,0,0,0,0,0,1,0,0,0,0,0,0,0,0,0,0,5,6,0.0,0.0,0.0,0.0,1.0,0.0,0.33,21,255,1.0,0.0,0.05,0.02,0.0,0.01,0.0,0.0,0,78335.0
0,1,19,9,567,0,0,0,0,0,0,1,0,0,0,6,0,0,0,0,0,0,1,1,0.0,0.0,0.0,0.0,1.0,0.0,0.0,82,49,0.11,0.07,0.11,0.04,0.0,0.0,0.0,0.0,0,44154.0
9769,1,55,9,106,2229,0,0,0,0,0,1,0,0,0,0,0,0,0,0,0,0,1,1,0.0,0.0,0.0,0.0,1.0,0.0,0.0,50,7,0.14,0.06,0.02,0.0,0.0,0.0,0.0,0.0,0,112983.0
0,1,44,1,0,0,0,0,0,0,0,0,0,0,0,0,0,0,0,0,0,0,145,13,0.0,0.0,1.0,1.0,0.09,0.06,0.0,255,13,0.05,0.05,0.0,0.0,0.0,0.0,1.0,1.0,1,42963.0
0,1,44,5,0,0,0,0,0,0,0,0,0,0,0,0,0,0,0,0,0,0,205,5,1.0,1.0,0.0,0.0,0.02,0.06,0.0,255,13,0.05,0.05,0.0,0.0,1.0,1.0,0.0,0.0,1,53545.0
0,1,22,9,241,5976,0,0,0,0,0,1,0,0,0,0,0,0,0,0,0,0,33,33,0.0,0.0,0.0,0.0,1.0,0.0,0.0,194,255,1.0,0.0,0.01,0.02,0.0,0.0,0.0,0.0,0,41274.0
0,1,44,5,0,0,0,0,0,0,0,0,0,0,0,0,0,0,0,0,0,0,229,3,1.0,1.0,0.0,0.0,0.01,0.07,0.0,255,3,0.01,0.08,0.0,0.0,1.0,1.0,0.0,0.0,1,119044.0
0,1,2,5,0,0,0,0,0,0,0,0,0,0,0,0,0,0,0,0,0,0,163,18,1.0,1.0,0.0,0.0,0.11,0.07,0.0,255,18,0.07,0.07,0.0,0.0,1.0,1.0,0.0,0.0,1,125643.0
0,1,49,9,1224,328,0,0,0,0,0,1,0,0,0,0,0,0,0,0,0,0,1,1,0.0,0.0,0.0,0.0,1.0,0.0,0.0,245,152,0.62,0.09,0.0,0.0,0.0,0.0,0.0,0.0,0,9196.0
0,1,22,9,241,12689,0,0,0,0,0,1,0,0,0,0,0,0,0,0,0,0,3,3,0.0,0.0,0.0,0.0,1.0,0.0,0.0,255,255,1.0,0.0,0.0,0.0,0.0,0.0,0.0,0.0,0,71473.0
0,1,6,1,0,0,0,0,0,0,0,0,0,0,0,0,0,0,0,0,0,0,210,2,0.0,0.0,1.0,1.0,0.01,0.07,0.0,255,2,0.01,0.08,0.0,0.0,0.0,0.0,1.0,1.0,1,80237.0
0,1,44,5,0,0,0,0,0,0,0,0,0,0,0,0,0,0,0,0,0,0,147,14,1.0,1.0,0.0,0.0,0.1,0.05,0.0,255,7,0.03,0.06,0.0,0.0,1.0,1.0,0.0,0.0,1,49900.0
0,2,11,9,45,82,0,0,0,0,0,0,0,0,0,0,0,0,0,0,0,0,137,142,0.0,0.0,0.0,0.0,1.0,0.0,0.01,255,254,1.0,0.01,0.0,0.0,0.0,0.0,0.0,0.0,0,120112.0
0,1,22,9,54540,8314,0,0,0,2,0,1,1,0,0,0,0,0,0,0,0,0,6,8,0.0,0.0,0.0,0.25,1.0,0.0,0.38,255,255,1.0,0.0,0.0,0.0,0.0,0.0,0.03,0.03,1,16520.0
0,1,22,9,216,597,0,0,0,0,0,1,0,0,0,0,0,0,0,0,0,0,4,4,0.0,0.0,0.0,0.0,1.0,0.0,0.0,73,255,1.0,0.0,0.01,0.02,0.0,0.0,0.0,0.0,0,51612.0
0,1,36,5,0,0,0,0,0,0,0,0,0,0,0,0,0,0,0,0,0,0,217,20,1.0,1.0,0.0,0.0,0.09,0.05,0.0,255,20,0.08,0.05,0.0,0.0,1.0,1.0,0.0,0.0,1,52940.0
0,1,22,9,326,641,0,0,0,0,0,1,0,0,0,0,0,0,0,0,0,0,4,4,0.0,0.0,0.0,0.0,1.0,0.0,0.0,255,255,1.0,0.0,0.0,0.0,0.0,0.0,0.0,0.0,0,25447.0
0,1,44,5,0,0,0,0,0,0,0,0,0,0,0,0,0,0,0,0,0,0,109,8,1.0,1.0,0.0,0.0,0.07,0.07,0.0,255,1,0.0,0.06,0.0,0.0,1.0,1.0,0.0,0.0,1,121044.0
0,1,44,5,0,0,0,0,0,0,0,0,0,0,0,0,0,0,0,0,0,0,255,3,1.0,1.0,0.0,0.0,0.01,0.06,0.0,255,2,0.01,0.07,0.0,0.0,1.0,1.0,0.0,0.0,1,67189.0
0,1,44,5,0,0,0,0,0,0,0,0,0,0,0,0,0,0,0,0,0,0,131,7,1.0,1.0,0.0,0.0,0.05,0.06,0.0,255,7,0.03,0.05,0.0,0.0,1.0,1.0,0.0,0.0,1,88551.0
0,2,11,9,43,70,0,0,0,0,0,0,0,0,0,0,0,0,0,0,0,0,168,170,0.0,0.0,0.0,0.0,1.0,0.0,0.01,255,229,0.9,0.01,0.0,0.0,0.0,0.0,0.0,0.0,0,23189.0
0,1,44,5,0,0,0,0,0,0,0,0,0,0,0,0,0,0,0,0,0,0,278,17,1.0,1.0,0.0,0.0,0.06,0.06,0.0,255,14,0.05,0.07,0.0,0.0,1.0,1.0,0.0,0.0,1,116018.0
0,1,44,5,0,0,0,0,0,0,0,0,0,0,0,0,0,0,0,0,0,0,18,5,1.0,1.0,0.0,0.0,0.28,0.11,0.0,255,5,0.02,0.07,0.0,0.0,1.0,1.0,0.0,0.0,1,70176.0
0,1,22,9,356,1281,0,0,0,0,0,1,0,0,0,0,0,0,0,0,0,0,3,3,0.0,0.0,0.0,0.0,1.0,0.0,0.0,255,255,1.0,0.0,0.0,0.0,0.0,0.0,0.0,0.0,0,81080.0
0,0,14,9,1032,0,0,0,0,0,0,0,0,0,0,0,0,0,0,0,0,0,511,511,0.0,0.0,0.0,0.0,1.0,0.0,0.0,160,66,0.41,0.04,0.41,0.0,0.01,0.0,0.39,0.0,1,109795.0
0,1,44,5,0,0,0,0,0,0,0,0,0,0,0,0,0,0,0,0,0,0,42,12,1.0,1.0,0.0,0.0,0.29,0.14,0.0,255,13,0.05,0.09,0.0,0.0,1.0,1.0,0.0,0.0,1,61381.0
8,1,49,9,1679,330,0,0,0,0,0,1,0,0,0,0,0,0,0,0,0,0,1,1,0.0,0.0,0.0,0.0,1.0,0.0,0.0,45,56,0.8,0.07,0.02,0.04,0.0,0.0,0.0,0.0,0,71616.0
0,1,22,9,199,1606,0,0,0,0,0,1,0,0,0,0,0,0,0,0,0,0,11,11,0.0,0.0,0.0,0.0,1.0,0.0,0.0,31,255,1.0,0.0,0.03,0.02,0.0,0.0,0.0,0.0,0,19823.0
0,1,22,9,283,28441,0,0,0,1,0,1,0,1,0,0,0,0,0,0,0,0,1,1,0.0,0.0,0.0,0.0,1.0,0.0,0.0,97,254,1.0,0.0,0.01,0.03,0.01,0.0,0.0,0.0,0,54704.0
0,1,9,5,0,0,0,0,0,0,0,0,0,0,0,0,0,0,0,0,0,0,246,4,1.0,1.0,0.0,0.0,0.02,0.06,0.0,255,4,0.02,0.06,0.0,0.0,1.0,1.0,0.0,0.0,1,10477.0
0,2,11,9,42,42,0,0,0,0,0,0,0,0,0,0,0,0,0,0,0,0,145,225,0.0,0.0,0.0,0.0,0.99,0.01,0.01,255,254,1.0,0.01,0.01,0.0,0.0,0.0,0.0,0.0,0,10200.0
0,1,44,1,0,0,0,0,0,0,0,0,0,0,0,0,0,0,0,0,0,0,20,1,0.0,0.0,0.9,1.0,0.05,1.0,0.0,255,1,0.0,0.12,0.0,0.0,0.0,0.0,0.08,1.0,1,71691.0
35,2,11,9,42,42,0,0,0,0,0,0,0,0,0,0,0,0,0,0,0,0,1,5,0.0,0.0,0.0,0.0,1.0,0.0,0.4,255,247,0.97,0.01,0.0,0.0,0.0,0.0,0.0,0.0,0,106545.0
0,1,40,1,0,0,0,0,0,0,0,0,0,0,0,0,0,0,0,0,0,0,511,1,0.1,0.0,0.9,1.0,0.0,1.0,0.0,255,1,0.0,1.0,0.0,0.0,0.15,0.0,0.85,1.0,1,33035.0
0,2,11,9,46,46,0,0,0,0,0,0,0,0,0,0,0,0,0,0,0,0,76,158,0.0,0.0,0.0,0.0,1.0,0.0,0.03,255,254,1.0,0.01,0.01,0.0,0.0,0.0,0.0,0.0,0,113061.0
0,1,22,9,275,388,0,0,0,0,0,1,0,0,0,0,0,0,0,0,0,0,11,12,0.0,0.0,0.0,0.0,1.0,0.0,0.17,255,255,1.0,0.0,0.0,0.0,0.0,0.0,0.0,0.0,0,110679.0
0,1,22,9,327,304,0,0,0,0,0,1,0,0,0,0,0,0,0,0,0,0,15,54,0.0,0.0,0.0,0.0,1.0,0.0,0.07,255,255,1.0,0.0,0.0,0.0,0.0,0.0,0.0,0.0,0,100714.0
0,1,22,5,0,0,0,0,0,0,0,0,0,0,0,0,0,0,0,0,0,0,7,5,0.86,0.8,0.14,0.2,0.57,0.43,0.4,255,21,0.08,0.06,0.0,0.0,1.0,1.0,0.0,0.0,1,93686.0
0,0,13,9,30,0,0,0,0,0,0,0,0,0,0,0,0,0,0,0,0,0,2,1,0.0,0.0,0.0,0.0,0.5,1.0,0.0,255,37,0.15,0.01,0.66,0.0,0.0,0.0,0.0,0.0,0,1466.0
0,0,14,9,1032,0,0,0,0,0,0,0,0,0,0,0,0,0,0,0,0,0,511,511,0.0,0.0,0.0,0.0,1.0,0.0,0.0,255,153,0.6,0.02,0.6,0.0,0.01,0.0,0.0,0.0,1,59692.0
0,2,44,9,1,0,0,0,0,0,0,0,0,0,0,0,0,0,0,0,0,0,149,139,0.0,0.0,0.0,0.0,0.93,0.01,0.0,255,204,0.8,0.03,1.0,0.0,0.0,0.0,0.0,0.0,1,30708.0
0,1,22,9,319,454,0,0,0,0,0,1,0,0,0,0,0,0,0,0,0,0,24,25,0.0,0.0,0.0,0.0,1.0,0.0,0.08,255,255,1.0,0.0,0.0,0.0,0.0,0.0,0.0,0.0,0,57879.0
40571,1,44,4,1,0,0,0,0,0,0,0,0,0,0,0,0,0,0,0,0,0,2,2,0.0,0.0,1.0,1.0,1.0,0.0,0.0,255,2,0.01,0.4,0.78,0.0,0.0,0.0,0.78,1.0,1,73104.0
0,1,44,1,0,0,0,0,0,0,0,0,0,0,0,0,0,0,0,0,0,0,113,15,0.0,0.0,1.0,1.0,0.13,0.06,0.0,255,15,0.06,0.07,0.0,0.0,0.0,0.0,1.0,1.0,1,103507.0
0,1,49,9,11226,1551,0,0,0,0,0,1,0,0,0,0,0,0,0,0,0,0,1,1,0.0,0.0,0.0,0.0,1.0,0.0,0.0,255,29,0.11,0.02,0.0,0.0,0.85,0.0,0.0,0.0,0,72121.0
0,1,40,1,0,0,0,0,0,0,0,0,0,0,0,0,0,0,0,0,0,0,509,1,0.21,0.0,0.78,1.0,0.0,1.0,0.0,255,1,0.0,1.0,0.0,0.0,0.21,0.0,0.79,1.0,1,104637.0
28,1,18,9,1069,3081,0,0,0,22,0,1,0,0,0,0,0,0,0,0,0,1,1,1,0.0,0.0,0.0,0.0,1.0,0.0,0.0,255,50,0.2,0.03,0.0,0.0,0.01,0.0,0.0,0.0,0,31816.0
0,1,22,9,319,1164,0,0,0,0,0,1,0,0,0,0,0,0,0,0,0,0,3,5,0.0,0.0,0.0,0.0,1.0,0.0,0.4,23,255,1.0,0.0,0.04,0.02,0.0,0.01,0.0,0.0,0,50632.0
0,1,17,9,7,674,0,0,0,0,0,0,0,0,0,0,0,0,0,0,0,0,1,1,0.0,0.0,0.0,0.0,1.0,0.0,0.0,24,2,0.04,0.08,0.04,1.0,0.0,0.0,0.0,0.0,0,13562.0
0,1,19,9,190,0,0,0,0,0,0,1,0,0,0,1,0,0,0,0,0,0,2,2,0.0,0.0,0.0,0.0,1.0,0.0,0.0,56,2,0.04,0.07,0.04,0.0,0.0,0.0,0.0,0.0,0,19111.0
28,1,18,9,1492,4152,0,0,0,30,0,1,0,0,0,0,0,0,0,0,0,1,1,1,0.0,0.0,0.0,0.0,1.0,0.0,0.0,41,28,0.68,0.05,0.02,0.0,0.0,0.0,0.0,0.0,0,119931.0
0,1,17,5,0,0,0,0,0,0,0,0,0,0,0,0,0,0,0,0,0,0,285,19,1.0,1.0,0.0,0.0,0.07,0.06,0.0,255,19,0.07,0.06,0.0,0.0,1.0,1.0,0.0,0.0,1,93284.0
0,2,11,9,42,132,0,0,0,0,0,0,0,0,0,0,0,0,0,0,0,0,76,156,0.0,0.0,0.0,0.0,1.0,0.0,0.01,255,210,0.82,0.01,0.0,0.0,0.0,0.0,0.0,0.0,0,93164.0
0,1,44,5,0,0,0,0,0,0,0,0,0,0,0,0,0,0,0,0,0,0,215,16,1.0,1.0,0.0,0.0,0.07,0.06,0.0,255,4,0.02,0.07,0.0,0.0,1.0,1.0,0.0,0.0,1,28555.0
3,1,44,1,0,0,0,0,0,0,0,0,0,0,0,0,0,0,0,0,0,0,235,1,0.04,0.0,0.94,1.0,0.0,1.0,0.0,255,1,0.0,0.94,0.0,0.0,0.04,0.0,0.87,1.0,1,21338.0
0,1,22,9,246,2005,0,0,0,0,0,1,0,0,0,0,0,0,0,0,0,0,4,4,0.0,0.0,0.0,0.0,1.0,0.0,0.0,255,255,1.0,0.0,0.0,0.0,0.0,0.0,0.0,0.0,0,37374.0
0,1,7,5,0,0,0,0,0,0,0,0,0,0,0,0,0,0,0,0,0,0,223,19,1.0,1.0,0.0,0.0,0.09,0.06,0.0,255,19,0.07,0.06,0.0,0.0,1.0,1.0,0.0,0.0,1,5309.0
0,1,22,9,223,1158,0,0,0,0,0,1,0,0,0,0,0,0,0,0,0,0,26,27,0.0,0.0,0.0,0.0,1.0,0.0,0.07,255,255,1.0,0.0,0.0,0.0,0.0,0.0,0.0,0.0,0,123477.0
0,1,7,5,0,0,0,0,0,0,0,0,0,0,0,0,0,0,0,0,0,0,213,1,1.0,1.0,0.0,0.0,0.0,0.06,0.0,255,1,0.0,0.06,0.0,0.0,1.0,1.0,0.0,0.0,1,102743.0
0,1,32,5,0,0,0,0,0,0,0,0,0,0,0,0,0,0,0,0,0,0,241,7,1.0,1.0,0.0,0.0,0.03,0.06,0.0,255,7,0.03,0.08,0.0,0.0,1.0,1.0,0.0,0.0,1,49706.0
0,1,22,5,0,0,0,0,0,0,0,0,0,0,0,0,0,0,0,0,0,0,192,2,1.0,1.0,0.0,0.0,0.01,0.07,0.0,255,2,0.01,0.08,0.0,0.0,1.0,1.0,0.0,0.0,1,4539.0
0,1,22,9,291,11625,0,0,0,0,0,1,0,0,0,0,0,0,0,0,0,0,22,24,0.0,0.0,0.0,0.0,1.0,0.0,0.08,22,255,1.0,0.0,0.05,0.04,0.0,0.0,0.0,0.0,0,122393.0
0,1,22,9,196,170,0,0,0,0,0,1,0,0,0,0,0,0,0,0,0,0,1,1,0.0,0.0,0.0,0.0,1.0,0.0,0.0,1,255,1.0,0.0,1.0,0.06,0.0,0.0,0.0,0.0,0,7690.0
5547,2,40,9,147,105,0,0,0,0,0,0,0,0,0,0,0,0,0,0,0,0,6,2,0.0,0.0,0.0,0.0,0.33,0.5,0.0,255,4,0.02,0.43,0.93,0.0,0.0,0.0,0.0,0.0,0,110280.0
0,1,49,9,997,331,0,0,0,0,0,1,0,0,0,0,0,0,0,0,0,0,1,1,0.0,0.0,0.0,0.0,1.0,0.0,0.0,76,64,0.84,0.04,0.01,0.0,0.0,0.0,0.0,0.0,0,27924.0
0,1,5,1,0,0,0,0,0,0,0,0,0,0,0,0,0,0,0,0,0,0,131,18,0.0,0.0,1.0,1.0,0.14,0.06,0.0,255,18,0.07,0.07,0.0,0.0,0.0,0.0,1.0,1.0,1,53054.0
0,1,44,5,0,0,0,0,0,0,0,0,0,0,0,0,0,0,0,0,0,0,133,20,1.0,1.0,0.0,0.0,0.15,0.05,0.0,255,17,0.07,0.07,0.0,0.0,1.0,1.0,0.0,0.0,1,124236.0
0,1,17,5,0,0,0,0,0,0,0,0,0,0,0,0,0,0,0,0,0,0,158,22,1.0,1.0,0.0,0.0,0.14,0.06,0.0,255,22,0.09,0.05,0.0,0.0,1.0,1.0,0.0,0.0,1,39898.0
0,1,7,5,0,0,0,0,0,0,0,0,0,0,0,0,0,0,0,0,0,0,197,5,1.0,1.0,0.0,0.0,0.03,0.08,0.0,255,5,0.02,0.08,0.0,0.0,1.0,1.0,0.0,0.0,1,111165.0
0,1,22,9,238,7914,0,0,0,0,0,1,0,0,0,0,0,0,0,0,0,0,7,7,0.0,0.0,0.0,0.0,1.0,0.0,0.0,255,255,1.0,0.0,0.0,0.0,0.0,0.0,0.0,0.0,0,29448.0
0,1,22,9,327,825,0,0,0,0,0,1,0,0,0,0,0,0,0,0,0,0,13,13,0.0,0.0,0.0,0.0,1.0,0.0,0.0,255,255,1.0,0.0,0.0,0.0,0.0,0.0,0.01,0.01,0,118438.0
0,1,7,1,0,0,0,0,0,0,0,0,0,0,0,0,0,0,0,0,0,0,279,16,0.0,0.0,1.0,1.0,0.06,0.06,0.0,255,16,0.06,0.07,0.0,0.0,0.0,0.0,1.0,1.0,1,83848.0
0,0,14,9,520,0,0,0,0,0,0,0,0,0,0,0,0,0,0,0,0,0,446,446,0.0,0.0,0.0,0.0,1.0,0.0,0.0,11,11,1.0,0.0,1.0,0.0,0.0,0.0,0.0,0.0,1,49371.0
0,1,22,9,217,1385,0,0,0,0,0,1,0,0,0,0,0,0,0,0,0,0,5,5,0.0,0.0,0.0,0.0,1.0,0.0,0.0,20,27,1.0,0.0,0.05,0.15,0.0,0.0,0.0,0.0,0,46542.0
0,1,21,5,0,0,0,0,0,0,0,0,0,0,0,0,0,0,0,0,0,0,252,3,1.0,1.0,0.0,0.0,0.01,0.06,0.0,255,3,0.01,0.07,0.0,0.0,1.0,1.0,0.0,0.0,1,5391.0
0,0,14,9,64,0,0,0,0,0,0,0,0,0,0,0,0,0,0,0,0,0,3,3,0.0,0.0,0.0,0.0,1.0,0.0,0.0,43,3,0.07,0.07,0.07,0.0,0.0,0.0,0.0,0.0,0,62475.0
0,1,24,1,0,0,0,0,0,0,0,0,0,0,0,0,0,0,0,0,0,0,284,14,0.0,0.0,1.0,1.0,0.05,0.06,0.0,255,14,0.05,0.08,0.0,0.0,0.0,0.0,1.0,1.0,1,33540.0
0,1,44,4,0,0,0,0,0,0,0,0,0,0,0,0,0,0,0,0,0,0,1,1,0.0,0.0,1.0,1.0,1.0,0.0,0.0,142,1,0.01,0.66,0.66,0.0,0.04,0.0,0.65,1.0,1,76540.0
0,1,22,9,282,3336,0,0,0,0,0,1,0,0,0,0,0,0,0,0,0,0,4,4,0.0,0.0,0.0,0.0,1.0,0.0,0.0,24,255,1.0,0.0,0.04,0.05,0.0,0.0,0.0,0.0,0,123734.0
0,2,11,9,31,91,0,0,0,0,0,0,0,0,0,0,0,0,0,0,0,0,1,2,0.0,0.0,0.0,0.0,1.0,0.0,1.0,219,206,0.94,0.01,0.0,0.0,0.0,0.0,0.0,0.0,0,45565.0
0,1,22,9,202,303,0,0,0,0,0,1,0,0,0,0,0,0,0,0,0,0,11,12,0.0,0.0,0.0,0.0,1.0,0.0,0.17,255,255,1.0,0.0,0.0,0.0,0.0,0.0,0.0,0.0,0,59970.0
0,1,19,9,2056,0,0,0,0,0,0,1,0,0,0,0,0,0,0,0,0,0,6,6,0.0,0.0,0.0,0.0,1.0,0.0,0.0,57,39,0.68,0.07,0.68,0.0,0.0,0.0,0.0,0.0,0,30750.0
0,1,4,5,0,0,0,0,0,0,0,0,0,0,0,0,0,0,0,0,0,0,296,3,1.0,1.0,0.0,0.0,0.01,0.06,0.0,255,3,0.01,0.07,0.0,0.0,1.0,1.0,0.0,0.0,1,39675.0
26347,1,44,4,1,0,0,0,0,0,0,0,0,0,0,0,0,0,0,0,0,0,2,2,0.0,0.0,1.0,1.0,1.0,0.0,0.0,255,2,0.01,0.74,1.0,0.0,0.0,0.0,1.0,1.0,1,26797.0
0,1,22,9,230,707,0,0,0,0,0,1,0,0,0,0,0,0,0,0,0,0,8,10,0.0,0.0,0.0,0.0,1.0,0.0,0.2,94,255,1.0,0.0,0.01,0.05,0.0,0.0,0.0,0.01,0,26381.0
0,1,59,5,0,0,0,0,0,0,0,0,0,0,0,0,0,0,0,0,0,0,135,17,1.0,1.0,0.0,0.0,0.13,0.05,0.0,255,7,0.03,0.06,0.0,0.0,1.0,1.0,0.0,0.0,1,106859.0
0,1,32,5,0,0,0,0,0,0,0,0,0,0,0,0,0,0,0,0,0,0,201,19,1.0,1.0,0.0,0.0,0.09,0.06,0.0,255,19,0.07,0.09,0.0,0.0,1.0,1.0,0.0,0.0,1,20678.0
0,1,22,9,338,392,0,0,0,0,0,1,0,0,0,0,0,0,0,0,0,0,2,2,0.0,0.0,0.0,0.0,1.0,0.0,0.0,255,255,1.0,0.0,0.0,0.0,0.0,0.0,0.0,0.0,0,31553.0
0,1,22,9,286,1043,0,0,0,0,0,1,0,0,0,0,0,0,0,0,0,0,14,14,0.0,0.0,0.0,0.0,1.0,0.0,0.0,47,255,1.0,0.0,0.02,0.01,0.0,0.0,0.0,0.0,0,88264.0
0,1,44,5,0,0,0,0,0,0,0,0,0,0,0,0,0,0,0,0,0,0,267,6,1.0,1.0,0.0,0.0,0.02,0.06,0.0,255,7,0.03,0.07,0.0,0.0,1.0,1.0,0.0,0.0,1,92278.0
0,1,22,9,198,2543,0,0,0,0,0,1,0,0,0,0,0,0,0,0,0,0,28,36,0.0,0.0,0.0,0.0,1.0,0.0,0.06,93,255,1.0,0.0,0.01,0.01,0.0,0.0,0.0,0.0,0,123205.0
0,1,44,5,0,0,0,0,0,0,0,0,0,0,0,0,0,0,0,0,0,0,91,9,1.0,1.0,0.0,0.0,0.1,0.08,0.0,255,9,0.04,0.06,0.0,0.0,1.0,1.0,0.0,0.0,1,40968.0
3,1,49,9,1016,327,0,0,0,0,0,1,0,0,0,0,2,0,0,0,0,0,1,2,0.0,0.0,0.0,0.0,1.0,0.0,1.0,168,177,0.57,0.03,0.01,0.01,0.0,0.0,0.0,0.0,0,68340.0
0,1,22,9,300,283,0,0,0,0,0,1,0,0,0,0,0,0,0,0,0,0,1,1,0.0,0.0,0.0,0.0,1.0,0.0,0.0,177,255,1.0,0.0,0.01,0.02,0.0,0.0,0.0,0.0,0,78385.0
0,1,22,9,306,1380,0,0,0,0,0,1,0,0,0,0,0,0,0,0,0,0,3,41,0.0,0.0,0.0,0.0,1.0,0.0,0.05,255,226,0.89,0.01,0.0,0.0,0.0,0.0,0.0,0.0,0,25046.0
0,1,49,9,2273,335,0,0,0,0,0,1,0,0,0,0,1,0,0,0,0,0,1,1,0.0,0.0,0.0,0.0,1.0,0.0,0.0,235,166,0.66,0.01,0.0,0.01,0.0,0.01,0.0,0.0,0,14577.0
0,1,22,9,274,313,0,0,0,0,0,1,0,0,0,0,0,0,0,0,0,0,5,10,0.2,0.2,0.0,0.0,1.0,0.0,0.3,255,255,1.0,0.0,0.0,0.0,0.0,0.0,0.0,0.0,0,12890.0
3440,2,40,9,146,105,0,0,0,0,0,0,0,0,0,0,0,0,0,0,0,0,1,1,0.0,0.0,0.0,0.0,1.0,0.0,0.0,74,1,0.01,0.49,0.62,0.0,0.0,0.0,0.0,0.0,0,82017.0
0,1,33,1,0,0,0,0,0,0,0,0,0,0,0,0,0,0,0,0,0,0,249,1,0.0,0.0,1.0,1.0,0.0,0.53,0.0,255,1,0.0,0.52,0.98,0.0,0.0,0.0,0.99,1.0,1,109033.0
0,1,17,9,6,139,0,0,0,0,0,0,0,0,0,0,0,0,0,0,0,0,1,1,0.0,0.0,0.0,0.0,1.0,0.0,0.0,132,13,0.08,0.03,0.01,0.15,0.0,0.0,0.0,0.0,0,35822.0
0,1,44,5,0,0,0,0,0,0,0,0,0,0,0,0,0,0,0,0,0,0,132,6,1.0,1.0,0.0,0.0,0.05,0.06,0.0,255,6,0.02,0.07,0.0,0.0,1.0,1.0,0.0,0.0,1,55327.0
0,1,4,5,0,0,0,0,0,0,0,0,0,0,0,0,0,0,0,0,0,0,272,15,1.0,1.0,0.0,0.0,0.06,0.06,0.0,255,15,0.06,0.08,0.0,0.0,1.0,1.0,0.0,0.0,1,112525.0
0,1,5,5,0,0,0,0,0,0,0,0,0,0,0,0,0,0,0,0,0,0,147,18,1.0,1.0,0.0,0.0,0.12,0.05,0.0,255,18,0.07,0.05,0.0,0.0,1.0,1.0,0.0,0.0,1,102604.0
0,1,51,5,0,0,0,0,0,0,0,0,0,0,0,0,0,0,0,0,0,0,217,8,1.0,1.0,0.0,0.0,0.04,0.06,0.0,255,8,0.03,0.06,0.0,0.0,1.0,1.0,0.0,0.0,1,25280.0
0,1,57,9,0,4,0,0,0,0,0,0,0,0,0,0,0,0,0,0,0,0,1,1,0.0,0.0,0.0,0.0,1.0,0.0,0.0,14,14,1.0,0.0,0.07,0.0,0.07,0.07,0.0,0.0,0,76679.0
0,2,11,9,42,42,0,0,0,0,0,0,0,0,0,0,0,0,0,0,0,0,3,6,0.0,0.0,0.0,0.0,1.0,0.0,0.5,255,245,0.96,0.01,0.0,0.0,0.0,0.0,0.0,0.0,0,69290.0
0,1,22,9,265,400,0,0,0,2,0,1,0,0,0,0,0,0,0,0,0,0,1,4,0.0,0.0,0.0,0.0,1.0,0.0,0.5,3,3,1.0,0.0,0.33,0.0,0.0,0.0,0.0,0.0,0,78747.0
0,0,13,9,8,0,0,0,0,0,0,0,0,0,0,0,0,0,0,0,0,0,1,12,0.0,0.0,0.0,0.0,1.0,0.0,1.0,4,41,1.0,0.0,1.0,0.27,0.0,0.0,0.0,0.0,1,118637.0
0,1,22,9,276,1040,0,0,0,0,0,1,0,0,0,0,0,0,0,0,0,0,10,14,0.0,0.0,0.0,0.0,1.0,0.0,0.14,255,255,1.0,0.0,0.0,0.0,0.0,0.0,0.0,0.0,0,73028.0
0,2,11,9,45,119,0,0,0,0,0,0,0,0,0,0,0,0,0,0,0,0,107,107,0.0,0.0,0.0,0.0,1.0,0.0,0.0,255,252,0.99,0.01,0.0,0.0,0.0,0.0,0.0,0.0,0,75459.0
0,1,22,9,280,10188,0,0,0,0,0,1,0,0,0,0,0,0,0,0,0,0,1,8,0.0,0.0,0.0,0.0,1.0,0.0,0.25,194,255,1.0,0.0,0.01,0.01,0.0,0.0,0.02,0.02,0,105996.0
0,1,49,9,1008,330,0,0,0,0,0,1,0,0,0,0,0,0,0,0,0,0,1,1,0.0,0.0,0.0,0.0,1.0,0.0,0.0,139,122,0.6,0.02,0.01,0.02,0.0,0.0,0.0,0.0,0,78740.0
1,1,49,9,898,331,0,0,0,0,0,1,0,0,0,0,0,0,0,0,0,0,1,1,0.0,0.0,0.0,0.0,1.0,0.0,0.0,105,142,0.6,0.03,0.01,0.01,0.0,0.0,0.0,0.0,0,124180.0
0,1,61,5,0,0,0,0,0,0,0,0,0,0,0,0,0,0,0,0,0,0,254,6,1.0,1.0,0.0,0.0,0.02,0.06,0.0,255,15,0.06,0.07,0.0,0.0,1.0,1.0,0.0,0.0,1,100260.0
0,1,19,5,0,0,0,0,0,0,0,0,0,0,0,0,0,0,0,0,0,0,74,17,1.0,1.0,0.0,0.0,0.23,0.05,0.0,255,64,0.25,0.02,0.01,0.0,1.0,1.0,0.0,0.0,1,100696.0
0,1,22,9,232,5717,0,0,0,2,0,1,0,0,0,0,0,0,0,0,0,0,6,9,0.0,0.0,0.0,0.0,1.0,0.0,0.33,255,255,1.0,0.0,0.0,0.0,0.0,0.0,0.0,0.0,0,72773.0
0,0,13,9,8,0,0,0,0,0,0,0,0,0,0,0,0,0,0,0,0,0,1,2,0.0,0.0,0.0,0.0,1.0,0.0,1.0,2,129,1.0,0.0,1.0,0.5,0.0,0.0,0.0,0.0,1,21517.0
0,1,44,5,0,0,0,0,0,0,0,0,0,0,0,0,0,0,0,0,0,0,19,2,1.0,1.0,0.0,0.0,0.11,0.32,0.0,255,20,0.08,0.08,0.0,0.0,1.0,1.0,0.0,0.0,1,21268.0
0,2,11,9,44,112,0,0,0,0,0,0,0,0,0,0,0,0,0,0,0,0,212,214,0.0,0.0,0.0,0.0,1.0,0.01,0.01,255,255,1.0,0.0,0.0,0.0,0.0,0.0,0.0,0.0,0,107005.0
0,1,19,9,304,0,0,0,0,0,0,0,0,0,0,0,0,0,0,0,0,0,1,1,0.0,0.0,0.0,0.0,1.0,0.0,0.0,2,2,1.0,0.0,1.0,0.0,0.0,0.0,0.0,0.0,1,80068.0
0,1,22,9,291,709,0,0,0,0,0,1,0,0,0,0,0,0,0,0,0,0,36,36,0.0,0.0,0.0,0.0,1.0,0.0,0.0,36,255,1.0,0.0,0.03,0.05,0.0,0.0,0.0,0.0,0,12538.0
100,1,49,9,925,334,0,0,0,0,0,1,0,0,0,0,0,0,0,0,0,0,1,2,0.0,0.0,0.0,0.0,1.0,0.0,1.0,99,176,0.6,0.05,0.01,0.01,0.0,0.0,0.0,0.0,0,58270.0
0,1,44,5,0,0,0,0,0,0,0,0,0,0,0,0,0,0,0,0,0,0,194,14,1.0,1.0,0.0,0.0,0.07,0.06,0.0,255,14,0.05,0.07,0.0,0.0,1.0,1.0,0.0,0.0,1,29354.0
0,0,14,9,1032,0,0,0,0,0,0,0,0,0,0,0,0,0,0,0,0,0,200,200,0.0,0.0,0.0,0.0,1.0,0.0,0.0,255,3,0.01,0.18,0.01,0.0,0.0,0.0,0.0,0.0,1,124760.0
0,2,44,9,1,0,0,0,0,0,0,0,0,0,0,0,0,0,0,0,0,0,17,3,0.0,0.0,0.0,0.0,0.18,0.29,0.0,255,23,0.09,0.68,0.41,0.0,0.0,0.0,0.59,0.0,1,99204.0
0,1,49,9,1945,389,0,0,0,0,0,1,0,0,0,0,0,0,0,0,0,0,1,2,0.0,0.0,0.0,0.0,1.0,0.0,1.0,255,79,0.31,0.05,0.0,0.0,0.34,0.0,0.02,0.0,0,107732.0
0,1,25,1,0,0,0,0,0,0,0,0,0,0,0,0,0,0,0,0,0,0,249,11,0.0,0.0,1.0,1.0,0.04,0.07,0.0,255,11,0.04,0.07,0.0,0.0,0.0,0.0,1.0,1.0,1,43610.0
0,2,11,9,44,132,0,0,0,0,0,0,0,0,0,0,0,0,0,0,0,0,123,203,0.0,0.0,0.0,0.0,1.0,0.0,0.01,255,255,1.0,0.0,0.0,0.0,0.0,0.0,0.0,0.0,0,42412.0
0,1,61,5,0,0,0,0,0,0,0,0,0,0,0,0,0,0,0,0,0,0,126,15,1.0,1.0,0.0,0.0,0.12,0.06,0.0,255,15,0.06,0.05,0.0,0.0,1.0,1.0,0.0,0.0,1,100726.0
0,1,22,9,346,6529,0,0,0,0,0,1,0,0,0,0,0,0,0,0,0,0,1,18,0.0,0.0,0.0,0.0,1.0,0.0,0.28,6,255,1.0,0.0,0.17,0.04,0.0,0.0,0.0,0.0,0,98478.0
0,2,11,9,44,44,0,0,0,0,0,0,0,0,0,0,0,0,0,0,0,0,173,173,0.0,0.0,0.0,0.0,1.0,0.0,0.0,255,255,1.0,0.0,0.0,0.0,0.0,0.0,0.0,0.0,0,83214.0
0,1,9,2,0,0,0,0,0,0,0,0,0,0,0,0,0,0,0,0,0,0,247,1,0.0,0.0,1.0,1.0,0.0,0.07,0.0,255,1,0.0,0.08,0.0,0.0,0.0,0.0,1.0,1.0,1,29443.0
1527,2,40,9,146,105,0,0,0,0,0,0,0,0,0,0,0,0,0,0,0,0,1,1,0.0,0.0,0.0,0.0,1.0,0.0,0.0,255,1,0.0,0.64,0.94,0.0,0.0,0.0,0.0,0.0,0,40725.0
0,1,22,9,249,3649,0,0,0,0,0,1,0,0,0,0,0,0,0,0,0,0,1,1,0.0,0.0,0.0,0.0,1.0,0.0,0.0,13,79,1.0,0.0,0.08,0.06,0.0,0.0,0.0,0.0,0,27359.0
71,1,55,9,135,15993,0,0,0,0,0,1,0,0,0,0,0,0,0,0,0,0,1,1,0.0,0.0,0.0,0.0,1.0,0.0,0.0,179,3,0.02,0.11,0.01,0.0,0.01,0.33,0.0,0.0,0,86841.0
0,1,22,9,216,7384,0,0,0,0,0,1,0,0,0,0,0,0,0,0,0,0,21,21,0.0,0.0,0.0,0.0,1.0,0.0,0.0,255,255,1.0,0.0,0.0,0.0,0.0,0.0,0.0,0.0,0,112064.0
0,1,22,9,211,1281,0,0,0,0,0,1,0,0,0,0,0,0,0,0,0,0,13,13,0.0,0.0,0.0,0.0,1.0,0.0,0.0,13,255,1.0,0.0,0.08,0.05,0.0,0.0,0.0,0.0,0,28323.0
0,1,44,5,0,0,0,0,0,0,0,0,0,0,0,0,0,0,0,0,0,0,212,4,1.0,1.0,0.0,0.0,0.02,0.07,0.0,255,4,0.02,0.07,0.0,0.0,1.0,1.0,0.0,0.0,1,25031.0
0,1,49,9,1026,328,0,0,0,0,0,1,0,0,0,0,0,0,0,0,0,0,2,1,0.0,0.0,0.0,0.0,0.5,1.0,0.0,232,192,0.75,0.02,0.0,0.01,0.0,0.0,0.0,0.0,0,9037.0
0,1,22,9,337,188,0,0,0,0,0,1,0,0,0,0,0,0,0,0,0,0,1,1,0.0,0.0,0.0,0.0,1.0,0.0,0.0,17,255,1.0,0.0,0.06,0.05,0.0,0.0,0.0,0.0,0,2155.0
0,1,44,5,0,0,0,0,0,0,0,0,0,0,0,0,0,0,0,0,0,0,194,3,1.0,1.0,0.0,0.0,0.02,0.06,0.0,255,18,0.07,0.07,0.0,0.0,1.0,1.0,0.0,0.0,1,69050.0
0,1,32,5,0,0,0,0,0,0,0,0,0,0,0,0,0,0,0,0,0,0,98,24,1.0,1.0,0.0,0.0,0.24,0.07,0.0,255,24,0.09,0.06,0.0,0.0,1.0,1.0,0.0,0.0,1,38346.0
0,0,14,9,520,0,0,0,0,0,0,0,0,0,0,0,0,0,0,0,0,0,445,445,0.0,0.0,0.0,0.0,1.0,0.0,0.0,164,164,1.0,0.0,1.0,0.0,0.0,0.0,0.0,0.0,1,90267.0
915,2,40,9,147,105,0,0,0,0,0,0,0,0,0,0,0,0,0,0,0,0,1,1,0.0,0.0,0.0,0.0,1.0,0.0,0.0,255,1,0.0,0.53,0.93,0.0,0.0,0.0,0.0,0.0,0,2306.0
0,1,44,5,0,0,0,0,0,0,0,0,0,0,0,0,0,0,0,0,0,0,144,18,1.0,1.0,0.0,0.0,0.12,0.06,0.0,255,13,0.05,0.09,0.0,0.0,1.0,1.0,0.0,0.0,1,83243.0
0,1,44,1,0,0,0,0,0,0,0,0,0,0,0,0,0,0,0,0,0,0,328,1,0.03,0.0,0.95,1.0,0.0,1.0,0.0,255,1,0.0,1.0,0.0,0.0,0.04,0.0,0.96,1.0,1,62494.0
0,2,44,9,1,0,0,0,0,0,0,0,0,0,0,0,0,0,0,0,0,0,3,3,0.0,0.0,0.0,0.0,1.0,0.0,0.0,255,3,0.01,0.07,0.11,0.0,0.0,0.0,0.75,0.0,1,63632.0
0,1,22,1,0,0,0,0,0,0,0,0,0,0,0,0,0,0,0,0,0,0,1,2,0.0,0.0,1.0,1.0,1.0,0.0,1.0,2,255,1.0,0.0,0.5,0.1,0.0,0.0,1.0,1.0,0,52222.0
0,1,30,2,0,0,0,0,0,0,0,0,0,0,0,0,0,0,0,0,0,0,139,18,0.0,0.0,1.0,1.0,0.13,0.06,0.0,255,18,0.07,0.07,0.0,0.0,0.0,0.0,1.0,1.0,1,14347.0
0,1,22,9,232,2707,0,0,0,0,0,1,0,0,0,0,0,0,0,0,0,0,18,21,0.0,0.0,0.0,0.0,1.0,0.0,0.1,128,255,1.0,0.0,0.01,0.02,0.0,0.0,0.0,0.0,0,56933.0
0,1,44,5,0,0,0,0,0,0,0,0,0,0,0,0,0,0,0,0,0,0,146,16,1.0,1.0,0.0,0.0,0.11,0.05,0.0,255,13,0.05,0.07,0.0,0.0,1.0,1.0,0.0,0.0,1,73560.0
0,1,44,1,0,0,0,0,0,0,0,0,0,0,0,0,0,0,0,0,0,0,138,9,0.0,0.0,1.0,1.0,0.07,0.06,0.0,113,9,0.08,0.07,0.01,0.0,0.0,0.0,1.0,1.0,1,13833.0
0,1,22,9,236,397,0,0,0,0,0,1,0,0,0,0,0,0,0,0,0,0,16,16,0.0,0.0,0.0,0.0,1.0,0.0,0.0,255,255,1.0,0.0,0.0,0.0,0.0,0.0,0.0,0.0,0,109868.0
0,1,28,5,0,0,0,0,0,0,0,0,0,0,0,0,0,0,0,0,0,0,293,24,1.0,1.0,0.0,0.0,0.08,0.05,0.0,255,24,0.09,0.05,0.0,0.0,1.0,1.0,0.0,0.0,1,53008.0
0,1,22,9,229,14150,0,0,0,0,0,1,0,0,0,0,0,0,0,0,0,0,12,12,0.0,0.0,0.0,0.0,1.0,0.0,0.0,255,255,1.0,0.0,0.0,0.0,0.0,0.0,0.0,0.0,0,106745.0
0,1,34,5,0,0,0,0,0,0,0,0,0,0,0,0,0,0,0,0,0,0,221,10,1.0,1.0,0.0,0.0,0.05,0.06,0.0,255,10,0.04,0.07,0.0,0.0,1.0,1.0,0.0,0.0,1,64266.0
0,1,22,9,229,1107,0,0,0,0,0,1,0,0,0,0,0,0,0,0,0,0,6,6,0.0,0.0,0.0,0.0,1.0,0.0,0.0,6,255,1.0,0.0,0.17,0.05,0.0,0.0,0.0,0.0,0,14494.0
0,1,55,5,0,0,0,0,0,0,0,0,0,0,0,0,0,0,0,0,0,0,41,9,1.0,1.0,0.0,0.0,0.22,0.1,0.0,255,64,0.25,0.02,0.02,0.0,1.0,1.0,0.0,0.0,1,29406.0
0,2,11,9,46,46,0,0,0,0,0,0,0,0,0,0,0,0,0,0,0,0,92,153,0.0,0.0,0.0,0.0,1.0,0.0,0.03,255,255,1.0,0.0,0.01,0.0,0.0,0.0,0.0,0.0,0,18427.0
0,1,10,1,0,0,0,0,0,0,0,0,0,0,0,0,0,0,0,0,0,0,285,13,0.0,0.0,1.0,1.0,0.05,0.06,0.0,255,13,0.05,0.07,0.0,0.0,0.0,0.0,1.0,1.0,1,116592.0
0,1,22,9,327,883,0,0,0,0,0,1,0,0,0,0,0,0,0,0,0,0,3,3,0.0,0.0,0.0,0.0,1.0,0.0,0.0,255,255,1.0,0.0,0.0,0.0,0.0,0.0,0.0,0.0,0,10691.0
0,2,44,9,1,0,0,0,0,0,0,0,0,0,0,0,0,0,0,0,0,0,37,28,0.0,0.0,0.0,0.0,0.76,0.08,0.0,255,39,0.15,0.22,1.0,0.0,0.0,0.0,0.0,0.0,1,74557.0
0,0,14,9,30,0,0,0,0,0,0,0,0,0,0,0,0,0,0,0,0,0,2,2,0.0,0.0,0.0,0.0,1.0,0.0,0.0,151,151,1.0,0.0,1.0,0.0,0.0,0.0,0.0,0.0,0,56568.0
0,1,7,1,0,0,0,0,0,0,0,0,0,0,0,0,0,0,0,0,0,0,143,19,0.0,0.0,1.0,1.0,0.13,0.06,0.0,255,19,0.07,0.07,0.0,0.0,0.0,0.0,1.0,1.0,1,49858.0
0,1,28,5,0,0,0,0,0,0,0,0,0,0,0,0,0,0,0,0,0,0,265,22,1.0,1.0,0.0,0.0,0.08,0.05,0.0,255,22,0.09,0.05,0.0,0.0,1.0,1.0,0.0,0.0,1,5351.0
0,2,44,9,28,0,0,3,0,0,0,0,0,0,0,0,0,0,0,0,0,0,99,99,0.0,0.0,0.0,0.0,1.0,0.0,0.0,255,99,0.39,0.02,0.39,0.0,0.0,0.0,0.0,0.0,1,10883.0
0,1,40,5,0,0,0,0,0,0,0,0,0,0,0,0,0,0,0,0,0,0,217,5,1.0,1.0,0.0,0.0,0.02,0.07,0.0,255,5,0.02,0.08,0.0,0.0,1.0,1.0,0.0,0.0,1,110717.0
0,1,22,9,305,1075,0,0,0,0,0,1,0,0,0,0,0,0,0,0,0,0,3,3,0.0,0.0,0.0,0.0,1.0,0.0,0.0,162,153,0.94,0.01,0.01,0.0,0.01,0.01,0.0,0.0,0,92477.0
0,2,11,9,45,133,0,0,0,0,0,0,0,0,0,0,0,0,0,0,0,0,69,147,0.0,0.0,0.0,0.0,1.0,0.0,0.01,255,174,0.68,0.02,0.0,0.0,0.0,0.0,0.0,0.0,0,105560.0
0,1,28,5,0,0,0,0,0,0,0,0,0,0,0,0,0,0,0,0,0,0,263,23,1.0,1.0,0.0,0.0,0.09,0.05,0.0,255,23,0.09,0.05,0.0,0.0,1.0,1.0,0.0,0.0,1,80052.0
0,1,4,5,0,0,0,0,0,0,0,0,0,0,0,0,0,0,0,0,0,0,207,3,1.0,1.0,0.0,0.0,0.01,0.07,0.0,255,3,0.01,0.08,0.0,0.0,1.0,1.0,0.0,0.0,1,125461.0
0,1,44,1,0,0,0,0,0,0,0,0,0,0,0,0,0,0,0,0,0,0,3,1,0.0,0.0,0.67,1.0,0.33,1.0,0.0,230,1,0.0,0.04,0.01,0.0,0.0,0.0,0.02,1.0,1,78076.0
10,1,49,9,1557,335,0,0,0,0,0,1,0,0,0,0,0,0,0,0,0,0,2,3,0.0,0.0,0.0,0.0,1.0,0.0,0.67,231,143,0.52,0.02,0.0,0.01,0.0,0.0,0.0,0.0,0,122464.0
0,1,22,9,215,354,0,0,0,0,0,1,0,0,0,0,0,0,0,0,0,0,32,32,0.03,0.03,0.0,0.0,1.0,0.0,0.0,255,255,1.0,0.0,0.0,0.0,0.0,0.0,0.0,0.0,0,99423.0
0,1,22,9,236,1112,0,0,0,0,0,1,0,0,0,0,0,0,0,0,0,0,8,8,0.0,0.0,0.0,0.0,1.0,0.0,0.0,255,255,1.0,0.0,0.0,0.0,0.0,0.0,0.0,0.0,0,72104.0
0,1,36,1,0,0,0,0,0,0,0,0,0,0,0,0,0,0,0,0,0,0,266,8,0.0,0.0,1.0,1.0,0.03,0.06,0.0,255,8,0.03,0.07,0.0,0.0,0.0,0.0,1.0,1.0,1,113071.0
0,1,22,9,201,2209,0,0,0,0,0,1,0,0,0,0,0,0,0,0,0,0,1,1,0.0,0.0,0.0,0.0,1.0,0.0,0.0,1,1,1.0,0.0,1.0,0.0,0.0,0.0,0.0,0.0,0,86718.0
0,0,58,9,78,0,0,0,0,0,0,0,0,0,0,0,0,0,0,0,0,0,47,7,0.0,0.0,0.0,0.0,0.15,0.04,0.0,255,23,0.09,0.01,0.09,0.0,0.0,0.0,0.0,0.0,0,23794.0
0,1,22,9,341,390,0,0,0,0,0,1,0,0,0,0,0,0,0,0,0,0,5,5,0.0,0.0,0.0,0.0,1.0,0.0,0.0,255,255,1.0,0.0,0.0,0.0,0.0,0.0,0.0,0.0,0,55243.0
0,1,44,1,0,0,0,0,0,0,0,0,0,0,0,0,0,0,0,0,0,0,112,1,0.0,0.0,1.0,1.0,0.01,0.07,0.0,255,1,0.0,0.07,0.0,0.0,0.0,0.0,1.0,1.0,1,90394.0
0,1,22,9,204,1395,0,0,0,0,0,1,0,0,0,0,0,0,0,0,0,0,9,9,0.0,0.0,0.0,0.0,1.0,0.0,0.0,93,255,1.0,0.0,0.01,0.06,0.0,0.01,0.0,0.0,0,82610.0
0,1,22,9,159,9569,0,0,0,0,0,1,0,0,0,0,0,0,0,0,0,0,1,1,0.0,0.0,0.0,0.0,1.0,0.0,0.0,21,255,1.0,0.0,0.05,0.01,0.0,0.0,0.0,0.0,0,119371.0
0,1,22,9,289,594,0,0,0,0,0,1,0,0,0,0,0,0,0,0,0,0,1,18,0.0,0.0,0.0,0.0,1.0,0.0,0.17,16,255,1.0,0.0,0.06,0.04,0.0,0.0,0.0,0.0,0,65948.0
0,1,44,5,0,0,0,0,0,0,0,0,0,0,0,0,0,0,0,0,0,0,26,2,1.0,1.0,0.0,0.0,0.08,0.19,0.0,255,15,0.06,0.08,0.0,0.0,1.0,1.0,0.0,0.0,1,104095.0
0,1,35,1,0,0,0,0,0,0,0,0,0,0,0,0,0,0,0,0,0,0,235,1,0.0,0.0,1.0,1.0,0.0,0.07,0.0,255,1,0.0,0.07,0.0,0.0,0.0,0.0,1.0,1.0,1,47435.0
0,1,44,5,0,0,0,0,0,0,0,0,0,0,0,0,0,0,0,0,0,0,190,8,1.0,1.0,0.0,0.0,0.04,0.06,0.0,229,8,0.03,0.07,0.0,0.0,0.94,1.0,0.0,0.0,1,109668.0
0,1,2,5,0,0,0,0,0,0,0,0,0,0,0,0,0,0,0,0,0,0,233,12,1.0,1.0,0.0,0.0,0.05,0.05,0.0,255,12,0.05,0.06,0.0,0.0,1.0,1.0,0.0,0.0,1,40085.0
0,1,44,1,0,0,0,0,0,0,0,0,0,0,0,0,0,0,0,0,0,0,228,5,0.0,0.0,1.0,1.0,0.02,0.07,0.0,255,5,0.02,0.09,0.0,0.0,0.0,0.0,1.0,1.0,1,38978.0
0,1,22,9,205,3159,0,0,0,0,0,1,0,0,0,0,0,0,0,0,0,0,25,25,0.0,0.0,0.0,0.0,1.0,0.0,0.0,255,255,1.0,0.0,0.0,0.0,0.0,0.0,0.0,0.0,0,37196.0
0,1,8,2,0,0,0,0,0,0,0,0,0,0,0,0,0,0,0,0,0,0,259,10,0.0,0.0,1.0,1.0,0.04,0.06,0.0,255,10,0.04,0.06,0.0,0.0,0.0,0.0,1.0,1.0,1,27095.0
0,1,8,5,0,0,0,0,0,0,0,0,0,0,0,0,0,0,0,0,0,0,293,10,1.0,1.0,0.0,0.0,0.03,0.05,0.0,255,8,0.03,0.08,0.0,0.0,1.0,1.0,0.0,0.0,1,18526.0
0,1,33,5,0,0,0,0,0,0,0,0,0,0,0,0,0,0,0,0,0,0,247,18,1.0,1.0,0.0,0.0,0.07,0.06,0.0,255,1,0.0,0.07,0.0,0.0,1.0,1.0,0.0,0.0,1,75448.0
0,1,49,9,1652,458,0,0,0,0,0,1,0,0,0,0,0,0,0,0,0,0,1,3,0.0,0.0,0.0,0.0,1.0,0.0,1.0,93,195,0.85,0.04,0.01,0.01,0.0,0.0,0.0,0.0,0,89293.0
0,1,22,9,206,585,0,0,0,0,0,1,0,0,0,0,0,0,0,0,0,0,8,8,0.0,0.0,0.0,0.0,1.0,0.0,0.0,8,255,1.0,0.0,0.12,0.04,0.0,0.0,0.0,0.0,0,100502.0
0,1,44,5,0,0,0,0,0,0,0,0,0,0,0,0,0,0,0,0,0,0,132,19,1.0,1.0,0.0,0.0,0.14,0.05,0.0,255,7,0.03,0.07,0.0,0.0,1.0,1.0,0.0,0.0,1,121750.0
0,1,22,9,300,669,0,0,0,0,0,1,0,0,0,0,0,0,0,0,0,0,1,1,0.0,0.0,0.0,0.0,1.0,0.0,0.0,1,255,1.0,0.0,1.0,0.03,0.0,0.0,0.0,0.0,0,55797.0
0,1,22,9,324,12922,0,0,0,0,0,1,0,0,0,0,0,0,0,0,0,0,12,32,0.0,0.0,0.0,0.0,1.0,0.0,0.19,255,255,1.0,0.0,0.0,0.0,0.0,0.0,0.0,0.0,0,85472.0
0,1,22,9,275,833,0,0,0,0,0,1,0,0,0,0,0,0,0,0,0,0,4,4,0.0,0.0,0.0,0.0,1.0,0.0,0.0,175,255,1.0,0.0,0.01,0.02,0.0,0.0,0.0,0.0,0,19271.0
0,1,22,9,284,13038,0,0,0,0,0,1,0,0,0,0,0,0,0,0,0,0,1,1,0.0,0.0,0.0,0.0,1.0,0.0,0.0,8,110,1.0,0.0,0.12,0.05,0.0,0.0,0.0,0.01,0,16189.0
0,1,22,9,300,1451,0,0,0,0,0,1,0,0,0,0,0,0,0,0,0,0,6,7,0.0,0.0,0.0,0.0,1.0,0.0,0.29,30,255,1.0,0.0,0.03,0.03,0.03,0.0,0.0,0.0,0,118136.0
0,1,22,1,0,0,0,0,0,0,0,0,0,0,0,0,0,0,0,0,0,0,1,1,0.0,0.0,1.0,1.0,1.0,0.0,0.0,32,255,1.0,0.0,0.03,0.12,0.0,0.0,1.0,0.99,0,102010.0
9,1,19,9,0,5149533,0,0,0,0,0,0,0,0,0,0,0,0,0,0,0,0,1,1,0.0,0.0,0.0,0.0,1.0,0.0,0.0,14,14,1.0,0.0,1.0,0.0,0.0,0.0,0.0,0.0,1,7307.0
0,1,52,5,0,0,0,0,0,0,0,0,0,0,0,0,0,0,0,0,0,0,136,7,1.0,1.0,0.0,0.0,0.05,0.06,0.0,255,1,0.0,0.07,0.0,0.0,1.0,1.0,0.0,0.0,1,65918.0
0,1,44,5,0,0,0,0,0,0,0,0,0,0,0,0,0,0,0,0,0,0,27,1,1.0,1.0,0.0,0.0,0.04,0.22,0.0,255,11,0.04,0.09,0.0,0.0,1.0,1.0,0.0,0.0,1,50443.0
0,1,22,9,315,788,0,0,0,0,0,1,0,0,0,0,0,0,0,0,0,0,2,2,0.0,0.0,0.0,0.0,1.0,0.0,0.0,255,255,1.0,0.0,0.0,0.0,0.0,0.0,0.0,0.0,0,74077.0
179,1,22,9,294,256,0,0,0,0,0,1,0,0,0,0,0,0,0,0,0,0,2,2,0.0,0.0,0.0,0.0,1.0,0.0,0.0,255,246,0.96,0.01,0.0,0.0,0.0,0.0,0.0,0.0,0,66098.0
0,1,22,9,323,1142,0,0,0,0,0,1,0,0,0,0,0,0,0,0,0,0,19,60,0.0,0.0,0.0,0.0,1.0,0.0,0.08,90,102,1.0,0.0,0.01,0.05,0.01,0.02,0.0,0.0,0,27454.0
0,1,22,9,323,1444,0,0,0,0,0,1,0,0,0,0,0,0,0,0,0,0,7,7,0.0,0.0,0.0,0.0,1.0,0.0,0.0,255,255,1.0,0.0,0.0,0.0,0.0,0.0,0.0,0.0,0,79973.0
0,1,44,5,0,0,0,0,0,0,0,0,0,0,0,0,0,0,0,0,0,0,114,12,1.0,1.0,0.0,0.0,0.11,0.08,0.0,255,12,0.05,0.08,0.0,0.0,1.0,1.0,0.0,0.0,1,117021.0
0,0,14,9,1032,0,0,0,0,0,0,0,0,0,0,0,0,0,0,0,0,0,511,511,0.0,0.0,0.0,0.0,1.0,0.0,0.0,255,189,0.74,0.16,0.74,0.0,0.0,0.0,0.0,0.0,1,44459.0
0,0,14,9,1480,0,0,1,0,0,0,0,0,0,0,0,0,0,0,0,0,0,20,20,0.0,0.0,0.0,0.0,1.0,0.0,0.0,255,20,0.08,0.02,0.08,0.0,0.0,0.0,0.0,0.0,1,20250.0
0,1,22,5,0,0,0,0,0,0,0,0,0,0,0,0,0,0,0,0,0,0,2,2,0.5,0.5,0.0,0.0,1.0,0.0,0.0,13,255,1.0,0.0,0.15,0.05,0.08,0.01,0.0,0.0,0,105228.0
0,1,3,5,0,0,0,0,0,0,0,0,0,0,0,0,0,0,0,0,0,0,203,2,1.0,1.0,0.0,0.0,0.01,0.05,0.0,255,2,0.01,0.05,0.0,0.0,1.0,1.0,0.0,0.0,1,104622.0
0,1,44,5,0,0,0,0,0,0,0,0,0,0,0,0,0,0,0,0,0,0,267,4,1.0,1.0,0.0,0.0,0.01,0.06,0.0,255,1,0.0,0.04,0.0,0.0,1.0,1.0,0.0,0.0,1,1819.0
0,1,62,5,0,0,0,0,0,0,0,0,0,0,0,0,0,0,0,0,0,0,203,10,1.0,1.0,0.0,0.0,0.05,0.05,0.0,255,10,0.04,0.05,0.0,0.0,1.0,1.0,0.0,0.0,1,104115.0
0,1,44,1,0,0,0,0,0,0,0,0,0,0,0,0,0,0,0,0,0,0,134,20,0.0,0.0,1.0,1.0,0.15,0.06,0.0,255,20,0.08,0.07,0.0,0.0,0.0,0.0,1.0,1.0,1,94631.0
0,1,22,9,221,494,0,0,0,0,0,1,0,0,0,0,0,0,0,0,0,0,23,26,0.0,0.0,0.0,0.0,1.0,0.0,0.08,255,255,1.0,0.0,0.0,0.0,0.0,0.0,0.0,0.0,0,99059.0
0,1,22,9,336,920,0,0,0,0,0,1,0,0,0,0,0,0,0,0,0,0,9,12,0.11,0.08,0.0,0.0,1.0,0.0,0.17,255,255,1.0,0.0,0.0,0.0,0.01,0.01,0.0,0.0,0,48577.0
0,1,55,5,0,0,0,0,0,0,0,0,0,0,0,0,0,0,0,0,0,0,45,10,1.0,1.0,0.0,0.0,0.22,0.09,0.0,255,24,0.09,0.06,0.01,0.0,1.0,1.0,0.0,0.0,1,75815.0
1,1,49,9,2265,278,0,0,0,0,0,1,0,0,0,0,0,0,0,0,0,0,1,1,0.0,0.0,0.0,0.0,1.0,0.0,0.0,196,158,0.66,0.04,0.01,0.01,0.0,0.0,0.01,0.0,0,34557.0
0,2,11,9,46,77,0,0,0,0,0,0,0,0,0,0,0,0,0,0,0,0,242,243,0.0,0.0,0.0,0.0,1.0,0.0,0.01,255,199,0.78,0.01,0.0,0.0,0.0,0.0,0.0,0.0,0,40691.0
0,2,11,9,29,29,0,0,0,0,0,0,0,0,0,0,0,0,0,0,0,0,1,3,0.0,0.0,0.0,0.0,1.0,0.0,1.0,4,3,0.75,0.5,0.25,0.0,0.0,0.0,0.0,0.0,0,118917.0
0,1,53,1,0,0,0,0,0,0,0,0,0,0,0,0,0,0,0,0,0,0,201,1,0.0,0.0,1.0,1.0,0.0,0.06,0.0,255,1,0.0,0.08,0.0,0.0,0.0,0.0,1.0,1.0,1,11822.0
0,1,9,5,0,0,0,0,0,0,0,0,0,0,0,0,0,0,0,0,0,0,278,24,1.0,1.0,0.0,0.0,0.09,0.05,0.0,255,24,0.09,0.05,0.0,0.0,1.0,1.0,0.0,0.0,1,94055.0
0,1,44,5,0,0,0,0,0,0,0,0,0,0,0,0,0,0,0,0,0,0,293,17,1.0,1.0,0.0,0.0,0.06,0.05,0.0,255,4,0.02,0.08,0.0,0.0,1.0,1.0,0.0,0.0,1,58155.0
0,2,44,9,105,146,0,0,0,0,0,0,0,0,0,0,0,0,0,0,0,0,5,1,0.0,0.0,0.0,0.0,0.2,0.4,0.0,255,233,0.91,0.01,0.0,0.0,0.0,0.0,0.0,0.0,0,24360.0
2440,2,40,9,145,105,0,0,0,0,0,0,0,0,0,0,0,0,0,0,0,0,1,1,0.0,0.0,0.0,0.0,1.0,0.0,0.0,255,1,0.0,0.69,0.97,0.0,0.0,0.0,0.0,0.0,0,25295.0
0,2,11,9,36,101,0,0,0,0,0,0,0,0,0,0,0,0,0,0,0,0,1,1,0.0,0.0,0.0,0.0,1.0,0.0,0.0,255,234,0.92,0.01,0.0,0.0,0.0,0.0,0.02,0.0,0,54177.0
0,2,44,9,105,147,0,0,0,0,0,0,0,0,0,0,0,0,0,0,0,0,1,1,0.0,0.0,0.0,0.0,1.0,0.0,0.0,100,99,0.99,0.02,0.02,0.0,0.0,0.0,0.0,0.0,0,83494.0
0,1,16,5,0,0,0,0,0,0,0,0,0,0,0,0,0,0,0,0,0,0,129,20,1.0,1.0,0.0,0.0,0.16,0.05,0.0,255,20,0.08,0.06,0.0,0.0,1.0,1.0,0.0,0.0,1,20345.0
2,1,49,9,1448,331,0,0,0,0,0,1,0,0,0,0,0,0,0,0,0,0,1,4,0.0,0.0,0.0,0.0,1.0,0.0,1.0,37,34,0.92,0.05,0.03,0.0,0.0,0.0,0.0,0.0,0,87262.0
0,1,55,2,0,0,0,0,0,0,0,0,0,0,0,0,0,0,0,0,0,0,124,7,0.0,0.0,1.0,1.0,0.06,0.06,0.0,255,2,0.01,0.07,0.0,0.0,0.0,0.0,1.0,1.0,1,122725.0
0,1,44,1,0,0,0,0,0,0,0,0,0,0,0,0,0,0,0,0,0,0,1,1,0.0,0.0,1.0,1.0,1.0,0.0,0.0,255,1,0.0,0.81,0.79,0.0,0.0,0.0,0.79,1.0,1,107462.0
0,1,60,1,0,0,0,0,0,0,0,0,0,0,0,0,0,0,0,0,0,0,230,13,0.0,0.0,1.0,1.0,0.06,0.07,0.0,255,13,0.05,0.07,0.0,0.0,0.0,0.0,1.0,1.0,1,123123.0
0,1,22,1,0,0,0,0,0,0,0,0,0,0,0,0,0,0,0,0,0,0,1,1,0.0,0.0,1.0,1.0,1.0,0.0,0.0,4,255,1.0,0.0,0.25,0.11,0.0,0.0,1.0,0.67,0,35130.0
0,0,13,9,18,0,0,0,0,0,0,0,0,0,0,0,0,0,0,0,0,0,1,1,0.0,0.0,0.0,0.0,1.0,0.0,0.0,3,3,1.0,0.0,1.0,0.0,0.0,0.0,0.0,0.0,1,23504.0
0,1,22,9,238,289,0,0,0,0,0,1,0,0,0,0,0,0,0,0,0,0,16,17,0.0,0.0,0.0,0.0,1.0,0.0,0.12,255,255,1.0,0.0,0.0,0.0,0.0,0.0,0.0,0.0,0,8539.0
0,1,10,5,0,0,0,0,0,0,0,0,0,0,0,0,0,0,0,0,0,0,276,17,1.0,1.0,0.0,0.0,0.06,0.07,0.0,255,17,0.07,0.08,0.0,0.0,1.0,1.0,0.0,0.0,1,48861.0
0,1,20,5,0,0,0,0,0,0,0,0,0,0,0,0,0,0,0,0,0,0,138,2,1.0,1.0,0.0,0.0,0.01,0.06,0.0,255,4,0.02,0.07,0.0,0.0,1.0,1.0,0.0,0.0,1,101718.0
0,1,22,9,253,405,0,0,0,0,0,1,0,0,0,0,0,0,0,0,0,0,1,1,0.0,0.0,0.0,0.0,1.0,0.0,0.0,9,250,1.0,0.0,0.11,0.01,0.0,0.0,0.0,0.0,0,8207.0
0,1,61,5,0,0,0,0,0,0,0,0,0,0,0,0,0,0,0,0,0,0,211,2,1.0,1.0,0.0,0.0,0.01,0.06,0.0,255,18,0.07,0.07,0.0,0.0,1.0,1.0,0.0,0.0,1,117951.0
0,1,38,5,0,0,0,0,0,0,0,0,0,0,0,0,0,0,0,0,0,0,296,7,1.0,1.0,0.0,0.0,0.02,0.05,0.0,255,2,0.01,0.07,0.0,0.0,1.0,1.0,0.0,0.0,1,59184.0
0,1,22,9,185,1391,0,0,0,0,0,1,0,0,0,0,0,0,0,0,0,0,5,6,0.0,0.0,0.0,0.0,1.0,0.0,0.33,25,255,1.0,0.0,0.04,0.03,0.0,0.0,0.0,0.0,0,125227.0
2644,2,40,9,147,105,0,0,0,0,0,0,0,0,0,0,0,0,0,0,0,0,1,1,0.0,0.0,0.0,0.0,1.0,0.0,0.0,255,1,0.0,0.84,1.0,0.0,0.0,0.0,0.0,0.0,0,125675.0
0,1,22,9,192,16287,0,0,0,0,0,1,0,0,0,0,0,0,0,0,0,0,4,4,0.0,0.0,0.0,0.0,1.0,0.0,0.0,14,255,1.0,0.0,0.07,0.01,0.0,0.0,0.0,0.0,0,120703.0
0,1,49,9,1358,325,0,0,0,0,0,1,0,0,0,0,0,0,0,0,0,0,1,1,0.0,0.0,0.0,0.0,1.0,0.0,0.0,2,2,1.0,0.0,0.5,0.0,0.0,0.0,0.0,0.0,0,82136.0
0,1,22,9,270,7321,0,0,0,0,0,1,0,0,0,0,0,0,0,0,0,0,5,16,0.0,0.0,0.0,0.0,1.0,0.0,0.25,172,255,1.0,0.0,0.01,0.02,0.01,0.01,0.01,0.0,0,24103.0
0,1,22,9,309,1906,0,0,0,0,0,1,0,0,0,0,0,0,0,0,0,0,1,1,0.0,0.0,0.0,0.0,1.0,0.0,0.0,13,255,1.0,0.0,0.08,0.03,0.0,0.0,0.0,0.0,0,95375.0
0,1,19,1,0,0,0,0,0,0,0,0,0,0,0,0,0,0,0,0,0,0,467,13,0.07,0.0,0.9,1.0,0.03,0.97,0.0,255,12,0.05,0.96,0.0,0.0,0.08,0.0,0.92,1.0,1,80686.0
0,2,11,9,45,45,0,0,0,0,0,0,0,0,0,0,0,0,0,0,0,0,130,130,0.0,0.0,0.0,0.0,1.0,0.0,0.0,255,205,0.8,0.01,0.01,0.0,0.0,0.0,0.0,0.0,0,48398.0
0,2,11,9,46,129,0,0,0,0,0,0,0,0,0,0,0,0,0,0,0,0,212,211,0.0,0.0,0.0,0.0,1.0,0.01,0.0,101,68,0.67,0.02,0.01,0.0,0.0,0.0,0.0,0.0,0,41466.0
0,1,55,5,0,0,0,0,0,0,0,0,0,0,0,0,0,0,0,0,0,0,11,3,1.0,1.0,0.0,0.0,0.27,0.18,0.0,255,45,0.18,0.04,0.0,0.0,1.0,1.0,0.0,0.0,1,34597.0
0,1,52,5,0,0,0,0,0,0,0,0,0,0,0,0,0,0,0,0,0,0,102,2,1.0,1.0,0.0,0.0,0.02,0.05,0.0,255,2,0.01,0.05,0.0,0.0,1.0,1.0,0.0,0.0,1,54461.0
0,1,22,9,309,280,0,0,0,0,0,1,0,0,0,0,0,0,0,0,0,0,4,6,0.0,0.0,0.0,0.0,1.0,0.0,0.33,255,255,1.0,0.0,0.0,0.0,0.0,0.0,0.0,0.0,0,56556.0
38998,1,44,4,1,0,0,0,0,0,0,0,0,0,0,0,0,0,0,0,0,0,2,2,0.0,0.0,1.0,1.0,1.0,0.0,0.0,255,2,0.01,0.51,1.0,0.0,0.0,0.0,1.0,1.0,1,38455.0
0,1,22,9,144,51836,0,0,0,0,0,1,0,0,0,0,0,0,0,0,0,0,1,1,0.0,0.0,0.0,0.0,1.0,0.0,0.0,255,255,1.0,0.0,0.0,0.0,0.0,0.0,0.0,0.0,0,84965.0
0,1,49,9,11587,1548,0,0,0,0,0,1,0,0,0,0,0,0,0,0,0,0,1,1,0.0,0.0,0.0,0.0,1.0,0.0,0.0,255,78,0.31,0.33,0.0,0.0,0.33,0.0,0.0,0.0,0,103200.0
0,2,44,9,105,147,0,0,0,0,0,0,0,0,0,0,0,0,0,0,0,0,1,1,0.0,0.0,0.0,0.0,1.0,0.0,0.0,185,183,0.99,0.01,0.01,0.0,0.0,0.0,0.0,0.0,0,72275.0
0,2,11,9,45,75,0,0,0,0,0,0,0,0,0,0,0,0,0,0,0,0,208,208,0.0,0.0,0.0,0.0,1.0,0.01,0.01,255,254,1.0,0.01,0.0,0.0,0.0,0.0,0.0,0.0,0,49645.0
0,1,22,9,251,271,0,0,0,0,0,1,0,0,0,0,0,0,0,0,0,0,3,5,0.0,0.0,0.33,0.0,0.67,0.67,0.6,255,245,0.96,0.01,0.0,0.0,0.0,0.0,0.0,0.0,0,57233.0
0,1,17,5,0,0,0,0,0,0,0,0,0,0,0,0,0,0,0,0,0,0,6,3,1.0,1.0,0.0,0.0,0.5,0.33,0.0,255,63,0.25,0.03,0.0,0.0,1.0,1.0,0.0,0.0,1,72184.0
0,1,62,5,0,0,0,0,0,0,0,0,0,0,0,0,0,0,0,0,0,0,215,17,1.0,1.0,0.0,0.0,0.08,0.06,0.0,255,17,0.07,0.07,0.0,0.0,1.0,1.0,0.0,0.0,1,87402.0
0,2,11,9,44,85,0,0,0,0,0,0,0,0,0,0,0,0,0,0,0,0,151,156,0.0,0.0,0.0,0.0,1.0,0.0,0.01,255,254,1.0,0.01,0.0,0.0,0.0,0.0,0.0,0.0,0,113893.0
0,1,22,9,321,7886,0,0,0,0,0,1,0,0,0,0,0,0,0,0,0,0,21,35,0.0,0.0,0.0,0.0,1.0,0.0,0.06,255,255,1.0,0.0,0.0,0.0,0.0,0.0,0.0,0.0,0,7737.0
3,1,49,9,1213,361,0,0,0,0,0,1,0,0,0,0,0,0,0,0,0,0,1,1,0.0,0.0,0.0,0.0,1.0,0.0,0.0,88,54,0.61,0.05,0.01,0.0,0.0,0.0,0.0,0.0,0,5024.0
0,2,44,9,28,0,0,3,0,0,0,0,0,0,0,0,0,0,0,0,0,0,30,30,0.0,0.0,0.0,0.0,1.0,0.0,0.0,255,30,0.12,0.02,0.12,0.0,0.0,0.0,0.0,0.0,1,41725.0
4814,1,0,4,1000,5740,0,0,0,0,0,0,0,0,0,0,0,0,0,0,0,0,1,1,0.0,0.0,1.0,1.0,1.0,0.0,0.0,32,13,0.41,0.06,0.03,0.0,0.03,0.08,0.38,0.92,0,23133.0
0,1,55,5,0,0,0,0,0,0,0,0,0,0,0,0,0,0,0,0,0,0,13,3,1.0,1.0,0.0,0.0,0.23,0.31,0.0,175,46,0.26,0.02,0.01,0.04,0.99,0.93,0.0,0.0,1,70020.0
0,1,44,1,0,0,0,0,0,0,0,0,0,0,0,0,0,0,0,0,0,0,144,16,0.0,0.0,1.0,1.0,0.11,0.06,0.0,255,16,0.06,0.07,0.0,0.0,0.0,0.0,1.0,1.0,1,124383.0
0,1,44,4,0,0,0,0,0,0,0,0,0,0,0,0,0,0,0,0,0,0,1,1,0.0,0.0,1.0,1.0,1.0,0.0,0.0,255,1,0.0,0.29,0.57,0.0,0.0,0.0,0.57,1.0,1,16193.0
1,1,49,9,1703,334,0,0,0,0,0,1,0,0,0,0,0,0,0,0,0,0,1,2,0.0,0.0,0.0,0.0,1.0,0.0,1.0,100,205,0.71,0.03,0.01,0.01,0.0,0.0,0.0,0.0,0,54727.0
0,1,44,5,0,0,0,0,0,0,0,0,0,0,0,0,0,0,0,0,0,0,267,2,1.0,1.0,0.0,0.0,0.01,0.06,0.0,255,4,0.02,0.07,0.0,0.0,1.0,1.0,0.0,0.0,1,8823.0
0,1,22,9,202,2158,0,0,0,0,0,1,0,0,0,0,0,0,0,0,0,0,27,27,0.0,0.0,0.0,0.0,1.0,0.0,0.0,27,255,1.0,0.0,0.04,0.05,0.0,0.0,0.0,0.0,0,106600.0
0,2,44,9,28,0,0,3,0,0,0,0,0,0,0,0,0,0,0,0,0,0,54,54,0.0,0.0,0.0,0.0,1.0,0.0,0.0,255,21,0.08,0.01,0.08,0.0,0.0,0.0,0.0,0.0,1,95391.0
0,1,25,5,0,0,0,0,0,0,0,0,0,0,0,0,0,0,0,0,0,0,264,10,1.0,1.0,0.0,0.0,0.04,0.05,0.0,255,10,0.04,0.05,0.0,0.0,1.0,1.0,0.0,0.0,1,110992.0
0,1,44,4,0,0,0,0,0,0,0,0,0,0,0,0,0,0,0,0,0,0,1,1,0.0,0.0,1.0,1.0,1.0,0.0,0.0,77,1,0.01,0.39,0.38,0.0,0.08,0.0,0.35,1.0,1,118401.0
0,1,44,5,0,0,0,0,0,0,0,0,0,0,0,0,0,0,0,0,0,0,239,23,1.0,1.0,0.0,0.0,0.1,0.05,0.0,180,23,0.13,0.07,0.01,0.0,0.92,1.0,0.01,0.0,1,103400.0
0,0,14,9,1032,0,0,0,0,0,0,0,0,0,0,0,0,0,0,0,0,0,308,308,0.0,0.0,0.0,0.0,1.0,0.0,0.0,255,255,1.0,0.0,1.0,0.0,0.0,0.0,0.0,0.0,1,78287.0
0,1,22,9,212,4210,0,0,0,0,0,1,0,0,0,0,0,0,0,0,0,0,3,3,0.0,0.0,0.0,0.0,1.0,0.0,0.0,33,255,1.0,0.0,0.03,0.05,0.0,0.0,0.0,0.0,0,72707.0
0,1,23,1,0,0,0,0,0,0,0,0,0,0,0,0,0,0,0,0,0,0,102,2,0.0,0.0,1.0,1.0,0.02,0.07,0.0,255,2,0.01,0.06,0.0,0.0,0.0,0.0,1.0,1.0,1,19922.0
0,2,11,9,44,72,0,0,0,0,0,0,0,0,0,0,0,0,0,0,0,0,46,46,0.0,0.0,0.0,0.0,1.0,0.0,0.0,255,255,1.0,0.0,0.0,0.0,0.0,0.0,0.0,0.0,0,85135.0
0,0,13,9,18,0,0,0,0,0,0,0,0,0,0,0,0,0,0,0,0,0,1,1,0.0,0.0,0.0,0.0,1.0,0.0,0.0,1,178,1.0,0.0,1.0,1.0,0.0,0.0,0.0,0.0,1,15869.0
0,1,44,5,0,0,0,0,0,0,0,0,0,0,0,0,0,0,0,0,0,0,225,18,1.0,1.0,0.0,0.0,0.08,0.06,0.0,255,5,0.02,0.07,0.0,0.0,1.0,1.0,0.0,0.0,1,80958.0
0,1,22,9,308,261,0,0,0,0,0,1,0,0,0,0,0,0,0,0,0,0,8,8,0.0,0.0,0.0,0.0,1.0,0.0,0.0,255,255,1.0,0.0,0.0,0.0,0.0,0.0,0.0,0.0,0,39781.0
0,1,18,5,0,0,0,0,0,0,0,0,0,0,0,0,0,0,0,0,0,0,246,8,1.0,1.0,0.0,0.0,0.03,0.07,0.0,255,8,0.03,0.07,0.0,0.0,1.0,1.0,0.0,0.0,1,107918.0
0,1,24,5,0,0,0,0,0,0,0,0,0,0,0,0,0,0,0,0,0,0,277,8,1.0,1.0,0.0,0.0,0.03,0.06,0.0,255,8,0.03,0.07,0.0,0.0,1.0,1.0,0.0,0.0,1,34786.0
30,1,18,9,1476,4152,0,0,0,30,0,1,0,0,0,0,0,0,0,0,0,1,1,1,0.0,0.0,0.0,0.0,1.0,0.0,0.0,139,41,0.29,0.02,0.01,0.0,0.0,0.0,0.0,0.0,0,86108.0
0,0,14,9,1032,0,0,0,0,0,0,0,0,0,0,0,0,0,0,0,0,0,511,511,0.0,0.0,0.0,0.0,1.0,0.0,0.0,157,12,0.08,0.02,0.08,0.0,0.0,0.0,0.0,0.0,1,39797.0
0,1,19,9,383,0,0,0,0,0,0,0,0,0,0,0,0,0,0,0,0,0,2,2,0.0,0.0,0.0,0.0,1.0,0.0,0.0,255,131,0.51,0.01,0.51,0.0,0.0,0.01,0.0,0.0,0,21464.0
0,1,22,9,339,832,0,0,0,0,0,1,0,0,0,0,0,0,0,0,0,0,11,11,0.0,0.0,0.0,0.0,1.0,0.0,0.0,11,118,1.0,0.0,0.09,0.12,0.0,0.01,0.0,0.0,0,67687.0
0,1,54,5,0,0,0,0,0,0,0,0,0,0,0,0,0,0,0,0,0,0,214,25,1.0,1.0,0.0,0.0,0.12,0.06,0.0,255,25,0.1,0.06,0.0,0.0,1.0,1.0,0.0,0.0,1,81467.0
0,1,22,5,0,0,0,0,0,0,0,0,0,0,0,0,0,0,0,0,0,0,2,2,0.5,0.5,0.0,0.0,1.0,0.0,0.0,178,255,1.0,0.0,0.01,0.01,0.01,0.01,0.0,0.0,0,33270.0
0,1,29,1,0,0,0,0,0,0,0,0,0,0,0,0,0,0,0,0,0,0,273,9,0.0,0.0,1.0,1.0,0.03,0.06,0.0,255,9,0.04,0.07,0.0,0.0,0.0,0.0,1.0,1.0,1,61584.0
0,1,15,1,0,0,0,0,0,0,0,0,0,0,0,0,0,0,0,0,0,0,126,9,0.0,0.0,1.0,1.0,0.07,0.06,0.0,255,9,0.04,0.07,0.0,0.0,0.0,0.0,1.0,1.0,1,8922.0
0,1,60,1,0,0,0,0,0,0,0,0,0,0,0,0,0,0,0,0,0,0,260,15,0.0,0.0,1.0,1.0,0.06,0.07,0.0,255,15,0.06,0.07,0.0,0.0,0.0,0.0,1.0,1.0,1,41121.0
0,1,19,9,8766,0,0,0,0,0,0,1,0,0,0,0,0,0,0,0,0,0,8,8,0.0,0.0,0.0,0.0,1.0,0.0,0.0,125,135,0.53,0.03,0.53,0.01,0.0,0.0,0.0,0.0,0,111245.0
0,1,44,5,0,0,0,0,0,0,0,0,0,0,0,0,0,0,0,0,0,0,184,17,1.0,1.0,0.0,0.0,0.09,0.06,0.0,45,11,0.24,0.2,0.02,0.0,0.69,1.0,0.02,0.0,1,29987.0
0,1,44,5,0,0,0,0,0,0,0,0,0,0,0,0,0,0,0,0,0,0,238,14,1.0,1.0,0.0,0.0,0.06,0.06,0.0,255,13,0.05,0.07,0.0,0.0,1.0,1.0,0.0,0.0,1,105649.0
0,1,22,9,54540,8314,0,0,0,2,0,1,1,0,0,0,0,0,0,0,0,0,4,4,0.0,0.0,0.0,0.0,1.0,0.0,0.0,38,38,1.0,0.0,0.03,0.0,0.0,0.0,0.29,0.29,1,40214.0
0,1,22,9,299,1075,0,0,0,0,0,1,0,0,0,0,0,0,0,0,0,0,7,7,0.0,0.0,0.0,0.0,1.0,0.0,0.0,255,248,0.97,0.01,0.0,0.0,0.0,0.0,0.02,0.02,0,99445.0
0,1,49,9,636,331,0,0,0,0,0,1,0,0,0,0,0,0,0,0,0,0,2,2,0.0,0.0,0.0,0.0,1.0,0.0,0.0,142,169,0.74,0.02,0.01,0.01,0.0,0.0,0.0,0.0,0,118431.0
0,1,22,9,242,691,0,0,0,0,0,1,0,0,0,0,0,0,0,0,0,0,11,27,0.0,0.0,0.0,0.0,1.0,0.0,0.15,77,255,1.0,0.0,0.01,0.05,0.0,0.0,0.0,0.0,0,33672.0
0,1,22,9,205,2014,0,0,0,0,0,1,0,0,0,0,0,0,0,0,0,0,1,3,0.0,0.0,0.0,0.0,1.0,0.0,1.0,99,255,1.0,0.0,0.01,0.07,0.0,0.0,0.0,0.0,0,84391.0
0,1,31,5,0,0,0,0,0,0,0,0,0,0,0,0,0,0,0,0,0,0,294,8,1.0,1.0,0.0,0.0,0.03,0.04,0.0,255,8,0.03,0.05,0.0,0.0,1.0,1.0,0.0,0.0,1,6890.0
0,1,22,9,303,516,0,0,0,0,0,1,0,0,0,0,0,0,0,0,0,0,6,15,0.0,0.0,0.0,0.0,1.0,0.0,0.13,6,255,1.0,0.0,0.17,0.02,0.0,0.0,0.0,0.0,0,57600.0
0,1,22,9,192,163,0,0,0,0,0,1,0,0,0,0,0,0,0,0,0,0,1,22,0.0,0.0,0.0,0.0,1.0,0.0,0.14,5,255,1.0,0.0,0.2,0.02,0.0,0.0,0.0,0.0,0,73777.0
10469,1,0,4,2182,9386,0,0,0,0,0,0,0,0,0,0,0,0,0,0,0,0,1,1,0.0,0.0,1.0,1.0,1.0,0.0,0.0,7,4,0.57,0.29,0.14,0.0,0.0,0.0,0.57,1.0,0,94717.0
0,1,22,9,202,945,0,0,0,0,0,1,0,0,0,0,0,0,0,0,0,0,2,2,0.0,0.0,0.0,0.0,1.0,0.0,0.0,15,255,1.0,0.0,0.07,0.04,0.0,0.01,0.0,0.0,0,119364.0
0,1,22,9,217,667,0,0,0,0,0,1,0,0,0,0,0,0,0,0,0,0,4,27,0.0,0.0,0.0,0.0,1.0,0.0,0.15,255,255,1.0,0.0,0.0,0.0,0.0,0.0,0.0,0.0,0,123315.0
0,1,44,5,0,0,0,0,0,0,0,0,0,0,0,0,0,0,0,0,0,0,242,4,1.0,1.0,0.0,0.0,0.02,0.06,0.0,255,4,0.02,0.05,0.0,0.0,1.0,1.0,0.0,0.0,1,10211.0
15,1,49,9,12715,1459,0,0,0,0,0,1,0,0,0,0,0,0,0,0,0,0,1,1,0.0,0.0,0.0,0.0,1.0,0.0,0.0,67,129,0.55,0.06,0.01,0.02,0.0,0.12,0.0,0.0,0,24550.0
11634,1,55,9,92,2720,0,0,0,0,0,1,0,0,0,0,0,0,0,0,0,0,1,1,0.0,0.0,0.0,0.0,1.0,0.0,0.0,255,21,0.08,0.53,0.0,0.0,0.53,0.14,0.0,0.05,0,39800.0
0,1,22,9,216,5077,0,0,0,0,0,1,0,0,0,0,0,0,0,0,0,0,2,2,0.0,0.0,0.0,0.0,1.0,0.0,0.0,2,255,1.0,0.0,0.5,0.08,0.0,0.0,0.0,0.0,0,111722.0
0,1,22,9,144,584,0,0,0,2,0,1,0,0,0,0,0,0,0,0,0,0,1,1,0.0,0.0,0.0,0.0,1.0,0.0,0.0,39,255,1.0,0.0,0.03,0.02,0.05,0.01,0.0,0.0,0,32303.0
0,1,44,5,0,0,0,0,0,0,0,0,0,0,0,0,0,0,0,0,0,0,245,4,1.0,1.0,0.0,0.0,0.02,0.06,0.0,255,13,0.05,0.09,0.0,0.0,1.0,1.0,0.0,0.0,1,55500.0
0,0,14,9,520,0,0,0,0,0,0,0,0,0,0,0,0,0,0,0,0,0,428,428,0.0,0.0,0.0,0.0,1.0,0.0,0.0,255,255,1.0,0.0,1.0,0.0,0.0,0.0,0.0,0.0,1,107998.0
0,0,13,9,8,0,0,0,0,0,0,0,0,0,0,0,0,0,0,0,0,0,1,17,0.0,0.0,0.0,0.0,1.0,0.0,1.0,2,64,1.0,0.0,1.0,0.5,0.0,0.0,0.0,0.0,1,80802.0
0,1,23,5,0,0,0,0,0,0,0,0,0,0,0,0,0,0,0,0,0,0,108,6,1.0,1.0,0.0,0.0,0.06,0.06,0.0,255,17,0.07,0.06,0.0,0.0,1.0,1.0,0.0,0.0,1,29733.0
0,2,11,9,44,72,0,0,0,0,0,0,0,0,0,0,0,0,0,0,0,0,182,182,0.0,0.0,0.0,0.0,1.0,0.0,0.0,255,255,1.0,0.0,0.01,0.0,0.0,0.0,0.0,0.0,0,120791.0
0,2,11,9,45,45,0,0,0,0,0,0,0,0,0,0,0,0,0,0,0,0,174,174,0.0,0.0,0.0,0.0,1.0,0.0,0.0,255,255,1.0,0.0,0.0,0.0,0.0,0.0,0.0,0.0,0,108307.0
0,1,22,9,283,16588,0,0,0,0,0,1,0,0,0,0,0,0,0,0,0,0,7,7,0.0,0.0,0.0,0.0,1.0,0.0,0.0,66,255,1.0,0.0,0.02,0.04,0.0,0.0,0.0,0.0,0,18142.0
0,1,60,5,0,0,0,0,0,0,0,0,0,0,0,0,0,0,0,0,0,0,109,10,1.0,1.0,0.0,0.0,0.09,0.06,0.0,255,8,0.03,0.07,0.0,0.0,1.0,1.0,0.0,0.0,1,56145.0
0,1,22,9,277,3171,0,0,0,0,0,1,0,0,0,0,0,0,0,0,0,0,3,13,0.0,0.0,0.0,0.08,1.0,0.0,0.23,24,255,1.0,0.0,0.04,0.02,0.0,0.0,0.0,0.0,0,106481.0
0,1,44,5,0,0,0,0,0,0,0,0,0,0,0,0,0,0,0,0,0,0,120,14,1.0,1.0,0.0,0.0,0.12,0.07,0.0,255,6,0.02,0.06,0.0,0.0,1.0,1.0,0.0,0.0,1,95203.0
0,1,15,5,0,0,0,0,0,0,0,0,0,0,0,0,0,0,0,0,0,0,134,19,1.0,1.0,0.0,0.0,0.14,0.05,0.0,255,19,0.07,0.06,0.0,0.0,1.0,1.0,0.0,0.0,1,17034.0
0,2,44,9,1,0,0,0,0,0,0,0,0,0,0,0,0,0,0,0,0,0,12,12,0.0,0.0,0.0,0.0,1.0,0.0,0.0,255,12,0.05,0.95,0.06,0.0,0.13,0.0,0.82,0.0,1,100812.0
0,0,13,9,30,0,0,0,0,0,0,0,0,0,0,0,0,0,0,0,0,0,1,1,0.0,0.0,0.0,0.0,1.0,0.0,0.0,69,131,1.0,0.0,1.0,0.24,0.0,0.0,0.0,0.0,0,108729.0
0,1,22,9,218,320,0,0,0,0,0,1,0,0,0,0,0,0,0,0,0,0,50,50,0.0,0.0,0.0,0.0,1.0,0.0,0.0,50,255,1.0,0.0,0.02,0.04,0.0,0.0,0.0,0.0,0,64853.0
0,1,44,4,0,0,0,0,0,0,0,0,0,0,0,0,0,0,0,0,0,0,1,1,0.0,0.0,1.0,1.0,1.0,0.0,0.0,255,1,0.0,0.74,0.73,0.0,0.0,0.0,0.73,1.0,1,67481.0
0,1,22,9,210,457,0,0,0,0,0,1,0,0,0,0,0,0,0,0,0,0,3,3,0.0,0.0,0.0,0.0,1.0,0.0,0.0,12,255,1.0,0.0,0.08,0.02,0.0,0.01,0.0,0.0,0,88454.0
0,1,22,9,222,575,0,0,0,0,0,1,0,0,0,0,0,0,0,0,0,0,8,16,0.0,0.0,0.0,0.0,1.0,0.0,0.19,8,255,1.0,0.0,0.12,0.01,0.0,0.0,0.0,0.0,0,83843.0
0,1,44,5,0,0,0,0,0,0,0,0,0,0,0,0,0,0,0,0,0,0,187,18,1.0,1.0,0.0,0.0,0.1,0.06,0.0,255,3,0.01,0.08,0.0,0.0,1.0,1.0,0.0,0.0,1,4648.0
0,1,29,5,0,0,0,0,0,0,0,0,0,0,0,0,0,0,0,0,0,0,236,10,1.0,1.0,0.0,0.0,0.04,0.05,0.0,255,10,0.04,0.06,0.0,0.0,1.0,1.0,0.0,0.0,1,78661.0
0,1,22,9,253,787,0,0,0,0,0,1,0,0,0,0,0,0,0,0,0,0,36,36,0.0,0.0,0.0,0.0,1.0,0.0,0.0,255,255,1.0,0.0,0.0,0.0,0.0,0.0,0.0,0.0,0,116880.0
0,1,22,9,293,12334,0,0,0,0,0,1,0,0,0,0,0,0,0,0,0,0,6,24,0.0,0.0,0.0,0.0,1.0,0.0,0.21,192,255,1.0,0.0,0.01,0.01,0.01,0.0,0.0,0.0,0,70249.0
0,1,35,5,0,0,0,0,0,0,0,0,0,0,0,0,0,0,0,0,0,0,215,8,1.0,1.0,0.0,0.0,0.04,0.07,0.0,255,19,0.07,0.05,0.0,0.0,1.0,1.0,0.0,0.0,1,44938.0
0,1,22,9,315,2089,0,0,0,0,0,1,0,0,0,0,0,0,0,0,0,0,1,2,0.0,0.0,0.0,0.0,1.0,0.0,1.0,30,255,1.0,0.0,0.03,0.03,0.0,0.0,0.0,0.0,0,37833.0
0,1,36,5,0,0,0,0,0,0,0,0,0,0,0,0,0,0,0,0,0,0,280,5,1.0,1.0,0.0,0.0,0.02,0.06,0.0,255,5,0.02,0.06,0.0,0.0,1.0,1.0,0.0,0.0,1,106379.0
0,0,13,9,8,0,0,0,0,0,0,0,0,0,0,0,0,0,0,0,0,0,1,48,0.0,0.0,0.0,0.0,1.0,0.0,1.0,1,105,1.0,0.0,1.0,0.5,0.0,0.0,0.0,0.0,1,60213.0
9235,1,40,4,1,0,0,0,0,0,0,0,0,0,0,0,0,0,0,0,0,0,2,2,0.0,0.0,1.0,1.0,1.0,0.0,0.0,255,2,0.01,0.74,1.0,0.0,0.0,0.0,1.0,1.0,1,253.0
0,1,23,1,0,0,0,0,0,0,0,0,0,0,0,0,0,0,0,0,0,0,312,1,0.03,0.0,0.95,1.0,0.0,1.0,0.0,255,1,0.0,0.99,0.0,0.0,0.04,0.0,0.95,1.0,1,79005.0
0,1,19,5,0,0,0,0,0,0,0,0,0,0,0,0,0,0,0,0,0,0,17,17,1.0,1.0,0.0,0.0,1.0,0.0,0.0,255,62,0.24,0.02,0.0,0.0,1.0,1.0,0.0,0.0,1,104692.0
0,1,44,5,0,0,0,0,0,0,0,0,0,0,0,0,0,0,0,0,0,0,30,1,1.0,1.0,0.0,0.0,0.03,0.13,0.0,255,4,0.02,0.08,0.0,0.0,1.0,1.0,0.0,0.0,1,35706.0
0,0,14,9,1032,0,0,0,0,0,0,0,0,0,0,0,0,0,0,0,0,0,510,510,0.0,0.0,0.0,0.0,1.0,0.0,0.0,255,144,0.56,0.04,0.56,0.0,0.0,0.0,0.0,0.0,1,8555.0
0,1,44,1,0,0,0,0,0,0,0,0,0,0,0,0,0,0,0,0,0,0,2,1,0.0,0.0,1.0,1.0,0.5,1.0,0.0,255,1,0.0,0.64,0.62,0.0,0.0,0.0,0.62,1.0,1,72273.0
0,0,13,9,8,0,0,0,0,0,0,0,0,0,0,0,0,0,0,0,0,0,1,14,0.0,0.0,0.0,0.0,1.0,0.0,1.0,2,50,1.0,0.0,1.0,0.5,0.0,0.0,0.0,0.0,1,98800.0
0,1,22,9,54540,8314,0,0,0,2,0,1,1,0,0,0,0,0,0,0,0,0,3,3,0.0,0.0,0.0,0.0,1.0,0.0,0.0,151,151,1.0,0.0,0.01,0.0,0.0,0.0,0.01,0.01,1,36187.0
0,1,22,9,212,174,0,0,0,0,0,1,0,0,0,0,0,0,0,0,0,0,13,13,0.0,0.0,0.0,0.0,1.0,0.0,0.0,13,255,1.0,0.0,0.08,0.01,0.0,0.0,0.0,0.0,0,104350.0
0,1,44,5,0,0,0,0,0,0,0,0,0,0,0,0,0,0,0,0,0,0,68,9,1.0,1.0,0.0,0.0,0.13,0.07,0.0,255,9,0.04,0.07,0.0,0.0,1.0,1.0,0.0,0.0,1,74001.0
0,2,11,9,43,73,0,0,0,0,0,0,0,0,0,0,0,0,0,0,0,0,118,118,0.0,0.0,0.0,0.0,1.0,0.0,0.0,255,176,0.69,0.01,0.0,0.0,0.0,0.0,0.0,0.0,0,66971.0
0,1,22,9,195,1316,0,0,0,0,0,1,0,0,0,0,0,0,0,0,0,0,12,12,0.0,0.0,0.0,0.0,1.0,0.0,0.0,34,255,1.0,0.0,0.03,0.03,0.0,0.01,0.0,0.0,0,106758.0
0,1,18,5,0,0,0,0,0,0,0,0,0,0,0,0,0,0,0,0,0,0,223,19,1.0,1.0,0.0,0.0,0.09,0.06,0.0,255,20,0.08,0.07,0.0,0.0,1.0,1.0,0.0,0.0,1,45768.0
0,1,22,9,319,4309,0,0,0,0,0,1,0,0,0,0,0,0,0,0,0,0,5,5,0.0,0.0,0.0,0.0,1.0,0.0,0.0,53,252,1.0,0.0,0.02,0.07,0.02,0.01,0.0,0.0,0,21385.0
0,2,11,9,44,44,0,0,0,0,0,0,0,0,0,0,0,0,0,0,0,0,80,82,0.0,0.0,0.0,0.0,1.0,0.0,0.04,200,135,0.68,0.02,0.01,0.0,0.0,0.0,0.0,0.0,0,56758.0
0,2,11,9,31,0,0,0,0,0,0,0,0,0,0,0,0,0,0,0,0,0,1,2,0.0,0.0,0.0,0.0,1.0,0.0,1.0,117,27,0.1,0.06,0.1,0.07,0.0,0.0,0.0,0.0,0,90068.0
0,1,24,5,0,0,0,0,0,0,0,0,0,0,0,0,0,0,0,0,0,0,262,14,1.0,1.0,0.0,0.0,0.05,0.05,0.0,255,14,0.05,0.05,0.0,0.0,1.0,1.0,0.0,0.0,1,102698.0
0,1,44,5,0,0,0,0,0,0,0,0,0,0,0,0,0,0,0,0,0,0,279,13,1.0,1.0,0.0,0.0,0.05,0.06,0.0,255,2,0.01,0.07,0.0,0.0,1.0,1.0,0.0,0.0,1,102553.0
0,1,44,1,0,0,0,0,0,0,0,0,0,0,0,0,0,0,0,0,0,0,204,1,0.06,0.0,0.88,1.0,0.0,1.0,0.0,255,1,0.0,0.81,0.0,0.0,0.05,0.0,0.71,1.0,1,900.0
1,1,49,9,2484,438,0,0,0,0,0,1,0,0,0,0,0,0,0,0,0,0,1,2,0.0,0.0,0.0,0.0,1.0,0.0,1.0,255,35,0.14,0.06,0.0,0.0,0.0,0.0,0.84,0.0,0,96112.0
0,1,3,5,0,0,0,0,0,0,0,0,0,0,0,0,0,0,0,0,0,0,236,5,1.0,1.0,0.0,0.0,0.02,0.06,0.0,255,17,0.07,0.06,0.0,0.0,1.0,1.0,0.0,0.0,1,84702.0
0,1,22,9,54540,8314,0,0,0,2,0,1,1,0,0,0,0,0,0,0,0,0,3,3,0.0,0.0,0.0,0.0,1.0,0.0,0.0,89,89,1.0,0.0,0.01,0.0,0.01,0.01,0.01,0.01,1,119146.0
0,1,22,1,0,0,0,0,0,0,0,0,0,0,0,0,0,0,0,0,0,0,1,1,0.0,0.0,1.0,1.0,1.0,0.0,0.0,9,255,1.0,0.0,0.11,0.13,0.0,0.0,1.0,0.84,0,53011.0
0,1,22,1,0,0,0,0,0,0,0,0,0,0,0,0,0,0,0,0,0,0,1,1,0.0,0.0,1.0,1.0,1.0,0.0,0.0,6,250,1.0,0.0,0.17,0.14,0.0,0.0,1.0,0.53,0,78126.0
0,1,44,5,0,0,0,0,0,0,0,0,0,0,0,0,0,0,0,0,0,0,134,16,1.0,1.0,0.0,0.0,0.12,0.06,0.0,255,16,0.06,0.07,0.0,0.0,1.0,1.0,0.0,0.0,1,70273.0
0,1,22,9,323,4086,0,0,0,0,0,1,0,0,0,0,0,0,0,0,0,0,11,11,0.0,0.0,0.0,0.0,1.0,0.0,0.0,255,255,1.0,0.0,0.0,0.0,0.0,0.0,0.0,0.0,0,89099.0
0,2,11,9,45,76,0,0,0,0,0,0,0,0,0,0,0,0,0,0,0,0,312,312,0.0,0.0,0.0,0.0,1.0,0.0,0.0,255,254,1.0,0.01,0.0,0.0,0.0,0.0,0.0,0.0,0,79021.0
0,0,14,9,1032,0,0,0,0,0,0,0,0,0,0,0,0,0,0,0,0,0,210,210,0.0,0.0,0.0,0.0,1.0,0.0,0.0,255,255,1.0,0.0,1.0,0.0,0.0,0.0,0.0,0.0,1,48588.0
0,1,20,1,0,0,0,0,0,0,0,0,0,0,0,0,0,0,0,0,0,0,255,14,0.0,0.0,1.0,1.0,0.05,0.05,0.0,255,14,0.05,0.06,0.0,0.0,0.0,0.0,1.0,1.0,1,104359.0
0,1,22,9,249,688,0,0,0,0,0,1,0,0,0,0,0,0,0,0,0,0,5,6,0.0,0.0,0.0,0.0,1.0,0.0,0.33,37,255,1.0,0.0,0.03,0.05,0.0,0.0,0.0,0.0,0,62990.0
2,1,22,2,0,0,0,0,0,0,0,1,0,0,0,0,0,0,0,0,0,0,1,27,0.0,0.0,1.0,0.04,1.0,0.0,0.07,1,255,1.0,0.0,1.0,0.05,0.0,0.0,1.0,0.0,0,120118.0
0,1,19,5,0,0,0,0,0,0,0,0,0,0,0,0,0,0,0,0,0,0,186,1,1.0,1.0,0.0,0.0,0.01,0.06,0.0,255,1,0.0,0.07,0.0,0.0,1.0,1.0,0.0,0.0,1,51260.0
0,1,22,9,388,138,0,0,0,0,0,1,0,0,0,0,0,0,0,0,0,0,1,1,0.0,0.0,0.0,0.0,1.0,0.0,0.0,3,255,1.0,0.0,0.33,0.03,0.0,0.0,0.0,0.0,0,21584.0
1,1,49,9,1655,330,0,0,0,0,0,1,0,0,0,0,0,0,0,0,0,0,1,1,0.0,0.0,0.0,0.0,1.0,0.0,0.0,152,194,0.87,0.02,0.01,0.01,0.0,0.0,0.0,0.0,0,114773.0
0,1,22,9,237,2799,0,0,0,0,0,1,0,0,0,0,0,0,0,0,0,0,4,4,0.0,0.0,0.0,0.0,1.0,0.0,0.0,255,255,1.0,0.0,0.0,0.0,0.0,0.0,0.0,0.0,0,90599.0
0,1,54,5,0,0,0,0,0,0,0,0,0,0,0,0,0,0,0,0,0,0,262,8,1.0,1.0,0.0,0.0,0.03,0.07,0.0,255,13,0.05,0.08,0.0,0.0,1.0,1.0,0.0,0.0,1,86208.0
5,1,49,9,870,332,0,0,0,0,0,1,0,0,0,0,0,0,0,0,0,0,1,2,0.0,0.0,0.0,0.0,1.0,0.0,1.0,170,119,0.46,0.04,0.01,0.02,0.0,0.0,0.0,0.0,0,100375.0
0,1,22,9,241,649,0,0,0,0,0,1,0,0,0,0,0,0,0,0,0,0,24,24,0.0,0.0,0.04,0.04,1.0,0.0,0.0,251,255,1.0,0.0,0.0,0.02,0.0,0.0,0.0,0.0,0,124736.0
36071,1,18,3,1379963888,0,0,0,0,0,0,0,0,0,0,0,0,0,0,0,0,0,1,1,0.0,0.0,1.0,1.0,1.0,0.0,0.0,77,1,0.01,0.12,0.06,0.0,0.0,0.0,0.06,1.0,1,125429.0
0,1,44,5,0,0,0,0,0,0,0,0,0,0,0,0,0,0,0,0,0,0,114,8,1.0,1.0,0.0,0.0,0.07,0.07,0.0,113,8,0.07,0.09,0.01,0.0,1.0,1.0,0.0,0.0,1,55106.0
0,1,44,1,0,0,0,0,0,0,0,0,0,0,0,0,0,0,0,0,0,0,70,4,0.0,0.0,1.0,1.0,0.06,0.09,0.0,255,4,0.02,0.07,0.0,0.0,0.0,0.0,1.0,1.0,1,70286.0
0,1,29,5,0,0,0,0,0,0,0,0,0,0,0,0,0,0,0,0,0,0,159,1,0.13,1.0,0.87,0.0,0.01,0.58,0.0,255,1,0.0,0.36,0.62,0.0,0.08,1.0,0.55,0.0,1,26432.0
0,1,22,9,214,1218,0,0,0,0,0,1,0,0,0,0,0,0,0,0,0,0,8,13,0.0,0.08,0.0,0.0,1.0,0.0,0.23,18,255,1.0,0.0,0.06,0.03,0.0,0.0,0.0,0.0,0,82206.0
0,1,44,5,0,0,0,0,0,0,0,0,0,0,0,0,0,0,0,0,0,0,280,12,1.0,1.0,0.0,0.0,0.04,0.05,0.0,255,9,0.04,0.07,0.0,0.0,1.0,1.0,0.0,0.0,1,10507.0
0,1,22,9,305,370,0,0,0,0,0,1,0,0,0,0,0,0,0,0,0,0,5,5,0.0,0.0,0.0,0.0,1.0,0.0,0.0,255,255,1.0,0.0,0.0,0.0,0.0,0.0,0.0,0.0,0,76837.0
6,1,49,9,0,82,0,0,0,0,0,1,0,0,0,0,0,0,0,0,0,0,1,1,0.0,0.0,0.0,0.0,1.0,0.0,0.0,6,107,0.17,1.0,0.17,0.03,0.0,0.0,0.5,0.06,1,81772.0
0,1,49,9,1527,522,0,0,0,0,0,1,0,0,0,0,0,0,0,0,0,0,1,2,0.0,0.0,0.0,0.0,1.0,0.0,1.0,70,243,0.93,0.03,0.01,0.01,0.0,0.0,0.0,0.0,0,2605.0
0,1,40,1,0,0,0,0,0,0,0,0,0,0,0,0,0,0,0,0,0,0,1,1,0.0,0.0,1.0,1.0,1.0,0.0,0.0,5,5,1.0,0.0,0.2,0.0,0.0,0.0,1.0,1.0,0,77603.0
0,0,14,9,1032,0,0,0,0,0,0,0,0,0,0,0,0,0,0,0,0,0,159,159,0.0,0.0,0.0,0.0,1.0,0.0,0.0,255,159,0.62,0.01,0.62,0.0,0.0,0.0,0.0,0.0,1,28586.0
0,1,22,1,0,0,0,0,0,0,0,0,0,0,0,0,0,0,0,0,0,0,1,2,0.0,0.0,1.0,1.0,1.0,0.0,1.0,63,255,1.0,0.0,0.02,0.01,0.02,0.0,0.56,0.29,0,67902.0
0,1,36,5,0,0,0,0,0,0,0,0,0,0,0,0,0,0,0,0,0,0,205,18,1.0,1.0,0.0,0.0,0.09,0.07,0.0,255,18,0.07,0.08,0.0,0.0,1.0,1.0,0.0,0.0,1,95492.0
0,1,38,5,0,0,0,0,0,0,0,0,0,0,0,0,0,0,0,0,0,0,298,9,1.0,1.0,0.0,0.0,0.03,0.05,0.0,255,4,0.02,0.07,0.0,0.0,1.0,1.0,0.0,0.0,1,43967.0
0,1,53,5,0,0,0,0,0,0,0,0,0,0,0,0,0,0,0,0,0,0,139,5,1.0,1.0,0.0,0.0,0.04,0.07,0.0,255,5,0.02,0.06,0.0,0.0,1.0,1.0,0.0,0.0,1,84656.0
0,1,22,9,273,944,0,0,0,0,0,1,0,0,0,0,0,0,0,0,0,0,2,2,0.0,0.0,0.0,0.0,1.0,0.0,0.0,255,255,1.0,0.0,0.0,0.0,0.0,0.0,0.0,0.0,0,102105.0
0,1,57,5,0,0,0,0,0,0,0,0,0,0,0,0,0,0,0,0,0,0,282,19,1.0,1.0,0.0,0.0,0.07,0.06,0.0,255,19,0.07,0.07,0.0,0.0,1.0,1.0,0.0,0.0,1,21838.0
0,1,44,5,0,0,0,0,0,0,0,0,0,0,0,0,0,0,0,0,0,0,188,10,1.0,1.0,0.0,0.0,0.05,0.06,0.0,255,18,0.07,0.07,0.0,0.0,1.0,1.0,0.0,0.0,1,10109.0
0,1,22,5,0,0,0,0,0,0,0,0,0,0,0,0,0,0,0,0,0,0,207,16,1.0,1.0,0.0,0.0,0.08,0.06,0.0,255,16,0.06,0.08,0.0,0.0,1.0,1.0,0.0,0.0,1,71618.0
0,1,44,5,0,0,0,0,0,0,0,0,0,0,0,0,0,0,0,0,0,0,95,11,1.0,1.0,0.0,0.0,0.12,0.06,0.0,255,8,0.03,0.08,0.0,0.0,1.0,1.0,0.0,0.0,1,48182.0
0,1,44,5,0,0,0,0,0,0,0,0,0,0,0,0,0,0,0,0,0,0,115,4,1.0,1.0,0.0,0.0,0.03,0.06,0.0,255,18,0.07,0.07,0.0,0.0,1.0,1.0,0.0,0.0,1,602.0
781,2,40,9,146,105,0,0,0,0,0,0,0,0,0,0,0,0,0,0,0,0,2,2,0.0,0.0,0.0,0.0,1.0,0.0,0.0,255,2,0.01,0.66,0.97,0.0,0.0,0.0,0.0,0.0,0,120482.0
0,1,59,5,0,0,0,0,0,0,0,0,0,0,0,0,0,0,0,0,0,0,103,3,1.0,1.0,0.0,0.0,0.03,0.06,0.0,255,3,0.01,0.06,0.0,0.0,1.0,1.0,0.0,0.0,1,45103.0
0,1,22,9,271,732,0,0,0,0,0,1,0,0,0,0,0,0,0,0,0,0,6,7,0.0,0.0,0.0,0.0,1.0,0.0,0.29,111,255,1.0,0.0,0.01,0.01,0.0,0.0,0.0,0.0,0,22642.0
0,1,2,5,0,0,0,0,0,0,0,0,0,0,0,0,0,0,0,0,0,0,263,17,1.0,1.0,0.0,0.0,0.06,0.06,0.0,255,17,0.07,0.06,0.0,0.0,1.0,1.0,0.0,0.0,1,29963.0
0,1,33,5,0,0,0,0,0,0,0,0,0,0,0,0,0,0,0,0,0,0,249,3,1.0,1.0,0.0,0.0,0.01,0.06,0.0,255,3,0.01,0.05,0.0,0.0,1.0,1.0,0.0,0.0,1,12727.0
0,2,11,9,43,74,0,0,0,0,0,0,0,0,0,0,0,0,0,0,0,0,226,226,0.0,0.0,0.0,0.0,1.0,0.0,0.0,255,224,0.88,0.01,0.0,0.0,0.0,0.0,0.0,0.0,0,77181.0
0,1,22,9,217,706,0,0,0,0,0,1,0,0,0,0,0,0,0,0,0,0,24,24,0.0,0.0,0.0,0.0,1.0,0.0,0.0,255,255,1.0,0.0,0.0,0.0,0.0,0.0,0.0,0.0,0,63299.0
0,2,11,9,43,127,0,0,0,0,0,0,0,0,0,0,0,0,0,0,0,0,162,228,0.0,0.0,0.0,0.0,0.99,0.01,0.01,255,234,0.92,0.02,0.0,0.0,0.0,0.0,0.0,0.0,0,53127.0
0,1,52,2,0,0,0,0,0,0,0,0,0,0,0,0,0,0,0,0,0,0,191,13,0.0,0.0,1.0,1.0,0.07,0.07,0.0,255,13,0.05,0.08,0.0,0.0,0.0,0.0,1.0,1.0,1,99601.0
0,1,17,9,8,223,0,0,0,0,0,0,0,0,0,0,0,0,0,0,0,0,1,1,0.0,0.0,0.0,0.0,1.0,0.0,0.0,178,8,0.04,0.09,0.01,0.25,0.01,0.0,0.0,0.0,0,596.0
0,1,40,9,965,0,0,0,0,0,0,1,0,0,0,0,0,0,0,0,0,0,12,1,0.08,0.0,0.0,0.0,0.08,0.42,0.0,121,1,0.01,0.17,0.28,0.0,0.03,0.0,0.0,0.0,0,46710.0
0,1,19,5,0,0,0,0,0,0,0,0,0,0,0,0,0,0,0,0,0,0,74,17,1.0,1.0,0.0,0.0,0.23,0.05,0.0,255,63,0.25,0.02,0.01,0.0,1.0,1.0,0.0,0.0,1,70261.0
0,1,2,5,0,0,0,0,0,0,0,0,0,0,0,0,0,0,0,0,0,0,214,5,1.0,1.0,0.0,0.0,0.02,0.08,0.0,255,5,0.02,0.08,0.0,0.0,1.0,1.0,0.0,0.0,1,41831.0
0,1,22,9,303,1349,0,0,0,0,0,1,0,0,0,0,0,0,0,0,0,0,20,21,0.0,0.0,0.0,0.0,1.0,0.0,0.1,150,255,1.0,0.0,0.01,0.04,0.0,0.0,0.0,0.0,0,2617.0
0,1,44,5,0,0,0,0,0,0,0,0,0,0,0,0,0,0,0,0,0,0,210,18,1.0,1.0,0.0,0.0,0.09,0.06,0.0,255,17,0.07,0.06,0.0,0.0,1.0,1.0,0.0,0.0,1,91410.0
0,2,11,9,45,72,0,0,0,0,0,0,0,0,0,0,0,0,0,0,0,0,64,64,0.0,0.0,0.0,0.0,1.0,0.0,0.0,255,255,1.0,0.0,0.0,0.0,0.0,0.0,0.0,0.0,0,26154.0
0,1,49,9,821,328,0,0,0,0,0,1,0,0,0,0,0,0,0,0,0,0,1,1,0.0,0.0,0.0,0.0,1.0,0.0,0.0,12,191,0.83,0.17,0.08,0.02,0.0,0.0,0.0,0.0,0,96060.0
0,1,22,9,232,4770,0,0,0,0,0,1,0,0,0,0,0,0,0,0,0,0,5,11,0.0,0.0,0.0,0.0,1.0,0.0,0.18,70,255,1.0,0.0,0.01,0.03,0.01,0.01,0.0,0.0,0,52036.0
0,1,3,9,14,40,0,0,0,0,0,1,0,0,0,0,0,0,0,0,0,0,2,1,0.0,0.0,0.0,0.0,0.5,1.0,0.0,255,3,0.01,0.87,0.0,0.0,0.0,0.0,0.0,0.0,0,61444.0
0,2,11,9,44,132,0,0,0,0,0,0,0,0,0,0,0,0,0,0,0,0,77,157,0.0,0.0,0.0,0.0,1.0,0.0,0.01,255,254,1.0,0.01,0.0,0.0,0.0,0.0,0.0,0.0,0,42764.0
0,1,22,9,279,1400,0,0,0,0,0,1,0,0,0,0,0,0,0,0,0,0,5,5,0.0,0.0,0.0,0.0,1.0,0.0,0.0,255,255,1.0,0.0,0.0,0.0,0.0,0.0,0.0,0.0,0,100228.0
0,2,40,9,1,0,0,0,0,0,0,0,0,0,0,0,0,0,0,0,0,0,36,3,0.0,0.0,0.0,0.0,0.08,0.11,0.0,255,3,0.01,0.07,1.0,0.0,0.0,0.0,0.0,0.0,1,103930.0
0,1,44,5,0,0,0,0,0,0,0,0,0,0,0,0,0,0,0,0,0,0,73,3,1.0,1.0,0.0,0.0,0.04,0.08,0.0,180,3,0.02,0.07,0.01,0.0,1.0,1.0,0.0,0.0,1,102171.0
0,1,22,9,224,1783,0,0,0,0,0,1,0,0,0,0,0,0,0,0,0,0,2,2,0.0,0.0,0.0,0.0,1.0,0.0,0.0,22,255,1.0,0.0,0.05,0.05,0.0,0.0,0.0,0.0,0,828.0
0,2,44,9,1,0,0,0,0,0,0,0,0,0,0,0,0,0,0,0,0,0,7,2,0.0,0.0,0.0,0.0,0.29,0.29,0.0,255,40,0.16,0.5,0.64,0.0,0.0,0.0,0.36,0.0,1,80407.0
0,1,22,9,235,1341,0,0,0,0,0,1,0,0,0,0,0,0,0,0,0,0,2,5,0.0,0.0,0.0,0.0,1.0,0.0,0.4,255,255,1.0,0.0,0.0,0.0,0.0,0.0,0.0,0.0,0,82403.0
0,1,22,9,54540,8314,0,0,0,2,0,1,1,0,0,0,0,0,0,0,0,0,5,5,0.0,0.0,0.2,0.2,1.0,0.0,0.0,255,255,1.0,0.0,0.0,0.0,0.0,0.0,0.05,0.05,1,118851.0
0,1,44,5,0,0,0,0,0,0,0,0,0,0,0,0,0,0,0,0,0,0,126,15,1.0,1.0,0.0,0.0,0.12,0.06,0.0,255,5,0.02,0.07,0.0,0.0,1.0,1.0,0.0,0.0,1,125840.0
0,2,40,9,516,4,0,0,0,0,0,0,0,0,0,0,0,0,0,0,0,0,178,178,0.0,0.0,0.0,0.0,1.0,0.0,0.0,178,178,1.0,0.0,1.0,0.0,0.0,0.0,0.0,0.0,0,52826.0
0,1,5,5,0,0,0,0,0,0,0,0,0,0,0,0,0,0,0,0,0,0,140,10,1.0,1.0,0.0,0.0,0.07,0.06,0.0,255,18,0.07,0.06,0.0,0.0,1.0,1.0,0.0,0.0,1,29910.0
0,1,4,5,0,0,0,0,0,0,0,0,0,0,0,0,0,0,0,0,0,0,267,19,1.0,1.0,0.0,0.0,0.07,0.06,0.0,255,19,0.07,0.07,0.0,0.0,1.0,1.0,0.0,0.0,1,86505.0
0,1,49,9,722,330,0,0,0,0,0,1,0,0,0,0,0,0,0,0,0,0,2,1,0.0,0.0,0.0,0.0,0.5,1.0,0.0,150,169,0.65,0.02,0.01,0.01,0.0,0.0,0.0,0.0,0,77493.0
0,1,25,5,0,0,0,0,0,0,0,0,0,0,0,0,0,0,0,0,0,0,232,3,1.0,1.0,0.0,0.0,0.01,0.06,0.0,255,3,0.01,0.07,0.0,0.0,1.0,1.0,0.0,0.0,1,15478.0
0,2,11,9,46,138,0,0,0,0,0,0,0,0,0,0,0,0,0,0,0,0,72,152,0.0,0.0,0.0,0.0,0.99,0.03,0.01,255,240,0.94,0.01,0.0,0.0,0.0,0.0,0.0,0.0,0,9015.0
0,2,11,9,45,72,0,0,0,0,0,0,0,0,0,0,0,0,0,0,0,0,264,264,0.0,0.0,0.0,0.0,1.0,0.01,0.01,255,254,1.0,0.01,0.0,0.0,0.0,0.0,0.0,0.0,0,62032.0
0,1,16,5,0,0,0,0,0,0,0,0,0,0,0,0,0,0,0,0,0,0,145,8,1.0,1.0,0.0,0.0,0.06,0.06,0.0,255,2,0.01,0.07,0.0,0.0,1.0,1.0,0.0,0.0,1,52645.0
0,1,53,5,0,0,0,0,0,0,0,0,0,0,0,0,0,0,0,0,0,0,106,10,1.0,1.0,0.0,0.0,0.09,0.06,0.0,255,10,0.04,0.05,0.0,0.0,1.0,1.0,0.0,0.0,1,111188.0
0,1,43,5,0,0,0,0,0,0,0,0,0,0,0,0,0,0,0,0,0,0,9,5,1.0,1.0,0.0,0.0,0.56,0.33,0.0,255,5,0.02,0.07,0.0,0.0,1.0,1.0,0.0,0.0,1,3284.0
0,1,44,5,0,0,0,0,0,0,0,0,0,0,0,0,0,0,0,0,0,0,113,3,1.0,1.0,0.0,0.0,0.03,0.07,0.0,255,13,0.05,0.07,0.0,0.0,1.0,1.0,0.0,0.0,1,125966.0
0,1,22,9,305,653,0,0,0,0,0,1,0,0,0,0,0,0,0,0,0,0,9,9,0.0,0.0,0.0,0.0,1.0,0.0,0.0,255,255,1.0,0.0,0.0,0.0,0.0,0.0,0.0,0.0,0,121510.0
0,1,22,9,54540,8314,0,0,0,2,0,1,1,0,0,0,0,0,0,0,0,0,1,1,0.0,0.0,0.0,0.0,1.0,0.0,0.0,165,165,1.0,0.0,0.01,0.0,0.0,0.0,0.01,0.01,1,88148.0
28,2,11,9,44,44,0,0,0,0,0,0,0,0,0,0,0,0,0,0,0,0,4,7,0.0,0.0,0.0,0.0,0.25,0.5,0.43,22,21,0.95,0.09,0.05,0.0,0.0,0.0,0.0,0.0,0,14811.0
0,1,49,9,2895,343,0,0,0,0,0,1,0,0,0,0,0,0,0,0,0,0,1,1,0.0,0.0,0.0,0.0,1.0,0.0,0.0,255,91,0.36,0.02,0.0,0.0,0.0,0.0,0.0,0.0,0,87575.0
0,1,22,9,332,3560,0,0,0,0,0,1,0,0,0,0,0,0,0,0,0,0,13,39,0.0,0.03,0.0,0.0,1.0,0.0,0.1,13,255,1.0,0.0,0.08,0.07,0.0,0.01,0.0,0.0,0,88770.0
0,0,13,9,8,0,0,0,0,0,0,0,0,0,0,0,0,0,0,0,0,0,1,11,0.0,0.0,0.0,0.0,1.0,0.0,1.0,1,2,1.0,0.0,1.0,1.0,0.0,0.0,0.0,0.0,1,43395.0
0,1,22,9,273,500,0,0,0,0,0,1,0,0,0,0,0,0,0,0,0,0,1,21,0.0,0.0,0.0,0.0,1.0,0.0,0.1,25,255,1.0,0.0,0.04,0.05,0.04,0.01,0.0,0.0,0,1932.0
0,1,22,9,157,16617,0,0,0,0,0,1,0,0,0,0,0,0,0,0,0,0,1,1,0.0,0.0,0.0,0.0,1.0,0.0,0.0,200,255,1.0,0.0,0.0,0.02,0.0,0.0,0.0,0.0,0,96063.0
0,1,44,5,0,0,0,0,0,0,0,0,0,0,0,0,0,0,0,0,0,0,184,20,1.0,1.0,0.0,0.0,0.11,0.05,0.0,255,1,0.0,0.08,0.0,0.0,1.0,1.0,0.0,0.0,1,97208.0
0,1,22,9,321,575,0,0,0,0,0,1,0,0,0,0,0,0,0,0,0,0,10,10,0.0,0.0,0.0,0.0,1.0,0.0,0.0,255,255,1.0,0.0,0.0,0.0,0.0,0.0,0.0,0.0,0,124564.0
0,2,40,9,147,0,0,0,0,0,0,0,0,0,0,0,0,0,0,0,0,0,3,1,0.0,0.0,0.0,0.0,0.33,0.67,0.0,255,1,0.0,0.05,0.04,0.0,0.0,0.0,0.0,0.0,0,103984.0
0,1,4,5,0,0,0,0,0,0,0,0,0,0,0,0,0,0,0,0,0,0,238,8,1.0,1.0,0.0,0.0,0.03,0.06,0.0,255,8,0.03,0.06,0.0,0.0,1.0,1.0,0.0,0.0,1,61854.0
0,1,12,5,0,0,0,0,0,0,0,0,0,0,0,0,0,0,0,0,0,0,256,21,1.0,1.0,0.0,0.0,0.08,0.05,0.0,255,21,0.08,0.05,0.0,0.0,1.0,1.0,0.0,0.0,1,25530.0
0,2,11,9,44,115,0,0,0,0,0,0,0,0,0,0,0,0,0,0,0,0,1,4,0.0,0.0,0.0,0.0,1.0,0.0,0.75,44,42,0.95,0.05,0.02,0.0,0.0,0.0,0.0,0.0,0,90987.0
0,1,22,9,314,1451,0,0,0,0,0,1,0,0,0,0,0,0,0,0,0,0,7,7,0.0,0.0,0.0,0.0,1.0,0.0,0.0,255,255,1.0,0.0,0.01,0.0,0.0,0.0,0.0,0.0,0,108898.0
0,1,44,5,0,0,0,0,0,0,0,0,0,0,0,0,0,0,0,0,0,0,121,9,1.0,1.0,0.0,0.0,0.07,0.06,0.0,255,3,0.01,0.06,0.0,0.0,1.0,1.0,0.0,0.0,1,22224.0
0,1,22,9,306,491,0,0,0,0,0,1,0,0,0,0,0,0,0,0,0,0,25,42,0.0,0.0,0.0,0.0,1.0,0.0,0.12,255,255,1.0,0.0,0.0,0.0,0.0,0.0,0.0,0.0,0,6492.0
0,1,22,9,216,272,0,0,0,0,0,1,0,0,0,0,0,0,0,0,0,0,1,6,0.0,0.0,0.0,0.0,1.0,0.0,0.33,82,255,1.0,0.0,0.01,0.05,0.0,0.0,0.0,0.0,0,69272.0
0,0,13,9,8,0,0,0,0,0,0,0,0,0,0,0,0,0,0,0,0,0,1,39,0.0,0.0,0.0,0.0,1.0,0.0,1.0,2,142,1.0,0.0,1.0,0.5,0.0,0.0,0.0,0.0,1,18332.0
0,1,44,5,0,0,0,0,0,0,0,0,0,0,0,0,0,0,0,0,0,0,206,17,1.0,1.0,0.0,0.0,0.08,0.06,0.0,255,17,0.07,0.09,0.0,0.0,1.0,1.0,0.0,0.0,1,66439.0
0,2,11,9,43,43,0,0,0,0,0,0,0,0,0,0,0,0,0,0,0,0,116,198,0.0,0.0,0.0,0.0,1.0,0.0,0.02,255,254,1.0,0.01,0.01,0.0,0.0,0.0,0.0,0.0,0,64293.0
0,1,19,9,960,0,0,0,0,0,0,1,0,0,0,0,0,0,0,0,0,0,1,1,0.0,0.0,0.0,0.0,1.0,0.0,0.0,51,33,0.22,0.06,0.22,0.06,0.0,0.0,0.0,0.0,0,53124.0
0,1,22,9,267,322,0,0,0,0,0,1,0,0,0,0,0,0,0,0,0,0,1,1,0.0,0.0,0.0,0.0,1.0,0.0,0.0,31,255,1.0,0.0,0.03,0.01,0.0,0.0,0.0,0.0,0,107106.0
0,1,19,9,491,0,0,0,0,0,0,1,0,0,0,5,0,0,0,0,0,0,2,2,0.0,0.0,0.0,0.0,1.0,0.0,0.0,6,65,0.33,0.33,0.33,0.03,0.0,0.0,0.0,0.0,0,125943.0
0,1,22,9,206,3159,0,0,0,0,0,1,0,0,0,0,0,0,0,0,0,0,27,27,0.0,0.0,0.0,0.0,1.0,0.0,0.0,255,255,1.0,0.0,0.0,0.0,0.0,0.0,0.0,0.0,0,100365.0
0,2,11,9,44,110,0,0,0,0,0,0,0,0,0,0,0,0,0,0,0,0,1,1,0.0,0.0,0.0,0.0,1.0,0.0,0.0,38,213,0.71,0.05,0.71,0.01,0.0,0.0,0.21,0.0,0,106823.0
0,2,11,9,43,129,0,0,0,0,0,0,0,0,0,0,0,0,0,0,0,0,66,144,0.0,0.0,0.0,0.0,1.0,0.0,0.01,255,237,0.93,0.01,0.0,0.0,0.0,0.0,0.0,0.0,0,34326.0
0,0,14,9,520,0,0,0,0,0,0,0,0,0,0,0,0,0,0,0,0,0,364,364,0.0,0.0,0.0,0.0,1.0,0.0,0.0,255,255,1.0,0.0,1.0,0.0,0.0,0.0,0.0,0.0,1,75184.0
0,1,19,9,6062,0,0,0,0,0,0,0,0,0,0,0,0,0,0,0,0,0,15,15,0.0,0.0,0.0,0.0,1.0,0.0,0.0,85,44,0.52,0.04,0.52,0.0,0.0,0.0,0.0,0.0,0,87753.0
0,1,17,5,0,0,0,0,0,0,0,0,0,0,0,0,0,0,0,0,0,0,278,3,1.0,1.0,0.0,0.0,0.01,0.05,0.0,255,3,0.01,0.05,0.0,0.0,1.0,1.0,0.0,0.0,1,15210.0
0,1,22,9,211,478,0,0,0,0,0,1,0,0,0,0,0,0,0,0,0,0,4,4,0.25,0.25,0.0,0.0,1.0,0.0,0.0,255,255,1.0,0.0,0.0,0.0,0.01,0.01,0.0,0.0,0,112462.0
1,1,44,4,0,0,0,0,0,0,0,0,0,0,0,0,0,0,0,0,0,0,1,1,0.0,0.0,1.0,1.0,1.0,0.0,0.0,255,1,0.0,0.57,0.56,0.0,0.0,0.0,0.57,1.0,1,8603.0
0,1,22,9,218,406,0,0,0,0,0,1,0,0,0,0,0,0,0,0,0,0,2,2,0.0,0.0,0.0,0.0,1.0,0.0,0.0,255,255,1.0,0.0,0.0,0.0,0.0,0.0,0.0,0.0,0,58985.0
0,2,44,9,1,74,0,0,0,0,0,0,0,0,0,0,0,0,0,0,0,0,23,2,0.0,0.0,0.0,0.0,0.09,0.17,0.0,255,2,0.01,0.8,0.22,0.0,0.16,0.0,0.62,0.0,1,90204.0
0,1,44,5,0,0,0,0,0,0,0,0,0,0,0,0,0,0,0,0,0,0,8,1,1.0,1.0,0.0,0.0,0.12,0.38,0.0,255,5,0.02,0.09,0.0,0.0,1.0,1.0,0.0,0.0,1,76108.0
0,1,22,9,322,1931,0,0,0,0,0,1,0,0,0,0,0,0,0,0,0,0,6,33,0.0,0.0,0.0,0.0,1.0,0.0,0.06,255,255,1.0,0.0,0.0,0.0,0.0,0.0,0.0,0.0,0,73470.0
0,0,13,9,8,0,0,0,0,0,0,0,0,0,0,0,0,0,0,0,0,0,1,5,0.0,0.0,0.0,0.0,1.0,0.0,1.0,1,5,1.0,0.0,1.0,0.8,0.0,0.0,0.0,0.0,1,6043.0
0,1,5,5,0,0,0,0,0,0,0,0,0,0,0,0,0,0,0,0,0,0,113,5,1.0,1.0,0.0,0.0,0.04,0.07,0.0,255,5,0.02,0.07,0.0,0.0,1.0,1.0,0.0,0.0,1,116295.0
0,1,44,5,0,0,0,0,0,0,0,0,0,0,0,0,0,0,0,0,0,0,108,5,1.0,1.0,0.0,0.0,0.05,0.06,0.0,255,8,0.03,0.06,0.0,0.0,1.0,1.0,0.0,0.0,1,92604.0
0,1,21,5,0,0,0,0,0,0,0,0,0,0,0,0,0,0,0,0,0,0,54,1,1.0,1.0,0.0,0.0,0.02,0.11,0.0,255,1,0.0,0.09,0.0,0.0,1.0,1.0,0.0,0.0,1,14706.0
0,1,44,5,0,0,0,0,0,0,0,0,0,0,0,0,0,0,0,0,0,0,190,19,1.0,1.0,0.0,0.0,0.1,0.07,0.0,255,19,0.07,0.07,0.0,0.0,1.0,1.0,0.0,0.0,1,22553.0
1,1,49,9,2243,333,0,0,0,0,0,1,0,0,0,0,0,0,0,0,0,0,2,3,0.0,0.0,0.0,0.0,1.0,0.0,0.67,124,83,0.67,0.05,0.01,0.0,0.0,0.0,0.0,0.0,0,112615.0
0,1,22,9,242,1637,0,0,0,0,0,1,0,0,0,0,0,0,0,0,0,0,16,16,0.0,0.0,0.0,0.0,1.0,0.0,0.0,255,255,1.0,0.0,0.0,0.0,0.0,0.0,0.0,0.0,0,64542.0
0,1,22,9,203,3950,0,0,0,0,0,1,0,0,0,0,0,0,0,0,0,0,1,1,0.0,0.0,0.0,0.0,1.0,0.0,0.0,255,255,1.0,0.0,0.0,0.0,0.0,0.0,0.0,0.0,0,34929.0
0,1,22,9,155,2672,0,0,0,0,0,1,0,0,0,0,0,0,0,0,0,0,2,2,0.0,0.0,0.0,0.0,1.0,0.0,0.0,19,255,1.0,0.0,0.05,0.02,0.0,0.0,0.0,0.0,0,101048.0
0,1,33,5,0,0,0,0,0,0,0,0,0,0,0,0,0,0,0,0,0,0,224,8,1.0,1.0,0.0,0.0,0.04,0.06,0.0,255,1,0.0,0.07,0.0,0.0,1.0,1.0,0.0,0.0,1,108263.0
0,1,59,5,0,0,0,0,0,0,0,0,0,0,0,0,0,0,0,0,0,0,117,16,1.0,1.0,0.0,0.0,0.14,0.06,0.0,255,16,0.06,0.07,0.0,0.0,1.0,1.0,0.0,0.0,1,36543.0
0,1,55,2,126,179,0,0,0,1,1,0,0,0,0,0,0,0,0,0,0,0,2,2,0.0,0.0,1.0,1.0,1.0,0.0,0.0,21,21,1.0,0.0,0.05,0.0,0.05,0.05,0.95,0.95,1,6636.0
0,1,44,5,0,0,0,0,0,0,0,0,0,0,0,0,0,0,0,0,0,0,42,7,1.0,1.0,0.0,0.0,0.17,0.12,0.0,255,16,0.06,0.08,0.0,0.0,1.0,1.0,0.0,0.0,1,44448.0
0,1,19,5,0,0,0,0,0,0,0,0,0,0,0,0,0,0,0,0,0,0,189,16,1.0,1.0,0.0,0.0,0.08,0.06,0.0,255,16,0.06,0.06,0.0,0.0,1.0,1.0,0.0,0.0,1,55531.0
0,1,19,9,2056,0,0,0,0,0,0,1,0,0,0,0,0,0,0,0,0,0,12,12,0.0,0.0,0.0,0.0,1.0,0.0,0.0,67,77,0.73,0.04,0.72,0.04,0.0,0.0,0.0,0.0,0,102434.0
0,1,44,5,0,0,0,0,0,0,0,0,0,0,0,0,0,0,0,0,0,0,208,12,1.0,1.0,0.0,0.0,0.06,0.07,0.0,255,12,0.05,0.07,0.0,0.0,1.0,1.0,0.0,0.0,1,57453.0
0,1,22,9,231,6538,0,0,0,0,0,1,0,0,0,0,0,0,0,0,0,0,2,3,0.0,0.0,0.0,0.0,1.0,0.0,0.67,43,255,1.0,0.0,0.02,0.03,0.0,0.0,0.0,0.0,0,46475.0
0,1,22,9,285,1691,0,0,0,0,0,1,0,0,0,0,0,0,0,0,0,0,13,13,0.0,0.0,0.0,0.0,1.0,0.0,0.0,28,255,1.0,0.0,0.04,0.04,0.0,0.0,0.0,0.0,0,83517.0
0,0,14,9,1032,0,0,0,0,0,0,0,0,0,0,0,0,0,0,0,0,0,511,511,0.0,0.0,0.0,0.0,1.0,0.0,0.0,255,197,0.77,0.02,0.77,0.0,0.0,0.0,0.02,0.0,1,95432.0
0,1,26,5,0,0,0,0,0,0,0,0,0,0,0,0,0,0,0,0,0,0,59,23,1.0,1.0,0.0,0.0,0.39,0.05,0.0,255,23,0.09,0.04,0.0,0.0,1.0,1.0,0.0,0.0,1,43729.0
0,0,13,9,8,0,0,0,0,0,0,0,0,0,0,0,0,0,0,0,0,0,1,23,0.0,0.0,0.0,0.0,1.0,0.0,1.0,2,114,1.0,0.0,1.0,0.5,0.0,0.0,0.0,0.0,1,83938.0
0,2,44,9,28,0,0,3,0,0,0,0,0,0,0,0,0,0,0,0,0,0,85,85,0.0,0.0,0.0,0.0,1.0,0.0,0.0,255,85,0.33,0.02,0.33,0.0,0.0,0.0,0.0,0.0,1,65054.0
0,1,44,5,0,0,0,0,0,0,0,0,0,0,0,0,0,0,0,0,0,0,232,17,1.0,1.0,0.0,0.0,0.07,0.06,0.0,255,12,0.05,0.06,0.0,0.0,1.0,1.0,0.0,0.0,1,114712.0
0,1,22,9,225,1155,0,0,0,0,0,1,0,0,0,0,0,0,0,0,0,0,28,29,0.0,0.0,0.0,0.0,1.0,0.0,0.07,101,255,1.0,0.0,0.01,0.02,0.01,0.0,0.0,0.0,0,68657.0
0,1,57,5,0,0,0,0,0,0,0,0,0,0,0,0,0,0,0,0,0,0,256,4,1.0,1.0,0.0,0.0,0.02,0.07,0.0,255,3,0.01,0.07,0.0,0.0,1.0,1.0,0.0,0.0,1,69898.0
0,1,49,9,1339,325,0,0,0,0,0,1,0,0,0,0,0,0,0,0,0,0,1,1,0.0,0.0,0.0,0.0,1.0,0.0,0.0,32,189,0.69,0.09,0.03,0.01,0.0,0.0,0.0,0.0,0,34306.0
0,1,62,5,0,0,0,0,0,0,0,0,0,0,0,0,0,0,0,0,0,0,227,4,1.0,1.0,0.0,0.0,0.02,0.07,0.0,255,4,0.02,0.07,0.0,0.0,1.0,1.0,0.0,0.0,1,72605.0
0,0,13,9,8,0,0,0,0,0,0,0,0,0,0,0,0,0,0,0,0,0,1,51,0.0,0.0,0.0,0.0,1.0,0.0,1.0,2,36,1.0,0.0,1.0,0.5,0.0,0.0,0.0,0.0,1,49744.0
0,2,11,9,42,42,0,0,0,0,0,0,0,0,0,0,0,0,0,0,0,0,6,9,0.0,0.0,0.0,0.0,1.0,0.0,0.22,70,67,0.96,0.04,0.01,0.0,0.0,0.0,0.0,0.0,0,66703.0
0,1,22,9,209,1253,0,0,0,0,0,1,0,0,0,0,0,0,0,0,0,0,25,25,0.0,0.0,0.0,0.0,1.0,0.0,0.0,106,255,1.0,0.0,0.01,0.03,0.0,0.0,0.0,0.0,0,107024.0
0,1,22,9,237,3222,0,0,0,0,0,1,0,0,0,0,0,0,0,0,0,0,2,2,0.0,0.0,0.0,0.0,1.0,0.0,0.0,255,233,0.91,0.02,0.0,0.0,0.0,0.0,0.0,0.0,0,79029.0
0,1,22,9,298,2239,0,0,0,0,0,1,0,0,0,0,0,0,0,0,0,0,6,6,0.0,0.0,0.0,0.0,1.0,0.0,0.0,255,248,0.97,0.01,0.0,0.0,0.0,0.0,0.0,0.0,0,5953.0
815,2,40,9,146,105,0,0,0,0,0,0,0,0,0,0,0,0,0,0,0,0,1,1,0.0,0.0,0.0,0.0,1.0,0.0,0.0,255,1,0.0,0.5,0.88,0.0,0.0,0.0,0.0,0.0,0,7631.0
0,1,22,9,341,1013,0,0,0,0,0,1,0,0,0,0,0,0,0,0,0,0,34,34,0.0,0.0,0.0,0.0,1.0,0.0,0.0,255,255,1.0,0.0,0.0,0.0,0.0,0.0,0.0,0.0,0,45516.0
0,1,55,5,0,0,0,0,0,0,0,0,0,0,0,0,0,0,0,0,0,0,67,16,1.0,1.0,0.0,0.0,0.24,0.06,0.0,255,63,0.25,0.02,0.0,0.0,1.0,1.0,0.0,0.0,1,59777.0
0,1,22,9,307,1158,0,0,0,0,0,1,0,0,0,0,0,0,0,0,0,0,5,5,0.0,0.0,0.0,0.0,1.0,0.0,0.0,120,255,1.0,0.0,0.01,0.05,0.01,0.01,0.0,0.0,0,31944.0
0,1,22,9,221,1752,0,0,0,0,0,1,0,0,0,0,0,0,0,0,0,0,24,30,0.0,0.0,0.04,0.03,1.0,0.0,0.07,57,255,1.0,0.0,0.02,0.01,0.0,0.0,0.02,0.0,0,63129.0
0,1,22,9,234,2507,0,0,0,0,0,1,0,0,0,0,0,0,0,0,0,0,8,8,0.0,0.0,0.0,0.0,1.0,0.0,0.0,255,254,1.0,0.01,0.0,0.0,0.0,0.0,0.0,0.0,0,40246.0
0,2,11,9,33,0,0,0,0,0,0,0,0,0,0,0,0,0,0,0,0,0,1,3,0.0,0.0,0.0,0.0,1.0,0.0,0.67,247,38,0.15,0.02,0.15,0.05,0.0,0.0,0.0,0.0,0,1946.0
0,1,44,1,0,0,0,0,0,0,0,0,0,0,0,0,0,0,0,0,0,0,2,1,0.0,0.0,1.0,1.0,0.5,1.0,0.0,255,1,0.0,0.98,0.98,0.0,0.0,0.0,0.98,1.0,1,70345.0
0,1,20,5,0,0,0,0,0,0,0,0,0,0,0,0,0,0,0,0,0,0,207,4,1.0,1.0,0.0,0.0,0.02,0.06,0.0,255,4,0.02,0.06,0.0,0.0,1.0,1.0,0.0,0.0,1,23403.0
0,1,36,5,0,0,0,0,0,0,0,0,0,0,0,0,0,0,0,0,0,0,277,10,1.0,1.0,0.0,0.0,0.04,0.05,0.0,255,1,0.0,0.09,0.0,0.0,1.0,1.0,0.0,0.0,1,6805.0
0,2,44,9,215,0,0,0,0,0,0,0,0,0,0,0,0,0,0,0,0,0,1,1,0.0,0.0,0.0,0.0,1.0,0.0,0.0,201,169,0.84,0.01,0.84,0.0,0.0,0.0,0.0,0.0,1,88481.0
0,1,7,5,0,0,0,0,0,0,0,0,0,0,0,0,0,0,0,0,0,0,235,1,1.0,1.0,0.0,0.0,0.0,0.05,0.0,255,1,0.0,0.05,0.0,0.0,1.0,1.0,0.0,0.0,1,109646.0
0,1,19,9,192,0,0,0,0,0,0,1,0,0,0,0,0,0,0,0,0,0,2,2,0.0,0.0,0.0,0.0,1.0,0.0,0.0,39,137,0.77,0.08,0.77,0.01,0.0,0.0,0.0,0.0,0,102973.0
0,1,34,5,0,0,0,0,0,0,0,0,0,0,0,0,0,0,0,0,0,0,15,8,1.0,1.0,0.0,0.0,0.53,0.2,0.0,255,8,0.03,0.07,0.0,0.0,1.0,1.0,0.0,0.0,1,122381.0
0,1,57,5,0,0,0,0,0,0,0,0,0,0,0,0,0,0,0,0,0,0,118,13,1.0,1.0,0.0,0.0,0.11,0.06,0.0,255,13,0.05,0.08,0.0,0.0,1.0,1.0,0.0,0.0,1,70241.0
0,1,22,5,0,0,0,0,0,0,0,0,0,0,0,0,0,0,0,0,0,0,2,2,0.5,0.5,0.0,0.0,1.0,0.0,0.0,2,255,1.0,0.0,1.0,0.05,0.5,0.0,0.0,0.01,0,107486.0
0,1,19,9,2881,0,0,0,0,0,0,1,0,0,0,0,0,0,0,0,0,0,6,6,0.0,0.0,0.0,0.0,1.0,0.0,0.0,181,54,0.3,0.02,0.3,0.0,0.0,0.0,0.0,0.0,0,100686.0
0,1,22,9,257,2917,0,0,0,0,0,1,0,0,0,0,0,0,0,0,0,0,6,7,0.0,0.0,0.0,0.0,1.0,0.0,0.29,255,255,1.0,0.0,0.0,0.0,0.0,0.0,0.0,0.0,0,84766.0
0,0,14,9,1032,0,0,0,0,0,0,0,0,0,0,0,0,0,0,0,0,0,511,511,0.0,0.0,0.0,0.0,1.0,0.0,0.0,255,154,0.6,0.02,0.6,0.0,0.0,0.0,0.02,0.0,1,76078.0
0,1,44,5,0,0,0,0,0,0,0,0,0,0,0,0,0,0,0,0,0,0,150,7,1.0,1.0,0.0,0.0,0.05,0.06,0.0,255,7,0.03,0.07,0.0,0.0,1.0,1.0,0.0,0.0,1,82632.0
1,1,49,9,2289,330,0,0,0,0,0,1,0,0,0,0,0,0,0,0,0,0,1,2,0.0,0.0,0.0,0.0,1.0,0.0,1.0,142,159,0.68,0.04,0.01,0.01,0.01,0.01,0.0,0.0,0,75290.0
0,2,11,9,33,93,0,0,0,0,0,0,0,0,0,0,0,0,0,0,0,0,4,4,0.0,0.0,0.0,0.0,1.0,0.0,0.0,255,242,0.95,0.01,0.01,0.0,0.0,0.0,0.0,0.0,0,44207.0
0,1,22,9,192,1194,0,0,0,0,0,1,0,0,0,0,0,0,0,0,0,0,5,5,0.0,0.0,0.0,0.0,1.0,0.0,0.0,5,255,1.0,0.0,0.2,0.04,0.0,0.0,0.0,0.0,0,103325.0
0,1,44,5,0,0,0,0,0,0,0,0,0,0,0,0,0,0,0,0,0,0,232,19,1.0,1.0,0.0,0.0,0.08,0.06,0.0,255,33,0.13,0.05,0.0,0.0,1.0,1.0,0.0,0.0,1,67365.0
0,1,22,9,223,1432,0,0,0,0,0,1,0,0,0,0,0,0,0,0,0,0,27,28,0.0,0.0,0.0,0.0,1.0,0.0,0.07,100,255,1.0,0.0,0.01,0.05,0.0,0.0,0.0,0.0,0,79462.0
4748,2,40,9,147,105,0,0,0,0,0,0,0,0,0,0,0,0,0,0,0,0,1,1,0.0,0.0,0.0,0.0,1.0,0.0,0.0,255,1,0.0,0.53,0.92,0.0,0.0,0.0,0.0,0.0,0,78080.0
0,1,22,9,325,608,0,0,0,0,0,1,0,0,0,0,0,0,0,0,0,0,4,4,0.0,0.0,0.0,0.0,1.0,0.0,0.0,255,255,1.0,0.0,0.0,0.0,0.0,0.0,0.0,0.0,0,59119.0
0,1,22,9,277,45760,0,0,0,0,0,1,0,0,0,0,0,0,0,0,0,0,1,1,0.0,0.0,0.0,0.0,1.0,0.0,0.0,28,255,1.0,0.0,0.04,0.04,0.0,0.0,0.0,0.0,0,72709.0
0,2,11,9,41,128,0,0,0,0,0,0,0,0,0,0,0,0,0,0,0,0,77,156,0.0,0.0,0.0,0.0,0.97,0.04,0.01,255,241,0.95,0.01,0.0,0.0,0.0,0.0,0.0,0.0,0,92384.0
0,1,29,5,0,0,0,0,0,0,0,0,0,0,0,0,0,0,0,0,0,0,213,14,1.0,1.0,0.0,0.0,0.07,0.05,0.0,255,14,0.05,0.06,0.0,0.0,1.0,1.0,0.0,0.0,1,54310.0
0,1,22,9,220,770,0,0,0,0,0,1,0,0,0,0,0,0,0,0,0,0,2,2,0.0,0.0,0.0,0.0,1.0,0.0,0.0,255,255,1.0,0.0,0.0,0.0,0.0,0.0,0.0,0.0,0,110468.0
0,1,22,9,238,1910,0,0,0,0,0,1,0,0,0,0,0,0,0,0,0,0,3,3,0.0,0.0,0.0,0.0,1.0,0.0,0.0,8,255,1.0,0.0,0.12,0.04,0.0,0.0,0.0,0.0,0,58142.0
0,1,22,9,387,1601,0,0,0,0,0,1,0,0,0,0,0,0,0,0,0,0,10,10,0.0,0.0,0.0,0.0,1.0,0.0,0.0,68,255,1.0,0.0,0.01,0.02,0.0,0.0,0.0,0.0,0,14578.0
0,1,22,9,335,14638,0,0,0,0,0,1,0,0,0,0,0,0,0,0,0,0,10,17,0.0,0.0,0.0,0.0,1.0,0.0,0.12,255,255,1.0,0.0,0.0,0.0,0.0,0.0,0.0,0.0,0,16161.0
13816,1,40,4,1,0,0,0,0,0,0,0,0,0,0,0,0,0,0,0,0,0,2,2,0.0,0.0,1.0,1.0,1.0,0.0,0.0,255,2,0.01,0.68,1.0,0.0,0.0,0.0,1.0,1.0,1,3561.0
34,1,18,9,236,769,0,0,0,4,0,1,0,0,0,0,0,0,0,0,0,1,1,1,0.0,0.0,0.0,0.0,1.0,0.0,0.0,82,27,0.33,0.06,0.01,0.0,0.01,0.0,0.0,0.0,0,112425.0
0,0,14,9,1032,0,0,0,0,0,0,0,0,0,0,0,0,0,0,0,0,0,3,3,0.0,0.0,0.0,0.0,1.0,0.0,0.0,255,151,0.59,0.02,0.59,0.0,0.0,0.0,0.02,0.0,1,82805.0
0,2,11,9,44,44,0,0,0,0,0,0,0,0,0,0,0,0,0,0,0,0,169,169,0.0,0.0,0.0,0.0,1.0,0.0,0.0,255,255,1.0,0.0,0.0,0.0,0.0,0.0,0.0,0.0,0,81236.0
0,1,25,5,0,0,0,0,0,0,0,0,0,0,0,0,0,0,0,0,0,0,233,4,1.0,1.0,0.0,0.0,0.02,0.06,0.0,255,4,0.02,0.07,0.0,0.0,1.0,1.0,0.0,0.0,1,47065.0
0,2,11,9,45,123,0,0,0,0,0,0,0,0,0,0,0,0,0,0,0,0,75,155,0.0,0.0,0.0,0.0,1.0,0.0,0.01,255,255,1.0,0.0,0.0,0.0,0.0,0.0,0.0,0.0,0,88919.0
0,1,4,5,0,0,0,0,0,0,0,0,0,0,0,0,0,0,0,0,0,0,239,20,1.0,1.0,0.0,0.0,0.08,0.05,0.0,197,20,0.1,0.06,0.01,0.0,0.99,1.0,0.0,0.0,1,39136.0
0,1,44,5,0,0,0,0,0,0,0,0,0,0,0,0,0,0,0,0,0,0,112,6,1.0,1.0,0.0,0.0,0.05,0.06,0.0,255,21,0.08,0.06,0.0,0.0,1.0,1.0,0.0,0.0,1,96381.0
0,2,40,9,113,0,0,0,0,0,0,0,0,0,0,0,0,0,0,0,0,0,9,8,0.0,0.0,0.0,0.0,0.89,0.22,0.0,255,8,0.03,0.59,0.03,0.0,0.0,0.0,0.0,0.0,0,3752.0
0,1,19,9,26,0,0,0,0,0,0,1,0,0,0,0,0,0,0,0,0,0,2,2,0.0,0.0,0.0,0.0,1.0,0.0,0.0,84,16,0.05,0.06,0.05,0.12,0.01,0.0,0.0,0.0,0,50964.0
0,1,22,9,240,3233,0,0,0,0,0,1,0,0,0,0,0,0,0,0,0,0,20,22,0.0,0.0,0.0,0.0,1.0,0.0,0.09,255,255,1.0,0.0,0.0,0.0,0.0,0.0,0.0,0.0,0,77121.0
0,1,44,1,0,0,0,0,0,0,0,0,0,0,0,0,0,0,0,0,0,0,306,1,0.03,0.0,0.95,1.0,0.0,1.0,0.0,255,1,0.0,0.98,0.0,0.0,0.04,0.0,0.93,1.0,1,97791.0
0,1,44,1,0,0,0,0,0,0,0,0,0,0,0,0,0,0,0,0,0,0,139,17,0.0,0.0,1.0,1.0,0.12,0.06,0.0,255,15,0.06,0.07,0.0,0.0,0.0,0.0,1.0,1.0,1,124349.0
0,1,44,5,0,0,0,0,0,0,0,0,0,0,0,0,0,0,0,0,0,0,144,14,1.0,1.0,0.0,0.0,0.1,0.06,0.0,255,9,0.04,0.07,0.0,0.0,1.0,1.0,0.0,0.0,1,92717.0
0,1,7,5,0,0,0,0,0,0,0,0,0,0,0,0,0,0,0,0,0,0,236,1,1.0,1.0,0.0,0.0,0.0,0.05,0.0,255,1,0.0,0.05,0.0,0.0,1.0,1.0,0.0,0.0,1,109886.0
0,0,13,9,30,0,0,0,0,0,0,0,0,0,0,0,0,0,0,0,0,0,2,1,0.0,0.0,0.0,0.0,0.5,1.0,0.0,255,4,0.02,0.01,0.13,0.0,0.0,0.0,0.0,0.0,0,22394.0
0,2,11,9,45,140,0,0,0,0,0,0,0,0,0,0,0,0,0,0,0,0,15,43,0.0,0.0,0.0,0.0,1.0,0.0,0.05,255,216,0.85,0.01,0.0,0.0,0.0,0.0,0.0,0.0,0,37864.0
0,1,55,5,0,0,0,0,0,0,0,0,0,0,0,0,0,0,0,0,0,0,300,20,1.0,1.0,0.0,0.0,0.07,0.06,0.0,255,20,0.08,0.07,0.0,0.0,1.0,1.0,0.0,0.0,1,77186.0
0,1,22,1,0,0,0,0,0,0,0,0,0,0,0,0,0,0,0,0,0,0,270,19,0.0,0.0,1.0,1.0,0.07,0.06,0.0,255,19,0.07,0.09,0.0,0.0,0.0,0.0,1.0,1.0,1,108268.0
0,1,22,9,192,3406,0,0,0,0,0,1,0,0,0,0,0,0,0,0,0,0,4,5,0.0,0.0,0.0,0.0,1.0,0.0,0.4,26,255,1.0,0.0,0.04,0.04,0.0,0.0,0.0,0.0,0,97610.0
0,1,22,9,239,3139,0,0,0,0,0,1,0,0,0,0,0,0,0,0,0,0,7,7,0.0,0.0,0.0,0.0,1.0,0.0,0.0,166,255,1.0,0.0,0.01,0.02,0.01,0.0,0.0,0.0,0,98718.0
0,1,27,5,0,0,0,0,0,0,0,0,0,0,0,0,0,0,0,0,0,0,148,19,1.0,1.0,0.0,0.0,0.13,0.05,0.0,255,19,0.07,0.06,0.0,0.0,1.0,1.0,0.0,0.0,1,65979.0
0,1,59,5,0,0,0,0,0,0,0,0,0,0,0,0,0,0,0,0,0,0,101,3,1.0,1.0,0.0,0.0,0.03,0.06,0.0,255,3,0.01,0.05,0.0,0.0,1.0,1.0,0.0,0.0,1,106004.0
0,1,51,1,0,0,0,0,0,0,0,0,0,0,0,0,0,0,0,0,0,0,231,7,0.0,0.0,1.0,1.0,0.03,0.06,0.0,255,7,0.03,0.07,0.0,0.0,0.0,0.0,1.0,1.0,1,41020.0
0,1,25,5,0,0,0,0,0,0,0,0,0,0,0,0,0,0,0,0,0,0,298,14,1.0,1.0,0.0,0.0,0.05,0.05,0.0,255,14,0.05,0.07,0.0,0.0,1.0,1.0,0.0,0.0,1,94330.0
0,1,22,9,230,289,0,0,0,0,0,1,0,0,0,0,0,0,0,0,0,0,10,37,0.0,0.0,0.0,0.0,1.0,0.0,0.14,10,255,1.0,0.0,0.1,0.01,0.0,0.0,0.0,0.0,0,112560.0
0,1,17,9,10,288,0,0,0,0,0,0,0,0,0,0,0,0,0,0,0,0,1,1,0.0,0.0,0.0,0.0,1.0,0.0,0.0,28,12,0.04,0.18,0.04,0.17,0.0,0.08,0.0,0.0,0,23622.0
0,1,44,5,0,0,0,0,0,0,0,0,0,0,0,0,0,0,0,0,0,0,161,5,1.0,1.0,0.0,0.0,0.03,0.07,0.0,255,5,0.02,0.08,0.0,0.0,1.0,1.0,0.0,0.0,1,8093.0
0,1,49,9,822,330,0,0,0,0,0,1,0,0,0,0,0,0,0,0,0,0,1,1,0.0,0.0,0.0,0.0,1.0,0.0,0.0,212,137,0.65,0.06,0.0,0.0,0.01,0.01,0.0,0.0,0,94531.0
0,1,22,9,227,955,0,0,0,0,0,1,0,0,0,0,0,0,0,0,0,0,4,14,0.0,0.0,0.0,0.0,1.0,0.0,0.43,188,255,1.0,0.0,0.01,0.02,0.0,0.0,0.0,0.0,0,106220.0
0,2,44,9,1,0,0,0,0,0,0,0,0,0,0,0,0,0,0,0,0,0,62,16,0.0,0.0,0.0,0.0,0.26,0.08,0.0,255,39,0.15,0.22,1.0,0.0,0.0,0.0,0.0,0.0,1,79099.0
0,1,22,9,235,336,0,0,0,0,0,1,0,0,0,0,0,0,0,0,0,0,13,13,0.0,0.0,0.0,0.0,1.0,0.0,0.0,255,255,1.0,0.0,0.0,0.0,0.0,0.0,0.0,0.0,0,53236.0
0,2,11,9,45,74,0,0,0,0,0,0,0,0,0,0,0,0,0,0,0,0,301,301,0.0,0.0,0.0,0.0,1.0,0.0,0.0,255,254,1.0,0.01,0.0,0.0,0.0,0.0,0.0,0.0,0,47718.0
0,1,22,9,290,3606,0,0,0,0,0,1,0,0,0,0,0,0,0,0,0,0,8,8,0.0,0.0,0.0,0.0,1.0,0.0,0.0,255,255,1.0,0.0,0.0,0.0,0.0,0.0,0.0,0.0,0,89729.0
0,2,44,9,1,0,0,0,0,0,0,0,0,0,0,0,0,0,0,0,0,0,11,1,0.0,0.0,0.0,0.0,0.09,0.64,0.0,255,1,0.0,0.64,0.48,0.0,0.0,0.0,0.52,0.0,1,61943.0
0,1,44,5,0,0,0,0,0,0,0,0,0,0,0,0,0,0,0,0,0,0,172,6,1.0,1.0,0.0,0.0,0.03,0.07,0.0,255,6,0.02,0.08,0.0,0.0,1.0,1.0,0.0,0.0,1,93795.0
0,2,11,9,45,110,0,0,0,0,0,0,0,0,0,0,0,0,0,0,0,0,1,3,0.0,0.0,0.0,0.0,1.0,0.0,0.67,255,235,0.92,0.01,0.0,0.0,0.0,0.0,0.02,0.0,0,119703.0
0,1,54,1,0,0,0,0,0,0,0,0,0,0,0,0,0,0,0,0,0,0,144,14,0.0,0.0,1.0,1.0,0.1,0.06,0.0,255,12,0.05,0.07,0.0,0.0,0.0,0.0,1.0,1.0,1,54035.0
0,2,44,9,28,0,0,3,0,0,0,0,0,0,0,0,0,0,0,0,0,0,52,52,0.0,0.0,0.0,0.0,1.0,0.0,0.0,255,52,0.2,0.04,0.2,0.0,0.02,0.0,0.0,0.0,1,26698.0
0,1,44,5,0,0,0,0,0,0,0,0,0,0,0,0,0,0,0,0,0,0,285,12,1.0,1.0,0.0,0.0,0.04,0.06,0.0,255,12,0.05,0.08,0.0,0.0,1.0,1.0,0.0,0.0,1,48230.0
0,0,14,9,1032,0,0,0,0,0,0,0,0,0,0,0,0,0,0,0,0,0,511,511,0.0,0.0,0.0,0.0,1.0,0.0,0.0,255,105,0.41,0.09,0.41,0.0,0.0,0.0,0.0,0.0,1,119531.0
1,1,49,9,3130,328,0,0,0,0,0,1,0,0,0,0,0,0,0,0,0,0,1,2,0.0,0.0,0.0,0.0,1.0,0.0,1.0,95,166,0.43,0.05,0.01,0.01,0.0,0.0,0.03,0.03,0,51036.0
0,2,44,9,28,0,0,3,0,0,0,0,0,0,0,0,0,0,0,0,0,0,62,61,0.0,0.0,0.02,0.0,0.98,0.03,0.0,255,61,0.24,0.02,0.24,0.0,0.0,0.0,0.57,0.0,1,94887.0
0,1,17,5,0,0,0,0,0,0,0,0,0,0,0,0,0,0,0,0,0,0,24,4,1.0,1.0,0.0,0.0,0.17,0.08,0.0,255,4,0.02,0.07,0.02,0.0,1.0,1.0,0.0,0.0,1,39877.0
0,1,22,9,294,616,0,0,0,0,0,1,0,0,0,0,0,0,0,0,0,0,16,18,0.0,0.0,0.0,0.0,1.0,0.0,0.11,255,255,1.0,0.0,0.0,0.0,0.0,0.0,0.0,0.0,0,81811.0
0,1,6,1,0,0,0,0,0,0,0,0,0,0,0,0,0,0,0,0,0,0,241,8,0.0,0.0,1.0,1.0,0.03,0.07,0.0,255,8,0.03,0.07,0.0,0.0,0.0,0.0,1.0,1.0,1,50159.0
0,1,44,5,0,0,0,0,0,0,0,0,0,0,0,0,0,0,0,0,0,0,237,19,1.0,1.0,0.0,0.0,0.08,0.05,0.0,98,19,0.19,0.1,0.01,0.0,0.86,1.0,0.01,0.0,1,46956.0
0,1,22,1,0,0,0,0,0,0,0,0,0,0,0,0,0,0,0,0,0,0,1,1,0.0,0.0,1.0,1.0,1.0,0.0,0.0,13,76,1.0,0.0,0.08,0.26,0.0,0.0,1.0,1.0,0,76041.0
0,1,42,9,38,130,0,0,0,0,0,1,0,0,0,0,0,0,0,0,0,0,1,1,0.0,0.0,0.0,0.0,1.0,0.0,0.0,255,6,0.02,0.02,0.0,0.0,0.0,0.0,0.0,0.0,0,40714.0
0,1,22,9,291,4317,0,0,0,0,0,1,0,0,0,0,0,0,0,0,0,0,13,13,0.0,0.0,0.0,0.0,1.0,0.0,0.0,13,255,1.0,0.0,0.08,0.02,0.0,0.0,0.0,0.01,0,93710.0
0,1,23,1,0,0,0,0,0,0,0,0,0,0,0,0,0,0,0,0,0,0,127,4,0.0,0.0,1.0,1.0,0.03,0.07,0.0,255,4,0.02,0.07,0.0,0.0,0.0,0.0,1.0,1.0,1,100445.0
0,1,3,9,9,36,0,0,0,0,0,1,0,0,0,0,0,0,0,0,0,0,2,1,0.0,0.0,0.0,0.0,0.5,1.0,0.0,255,13,0.05,0.02,0.0,0.0,0.0,0.0,0.0,0.0,0,31860.0
0,1,22,9,320,2056,0,0,0,0,0,1,0,0,0,0,0,0,0,0,0,0,8,8,0.0,0.0,0.0,0.0,1.0,0.0,0.0,134,255,1.0,0.0,0.01,0.01,0.0,0.01,0.0,0.0,0,98423.0
0,1,2,5,0,0,0,0,0,0,0,0,0,0,0,0,0,0,0,0,0,0,256,14,1.0,1.0,0.0,0.0,0.05,0.06,0.0,255,14,0.05,0.06,0.0,0.0,1.0,1.0,0.0,0.0,1,5982.0
0,1,3,5,0,0,0,0,0,0,0,0,0,0,0,0,0,0,0,0,0,0,234,16,1.0,1.0,0.0,0.0,0.07,0.06,0.0,255,16,0.06,0.07,0.0,0.0,1.0,1.0,0.0,0.0,1,108508.0
0,1,22,9,217,363,0,0,0,0,0,1,0,0,0,0,0,0,0,0,0,0,4,4,0.0,0.0,0.0,0.0,1.0,0.0,0.0,16,255,1.0,0.0,0.06,0.02,0.0,0.0,0.0,0.0,0,68146.0
0,1,36,5,0,0,0,0,0,0,0,0,0,0,0,0,0,0,0,0,0,0,205,5,1.0,1.0,0.0,0.0,0.02,0.06,0.0,255,18,0.07,0.06,0.0,0.0,1.0,1.0,0.0,0.0,1,10463.0
0,1,49,9,940,333,0,0,0,0,0,1,0,0,0,0,0,0,0,0,0,0,1,1,0.0,0.0,0.0,0.0,1.0,0.0,0.0,40,110,0.77,0.1,0.03,0.02,0.0,0.0,0.0,0.0,0,93149.0
0,1,44,1,0,0,0,0,0,0,0,0,0,0,0,0,0,0,0,0,0,0,111,1,0.0,0.0,1.0,1.0,0.01,0.07,0.0,255,1,0.0,0.06,0.0,0.0,0.0,0.0,1.0,1.0,1,37370.0
4710,2,40,9,147,105,0,0,0,0,0,0,0,0,0,0,0,0,0,0,0,0,4,2,0.0,0.0,0.0,0.0,0.5,0.5,0.0,255,2,0.01,0.84,1.0,0.0,0.0,0.0,0.0,0.0,0,123817.0
0,1,22,9,210,171,0,0,0,0,0,1,0,0,0,0,0,0,0,0,0,0,22,32,0.05,0.06,0.0,0.0,1.0,0.0,0.19,255,255,1.0,0.0,0.0,0.0,0.0,0.0,0.0,0.0,0,81344.0
0,1,22,9,241,9177,0,0,0,0,0,1,0,0,0,0,0,0,0,0,0,0,7,7,0.0,0.0,0.0,0.0,1.0,0.0,0.0,16,255,1.0,0.0,0.06,0.02,0.0,0.0,0.0,0.0,0,39218.0
0,1,22,9,306,1075,0,0,0,0,0,1,0,0,0,0,0,0,0,0,0,0,7,18,0.0,0.0,0.0,0.0,1.0,0.0,0.11,179,175,0.98,0.01,0.01,0.0,0.0,0.0,0.0,0.0,0,122074.0
0,1,22,9,223,1538,0,0,0,0,0,1,0,0,0,0,0,0,0,0,0,0,15,16,0.0,0.0,0.0,0.0,1.0,0.0,0.12,196,231,1.0,0.0,0.01,0.01,0.0,0.0,0.0,0.0,0,63071.0
0,1,44,5,0,0,0,0,0,0,0,0,0,0,0,0,0,0,0,0,0,0,247,14,1.0,1.0,0.0,0.0,0.06,0.06,0.0,255,13,0.05,0.08,0.0,0.0,1.0,1.0,0.0,0.0,1,5304.0
0,0,13,9,8,0,0,0,0,0,0,0,0,0,0,0,0,0,0,0,0,0,1,12,0.0,0.0,0.0,0.0,1.0,0.0,1.0,1,147,1.0,0.0,1.0,0.5,0.0,0.0,0.0,0.0,1,10597.0
0,2,11,9,45,82,0,0,0,0,0,0,0,0,0,0,0,0,0,0,0,0,243,243,0.0,0.0,0.0,0.0,1.0,0.0,0.0,255,254,1.0,0.01,0.0,0.0,0.0,0.0,0.0,0.0,0,18856.0
0,1,22,9,197,7321,0,0,0,0,0,1,0,0,0,0,0,0,0,0,0,0,7,7,0.0,0.0,0.0,0.0,1.0,0.0,0.0,255,255,1.0,0.0,0.0,0.0,0.0,0.0,0.01,0.01,0,112398.0
0,1,22,9,309,748,0,0,0,0,0,1,0,0,0,0,0,0,0,0,0,0,1,19,0.0,0.05,0.0,0.0,1.0,0.0,0.21,233,255,1.0,0.0,0.0,0.01,0.0,0.0,0.0,0.0,0,100409.0
0,1,22,9,331,6827,0,0,0,0,0,1,0,0,0,0,0,0,0,0,0,0,19,19,0.0,0.0,0.0,0.0,1.0,0.0,0.0,255,255,1.0,0.0,0.0,0.0,0.0,0.0,0.0,0.0,0,125651.0
0,2,11,9,43,69,0,0,0,0,0,0,0,0,0,0,0,0,0,0,0,0,168,168,0.0,0.0,0.0,0.0,1.0,0.0,0.0,255,255,1.0,0.0,0.01,0.0,0.0,0.0,0.0,0.0,0,116346.0
0,1,2,1,0,0,0,0,0,0,0,0,0,0,0,0,0,0,0,0,0,0,293,18,0.0,0.0,1.0,1.0,0.06,0.06,0.0,255,18,0.07,0.07,0.0,0.0,0.0,0.0,1.0,1.0,1,77232.0
0,0,13,9,8,0,0,0,0,0,0,0,0,0,0,0,0,0,0,0,0,0,1,39,0.0,0.0,0.0,0.0,1.0,0.0,1.0,1,155,1.0,0.0,1.0,0.5,0.0,0.0,0.0,0.0,1,95185.0
0,1,33,5,0,0,0,0,0,0,0,0,0,0,0,0,0,0,0,0,0,0,194,16,1.0,1.0,0.0,0.0,0.08,0.06,0.0,255,16,0.06,0.07,0.0,0.0,1.0,1.0,0.0,0.0,1,55721.0
0,1,22,9,185,25193,0,0,0,0,0,1,0,0,0,0,0,0,0,0,0,0,8,8,0.0,0.0,0.0,0.0,1.0,0.0,0.0,30,255,1.0,0.0,0.03,0.02,0.0,0.0,0.0,0.0,0,69701.0
0,1,19,9,63,0,0,0,0,0,0,1,0,0,0,0,0,0,0,0,0,0,2,2,0.0,0.0,0.0,0.0,1.0,0.0,0.0,148,31,0.21,0.03,0.21,0.0,0.01,0.0,0.0,0.0,0,69250.0
0,1,32,5,0,0,0,0,0,0,0,0,0,0,0,0,0,0,0,0,0,0,139,19,1.0,1.0,0.0,0.0,0.14,0.05,0.0,255,1,0.0,0.08,0.0,0.0,1.0,1.0,0.0,0.0,1,67756.0
0,2,11,9,43,43,0,0,0,0,0,0,0,0,0,0,0,0,0,0,0,0,190,190,0.0,0.0,0.0,0.0,1.0,0.0,0.0,255,255,1.0,0.0,0.0,0.0,0.0,0.0,0.0,0.0,0,86431.0
0,1,22,9,215,8854,0,0,0,0,0,1,0,0,0,0,0,0,0,0,0,0,2,15,0.0,0.0,0.0,0.0,1.0,0.0,0.33,6,255,1.0,0.0,0.17,0.15,0.0,0.0,0.0,0.64,0,45168.0
0,1,22,9,159,217,0,0,0,0,0,1,0,0,0,0,0,0,0,0,0,0,1,1,0.0,0.0,0.0,0.0,1.0,0.0,0.0,8,255,1.0,0.0,0.12,0.04,0.0,0.0,0.0,0.01,0,78606.0
0,1,22,9,161,9534,0,0,0,0,0,1,0,0,0,0,0,0,0,0,0,0,1,1,0.0,0.0,0.0,0.0,1.0,0.0,0.0,255,255,1.0,0.0,0.0,0.0,0.0,0.0,0.0,0.0,0,107359.0
0,1,17,9,6,169,0,0,0,0,0,0,0,0,0,0,0,0,0,0,0,0,1,1,0.0,0.0,0.0,0.0,1.0,0.0,0.0,5,8,0.2,0.4,0.2,0.25,0.0,0.0,0.0,0.0,0,78673.0
0,0,14,9,1032,0,0,0,0,0,0,0,0,0,0,0,0,0,0,0,0,0,510,510,0.0,0.0,0.0,0.0,1.0,0.0,0.0,255,124,0.49,0.05,0.49,0.0,0.0,0.0,0.0,0.0,1,122610.0
0,1,44,1,0,0,0,0,0,0,0,0,0,0,0,0,0,0,0,0,0,0,154,15,0.0,0.0,1.0,1.0,0.1,0.06,0.0,255,15,0.06,0.07,0.0,0.0,0.0,0.0,1.0,1.0,1,35385.0
0,1,17,5,0,0,0,0,0,0,0,0,0,0,0,0,0,0,0,0,0,0,33,9,1.0,1.0,0.0,0.0,0.27,0.12,0.0,255,41,0.16,0.04,0.0,0.0,1.0,1.0,0.0,0.0,1,52194.0
1,1,49,9,2615,368,0,0,0,0,0,1,0,0,0,0,0,0,0,0,0,0,1,2,0.0,0.0,0.0,0.0,1.0,0.0,1.0,1,124,1.0,0.0,1.0,0.02,0.0,0.0,0.0,0.0,0,27453.0
0,1,22,9,152,39243,0,0,0,1,0,1,0,0,0,0,0,0,0,0,0,0,1,26,0.0,0.0,0.0,0.04,1.0,0.0,0.15,44,255,1.0,0.0,0.02,0.04,0.02,0.01,0.0,0.0,0,33505.0
0,1,44,1,0,0,0,0,0,0,0,0,0,0,0,0,0,0,0,0,0,0,137,16,0.0,0.0,1.0,1.0,0.12,0.06,0.0,255,3,0.01,0.07,0.0,0.0,0.0,0.0,1.0,1.0,1,66717.0
0,1,37,5,0,0,0,0,0,0,0,0,0,0,0,0,0,0,0,0,0,0,130,14,1.0,1.0,0.0,0.0,0.11,0.06,0.0,255,14,0.05,0.07,0.0,0.0,1.0,1.0,0.0,0.0,1,103744.0
0,2,11,9,34,0,0,0,0,0,0,0,0,0,0,0,0,0,0,0,0,0,1,2,0.0,0.0,0.0,0.0,1.0,0.0,1.0,21,29,0.24,0.19,0.24,0.07,0.0,0.0,0.0,0.0,0,83634.0
0,1,22,9,316,293,0,0,0,0,0,1,0,0,0,0,0,0,0,0,0,0,14,14,0.0,0.0,0.0,0.0,1.0,0.0,0.0,222,255,1.0,0.0,0.0,0.01,0.0,0.0,0.0,0.0,0,92137.0
31234,1,44,4,1,0,0,0,0,0,0,0,0,0,0,0,0,0,0,0,0,0,2,2,0.0,0.0,1.0,1.0,1.0,0.0,0.0,255,2,0.01,0.81,1.0,0.0,0.0,0.0,1.0,1.0,1,99897.0
0,1,22,9,198,438,0,0,0,0,0,1,0,0,0,0,0,0,0,0,0,0,7,15,0.0,0.0,0.0,0.0,1.0,0.0,0.13,16,255,1.0,0.0,0.06,0.05,0.0,0.0,0.0,0.0,0,73621.0
0,2,44,9,105,147,0,0,0,0,0,0,0,0,0,0,0,0,0,0,0,0,1,1,0.0,0.0,0.0,0.0,1.0,0.0,0.0,181,179,0.99,0.01,0.01,0.0,0.0,0.0,0.0,0.0,0,65097.0
0,1,22,9,188,1765,0,0,0,0,0,1,0,0,0,0,0,0,0,0,0,0,10,10,0.0,0.0,0.0,0.0,1.0,0.0,0.0,10,255,1.0,0.0,0.1,0.05,0.0,0.0,0.0,0.0,0,97167.0
0,1,19,9,3468,0,0,0,0,0,0,0,0,0,0,0,0,0,0,0,0,0,10,10,0.0,0.0,0.0,0.0,1.0,0.0,0.0,75,86,0.4,0.07,0.4,0.02,0.0,0.0,0.0,0.0,0,49621.0
0,1,22,1,0,0,0,0,0,0,0,0,0,0,0,0,0,0,0,0,0,0,1,1,0.0,0.0,1.0,1.0,1.0,0.0,0.0,84,255,1.0,0.0,0.01,0.15,0.0,0.0,0.95,0.98,0,60205.0
0,1,20,5,0,0,0,0,0,0,0,0,0,0,0,0,0,0,0,0,0,0,215,17,1.0,1.0,0.0,0.0,0.08,0.06,0.0,255,16,0.06,0.08,0.0,0.0,1.0,1.0,0.0,0.0,1,14607.0
0,2,11,9,45,137,0,0,0,0,0,0,0,0,0,0,0,0,0,0,0,0,71,140,0.0,0.0,0.0,0.0,0.99,0.03,0.01,255,244,0.96,0.01,0.0,0.0,0.0,0.0,0.0,0.0,0,106436.0
0,1,22,9,330,1541,0,0,0,0,0,1,0,0,0,0,0,0,0,0,0,0,1,36,0.0,0.0,0.0,0.0,1.0,0.0,0.08,103,255,1.0,0.0,0.01,0.04,0.0,0.0,0.0,0.0,0,36322.0
0,1,44,5,0,0,0,0,0,0,0,0,0,0,0,0,0,0,0,0,0,0,142,20,1.0,1.0,0.0,0.0,0.14,0.06,0.0,46,20,0.43,0.09,0.02,0.0,1.0,1.0,0.0,0.0,1,44290.0
0,1,44,5,0,0,0,0,0,0,0,0,0,0,0,0,0,0,0,0,0,0,224,20,1.0,1.0,0.0,0.0,0.09,0.06,0.0,255,20,0.08,0.07,0.0,0.0,1.0,1.0,0.0,0.0,1,26852.0
0,1,22,1,0,0,0,0,0,0,0,0,0,0,0,0,0,0,0,0,0,0,1,1,0.0,0.0,1.0,1.0,1.0,0.0,0.0,1,187,1.0,0.0,1.0,0.03,0.0,0.0,1.0,1.0,0,93644.0
0,1,37,5,0,0,0,0,0,0,0,0,0,0,0,0,0,0,0,0,0,0,100,4,1.0,1.0,0.0,0.0,0.04,0.07,0.0,255,4,0.02,0.06,0.0,0.0,1.0,1.0,0.0,0.0,1,11013.0
0,1,22,9,214,7128,0,0,0,0,0,1,0,0,0,0,0,0,0,0,0,0,23,23,0.0,0.0,0.0,0.0,1.0,0.0,0.0,255,255,1.0,0.0,0.0,0.0,0.0,0.0,0.0,0.0,0,46896.0
11,1,49,9,1477,335,0,0,0,0,0,1,0,0,0,0,0,0,0,0,0,0,1,3,0.0,0.0,0.0,0.0,1.0,0.0,1.0,126,88,0.7,0.02,0.01,0.0,0.0,0.0,0.0,0.0,0,21577.0
0,1,26,5,0,0,0,0,0,0,0,0,0,0,0,0,0,0,0,0,0,0,142,19,1.0,1.0,0.0,0.0,0.13,0.06,0.0,255,19,0.07,0.06,0.0,0.0,1.0,1.0,0.0,0.0,1,46772.0
0,1,10,5,0,0,0,0,0,0,0,0,0,0,0,0,0,0,0,0,0,0,221,20,1.0,1.0,0.0,0.0,0.09,0.07,0.0,255,20,0.08,0.07,0.0,0.0,1.0,1.0,0.0,0.0,1,89881.0
0,1,20,5,0,0,0,0,0,0,0,0,0,0,0,0,0,0,0,0,0,0,245,9,1.0,1.0,0.0,0.0,0.04,0.07,0.0,255,9,0.04,0.07,0.0,0.0,1.0,1.0,0.0,0.0,1,62144.0
0,2,44,9,1,0,0,0,0,0,0,0,0,0,0,0,0,0,0,0,0,0,18,3,0.0,0.0,0.0,0.0,0.17,0.22,0.0,255,46,0.18,0.24,1.0,0.0,0.0,0.0,0.0,0.0,1,86583.0
0,1,22,9,235,22150,0,0,0,0,0,1,0,0,0,0,0,0,0,0,0,0,2,2,0.0,0.0,0.0,0.0,1.0,0.0,0.0,245,255,1.0,0.0,0.0,0.01,0.0,0.0,0.0,0.0,0,4104.0
0,1,44,5,0,0,0,0,0,0,0,0,0,0,0,0,0,0,0,0,0,0,12,6,1.0,1.0,0.0,0.0,0.5,0.17,0.0,255,10,0.04,0.08,0.0,0.0,1.0,1.0,0.0,0.0,1,106549.0
0,1,22,9,217,309,0,0,0,0,0,1,0,0,0,0,0,0,0,0,0,0,6,6,0.0,0.0,0.0,0.0,1.0,0.0,0.0,196,255,1.0,0.0,0.01,0.03,0.01,0.0,0.0,0.0,0,56348.0
0,1,22,9,249,31,0,0,0,0,0,1,0,0,0,0,0,0,0,0,0,0,4,4,0.0,0.0,0.0,0.0,1.0,0.0,0.0,255,255,1.0,0.0,0.0,0.0,0.0,0.0,0.0,0.0,0,107425.0
0,1,44,5,0,0,0,0,0,0,0,0,0,0,0,0,0,0,0,0,0,0,257,10,1.0,1.0,0.0,0.0,0.04,0.07,0.0,255,10,0.04,0.07,0.0,0.0,1.0,1.0,0.0,0.0,1,97707.0
0,1,22,9,285,17602,0,0,0,0,0,1,0,0,0,0,0,0,0,0,0,0,8,8,0.0,0.0,0.0,0.0,1.0,0.0,0.0,226,255,1.0,0.0,0.0,0.02,0.0,0.0,0.0,0.0,0,20510.0
0,1,22,9,277,891,0,0,0,0,0,1,0,0,0,0,0,0,0,0,0,0,3,3,0.0,0.0,0.0,0.0,1.0,0.0,0.0,255,255,1.0,0.0,0.0,0.0,0.0,0.0,0.0,0.0,0,91951.0
0,1,44,5,0,0,0,0,0,0,0,0,0,0,0,0,0,0,0,0,0,0,245,12,1.0,1.0,0.0,0.0,0.05,0.06,0.0,255,2,0.01,0.07,0.0,0.0,1.0,1.0,0.0,0.0,1,13302.0
0,1,36,1,0,0,0,0,0,0,0,0,0,0,0,0,0,0,0,0,0,0,207,4,0.0,0.0,1.0,1.0,0.02,0.07,0.0,255,4,0.02,0.08,0.0,0.0,0.0,0.0,1.0,1.0,1,24539.0
0,1,22,9,403,1765,0,0,0,0,0,1,0,0,0,0,0,0,0,0,0,0,1,2,0.0,0.0,0.0,0.0,1.0,0.0,1.0,1,255,1.0,0.0,1.0,0.03,0.0,0.0,0.0,0.01,0,96022.0
0,1,54,5,0,0,0,0,0,0,0,0,0,0,0,0,0,0,0,0,0,0,134,1,1.0,1.0,0.0,0.0,0.01,0.07,0.0,255,1,0.0,0.07,0.0,0.0,1.0,1.0,0.0,0.0,1,106210.0
0,1,32,1,0,0,0,0,0,0,0,0,0,0,0,0,0,0,0,0,0,0,238,12,0.0,0.0,1.0,1.0,0.05,0.07,0.0,255,12,0.05,0.08,0.0,0.0,0.0,0.0,1.0,1.0,1,45438.0
0,1,22,6,488,12557,0,0,0,0,0,1,0,0,0,0,0,0,0,0,0,0,4,4,0.25,0.25,0.0,0.0,1.0,0.0,0.0,255,255,1.0,0.0,0.0,0.0,0.0,0.0,0.0,0.0,0,71928.0
0,1,44,1,0,0,0,0,0,0,0,0,0,0,0,0,0,0,0,0,0,0,2,1,0.0,0.0,1.0,1.0,0.5,1.0,0.0,255,1,0.0,0.82,0.81,0.0,0.0,0.0,0.81,1.0,1,82991.0
11,1,55,9,110,2978,0,0,0,0,0,1,0,0,0,0,0,0,0,0,0,0,1,1,0.0,0.0,0.0,0.0,1.0,0.0,0.0,20,1,0.05,0.15,0.05,0.0,0.0,0.0,0.0,0.0,0,37319.0
0,1,22,9,321,398,0,0,0,0,0,1,0,0,0,0,0,0,0,0,0,0,16,35,0.0,0.0,0.0,0.0,1.0,0.0,0.11,255,255,1.0,0.0,0.0,0.0,0.0,0.0,0.0,0.0,0,66334.0
0,2,11,9,34,0,0,0,0,0,0,0,0,0,0,0,0,0,0,0,0,0,1,3,0.0,0.0,0.0,0.0,1.0,0.0,0.67,117,60,0.21,0.04,0.21,0.03,0.0,0.0,0.0,0.0,0,124322.0
0,1,34,5,0,0,0,0,0,0,0,0,0,0,0,0,0,0,0,0,0,0,84,4,1.0,1.0,0.0,0.0,0.05,0.06,0.0,255,9,0.04,0.07,0.0,0.0,1.0,1.0,0.0,0.0,1,6606.0
0,2,11,9,43,130,0,0,0,0,0,0,0,0,0,0,0,0,0,0,0,0,303,303,0.0,0.0,0.0,0.0,1.0,0.0,0.0,255,254,1.0,0.01,0.0,0.0,0.0,0.0,0.0,0.0,0,70776.0
0,2,40,9,147,0,0,0,0,0,0,0,0,0,0,0,0,0,0,0,0,0,3,1,0.0,0.0,0.0,0.0,0.33,0.67,0.0,93,1,0.01,0.51,0.8,0.0,0.0,0.0,0.0,0.0,0,53178.0
0,1,44,5,0,0,0,0,0,0,0,0,0,0,0,0,0,0,0,0,0,0,266,9,1.0,1.0,0.0,0.0,0.03,0.05,0.0,224,9,0.04,0.06,0.0,0.0,0.99,1.0,0.0,0.0,1,88776.0
4100,2,40,9,146,105,0,0,0,0,0,0,0,0,0,0,0,0,0,0,0,0,1,1,0.0,0.0,0.0,0.0,1.0,0.0,0.0,122,2,0.02,0.66,0.96,0.0,0.0,0.0,0.0,0.0,0,69599.0
0,1,22,9,213,3158,0,0,0,0,0,1,0,0,0,0,0,0,0,0,0,0,21,21,0.0,0.0,0.0,0.0,1.0,0.0,0.0,255,255,1.0,0.0,0.0,0.0,0.0,0.0,0.0,0.0,0,67792.0
0,1,22,1,0,0,0,0,0,0,0,0,0,0,0,0,0,0,0,0,0,0,2,2,0.0,0.0,1.0,1.0,1.0,0.0,0.0,20,20,1.0,0.0,0.05,0.0,0.0,0.0,1.0,1.0,0,2621.0
0,1,44,5,0,0,0,0,0,0,0,0,0,0,0,0,0,0,0,0,0,0,128,1,1.0,1.0,0.0,0.0,0.01,0.06,0.0,255,18,0.07,0.07,0.0,0.0,1.0,1.0,0.0,0.0,1,92297.0
0,1,22,9,345,2634,0,0,0,0,0,1,0,0,0,0,0,0,0,0,0,0,2,2,0.0,0.0,0.0,0.0,1.0,0.0,0.0,74,255,1.0,0.0,0.01,0.01,0.0,0.0,0.0,0.0,0,74458.0
0,1,40,1,0,0,0,0,0,0,0,0,0,0,0,0,0,0,0,0,0,0,510,1,0.24,0.0,0.76,1.0,0.0,1.0,0.0,255,1,0.0,1.0,0.0,0.0,0.23,0.0,0.77,1.0,1,30118.0
0,1,44,5,0,0,0,0,0,0,0,0,0,0,0,0,0,0,0,0,0,0,108,15,1.0,1.0,0.0,0.0,0.14,0.06,0.0,255,5,0.02,0.06,0.0,0.0,1.0,1.0,0.0,0.0,1,10894.0
0,2,11,9,43,107,0,0,0,0,0,0,0,0,0,0,0,0,0,0,0,0,1,4,0.0,0.0,0.0,0.0,1.0,0.0,0.5,238,217,0.91,0.01,0.0,0.0,0.0,0.0,0.03,0.0,0,64956.0
0,1,44,5,0,0,0,0,0,0,0,0,0,0,0,0,0,0,0,0,0,0,262,7,1.0,1.0,0.0,0.0,0.03,0.06,0.0,255,14,0.05,0.08,0.0,0.0,1.0,1.0,0.0,0.0,1,516.0
0,1,53,5,0,0,0,0,0,0,0,0,0,0,0,0,0,0,0,0,0,0,250,12,1.0,1.0,0.0,0.0,0.05,0.06,0.0,255,12,0.05,0.07,0.0,0.0,1.0,1.0,0.0,0.0,1,103715.0
0,1,28,5,0,0,0,0,0,0,0,0,0,0,0,0,0,0,0,0,0,0,256,20,1.0,1.0,0.0,0.0,0.08,0.05,0.0,255,20,0.08,0.05,0.0,0.0,1.0,1.0,0.0,0.0,1,99198.0
2,1,49,9,11981,1436,0,0,0,0,0,1,0,0,0,0,0,0,0,0,0,0,1,1,0.0,0.0,0.0,0.0,1.0,0.0,0.0,40,168,0.77,0.08,0.03,0.01,0.0,0.0,0.0,0.0,0,52537.0
0,1,22,9,321,1335,0,0,0,0,0,1,0,0,0,0,0,0,0,0,0,0,9,9,0.0,0.0,0.0,0.0,1.0,0.0,0.0,191,255,1.0,0.0,0.01,0.02,0.0,0.0,0.0,0.0,0,87611.0
0,1,22,9,157,30880,0,0,0,1,0,1,1,0,0,0,0,0,0,0,0,0,3,3,0.0,0.0,0.0,0.0,1.0,0.0,0.0,255,255,1.0,0.0,0.0,0.0,0.0,0.0,0.0,0.0,0,58738.0
0,1,44,1,0,0,0,0,0,0,0,0,0,0,0,0,0,0,0,0,0,0,201,10,0.0,0.0,1.0,1.0,0.05,0.07,0.0,255,10,0.04,0.08,0.0,0.0,0.0,0.0,1.0,1.0,1,101201.0
0,1,22,9,223,4864,0,0,0,0,0,1,0,0,0,0,0,0,0,0,0,0,3,3,0.0,0.0,0.0,0.0,1.0,0.0,0.0,40,255,1.0,0.0,0.03,0.04,0.0,0.0,0.0,0.0,0,101167.0
0,1,22,9,292,1307,0,0,0,0,0,1,0,0,0,0,0,0,0,0,0,0,1,1,0.0,0.0,0.0,0.0,1.0,0.0,0.0,202,255,1.0,0.0,0.0,0.01,0.0,0.0,0.0,0.0,0,53569.0
0,1,22,5,0,0,0,0,0,0,0,0,0,0,0,0,0,0,0,0,0,0,2,2,0.5,0.5,0.0,0.0,1.0,0.0,0.0,18,255,1.0,0.0,0.11,0.03,0.06,0.02,0.0,0.0,0,44587.0
0,1,22,9,198,27305,0,0,0,0,0,1,0,0,0,0,0,0,0,0,0,0,1,14,0.0,0.0,0.0,0.0,1.0,0.0,0.21,9,255,1.0,0.0,0.11,0.06,0.0,0.0,0.56,0.48,0,60278.0
0,1,22,9,247,2431,0,0,0,0,0,1,0,0,0,0,0,0,0,0,0,0,8,9,0.0,0.0,0.0,0.0,1.0,0.0,0.22,255,255,1.0,0.0,0.0,0.0,0.0,0.0,0.0,0.0,0,20577.0
0,1,22,9,213,2861,0,0,0,0,0,1,0,0,0,0,0,0,0,0,0,0,17,17,0.0,0.0,0.0,0.0,1.0,0.0,0.0,242,255,1.0,0.0,0.0,0.01,0.0,0.0,0.0,0.0,0,90799.0
0,1,22,9,215,10526,0,0,0,0,0,1,0,0,0,0,0,0,0,0,0,0,1,5,0.0,0.0,0.0,0.0,1.0,0.0,0.6,30,255,1.0,0.0,0.03,0.06,0.0,0.0,0.0,0.0,0,54154.0
0,1,22,9,325,999,0,0,0,0,0,1,0,0,0,0,0,0,0,0,0,0,23,23,0.0,0.0,0.0,0.0,1.0,0.0,0.0,62,255,1.0,0.0,0.02,0.05,0.0,0.01,0.0,0.0,0,45725.0
0,1,22,9,237,138,0,0,0,0,0,1,0,0,0,0,0,0,0,0,0,0,2,2,0.0,0.0,0.0,0.0,1.0,0.0,0.0,2,2,1.0,0.0,0.5,0.0,0.0,0.0,0.0,0.0,0,132.0
0,2,40,9,145,0,0,0,0,0,0,0,0,0,0,0,0,0,0,0,0,0,1,1,0.0,0.0,0.0,0.0,1.0,0.0,0.0,170,1,0.01,0.51,0.84,0.0,0.0,0.0,0.0,0.0,0,5745.0
0,1,22,9,368,426,0,0,0,0,0,1,0,0,0,0,0,0,0,0,0,0,8,15,0.0,0.0,0.0,0.0,1.0,0.0,0.27,28,231,1.0,0.0,0.04,0.21,0.0,0.0,0.11,0.79,0,111475.0
0,2,11,9,44,129,0,0,0,0,0,0,0,0,0,0,0,0,0,0,0,0,14,67,0.0,0.0,0.0,0.0,1.0,0.0,0.03,255,254,1.0,0.01,0.0,0.0,0.0,0.0,0.0,0.0,0,80301.0
0,1,22,9,266,3604,0,0,0,0,0,1,0,0,0,0,0,0,0,0,0,0,17,19,0.0,0.0,0.0,0.0,1.0,0.0,0.16,255,255,1.0,0.0,0.0,0.0,0.0,0.0,0.0,0.0,0,59278.0
0,0,13,9,18,0,0,0,0,0,0,0,0,0,0,0,0,0,0,0,0,0,1,1,0.0,0.0,0.0,0.0,1.0,0.0,0.0,1,239,1.0,0.0,1.0,1.0,0.0,0.0,0.0,0.0,1,12851.0
0,1,22,9,335,3248,0,0,0,0,0,1,0,0,0,0,0,0,0,0,0,0,12,15,0.0,0.0,0.0,0.0,1.0,0.0,0.13,84,255,1.0,0.0,0.01,0.01,0.0,0.01,0.0,0.0,0,84849.0
0,2,11,9,45,134,0,0,0,0,0,0,0,0,0,0,0,0,0,0,0,0,299,299,0.0,0.0,0.0,0.0,1.0,0.0,0.0,255,251,0.98,0.01,0.0,0.0,0.0,0.0,0.0,0.0,0,26843.0
0,1,44,1,0,0,0,0,0,0,0,0,0,0,0,0,0,0,0,0,0,0,206,20,0.0,0.0,1.0,1.0,0.1,0.06,0.0,255,20,0.08,0.09,0.0,0.0,0.0,0.0,1.0,1.0,1,109374.0
0,1,55,2,0,0,0,0,0,0,0,0,0,0,0,0,0,0,0,0,0,0,297,19,0.0,0.0,1.0,1.0,0.06,0.05,0.0,255,19,0.07,0.08,0.0,0.0,0.0,0.0,1.0,1.0,1,77464.0
0,1,22,9,209,791,0,0,0,0,0,1,0,0,0,0,0,0,0,0,0,0,3,3,0.33,0.33,0.0,0.0,1.0,0.0,0.0,255,255,1.0,0.0,0.0,0.0,0.0,0.0,0.0,0.0,0,34717.0
0,1,55,5,0,0,0,0,0,0,0,0,0,0,0,0,0,0,0,0,0,0,3,2,1.0,1.0,0.0,0.0,0.67,0.67,0.0,255,66,0.26,0.02,0.0,0.0,1.0,1.0,0.0,0.0,1,82236.0
0,1,22,9,223,4739,0,0,0,0,0,1,0,0,0,0,0,0,0,0,0,0,14,14,0.0,0.0,0.0,0.0,1.0,0.0,0.0,39,255,1.0,0.0,0.03,0.06,0.0,0.0,0.0,0.01,0,9700.0
0,0,14,9,1032,0,0,0,0,0,0,0,0,0,0,0,0,0,0,0,0,0,511,511,0.0,0.0,0.0,0.0,1.0,0.0,0.0,255,4,0.02,0.05,0.02,0.0,0.4,0.0,0.02,0.0,1,36157.0
0,1,44,1,0,0,0,0,0,0,0,0,0,0,0,0,0,0,0,0,0,0,296,15,0.0,0.0,1.0,1.0,0.05,0.05,0.0,255,15,0.06,0.07,0.0,0.0,0.0,0.0,1.0,1.0,1,17430.0
0,1,22,9,165,657,0,0,0,0,0,1,0,0,0,0,0,0,0,0,0,0,1,1,0.0,0.0,0.0,0.0,1.0,0.0,0.0,11,255,1.0,0.0,0.09,0.07,0.0,0.0,0.0,0.0,0,30253.0
0,2,11,9,46,77,0,0,0,0,0,0,0,0,0,0,0,0,0,0,0,0,256,256,0.0,0.0,0.0,0.0,1.0,0.0,0.0,255,254,1.0,0.01,0.0,0.0,0.0,0.0,0.0,0.0,0,20902.0
0,2,44,9,28,0,0,3,0,0,0,0,0,0,0,0,0,0,0,0,0,0,99,99,0.0,0.0,0.0,0.0,1.0,0.0,0.0,255,99,0.39,0.01,0.39,0.0,0.0,0.0,0.0,0.0,1,48739.0
0,1,19,9,16787,0,0,0,0,0,0,1,0,0,0,0,1,0,0,0,0,0,11,11,0.0,0.0,0.0,0.0,1.0,0.0,0.0,48,88,0.48,0.06,0.48,0.02,0.0,0.0,0.0,0.0,0,112402.0
0,1,19,5,0,0,0,0,0,0,0,0,0,0,0,0,0,0,0,0,0,0,20,20,1.0,1.0,0.0,0.0,1.0,0.0,0.0,255,64,0.25,0.02,0.0,0.0,1.0,1.0,0.0,0.0,1,11022.0
0,1,44,5,0,0,0,0,0,0,0,0,0,0,0,0,0,0,0,0,0,0,133,12,1.0,1.0,0.0,0.0,0.09,0.06,0.0,255,12,0.05,0.04,0.0,0.0,1.0,1.0,0.0,0.0,1,2585.0
0,2,44,9,28,0,0,3,0,0,0,0,0,0,0,0,0,0,0,0,0,0,47,47,0.0,0.0,0.0,0.0,1.0,0.0,0.0,255,47,0.18,0.64,0.18,0.0,0.01,0.0,0.52,0.0,1,57755.0
0,0,14,9,30,0,0,0,0,0,0,0,0,0,0,0,0,0,0,0,0,0,2,2,0.0,0.0,0.0,0.0,1.0,0.0,0.0,176,176,1.0,0.0,1.0,0.0,0.0,0.0,0.0,0.0,0,54767.0
0,1,22,9,191,1115,0,0,0,0,0,1,0,0,0,0,0,0,0,0,0,0,27,27,0.0,0.0,0.0,0.0,1.0,0.0,0.0,107,255,1.0,0.0,0.01,0.02,0.0,0.0,0.0,0.0,0,71421.0
0,1,44,5,0,0,0,0,0,0,0,0,0,0,0,0,0,0,0,0,0,0,119,6,1.0,1.0,0.0,0.0,0.05,0.06,0.0,255,20,0.08,0.07,0.0,0.0,1.0,1.0,0.0,0.0,1,13787.0
0,1,44,1,0,0,0,0,0,0,0,0,0,0,0,0,0,0,0,0,0,0,136,8,0.0,0.0,1.0,1.0,0.06,0.06,0.0,211,8,0.04,0.06,0.0,0.0,0.0,0.0,1.0,1.0,1,61847.0
0,0,13,9,8,0,0,0,0,0,0,0,0,0,0,0,0,0,0,0,0,0,1,52,0.0,0.0,0.0,0.0,1.0,0.0,1.0,1,87,1.0,0.0,1.0,0.51,0.0,0.0,0.0,0.0,1,52012.0
0,1,44,5,0,0,0,0,0,0,0,0,0,0,0,0,0,0,0,0,0,0,146,10,1.0,1.0,0.0,0.0,0.07,0.06,0.0,255,10,0.04,0.06,0.0,0.0,1.0,1.0,0.0,0.0,1,106015.0
0,1,55,5,0,0,0,0,0,0,0,0,0,0,0,0,0,0,0,0,0,0,18,18,1.0,1.0,0.0,0.0,1.0,0.0,0.0,60,40,0.67,0.03,0.02,0.0,0.97,0.95,0.0,0.0,1,83479.0
0,2,11,9,44,44,0,0,0,0,0,0,0,0,0,0,0,0,0,0,0,0,184,184,0.0,0.0,0.0,0.0,1.0,0.0,0.0,255,254,1.0,0.01,0.0,0.0,0.0,0.0,0.0,0.0,0,96235.0
0,1,49,9,3495,326,0,0,0,0,0,1,0,0,0,0,0,0,0,0,0,0,1,1,0.0,0.0,0.0,0.0,1.0,0.0,0.0,98,138,0.5,0.07,0.01,0.01,0.0,0.0,0.0,0.0,0,57617.0
0,1,22,1,0,0,0,0,0,0,0,0,0,0,0,0,0,0,0,0,0,0,1,1,0.0,0.0,1.0,1.0,1.0,0.0,0.0,151,255,1.0,0.0,0.01,0.02,0.0,0.0,0.81,0.89,0,55742.0
1014,2,40,9,145,105,0,0,0,0,0,0,0,0,0,0,0,0,0,0,0,0,3,1,0.0,0.0,0.0,0.0,0.33,0.67,0.0,255,2,0.01,0.33,0.75,0.0,0.0,0.0,0.0,0.0,0,95411.0
0,2,11,9,43,43,0,0,0,0,0,0,0,0,0,0,0,0,0,0,0,0,118,117,0.0,0.0,0.0,0.0,0.99,0.02,0.0,255,254,1.0,0.01,0.0,0.0,0.0,0.0,0.0,0.0,0,76562.0
0,1,44,5,0,0,0,0,0,0,0,0,0,0,0,0,0,0,0,0,0,0,112,13,1.0,1.0,0.0,0.0,0.12,0.05,0.0,255,14,0.05,0.06,0.0,0.0,1.0,1.0,0.0,0.0,1,16132.0
0,1,44,5,0,0,0,0,0,0,0,0,0,0,0,0,0,0,0,0,0,0,66,5,1.0,1.0,0.0,0.0,0.08,0.09,0.0,255,20,0.08,0.07,0.0,0.0,1.0,1.0,0.0,0.0,1,23490.0
0,1,42,9,35,130,0,0,0,0,0,1,0,0,0,0,0,0,0,0,0,0,1,1,0.0,0.0,0.0,0.0,1.0,0.0,0.0,4,6,0.25,0.5,0.25,0.33,0.0,0.0,0.0,0.0,0,98328.0
0,1,49,9,1444,282,0,0,0,0,0,1,0,0,0,0,0,0,0,0,0,0,1,1,0.0,0.0,0.0,0.0,1.0,0.0,0.0,255,203,0.8,0.02,0.0,0.0,0.0,0.0,0.0,0.0,0,31879.0
0,1,34,5,0,0,0,0,0,0,0,0,0,0,0,0,0,0,0,0,0,0,102,11,1.0,1.0,0.0,0.0,0.11,0.06,0.0,255,11,0.04,0.05,0.0,0.0,1.0,1.0,0.0,0.0,1,35946.0
0,1,44,5,0,0,0,0,0,0,0,0,0,0,0,0,0,0,0,0,0,0,243,2,1.0,1.0,0.0,0.0,0.01,0.07,0.0,255,2,0.01,0.06,0.0,0.0,1.0,1.0,0.0,0.0,1,23162.0
0,2,11,9,43,70,0,0,0,0,0,0,0,0,0,0,0,0,0,0,0,0,17,96,0.0,0.0,0.0,0.0,1.0,0.0,0.02,255,254,1.0,0.01,0.0,0.0,0.0,0.0,0.0,0.0,0,18696.0
0,1,44,1,0,0,0,0,0,0,0,0,0,0,0,0,0,0,0,0,0,0,180,1,0.02,0.0,0.95,1.0,0.01,1.0,0.0,255,1,0.0,0.73,0.0,0.0,0.01,0.0,0.68,1.0,1,61348.0
0,1,20,5,0,0,0,0,0,0,0,0,0,0,0,0,0,0,0,0,0,0,241,8,1.0,1.0,0.0,0.0,0.03,0.06,0.0,255,8,0.03,0.06,0.0,0.0,1.0,1.0,0.0,0.0,1,115132.0
48,1,49,9,2376,326,0,0,0,0,0,1,0,0,0,0,0,0,0,0,0,0,1,1,0.0,0.0,0.0,0.0,1.0,0.0,0.0,209,158,0.55,0.02,0.0,0.01,0.0,0.0,0.0,0.0,0,97884.0
0,1,19,9,12,0,0,0,0,0,0,1,0,0,0,0,0,0,0,0,0,0,2,1,0.0,0.0,0.0,0.0,0.5,1.0,0.0,43,92,0.51,0.09,0.53,0.02,0.0,0.0,0.0,0.0,0,35482.0
0,2,11,9,44,123,0,0,0,0,0,0,0,0,0,0,0,0,0,0,0,0,73,153,0.0,0.0,0.0,0.0,1.0,0.0,0.01,255,202,0.79,0.01,0.0,0.0,0.0,0.0,0.0,0.0,0,121754.0
0,1,22,9,319,2304,0,0,0,0,0,1,0,0,0,0,0,0,0,0,0,0,7,20,0.0,0.0,0.0,0.0,1.0,0.0,0.15,255,255,1.0,0.0,0.0,0.0,0.0,0.0,0.0,0.0,0,90027.0
0,1,44,5,0,0,0,0,0,0,0,0,0,0,0,0,0,0,0,0,0,0,115,15,1.0,1.0,0.0,0.0,0.13,0.05,0.0,255,6,0.02,0.08,0.0,0.0,1.0,1.0,0.0,0.0,1,104289.0
0,1,44,5,0,0,0,0,0,0,0,0,0,0,0,0,0,0,0,0,0,0,128,7,1.0,1.0,0.0,0.0,0.05,0.06,0.0,137,14,0.1,0.11,0.01,0.0,1.0,1.0,0.0,0.0,1,97035.0
0,1,19,5,0,0,0,0,0,0,0,0,0,0,0,0,0,0,0,0,0,0,23,3,1.0,1.0,0.0,0.0,0.13,0.09,0.0,25,49,0.12,0.12,0.04,0.04,0.92,0.06,0.0,0.0,1,111155.0
0,1,44,1,0,0,0,0,0,0,0,0,0,0,0,0,0,0,0,0,0,0,107,16,0.0,0.0,1.0,1.0,0.15,0.07,0.0,255,5,0.02,0.07,0.0,0.0,0.0,0.0,1.0,1.0,1,108077.0
0,1,22,5,0,0,0,0,0,0,0,0,0,0,0,0,0,0,0,0,0,0,18,9,1.0,1.0,0.0,0.0,0.5,0.11,0.0,255,66,0.26,0.02,0.0,0.0,1.0,1.0,0.0,0.0,1,70287.0
0,1,15,5,0,0,0,0,0,0,0,0,0,0,0,0,0,0,0,0,0,0,98,1,1.0,1.0,0.0,0.0,0.01,0.05,0.0,255,1,0.0,0.05,0.0,0.0,1.0,1.0,0.0,0.0,1,120904.0
0,1,40,1,0,0,0,0,0,0,0,0,0,0,0,0,0,0,0,0,0,0,509,1,0.21,0.0,0.78,1.0,0.0,1.0,0.0,255,1,0.0,1.0,0.0,0.0,0.27,0.0,0.71,1.0,1,123729.0
0,1,44,5,0,0,0,0,0,0,0,0,0,0,0,0,0,0,0,0,0,0,101,12,1.0,1.0,0.0,0.0,0.12,0.06,0.0,255,35,0.14,0.05,0.0,0.0,1.0,1.0,0.0,0.0,1,45090.0
0,1,49,5,0,0,0,0,0,0,0,0,0,0,0,0,0,0,0,0,0,0,202,1,1.0,1.0,0.0,0.0,0.0,0.07,0.0,255,1,0.0,0.07,0.0,0.0,1.0,1.0,0.0,0.0,1,42317.0
0,0,13,9,8,0,0,0,0,0,0,0,0,0,0,0,0,0,0,0,0,0,1,43,0.0,0.0,0.0,0.0,1.0,0.0,1.0,2,96,1.0,0.0,1.0,0.5,0.0,0.0,0.0,0.0,1,39692.0
0,1,44,5,0,0,0,0,0,0,0,0,0,0,0,0,0,0,0,0,0,0,208,18,1.0,1.0,0.0,0.0,0.09,0.06,0.0,255,3,0.01,0.08,0.0,0.0,1.0,1.0,0.0,0.0,1,78800.0
0,1,22,1,0,0,0,0,0,0,0,0,0,0,0,0,0,0,0,0,0,0,1,1,0.0,0.0,1.0,1.0,1.0,0.0,0.0,30,255,1.0,0.0,0.03,0.07,0.0,0.0,1.0,0.97,0,20361.0
0,1,21,1,0,0,0,0,0,0,0,0,0,0,0,0,0,0,0,0,0,0,257,7,0.0,0.0,1.0,1.0,0.03,0.07,0.0,255,7,0.03,0.07,0.0,0.0,0.0,0.0,1.0,1.0,1,35133.0
0,1,44,5,0,0,0,0,0,0,0,0,0,0,0,0,0,0,0,0,0,0,225,5,1.0,1.0,0.0,0.0,0.02,0.06,0.0,255,16,0.06,0.08,0.0,0.0,1.0,1.0,0.0,0.0,1,94792.0
0,2,11,9,42,70,0,0,0,0,0,0,0,0,0,0,0,0,0,0,0,0,137,139,0.0,0.0,0.0,0.0,1.0,0.0,0.02,255,230,0.9,0.01,0.0,0.0,0.0,0.0,0.0,0.0,0,22271.0
0,1,40,1,0,0,0,0,0,0,0,0,0,0,0,0,0,0,0,0,0,0,369,1,0.06,0.0,0.91,1.0,0.0,1.0,0.0,255,1,0.0,1.0,0.0,0.0,0.08,0.0,0.91,1.0,1,92016.0
0,0,13,9,8,0,0,0,0,0,0,0,0,0,0,0,0,0,0,0,0,0,1,18,0.0,0.0,0.0,0.0,1.0,0.0,1.0,1,26,1.0,0.0,1.0,0.54,0.0,0.0,0.0,0.0,1,59793.0
0,1,40,9,19,0,0,0,0,0,0,1,0,0,0,0,0,0,0,0,0,0,1,1,0.0,0.0,0.0,0.0,1.0,0.0,0.0,255,1,0.0,0.08,0.07,0.0,0.91,0.0,0.01,0.0,1,65462.0
0,1,19,9,37,0,0,0,0,0,0,0,0,0,0,0,0,0,0,0,0,0,2,2,0.0,0.0,0.0,0.0,1.0,0.0,0.0,255,52,0.2,0.02,0.2,0.0,0.41,0.0,0.0,0.0,0,61984.0
0,1,60,5,0,0,0,0,0,0,0,0,0,0,0,0,0,0,0,0,0,0,294,11,1.0,1.0,0.0,0.0,0.04,0.05,0.0,255,11,0.04,0.06,0.0,0.0,1.0,1.0,0.0,0.0,1,52624.0
0,1,22,9,237,1587,0,0,0,0,0,1,0,0,0,0,0,0,0,0,0,0,14,14,0.0,0.0,0.0,0.0,1.0,0.0,0.0,150,255,1.0,0.0,0.01,0.03,0.0,0.0,0.0,0.0,0,79030.0
0,1,44,5,0,0,0,0,0,0,0,0,0,0,0,0,0,0,0,0,0,0,214,18,1.0,1.0,0.0,0.0,0.08,0.07,0.0,255,13,0.05,0.07,0.0,0.0,1.0,1.0,0.0,0.0,1,36013.0
0,1,22,9,243,753,0,0,0,0,0,1,0,0,0,0,0,0,0,0,0,0,1,2,0.0,0.0,0.0,0.0,1.0,0.0,1.0,255,255,1.0,0.0,0.0,0.0,0.0,0.0,0.0,0.0,0,68436.0
0,1,44,5,0,0,0,0,0,0,0,0,0,0,0,0,0,0,0,0,0,0,110,6,1.0,1.0,0.0,0.0,0.05,0.06,0.0,255,9,0.04,0.07,0.0,0.0,1.0,1.0,0.0,0.0,1,29725.0
0,1,27,5,0,0,0,0,0,0,0,0,0,0,0,0,0,0,0,0,0,0,78,17,1.0,1.0,0.0,0.0,0.22,0.05,0.0,255,17,0.07,0.05,0.0,0.0,1.0,1.0,0.0,0.0,1,64159.0
0,1,49,5,0,0,0,0,0,0,0,0,0,0,0,0,0,0,0,0,0,0,267,5,1.0,1.0,0.0,0.0,0.02,0.06,0.0,255,5,0.02,0.06,0.0,0.0,1.0,1.0,0.0,0.0,1,124898.0
0,1,22,9,239,6507,0,0,0,0,0,1,0,0,0,0,0,0,0,0,0,0,20,21,0.0,0.0,0.0,0.0,1.0,0.0,0.1,78,255,1.0,0.0,0.01,0.03,0.0,0.0,0.0,0.0,0,86897.0
0,1,22,9,231,502,0,0,0,0,0,1,0,0,0,0,0,0,0,0,0,0,1,1,0.0,0.0,0.0,0.0,1.0,0.0,0.0,53,255,1.0,0.0,0.02,0.05,0.02,0.0,0.0,0.0,0,97709.0
0,1,22,9,227,392,0,0,0,0,0,1,0,0,0,0,0,0,0,0,0,0,6,37,0.0,0.0,0.0,0.0,1.0,0.0,0.11,99,255,1.0,0.0,0.01,0.03,0.0,0.0,0.0,0.0,0,109967.0
0,1,22,9,243,4864,0,0,0,0,0,1,0,0,0,0,0,0,0,0,0,0,13,13,0.0,0.0,0.0,0.0,1.0,0.0,0.0,70,255,1.0,0.0,0.01,0.04,0.0,0.0,0.0,0.0,0,55813.0
0,1,44,5,0,0,0,0,0,0,0,0,0,0,0,0,0,0,0,0,0,0,195,15,0.99,1.0,0.0,0.0,0.08,0.07,0.0,255,6,0.02,0.07,0.0,0.0,1.0,1.0,0.0,0.0,1,100876.0
0,1,19,9,334,0,0,0,0,0,0,1,0,0,0,0,0,0,0,0,0,0,2,2,0.0,0.0,0.0,0.0,1.0,0.0,0.0,2,30,1.0,0.0,1.0,0.13,0.0,0.0,0.0,0.0,1,18285.0
0,1,22,9,335,1242,0,0,0,0,0,1,0,0,0,0,0,0,0,0,0,0,8,8,0.0,0.0,0.0,0.0,1.0,0.0,0.0,72,255,1.0,0.0,0.01,0.02,0.0,0.0,0.0,0.0,0,51707.0
0,1,22,9,224,646,0,0,0,0,0,1,0,0,0,0,0,0,0,0,0,0,9,9,0.0,0.0,0.0,0.0,1.0,0.0,0.0,41,255,1.0,0.0,0.02,0.05,0.0,0.0,0.0,0.0,0,54034.0
0,1,22,9,318,8230,0,0,0,0,0,1,0,0,0,0,0,0,0,0,0,0,1,1,0.0,0.0,0.0,0.0,1.0,0.0,0.0,90,255,1.0,0.0,0.01,0.02,0.0,0.0,0.0,0.0,0,3528.0
0,1,22,9,207,8867,0,0,0,0,0,1,0,0,0,0,0,0,0,0,0,0,1,26,0.0,0.0,0.0,0.0,1.0,0.0,0.19,1,255,1.0,0.0,1.0,0.03,0.0,0.0,0.0,0.0,0,108774.0
0,1,44,5,0,0,0,0,0,0,0,0,0,0,0,0,0,0,0,0,0,0,144,10,1.0,1.0,0.0,0.0,0.07,0.06,0.0,255,5,0.02,0.06,0.0,0.0,1.0,1.0,0.0,0.0,1,66156.0
0,1,22,1,0,0,0,0,0,0,0,0,0,0,0,0,0,0,0,0,0,0,1,1,0.0,0.0,1.0,1.0,1.0,0.0,0.0,18,239,1.0,0.0,0.06,0.11,0.0,0.0,1.0,1.0,0,23293.0
0,1,22,9,217,1239,0,0,0,0,0,1,0,0,0,0,0,0,0,0,0,0,14,14,0.0,0.0,0.0,0.0,1.0,0.0,0.0,14,255,1.0,0.0,0.07,0.04,0.0,0.0,0.0,0.0,0,45464.0
0,1,44,1,0,0,0,0,0,0,0,0,0,0,0,0,0,0,0,0,0,0,1,1,0.0,0.0,1.0,1.0,1.0,0.0,0.0,48,1,0.02,1.0,0.02,0.0,0.0,0.0,0.92,1.0,1,8518.0
0,1,22,9,204,1965,0,0,0,0,0,1,0,0,0,0,0,0,0,0,0,0,10,13,0.0,0.0,0.0,0.0,1.0,0.0,0.31,255,255,1.0,0.0,0.0,0.0,0.0,0.0,0.0,0.0,0,31126.0
0,1,22,1,0,0,0,0,0,0,0,0,0,0,0,0,0,0,0,0,0,0,1,2,0.0,0.0,1.0,1.0,1.0,0.0,1.0,4,189,1.0,0.0,0.25,0.19,0.0,0.0,1.0,1.0,0,90062.0
0,1,44,5,0,0,0,0,0,0,0,0,0,0,0,0,0,0,0,0,0,0,66,4,1.0,1.0,0.0,0.0,0.06,0.08,0.0,246,4,0.02,0.07,0.0,0.0,1.0,1.0,0.0,0.0,1,5750.0
0,1,22,9,54540,8314,0,0,0,2,0,1,1,0,0,0,0,0,0,0,0,0,4,5,0.0,0.0,0.0,0.2,1.0,0.0,0.4,56,56,1.0,0.0,0.02,0.0,0.0,0.0,0.04,0.04,1,112540.0
0,1,44,5,0,0,0,0,0,0,0,0,0,0,0,0,0,0,0,0,0,0,287,16,1.0,1.0,0.0,0.0,0.06,0.06,0.0,255,12,0.05,0.07,0.0,0.0,1.0,1.0,0.0,0.0,1,117665.0
0,1,22,9,377,370,0,0,0,0,0,1,0,0,0,0,0,0,0,0,0,0,3,3,0.33,0.33,0.0,0.0,1.0,0.0,0.0,255,255,1.0,0.0,0.0,0.0,0.0,0.0,0.0,0.0,0,81933.0
0,1,22,9,235,1046,0,0,0,0,0,1,0,0,0,0,0,0,0,0,0,0,5,5,0.0,0.0,0.0,0.0,1.0,0.0,0.0,137,255,1.0,0.0,0.01,0.01,0.0,0.0,0.0,0.0,0,90761.0
36323,1,44,4,1,0,0,0,0,0,0,0,0,0,0,0,0,0,0,0,0,0,2,2,0.0,0.0,1.0,1.0,1.0,0.0,0.0,255,2,0.01,0.5,1.0,0.0,0.0,0.0,1.0,1.0,1,47520.0
0,2,11,9,46,136,0,0,0,0,0,0,0,0,0,0,0,0,0,0,0,0,114,114,0.0,0.0,0.0,0.0,1.0,0.0,0.0,255,254,1.0,0.01,0.0,0.0,0.0,0.0,0.0,0.0,0,65962.0
0,0,13,9,8,0,0,0,0,0,0,0,0,0,0,0,0,0,0,0,0,0,1,39,0.0,0.0,0.0,0.0,1.0,0.0,1.0,4,172,1.0,0.0,1.0,0.25,0.0,0.0,0.0,0.0,1,60400.0
0,1,22,9,334,4165,0,0,0,0,0,1,0,0,0,0,0,0,0,0,0,0,9,9,0.0,0.0,0.0,0.0,1.0,0.0,0.0,118,255,1.0,0.0,0.01,0.05,0.0,0.0,0.0,0.0,0,48755.0
0,1,49,9,977,331,0,0,0,0,0,1,0,0,0,0,0,0,0,0,0,0,1,1,0.0,0.0,0.0,0.0,1.0,0.0,0.0,9,136,0.89,0.22,0.11,0.01,0.0,0.0,0.0,0.0,0,102118.0
0,1,12,5,0,0,0,0,0,0,0,0,0,0,0,0,0,0,0,0,0,0,174,3,1.0,1.0,0.0,0.0,0.02,0.06,0.0,255,3,0.01,0.07,0.0,0.0,1.0,1.0,0.0,0.0,1,90138.0
0,1,22,9,303,4937,0,0,0,0,0,1,0,0,0,0,0,0,0,0,0,0,7,7,0.0,0.0,0.0,0.0,1.0,0.0,0.0,7,116,1.0,0.0,0.14,0.05,0.0,0.0,0.0,0.0,0,62085.0
0,1,22,9,225,3958,0,0,0,0,0,1,0,0,0,0,0,0,0,0,0,0,8,8,0.0,0.0,0.0,0.0,1.0,0.0,0.0,255,255,1.0,0.0,0.0,0.0,0.0,0.0,0.0,0.0,0,102291.0
0,1,22,9,207,513,0,0,0,0,0,1,0,0,0,0,0,0,0,0,0,0,4,4,0.25,0.25,0.0,0.0,1.0,0.0,0.0,16,255,1.0,0.0,0.06,0.02,0.06,0.01,0.0,0.0,0,115925.0
0,1,22,9,232,966,0,0,0,0,0,1,0,0,0,0,0,0,0,0,0,0,2,2,0.0,0.0,0.0,0.0,1.0,0.0,0.0,9,255,1.0,0.0,0.11,0.04,0.0,0.01,0.0,0.0,0,37478.0
0,1,44,5,0,0,0,0,0,0,0,0,0,0,0,0,0,0,0,0,0,0,122,14,1.0,1.0,0.0,0.0,0.11,0.06,0.0,255,3,0.01,0.08,0.0,0.0,1.0,1.0,0.0,0.0,1,53712.0
0,1,44,5,0,0,0,0,0,0,0,0,0,0,0,0,0,0,0,0,0,0,145,20,1.0,1.0,0.0,0.0,0.14,0.06,0.0,255,33,0.13,0.05,0.0,0.0,1.0,1.0,0.0,0.0,1,74350.0
0,0,14,9,30,0,0,0,0,0,0,0,0,0,0,0,0,0,0,0,0,0,2,2,0.0,0.0,0.0,0.0,1.0,0.0,0.0,179,179,1.0,0.0,1.0,0.0,0.0,0.0,0.0,0.0,0,97535.0
0,1,57,2,0,0,0,0,0,0,0,0,0,0,0,0,0,0,0,0,0,0,2,1,0.0,0.0,1.0,1.0,0.5,1.0,0.0,255,1,0.0,1.0,1.0,0.0,0.0,0.0,1.0,1.0,1,90622.0
0,1,44,5,0,0,0,0,0,0,0,0,0,0,0,0,0,0,0,0,0,0,44,4,1.0,1.0,0.0,0.0,0.09,0.11,0.0,255,18,0.07,0.08,0.0,0.0,1.0,1.0,0.0,0.0,1,121980.0
0,1,22,9,267,3563,0,0,0,0,0,1,0,0,0,0,0,0,0,0,0,0,1,2,0.0,0.0,0.0,0.5,1.0,0.0,1.0,255,248,0.97,0.01,0.0,0.0,0.0,0.0,0.02,0.02,0,118532.0
0,1,44,5,0,0,0,0,0,0,0,0,0,0,0,0,0,0,0,0,0,0,153,1,1.0,1.0,0.0,0.0,0.01,0.07,0.0,255,20,0.08,0.07,0.0,0.0,1.0,1.0,0.0,0.0,1,101660.0
0,2,11,9,46,76,0,0,0,0,0,0,0,0,0,0,0,0,0,0,0,0,316,316,0.0,0.0,0.0,0.0,1.0,0.0,0.0,255,254,1.0,0.01,0.0,0.0,0.0,0.0,0.0,0.0,0,124072.0
0,1,22,9,314,748,0,0,0,0,0,1,0,0,0,0,0,0,0,0,0,0,2,2,0.0,0.0,0.0,0.0,1.0,0.0,0.0,4,255,1.0,0.0,0.25,0.05,0.0,0.0,0.0,0.0,0,84288.0
0,0,58,9,182,0,0,0,0,0,0,0,0,0,0,0,0,0,0,0,0,0,7,6,0.0,0.0,0.0,0.0,0.86,0.29,0.0,255,18,0.07,0.01,0.08,0.0,0.0,0.0,0.0,0.0,0,120019.0
0,1,33,5,0,0,0,0,0,0,0,0,0,0,0,0,0,0,0,0,0,0,109,21,1.0,1.0,0.0,0.0,0.19,0.05,0.0,255,21,0.08,0.05,0.0,0.0,1.0,1.0,0.0,0.0,1,75851.0
0,0,14,9,1032,0,0,0,0,0,0,0,0,0,0,0,0,0,0,0,0,0,368,368,0.0,0.0,0.0,0.0,1.0,0.0,0.0,255,255,1.0,0.0,1.0,0.0,0.0,0.0,0.0,0.0,1,63588.0
0,1,24,5,0,0,0,0,0,0,0,0,0,0,0,0,0,0,0,0,0,0,225,5,1.0,1.0,0.0,0.0,0.02,0.06,0.0,255,5,0.02,0.05,0.0,0.0,1.0,1.0,0.0,0.0,1,105104.0
0,0,13,9,30,0,0,0,0,0,0,0,0,0,0,0,0,0,0,0,0,0,1,1,0.0,0.0,0.0,0.0,1.0,0.0,0.0,64,131,1.0,0.0,1.0,0.27,0.0,0.0,0.0,0.0,0,31576.0
0,1,22,9,310,3222,0,0,0,0,0,1,0,0,0,0,0,0,0,0,0,0,1,1,0.0,0.0,0.0,0.0,1.0,0.0,0.0,255,244,0.96,0.01,0.0,0.0,0.0,0.0,0.0,0.0,0,32111.0
30,1,18,9,1180,3380,0,0,0,24,0,1,0,0,0,0,0,0,0,0,0,1,1,1,0.0,0.0,0.0,0.0,1.0,0.0,0.0,255,44,0.17,0.02,0.0,0.0,0.0,0.0,0.0,0.0,0,74791.0
0,1,22,9,204,6479,0,0,0,0,0,1,0,0,0,0,0,0,0,0,0,0,25,64,0.0,0.0,0.0,0.0,1.0,0.0,0.03,255,255,1.0,0.0,0.01,0.0,0.0,0.0,0.0,0.0,0,31772.0
0,1,22,5,0,0,0,0,0,0,0,0,0,0,0,0,0,0,0,0,0,0,45,16,1.0,1.0,0.0,0.0,0.36,0.09,0.0,255,64,0.25,0.02,0.01,0.0,1.0,1.0,0.0,0.0,1,79116.0
0,1,22,9,211,1382,0,0,0,0,0,1,0,0,0,0,0,0,0,0,0,0,7,8,0.0,0.0,0.0,0.0,1.0,0.0,0.25,17,255,1.0,0.0,0.06,0.05,0.0,0.0,0.0,0.0,0,98377.0
0,1,22,9,299,303,0,0,0,0,0,1,0,0,0,0,0,0,0,0,0,0,14,39,0.0,0.0,0.0,0.0,1.0,0.0,0.08,85,255,1.0,0.0,0.01,0.02,0.0,0.0,0.0,0.0,0,95211.0
1,1,49,9,742,329,0,0,0,0,0,1,0,0,0,0,0,0,0,0,0,0,1,4,0.0,0.0,0.0,0.0,1.0,0.0,1.0,150,208,0.82,0.04,0.01,0.01,0.0,0.0,0.0,0.0,0,12646.0
0,0,14,9,1032,0,0,0,0,0,0,0,0,0,0,0,0,0,0,0,0,0,511,511,0.0,0.0,0.0,0.0,1.0,0.0,0.0,255,169,0.66,0.02,0.66,0.0,0.0,0.0,0.0,0.0,1,106126.0
0,1,44,1,0,0,0,0,0,0,0,0,0,0,0,0,0,0,0,0,0,0,1,1,0.0,0.0,1.0,1.0,1.0,0.0,0.0,55,1,0.02,1.0,0.02,0.0,0.0,0.0,0.91,1.0,1,77921.0
0,1,24,5,0,0,0,0,0,0,0,0,0,0,0,0,0,0,0,0,0,0,203,3,1.0,1.0,0.0,0.0,0.01,0.06,0.0,255,15,0.06,0.07,0.0,0.0,1.0,1.0,0.0,0.0,1,42402.0
0,1,44,5,0,0,0,0,0,0,0,0,0,0,0,0,0,0,0,0,0,0,165,3,1.0,1.0,0.0,0.0,0.02,0.07,0.0,255,18,0.07,0.08,0.0,0.0,1.0,1.0,0.0,0.0,1,99876.0
0,1,44,5,0,0,0,0,0,0,0,0,0,0,0,0,0,0,0,0,0,0,77,13,1.0,1.0,0.0,0.0,0.17,0.06,0.0,255,14,0.05,0.05,0.0,0.0,1.0,1.0,0.0,0.0,1,44378.0
0,0,14,9,520,0,0,0,0,0,0,0,0,0,0,0,0,0,0,0,0,0,190,190,0.0,0.0,0.0,0.0,1.0,0.0,0.0,255,255,1.0,0.0,1.0,0.0,0.0,0.0,0.0,0.0,1,107057.0
0,2,44,9,1,0,0,0,0,0,0,0,0,0,0,0,0,0,0,0,0,0,33,5,0.0,0.0,0.0,0.0,0.15,0.12,0.0,255,55,0.22,0.25,0.95,0.0,0.0,0.0,0.05,0.0,1,22582.0
0,1,22,9,304,6208,0,0,0,0,0,1,0,0,0,0,0,0,0,0,0,0,6,6,0.0,0.0,0.0,0.0,1.0,0.0,0.0,255,255,1.0,0.0,0.0,0.0,0.0,0.0,0.0,0.0,0,68239.0
0,1,37,1,0,0,0,0,0,0,0,0,0,0,0,0,0,0,0,0,0,0,109,11,0.0,0.0,1.0,1.0,0.1,0.06,0.0,255,11,0.04,0.06,0.0,0.0,0.0,0.0,1.0,1.0,1,41471.0
0,1,44,5,0,0,0,0,0,0,0,0,0,0,0,0,0,0,0,0,0,0,175,7,1.0,1.0,0.0,0.0,0.04,0.06,0.0,255,19,0.07,0.08,0.0,0.0,1.0,1.0,0.0,0.0,1,105045.0
0,1,22,9,217,1818,0,0,0,0,0,1,0,0,0,0,0,0,0,0,0,0,25,25,0.0,0.0,0.0,0.0,1.0,0.0,0.0,255,255,1.0,0.0,0.0,0.0,0.0,0.0,0.0,0.0,0,97489.0
0,1,44,5,0,0,0,0,0,0,0,0,0,0,0,0,0,0,0,0,0,0,211,19,1.0,1.0,0.0,0.0,0.09,0.05,0.0,255,19,0.07,0.05,0.0,0.0,1.0,1.0,0.0,0.0,1,19360.0
5,1,49,9,2121,445,0,0,0,0,0,1,0,0,0,0,0,0,0,0,0,0,1,1,0.0,0.0,0.0,0.0,1.0,0.0,0.0,255,22,0.09,0.07,0.0,0.0,0.0,0.0,0.89,0.0,0,86372.0
0,2,44,9,28,0,0,3,0,0,0,0,0,0,0,0,0,0,0,0,0,0,93,93,0.0,0.0,0.0,0.0,1.0,0.0,0.0,255,93,0.36,0.63,0.36,0.0,0.0,0.0,0.51,0.0,1,91756.0
0,1,40,1,0,0,0,0,0,0,0,0,0,0,0,0,0,0,0,0,0,0,511,1,0.36,0.0,0.64,1.0,0.0,1.0,0.0,255,1,0.0,1.0,0.0,0.0,0.29,0.0,0.71,1.0,1,8861.0
0,0,14,9,520,0,0,0,0,0,0,0,0,0,0,0,0,0,0,0,0,0,109,109,0.0,0.0,0.0,0.0,1.0,0.0,0.0,255,255,1.0,0.0,1.0,0.0,0.0,0.0,0.0,0.0,1,90373.0
0,0,13,9,8,0,0,0,0,0,0,0,0,0,0,0,0,0,0,0,0,0,1,37,0.0,0.0,0.0,0.0,1.0,0.0,1.0,1,11,1.0,0.0,1.0,0.64,0.0,0.0,0.0,0.0,1,25727.0
0,1,22,9,304,1630,0,0,0,0,0,1,0,0,0,0,0,0,0,0,0,0,7,7,0.0,0.0,0.0,0.0,1.0,0.0,0.0,7,255,1.0,0.0,0.14,0.01,0.0,0.0,0.0,0.0,0,46098.0
0,1,44,1,0,0,0,0,0,0,0,0,0,0,0,0,0,0,0,0,0,0,511,1,0.08,0.0,0.9,1.0,0.0,1.0,0.0,255,1,0.0,1.0,0.0,0.0,0.12,0.0,0.85,1.0,1,40661.0
0,1,19,9,16787,0,0,0,0,0,0,0,0,0,0,0,0,0,0,0,0,0,12,12,0.0,0.0,0.0,0.0,1.0,0.0,0.0,195,30,0.15,0.02,0.15,0.0,0.01,0.0,0.0,0.0,0,32005.0
0,1,44,4,0,0,0,0,0,0,0,0,0,0,0,0,0,0,0,0,0,0,1,1,0.0,0.0,1.0,1.0,1.0,0.0,0.0,240,1,0.0,0.32,0.3,0.0,0.0,0.0,0.3,1.0,1,27517.0
3,1,49,9,1231,329,0,0,0,0,0,1,0,0,0,0,0,0,0,0,0,0,1,1,0.0,0.0,0.0,0.0,1.0,0.0,0.0,255,166,0.65,0.03,0.0,0.0,0.0,0.01,0.0,0.0,0,123204.0
0,1,22,9,234,2189,0,0,0,0,0,1,0,0,0,0,0,0,0,0,0,0,11,11,0.0,0.0,0.0,0.0,1.0,0.0,0.0,49,255,1.0,0.0,0.02,0.04,0.0,0.0,0.0,0.0,0,48389.0
0,1,44,5,0,0,0,0,0,0,0,0,0,0,0,0,0,0,0,0,0,0,109,9,1.0,1.0,0.0,0.0,0.08,0.07,0.0,255,4,0.02,0.07,0.0,0.0,1.0,1.0,0.0,0.0,1,31507.0
0,1,51,5,0,0,0,0,0,0,0,0,0,0,0,0,0,0,0,0,0,0,235,16,1.0,1.0,0.0,0.0,0.07,0.07,0.0,255,16,0.06,0.08,0.0,0.0,1.0,1.0,0.0,0.0,1,21145.0
0,1,22,9,300,17287,0,0,0,0,0,1,0,0,0,0,0,0,0,0,0,0,2,2,0.0,0.0,0.0,0.0,1.0,0.0,0.0,72,255,1.0,0.0,0.01,0.05,0.0,0.0,0.0,0.0,0,11538.0
0,1,24,5,0,0,0,0,0,0,0,0,0,0,0,0,0,0,0,0,0,0,290,18,1.0,1.0,0.0,0.0,0.06,0.06,0.0,255,8,0.03,0.07,0.0,0.0,1.0,1.0,0.0,0.0,1,52078.0
0,1,22,9,234,2659,0,0,0,0,0,1,0,0,0,0,0,0,0,0,0,0,12,13,0.0,0.0,0.0,0.0,1.0,0.0,0.15,198,246,1.0,0.0,0.01,0.02,0.0,0.0,0.0,0.0,0,1114.0
0,1,22,1,0,0,0,0,0,0,0,0,0,0,0,0,0,0,0,0,0,0,1,1,0.0,0.0,1.0,1.0,1.0,0.0,0.0,14,187,1.0,0.0,0.07,0.2,0.0,0.0,1.0,1.0,0,43875.0
0,1,44,5,0,0,0,0,0,0,0,0,0,0,0,0,0,0,0,0,0,0,208,4,1.0,1.0,0.0,0.0,0.02,0.07,0.0,255,3,0.01,0.08,0.0,0.0,1.0,1.0,0.0,0.0,1,44655.0
0,1,44,5,0,0,0,0,0,0,0,0,0,0,0,0,0,0,0,0,0,0,299,10,1.0,1.0,0.0,0.0,0.03,0.06,0.0,255,6,0.02,0.09,0.0,0.0,1.0,1.0,0.0,0.0,1,30083.0
0,1,22,9,232,4705,0,0,0,0,0,1,0,0,0,0,0,0,0,0,0,0,20,20,0.0,0.0,0.0,0.0,1.0,0.0,0.0,97,255,1.0,0.0,0.01,0.03,0.0,0.0,0.0,0.0,0,29976.0
0,1,49,9,11228,936,0,0,0,0,0,1,0,0,0,0,0,0,0,0,0,0,1,2,0.0,0.0,0.0,0.0,1.0,0.0,1.0,255,22,0.09,0.02,0.0,0.0,0.0,0.0,0.69,0.0,0,95620.0
0,1,30,5,0,0,0,0,0,0,0,0,0,0,0,0,0,0,0,0,0,0,143,8,1.0,1.0,0.0,0.0,0.06,0.06,0.0,255,8,0.03,0.06,0.0,0.0,1.0,1.0,0.0,0.0,1,28074.0
0,1,22,9,234,14570,0,0,0,0,0,1,0,0,0,0,0,0,0,0,0,0,1,1,0.0,0.0,0.0,0.0,1.0,0.0,0.0,255,255,1.0,0.0,0.0,0.0,0.0,0.0,0.01,0.01,0,65085.0
0,1,3,5,0,0,0,0,0,0,0,0,0,0,0,0,0,0,0,0,0,0,239,8,1.0,1.0,0.0,0.0,0.03,0.06,0.0,255,14,0.05,0.06,0.0,0.0,1.0,1.0,0.0,0.0,1,102120.0
0,1,22,9,206,5200,0,0,0,0,0,1,0,0,0,0,0,0,0,0,0,0,5,5,0.0,0.0,0.0,0.0,1.0,0.0,0.0,255,255,1.0,0.0,0.0,0.0,0.0,0.0,0.0,0.0,0,125907.0
0,0,13,9,8,0,0,0,0,0,0,0,0,0,0,0,0,0,0,0,0,0,1,4,0.0,0.0,0.0,0.0,1.0,0.0,1.0,1,9,1.0,0.0,1.0,0.56,0.0,0.0,0.0,0.0,1,39147.0
0,1,62,5,0,0,0,0,0,0,0,0,0,0,0,0,0,0,0,0,0,0,264,16,1.0,1.0,0.0,0.0,0.06,0.05,0.0,255,16,0.06,0.05,0.0,0.0,1.0,1.0,0.0,0.0,1,113226.0
0,1,22,9,323,2172,0,0,0,0,0,1,0,0,0,0,0,0,0,0,0,0,10,10,0.0,0.0,0.0,0.0,1.0,0.0,0.0,136,255,1.0,0.0,0.01,0.01,0.0,0.0,0.0,0.0,0,42885.0
0,1,22,9,351,1261,0,0,0,0,0,1,0,0,0,0,0,0,0,0,0,0,19,22,0.0,0.0,0.0,0.0,1.0,0.0,0.14,40,115,1.0,0.0,0.03,0.08,0.0,0.0,0.0,0.0,0,86939.0
0,1,44,5,0,0,0,0,0,0,0,0,0,0,0,0,0,0,0,0,0,0,258,25,1.0,1.0,0.0,0.0,0.1,0.05,0.0,255,25,0.1,0.05,0.0,0.0,1.0,1.0,0.0,0.0,1,118826.0
0,1,31,5,0,0,0,0,0,0,0,0,0,0,0,0,0,0,0,0,0,0,255,2,1.0,1.0,0.0,0.0,0.01,0.07,0.0,255,2,0.01,0.08,0.0,0.0,1.0,1.0,0.0,0.0,1,83991.0
0,1,22,9,239,614,0,0,0,0,0,1,0,0,0,0,0,0,0,0,0,0,18,18,0.0,0.0,0.0,0.0,1.0,0.0,0.0,255,255,1.0,0.0,0.0,0.0,0.0,0.0,0.0,0.0,0,79981.0
0,1,55,5,0,0,0,0,0,0,0,0,0,0,0,0,0,0,0,0,0,0,300,19,1.0,1.0,0.0,0.0,0.06,0.05,0.0,255,19,0.07,0.05,0.0,0.0,1.0,1.0,0.0,0.0,1,112477.0
0,1,22,9,348,379,0,0,0,0,0,1,0,0,0,0,0,0,0,0,0,0,12,13,0.0,0.0,0.0,0.0,1.0,0.0,0.15,108,255,1.0,0.0,0.01,0.02,0.0,0.0,0.0,0.0,0,79278.0
0,1,22,9,229,684,0,0,0,0,0,1,0,0,0,0,0,0,0,0,0,0,11,26,0.0,0.0,0.0,0.0,1.0,0.0,0.23,11,255,1.0,0.0,0.09,0.01,0.0,0.0,0.0,0.0,0,17232.0
0,1,22,9,268,970,0,0,0,0,0,1,0,0,0,0,0,0,0,0,0,0,5,5,0.0,0.0,0.0,0.0,1.0,0.0,0.0,67,255,1.0,0.0,0.01,0.05,0.0,0.0,0.0,0.0,0,18366.0
0,1,22,9,326,626,0,0,0,0,0,1,0,0,0,0,0,0,0,0,0,0,19,20,0.0,0.0,0.0,0.0,1.0,0.0,0.1,255,255,1.0,0.0,0.0,0.0,0.0,0.0,0.0,0.0,0,86101.0
0,1,22,9,178,8344,0,0,0,0,0,1,0,0,0,0,0,0,0,0,0,0,3,3,0.0,0.0,0.0,0.0,1.0,0.0,0.0,77,255,1.0,0.0,0.01,0.07,0.0,0.0,0.0,0.0,0,88358.0
0,1,22,9,309,675,0,0,0,0,0,1,0,0,0,0,0,0,0,0,0,0,13,13,0.0,0.0,0.0,0.0,1.0,0.0,0.0,71,255,1.0,0.0,0.01,0.01,0.0,0.0,0.0,0.0,0,2825.0
0,0,13,9,18,0,0,0,0,0,0,0,0,0,0,0,0,0,0,0,0,0,1,2,0.0,0.0,0.0,0.0,1.0,0.0,1.0,4,236,1.0,0.0,1.0,0.25,0.0,0.0,0.0,0.0,1,110997.0
0,1,22,9,184,4528,0,0,0,0,0,1,0,0,0,0,0,0,0,0,0,0,2,14,0.0,0.0,0.0,0.0,1.0,0.0,0.14,194,255,1.0,0.0,0.01,0.01,0.0,0.0,0.01,0.0,0,71534.0
0,0,58,9,183,0,0,0,0,0,0,0,0,0,0,0,0,0,0,0,0,0,2,1,0.0,0.0,0.0,0.0,0.5,1.0,0.0,255,21,0.08,0.01,0.1,0.0,0.0,0.0,0.0,0.0,0,124359.0
0,1,22,9,304,11472,0,0,0,0,0,1,0,0,0,0,0,0,0,0,0,0,18,18,0.0,0.0,0.0,0.0,1.0,0.0,0.0,255,255,1.0,0.0,0.0,0.0,0.0,0.0,0.0,0.0,0,10972.0
2,1,49,9,2371,335,0,0,0,0,0,1,0,0,0,0,0,0,0,0,0,0,1,3,0.0,0.0,0.0,0.0,1.0,0.0,1.0,125,163,0.74,0.03,0.01,0.02,0.0,0.0,0.0,0.0,0,30163.0
0,1,49,6,0,0,0,0,0,0,0,0,0,0,0,0,0,0,0,0,0,0,1,1,1.0,1.0,0.0,0.0,1.0,0.0,0.0,90,146,0.81,0.03,0.01,0.01,0.09,0.03,0.0,0.0,0,8929.0
0,1,22,9,167,8159,0,0,0,0,0,1,0,0,0,0,0,0,0,0,0,0,4,7,0.0,0.0,0.0,0.0,1.0,0.0,0.29,235,255,1.0,0.0,0.0,0.01,0.0,0.0,0.0,0.0,0,101690.0
0,1,40,1,0,0,0,0,0,0,0,0,0,0,0,0,0,0,0,0,0,0,511,1,0.11,0.0,0.86,1.0,0.0,1.0,0.0,255,1,0.0,1.0,0.0,0.0,0.11,0.0,0.84,1.0,1,107250.0
19,1,40,4,0,0,0,0,0,0,0,0,0,0,0,0,0,0,0,0,0,0,1,1,0.0,0.0,1.0,1.0,1.0,0.0,0.0,255,1,0.0,1.0,1.0,0.0,0.0,0.0,1.0,1.0,1,101359.0
0,1,22,5,0,0,0,0,0,0,0,0,0,0,0,0,0,0,0,0,0,0,28,7,1.0,1.0,0.0,0.0,0.25,0.14,0.0,255,57,0.22,0.04,0.01,0.0,1.0,1.0,0.0,0.0,1,40227.0
0,1,57,7,0,0,0,0,0,1,0,0,0,0,0,0,0,0,0,0,0,0,2,2,1.0,1.0,0.0,0.0,1.0,0.0,0.0,22,22,1.0,0.0,0.09,0.0,0.09,0.09,0.05,0.05,0,15182.0
2,1,44,4,0,0,0,0,0,0,0,0,0,0,0,0,0,0,0,0,0,0,451,2,0.0,0.0,1.0,1.0,0.0,0.52,0.0,255,2,0.01,0.51,1.0,0.0,0.0,0.0,1.0,1.0,1,41064.0
0,1,22,9,206,304,0,0,0,0,0,1,0,0,0,0,0,0,0,0,0,0,9,12,0.0,0.0,0.0,0.0,1.0,0.0,0.17,255,255,1.0,0.0,0.0,0.0,0.0,0.0,0.0,0.0,0,31426.0
0,1,44,5,0,0,0,0,0,0,0,0,0,0,0,0,0,0,0,0,0,0,294,11,1.0,1.0,0.0,0.0,0.04,0.05,0.0,255,11,0.04,0.06,0.0,0.0,1.0,1.0,0.0,0.0,1,112928.0
0,1,22,9,244,449,0,0,0,0,0,1,0,0,0,0,0,0,0,0,0,0,4,4,0.0,0.0,0.0,0.0,1.0,0.0,0.0,45,255,1.0,0.0,0.02,0.04,0.02,0.0,0.0,0.0,0,85583.0
0,1,22,9,305,260,0,0,0,0,0,1,0,0,0,0,0,0,0,0,0,0,11,11,0.0,0.0,0.0,0.0,1.0,0.0,0.0,47,255,1.0,0.0,0.02,0.08,0.02,0.0,0.0,0.0,0,75764.0
9570,2,40,9,146,105,0,0,0,0,0,0,0,0,0,0,0,0,0,0,0,0,4,2,0.0,0.0,0.0,0.0,0.5,0.5,0.0,248,2,0.01,0.59,0.96,0.0,0.0,0.0,0.0,0.0,0,61999.0
0,1,44,5,0,0,0,0,0,0,0,0,0,0,0,0,0,0,0,0,0,0,215,8,1.0,1.0,0.0,0.0,0.04,0.05,0.0,255,8,0.03,0.06,0.0,0.0,1.0,1.0,0.0,0.0,1,73375.0
0,2,11,9,45,90,0,0,0,0,0,0,0,0,0,0,0,0,0,0,0,0,208,208,0.0,0.0,0.0,0.0,1.0,0.0,0.0,255,255,1.0,0.0,0.01,0.0,0.0,0.0,0.0,0.0,0,62945.0
0,1,22,9,150,12632,0,0,0,0,0,1,0,0,0,0,0,0,0,0,0,0,1,2,0.0,0.0,0.0,0.0,1.0,0.0,1.0,210,255,1.0,0.0,0.0,0.01,0.0,0.0,0.0,0.0,0,9644.0
0,1,22,9,293,3433,0,0,0,0,0,1,0,0,0,0,0,0,0,0,0,0,13,13,0.0,0.0,0.0,0.0,1.0,0.0,0.0,255,255,1.0,0.0,0.0,0.0,0.0,0.0,0.0,0.0,0,44565.0
0,1,22,9,335,1211,0,0,0,0,0,1,0,0,0,0,0,0,0,0,0,0,7,7,0.0,0.0,0.0,0.0,1.0,0.0,0.0,255,255,1.0,0.0,0.0,0.0,0.0,0.0,0.0,0.0,0,36905.0
0,1,19,9,35,0,0,0,0,0,0,0,0,0,0,0,0,0,0,0,0,0,2,2,0.0,0.0,0.0,0.0,1.0,0.0,0.0,255,40,0.16,0.52,0.16,0.0,0.52,0.0,0.0,0.0,0,57451.0
0,1,20,1,0,0,0,0,0,0,0,0,0,0,0,0,0,0,0,0,0,0,266,15,0.0,0.0,1.0,1.0,0.06,0.07,0.0,255,15,0.06,0.07,0.0,0.0,0.0,0.0,1.0,1.0,1,757.0
0,1,44,5,0,0,0,0,0,0,0,0,0,0,0,0,0,0,0,0,0,0,41,1,1.0,1.0,0.0,0.0,0.02,0.15,0.0,255,13,0.05,0.07,0.0,0.0,1.0,1.0,0.0,0.0,1,37352.0
0,1,22,9,165,9080,0,0,0,0,0,1,0,0,0,0,0,0,0,0,0,0,3,3,0.0,0.0,0.0,0.0,1.0,0.0,0.0,3,255,1.0,0.0,0.33,0.05,0.0,0.0,0.0,0.0,0,16749.0
0,1,44,1,0,0,0,0,0,0,0,0,0,0,0,0,0,0,0,0,0,0,83,8,0.0,0.0,1.0,1.0,0.1,0.07,0.0,255,8,0.03,0.07,0.0,0.0,0.0,0.0,1.0,1.0,1,25998.0
0,1,44,5,0,0,0,0,0,0,0,0,0,0,0,0,0,0,0,0,0,0,149,17,1.0,1.0,0.0,0.0,0.11,0.05,0.0,255,5,0.02,0.08,0.0,0.0,1.0,1.0,0.0,0.0,1,81274.0
0,2,11,9,44,72,0,0,0,0,0,0,0,0,0,0,0,0,0,0,0,0,135,135,0.0,0.0,0.0,0.0,1.0,0.0,0.0,255,255,1.0,0.0,0.01,0.0,0.0,0.0,0.0,0.0,0,81998.0
0,1,19,9,16787,0,0,0,0,0,0,0,0,0,0,0,0,0,0,0,0,0,10,10,0.0,0.0,0.0,0.0,1.0,0.0,0.0,237,55,0.19,0.02,0.19,0.04,0.0,0.0,0.05,0.0,0,44557.0
0,1,50,1,0,0,0,0,0,0,0,0,0,0,0,0,0,0,0,0,0,0,231,16,0.0,0.0,1.0,1.0,0.07,0.07,0.0,255,16,0.06,0.08,0.0,0.0,0.0,0.0,1.0,1.0,1,49068.0
0,1,25,5,0,0,0,0,0,0,0,0,0,0,0,0,0,0,0,0,0,0,252,13,1.0,1.0,0.0,0.0,0.05,0.06,0.0,255,13,0.05,0.06,0.0,0.0,1.0,1.0,0.0,0.0,1,91175.0
0,1,49,9,986,328,0,0,0,0,0,1,0,0,0,0,0,0,0,0,0,0,1,1,0.0,0.0,0.0,0.0,1.0,0.0,0.0,71,170,0.66,0.07,0.01,0.01,0.0,0.0,0.0,0.0,0,94075.0
259,1,40,4,1,0,0,0,0,0,0,0,0,0,0,0,0,0,0,0,0,0,2,2,0.0,0.0,1.0,1.0,1.0,0.0,0.0,255,2,0.01,0.73,1.0,0.0,0.0,0.0,1.0,1.0,1,93745.0
0,1,22,9,210,2942,0,0,0,0,0,1,0,0,0,0,0,0,0,0,0,0,39,39,0.0,0.0,0.0,0.0,1.0,0.0,0.0,255,255,1.0,0.0,0.0,0.0,0.0,0.0,0.0,0.0,0,1953.0
0,0,13,9,8,0,0,0,0,0,0,0,0,0,0,0,0,0,0,0,0,0,1,45,0.0,0.0,0.0,0.0,1.0,0.0,1.0,2,130,1.0,0.0,1.0,0.5,0.0,0.0,0.0,0.0,1,89058.0
0,1,22,5,0,0,0,0,0,0,0,0,0,0,0,0,0,0,0,0,0,0,2,2,0.5,0.5,0.0,0.0,1.0,0.0,0.0,4,255,1.0,0.0,0.5,0.04,0.25,0.02,0.5,0.02,0,27764.0
0,1,22,9,230,241,0,0,0,0,0,1,0,0,0,0,0,0,0,0,0,0,4,11,0.0,0.0,0.0,0.0,1.0,0.0,0.18,39,255,1.0,0.0,0.03,0.05,0.0,0.0,0.0,0.0,0,7341.0
1,1,49,9,2222,334,0,0,0,0,0,1,0,0,0,0,0,0,0,0,0,0,1,3,0.0,0.0,0.0,0.0,1.0,0.0,1.0,130,117,0.65,0.02,0.01,0.02,0.0,0.0,0.0,0.0,0,79274.0
0,2,40,9,1,0,0,0,0,0,0,0,0,0,0,0,0,0,0,0,0,0,10,1,0.0,0.0,0.0,0.0,0.1,0.8,0.0,255,1,0.0,0.14,0.38,0.0,0.0,0.0,0.55,0.0,1,109022.0
0,1,22,9,200,2208,0,0,0,0,0,1,0,0,0,0,0,0,0,0,0,0,23,26,0.0,0.0,0.0,0.0,1.0,0.0,0.12,103,255,1.0,0.0,0.01,0.02,0.0,0.0,0.0,0.0,0,60051.0
0,1,12,5,0,0,0,0,0,0,0,0,0,0,0,0,0,0,0,0,0,0,225,16,1.0,1.0,0.0,0.0,0.07,0.06,0.0,255,5,0.02,0.07,0.0,0.0,1.0,1.0,0.0,0.0,1,54030.0
0,2,11,9,45,137,0,0,0,0,0,0,0,0,0,0,0,0,0,0,0,0,75,153,0.0,0.0,0.0,0.0,1.0,0.0,0.01,255,237,0.93,0.01,0.0,0.0,0.0,0.0,0.0,0.0,0,54364.0
0,1,22,9,221,1912,0,0,0,0,0,1,0,0,0,0,0,0,0,0,0,0,27,27,0.0,0.0,0.0,0.0,1.0,0.0,0.0,191,255,1.0,0.0,0.01,0.02,0.01,0.01,0.0,0.0,0,3160.0
0,1,22,9,296,1551,0,0,0,0,0,1,0,0,0,0,0,0,0,0,0,0,19,19,0.0,0.0,0.0,0.0,1.0,0.0,0.0,19,255,1.0,0.0,0.05,0.06,0.0,0.0,0.0,0.0,0,69662.0
0,2,40,9,32,0,0,0,0,0,0,0,0,0,0,0,0,0,0,0,0,0,1,1,0.0,0.0,0.0,0.0,1.0,0.0,0.0,255,1,0.0,0.02,0.0,0.0,0.0,0.0,0.0,0.0,1,99025.0
8,1,40,4,0,0,0,0,0,0,0,0,0,0,0,0,0,0,0,0,0,0,2,2,0.0,0.0,1.0,1.0,1.0,0.0,0.0,255,2,0.01,0.74,1.0,0.0,0.0,0.0,1.0,1.0,1,108903.0
0,0,14,9,1032,0,0,0,0,0,0,0,0,0,0,0,0,0,0,0,0,0,495,495,0.0,0.0,0.0,0.0,1.0,0.0,0.0,255,255,1.0,0.0,1.0,0.0,0.0,0.0,0.0,0.0,1,49378.0
0,1,22,9,195,172,0,0,0,0,0,1,0,0,0,0,0,0,0,0,0,0,5,5,0.2,0.2,0.0,0.0,1.0,0.0,0.0,199,202,1.0,0.0,0.01,0.01,0.01,0.0,0.0,0.0,0,94548.0
0,1,9,5,0,0,0,0,0,0,0,0,0,0,0,0,0,0,0,0,0,0,90,1,1.0,1.0,0.0,0.0,0.01,0.08,0.0,255,1,0.0,0.07,0.0,0.0,1.0,1.0,0.0,0.0,1,95405.0
0,2,11,9,128,42,0,0,0,0,0,0,0,0,0,0,0,0,0,0,0,0,230,229,0.0,0.0,0.0,0.0,1.0,0.01,0.0,119,86,0.72,0.02,0.1,0.0,0.0,0.0,0.0,0.0,0,35772.0
0,2,44,9,215,0,0,0,0,0,0,0,0,0,0,0,0,0,0,0,0,0,1,1,0.0,0.0,0.0,0.0,1.0,0.0,0.0,111,95,0.86,0.02,0.86,0.0,0.0,0.0,0.0,0.0,1,121123.0
0,1,22,9,245,13611,0,0,0,0,0,1,0,0,0,0,0,0,0,0,0,0,1,2,0.0,0.0,0.0,0.0,1.0,0.0,1.0,255,255,1.0,0.0,0.0,0.0,0.01,0.01,0.0,0.0,0,104107.0
0,1,49,9,1870,331,0,0,0,0,0,1,0,0,0,0,0,0,0,0,0,0,1,1,0.0,0.0,0.0,0.0,1.0,0.0,0.0,117,106,0.91,0.03,0.01,0.0,0.0,0.0,0.0,0.0,0,125937.0
0,0,13,9,30,0,0,0,0,0,0,0,0,0,0,0,0,0,0,0,0,0,2,1,0.0,0.0,0.0,0.0,0.5,1.0,0.0,255,4,0.02,0.01,0.03,0.0,0.0,0.0,0.0,0.0,0,40133.0
0,1,21,1,0,0,0,0,0,0,0,0,0,0,0,0,0,0,0,0,0,0,264,2,0.0,0.0,1.0,1.0,0.01,0.06,0.0,255,2,0.01,0.07,0.0,0.0,0.0,0.0,1.0,1.0,1,3251.0
0,1,33,5,0,0,0,0,0,0,0,0,0,0,0,0,0,0,0,0,0,0,150,16,1.0,1.0,0.0,0.0,0.11,0.05,0.0,255,2,0.01,0.08,0.0,0.0,1.0,1.0,0.0,0.0,1,3076.0
0,2,44,9,105,147,0,0,0,0,0,0,0,0,0,0,0,0,0,0,0,0,10,2,0.0,0.0,0.0,0.0,0.2,0.2,0.0,255,232,0.91,0.01,0.01,0.0,0.0,0.0,0.0,0.0,0,14675.0
5048,1,19,9,5135678,0,0,0,0,4,0,1,0,0,0,0,0,0,0,0,0,0,1,1,0.0,0.0,0.0,0.0,1.0,0.0,0.0,9,39,1.0,0.0,1.0,0.13,0.0,0.0,0.0,0.0,1,20263.0
0,2,11,9,46,74,0,0,0,0,0,0,0,0,0,0,0,0,0,0,0,0,188,188,0.0,0.0,0.0,0.0,1.0,0.0,0.0,255,236,0.93,0.01,0.0,0.0,0.0,0.0,0.0,0.0,0,93328.0
0,1,19,9,2881,0,0,0,0,0,0,1,0,0,0,0,0,0,0,0,0,0,2,2,0.0,0.0,0.0,0.0,1.0,0.0,0.0,139,23,0.09,0.03,0.09,0.09,0.0,0.0,0.0,0.0,0,32210.0
0,1,22,9,185,13635,0,0,0,0,0,1,0,0,0,0,0,0,0,0,0,0,4,44,0.0,0.0,0.0,0.0,1.0,0.0,0.07,34,255,1.0,0.0,0.03,0.02,0.0,0.0,0.0,0.0,0,72857.0
0,2,11,9,44,131,0,0,0,0,0,0,0,0,0,0,0,0,0,0,0,0,81,161,0.0,0.0,0.0,0.0,0.99,0.02,0.01,255,246,0.96,0.01,0.0,0.0,0.0,0.0,0.0,0.0,0,102610.0
0,1,22,9,284,9046,0,0,0,0,0,1,0,0,0,0,0,0,0,0,0,0,2,2,0.0,0.0,0.0,0.0,1.0,0.0,0.0,166,255,1.0,0.0,0.01,0.04,0.0,0.0,0.0,0.0,0,107805.0
0,1,22,9,335,1088,0,0,0,0,0,1,0,0,0,0,0,0,0,0,0,0,3,3,0.0,0.0,0.0,0.0,1.0,0.0,0.0,33,255,1.0,0.0,0.03,0.03,0.0,0.01,0.0,0.0,0,56502.0
0,1,23,5,0,0,0,0,0,0,0,0,0,0,0,0,0,0,0,0,0,0,145,16,1.0,1.0,0.0,0.0,0.11,0.06,0.0,255,16,0.06,0.06,0.0,0.0,1.0,1.0,0.0,0.0,1,11912.0
0,1,22,9,330,7474,0,0,0,0,0,1,0,0,0,0,0,0,0,0,0,0,13,13,0.0,0.0,0.0,0.0,1.0,0.0,0.0,255,255,1.0,0.0,0.0,0.0,0.0,0.0,0.0,0.0,0,56847.0
0,1,22,9,242,971,0,0,0,0,0,1,0,0,0,0,0,0,0,0,0,0,1,1,0.0,0.0,0.0,0.0,1.0,0.0,0.0,255,246,0.96,0.01,0.0,0.0,0.0,0.0,0.0,0.0,0,12474.0
0,1,19,9,383,0,0,0,0,0,0,0,0,0,0,0,0,0,0,0,0,0,2,2,0.0,0.0,0.0,0.0,1.0,0.0,0.0,86,13,0.15,0.06,0.15,0.0,0.01,0.08,0.0,0.0,0,44723.0
0,1,44,5,0,0,0,0,0,0,0,0,0,0,0,0,0,0,0,0,0,0,281,15,1.0,1.0,0.0,0.0,0.05,0.06,0.0,255,32,0.13,0.07,0.0,0.0,1.0,1.0,0.0,0.0,1,28692.0
0,1,17,5,0,0,0,0,0,0,0,0,0,0,0,0,0,0,0,0,0,0,40,20,1.0,1.0,0.0,0.0,0.5,0.05,0.0,200,62,0.3,0.02,0.01,0.03,1.0,0.97,0.0,0.0,1,81662.0
0,1,22,9,235,481,0,0,0,0,0,1,0,0,0,0,0,0,0,0,0,0,3,4,0.0,0.0,0.0,0.0,1.0,0.0,0.5,255,255,1.0,0.0,0.0,0.0,0.0,0.0,0.0,0.0,0,41955.0
0,0,13,9,8,0,0,0,0,0,0,0,0,0,0,0,0,0,0,0,0,0,1,43,0.0,0.0,0.0,0.0,1.0,0.0,1.0,1,157,1.0,0.0,1.0,0.5,0.0,0.0,0.0,0.0,1,38528.0
1,1,49,9,1378,328,0,0,0,0,0,1,0,0,0,0,0,0,0,0,0,0,3,1,0.0,0.0,0.0,0.0,0.33,1.0,0.0,255,99,0.39,0.03,0.0,0.0,0.0,0.0,0.0,0.0,0,17897.0
0,2,44,9,207,207,0,0,0,0,0,0,0,0,0,0,0,0,0,0,0,0,2,2,0.0,0.0,0.0,0.0,1.0,0.0,0.0,255,214,0.84,0.01,0.84,0.0,0.0,0.0,0.0,0.0,0,2483.0
0,1,20,5,0,0,0,0,0,0,0,0,0,0,0,0,0,0,0,0,0,0,208,17,1.0,1.0,0.0,0.0,0.08,0.07,0.0,255,18,0.07,0.07,0.0,0.0,1.0,1.0,0.0,0.0,1,103453.0
0,1,22,9,272,10936,0,0,0,0,0,1,0,0,0,0,0,0,0,0,0,0,7,7,0.0,0.0,0.0,0.0,1.0,0.0,0.0,255,255,1.0,0.0,0.0,0.0,0.0,0.0,0.0,0.0,0,72516.0
0,2,11,9,46,46,0,0,0,0,0,0,0,0,0,0,0,0,0,0,0,0,160,240,0.0,0.0,0.0,0.0,1.0,0.0,0.01,255,255,1.0,0.0,0.01,0.0,0.0,0.0,0.0,0.0,0,110740.0
0,1,40,5,0,0,0,0,0,0,0,0,0,0,0,0,0,0,0,0,0,0,198,1,1.0,1.0,0.0,0.0,0.01,0.07,0.0,255,1,0.0,0.08,0.0,0.0,1.0,1.0,0.0,0.0,1,88829.0
0,1,22,9,231,1056,0,0,0,0,0,1,0,0,0,0,0,0,0,0,0,0,7,7,0.0,0.0,0.0,0.0,1.0,0.0,0.0,14,255,1.0,0.0,0.07,0.02,0.0,0.0,0.0,0.0,0,65536.0
0,1,22,9,234,5381,0,0,0,0,0,1,0,0,0,0,0,0,0,0,0,0,6,6,0.0,0.0,0.0,0.0,1.0,0.0,0.0,53,255,1.0,0.0,0.02,0.02,0.0,0.0,0.0,0.0,0,96640.0
0,1,44,1,0,0,0,0,0,0,0,0,0,0,0,0,0,0,0,0,0,0,350,1,0.03,0.0,0.96,1.0,0.0,1.0,0.0,255,1,0.0,1.0,0.0,0.0,0.03,0.0,0.97,1.0,1,94349.0
0,1,19,9,1699,0,0,0,0,0,0,1,0,0,0,0,0,0,0,0,0,0,4,4,0.0,0.0,0.0,0.0,1.0,0.0,0.0,62,10,0.16,0.06,0.16,0.0,0.0,0.0,0.0,0.0,0,80554.0
0,1,3,9,9,39,0,0,0,0,0,0,0,0,0,0,0,0,0,0,0,0,1,1,0.0,0.0,0.0,0.0,1.0,0.0,0.0,255,1,0.0,0.02,0.0,0.0,0.0,0.0,0.05,0.0,0,124831.0
96,1,17,2,0,0,0,0,0,0,0,0,0,0,0,0,0,0,0,0,0,0,1,1,0.0,0.0,1.0,1.0,1.0,0.0,0.0,193,12,0.06,0.02,0.01,0.0,0.0,0.0,0.01,0.08,1,95686.0
0,1,44,5,0,0,0,0,0,0,0,0,0,0,0,0,0,0,0,0,0,0,75,23,1.0,1.0,0.0,0.0,0.31,0.05,0.0,255,23,0.09,0.05,0.0,0.0,1.0,1.0,0.0,0.0,1,38368.0
0,2,11,9,33,93,0,0,0,0,0,0,0,0,0,0,0,0,0,0,0,0,1,2,0.0,0.0,0.0,0.0,1.0,0.0,1.0,255,247,0.97,0.01,0.0,0.0,0.0,0.0,0.0,0.0,0,12523.0
0,0,14,9,1032,0,0,0,0,0,0,0,0,0,0,0,0,0,0,0,0,0,511,511,0.0,0.0,0.0,0.0,1.0,0.0,0.0,255,139,0.55,0.02,0.55,0.0,0.01,0.0,0.0,0.0,1,95132.0
0,1,22,9,152,713,0,0,0,0,0,1,0,0,0,0,0,0,0,0,0,0,9,9,0.0,0.0,0.0,0.0,1.0,0.0,0.0,9,255,1.0,0.0,0.11,0.05,0.0,0.0,0.0,0.0,0,87065.0
3846,2,40,9,147,105,0,0,0,0,0,0,0,0,0,0,0,0,0,0,0,0,2,2,0.0,0.0,0.0,0.0,1.0,0.0,0.0,255,2,0.01,0.56,0.89,0.0,0.0,0.0,0.0,0.0,0,116801.0
0,1,5,1,0,0,0,0,0,0,0,0,0,0,0,0,0,0,0,0,0,0,149,19,0.0,0.0,1.0,1.0,0.13,0.05,0.0,255,19,0.07,0.06,0.0,0.0,0.0,0.0,1.0,1.0,1,52084.0
0,0,13,9,18,0,0,0,0,0,0,0,0,0,0,0,0,0,0,0,0,0,1,1,0.0,0.0,0.0,0.0,1.0,0.0,0.0,3,127,1.0,0.0,1.0,0.25,0.0,0.0,0.0,0.0,1,53311.0
0,1,44,5,0,0,0,0,0,0,0,0,0,0,0,0,0,0,0,0,0,0,240,13,1.0,1.0,0.0,0.0,0.05,0.05,0.0,255,13,0.05,0.05,0.0,0.0,1.0,1.0,0.0,0.0,1,95790.0
0,1,3,5,0,0,0,0,0,0,0,0,0,0,0,0,0,0,0,0,0,0,208,16,1.0,1.0,0.0,0.0,0.08,0.05,0.0,255,16,0.06,0.06,0.0,0.0,1.0,1.0,0.0,0.0,1,94024.0
0,1,22,9,246,1860,0,0,0,0,0,1,0,0,0,0,0,0,0,0,0,0,3,3,0.0,0.0,0.0,0.0,1.0,0.0,0.0,83,255,1.0,0.0,0.01,0.03,0.0,0.0,0.0,0.0,0,21571.0
0,1,44,5,0,0,0,0,0,0,0,0,0,0,0,0,0,0,0,0,0,0,65,6,1.0,1.0,0.0,0.0,0.09,0.08,0.0,255,9,0.04,0.06,0.0,0.0,1.0,1.0,0.0,0.0,1,89742.0
0,1,22,9,321,1082,0,0,0,0,0,1,0,0,0,0,0,0,0,0,0,0,2,2,0.0,0.0,0.0,0.0,1.0,0.0,0.0,255,255,1.0,0.0,0.0,0.0,0.0,0.0,0.0,0.0,0,36295.0
0,1,22,9,230,382,0,0,0,0,0,1,0,0,0,0,0,0,0,0,0,0,1,2,0.0,0.0,0.0,0.0,1.0,0.0,1.0,72,255,1.0,0.0,0.01,0.01,0.01,0.0,0.0,0.0,0,120094.0
0,2,44,9,105,145,0,0,0,0,0,0,0,0,0,0,0,0,0,0,0,0,1,1,0.0,0.0,0.0,0.0,1.0,0.0,0.0,255,157,0.62,0.01,0.0,0.0,0.0,0.0,0.0,0.0,0,93722.0
0,1,22,9,308,1298,0,0,0,0,0,1,0,0,0,0,0,0,0,0,0,0,17,39,0.0,0.0,0.0,0.0,1.0,0.0,0.13,255,255,1.0,0.0,0.0,0.0,0.0,0.0,0.0,0.0,0,25065.0
0,1,19,9,175337,0,0,0,0,0,0,0,0,0,0,0,0,0,0,0,0,0,1,1,0.0,0.0,0.0,0.0,1.0,0.0,0.0,230,74,0.32,0.02,0.32,0.0,0.0,0.0,0.0,0.0,0,69617.0
0,2,11,9,45,80,0,0,0,0,0,0,0,0,0,0,0,0,0,0,0,0,109,109,0.0,0.0,0.0,0.0,0.99,0.02,0.02,255,253,0.99,0.01,0.0,0.0,0.0,0.0,0.0,0.0,0,106033.0
0,1,22,9,316,434,0,0,0,0,0,1,0,0,0,0,0,0,0,0,0,0,30,33,0.0,0.0,0.0,0.0,1.0,0.0,0.09,255,255,1.0,0.0,0.0,0.0,0.0,0.0,0.0,0.0,0,79301.0
0,1,51,5,0,0,0,0,0,0,0,0,0,0,0,0,0,0,0,0,0,0,227,3,1.0,1.0,0.0,0.0,0.01,0.07,0.0,255,18,0.07,0.06,0.0,0.0,1.0,1.0,0.0,0.0,1,37218.0
0,1,22,9,224,1415,0,0,0,0,0,1,0,0,0,0,0,0,0,0,0,0,11,11,0.0,0.0,0.0,0.0,1.0,0.0,0.0,48,48,1.0,0.0,0.02,0.0,0.0,0.0,0.0,0.0,0,16423.0
0,1,20,5,0,0,0,0,0,0,0,0,0,0,0,0,0,0,0,0,0,0,258,3,1.0,1.0,0.0,0.0,0.01,0.07,0.0,255,3,0.01,0.07,0.0,0.0,1.0,1.0,0.0,0.0,1,122465.0
2,1,57,9,0,4,0,0,0,0,0,0,0,0,0,0,0,0,0,0,0,0,1,1,0.0,0.0,0.0,0.0,1.0,0.0,0.0,2,2,1.0,0.0,0.5,0.0,0.0,0.0,0.0,0.0,1,76053.0
0,1,53,5,0,0,0,0,0,0,0,0,0,0,0,0,0,0,0,0,0,0,205,17,1.0,1.0,0.0,0.0,0.08,0.06,0.0,255,17,0.07,0.07,0.0,0.0,1.0,1.0,0.0,0.0,1,37.0
0,1,22,9,278,255,0,0,0,0,0,1,0,0,0,0,0,0,0,0,0,0,6,6,0.0,0.0,0.0,0.0,1.0,0.0,0.0,255,255,1.0,0.0,0.0,0.0,0.0,0.0,0.0,0.0,0,16927.0
0,2,11,9,88,0,0,0,0,0,0,0,0,0,0,0,0,0,0,0,0,0,1,2,0.0,0.0,0.0,0.0,1.0,0.0,1.0,5,3,0.6,0.6,0.6,0.0,0.0,0.0,0.0,0.0,0,67102.0
0,1,22,9,324,1000,0,0,0,0,0,1,0,0,0,0,0,0,0,0,0,0,50,50,0.0,0.0,0.0,0.0,1.0,0.0,0.0,143,255,1.0,0.0,0.01,0.02,0.0,0.0,0.0,0.0,0,107656.0
0,1,22,9,321,474,0,0,0,0,0,1,0,0,0,0,0,0,0,0,0,0,11,12,0.0,0.0,0.0,0.0,1.0,0.0,0.17,151,199,1.0,0.0,0.01,0.02,0.0,0.0,0.0,0.0,0,30549.0
0,1,44,5,0,0,0,0,0,0,0,0,0,0,0,0,0,0,0,0,0,0,261,7,1.0,1.0,0.0,0.0,0.03,0.05,0.0,255,7,0.03,0.07,0.0,0.0,1.0,1.0,0.0,0.0,1,55272.0
0,1,9,5,0,0,0,0,0,0,0,0,0,0,0,0,0,0,0,0,0,0,237,5,1.0,1.0,0.0,0.0,0.02,0.06,0.0,255,16,0.06,0.05,0.0,0.0,1.0,1.0,0.0,0.0,1,120532.0
0,1,44,10,0,0,0,0,0,0,0,0,0,0,0,0,0,0,0,0,0,0,1,1,1.0,1.0,0.0,0.0,1.0,0.0,0.0,28,1,0.04,0.71,0.71,0.0,0.71,1.0,0.0,0.0,1,19523.0
0,2,11,9,36,0,0,0,0,0,0,0,0,0,0,0,0,0,0,0,0,0,9,9,0.0,0.0,0.0,0.0,1.0,0.0,0.0,48,113,1.0,0.0,1.0,0.02,0.0,0.0,0.0,0.0,0,46420.0
0,1,20,5,0,0,0,0,0,0,0,0,0,0,0,0,0,0,0,0,0,0,211,14,1.0,1.0,0.0,0.0,0.07,0.06,0.0,255,16,0.06,0.07,0.0,0.0,1.0,1.0,0.0,0.0,1,45058.0
274,1,55,9,207,6481,0,0,0,0,0,1,2,0,0,0,0,0,0,0,0,0,1,1,0.0,0.0,0.0,0.0,1.0,0.0,0.0,255,66,0.26,0.02,0.0,0.0,0.91,0.91,0.0,0.0,0,119794.0
0,1,22,9,228,2904,0,0,0,0,0,1,0,0,0,0,0,0,0,0,0,0,31,71,0.0,0.0,0.0,0.0,1.0,0.0,0.03,255,255,1.0,0.0,0.0,0.0,0.0,0.0,0.0,0.0,0,65682.0
0,1,19,9,383,0,0,0,0,0,0,1,0,0,0,0,0,0,0,0,0,0,2,2,0.0,0.0,0.0,0.0,1.0,0.0,0.0,177,132,0.57,0.03,0.57,0.02,0.0,0.0,0.0,0.0,0,42238.0
0,1,22,9,235,1249,0,0,0,0,0,1,0,0,0,0,0,0,0,0,0,0,2,2,0.0,0.0,0.0,0.0,1.0,0.0,0.0,120,255,1.0,0.0,0.01,0.03,0.0,0.0,0.0,0.0,0,27499.0
0,1,22,9,232,27554,0,0,0,0,0,1,0,0,0,0,0,0,0,0,0,0,1,9,0.0,0.0,0.0,0.0,1.0,0.0,0.33,240,240,1.0,0.0,0.0,0.0,0.0,0.0,0.0,0.0,0,69924.0
0,2,11,9,44,129,0,0,0,0,0,0,0,0,0,0,0,0,0,0,0,0,73,153,0.0,0.0,0.0,0.0,1.0,0.0,0.01,255,254,1.0,0.01,0.0,0.0,0.0,0.0,0.0,0.0,0,102901.0
0,1,49,9,614,330,0,0,0,0,0,1,0,0,0,0,0,0,0,0,0,0,1,2,0.0,0.0,0.0,0.0,1.0,0.0,1.0,166,183,0.74,0.03,0.01,0.01,0.0,0.0,0.0,0.0,0,118286.0
1,1,49,9,837,336,0,0,0,0,0,1,0,0,0,0,0,0,0,0,0,0,1,2,0.0,0.0,0.0,0.0,1.0,0.0,1.0,86,176,0.85,0.03,0.01,0.01,0.0,0.0,0.02,0.04,0,85777.0
0,2,40,9,147,0,0,0,0,0,0,0,0,0,0,0,0,0,0,0,0,0,5,1,0.0,0.0,0.0,0.0,0.2,0.6,0.0,255,1,0.0,0.28,0.58,0.0,0.0,0.0,0.0,0.0,0,9354.0
0,1,22,9,213,1512,0,0,0,0,0,1,0,0,0,0,0,0,0,0,0,0,5,28,0.0,0.0,0.0,0.0,1.0,0.0,0.11,173,202,1.0,0.0,0.01,0.01,0.0,0.0,0.02,0.04,0,94468.0
0,1,3,1,0,0,0,0,0,0,0,0,0,0,0,0,0,0,0,0,0,0,1,1,0.0,0.0,1.0,1.0,1.0,0.0,0.0,182,11,0.06,0.03,0.01,0.0,0.02,0.0,0.09,1.0,0,44785.0
0,1,22,9,276,2987,0,0,0,0,0,1,0,0,0,0,0,0,0,0,0,0,6,38,0.0,0.0,0.0,0.0,1.0,0.0,0.08,78,255,1.0,0.0,0.01,0.04,0.0,0.0,0.0,0.0,0,113645.0
0,1,22,9,306,1904,0,0,0,0,0,1,0,0,0,0,0,0,0,0,0,0,13,13,0.0,0.0,0.0,0.0,1.0,0.0,0.0,81,255,1.0,0.0,0.01,0.02,0.0,0.0,0.0,0.0,0,12314.0
0,1,22,9,342,2289,0,0,0,0,0,1,0,0,0,0,0,0,0,0,0,0,5,5,0.0,0.0,0.0,0.0,1.0,0.0,0.0,255,255,1.0,0.0,0.0,0.0,0.0,0.0,0.0,0.0,0,66897.0
39869,1,44,4,0,400291060,0,0,0,0,0,0,0,0,0,0,0,0,0,0,0,0,1,1,0.0,0.0,1.0,1.0,1.0,0.0,0.0,255,1,0.0,0.5,1.0,0.0,0.0,0.0,1.0,1.0,1,95029.0
0,1,12,2,0,0,0,0,0,0,0,0,0,0,0,0,0,0,0,0,0,0,238,6,0.0,0.0,1.0,1.0,0.03,0.07,0.0,255,6,0.02,0.07,0.0,0.0,0.0,0.0,1.0,1.0,1,43303.0
0,1,44,5,0,0,0,0,0,0,0,0,0,0,0,0,0,0,0,0,0,0,220,5,1.0,1.0,0.0,0.0,0.02,0.07,0.0,255,5,0.02,0.09,0.0,0.0,1.0,1.0,0.0,0.0,1,111672.0
0,1,22,9,202,434,0,0,0,0,0,1,0,0,0,0,0,0,0,0,0,0,21,42,0.0,0.0,0.0,0.0,1.0,0.0,0.1,255,255,1.0,0.0,0.0,0.0,0.0,0.0,0.0,0.0,0,112581.0
0,2,11,9,46,81,0,0,0,0,0,0,0,0,0,0,0,0,0,0,0,0,91,96,0.0,0.0,0.0,0.0,1.0,0.0,0.02,255,254,1.0,0.01,0.0,0.0,0.0,0.0,0.0,0.0,0,93612.0
5,2,44,9,105,145,0,0,0,0,0,0,0,0,0,0,0,0,0,0,0,0,2,2,0.0,0.0,0.0,0.0,1.0,0.0,0.0,255,234,0.92,0.01,0.02,0.0,0.0,0.0,0.0,0.0,0,7050.0
2,1,44,4,0,0,0,0,0,0,0,0,0,0,0,0,0,0,0,0,0,0,1,1,0.0,0.0,1.0,1.0,1.0,0.0,0.0,255,1,0.0,0.67,1.0,0.0,0.0,0.0,1.0,1.0,1,1281.0
0,1,22,9,215,1483,0,0,0,0,0,1,0,0,0,0,0,0,0,0,0,0,4,9,0.0,0.0,0.0,0.0,1.0,0.0,0.33,97,192,1.0,0.0,0.01,0.03,0.0,0.0,0.0,0.0,0,43510.0
0,1,22,9,257,6935,0,0,0,0,0,1,0,0,0,0,0,0,0,0,0,0,1,4,0.0,0.0,0.0,0.0,1.0,0.0,0.5,68,255,1.0,0.0,0.01,0.06,0.0,0.0,0.0,0.0,0,28187.0
0,2,40,9,516,4,0,0,0,0,0,0,0,0,0,0,0,0,0,0,0,0,314,314,0.0,0.0,0.0,0.0,1.0,0.0,0.0,255,255,1.0,0.0,1.0,0.0,0.0,0.0,0.0,0.0,1,67377.0
0,1,22,9,219,1769,0,0,0,0,0,1,0,0,0,0,0,0,0,0,0,0,31,31,0.0,0.0,0.0,0.0,1.0,0.0,0.0,255,255,1.0,0.0,0.0,0.0,0.0,0.0,0.0,0.0,0,91569.0
0,1,22,9,302,5166,0,0,0,0,0,1,0,0,0,0,0,0,0,0,0,0,5,7,0.0,0.0,0.0,0.0,1.0,0.0,0.29,174,255,1.0,0.0,0.01,0.02,0.0,0.0,0.0,0.0,0,6198.0
0,1,22,1,0,0,0,0,0,0,0,0,0,0,0,0,0,0,0,0,0,0,274,12,0.0,0.0,1.0,1.0,0.04,0.06,0.0,255,12,0.05,0.07,0.0,0.0,0.0,0.0,1.0,1.0,1,46133.0
0,1,7,5,0,0,0,0,0,0,0,0,0,0,0,0,0,0,0,0,0,0,28,2,1.0,1.0,0.0,0.0,0.07,0.14,0.0,255,2,0.01,0.09,0.0,0.0,1.0,1.0,0.0,0.0,1,40582.0
0,1,44,5,0,0,0,0,0,0,0,0,0,0,0,0,0,0,0,0,0,0,32,10,1.0,1.0,0.0,0.0,0.31,0.12,0.0,255,10,0.04,0.08,0.0,0.0,1.0,1.0,0.0,0.0,1,124331.0
0,1,5,5,0,0,0,0,0,0,0,0,0,0,0,0,0,0,0,0,0,0,92,18,1.0,1.0,0.0,0.0,0.2,0.07,0.0,255,18,0.07,0.06,0.0,0.0,1.0,1.0,0.0,0.0,1,4377.0
0,0,13,9,8,0,0,0,0,0,0,0,0,0,0,0,0,0,0,0,0,0,1,3,0.0,0.0,0.0,0.0,1.0,0.0,1.0,1,121,1.0,0.0,1.0,0.5,0.0,0.0,0.0,0.0,1,94304.0
0,1,44,1,0,0,0,0,0,0,0,0,0,0,0,0,0,0,0,0,0,0,145,16,0.0,0.0,1.0,1.0,0.11,0.06,0.0,255,12,0.05,0.06,0.0,0.0,0.0,0.0,1.0,1.0,1,75996.0
0,1,22,1,0,0,0,0,0,0,0,0,0,0,0,0,0,0,0,0,0,0,1,1,0.0,0.0,1.0,1.0,1.0,0.0,0.0,2,143,1.0,0.0,0.5,0.15,0.0,0.0,1.0,1.0,0,54536.0
0,1,22,9,455,296,0,0,0,0,0,1,0,0,0,0,0,0,0,0,0,0,5,6,0.0,0.0,0.0,0.0,1.0,0.0,0.33,255,255,1.0,0.0,0.0,0.0,0.0,0.0,0.0,0.0,0,44536.0
0,1,44,4,0,0,0,0,0,0,0,0,0,0,0,0,0,0,0,0,0,0,1,1,0.0,0.0,1.0,1.0,1.0,0.0,0.0,255,1,0.0,0.65,0.64,0.0,0.0,0.0,0.65,1.0,1,125021.0
0,1,22,9,321,1378,0,0,0,0,0,1,0,0,0,0,0,0,0,0,0,0,12,13,0.0,0.0,0.0,0.0,1.0,0.0,0.15,246,255,1.0,0.0,0.0,0.01,0.0,0.0,0.0,0.0,0,120679.0
0,1,22,9,274,760,0,0,0,0,0,1,0,0,0,0,0,0,0,0,0,0,3,15,0.0,0.0,0.0,0.0,1.0,0.0,0.27,99,255,1.0,0.0,0.01,0.02,0.0,0.0,0.0,0.0,0,101263.0
0,1,22,9,230,1228,0,0,0,0,0,1,0,0,0,0,0,0,0,0,0,0,39,62,0.0,0.0,0.0,0.0,1.0,0.0,0.03,255,255,1.0,0.0,0.0,0.0,0.0,0.0,0.0,0.0,0,121990.0
0,1,27,5,0,0,0,0,0,0,0,0,0,0,0,0,0,0,0,0,0,0,18,2,1.0,1.0,0.0,0.0,0.11,0.17,0.0,255,2,0.01,0.07,0.0,0.0,1.0,1.0,0.0,0.0,1,43337.0
0,1,44,1,0,0,0,0,0,0,0,0,0,0,0,0,0,0,0,0,0,0,317,1,0.0,0.0,1.0,1.0,0.0,0.5,0.0,255,1,0.0,0.51,1.0,0.0,0.0,0.0,1.0,1.0,1,81319.0
0,2,11,9,46,117,0,0,0,0,0,0,0,0,0,0,0,0,0,0,0,0,1,4,0.0,0.0,0.0,0.0,1.0,0.0,0.75,73,68,0.93,0.03,0.01,0.0,0.0,0.0,0.0,0.0,0,115264.0
0,1,16,5,0,0,0,0,0,0,0,0,0,0,0,0,0,0,0,0,0,0,144,20,1.0,1.0,0.0,0.0,0.14,0.05,0.0,255,20,0.08,0.05,0.0,0.0,1.0,1.0,0.0,0.0,1,66340.0
0,0,13,9,30,0,0,0,0,0,0,0,0,0,0,0,0,0,0,0,0,0,2,1,0.0,0.0,0.0,0.0,0.5,1.0,0.0,255,4,0.02,0.01,0.05,0.0,0.0,0.0,0.0,0.0,0,49342.0
0,1,42,9,36,130,0,0,0,0,0,1,0,0,0,0,0,0,0,0,0,0,1,1,0.0,0.0,0.0,0.0,1.0,0.0,0.0,33,3,0.09,0.09,0.03,0.0,0.0,0.0,0.0,0.0,0,23650.0
0,0,14,9,1032,0,0,0,0,0,0,0,0,0,0,0,0,0,0,0,0,0,260,260,0.0,0.0,0.0,0.0,1.0,0.0,0.0,255,255,1.0,0.0,1.0,0.0,0.0,0.0,0.0,0.0,1,123602.0
0,1,22,9,251,269,0,0,0,0,0,1,0,0,0,0,0,0,0,0,0,0,19,19,0.0,0.0,0.0,0.0,1.0,0.0,0.0,255,255,1.0,0.0,0.0,0.0,0.0,0.0,0.0,0.0,0,55136.0
0,1,3,5,0,0,0,0,0,0,0,0,0,0,0,0,0,0,0,0,0,0,238,6,1.0,1.0,0.0,0.0,0.03,0.06,0.0,255,6,0.02,0.07,0.0,0.0,1.0,1.0,0.0,0.0,1,114303.0
0,1,36,5,0,0,0,0,0,0,0,0,0,0,0,0,0,0,0,0,0,0,204,21,1.0,1.0,0.0,0.0,0.1,0.06,0.0,255,21,0.08,0.06,0.0,0.0,1.0,1.0,0.0,0.0,1,40488.0
0,1,22,9,292,313,0,0,0,0,0,1,0,0,0,0,0,0,0,0,0,0,25,32,0.0,0.0,0.0,0.03,1.0,0.0,0.12,255,255,1.0,0.0,0.0,0.0,0.0,0.0,0.0,0.0,0,121121.0
0,1,61,5,0,0,0,0,0,0,0,0,0,0,0,0,0,0,0,0,0,0,147,9,1.0,1.0,0.0,0.0,0.06,0.05,0.0,255,8,0.03,0.07,0.0,0.0,1.0,1.0,0.0,0.0,1,26319.0
0,1,22,9,314,501,0,0,0,0,0,1,0,0,0,0,0,0,0,0,0,0,21,24,0.0,0.0,0.0,0.0,1.0,0.0,0.08,255,255,1.0,0.0,0.0,0.0,0.0,0.0,0.0,0.0,0,96032.0
0,1,44,1,0,0,0,0,0,0,0,0,0,0,0,0,0,0,0,0,0,0,180,10,0.0,0.0,1.0,1.0,0.06,0.06,0.0,255,10,0.04,0.08,0.0,0.0,0.0,0.0,1.0,1.0,1,117777.0
0,1,40,1,0,0,0,0,0,0,0,0,0,0,0,0,0,0,0,0,0,0,1,1,0.0,0.0,1.0,1.0,1.0,0.0,0.0,3,3,1.0,0.0,0.33,0.0,0.0,0.0,1.0,1.0,0,58954.0
0,2,44,9,28,0,0,3,0,0,0,0,0,0,0,0,0,0,0,0,0,0,86,86,0.0,0.0,0.0,0.0,1.0,0.0,0.0,255,86,0.34,0.01,0.34,0.0,0.0,0.0,0.0,0.0,1,7845.0
0,1,22,9,210,303,0,0,0,0,0,1,0,0,0,0,0,0,0,0,0,0,11,11,0.0,0.0,0.0,0.0,1.0,0.0,0.0,135,255,1.0,0.0,0.01,0.03,0.0,0.0,0.0,0.0,0,20240.0
0,1,61,1,0,0,0,0,0,0,0,0,0,0,0,0,0,0,0,0,0,0,212,15,0.0,0.0,1.0,1.0,0.07,0.07,0.0,255,15,0.06,0.08,0.0,0.0,0.0,0.0,1.0,1.0,1,29521.0
0,1,44,5,0,0,0,0,0,0,0,0,0,0,0,0,0,0,0,0,0,0,171,4,1.0,1.0,0.0,0.0,0.02,0.06,0.0,255,20,0.08,0.06,0.0,0.0,1.0,1.0,0.0,0.0,1,116755.0
0,1,22,9,348,245,0,0,0,0,0,1,0,0,0,0,0,0,0,0,0,0,10,11,0.0,0.0,0.0,0.0,1.0,0.0,0.18,109,255,1.0,0.0,0.01,0.01,0.0,0.0,0.0,0.0,0,122012.0
12471,2,40,9,145,105,0,0,0,0,0,0,0,0,0,0,0,0,0,0,0,0,4,2,0.0,0.0,0.0,0.0,0.5,0.5,0.0,255,2,0.01,0.6,0.97,0.0,0.0,0.0,0.0,0.0,0,35857.0
0,1,22,9,185,1233,0,0,0,0,0,1,0,0,0,0,0,0,0,0,0,0,16,21,0.0,0.0,0.0,0.0,1.0,0.0,0.14,255,255,1.0,0.0,0.0,0.0,0.0,0.0,0.0,0.0,0,25671.0
0,2,11,9,46,46,0,0,0,0,0,0,0,0,0,0,0,0,0,0,0,0,156,236,0.0,0.0,0.0,0.0,1.0,0.0,0.01,255,255,1.0,0.0,0.01,0.0,0.0,0.0,0.0,0.0,0,119951.0
8,1,49,9,927,329,0,0,0,0,0,1,0,0,0,0,0,0,0,0,0,0,1,4,0.0,0.0,0.0,0.0,1.0,0.0,1.0,255,157,0.62,0.03,0.0,0.0,0.0,0.0,0.0,0.0,0,62468.0
0,1,20,5,0,0,0,0,0,0,0,0,0,0,0,0,0,0,0,0,0,0,232,8,1.0,1.0,0.0,0.0,0.03,0.07,0.0,255,8,0.03,0.07,0.0,0.0,1.0,1.0,0.0,0.0,1,63242.0
0,1,59,5,0,0,0,0,0,0,0,0,0,0,0,0,0,0,0,0,0,0,127,4,1.0,1.0,0.0,0.0,0.03,0.06,0.0,255,6,0.02,0.06,0.0,0.0,1.0,1.0,0.0,0.0,1,67134.0
0,1,22,9,204,2420,0,0,0,0,0,1,0,0,0,0,0,0,0,0,0,0,2,7,0.0,0.0,0.0,0.0,1.0,0.0,0.43,204,255,1.0,0.0,0.0,0.03,0.0,0.0,0.0,0.0,0,35765.0
0,1,5,1,0,0,0,0,0,0,0,0,0,0,0,0,0,0,0,0,0,0,104,2,0.0,0.0,1.0,1.0,0.02,0.08,0.0,255,2,0.01,0.06,0.0,0.0,0.0,0.0,1.0,1.0,1,12598.0
3,1,44,4,0,0,0,0,0,0,0,0,0,0,0,0,0,0,0,0,0,0,1,1,0.0,0.0,1.0,1.0,1.0,0.0,0.0,255,1,0.0,1.0,1.0,0.0,0.0,0.0,1.0,1.0,1,73740.0
0,1,22,9,204,255,0,0,0,0,0,1,0,0,0,0,0,0,0,0,0,0,12,13,0.0,0.0,0.0,0.0,1.0,0.0,0.15,33,255,1.0,0.0,0.03,0.04,0.0,0.0,0.0,0.0,0,99210.0
0,1,5,5,0,0,0,0,0,0,0,0,0,0,0,0,0,0,0,0,0,0,139,20,1.0,1.0,0.0,0.0,0.14,0.05,0.0,255,20,0.08,0.06,0.0,0.0,1.0,1.0,0.0,0.0,1,55819.0
10763,2,40,9,147,105,0,0,0,0,0,0,0,0,0,0,0,0,0,0,0,0,7,1,0.0,0.0,0.0,0.0,0.14,0.57,0.0,255,3,0.01,0.23,0.45,0.0,0.0,0.0,0.0,0.0,0,82549.0
0,1,22,9,195,5760,0,0,0,0,0,1,0,0,0,0,0,0,0,0,0,0,10,12,0.0,0.0,0.0,0.0,1.0,0.0,0.17,10,255,1.0,0.0,0.1,0.05,0.0,0.0,0.0,0.0,0,15372.0
0,1,33,5,0,0,0,0,0,0,0,0,0,0,0,0,0,0,0,0,0,0,193,2,1.0,1.0,0.0,0.0,0.01,0.07,0.0,255,2,0.01,0.07,0.0,0.0,1.0,1.0,0.0,0.0,1,56131.0
0,1,44,5,0,0,0,0,0,0,0,0,0,0,0,0,0,0,0,0,0,0,263,6,1.0,1.0,0.0,0.0,0.02,0.06,0.0,255,2,0.01,0.07,0.0,0.0,1.0,1.0,0.0,0.0,1,73708.0
0,1,44,1,0,0,0,0,0,0,0,0,0,0,0,0,0,0,0,0,0,0,196,20,0.0,0.0,1.0,1.0,0.1,0.06,0.0,255,20,0.08,0.06,0.0,0.0,0.0,0.0,1.0,1.0,1,42014.0
0,1,18,9,1205,2447,0,0,0,28,0,1,0,0,0,0,0,0,0,0,0,1,1,1,0.0,0.0,0.0,0.0,1.0,0.0,0.0,255,94,0.37,0.02,0.0,0.0,0.0,0.0,0.01,0.0,1,121771.0
0,1,59,2,0,0,0,0,0,0,0,0,0,0,0,0,0,0,0,0,0,0,110,7,0.0,0.0,1.0,1.0,0.06,0.07,0.0,255,7,0.03,0.07,0.0,0.0,0.0,0.0,1.0,1.0,1,118208.0
0,1,20,5,0,0,0,0,0,0,0,0,0,0,0,0,0,0,0,0,0,0,245,17,1.0,1.0,0.0,0.0,0.07,0.07,0.0,255,17,0.07,0.07,0.0,0.0,1.0,1.0,0.0,0.0,1,20384.0
0,1,32,10,0,0,0,0,0,0,0,0,0,0,0,0,0,0,0,0,0,0,1,1,1.0,1.0,0.0,0.0,1.0,0.0,0.0,255,1,0.0,1.0,1.0,0.0,1.0,1.0,0.0,0.0,1,71345.0
0,2,11,9,44,127,0,0,0,0,0,0,0,0,0,0,0,0,0,0,0,0,20,88,0.0,0.0,0.0,0.0,1.0,0.0,0.02,176,126,0.72,0.01,0.01,0.0,0.0,0.0,0.0,0.0,0,33574.0
0,1,44,5,0,0,0,0,0,0,0,0,0,0,0,0,0,0,0,0,0,0,140,6,1.0,1.0,0.0,0.0,0.04,0.07,0.0,255,6,0.02,0.07,0.0,0.0,1.0,1.0,0.0,0.0,1,3200.0
0,0,13,9,8,0,0,0,0,0,0,0,0,0,0,0,0,0,0,0,0,0,1,51,0.0,0.0,0.0,0.0,1.0,0.0,1.0,3,255,1.0,0.0,1.0,0.25,0.0,0.0,0.0,0.0,1,33591.0
0,1,17,2,0,0,0,0,0,0,0,0,0,0,0,0,0,0,0,0,0,0,245,8,0.0,0.0,1.0,1.0,0.03,0.07,0.0,255,8,0.03,0.07,0.0,0.0,0.0,0.0,1.0,1.0,1,21600.0
0,0,13,9,8,0,0,0,0,0,0,0,0,0,0,0,0,0,0,0,0,0,1,41,0.0,0.0,0.0,0.0,1.0,0.0,1.0,1,145,1.0,0.0,1.0,0.5,0.0,0.0,0.0,0.0,1,78428.0
0,1,53,5,0,0,0,0,0,0,0,0,0,0,0,0,0,0,0,0,0,0,107,5,1.0,1.0,0.0,0.0,0.05,0.09,0.0,255,5,0.02,0.08,0.0,0.0,1.0,1.0,0.0,0.0,1,79044.0
0,1,22,9,304,1075,0,0,0,0,0,1,0,0,0,0,0,0,0,0,0,0,1,1,0.0,0.0,0.0,0.0,1.0,0.0,0.0,255,246,0.96,0.01,0.0,0.0,0.0,0.0,0.0,0.0,0,29038.0
0,1,22,9,168,717,0,0,0,0,0,1,0,0,0,0,0,0,0,0,0,0,1,1,0.0,0.0,0.0,0.0,1.0,0.0,0.0,4,255,1.0,0.0,0.25,0.03,0.0,0.01,0.0,0.0,0,32226.0
0,1,22,9,221,4432,0,0,0,0,0,1,0,0,0,0,0,0,0,0,0,0,2,2,0.0,0.0,0.0,0.0,1.0,0.0,0.0,149,255,1.0,0.0,0.01,0.02,0.0,0.0,0.0,0.0,0,53573.0
0,1,22,1,0,0,0,0,0,0,0,0,0,0,0,0,0,0,0,0,0,0,1,1,0.0,0.0,1.0,1.0,1.0,0.0,0.0,1,113,1.0,0.0,1.0,0.29,0.0,0.0,1.0,0.99,0,62614.0
0,1,50,5,0,0,0,0,0,0,0,0,0,0,0,0,0,0,0,0,0,0,280,10,1.0,1.0,0.0,0.0,0.04,0.06,0.0,255,1,0.0,0.06,0.0,0.0,1.0,1.0,0.0,0.0,1,58223.0
0,1,60,5,0,0,0,0,0,0,0,0,0,0,0,0,0,0,0,0,0,0,182,21,1.0,1.0,0.0,0.0,0.12,0.04,0.0,255,21,0.08,0.05,0.0,0.0,1.0,1.0,0.0,0.0,1,57137.0
0,1,44,5,0,0,0,0,0,0,0,0,0,0,0,0,0,0,0,0,0,0,132,10,1.0,1.0,0.0,0.0,0.08,0.07,0.0,255,11,0.04,0.07,0.0,0.0,1.0,1.0,0.0,0.0,1,86034.0
0,1,49,9,866,331,0,0,0,0,0,1,0,0,0,0,0,0,0,0,0,0,3,3,0.33,0.33,0.0,0.0,1.0,0.0,0.0,69,46,0.67,0.06,0.01,0.0,0.01,0.02,0.0,0.0,0,91713.0
0,1,22,6,161,13140,0,0,0,0,0,1,0,0,0,0,0,0,0,0,0,0,1,1,1.0,1.0,0.0,0.0,1.0,0.0,0.0,222,222,1.0,0.0,0.0,0.0,0.01,0.01,0.0,0.0,0,105845.0
1,1,49,9,1179,334,0,0,0,0,0,1,0,0,0,0,0,0,0,0,0,0,1,3,0.0,0.0,0.0,0.0,1.0,0.0,1.0,115,190,0.7,0.04,0.01,0.01,0.0,0.0,0.0,0.0,0,66480.0
0,1,17,9,10,178,0,0,0,0,0,0,0,0,0,0,0,0,0,0,0,0,1,1,0.0,0.0,0.0,0.0,1.0,0.0,0.0,22,27,0.09,0.09,0.05,0.07,0.0,0.93,0.0,0.0,0,48560.0
0,1,44,5,0,0,0,0,0,0,0,0,0,0,0,0,0,0,0,0,0,0,251,14,1.0,1.0,0.0,0.0,0.06,0.06,0.0,255,3,0.01,0.07,0.0,0.0,1.0,1.0,0.0,0.0,1,18973.0
0,1,16,2,0,0,0,0,0,0,0,0,0,0,0,0,0,0,0,0,0,0,118,4,0.0,0.0,1.0,1.0,0.03,0.06,0.0,255,4,0.02,0.07,0.0,0.0,0.0,0.0,1.0,1.0,1,12429.0
0,1,22,9,239,1885,0,0,0,0,0,1,0,0,0,0,0,0,0,0,0,0,6,7,0.0,0.0,0.0,0.0,1.0,0.0,0.29,12,255,1.0,0.0,0.08,0.02,0.0,0.0,0.0,0.0,0,23408.0
0,1,44,5,0,0,0,0,0,0,0,0,0,0,0,0,0,0,0,0,0,0,143,8,1.0,1.0,0.0,0.0,0.06,0.06,0.0,255,13,0.05,0.07,0.0,0.0,1.0,1.0,0.0,0.0,1,5087.0
0,1,52,2,0,0,0,0,0,0,0,0,0,0,0,0,0,0,0,0,0,0,298,19,0.0,0.0,1.0,1.0,0.06,0.06,0.0,255,19,0.07,0.07,0.0,0.0,0.0,0.0,1.0,1.0,1,117118.0
0,1,22,1,0,0,0,0,0,0,0,0,0,0,0,0,0,0,0,0,0,0,104,9,0.0,0.0,1.0,1.0,0.09,0.07,0.0,255,7,0.03,0.07,0.0,0.0,0.0,0.0,1.0,1.0,1,86193.0
0,1,22,9,286,267,0,0,0,0,0,1,0,0,0,0,0,0,0,0,0,0,4,4,0.0,0.0,0.0,0.0,1.0,0.0,0.0,255,255,1.0,0.0,0.0,0.0,0.0,0.0,0.0,0.0,0,63564.0
0,1,44,5,0,0,0,0,0,0,0,0,0,0,0,0,0,0,0,0,0,0,134,18,1.0,1.0,0.0,0.0,0.13,0.07,0.0,255,8,0.03,0.07,0.0,0.0,1.0,1.0,0.0,0.0,1,22705.0
0,1,55,5,0,0,0,0,0,0,0,0,0,0,0,0,0,0,0,0,0,0,104,7,1.0,1.0,0.0,0.0,0.07,0.06,0.0,255,7,0.03,0.06,0.0,0.0,1.0,1.0,0.0,0.0,1,1344.0
7,1,18,9,6,109,0,0,0,0,0,0,0,0,0,0,0,0,0,0,0,0,511,1,0.07,0.0,0.92,0.0,0.0,1.0,0.0,255,1,0.0,1.0,0.0,0.0,0.13,0.0,0.85,0.0,1,8016.0
0,1,22,9,209,1433,0,0,0,0,0,1,0,0,0,0,0,0,0,0,0,0,10,39,0.0,0.0,0.0,0.0,1.0,0.0,0.1,255,255,1.0,0.0,0.0,0.0,0.0,0.0,0.0,0.0,0,63923.0
0,1,57,5,0,0,0,0,0,0,0,0,0,0,0,0,0,0,0,0,0,0,292,24,1.0,1.0,0.0,0.0,0.08,0.05,0.0,255,24,0.09,0.05,0.0,0.0,1.0,1.0,0.0,0.0,1,53150.0
0,1,22,9,300,26466,0,0,0,0,0,1,0,0,0,0,0,0,0,0,0,0,4,4,0.0,0.0,0.0,0.0,1.0,0.0,0.0,124,255,1.0,0.0,0.01,0.02,0.02,0.01,0.0,0.0,0,8575.0
18158,1,40,4,1,0,0,0,0,0,0,0,0,0,0,0,0,0,0,0,0,0,2,2,0.0,0.0,1.0,1.0,1.0,0.0,0.0,255,2,0.01,0.73,1.0,0.0,0.0,0.0,1.0,1.0,1,72419.0
0,1,22,9,246,380,0,0,0,0,0,1,0,0,0,0,0,0,0,0,0,0,2,3,0.0,0.33,0.0,0.0,1.0,0.0,0.67,2,10,1.0,0.0,0.5,0.3,0.0,0.1,0.0,0.0,0,48117.0
0,1,22,9,418,6227,0,0,0,0,0,1,0,0,0,0,0,0,0,0,0,0,18,18,0.0,0.0,0.0,0.0,1.0,0.0,0.0,102,245,1.0,0.0,0.01,0.17,0.0,0.0,0.12,0.63,0,116142.0
0,1,29,5,0,0,0,0,0,0,0,0,0,0,0,0,0,0,0,0,0,0,221,11,1.0,1.0,0.0,0.0,0.05,0.07,0.0,255,17,0.07,0.07,0.0,0.0,1.0,1.0,0.0,0.0,1,111131.0
0,1,40,1,0,0,0,0,0,0,0,0,0,0,0,0,0,0,0,0,0,0,510,1,0.19,0.0,0.81,1.0,0.0,1.0,0.0,255,1,0.0,1.0,0.0,0.0,0.23,0.0,0.77,1.0,1,10830.0
0,2,40,9,516,4,0,0,0,0,0,0,0,0,0,0,0,0,0,0,0,0,408,408,0.0,0.0,0.0,0.0,1.0,0.0,0.0,255,255,1.0,0.0,1.0,0.0,0.0,0.0,0.0,0.0,0,24629.0
0,1,22,9,217,2226,0,0,0,0,0,1,0,0,0,0,0,0,0,0,0,0,15,31,0.0,0.0,0.0,0.0,1.0,0.0,0.06,255,255,1.0,0.0,0.0,0.0,0.0,0.0,0.0,0.0,0,63168.0
0,1,44,5,0,0,0,0,0,0,0,0,0,0,0,0,0,0,0,0,0,0,148,17,1.0,1.0,0.0,0.0,0.11,0.05,0.0,255,10,0.04,0.06,0.0,0.0,1.0,1.0,0.0,0.0,1,67408.0
0,1,44,5,0,0,0,0,0,0,0,0,0,0,0,0,0,0,0,0,0,0,106,20,1.0,1.0,0.0,0.0,0.19,0.07,0.0,255,17,0.07,0.07,0.0,0.0,1.0,1.0,0.0,0.0,1,7223.0
0,1,22,9,213,492,0,0,0,0,0,1,0,0,0,0,0,0,0,0,0,0,1,1,0.0,0.0,0.0,0.0,1.0,0.0,0.0,19,209,1.0,0.0,0.05,0.21,0.0,0.0,0.95,0.98,0,63318.0
0,2,11,9,43,73,0,0,0,0,0,0,0,0,0,0,0,0,0,0,0,0,230,230,0.0,0.0,0.0,0.0,1.0,0.0,0.0,255,255,1.0,0.0,0.01,0.0,0.0,0.0,0.0,0.0,0,124407.0
0,1,19,5,0,0,0,0,0,0,0,0,0,0,0,0,0,0,0,0,0,0,14,2,1.0,1.0,0.0,0.0,0.14,0.29,0.0,255,63,0.25,0.02,0.01,0.0,1.0,1.0,0.0,0.0,1,109153.0
0,1,18,5,0,0,0,0,0,0,0,0,0,0,0,0,0,0,0,0,0,0,245,8,1.0,1.0,0.0,0.0,0.03,0.07,0.0,255,7,0.03,0.07,0.0,0.0,1.0,1.0,0.0,0.0,1,104123.0
0,1,40,1,0,0,0,0,0,0,0,0,0,0,0,0,0,0,0,0,0,0,390,1,0.09,0.0,0.91,1.0,0.0,1.0,0.0,255,1,0.0,1.0,0.0,0.0,0.11,0.0,0.89,1.0,1,104705.0
0,1,22,9,228,5750,0,0,0,0,0,1,0,0,0,0,0,0,0,0,0,0,14,14,0.0,0.0,0.0,0.0,1.0,0.0,0.0,14,255,1.0,0.0,0.07,0.02,0.0,0.0,0.0,0.0,0,47295.0
0,1,4,5,0,0,0,0,0,0,0,0,0,0,0,0,0,0,0,0,0,0,266,10,1.0,1.0,0.0,0.0,0.04,0.06,0.0,255,10,0.04,0.07,0.0,0.0,1.0,1.0,0.0,0.0,1,78989.0
0,1,22,9,199,1470,0,0,0,0,0,1,0,0,0,0,0,0,0,0,0,0,5,6,0.0,0.0,0.0,0.0,1.0,0.0,0.33,11,255,1.0,0.0,0.09,0.04,0.0,0.0,0.0,0.0,0,97481.0
0,1,19,9,259,0,0,0,0,0,0,1,0,0,0,1,0,0,0,0,0,0,2,2,0.0,0.0,0.0,0.0,1.0,0.0,0.0,173,17,0.06,0.02,0.06,0.12,0.0,0.0,0.0,0.0,0,39851.0
0,1,49,9,2652,337,0,0,0,0,0,1,0,0,0,0,0,0,0,0,0,0,1,1,0.0,0.0,0.0,0.0,1.0,0.0,0.0,214,241,0.95,0.01,0.0,0.01,0.0,0.0,0.0,0.0,0,13230.0
0,2,11,9,45,82,0,0,0,0,0,0,0,0,0,0,0,0,0,0,0,0,289,288,0.0,0.0,0.0,0.0,1.0,0.01,0.0,255,254,1.0,0.01,0.0,0.0,0.0,0.0,0.0,0.0,0,30524.0
0,1,19,9,1874,0,0,0,0,0,0,1,0,0,0,0,0,0,0,0,0,0,2,2,0.0,0.0,0.0,0.0,1.0,0.0,0.0,160,93,0.26,0.02,0.26,0.02,0.0,0.0,0.0,0.0,0,105204.0
0,1,22,9,312,1171,0,0,0,0,0,1,0,0,0,0,0,0,0,0,0,0,24,27,0.0,0.0,0.0,0.0,1.0,0.0,0.15,173,255,1.0,0.0,0.01,0.02,0.0,0.0,0.0,0.0,0,89902.0
0,1,17,5,0,0,0,0,0,0,0,0,0,0,0,0,0,0,0,0,0,0,191,1,1.0,1.0,0.0,0.0,0.01,0.08,0.0,255,1,0.0,0.08,0.0,0.0,1.0,1.0,0.0,0.0,1,5481.0
0,1,19,9,740,0,0,0,0,0,0,1,0,0,0,9,0,0,0,0,0,0,2,2,0.0,0.0,0.0,0.0,1.0,0.0,0.0,255,122,0.48,0.02,0.48,0.0,0.0,0.0,0.0,0.0,0,111635.0
0,2,11,9,45,135,0,0,0,0,0,0,0,0,0,0,0,0,0,0,0,0,42,125,0.0,0.0,0.0,0.0,1.0,0.0,0.02,255,169,0.66,0.02,0.0,0.0,0.0,0.0,0.0,0.0,0,96759.0
0,2,11,9,43,128,0,0,0,0,0,0,0,0,0,0,0,0,0,0,0,0,78,158,0.0,0.0,0.0,0.0,1.0,0.0,0.01,255,254,1.0,0.01,0.0,0.0,0.0,0.0,0.0,0.0,0,97214.0
0,1,17,5,0,0,0,0,0,0,0,0,0,0,0,0,0,0,0,0,0,0,9,2,1.0,1.0,0.0,0.0,0.22,0.33,0.0,91,25,0.24,0.04,0.02,0.08,0.98,0.88,0.0,0.0,1,51282.0
0,1,22,9,287,324,0,0,0,0,0,1,0,0,0,0,0,0,0,0,0,0,6,25,0.0,0.0,0.0,0.0,1.0,0.0,0.08,255,255,1.0,0.0,0.0,0.0,0.0,0.0,0.0,0.0,0,18989.0
0,0,13,9,8,0,0,0,0,0,0,0,0,0,0,0,0,0,0,0,0,0,1,13,0.0,0.0,0.0,0.0,1.0,0.0,1.0,2,170,1.0,0.0,1.0,0.25,0.0,0.0,0.0,0.0,1,69520.0
0,1,22,9,246,4143,0,0,0,0,0,1,0,0,0,0,0,0,0,0,0,0,26,61,0.0,0.0,0.0,0.0,1.0,0.0,0.11,255,255,1.0,0.0,0.0,0.0,0.0,0.0,0.0,0.0,0,42678.0
0,0,13,9,8,0,0,0,0,0,0,0,0,0,0,0,0,0,0,0,0,0,1,19,0.0,0.0,0.0,0.0,1.0,0.0,1.0,1,35,1.0,0.0,1.0,0.51,0.0,0.0,0.0,0.0,1,66518.0
0,1,16,5,0,0,0,0,0,0,0,0,0,0,0,0,0,0,0,0,0,0,85,4,1.0,1.0,0.0,0.0,0.05,0.07,0.0,255,4,0.02,0.06,0.0,0.0,1.0,1.0,0.0,0.0,1,110314.0
0,1,44,5,0,0,0,0,0,0,0,0,0,0,0,0,0,0,0,0,0,0,128,11,1.0,1.0,0.0,0.0,0.09,0.06,0.0,128,11,0.09,0.08,0.01,0.0,1.0,1.0,0.0,0.0,1,56458.0
0,1,44,1,0,0,0,0,0,0,0,0,0,0,0,0,0,0,0,0,0,0,241,9,0.0,0.0,1.0,1.0,0.04,0.07,0.0,255,9,0.04,0.07,0.0,0.0,0.0,0.0,1.0,1.0,1,66268.0
0,1,17,5,0,0,0,0,0,0,0,0,0,0,0,0,0,0,0,0,0,0,200,2,1.0,1.0,0.0,0.0,0.01,0.06,0.0,255,2,0.01,0.08,0.0,0.0,1.0,1.0,0.0,0.0,1,8621.0
0,1,22,9,235,1157,0,0,0,0,0,1,0,0,0,0,0,0,0,0,0,0,20,27,0.0,0.0,0.0,0.0,1.0,0.0,0.11,27,255,1.0,0.0,0.04,0.04,0.0,0.0,0.0,0.0,0,33641.0
0,2,11,9,44,77,0,0,0,0,0,0,0,0,0,0,0,0,0,0,0,0,121,123,0.0,0.0,0.0,0.0,1.0,0.0,0.02,255,227,0.89,0.01,0.01,0.0,0.0,0.0,0.0,0.0,0,4099.0
0,1,22,9,229,1461,0,0,0,0,0,1,0,0,0,0,0,0,0,0,0,0,8,8,0.0,0.0,0.0,0.0,1.0,0.0,0.0,155,255,1.0,0.0,0.01,0.01,0.0,0.0,0.0,0.0,0,60864.0
0,1,49,9,1046,330,0,0,0,0,0,1,0,0,0,0,0,0,0,0,0,0,1,2,0.0,0.0,0.0,0.0,1.0,0.0,1.0,9,16,1.0,0.0,0.11,0.12,0.0,0.0,0.0,0.0,0,105049.0
0,2,11,9,35,51,0,0,0,0,0,0,0,0,0,0,0,0,0,0,0,0,2,4,0.0,0.0,0.0,0.0,1.0,0.0,0.5,225,221,0.98,0.01,0.01,0.0,0.0,0.0,0.0,0.0,0,79628.0
0,1,22,9,321,2400,0,0,0,0,0,1,0,0,0,0,0,0,0,0,0,0,5,5,0.0,0.0,0.0,0.0,1.0,0.0,0.0,153,255,1.0,0.0,0.01,0.02,0.0,0.0,0.0,0.0,0,125906.0
0,1,59,5,0,0,0,0,0,0,0,0,0,0,0,0,0,0,0,0,0,0,122,2,1.0,1.0,0.0,0.0,0.02,0.07,0.0,255,2,0.01,0.06,0.0,0.0,1.0,1.0,0.0,0.0,1,79238.0
0,1,44,5,0,0,0,0,0,0,0,0,0,0,0,0,0,0,0,0,0,0,210,16,1.0,1.0,0.0,0.0,0.08,0.06,0.0,255,13,0.05,0.09,0.0,0.0,1.0,1.0,0.0,0.0,1,43340.0
0,2,11,9,46,80,0,0,0,0,0,0,0,0,0,0,0,0,0,0,0,0,167,167,0.0,0.0,0.0,0.0,1.0,0.0,0.0,255,204,0.8,0.01,0.0,0.0,0.0,0.0,0.0,0.0,0,51764.0
0,2,11,9,46,134,0,0,0,0,0,0,0,0,0,0,0,0,0,0,0,0,79,159,0.0,0.0,0.0,0.0,1.0,0.0,0.01,255,255,1.0,0.0,0.0,0.0,0.0,0.0,0.0,0.0,0,60034.0
0,1,18,2,0,0,0,0,0,0,0,0,0,0,0,0,0,0,0,0,0,0,1,1,0.0,0.0,1.0,1.0,1.0,0.0,0.0,150,38,0.25,0.03,0.01,0.0,0.0,0.0,0.04,0.13,0,108987.0
0,1,44,5,0,0,0,0,0,0,0,0,0,0,0,0,0,0,0,0,0,0,215,9,1.0,1.0,0.0,0.0,0.04,0.07,0.0,255,9,0.04,0.07,0.0,0.0,1.0,1.0,0.0,0.0,1,29603.0
0,1,19,9,6932,0,0,0,0,0,0,1,0,0,0,0,0,0,0,0,0,0,2,2,0.0,0.0,0.0,0.0,1.0,0.0,0.0,68,80,0.47,0.09,0.47,0.03,0.0,0.0,0.0,0.0,0,47040.0
0,1,22,9,268,282,0,0,0,0,0,1,0,0,0,0,0,0,0,0,0,0,14,14,0.0,0.0,0.0,0.0,1.0,0.0,0.0,255,251,0.98,0.01,0.0,0.0,0.0,0.0,0.0,0.0,0,62714.0
0,1,22,1,0,0,0,0,0,0,0,0,0,0,0,0,0,0,0,0,0,0,1,2,0.0,0.0,1.0,1.0,1.0,0.0,1.0,3,13,1.0,0.0,0.33,0.38,0.0,0.0,1.0,1.0,0,28104.0
36,1,18,9,1482,4152,0,0,0,30,0,1,0,0,0,0,0,0,0,0,0,1,1,1,0.0,0.0,0.0,0.0,1.0,0.0,0.0,20,5,0.25,0.25,0.05,0.0,0.0,0.0,0.0,0.0,0,39257.0
0,2,44,9,28,0,0,3,0,0,0,0,0,0,0,0,0,0,0,0,0,0,16,16,0.0,0.0,0.0,0.0,1.0,0.0,0.0,219,16,0.07,0.05,0.07,0.0,0.02,0.0,0.0,0.0,1,29614.0
0,1,22,9,278,2251,0,0,0,0,0,1,0,0,0,0,0,0,0,0,0,0,2,5,0.0,0.0,0.0,0.0,1.0,0.0,0.4,31,45,1.0,0.0,0.03,0.04,0.0,0.0,0.0,0.0,0,11800.0
0,1,44,5,0,0,0,0,0,0,0,0,0,0,0,0,0,0,0,0,0,0,98,20,1.0,1.0,0.0,0.0,0.2,0.05,0.0,255,10,0.04,0.05,0.0,0.0,1.0,1.0,0.0,0.0,1,39983.0
0,1,36,5,0,0,0,0,0,0,0,0,0,0,0,0,0,0,0,0,0,0,284,19,1.0,1.0,0.0,0.0,0.07,0.06,0.0,255,2,0.01,0.06,0.0,0.0,1.0,1.0,0.0,0.0,1,57780.0
0,1,22,1,0,0,0,0,0,0,0,0,0,0,0,0,0,0,0,0,0,0,1,1,0.0,0.0,1.0,1.0,1.0,0.0,0.0,51,51,1.0,0.0,0.02,0.0,0.0,0.0,0.53,0.53,0,67547.0
0,1,19,9,1153,0,0,0,0,0,0,1,0,0,0,0,0,0,0,0,0,0,2,2,0.0,0.0,0.0,0.0,1.0,0.0,0.0,39,121,0.15,0.13,0.15,0.02,0.0,0.01,0.0,0.0,0,103942.0
0,1,33,5,0,0,0,0,0,0,0,0,0,0,0,0,0,0,0,0,0,0,194,3,1.0,1.0,0.0,0.0,0.02,0.07,0.0,255,3,0.01,0.07,0.0,0.0,1.0,1.0,0.0,0.0,1,107729.0
0,1,4,5,0,0,0,0,0,0,0,0,0,0,0,0,0,0,0,0,0,0,253,3,1.0,1.0,0.0,0.0,0.01,0.06,0.0,255,3,0.01,0.07,0.0,0.0,1.0,1.0,0.0,0.0,1,82459.0
0,1,44,1,0,0,0,0,0,0,0,0,0,0,0,0,0,0,0,0,0,0,104,15,0.0,0.0,1.0,1.0,0.14,0.08,0.0,255,15,0.06,0.07,0.0,0.0,0.0,0.0,1.0,1.0,1,83355.0
0,1,19,5,0,0,0,0,0,0,0,0,0,0,0,0,0,0,0,0,0,0,276,8,1.0,1.0,0.0,0.0,0.03,0.06,0.0,255,8,0.03,0.06,0.0,0.0,1.0,1.0,0.0,0.0,1,244.0
0,1,22,5,0,0,0,0,0,0,0,0,0,0,0,0,0,0,0,0,0,0,231,21,1.0,0.95,0.0,0.05,0.09,0.06,0.1,255,20,0.08,0.07,0.0,0.0,1.0,1.0,0.0,0.0,1,85548.0
0,1,22,9,295,1397,0,0,0,0,0,1,0,0,0,0,0,0,0,0,0,0,6,14,0.0,0.0,0.0,0.0,1.0,0.0,0.14,15,255,1.0,0.0,0.07,0.02,0.0,0.0,0.0,0.0,0,13175.0
0,1,3,9,10,39,0,0,0,0,0,1,0,0,0,0,0,0,0,0,0,0,2,1,0.0,0.0,0.0,0.0,0.5,1.0,0.0,29,4,0.07,0.17,0.03,0.5,0.0,0.0,0.0,0.0,0,54026.0
0,1,7,5,0,0,0,0,0,0,0,0,0,0,0,0,0,0,0,0,0,0,262,7,1.0,1.0,0.0,0.0,0.03,0.07,0.0,255,7,0.03,0.09,0.0,0.0,1.0,1.0,0.0,0.0,1,88809.0
0,2,11,9,44,69,0,0,0,0,0,0,0,0,0,0,0,0,0,0,0,0,194,194,0.0,0.0,0.0,0.0,1.0,0.0,0.0,255,255,1.0,0.0,0.0,0.0,0.0,0.0,0.0,0.0,0,14945.0
0,1,22,9,221,491,0,0,0,0,0,1,0,0,0,0,0,0,0,0,0,0,25,54,0.0,0.0,0.0,0.0,1.0,0.0,0.13,255,255,1.0,0.0,0.0,0.0,0.0,0.0,0.0,0.0,0,58603.0
0,1,22,9,339,255,0,0,0,0,0,1,0,0,0,0,0,0,0,0,0,0,24,24,0.0,0.0,0.0,0.0,1.0,0.0,0.0,255,255,1.0,0.0,0.0,0.0,0.0,0.0,0.0,0.0,0,3779.0
11138,2,40,9,146,105,0,0,0,0,0,0,0,0,0,0,0,0,0,0,0,0,2,2,0.0,0.0,0.0,0.0,1.0,0.0,0.0,255,2,0.01,0.51,0.91,0.0,0.0,0.0,0.0,0.0,0,110504.0
0,1,44,5,0,0,0,0,0,0,0,0,0,0,0,0,0,0,0,0,0,0,212,7,1.0,1.0,0.0,0.0,0.03,0.06,0.0,255,14,0.05,0.08,0.0,0.0,1.0,1.0,0.0,0.0,1,121685.0
0,1,22,9,234,1064,0,0,0,0,0,1,0,0,0,0,0,0,0,0,0,0,10,10,0.0,0.0,0.0,0.0,1.0,0.0,0.0,255,255,1.0,0.0,0.0,0.0,0.0,0.0,0.0,0.0,0,29860.0
0,1,5,5,0,0,0,0,0,0,0,0,0,0,0,0,0,0,0,0,0,0,119,7,1.0,1.0,0.0,0.0,0.06,0.07,0.0,255,7,0.03,0.07,0.0,0.0,1.0,1.0,0.0,0.0,1,26363.0
0,1,44,1,0,0,0,0,0,0,0,0,0,0,0,0,0,0,0,0,0,0,107,7,0.0,0.0,1.0,1.0,0.07,0.07,0.0,255,27,0.11,0.08,0.0,0.0,0.0,0.0,1.0,1.0,1,15383.0
1,1,49,9,1143,369,0,0,0,0,0,1,0,0,0,0,0,0,0,0,0,0,1,3,0.0,0.0,0.0,0.0,1.0,0.0,1.0,54,170,0.96,0.06,0.02,0.02,0.0,0.0,0.0,0.0,0,121705.0
0,1,22,9,243,258,0,0,0,0,0,1,0,0,0,0,0,0,0,0,0,0,12,23,0.0,0.0,0.0,0.0,1.0,0.0,0.09,255,255,1.0,0.0,0.0,0.0,0.0,0.0,0.0,0.0,0,34356.0
0,2,11,9,42,128,0,0,0,0,0,0,0,0,0,0,0,0,0,0,0,0,16,18,0.0,0.0,0.0,0.0,1.0,0.0,0.11,97,197,0.76,0.02,0.76,0.01,0.01,0.0,0.13,0.0,0,103483.0
0,1,22,9,206,622,0,0,0,0,0,1,0,0,0,0,0,0,0,0,0,0,6,7,0.0,0.0,0.0,0.0,1.0,0.0,0.29,255,255,1.0,0.0,0.0,0.0,0.0,0.0,0.0,0.0,0,99590.0
0,1,37,1,0,0,0,0,0,0,0,0,0,0,0,0,0,0,0,0,0,0,104,1,0.0,0.0,1.0,1.0,0.01,0.08,0.0,255,1,0.0,0.07,0.0,0.0,0.0,0.0,1.0,1.0,1,72546.0
0,1,17,9,13,144,0,0,0,0,0,0,0,0,0,0,0,0,0,0,0,0,1,1,0.0,0.0,0.0,0.0,1.0,0.0,0.0,44,14,0.05,0.09,0.02,0.14,0.0,0.0,0.0,0.0,0,51247.0
22,1,18,9,341,1072,0,0,0,6,0,1,0,0,0,0,0,0,0,0,0,1,1,1,0.0,0.0,0.0,0.0,1.0,0.0,0.0,1,1,1.0,0.0,1.0,0.0,0.0,0.0,0.0,0.0,0,4599.0
0,1,44,4,0,0,0,0,0,0,0,0,0,0,0,0,0,0,0,0,0,0,1,1,0.0,0.0,1.0,1.0,1.0,0.0,0.0,132,1,0.01,0.27,0.26,0.0,0.0,0.0,0.25,1.0,1,88267.0
0,1,19,9,501760,0,0,0,0,0,0,1,0,0,0,0,0,0,0,0,0,0,1,1,0.0,0.0,0.0,0.0,1.0,0.0,0.0,135,24,0.15,0.13,0.26,0.08,0.01,0.04,0.0,0.0,0,80830.0
0,1,49,9,1173,361,0,0,0,0,0,1,0,0,0,0,0,0,0,0,0,0,1,2,0.0,0.0,0.0,0.0,1.0,0.0,1.0,241,123,0.46,0.03,0.0,0.02,0.0,0.0,0.0,0.0,0,110825.0
1,1,49,9,1531,335,0,0,0,0,0,1,0,0,0,0,0,0,0,0,0,0,1,2,0.0,0.0,0.0,0.0,1.0,0.0,1.0,87,204,0.87,0.05,0.01,0.01,0.0,0.0,0.0,0.0,0,45383.0
0,1,44,5,0,0,0,0,0,0,0,0,0,0,0,0,0,0,0,0,0,0,234,18,1.0,1.0,0.0,0.0,0.08,0.06,0.0,255,15,0.06,0.07,0.0,0.0,1.0,1.0,0.0,0.0,1,122405.0
0,1,30,2,0,0,0,0,0,0,0,0,0,0,0,0,0,0,0,0,0,0,2,1,0.0,0.0,1.0,1.0,0.5,1.0,0.0,255,1,0.0,1.0,1.0,0.0,0.0,0.0,1.0,1.0,1,38655.0
0,0,14,9,520,0,0,0,0,0,0,0,0,0,0,0,0,0,0,0,0,0,23,23,0.0,0.0,0.0,0.0,1.0,0.0,0.0,255,255,1.0,0.0,1.0,0.0,0.0,0.0,0.0,0.0,1,122972.0
0,1,60,1,0,0,0,0,0,0,0,0,0,0,0,0,0,0,0,0,0,0,277,14,0.0,0.0,1.0,1.0,0.05,0.06,0.0,255,14,0.05,0.08,0.0,0.0,0.0,0.0,1.0,1.0,1,94529.0
0,1,25,5,0,0,0,0,0,0,0,0,0,0,0,0,0,0,0,0,0,0,250,20,1.0,1.0,0.0,0.0,0.08,0.07,0.0,255,20,0.08,0.09,0.0,0.0,1.0,1.0,0.0,0.0,1,50825.0
0,1,2,5,0,0,0,0,0,0,0,0,0,0,0,0,0,0,0,0,0,0,115,12,1.0,1.0,0.0,0.0,0.1,0.06,0.0,255,13,0.05,0.07,0.0,0.0,1.0,1.0,0.0,0.0,1,16004.0
0,1,22,9,239,2325,0,0,0,0,0,1,0,0,0,0,0,0,0,0,0,0,1,1,0.0,0.0,0.0,0.0,1.0,0.0,0.0,113,255,1.0,0.0,0.01,0.02,0.0,0.0,0.0,0.0,0,118055.0
0,1,22,9,181,2365,0,0,0,0,0,1,0,0,0,0,0,0,0,0,0,0,6,6,0.0,0.0,0.0,0.0,1.0,0.0,0.0,255,255,1.0,0.0,0.0,0.0,0.0,0.0,0.0,0.0,0,101702.0
0,1,19,9,1363,0,0,0,0,0,0,0,0,0,0,0,0,0,0,0,0,0,17,17,0.0,0.0,0.0,0.0,1.0,0.0,0.0,255,100,0.39,0.02,0.39,0.0,0.0,0.0,0.0,0.0,0,76166.0
0,1,22,9,245,8624,0,0,0,0,0,1,0,0,0,0,0,0,0,0,0,0,13,21,0.0,0.0,0.0,0.0,1.0,0.0,0.19,226,255,1.0,0.0,0.0,0.02,0.0,0.0,0.0,0.0,0,39909.0
0,1,24,5,0,0,0,0,0,0,0,0,0,0,0,0,0,0,0,0,0,0,300,20,1.0,1.0,0.0,0.0,0.07,0.06,0.0,255,20,0.08,0.07,0.0,0.0,1.0,1.0,0.0,0.0,1,96026.0
0,1,3,5,0,0,0,0,0,0,0,0,0,0,0,0,0,0,0,0,0,0,296,10,1.0,1.0,0.0,0.0,0.03,0.05,0.0,255,5,0.02,0.08,0.0,0.0,1.0,1.0,0.0,0.0,1,102249.0
1,1,49,9,888,333,0,0,0,0,0,1,0,0,0,0,0,0,0,0,0,0,1,2,0.0,0.0,0.0,0.0,1.0,0.0,1.0,222,169,0.68,0.03,0.0,0.01,0.0,0.01,0.0,0.0,0,31027.0
0,2,11,9,45,81,0,0,0,0,0,0,0,0,0,0,0,0,0,0,0,0,305,305,0.0,0.0,0.0,0.0,1.0,0.0,0.0,255,218,0.85,0.01,0.0,0.0,0.0,0.0,0.0,0.0,0,119735.0
0,1,22,9,164,9785,0,0,0,0,0,1,0,0,0,0,0,0,0,0,0,0,1,1,0.0,0.0,0.0,0.0,1.0,0.0,0.0,83,255,1.0,0.0,0.01,0.05,0.0,0.0,0.0,0.0,0,5355.0
0,1,22,7,214,288711,0,0,0,0,0,1,0,0,0,0,0,0,0,0,0,0,1,1,1.0,1.0,0.0,0.0,1.0,0.0,0.0,75,255,1.0,0.0,0.01,0.02,0.01,0.01,0.0,0.0,0,32297.0
0,1,19,9,884,0,0,0,0,0,0,0,0,0,0,0,0,0,0,0,0,0,2,2,0.0,0.0,0.0,0.0,1.0,0.0,0.0,227,52,0.16,0.02,0.16,0.04,0.0,0.0,0.06,0.0,0,87675.0
0,1,18,6,333,1025,0,0,0,2,0,0,0,0,0,0,0,0,0,0,0,1,1,1,1.0,1.0,0.0,0.0,1.0,0.0,0.0,73,14,0.19,0.04,0.01,0.0,0.04,0.14,0.0,0.0,0,38953.0
0,1,44,5,0,0,0,0,0,0,0,0,0,0,0,0,0,0,0,0,0,0,277,14,1.0,1.0,0.0,0.0,0.05,0.05,0.0,235,14,0.06,0.06,0.0,0.0,0.99,1.0,0.0,0.0,1,78006.0
0,1,44,1,0,0,0,0,0,0,0,0,0,0,0,0,0,0,0,0,0,0,130,20,0.0,0.0,1.0,1.0,0.15,0.06,0.0,255,13,0.05,0.07,0.0,0.0,0.0,0.0,1.0,1.0,1,42927.0
0,1,22,9,336,1013,0,0,0,0,0,1,0,0,0,0,0,0,0,0,0,0,18,30,0.0,0.0,0.0,0.0,1.0,0.0,0.07,255,255,1.0,0.0,0.0,0.0,0.0,0.0,0.0,0.0,0,114666.0
0,1,22,9,219,912,0,0,0,0,0,1,0,0,0,0,0,0,0,0,0,0,21,21,0.0,0.0,0.0,0.0,1.0,0.0,0.0,59,255,1.0,0.0,0.02,0.02,0.0,0.0,0.0,0.0,0,98148.0
0,1,44,5,0,0,0,0,0,0,0,0,0,0,0,0,0,0,0,0,0,0,218,24,1.0,1.0,0.0,0.0,0.11,0.05,0.0,255,24,0.09,0.05,0.0,0.0,1.0,1.0,0.0,0.0,1,23223.0
0,1,44,5,0,0,0,0,0,0,0,0,0,0,0,0,0,0,0,0,0,0,74,17,1.0,1.0,0.0,0.0,0.23,0.05,0.0,255,1,0.0,0.06,0.0,0.0,1.0,1.0,0.0,0.0,1,51355.0
0,0,14,9,1032,0,0,0,0,0,0,0,0,0,0,0,0,0,0,0,0,0,511,511,0.0,0.0,0.0,0.0,1.0,0.0,0.0,255,246,0.96,0.01,0.96,0.0,0.0,0.0,0.0,0.0,1,61075.0
0,0,14,9,520,0,0,0,0,0,0,0,0,0,0,0,0,0,0,0,0,0,476,476,0.0,0.0,0.0,0.0,1.0,0.0,0.0,56,56,1.0,0.0,1.0,0.0,0.0,0.0,0.0,0.0,1,43972.0
0,1,53,5,0,0,0,0,0,0,0,0,0,0,0,0,0,0,0,0,0,0,283,2,1.0,1.0,0.0,0.0,0.01,0.05,0.0,255,2,0.01,0.05,0.0,0.0,1.0,1.0,0.0,0.0,1,98847.0
0,1,22,9,343,799,0,0,0,0,0,1,0,0,0,0,0,0,0,0,0,0,16,53,0.0,0.0,0.0,0.0,1.0,0.0,0.09,255,255,1.0,0.0,0.0,0.0,0.0,0.0,0.0,0.0,0,62394.0
0,1,44,1,0,0,0,0,0,0,0,0,0,0,0,0,0,0,0,0,0,0,268,19,0.0,0.0,1.0,1.0,0.07,0.07,0.0,255,19,0.07,0.09,0.0,0.0,0.0,0.0,1.0,1.0,1,103625.0
0,1,22,9,306,1075,0,0,0,0,0,1,0,0,0,0,0,0,0,0,0,0,1,1,0.0,0.0,0.0,0.0,1.0,0.0,0.0,255,254,1.0,0.01,0.0,0.0,0.0,0.0,0.0,0.0,0,16496.0
0,1,20,1,0,0,0,0,0,0,0,0,0,0,0,0,0,0,0,0,0,0,251,12,0.0,0.0,1.0,1.0,0.05,0.06,0.0,255,12,0.05,0.06,0.0,0.0,0.0,0.0,1.0,1.0,1,107878.0
0,1,19,5,0,0,0,0,0,0,0,0,0,0,0,0,0,0,0,0,0,0,280,10,1.0,1.0,0.0,0.0,0.04,0.06,0.0,255,10,0.04,0.06,0.0,0.0,1.0,1.0,0.0,0.0,1,26039.0
0,1,22,9,295,2966,0,0,0,0,0,1,0,0,0,0,0,0,0,0,0,0,6,8,0.0,0.0,0.0,0.0,1.0,0.0,0.38,255,255,1.0,0.0,0.0,0.0,0.0,0.0,0.0,0.0,0,11782.0
0,1,44,5,0,0,0,0,0,0,0,0,0,0,0,0,0,0,0,0,0,0,278,12,1.0,1.0,0.0,0.0,0.04,0.06,0.0,255,9,0.04,0.07,0.0,0.0,1.0,1.0,0.0,0.0,1,54309.0
0,1,49,9,1737,279,0,0,0,0,0,1,0,0,0,0,0,0,0,0,0,0,2,1,0.0,0.0,0.0,0.0,0.5,1.0,0.0,110,80,0.73,0.05,0.01,0.0,0.01,0.0,0.0,0.0,0,80739.0
0,0,13,9,8,0,0,0,0,0,0,0,0,0,0,0,0,0,0,0,0,0,1,45,0.0,0.0,0.0,0.0,1.0,0.0,1.0,4,236,1.0,0.0,1.0,0.25,0.0,0.0,0.0,0.0,1,30853.0
0,1,24,5,0,0,0,0,0,0,0,0,0,0,0,0,0,0,0,0,0,0,208,10,1.0,1.0,0.0,0.0,0.05,0.06,0.0,255,17,0.07,0.08,0.0,0.0,1.0,1.0,0.0,0.0,1,31220.0
0,1,55,5,0,0,0,0,0,0,0,0,0,0,0,0,0,0,0,0,0,0,23,3,1.0,1.0,0.0,0.0,0.13,0.17,0.0,255,61,0.24,0.02,0.02,0.0,1.0,1.0,0.0,0.0,1,113197.0
0,1,44,5,0,0,0,0,0,0,0,0,0,0,0,0,0,0,0,0,0,0,163,5,1.0,1.0,0.0,0.0,0.03,0.07,0.0,255,15,0.06,0.09,0.0,0.0,1.0,1.0,0.0,0.0,1,103996.0
0,1,29,1,0,0,0,0,0,0,0,0,0,0,0,0,0,0,0,0,0,0,267,20,0.0,0.0,1.0,1.0,0.07,0.06,0.0,255,20,0.08,0.08,0.0,0.0,0.0,0.0,1.0,1.0,1,68556.0
0,0,13,9,8,0,0,0,0,0,0,0,0,0,0,0,0,0,0,0,0,0,1,39,0.0,0.0,0.0,0.0,1.0,0.0,1.0,2,86,1.0,0.0,1.0,0.5,0.0,0.0,0.0,0.0,1,98843.0
0,1,22,9,153,34719,0,0,0,0,0,1,0,0,0,0,0,0,0,0,0,0,1,1,0.0,0.0,0.0,0.0,1.0,0.0,0.0,255,255,1.0,0.0,0.0,0.0,0.0,0.0,0.0,0.0,0,65823.0
0,1,12,5,0,0,0,0,0,0,0,0,0,0,0,0,0,0,0,0,0,0,122,4,1.0,1.0,0.0,0.0,0.03,0.06,0.0,255,4,0.02,0.07,0.0,0.0,1.0,1.0,0.0,0.0,1,86909.0
0,1,18,2,0,0,0,0,0,0,0,0,0,0,0,0,0,0,0,0,0,0,271,17,0.0,0.0,1.0,1.0,0.06,0.06,0.0,255,17,0.07,0.07,0.0,0.0,0.0,0.0,1.0,1.0,1,25555.0
0,1,22,9,228,12884,0,0,0,0,0,1,0,0,0,0,0,0,0,0,0,0,4,4,0.0,0.0,0.0,0.0,1.0,0.0,0.0,255,255,1.0,0.0,0.0,0.0,0.0,0.0,0.0,0.0,0,53789.0
0,2,11,9,44,85,0,0,0,0,0,0,0,0,0,0,0,0,0,0,0,0,217,221,0.0,0.0,0.0,0.0,1.0,0.0,0.01,255,217,0.85,0.01,0.01,0.0,0.0,0.0,0.0,0.0,0,38019.0
0,1,22,9,283,835,0,0,0,0,0,1,0,0,0,0,0,0,0,0,0,0,20,21,0.0,0.0,0.0,0.0,1.0,0.0,0.1,20,255,1.0,0.0,0.05,0.02,0.0,0.0,0.0,0.0,0,4449.0
32,1,18,9,1087,3081,0,0,0,22,0,1,0,0,0,0,0,0,0,0,0,1,1,1,0.0,0.0,0.0,0.0,1.0,0.0,0.0,255,63,0.25,0.03,0.0,0.0,0.0,0.0,0.0,0.0,0,51604.0
0,1,22,9,213,2280,0,0,0,0,0,1,0,0,0,0,0,0,0,0,0,0,24,26,0.0,0.0,0.0,0.0,1.0,0.0,0.08,255,255,1.0,0.0,0.0,0.0,0.0,0.0,0.0,0.0,0,107738.0
0,1,22,9,305,2698,0,0,0,0,0,1,0,0,0,0,0,0,1,0,0,0,3,3,0.0,0.0,0.0,0.0,1.0,0.0,0.0,204,190,0.93,0.01,0.0,0.0,0.0,0.0,0.0,0.0,0,50791.0
0,1,22,9,288,5943,0,0,0,0,0,1,0,0,0,0,0,0,0,0,0,0,13,14,0.0,0.0,0.0,0.0,1.0,0.0,0.14,255,255,1.0,0.0,0.0,0.0,0.0,0.0,0.0,0.0,0,61448.0
0,1,22,9,228,1451,0,0,0,0,0,1,0,0,0,0,0,0,0,0,0,0,18,18,0.0,0.0,0.0,0.0,1.0,0.0,0.0,69,255,1.0,0.0,0.01,0.01,0.0,0.0,0.0,0.0,0,101097.0
0,1,49,9,2305,328,0,0,0,0,0,1,0,0,0,0,0,0,0,0,0,0,1,2,0.0,0.0,0.0,0.0,1.0,0.0,1.0,49,240,0.98,0.04,0.02,0.02,0.0,0.0,0.0,0.0,0,61897.0
0,1,51,4,0,0,0,0,0,0,0,0,0,0,0,0,0,0,0,0,0,0,1,1,0.0,0.0,1.0,1.0,1.0,0.0,0.0,120,1,0.01,0.21,0.18,0.0,0.0,0.0,0.17,1.0,1,55031.0
0,2,44,9,28,0,0,3,0,0,0,0,0,0,0,0,0,0,0,0,0,0,71,70,0.01,0.0,0.0,0.0,0.99,0.03,0.0,255,70,0.27,0.01,0.27,0.0,0.0,0.0,0.0,0.0,1,58559.0
37097,1,44,4,1,0,0,0,0,0,0,0,0,0,0,0,0,0,0,0,0,0,2,2,0.0,0.0,1.0,1.0,1.0,0.0,0.0,255,2,0.01,0.5,1.0,0.0,0.0,0.0,1.0,1.0,1,74465.0
0,1,22,9,221,454,0,0,0,0,0,1,0,0,0,0,0,0,0,0,0,0,3,3,0.0,0.0,0.0,0.0,1.0,0.0,0.0,255,255,1.0,0.0,0.0,0.0,0.0,0.0,0.0,0.0,0,123845.0
0,1,44,5,0,0,0,0,0,0,0,0,0,0,0,0,0,0,0,0,0,0,201,9,1.0,1.0,0.0,0.0,0.04,0.06,0.0,255,10,0.04,0.07,0.0,0.0,1.0,1.0,0.0,0.0,1,108138.0
0,2,44,9,105,0,0,0,0,0,0,0,0,0,0,0,0,0,0,0,0,0,1,1,0.0,0.0,0.0,0.0,1.0,0.0,0.0,255,158,0.62,0.01,0.0,0.0,0.0,0.0,0.0,0.0,0,20694.0
0,1,10,5,0,0,0,0,0,0,0,0,0,0,0,0,0,0,0,0,0,0,120,25,1.0,1.0,0.0,0.0,0.21,0.06,0.0,255,10,0.04,0.07,0.0,0.0,1.0,1.0,0.0,0.0,1,36850.0
0,1,44,1,0,0,0,0,0,0,0,0,0,0,0,0,0,0,0,0,0,0,1,1,0.0,0.0,1.0,1.0,1.0,0.0,0.0,16,2,0.06,1.0,0.06,1.0,0.0,0.0,0.88,1.0,1,34995.0
0,1,53,5,0,0,0,0,0,0,0,0,0,0,0,0,0,0,0,0,0,0,148,25,1.0,1.0,0.0,0.0,0.17,0.05,0.0,255,25,0.1,0.05,0.0,0.0,1.0,1.0,0.0,0.0,1,5013.0
0,1,22,9,193,7447,0,0,0,0,0,1,0,0,0,0,0,0,0,0,0,0,1,73,0.0,0.0,0.0,0.0,1.0,0.0,0.12,24,255,1.0,0.0,0.04,0.02,0.04,0.0,0.0,0.0,0,48992.0
0,0,13,9,8,0,0,0,0,0,0,0,0,0,0,0,0,0,0,0,0,0,1,6,0.0,0.0,0.0,0.0,1.0,0.0,1.0,1,97,1.0,0.0,1.0,0.26,0.0,0.0,0.0,0.0,1,2713.0
0,0,14,9,1032,0,0,0,0,0,0,0,0,0,0,0,0,0,0,0,0,0,511,511,0.0,0.0,0.0,0.0,1.0,0.0,0.0,158,64,0.41,0.04,0.41,0.0,0.01,0.0,0.4,0.0,1,11556.0
0,1,44,5,0,0,0,0,0,0,0,0,0,0,0,0,0,0,0,0,0,0,162,10,1.0,1.0,0.0,0.0,0.06,0.06,0.0,255,20,0.08,0.05,0.0,0.0,1.0,1.0,0.0,0.0,1,77627.0
0,1,44,5,0,0,0,0,0,0,0,0,0,0,0,0,0,0,0,0,0,0,218,20,1.0,1.0,0.0,0.0,0.09,0.06,0.0,255,18,0.07,0.08,0.0,0.0,1.0,1.0,0.0,0.0,1,121948.0
0,1,44,5,0,0,0,0,0,0,0,0,0,0,0,0,0,0,0,0,0,0,264,16,1.0,1.0,0.0,0.0,0.06,0.06,0.0,255,5,0.02,0.06,0.0,0.0,1.0,1.0,0.0,0.0,1,111137.0
0,1,25,5,0,0,0,0,0,0,0,0,0,0,0,0,0,0,0,0,0,0,237,4,1.0,1.0,0.0,0.0,0.02,0.06,0.0,255,4,0.02,0.07,0.0,0.0,1.0,1.0,0.0,0.0,1,61134.0
0,1,44,5,0,0,0,0,0,0,0,0,0,0,0,0,0,0,0,0,0,0,192,20,1.0,1.0,0.0,0.0,0.1,0.06,0.0,255,6,0.02,0.07,0.0,0.0,1.0,1.0,0.0,0.0,1,78513.0
0,1,49,9,1334,333,0,0,0,0,0,1,0,0,0,0,0,0,0,0,0,0,1,1,0.0,0.0,0.0,0.0,1.0,0.0,0.0,81,171,0.78,0.05,0.01,0.01,0.0,0.0,0.02,0.05,0,101202.0
0,2,44,9,28,0,0,3,0,0,0,0,0,0,0,0,0,0,0,0,0,0,87,87,0.0,0.0,0.0,0.0,1.0,0.0,0.0,255,87,0.34,0.02,0.34,0.0,0.0,0.0,0.0,0.0,1,65209.0
33,1,18,9,1415,4145,0,0,0,30,0,1,0,0,0,0,0,0,0,0,0,1,1,1,0.0,0.0,0.0,0.0,1.0,0.0,0.0,119,42,0.35,0.05,0.01,0.0,0.0,0.0,0.0,0.0,0,73654.0
0,1,22,9,310,1077,0,0,0,0,0,1,0,0,0,0,0,0,0,0,0,0,11,11,0.0,0.0,0.0,0.0,1.0,0.0,0.0,31,242,1.0,0.0,0.03,0.07,0.0,0.0,0.0,0.0,0,57460.0
0,1,40,1,0,0,0,0,0,0,0,0,0,0,0,0,0,0,0,0,0,0,511,1,0.18,0.0,0.82,1.0,0.0,1.0,0.0,255,1,0.0,1.0,0.0,0.0,0.23,0.0,0.77,1.0,1,8143.0
0,1,44,5,0,0,0,0,0,0,0,0,0,0,0,0,0,0,0,0,0,0,269,5,1.0,1.0,0.0,0.0,0.02,0.06,0.0,255,5,0.02,0.09,0.0,0.0,1.0,1.0,0.0,0.0,1,23978.0
0,2,11,9,46,46,0,0,0,0,0,0,0,0,0,0,0,0,0,0,0,0,135,137,0.0,0.0,0.0,0.0,1.0,0.0,0.02,255,230,0.9,0.01,0.0,0.0,0.0,0.0,0.0,0.0,0,83365.0
0,2,11,9,45,131,0,0,0,0,0,0,0,0,0,0,0,0,0,0,0,0,200,280,0.0,0.0,0.0,0.0,1.0,0.0,0.01,255,253,0.99,0.01,0.0,0.0,0.0,0.0,0.0,0.0,0,9720.0
0,1,19,9,1363,0,0,0,0,0,0,0,0,0,0,0,0,0,0,0,0,0,19,19,0.0,0.0,0.0,0.0,1.0,0.0,0.0,89,48,0.54,0.03,0.54,0.0,0.0,0.0,0.0,0.0,0,31842.0
3138,1,55,2,329,205950,0,0,0,0,1,1,4,0,1,3,0,0,0,0,0,0,1,1,0.0,0.0,1.0,1.0,1.0,0.0,0.0,92,22,0.24,0.07,0.01,0.0,0.01,0.05,0.09,0.36,0,58705.0
0,1,50,5,0,0,0,0,0,0,0,0,0,0,0,0,0,0,0,0,0,0,226,20,1.0,1.0,0.0,0.0,0.09,0.06,0.0,255,20,0.08,0.07,0.0,0.0,1.0,1.0,0.0,0.0,1,105513.0
0,1,54,1,0,0,0,0,0,0,0,0,0,0,0,0,0,0,0,0,0,0,261,12,0.0,0.0,1.0,1.0,0.05,0.07,0.0,255,12,0.05,0.08,0.0,0.0,0.0,0.0,1.0,1.0,1,107630.0
0,1,22,9,223,1415,0,0,0,0,0,1,0,0,0,0,0,0,0,0,0,0,10,10,0.0,0.0,0.0,0.0,1.0,0.0,0.0,247,247,1.0,0.0,0.0,0.0,0.0,0.0,0.0,0.0,0,73408.0
0,1,17,5,0,0,0,0,0,0,0,0,0,0,0,0,0,0,0,0,0,0,273,11,1.0,1.0,0.0,0.0,0.04,0.06,0.0,255,11,0.04,0.07,0.0,0.0,1.0,1.0,0.0,0.0,1,80307.0
45,1,3,9,9,35,0,0,0,0,0,1,0,0,0,0,0,0,0,0,0,0,1,1,0.0,0.0,0.0,0.0,1.0,0.0,0.0,255,3,0.01,0.02,0.0,0.0,0.0,0.0,0.0,0.0,0,74995.0
0,1,10,5,0,0,0,0,0,0,0,0,0,0,0,0,0,0,0,0,0,0,291,13,1.0,1.0,0.0,0.0,0.04,0.06,0.0,255,10,0.04,0.06,0.0,0.0,1.0,1.0,0.0,0.0,1,81718.0
0,1,22,9,224,1214,0,0,0,0,0,1,0,0,0,0,0,0,0,0,0,0,9,10,0.0,0.0,0.0,0.0,1.0,0.0,0.2,255,255,1.0,0.0,0.0,0.0,0.0,0.0,0.0,0.0,0,83458.0
0,1,22,9,54540,8314,0,0,0,2,0,1,1,0,0,0,0,0,0,0,0,0,4,4,0.0,0.0,0.0,0.0,1.0,0.0,0.0,237,237,1.0,0.0,0.0,0.0,0.0,0.0,0.05,0.05,1,16498.0
0,1,44,1,0,0,0,0,0,0,0,0,0,0,0,0,0,0,0,0,0,0,1,1,0.0,0.0,1.0,1.0,1.0,0.0,0.0,12,2,0.08,1.0,0.08,1.0,0.0,0.0,0.83,1.0,1,30363.0
0,1,22,9,355,6343,0,0,0,0,0,1,0,0,0,0,0,0,0,0,0,0,13,13,0.0,0.0,0.0,0.0,1.0,0.0,0.0,255,255,1.0,0.0,0.0,0.0,0.0,0.0,0.0,0.0,0,35494.0
0,1,22,9,170,10292,0,0,0,0,0,1,0,0,0,0,0,0,0,0,0,0,1,1,0.0,0.0,0.0,0.0,1.0,0.0,0.0,255,255,1.0,0.0,0.0,0.0,0.0,0.0,0.0,0.0,0,103097.0
0,0,14,9,1480,0,0,1,0,0,0,0,0,0,0,0,0,0,0,0,0,0,1,3,0.0,0.0,0.0,0.0,1.0,0.0,0.67,3,151,1.0,0.0,1.0,0.11,0.0,0.0,0.0,0.0,1,93499.0
0,1,44,5,0,0,0,0,0,0,0,0,0,0,0,0,0,0,0,0,0,0,130,14,1.0,1.0,0.0,0.0,0.11,0.06,0.0,255,12,0.05,0.07,0.0,0.0,1.0,1.0,0.0,0.0,1,109424.0
0,1,22,9,198,1427,0,0,0,0,0,1,0,0,0,0,0,0,0,0,0,0,20,20,0.0,0.0,0.0,0.0,1.0,0.0,0.0,20,255,1.0,0.0,0.05,0.04,0.0,0.0,0.0,0.0,0,908.0
0,1,22,9,243,398,0,0,0,0,0,1,0,0,0,0,0,0,0,0,0,0,6,7,0.0,0.0,0.0,0.0,1.0,0.0,0.29,255,255,1.0,0.0,0.01,0.0,0.0,0.0,0.0,0.0,0,15352.0
0,1,22,1,0,0,0,0,0,0,0,0,0,0,0,0,0,0,0,0,0,0,1,1,0.0,0.0,1.0,1.0,1.0,0.0,0.0,5,255,1.0,0.0,0.2,0.03,0.0,0.0,1.0,0.4,0,19237.0
0,1,42,9,35,130,0,0,0,0,0,1,0,0,0,0,0,0,0,0,0,0,1,1,0.0,0.0,0.0,0.0,1.0,0.0,0.0,65,4,0.02,0.22,0.02,0.5,0.02,0.0,0.0,0.0,0,108672.0
6375,2,40,9,147,105,0,0,0,0,0,0,0,0,0,0,0,0,0,0,0,0,4,2,0.0,0.0,0.0,0.0,0.5,0.5,0.0,255,2,0.01,0.63,0.94,0.0,0.0,0.0,0.0,0.0,0,118150.0
0,1,22,9,226,1183,0,0,0,0,0,1,0,0,0,0,0,0,0,0,0,0,17,17,0.0,0.0,0.0,0.0,1.0,0.0,0.0,17,255,1.0,0.0,0.06,0.04,0.0,0.0,0.0,0.0,0,62108.0
0,1,21,5,0,0,0,0,0,0,0,0,0,0,0,0,0,0,0,0,0,0,231,4,1.0,1.0,0.0,0.0,0.02,0.05,0.0,255,4,0.02,0.06,0.0,0.0,1.0,1.0,0.0,0.0,1,91453.0
0,0,13,9,8,0,0,0,0,0,0,0,0,0,0,0,0,0,0,0,0,0,1,19,0.0,0.0,0.0,0.0,1.0,0.0,1.0,2,94,1.0,0.0,1.0,0.5,0.0,0.0,0.0,0.0,1,72541.0
0,1,44,5,0,0,0,0,0,0,0,0,0,0,0,0,0,0,0,0,0,0,256,6,1.0,1.0,0.0,0.0,0.02,0.07,0.0,255,5,0.02,0.06,0.0,0.0,1.0,1.0,0.0,0.0,1,88499.0
0,1,22,9,218,726,0,0,0,0,0,1,0,0,0,0,0,0,0,0,0,0,15,15,0.0,0.0,0.0,0.0,1.0,0.0,0.0,255,255,1.0,0.0,0.01,0.0,0.0,0.0,0.02,0.02,0,57850.0
0,1,51,1,0,0,0,0,0,0,0,0,0,0,0,0,0,0,0,0,0,0,254,14,0.0,0.0,1.0,1.0,0.06,0.06,0.0,255,14,0.05,0.07,0.0,0.0,0.0,0.0,1.0,1.0,1,112220.0
0,1,22,9,239,9986,0,0,0,0,0,1,0,0,0,0,0,0,0,0,0,0,2,2,0.0,0.0,0.0,0.0,1.0,0.0,0.0,2,255,1.0,0.0,0.5,0.06,0.0,0.0,0.0,0.0,0,62241.0
0,1,22,9,211,3898,0,0,0,0,0,1,0,0,0,0,0,0,0,0,0,0,12,13,0.0,0.0,0.0,0.0,1.0,0.0,0.15,12,255,1.0,0.0,0.08,0.02,0.0,0.0,0.0,0.0,0,92027.0
0,2,11,9,45,45,0,0,0,0,0,0,0,0,0,0,0,0,0,0,0,0,106,172,0.0,0.0,0.0,0.0,1.0,0.0,0.01,255,255,1.0,0.0,0.01,0.0,0.0,0.0,0.0,0.0,0,62662.0
0,1,22,9,293,255,0,0,0,0,0,1,0,0,0,0,0,0,0,0,0,0,7,13,0.0,0.08,0.0,0.0,1.0,0.0,0.31,255,255,1.0,0.0,0.0,0.0,0.0,0.0,0.0,0.0,0,120837.0
0,1,49,9,2886,330,0,0,0,0,0,1,0,0,0,0,0,0,0,0,0,0,2,1,0.0,0.0,0.0,0.0,0.5,1.0,0.0,254,180,0.71,0.03,0.0,0.0,0.0,0.0,0.0,0.0,0,50463.0
0,1,22,9,247,1875,0,0,0,0,0,1,0,0,0,0,0,0,0,0,0,0,2,2,0.0,0.0,0.0,0.0,1.0,0.0,0.0,229,255,1.0,0.0,0.0,0.01,0.0,0.0,0.0,0.0,0,34699.0
0,1,21,1,0,0,0,0,0,0,0,0,0,0,0,0,0,0,0,0,0,0,273,7,0.0,0.0,1.0,1.0,0.03,0.06,0.0,255,7,0.03,0.07,0.0,0.0,0.0,0.0,1.0,1.0,1,105728.0
0,2,11,9,44,44,0,0,0,0,0,0,0,0,0,0,0,0,0,0,0,0,159,159,0.0,0.0,0.0,0.0,1.0,0.0,0.0,255,255,1.0,0.0,0.01,0.0,0.0,0.0,0.0,0.0,0,55006.0
0,1,22,9,313,1323,0,0,0,0,0,1,0,0,0,0,0,0,0,0,0,0,9,9,0.0,0.0,0.0,0.0,1.0,0.0,0.0,9,255,1.0,0.0,0.11,0.04,0.0,0.0,0.0,0.0,0,56531.0
0,1,44,1,0,0,0,0,0,0,0,0,0,0,0,0,0,0,0,0,0,0,138,12,0.0,0.0,1.0,1.0,0.09,0.06,0.0,255,12,0.05,0.07,0.0,0.0,0.0,0.0,1.0,1.0,1,61109.0
0,1,22,9,282,4537,0,0,0,0,0,1,0,0,0,0,0,0,0,0,0,0,5,5,0.0,0.0,0.0,0.0,1.0,0.0,0.0,116,255,1.0,0.0,0.01,0.02,0.01,0.0,0.0,0.0,0,29252.0
0,1,22,9,54540,8314,0,0,0,2,0,1,1,0,0,0,0,0,0,0,0,0,3,3,0.0,0.0,0.0,0.0,1.0,0.0,0.0,87,87,1.0,0.0,0.01,0.0,0.0,0.0,0.16,0.16,1,23196.0
0,0,58,9,181,0,0,0,0,0,0,0,0,0,0,0,0,0,0,0,0,0,2,1,0.0,0.0,0.0,0.0,0.5,1.0,0.0,255,9,0.04,0.01,0.05,0.0,0.0,0.0,0.0,0.0,0,25613.0
0,2,44,9,105,146,0,0,0,0,0,0,0,0,0,0,0,0,0,0,0,0,1,1,0.0,0.0,0.0,0.0,1.0,0.0,0.0,9,7,0.78,0.33,0.11,0.0,0.0,0.0,0.0,0.0,0,87514.0
0,1,44,5,0,0,0,0,0,0,0,0,0,0,0,0,0,0,0,0,0,0,102,23,1.0,1.0,0.0,0.0,0.23,0.05,0.0,255,6,0.02,0.05,0.0,0.0,1.0,1.0,0.0,0.0,1,18628.0
0,1,57,5,0,0,0,0,0,0,0,0,0,0,0,0,0,0,0,0,0,0,229,5,1.0,1.0,0.0,0.0,0.02,0.06,0.0,255,5,0.02,0.06,0.0,0.0,1.0,1.0,0.0,0.0,1,109600.0
0,1,22,7,562,0,0,0,0,3,0,1,0,0,0,0,0,0,0,0,0,0,1,1,1.0,1.0,0.0,0.0,1.0,0.0,0.0,3,255,1.0,0.0,0.33,0.05,0.33,0.01,0.0,0.0,0,88016.0
0,1,20,5,0,0,0,0,0,0,0,0,0,0,0,0,0,0,0,0,0,0,221,5,1.0,1.0,0.0,0.0,0.02,0.06,0.0,255,16,0.06,0.08,0.0,0.0,1.0,1.0,0.0,0.0,1,116811.0
0,1,44,1,0,0,0,0,0,0,0,0,0,0,0,0,0,0,0,0,0,0,27,1,0.0,0.0,1.0,1.0,0.04,1.0,0.0,255,1,0.0,0.44,0.0,0.0,0.0,0.0,0.12,1.0,1,97879.0
0,1,22,9,205,182,0,0,0,0,0,1,0,0,0,0,0,0,0,0,0,0,15,15,0.0,0.0,0.0,0.0,1.0,0.0,0.0,255,255,1.0,0.0,0.0,0.0,0.0,0.0,0.0,0.0,0,16981.0
0,1,59,5,0,0,0,0,0,0,0,0,0,0,0,0,0,0,0,0,0,0,103,3,1.0,1.0,0.0,0.0,0.03,0.07,0.0,255,3,0.01,0.09,0.0,0.0,1.0,1.0,0.0,0.0,1,121831.0
0,1,17,5,0,0,0,0,0,0,0,0,0,0,0,0,0,0,0,0,0,0,72,19,1.0,1.0,0.0,0.0,0.26,0.06,0.0,255,58,0.23,0.02,0.02,0.0,1.0,1.0,0.0,0.0,1,75311.0
0,1,22,9,260,184,0,0,0,0,0,1,0,0,0,0,0,0,0,0,0,0,1,17,0.0,0.0,0.0,0.0,1.0,0.0,0.18,255,255,1.0,0.0,0.0,0.0,0.0,0.0,0.0,0.0,0,40628.0
0,0,13,9,8,0,0,0,0,0,0,0,0,0,0,0,0,0,0,0,0,0,1,10,0.0,0.0,0.0,0.0,1.0,0.0,1.0,1,35,1.0,0.0,1.0,0.51,0.0,0.0,0.0,0.0,1,18781.0
0,1,19,9,567,0,0,0,0,0,0,1,0,0,0,6,0,0,0,0,0,0,1,25,0.0,0.0,0.0,0.0,1.0,0.0,0.08,94,1,0.01,0.05,0.01,0.0,0.0,0.0,0.0,0.0,0,62388.0
0,1,22,9,147,9737,0,0,0,0,0,1,0,0,0,0,0,0,0,0,0,0,1,1,0.0,0.0,0.0,0.0,1.0,0.0,0.0,3,255,1.0,0.0,0.33,0.05,0.0,0.0,0.0,0.0,0,76440.0
0,1,49,9,1504,325,0,0,0,0,0,1,0,0,0,0,0,0,0,0,0,0,1,1,0.0,0.0,0.0,0.0,1.0,0.0,0.0,153,88,0.39,0.46,0.01,0.02,0.0,0.0,0.44,0.01,0,39544.0
0,1,19,5,0,0,0,0,0,0,0,0,0,0,0,0,0,0,0,0,0,0,35,5,1.0,1.0,0.0,0.0,0.14,0.11,0.0,255,65,0.25,0.02,0.01,0.0,1.0,1.0,0.0,0.0,1,55476.0
0,1,22,9,367,1699,0,0,0,0,0,1,0,0,0,0,0,0,0,0,0,0,4,4,0.0,0.0,0.0,0.0,1.0,0.0,0.0,255,255,1.0,0.0,0.0,0.0,0.0,0.0,0.0,0.0,0,4278.0
0,1,37,5,0,0,0,0,0,0,0,0,0,0,0,0,0,0,0,0,0,0,136,18,1.0,1.0,0.0,0.0,0.13,0.05,0.0,255,13,0.05,0.07,0.0,0.0,1.0,1.0,0.0,0.0,1,57181.0
0,1,18,2,0,0,0,0,0,0,0,0,0,0,0,0,0,0,0,0,0,0,282,19,0.0,0.0,1.0,1.0,0.07,0.06,0.0,255,19,0.07,0.07,0.0,0.0,0.0,0.0,1.0,1.0,1,56574.0
0,2,11,9,44,44,0,0,0,0,0,0,0,0,0,0,0,0,0,0,0,0,135,135,0.0,0.0,0.0,0.0,1.0,0.0,0.0,255,247,0.97,0.01,0.01,0.0,0.0,0.0,0.0,0.0,0,55795.0
0,0,13,9,8,0,0,0,0,0,0,0,0,0,0,0,0,0,0,0,0,0,1,6,0.0,0.0,0.0,0.0,1.0,0.0,1.0,3,255,1.0,0.0,1.0,0.25,0.0,0.0,0.0,0.0,1,88345.0
0,1,16,2,0,0,0,0,0,0,0,0,0,0,0,0,0,0,0,0,0,0,112,4,0.0,0.0,1.0,1.0,0.04,0.06,0.0,255,4,0.02,0.07,0.0,0.0,0.0,0.0,1.0,1.0,1,69549.0
0,2,11,9,32,0,0,0,0,0,0,0,0,0,0,0,0,0,0,0,0,0,1,4,0.0,0.0,0.0,0.0,1.0,0.0,0.75,19,28,0.16,0.26,0.16,0.07,0.0,0.0,0.0,0.0,0,106326.0
0,1,33,5,0,0,0,0,0,0,0,0,0,0,0,0,0,0,0,0,0,0,205,25,1.0,1.0,0.0,0.0,0.12,0.06,0.0,255,25,0.1,0.06,0.0,0.0,1.0,1.0,0.0,0.0,1,100975.0
0,1,8,5,0,0,0,0,0,0,0,0,0,0,0,0,0,0,0,0,0,0,259,23,1.0,1.0,0.0,0.0,0.09,0.05,0.0,255,23,0.09,0.05,0.0,0.0,1.0,1.0,0.0,0.0,1,70483.0
5,1,55,9,219,3746,0,0,0,0,0,1,0,0,0,0,0,0,0,0,0,0,1,1,0.0,0.0,0.0,0.0,1.0,0.0,0.0,102,13,0.13,0.7,0.01,0.0,0.0,0.0,0.65,0.08,0,114833.0
0,1,19,5,0,0,0,0,0,0,0,0,0,0,0,0,0,0,0,0,0,0,225,4,1.0,1.0,0.0,0.0,0.02,0.06,0.0,255,4,0.02,0.06,0.0,0.0,1.0,1.0,0.0,0.0,1,50061.0
0,1,22,9,239,18526,0,0,0,0,0,1,0,0,0,0,0,0,0,0,0,0,1,1,0.0,0.0,0.0,0.0,1.0,0.0,0.0,4,255,1.0,0.0,0.25,0.02,0.0,0.0,0.0,0.0,0,74279.0
0,1,7,5,0,0,0,0,0,0,0,0,0,0,0,0,0,0,0,0,0,0,132,24,1.0,1.0,0.0,0.0,0.18,0.05,0.0,255,24,0.09,0.05,0.0,0.0,1.0,1.0,0.0,0.0,1,118778.0
0,1,44,5,0,0,0,0,0,0,0,0,0,0,0,0,0,0,0,0,0,0,140,11,1.0,1.0,0.0,0.0,0.08,0.06,0.0,255,7,0.03,0.06,0.0,0.0,1.0,1.0,0.0,0.0,1,86515.0
0,1,30,5,0,0,0,0,0,0,0,0,0,0,0,0,0,0,0,0,0,0,100,16,1.0,1.0,0.0,0.0,0.16,0.06,0.0,255,16,0.06,0.07,0.0,0.0,1.0,1.0,0.0,0.0,1,56258.0
0,2,11,9,42,108,0,0,0,0,0,0,0,0,0,0,0,0,0,0,0,0,3,5,0.0,0.0,0.0,0.0,1.0,0.0,0.4,255,254,1.0,0.01,0.0,0.0,0.0,0.0,0.0,0.0,0,113577.0
0,1,19,9,5319,0,0,0,0,0,0,1,0,0,0,0,0,0,0,0,0,0,4,4,0.0,0.0,0.0,0.0,1.0,0.0,0.0,42,94,0.24,0.05,0.24,0.03,0.0,0.0,0.0,0.0,0,61405.0
0,1,44,5,0,0,0,0,0,0,0,0,0,0,0,0,0,0,0,0,0,0,510,1,0.2,1.0,0.8,0.0,0.0,1.0,0.0,255,1,0.0,1.0,0.0,0.0,0.18,1.0,0.82,0.0,1,93755.0
0,0,13,9,30,0,0,0,0,0,0,0,0,0,0,0,0,0,0,0,0,0,9,1,0.0,0.0,0.0,0.0,0.11,0.33,0.0,255,4,0.02,0.01,0.1,0.0,0.0,0.0,0.0,0.0,0,105530.0
0,1,44,5,0,0,0,0,0,0,0,0,0,0,0,0,0,0,0,0,0,0,10,5,1.0,1.0,0.0,0.0,0.5,0.4,0.0,255,5,0.02,0.08,0.0,0.0,1.0,1.0,0.0,0.0,1,61822.0
0,0,13,9,8,0,0,0,0,0,0,0,0,0,0,0,0,0,0,0,0,0,1,39,0.0,0.0,0.0,0.0,1.0,0.0,1.0,1,86,1.0,0.0,1.0,0.51,0.0,0.0,0.0,0.0,1,20585.0
0,2,44,9,28,0,0,3,0,0,0,0,0,0,0,0,0,0,0,0,0,0,13,13,0.0,0.0,0.0,0.0,1.0,0.0,0.0,85,13,0.15,0.05,0.15,0.0,0.0,0.0,0.0,0.0,1,51717.0
0,1,49,9,631,338,0,0,0,0,0,1,0,0,0,0,0,0,0,0,0,0,1,1,0.0,0.0,0.0,0.0,1.0,0.0,0.0,50,143,0.54,0.12,0.02,0.01,0.0,0.01,0.0,0.0,0,10239.0
0,1,17,9,6,147,0,0,0,0,0,0,0,0,0,0,0,0,0,0,0,0,1,1,0.0,0.0,0.0,0.0,1.0,0.0,0.0,255,3,0.01,0.05,0.0,0.0,0.56,0.0,0.01,0.0,0,21636.0
0,1,60,5,0,0,0,0,0,0,0,0,0,0,0,0,0,0,0,0,0,0,262,8,1.0,1.0,0.0,0.0,0.03,0.06,0.0,255,8,0.03,0.07,0.0,0.0,1.0,1.0,0.0,0.0,1,14731.0
0,1,22,9,298,775,0,0,0,0,0,1,0,0,0,0,0,0,0,0,0,0,38,38,0.0,0.0,0.0,0.0,1.0,0.0,0.0,255,255,1.0,0.0,0.0,0.0,0.0,0.0,0.0,0.0,0,117758.0
0,2,44,9,1,0,0,0,0,0,0,0,0,0,0,0,0,0,0,0,0,0,21,5,0.0,0.0,0.0,0.0,0.24,0.14,0.0,255,5,0.02,0.36,0.68,0.0,0.15,0.0,0.17,0.0,1,113448.0
0,1,19,9,95,0,0,0,0,0,0,1,0,0,0,0,0,0,0,0,0,0,4,4,0.0,0.0,0.0,0.0,1.0,0.0,0.0,255,150,0.59,0.03,0.6,0.0,0.0,0.01,0.0,0.0,0,52099.0
0,1,22,9,317,744,0,0,0,0,0,1,0,0,0,0,0,0,0,0,0,0,20,23,0.0,0.0,0.0,0.0,1.0,0.0,0.17,149,255,1.0,0.0,0.01,0.06,0.0,0.0,0.53,0.69,0,71706.0
9,1,19,9,0,5150836,0,0,0,0,0,0,0,0,0,0,0,0,0,0,0,0,1,1,0.0,0.0,0.0,0.0,1.0,0.0,0.0,6,6,1.0,0.0,1.0,0.0,0.0,0.0,0.0,0.0,1,19338.0
0,2,44,9,105,147,0,0,0,0,0,0,0,0,0,0,0,0,0,0,0,0,1,1,0.0,0.0,0.0,0.0,1.0,0.0,0.0,14,13,0.93,0.14,0.07,0.0,0.0,0.0,0.0,0.0,0,58537.0
0,1,22,9,207,597,0,0,0,0,0,1,0,0,0,0,0,0,0,0,0,0,11,11,0.0,0.0,0.0,0.0,1.0,0.0,0.0,131,255,1.0,0.0,0.01,0.04,0.0,0.0,0.0,0.0,0,36712.0
0,1,55,5,0,0,0,0,0,0,0,0,0,0,0,0,0,0,0,0,0,0,17,4,1.0,1.0,0.0,0.0,0.24,0.12,0.0,44,5,0.09,0.07,0.02,0.4,1.0,0.8,0.0,0.0,1,2389.0
0,1,40,1,0,0,0,0,0,0,0,0,0,0,0,0,0,0,0,0,0,0,510,1,0.19,0.0,0.81,1.0,0.0,1.0,0.0,255,1,0.0,1.0,0.0,0.0,0.14,0.0,0.86,1.0,1,112891.0
0,1,44,5,0,0,0,0,0,0,0,0,0,0,0,0,0,0,0,0,0,0,149,20,1.0,1.0,0.0,0.0,0.13,0.05,0.0,255,38,0.15,0.05,0.0,0.0,1.0,1.0,0.0,0.0,1,95429.0
0,1,22,9,253,272,0,0,0,0,0,1,0,0,0,0,0,0,0,0,0,0,31,31,0.0,0.0,0.0,0.0,1.0,0.0,0.0,125,255,1.0,0.0,0.01,0.05,0.0,0.0,0.0,0.0,0,106647.0
0,1,19,9,567,0,0,0,0,0,0,0,0,0,0,0,0,0,0,0,0,0,1,1,0.0,0.0,0.0,0.0,1.0,0.0,0.0,77,37,0.34,0.08,0.34,0.05,0.0,0.0,0.0,0.0,0,9895.0
0,1,22,9,343,4515,0,0,0,0,0,1,0,0,0,0,0,0,0,0,0,0,9,9,0.0,0.0,0.0,0.0,1.0,0.0,0.0,255,255,1.0,0.0,0.0,0.0,0.0,0.0,0.0,0.0,0,62560.0
0,1,44,5,0,0,0,0,0,0,0,0,0,0,0,0,0,0,0,0,0,0,204,17,1.0,1.0,0.0,0.0,0.08,0.06,0.0,255,17,0.07,0.05,0.0,0.0,1.0,1.0,0.0,0.0,1,116649.0
0,1,59,5,0,0,0,0,0,0,0,0,0,0,0,0,0,0,0,0,0,0,131,5,1.0,1.0,0.0,0.0,0.04,0.06,0.0,255,5,0.02,0.06,0.0,0.0,1.0,1.0,0.0,0.0,1,108233.0
0,1,44,5,0,0,0,0,0,0,0,0,0,0,0,0,0,0,0,0,0,0,247,12,1.0,1.0,0.0,0.0,0.05,0.06,0.0,255,13,0.05,0.07,0.0,0.0,1.0,1.0,0.0,0.0,1,47361.0
0,1,44,5,0,0,0,0,0,0,0,0,0,0,0,0,0,0,0,0,0,0,202,2,1.0,1.0,0.0,0.0,0.01,0.06,0.0,255,17,0.07,0.06,0.0,0.0,1.0,1.0,0.0,0.0,1,35886.0
0,1,25,5,0,0,0,0,0,0,0,0,0,0,0,0,0,0,0,0,0,0,144,14,1.0,1.0,0.0,0.0,0.1,0.06,0.0,255,14,0.05,0.07,0.0,0.0,1.0,1.0,0.0,0.0,1,64679.0
0,1,22,9,220,13011,0,0,0,0,0,1,0,0,0,0,0,0,0,0,0,0,1,1,0.0,0.0,0.0,0.0,1.0,0.0,0.0,1,255,1.0,0.0,1.0,0.06,0.0,0.0,0.0,0.0,0,72624.0
0,1,40,9,8325,0,0,0,0,0,0,1,0,0,0,0,0,0,0,0,0,0,20,1,0.05,0.0,0.0,0.0,0.05,0.35,0.0,172,1,0.01,0.06,0.31,0.0,0.01,0.0,0.0,0.0,0,24985.0
0,1,4,5,0,0,0,0,0,0,0,0,0,0,0,0,0,0,0,0,0,0,221,18,1.0,1.0,0.0,0.0,0.08,0.06,0.0,255,3,0.01,0.09,0.0,0.0,1.0,1.0,0.0,0.0,1,18599.0
0,2,11,9,46,134,0,0,0,0,0,0,0,0,0,0,0,0,0,0,0,0,38,38,0.0,0.0,0.0,0.0,1.0,0.0,0.0,71,40,0.56,0.03,0.01,0.0,0.0,0.0,0.0,0.0,0,13455.0
0,1,61,5,0,0,0,0,0,0,0,0,0,0,0,0,0,0,0,0,0,0,299,14,1.0,1.0,0.0,0.0,0.05,0.05,0.0,255,14,0.05,0.05,0.0,0.0,1.0,1.0,0.0,0.0,1,102863.0
0,0,13,9,8,0,0,0,0,0,0,0,0,0,0,0,0,0,0,0,0,0,1,8,0.0,0.0,0.0,0.0,1.0,0.0,1.0,2,152,1.0,0.0,1.0,0.5,0.0,0.0,0.0,0.0,1,4400.0
43,1,55,9,181,18836,0,0,0,0,0,1,0,0,0,0,0,0,0,0,0,0,1,1,0.0,0.0,0.0,0.0,1.0,0.0,0.0,1,2,1.0,0.0,1.0,1.0,0.0,0.0,0.0,0.0,0,74164.0
0,1,44,10,0,0,0,0,0,0,0,0,0,0,0,0,0,0,0,0,0,0,1,1,1.0,1.0,0.0,0.0,1.0,0.0,0.0,88,1,0.01,0.89,0.91,0.0,0.91,1.0,0.0,0.0,1,116248.0
42470,1,44,4,1,0,0,0,0,0,0,0,0,0,0,0,0,0,0,0,0,0,2,2,0.0,0.0,1.0,1.0,1.0,0.0,0.0,158,2,0.01,0.14,0.24,0.0,0.0,0.0,0.24,1.0,1,18582.0
0,1,22,9,308,15276,0,0,0,0,0,1,0,0,0,0,0,0,0,0,0,0,3,3,0.0,0.0,0.0,0.0,1.0,0.0,0.0,255,255,1.0,0.0,0.0,0.0,0.0,0.0,0.0,0.0,0,33516.0
0,1,7,5,0,0,0,0,0,0,0,0,0,0,0,0,0,0,0,0,0,0,241,4,1.0,1.0,0.0,0.0,0.02,0.05,0.0,255,4,0.02,0.05,0.0,0.0,1.0,1.0,0.0,0.0,1,40753.0
0,1,22,9,272,194,0,0,0,0,0,1,0,0,0,0,0,0,0,0,0,0,1,1,0.0,0.0,0.0,0.0,1.0,0.0,0.0,38,38,1.0,0.0,0.03,0.0,0.0,0.0,0.0,0.0,0,61777.0
0,1,22,1,0,0,0,0,0,0,0,0,0,0,0,0,0,0,0,0,0,0,1,1,0.0,0.0,1.0,1.0,1.0,0.0,0.0,7,255,1.0,0.0,0.14,0.07,0.0,0.0,1.0,0.46,0,61486.0
0,1,22,9,254,10118,0,0,0,1,0,1,1,0,0,0,0,0,0,0,0,0,7,7,0.0,0.0,0.0,0.0,1.0,0.0,0.0,255,255,1.0,0.0,0.0,0.0,0.0,0.0,0.0,0.0,0,106522.0
0,2,11,9,45,122,0,0,0,0,0,0,0,0,0,0,0,0,0,0,0,0,217,219,0.0,0.0,0.0,0.0,1.0,0.01,0.01,255,255,1.0,0.0,0.0,0.0,0.0,0.0,0.0,0.0,0,86094.0
0,1,19,9,190,0,0,0,0,0,0,0,0,0,0,0,0,0,0,0,0,0,2,2,0.0,0.0,0.0,0.0,1.0,0.0,0.0,27,6,0.22,0.07,0.22,0.0,0.0,0.0,0.0,0.0,0,112858.0
0,1,3,5,0,0,0,0,0,0,0,0,0,0,0,0,0,0,0,0,0,0,206,14,1.0,1.0,0.0,0.0,0.07,0.05,0.0,255,14,0.05,0.06,0.0,0.0,1.0,1.0,0.0,0.0,1,26131.0
0,0,13,9,8,0,0,0,0,0,0,0,0,0,0,0,0,0,0,0,0,0,1,44,0.0,0.0,0.0,0.0,1.0,0.0,1.0,2,60,1.0,0.0,1.0,0.5,0.0,0.0,0.0,0.0,1,40728.0
0,1,22,9,324,1049,0,0,0,0,0,1,0,0,0,0,0,0,0,0,0,0,5,5,0.0,0.0,0.0,0.0,1.0,0.0,0.0,69,255,1.0,0.0,0.01,0.01,0.0,0.0,0.0,0.0,0,57251.0
0,2,11,9,46,46,0,0,0,0,0,0,0,0,0,0,0,0,0,0,0,0,209,208,0.0,0.0,0.0,0.0,1.0,0.01,0.0,255,254,1.0,0.01,0.0,0.0,0.0,0.0,0.0,0.0,0,68297.0
1,1,49,9,714,329,0,0,0,0,0,1,0,0,0,0,0,0,0,0,0,0,1,1,0.0,0.0,0.0,0.0,1.0,0.0,0.0,161,119,0.74,0.02,0.01,0.0,0.01,0.01,0.0,0.0,0,109485.0
0,1,22,9,211,1405,0,0,0,0,0,1,0,0,0,0,0,0,0,0,0,0,9,9,0.0,0.0,0.0,0.0,1.0,0.0,0.0,9,255,1.0,0.0,0.11,0.05,0.0,0.0,0.0,0.0,0,108326.0
0,1,19,9,209,0,0,0,0,0,0,1,0,0,0,1,0,0,0,0,0,0,2,2,0.0,0.0,0.0,0.0,1.0,0.0,0.0,5,54,0.8,0.4,0.8,0.04,0.0,0.0,0.0,0.0,0,49158.0
0,1,22,9,237,607,0,0,0,0,0,1,0,0,0,0,0,0,0,0,0,0,6,8,0.0,0.0,0.0,0.0,1.0,0.0,0.38,255,255,1.0,0.0,0.0,0.0,0.0,0.0,0.01,0.01,0,83311.0
0,1,49,9,910,390,0,0,0,0,0,1,0,0,0,0,0,0,0,0,0,0,1,1,0.0,0.0,0.0,0.0,1.0,0.0,0.0,255,43,0.17,0.02,0.0,0.0,0.77,0.0,0.0,0.0,0,48285.0
0,1,19,5,0,0,0,0,0,0,0,0,0,0,0,0,0,0,0,0,0,0,118,13,1.0,1.0,0.0,0.0,0.11,0.07,0.0,255,13,0.05,0.08,0.0,0.0,1.0,1.0,0.0,0.0,1,2966.0
0,2,11,9,46,46,0,0,0,0,0,0,0,0,0,0,0,0,0,0,0,0,5,8,0.0,0.0,0.0,0.0,1.0,0.0,0.25,255,254,1.0,0.01,0.01,0.0,0.0,0.0,0.0,0.0,0,37197.0
0,1,22,9,244,1451,0,0,0,0,0,1,0,0,0,0,0,0,0,0,0,0,19,44,0.0,0.0,0.0,0.0,1.0,0.0,0.09,226,255,1.0,0.0,0.0,0.01,0.0,0.0,0.0,0.0,0,77531.0
0,1,22,9,224,15506,0,0,0,0,0,1,0,0,0,0,0,0,0,0,0,0,11,12,0.0,0.0,0.0,0.0,1.0,0.0,0.17,255,255,1.0,0.0,0.0,0.0,0.01,0.01,0.0,0.0,0,41817.0
0,1,60,5,0,0,0,0,0,0,0,0,0,0,0,0,0,0,0,0,0,0,228,13,1.0,1.0,0.0,0.0,0.06,0.06,0.0,255,13,0.05,0.06,0.0,0.0,1.0,1.0,0.0,0.0,1,34055.0
0,2,40,9,145,0,0,0,0,0,0,0,0,0,0,0,0,0,0,0,0,0,1,1,0.0,0.0,0.0,0.0,1.0,0.0,0.0,1,1,1.0,0.0,1.0,0.0,0.0,0.0,0.0,0.0,0,34976.0
0,1,55,2,0,0,0,0,0,0,0,0,0,0,0,0,0,0,0,0,0,0,226,9,0.0,0.0,1.0,1.0,0.04,0.07,0.0,255,9,0.04,0.08,0.0,0.0,0.0,0.0,1.0,1.0,1,118685.0
0,1,19,9,12,0,0,0,0,0,0,1,0,0,0,0,0,0,0,0,0,0,1,1,0.0,0.0,0.0,0.0,1.0,0.0,0.0,175,63,0.36,0.02,0.36,0.0,0.0,0.0,0.0,0.0,0,94239.0
0,2,11,9,44,44,0,0,0,0,0,0,0,0,0,0,0,0,0,0,0,0,191,191,0.0,0.0,0.0,0.0,1.0,0.0,0.0,255,254,1.0,0.01,0.0,0.0,0.0,0.0,0.0,0.0,0,106143.0
0,1,22,9,323,270,0,0,0,0,0,1,0,0,0,0,0,0,0,0,0,0,3,3,0.0,0.0,0.0,0.0,1.0,0.0,0.0,255,242,0.95,0.01,0.0,0.0,0.0,0.0,0.0,0.0,0,3578.0
0,1,22,9,321,882,0,0,0,0,0,1,0,0,0,0,0,0,0,0,0,0,20,20,0.0,0.0,0.0,0.0,1.0,0.0,0.0,223,255,1.0,0.0,0.0,0.01,0.0,0.0,0.0,0.0,0,75362.0
0,1,44,4,0,0,0,0,0,0,0,0,0,0,0,0,0,0,0,0,0,0,1,1,0.0,0.0,1.0,1.0,1.0,0.0,0.0,116,1,0.01,0.19,0.16,0.0,0.0,0.0,0.15,1.0,1,109196.0
0,1,44,5,0,0,0,0,0,0,0,0,0,0,0,0,0,0,0,0,0,0,212,2,1.0,1.0,0.0,0.0,0.01,0.07,0.0,255,19,0.07,0.07,0.0,0.0,1.0,1.0,0.0,0.0,1,7735.0
0,1,37,5,0,0,0,0,0,0,0,0,0,0,0,0,0,0,0,0,0,0,236,17,1.0,1.0,0.0,0.0,0.07,0.06,0.0,255,17,0.07,0.07,0.0,0.0,1.0,1.0,0.0,0.0,1,29205.0
0,1,21,5,0,0,0,0,0,0,0,0,0,0,0,0,0,0,0,0,0,0,175,3,1.0,1.0,0.0,0.0,0.02,0.07,0.0,255,3,0.01,0.07,0.0,0.0,1.0,1.0,0.0,0.0,1,117533.0
0,1,44,5,0,0,0,0,0,0,0,0,0,0,0,0,0,0,0,0,0,0,277,11,1.0,1.0,0.0,0.0,0.04,0.06,0.0,255,25,0.1,0.06,0.0,0.0,1.0,1.0,0.0,0.0,1,48349.0
0,1,22,9,313,927,0,0,0,0,0,1,0,0,0,0,0,0,0,0,0,0,8,8,0.0,0.0,0.0,0.0,1.0,0.0,0.0,8,255,1.0,0.0,0.12,0.06,0.0,0.0,0.0,0.0,0,94931.0
0,1,44,1,0,0,0,0,0,0,0,0,0,0,0,0,0,0,0,0,0,0,130,10,0.0,0.0,1.0,1.0,0.08,0.06,0.0,255,7,0.03,0.07,0.0,0.0,0.0,0.0,1.0,1.0,1,558.0
0,1,22,9,301,1650,0,0,0,0,0,1,0,0,0,0,0,0,0,0,0,0,5,36,0.0,0.0,0.0,0.0,1.0,0.0,0.14,35,255,1.0,0.0,0.03,0.03,0.0,0.0,0.0,0.0,0,102997.0
0,1,22,9,217,720,0,0,0,0,0,1,0,0,0,0,0,0,0,0,0,0,3,3,0.0,0.0,0.0,0.0,1.0,0.0,0.0,77,255,1.0,0.0,0.01,0.05,0.0,0.0,0.0,0.0,0,63342.0
0,1,19,9,334,0,0,0,0,0,0,1,0,0,0,0,0,0,0,0,0,0,1,1,0.0,0.0,0.0,0.0,1.0,0.0,0.0,3,43,1.0,0.0,1.0,0.07,0.0,0.0,0.0,0.0,1,24358.0
0,1,22,9,306,7947,0,0,0,0,0,1,0,0,0,0,0,0,0,0,0,0,19,20,0.0,0.0,0.0,0.0,1.0,0.0,0.1,19,255,1.0,0.0,0.05,0.05,0.0,0.0,0.0,0.0,0,102196.0
0,1,22,9,276,383,0,0,0,0,0,1,0,0,0,0,0,0,0,0,0,0,11,11,0.0,0.0,0.0,0.0,1.0,0.0,0.0,26,255,1.0,0.0,0.04,0.03,0.0,0.0,0.0,0.0,0,59505.0
0,1,22,9,270,30647,0,0,0,0,0,1,0,0,0,0,0,0,0,0,0,0,17,17,0.0,0.0,0.0,0.0,1.0,0.0,0.0,17,255,1.0,0.0,0.06,0.08,0.0,0.0,0.0,0.0,0,79631.0
0,1,22,9,304,981,0,0,0,0,0,1,0,0,0,0,0,0,0,0,0,0,3,18,0.0,0.0,0.0,0.0,1.0,0.0,0.28,29,255,1.0,0.0,0.03,0.06,0.0,0.0,0.0,0.0,0,69771.0
0,1,22,9,353,12874,0,0,0,0,0,1,0,0,0,0,0,0,0,0,0,0,9,9,0.0,0.0,0.0,0.0,1.0,0.0,0.0,104,255,1.0,0.0,0.01,0.02,0.0,0.0,0.0,0.0,0,36836.0
0,1,22,9,297,1116,0,0,0,0,0,1,0,0,0,0,0,0,0,0,0,0,7,9,0.14,0.11,0.0,0.0,1.0,0.0,0.33,7,252,1.0,0.0,0.14,0.08,0.14,0.01,0.0,0.0,0,122207.0
0,1,19,9,59,0,0,0,0,0,0,0,0,0,0,0,0,0,0,0,0,0,10,10,0.0,0.0,0.0,0.0,1.0,0.0,0.0,31,44,0.52,0.06,0.52,0.07,0.0,0.0,0.0,0.0,0,22412.0
0,1,20,5,0,0,0,0,0,0,0,0,0,0,0,0,0,0,0,0,0,0,237,6,1.0,1.0,0.0,0.0,0.03,0.06,0.0,255,6,0.02,0.06,0.0,0.0,1.0,1.0,0.0,0.0,1,71268.0
0,2,11,9,43,129,0,0,0,0,0,0,0,0,0,0,0,0,0,0,0,0,309,309,0.0,0.0,0.0,0.0,1.0,0.0,0.0,255,254,1.0,0.01,0.0,0.0,0.0,0.0,0.0,0.0,0,11052.0
0,1,22,9,324,1951,0,0,0,0,0,1,0,0,0,0,0,0,0,0,0,0,4,4,0.0,0.0,0.0,0.0,1.0,0.0,0.0,4,255,1.0,0.0,0.25,0.16,0.0,0.0,0.0,0.96,0,28596.0
0,1,22,9,237,706,0,0,0,0,0,1,0,0,0,0,0,0,0,0,0,0,21,27,0.0,0.0,0.0,0.0,1.0,0.0,0.11,107,255,1.0,0.0,0.01,0.02,0.0,0.0,0.0,0.0,0,105046.0
0,1,22,9,222,2460,0,0,0,0,0,1,0,0,0,0,0,0,0,0,0,0,12,15,0.0,0.0,0.0,0.0,1.0,0.0,0.2,34,255,1.0,0.0,0.03,0.05,0.0,0.0,0.0,0.0,0,39225.0
10326,2,40,9,146,105,0,0,0,0,0,0,0,0,0,0,0,0,0,0,0,0,5,2,0.0,0.0,0.0,0.0,0.4,0.6,0.0,255,2,0.01,0.85,1.0,0.0,0.0,0.0,0.0,0.0,0,533.0
0,1,53,5,0,0,0,0,0,0,0,0,0,0,0,0,0,0,0,0,0,0,109,13,1.0,1.0,0.0,0.0,0.12,0.06,0.0,255,13,0.05,0.05,0.0,0.0,1.0,1.0,0.0,0.0,1,102511.0
0,1,22,9,281,764,0,0,0,0,0,1,0,0,0,0,0,0,0,0,0,0,1,8,0.0,0.0,0.0,0.0,1.0,0.0,0.25,108,255,1.0,0.0,0.01,0.02,0.0,0.0,0.0,0.0,0,102147.0
0,1,44,1,0,0,0,0,0,0,0,0,0,0,0,0,0,0,0,0,0,0,339,1,0.03,0.0,0.96,1.0,0.0,1.0,0.0,255,1,0.0,1.0,0.0,0.0,0.03,0.0,0.97,1.0,1,43193.0
0,1,22,9,188,1274,0,0,0,0,0,1,0,0,0,0,0,0,0,0,0,0,12,16,0.0,0.0,0.0,0.0,1.0,0.0,0.12,255,255,1.0,0.0,0.0,0.0,0.0,0.0,0.0,0.0,0,21367.0
0,1,27,5,0,0,0,0,0,0,0,0,0,0,0,0,0,0,0,0,0,0,120,10,1.0,1.0,0.0,0.0,0.08,0.06,0.0,255,10,0.04,0.05,0.0,0.0,1.0,1.0,0.0,0.0,1,18200.0
0,1,22,9,223,3555,0,0,0,0,0,1,0,0,0,0,0,0,0,0,0,0,2,10,0.0,0.0,0.0,0.0,1.0,0.0,0.2,9,255,1.0,0.0,0.11,0.04,0.0,0.0,0.0,0.0,0,51069.0
0,1,22,9,348,255,0,0,0,0,0,1,0,0,0,0,0,0,0,0,0,0,32,32,0.0,0.0,0.0,0.0,1.0,0.0,0.0,255,255,1.0,0.0,0.0,0.0,0.0,0.0,0.0,0.0,0,84193.0
12,1,22,9,321,181,0,0,0,0,0,1,0,0,0,0,0,0,0,0,0,0,2,3,0.0,0.0,0.0,0.0,1.0,0.0,0.67,21,255,1.0,0.0,0.05,0.04,0.0,0.0,0.0,0.0,0,99979.0
0,1,49,5,0,0,0,0,0,0,0,0,0,0,0,0,0,0,0,0,0,0,14,14,1.0,1.0,0.0,0.0,1.0,0.0,0.0,116,136,0.47,0.02,0.01,0.01,0.98,0.4,0.0,0.0,1,29800.0
0,0,13,9,30,0,0,0,0,0,0,0,0,0,0,0,0,0,0,0,0,0,2,1,0.0,0.0,0.0,0.0,0.5,1.0,0.0,255,8,0.03,0.01,0.13,0.0,0.0,0.0,0.0,0.0,0,43509.0
0,1,22,9,257,11878,0,0,0,0,0,1,0,0,0,0,0,0,0,0,0,0,1,1,0.0,0.0,0.0,0.0,1.0,0.0,0.0,163,255,1.0,0.0,0.01,0.05,0.0,0.0,0.53,0.66,0,63358.0
0,1,44,5,0,0,0,0,0,0,0,0,0,0,0,0,0,0,0,0,0,0,147,17,1.0,1.0,0.0,0.0,0.12,0.06,0.0,255,28,0.11,0.06,0.0,0.0,1.0,1.0,0.0,0.0,1,7627.0
0,1,4,5,0,0,0,0,0,0,0,0,0,0,0,0,0,0,0,0,0,0,255,8,1.0,1.0,0.0,0.0,0.03,0.07,0.0,255,8,0.03,0.07,0.0,0.0,1.0,1.0,0.0,0.0,1,104842.0
0,1,2,1,0,0,0,0,0,0,0,0,0,0,0,0,0,0,0,0,0,0,271,8,0.0,0.0,1.0,1.0,0.03,0.06,0.0,255,8,0.03,0.07,0.0,0.0,0.0,0.0,1.0,1.0,1,12675.0
0,1,49,9,886,365,0,0,0,0,0,1,0,0,0,0,0,0,0,0,0,0,1,1,0.0,0.0,0.0,0.0,1.0,0.0,0.0,19,148,0.79,0.21,0.05,0.01,0.0,0.0,0.0,0.0,0,87451.0
0,1,22,9,226,32424,0,0,0,0,0,1,0,0,0,0,0,0,0,0,0,0,4,4,0.0,0.0,0.0,0.0,1.0,0.0,0.0,255,255,1.0,0.0,0.0,0.0,0.0,0.0,0.04,0.04,0,115355.0
0,1,16,5,0,0,0,0,0,0,0,0,0,0,0,0,0,0,0,0,0,0,146,9,1.0,1.0,0.0,0.0,0.06,0.05,0.0,255,8,0.03,0.07,0.0,0.0,1.0,1.0,0.0,0.0,1,17093.0
2,1,19,9,2194619,0,0,0,0,0,0,1,0,0,0,0,0,0,0,0,0,0,2,2,0.0,0.0,0.0,0.0,1.0,0.0,0.0,128,56,0.42,0.04,0.42,0.04,0.0,0.0,0.0,0.0,0,65437.0
0,1,53,5,0,0,0,0,0,0,0,0,0,0,0,0,0,0,0,0,0,0,99,1,1.0,1.0,0.0,0.0,0.01,0.09,0.0,255,1,0.0,0.08,0.0,0.0,1.0,1.0,0.0,0.0,1,3675.0
0,1,22,9,347,310,0,0,0,0,0,1,0,0,0,0,0,0,0,0,0,0,11,11,0.0,0.0,0.0,0.0,1.0,0.0,0.0,255,255,1.0,0.0,0.0,0.0,0.0,0.0,0.01,0.01,0,67168.0
0,1,22,9,218,25799,0,0,0,0,0,1,0,0,0,0,0,0,0,0,0,0,14,16,0.0,0.0,0.0,0.0,1.0,0.0,0.12,15,230,1.0,0.0,0.07,0.08,0.0,0.01,0.0,0.0,0,59797.0
0,1,22,9,225,770,0,0,0,0,0,1,0,0,0,0,0,0,0,0,0,0,5,13,0.0,0.0,0.0,0.0,1.0,0.0,0.31,255,255,1.0,0.0,0.0,0.0,0.0,0.0,0.0,0.0,0,8599.0
0,1,24,5,0,0,0,0,0,0,0,0,0,0,0,0,0,0,0,0,0,0,288,15,1.0,1.0,0.0,0.0,0.05,0.06,0.0,255,15,0.06,0.06,0.0,0.0,1.0,1.0,0.0,0.0,1,88912.0
0,1,22,9,289,658,0,0,0,0,0,1,0,0,0,0,0,0,0,0,0,0,3,3,0.0,0.0,0.0,0.0,1.0,0.0,0.0,255,255,1.0,0.0,0.0,0.0,0.0,0.0,0.0,0.0,0,124282.0
0,1,44,5,0,0,0,0,0,0,0,0,0,0,0,0,0,0,0,0,0,0,287,15,1.0,1.0,0.0,0.0,0.05,0.06,0.0,255,14,0.05,0.09,0.0,0.0,1.0,1.0,0.0,0.0,1,32406.0
1,1,9,4,0,0,0,0,0,0,0,0,0,0,0,0,0,0,0,0,0,0,166,2,0.13,0.0,0.87,1.0,0.01,0.58,0.0,255,2,0.01,0.38,0.65,0.0,0.08,0.0,0.57,1.0,1,122264.0
0,1,22,9,297,260,0,0,0,0,0,1,0,0,0,0,0,0,0,0,0,0,11,26,0.0,0.0,0.0,0.0,1.0,0.0,0.08,51,255,1.0,0.0,0.02,0.06,0.0,0.0,0.0,0.0,0,14483.0
0,0,13,9,8,0,0,0,0,0,0,0,0,0,0,0,0,0,0,0,0,0,1,45,0.0,0.0,0.0,0.0,1.0,0.0,1.0,2,255,1.0,0.0,1.0,0.5,0.0,0.0,0.0,0.0,1,79967.0
0,1,22,9,217,2769,0,0,0,0,0,1,0,0,0,0,0,0,0,0,0,0,5,21,0.0,0.0,0.0,0.0,1.0,0.0,0.29,103,255,1.0,0.0,0.01,0.03,0.0,0.0,0.01,0.0,0,25405.0
0,1,22,1,0,0,0,0,0,0,0,0,0,0,0,0,0,0,0,0,0,0,1,1,0.0,0.0,1.0,1.0,1.0,0.0,0.0,79,233,1.0,0.0,0.01,0.11,0.0,0.0,0.78,0.85,0,94698.0
0,2,11,9,43,130,0,0,0,0,0,0,0,0,0,0,0,0,0,0,0,0,195,272,0.0,0.0,0.0,0.0,0.99,0.01,0.01,197,158,0.8,0.02,0.01,0.0,0.0,0.0,0.0,0.0,0,91866.0
0,1,5,5,0,0,0,0,0,0,0,0,0,0,0,0,0,0,0,0,0,0,111,9,1.0,1.0,0.0,0.0,0.08,0.06,0.0,255,9,0.04,0.05,0.0,0.0,1.0,1.0,0.0,0.0,1,23897.0
0,0,14,9,1032,0,0,0,0,0,0,0,0,0,0,0,0,0,0,0,0,0,511,511,0.0,0.0,0.0,0.0,1.0,0.0,0.0,255,39,0.15,0.07,0.15,0.0,0.07,0.0,0.0,0.0,1,86152.0
0,1,22,5,0,0,0,0,0,0,0,0,0,0,0,0,0,0,0,0,0,0,59,18,1.0,1.0,0.0,0.0,0.31,0.07,0.0,255,62,0.24,0.02,0.01,0.0,1.0,1.0,0.0,0.0,1,57607.0
7774,2,40,9,147,105,0,0,0,0,0,0,0,0,0,0,0,0,0,0,0,0,1,1,0.0,0.0,0.0,0.0,1.0,0.0,0.0,255,1,0.0,0.85,1.0,0.0,0.0,0.0,0.0,0.0,0,105823.0
0,1,22,1,0,0,0,0,0,0,0,0,0,0,0,0,0,0,0,0,0,0,19,19,0.0,0.0,0.84,0.84,1.0,0.0,0.0,37,123,1.0,0.0,0.03,0.15,0.0,0.01,0.92,0.86,0,41024.0
0,0,13,9,8,0,0,0,0,0,0,0,0,0,0,0,0,0,0,0,0,0,1,48,0.0,0.0,0.0,0.0,1.0,0.0,1.0,2,106,1.0,0.0,1.0,0.5,0.0,0.0,0.0,0.0,1,11231.0
0,1,4,5,0,0,0,0,0,0,0,0,0,0,0,0,0,0,0,0,0,0,148,6,1.0,1.0,0.0,0.0,0.04,0.07,0.0,255,6,0.02,0.07,0.0,0.0,1.0,1.0,0.0,0.0,1,102672.0
0,1,22,4,54540,7300,0,0,0,1,0,1,0,0,0,0,0,0,0,0,0,0,3,3,0.0,0.0,0.33,0.33,1.0,0.0,0.0,196,196,1.0,0.0,0.01,0.0,0.0,0.0,0.06,0.06,1,120186.0
0,1,62,5,0,0,0,0,0,0,0,0,0,0,0,0,0,0,0,0,0,0,143,10,1.0,1.0,0.0,0.0,0.07,0.08,0.0,255,10,0.04,0.07,0.0,0.0,1.0,1.0,0.0,0.0,1,23203.0
0,1,22,9,236,3106,0,0,0,0,0,1,0,0,0,0,0,0,0,0,0,0,2,2,0.0,0.0,0.0,0.0,1.0,0.0,0.0,198,255,1.0,0.0,0.01,0.02,0.0,0.0,0.0,0.0,0,53639.0
0,1,19,9,7940,0,0,0,0,0,0,1,0,0,0,0,2,0,0,0,0,0,1,1,0.0,0.0,0.0,0.0,1.0,0.0,0.0,255,29,0.11,0.05,0.11,0.0,0.49,0.0,0.02,0.0,0,110333.0
0,2,40,9,147,0,0,0,0,0,0,0,0,0,0,0,0,0,0,0,0,0,3,1,0.0,0.0,0.0,0.0,0.33,0.67,0.0,255,1,0.0,0.51,0.92,0.0,0.0,0.0,0.0,0.0,0,122607.0
0,1,22,9,201,546,0,0,0,0,0,1,0,0,0,0,0,0,0,0,0,0,23,47,0.0,0.0,0.0,0.0,1.0,0.0,0.09,255,255,1.0,0.0,0.0,0.0,0.0,0.0,0.0,0.0,0,112618.0
0,1,22,9,240,1087,0,0,0,0,0,1,0,0,0,0,0,0,0,0,0,0,15,16,0.0,0.0,0.0,0.0,1.0,0.0,0.12,255,255,1.0,0.0,0.0,0.0,0.0,0.0,0.0,0.0,0,118774.0
0,1,22,9,205,1003,0,0,0,0,0,1,0,0,0,0,0,0,0,0,0,0,5,8,0.0,0.0,0.0,0.0,1.0,0.0,0.38,15,255,1.0,0.0,0.07,0.09,0.0,0.0,0.0,0.0,0,32152.0
1,1,49,9,967,323,0,0,0,0,0,1,0,0,0,0,0,0,0,0,0,0,1,2,0.0,0.0,0.0,0.0,1.0,0.0,1.0,75,139,0.64,0.05,0.01,0.02,0.0,0.01,0.03,0.04,0,51479.0
0,1,22,9,204,1395,0,0,0,0,0,1,0,0,0,0,0,0,0,0,0,0,10,11,0.0,0.0,0.0,0.0,1.0,0.0,0.18,71,255,1.0,0.0,0.01,0.03,0.01,0.0,0.0,0.0,0,65580.0
0,1,44,5,0,0,0,0,0,0,0,0,0,0,0,0,0,0,0,0,0,0,178,17,1.0,1.0,0.0,0.0,0.1,0.06,0.0,255,6,0.02,0.09,0.0,0.0,1.0,1.0,0.0,0.0,1,67513.0
0,1,22,9,234,3248,0,0,0,0,0,1,0,0,0,0,0,0,0,0,0,0,6,6,0.0,0.0,0.0,0.0,1.0,0.0,0.0,255,255,1.0,0.0,0.01,0.0,0.0,0.0,0.0,0.0,0,93356.0
1429,2,40,9,146,105,0,0,0,0,0,0,0,0,0,0,0,0,0,0,0,0,1,1,0.0,0.0,0.0,0.0,1.0,0.0,0.0,255,3,0.01,0.71,0.97,0.0,0.0,0.0,0.0,0.0,0,54797.0
0,1,49,9,1715,328,0,0,0,0,0,1,0,0,0,0,0,0,0,0,0,0,1,1,0.0,0.0,0.0,0.0,1.0,0.0,0.0,124,66,0.53,0.03,0.01,0.0,0.0,0.0,0.0,0.0,0,51034.0
0,0,13,9,18,0,0,0,0,0,0,0,0,0,0,0,0,0,0,0,0,0,1,1,0.0,0.0,0.0,0.0,1.0,0.0,0.0,1,217,1.0,0.0,1.0,1.0,0.0,0.0,0.0,0.0,1,85489.0
0,0,14,9,1032,0,0,0,0,0,0,0,0,0,0,0,0,0,0,0,0,0,511,511,0.0,0.0,0.0,0.0,1.0,0.0,0.0,255,175,0.69,0.02,0.69,0.0,0.0,0.0,0.0,0.0,1,5905.0
0,2,44,9,105,146,0,0,0,0,0,0,0,0,0,0,0,0,0,0,0,0,5,1,0.0,0.0,0.0,0.0,0.2,0.4,0.0,255,242,0.95,0.01,0.0,0.0,0.0,0.0,0.0,0.0,0,70926.0
0,1,19,9,252,0,0,0,0,0,0,0,0,0,0,0,0,0,0,0,0,0,2,2,0.0,0.0,0.0,0.0,1.0,0.0,0.0,149,58,0.27,0.05,0.21,0.03,0.0,0.0,0.01,0.0,0,6051.0
0,1,22,9,233,1114,0,0,0,0,0,1,0,0,0,0,0,0,0,0,0,0,3,3,0.0,0.0,0.0,0.0,1.0,0.0,0.0,7,255,1.0,0.0,0.14,0.03,0.0,0.0,0.0,0.0,0,70687.0
0,1,49,5,0,0,0,0,0,0,0,0,0,0,0,0,0,0,0,0,0,0,17,17,1.0,1.0,0.0,0.0,1.0,0.0,0.0,199,144,0.49,0.01,0.01,0.01,0.99,0.67,0.0,0.0,1,114855.0
0,2,11,9,45,74,0,0,0,0,0,0,0,0,0,0,0,0,0,0,0,0,67,146,0.0,0.0,0.0,0.0,1.0,0.0,0.01,255,254,1.0,0.01,0.0,0.0,0.0,0.0,0.0,0.0,0,98786.0
0,1,44,5,0,0,0,0,0,0,0,0,0,0,0,0,0,0,0,0,0,0,69,7,1.0,1.0,0.0,0.0,0.1,0.07,0.0,249,7,0.03,0.06,0.0,0.0,1.0,1.0,0.0,0.0,1,58835.0
0,1,44,5,0,0,0,0,0,0,0,0,0,0,0,0,0,0,0,0,0,0,130,15,1.0,1.0,0.0,0.0,0.12,0.05,0.0,255,2,0.01,0.07,0.0,0.0,1.0,1.0,0.0,0.0,1,100205.0
0,1,44,5,0,0,0,0,0,0,0,0,0,0,0,0,0,0,0,0,0,0,104,22,1.0,1.0,0.0,0.0,0.21,0.06,0.0,255,22,0.09,0.05,0.0,0.0,1.0,1.0,0.0,0.0,1,94751.0
0,1,22,9,214,294,0,0,0,0,0,1,0,0,0,0,0,0,0,0,0,0,15,15,0.0,0.0,0.0,0.0,1.0,0.0,0.0,21,255,1.0,0.0,0.05,0.09,0.0,0.0,0.29,0.87,0,78462.0
0,1,22,9,463,296,0,0,0,0,0,1,0,0,0,0,0,0,0,0,0,0,9,9,0.0,0.0,0.0,0.0,1.0,0.0,0.0,255,255,1.0,0.0,0.0,0.0,0.0,0.0,0.0,0.0,0,101502.0
0,1,9,5,0,0,0,0,0,0,0,0,0,0,0,0,0,0,0,0,0,0,134,13,1.0,1.0,0.0,0.0,0.1,0.04,0.0,255,4,0.02,0.05,0.0,0.0,1.0,1.0,0.0,0.0,1,102303.0
0,1,49,9,684,329,0,0,0,0,0,1,0,0,0,0,0,0,0,0,0,0,1,1,0.0,0.0,0.0,0.0,1.0,0.0,0.0,147,144,0.47,0.04,0.01,0.01,0.0,0.0,0.01,0.0,0,55436.0
0,1,22,9,211,2058,0,0,0,0,0,1,0,0,0,0,0,0,0,0,0,0,11,12,0.0,0.0,0.0,0.0,1.0,0.0,0.17,93,255,1.0,0.0,0.01,0.01,0.0,0.0,0.01,0.0,0,31757.0
16655,2,40,9,145,105,0,0,0,0,0,0,0,0,0,0,0,0,0,0,0,0,1,1,0.0,0.0,0.0,0.0,1.0,0.0,0.0,255,2,0.01,0.6,0.96,0.0,0.0,0.0,0.0,0.0,0,35447.0
0,1,44,5,0,0,0,0,0,0,0,0,0,0,0,0,0,0,0,0,0,0,221,4,1.0,1.0,0.0,0.0,0.02,0.06,0.0,255,2,0.01,0.08,0.0,0.0,1.0,1.0,0.0,0.0,1,65202.0
0,1,22,9,227,1797,0,0,0,0,0,1,0,0,0,0,0,0,0,0,0,0,16,21,0.0,0.0,0.0,0.0,1.0,0.0,0.1,41,44,1.0,0.0,0.02,0.05,0.02,0.02,0.0,0.0,0,108418.0
0,1,22,9,319,7498,0,0,0,0,0,1,0,0,0,0,0,0,0,0,0,0,1,6,0.0,0.0,0.0,0.0,1.0,0.0,0.33,9,255,1.0,0.0,0.11,0.04,0.0,0.01,0.0,0.0,0,86442.0
0,0,13,9,8,0,0,0,0,0,0,0,0,0,0,0,0,0,0,0,0,0,1,9,0.0,0.0,0.0,0.0,1.0,0.0,1.0,3,41,1.0,0.0,1.0,0.27,0.0,0.0,0.0,0.0,1,80909.0
0,0,13,9,18,0,0,0,0,0,0,0,0,0,0,0,0,0,0,0,0,0,1,1,0.0,0.0,0.0,0.0,1.0,0.0,0.0,1,37,1.0,0.0,1.0,1.0,0.0,0.0,0.0,0.0,1,21223.0
0,1,19,9,334,0,0,0,0,0,0,1,0,0,0,0,0,0,0,0,0,0,2,2,0.0,0.0,0.0,0.0,1.0,0.0,0.0,5,5,1.0,0.0,1.0,0.0,0.0,0.0,0.0,0.0,1,110755.0
0,1,44,5,0,0,0,0,0,0,0,0,0,0,0,0,0,0,0,0,0,0,116,11,1.0,1.0,0.0,0.0,0.09,0.07,0.0,18,11,0.61,0.17,0.06,0.0,1.0,1.0,0.0,0.0,1,69534.0
0,1,53,5,0,0,0,0,0,0,0,0,0,0,0,0,0,0,0,0,0,0,124,18,1.0,1.0,0.0,0.0,0.15,0.06,0.0,255,18,0.07,0.07,0.0,0.0,1.0,1.0,0.0,0.0,1,119950.0
0,2,11,9,43,43,0,0,0,0,0,0,0,0,0,0,0,0,0,0,0,0,122,122,0.0,0.0,0.0,0.0,1.0,0.0,0.0,255,255,1.0,0.0,0.0,0.0,0.0,0.0,0.0,0.0,0,14489.0
0,1,22,9,336,897,0,0,0,0,0,1,0,0,0,0,0,0,0,0,0,0,14,19,0.0,0.0,0.0,0.0,1.0,0.0,0.11,36,255,1.0,0.0,0.03,0.01,0.0,0.0,0.0,0.0,0,36747.0
0,1,24,5,0,0,0,0,0,0,0,0,0,0,0,0,0,0,0,0,0,0,139,7,1.0,1.0,0.0,0.0,0.05,0.06,0.0,255,5,0.02,0.06,0.0,0.0,1.0,1.0,0.0,0.0,1,91008.0
0,2,40,9,1,0,0,0,0,0,0,0,0,0,0,0,0,0,0,0,0,0,12,2,0.0,0.0,0.0,0.0,0.17,0.58,0.0,255,2,0.01,0.19,0.55,0.0,0.0,0.0,0.39,0.0,1,34868.0
0,1,22,9,300,253,0,0,0,0,0,1,0,0,0,0,0,0,0,0,0,0,7,7,0.0,0.0,0.0,0.0,1.0,0.0,0.0,255,255,1.0,0.0,0.0,0.0,0.0,0.0,0.0,0.0,0,59792.0
0,1,17,5,0,0,0,0,0,0,0,0,0,0,0,0,0,0,0,0,0,0,149,15,1.0,1.0,0.0,0.0,0.1,0.06,0.0,255,15,0.06,0.06,0.0,0.0,1.0,1.0,0.0,0.0,1,38287.0
0,1,22,9,308,5989,0,0,0,0,0,1,0,0,0,0,0,0,0,0,0,0,11,11,0.0,0.0,0.0,0.0,1.0,0.0,0.0,255,255,1.0,0.0,0.0,0.0,0.0,0.0,0.0,0.0,0,101806.0
0,2,11,9,125,0,0,0,0,0,0,0,0,0,0,0,0,0,0,0,0,0,2,2,0.0,0.0,0.0,0.0,1.0,0.0,0.0,23,17,0.74,0.09,0.65,0.0,0.0,0.0,0.0,0.0,0,82956.0
0,1,52,5,0,0,0,0,0,0,0,0,0,0,0,0,0,0,0,0,0,0,134,5,1.0,1.0,0.0,0.0,0.04,0.06,0.0,255,5,0.02,0.06,0.0,0.0,1.0,1.0,0.0,0.0,1,6403.0
0,1,16,5,0,0,0,0,0,0,0,0,0,0,0,0,0,0,0,0,0,0,147,23,1.0,1.0,0.0,0.0,0.16,0.05,0.0,255,23,0.09,0.05,0.0,0.0,1.0,1.0,0.0,0.0,1,66111.0
0,1,44,10,0,0,0,0,0,0,0,0,0,0,0,0,0,0,0,0,0,0,1,1,1.0,1.0,0.0,0.0,1.0,0.0,0.0,116,1,0.01,0.91,0.93,0.0,0.93,1.0,0.0,0.0,1,8618.0
0,1,22,5,0,0,0,0,0,0,0,0,0,0,0,0,0,0,0,0,0,0,75,19,1.0,1.0,0.0,0.0,0.25,0.05,0.0,255,58,0.23,0.02,0.02,0.0,1.0,1.0,0.0,0.0,1,73486.0
0,0,13,9,30,0,0,0,0,0,0,0,0,0,0,0,0,0,0,0,0,0,1,1,0.0,0.0,0.0,0.0,1.0,0.0,0.0,122,122,1.0,0.0,1.0,0.0,0.0,0.0,0.0,0.0,0,36910.0
0,1,9,5,0,0,0,0,0,0,0,0,0,0,0,0,0,0,0,0,0,0,265,15,1.0,1.0,0.0,0.0,0.06,0.06,0.0,255,10,0.04,0.05,0.0,0.0,1.0,1.0,0.0,0.0,1,50955.0
0,1,44,5,0,0,0,0,0,0,0,0,0,0,0,0,0,0,0,0,0,0,249,10,1.0,1.0,0.0,0.0,0.04,0.06,0.0,255,10,0.04,0.08,0.0,0.0,1.0,1.0,0.0,0.0,1,125104.0
0,1,22,9,223,403,0,0,0,0,0,1,0,0,0,0,0,0,0,0,0,0,21,21,0.0,0.0,0.0,0.0,1.0,0.0,0.0,255,255,1.0,0.0,0.0,0.0,0.0,0.0,0.0,0.0,0,93474.0
0,1,59,5,0,0,0,0,0,0,0,0,0,0,0,0,0,0,0,0,0,0,22,12,1.0,1.0,0.0,0.0,0.55,0.14,0.0,255,12,0.05,0.07,0.0,0.0,1.0,1.0,0.0,0.0,1,49332.0
0,0,14,9,520,0,0,0,0,0,0,0,0,0,0,0,0,0,0,0,0,0,481,481,0.0,0.0,0.0,0.0,1.0,0.0,0.0,81,81,1.0,0.0,1.0,0.0,0.0,0.0,0.0,0.0,1,9510.0
0,1,44,5,0,0,0,0,0,0,0,0,0,0,0,0,0,0,0,0,0,0,135,10,1.0,1.0,0.0,0.0,0.07,0.06,0.0,255,4,0.02,0.06,0.0,0.0,1.0,1.0,0.0,0.0,1,22559.0
0,1,22,9,183,5465,0,0,0,0,0,1,0,0,0,0,0,0,0,0,0,0,1,1,0.0,0.0,0.0,0.0,1.0,0.0,0.0,13,255,1.0,0.0,0.08,0.07,0.0,0.01,0.0,0.0,0,56093.0
1545,2,40,9,147,105,0,0,0,0,0,0,0,0,0,0,0,0,0,0,0,0,1,1,0.0,0.0,0.0,0.0,1.0,0.0,0.0,255,1,0.0,0.6,0.95,0.0,0.0,0.0,0.0,0.0,0,102426.0
0,1,33,1,0,0,0,0,0,0,0,0,0,0,0,0,0,0,0,0,0,0,235,4,0.0,0.0,1.0,1.0,0.02,0.07,0.0,255,4,0.02,0.07,0.0,0.0,0.0,0.0,1.0,1.0,1,15647.0
0,1,22,9,212,808,0,0,0,0,0,1,0,0,0,0,0,0,0,0,0,0,9,10,0.0,0.0,0.0,0.0,1.0,0.0,0.2,36,255,1.0,0.0,0.03,0.04,0.0,0.0,0.0,0.0,0,87900.0
0,1,22,9,212,703,0,0,0,0,0,1,0,0,0,0,0,0,0,0,0,0,5,5,0.2,0.2,0.0,0.0,1.0,0.0,0.0,255,255,1.0,0.0,0.0,0.0,0.01,0.01,0.0,0.0,0,39757.0
0,1,42,5,0,0,0,0,0,0,0,0,0,0,0,0,0,0,0,0,0,0,229,13,1.0,1.0,0.0,0.0,0.06,0.06,0.0,255,8,0.03,0.07,0.0,0.0,1.0,1.0,0.0,0.0,1,17994.0
0,1,19,9,334,0,0,0,0,0,0,1,0,0,0,0,0,0,0,0,0,0,1,1,0.0,0.0,0.0,0.0,1.0,0.0,0.0,6,43,1.0,0.0,1.0,0.07,0.0,0.02,0.0,0.0,1,101572.0
0,1,50,5,0,0,0,0,0,0,0,0,0,0,0,0,0,0,0,0,0,0,107,7,1.0,1.0,0.0,0.0,0.07,0.07,0.0,255,7,0.03,0.07,0.0,0.0,1.0,1.0,0.0,0.0,1,112779.0
0,1,22,9,207,60990,0,0,0,0,0,1,0,0,0,0,0,0,0,0,0,0,1,1,0.0,0.0,0.0,0.0,1.0,0.0,0.0,255,255,1.0,0.0,0.0,0.0,0.01,0.01,0.0,0.0,0,105990.0
0,1,22,9,54540,8314,0,0,0,2,0,1,1,0,0,0,0,0,0,0,0,0,3,3,0.0,0.0,0.0,0.0,1.0,0.0,0.0,90,90,1.0,0.0,0.01,0.0,0.01,0.01,0.01,0.01,1,21407.0
0,1,22,9,212,18008,0,0,0,0,0,1,0,0,0,0,0,0,0,0,0,0,2,2,0.0,0.0,0.0,0.0,1.0,0.0,0.0,2,2,1.0,0.0,0.5,0.0,0.0,0.0,0.0,0.0,0,39589.0
3,1,49,9,1529,370,0,0,0,0,0,1,0,0,0,0,0,0,0,0,0,0,1,1,0.0,0.0,0.0,0.0,1.0,0.0,0.0,83,147,0.88,0.04,0.01,0.01,0.0,0.0,0.0,0.0,0,115235.0
0,1,44,5,0,0,0,0,0,0,0,0,0,0,0,0,0,0,0,0,0,0,111,5,1.0,1.0,0.0,0.0,0.05,0.06,0.0,255,35,0.14,0.05,0.0,0.0,1.0,1.0,0.0,0.0,1,71994.0
0,1,19,9,4539,0,0,0,0,0,0,0,0,0,0,0,0,0,0,0,0,0,20,20,0.0,0.0,0.0,0.0,1.0,0.0,0.0,205,96,0.47,0.03,0.47,0.0,0.0,0.0,0.0,0.0,0,14591.0
0,1,44,5,0,0,0,0,0,0,0,0,0,0,0,0,0,0,0,0,0,0,214,16,1.0,1.0,0.0,0.0,0.07,0.06,0.0,255,16,0.06,0.08,0.0,0.0,1.0,1.0,0.0,0.0,1,51933.0
0,1,22,9,229,695,0,0,0,0,0,1,0,0,0,0,0,0,0,0,0,0,10,10,0.0,0.0,0.0,0.0,1.0,0.0,0.0,140,255,1.0,0.0,0.01,0.01,0.0,0.0,0.0,0.0,0,2438.0
0,1,9,5,0,0,0,0,0,0,0,0,0,0,0,0,0,0,0,0,0,0,276,18,1.0,1.0,0.0,0.0,0.07,0.06,0.0,255,3,0.01,0.07,0.0,0.0,1.0,1.0,0.0,0.0,1,109697.0
0,0,14,9,1032,0,0,0,0,0,0,0,0,0,0,0,0,0,0,0,0,0,511,511,0.0,0.0,0.0,0.0,1.0,0.0,0.0,255,24,0.09,0.25,0.09,0.0,0.0,0.0,0.0,0.0,1,55357.0
0,1,22,5,0,0,0,0,0,0,0,0,0,0,0,0,0,0,0,0,0,0,2,2,0.5,0.5,0.0,0.0,1.0,0.0,0.0,34,211,1.0,0.0,0.06,0.05,0.03,0.0,0.0,0.0,0,16232.0
0,0,58,9,182,0,0,0,0,0,0,0,0,0,0,0,0,0,0,0,0,0,3,1,0.0,0.0,0.0,0.0,0.33,1.0,0.0,255,13,0.05,0.01,0.07,0.0,0.0,0.0,0.0,0.0,0,82964.0
0,1,51,1,0,0,0,0,0,0,0,0,0,0,0,0,0,0,0,0,0,0,126,16,0.0,0.0,1.0,1.0,0.13,0.07,0.0,255,16,0.06,0.07,0.0,0.0,0.0,0.0,1.0,1.0,1,24457.0
0,1,22,1,0,0,0,0,0,0,0,0,0,0,0,0,0,0,0,0,0,0,1,2,0.0,0.0,1.0,1.0,1.0,0.0,1.0,45,251,1.0,0.0,0.02,0.08,0.0,0.0,0.98,0.74,0,4528.0
0,0,58,9,182,0,0,0,0,0,0,0,0,0,0,0,0,0,0,0,0,0,6,6,0.0,0.0,0.0,0.0,1.0,0.0,0.0,255,16,0.06,0.01,0.08,0.0,0.0,0.0,0.0,0.0,0,35370.0
0,2,11,9,44,132,0,0,0,0,0,0,0,0,0,0,0,0,0,0,0,0,75,290,0.0,0.0,0.0,0.0,1.0,0.0,0.01,133,200,0.89,0.02,0.89,0.01,0.0,0.0,0.08,0.0,0,95075.0
0,1,44,5,0,0,0,0,0,0,0,0,0,0,0,0,0,0,0,0,0,0,206,1,1.0,1.0,0.0,0.0,0.0,0.05,0.0,255,1,0.0,0.06,0.0,0.0,1.0,1.0,0.0,0.0,1,62023.0
0,0,14,9,520,0,0,0,0,0,0,0,0,0,0,0,0,0,0,0,0,0,449,449,0.0,0.0,0.0,0.0,1.0,0.0,0.0,171,171,1.0,0.0,1.0,0.0,0.0,0.0,0.0,0.0,1,111354.0
0,1,19,9,567,0,0,0,0,0,0,0,0,0,0,0,0,0,0,0,0,0,2,1,0.0,0.0,0.0,0.0,0.5,1.0,0.0,255,70,0.27,0.03,0.27,0.0,0.0,0.0,0.0,0.0,0,43222.0
0,1,19,9,3468,0,0,0,0,0,0,0,0,0,0,0,0,0,0,0,0,0,23,23,0.0,0.0,0.0,0.0,1.0,0.0,0.0,255,100,0.39,0.02,0.39,0.0,0.0,0.0,0.0,0.0,0,59510.0
0,1,44,1,0,0,0,0,0,0,0,0,0,0,0,0,0,0,0,0,0,0,112,5,0.0,0.0,1.0,1.0,0.04,0.08,0.0,137,5,0.04,0.08,0.01,0.0,0.0,0.0,1.0,1.0,1,1004.0
0,2,39,9,48,48,0,0,0,0,0,0,0,0,0,0,0,0,0,0,0,0,1,1,0.0,0.0,0.0,0.0,1.0,0.0,0.0,12,9,0.75,0.17,0.75,0.0,0.0,0.0,0.0,0.0,0,64122.0
0,1,44,1,0,0,0,0,0,0,0,0,0,0,0,0,0,0,0,0,0,0,121,20,0.0,0.0,1.0,1.0,0.17,0.07,0.0,255,20,0.08,0.06,0.0,0.0,0.0,0.0,1.0,1.0,1,5702.0
1,1,17,9,9,223,0,0,0,0,0,0,0,0,0,0,0,0,0,0,0,0,1,1,0.0,0.0,0.0,0.0,1.0,0.0,0.0,255,14,0.05,0.02,0.0,0.0,0.0,0.07,0.0,0.0,0,125361.0
0,2,11,9,45,114,0,0,0,0,0,0,0,0,0,0,0,0,0,0,0,0,1,2,0.0,0.0,0.0,0.0,1.0,0.0,1.0,255,234,0.92,0.01,0.02,0.0,0.0,0.0,0.02,0.0,0,36960.0
0,1,22,9,225,1364,0,0,0,0,0,1,0,0,0,0,0,0,0,0,0,0,22,22,0.0,0.0,0.0,0.0,1.0,0.0,0.0,23,255,1.0,0.0,0.04,0.01,0.0,0.0,0.04,0.01,0,23588.0
0,1,17,9,8,137,0,0,0,0,0,0,0,0,0,0,0,0,0,0,0,0,2,1,0.0,0.0,0.0,0.0,0.5,1.0,0.0,255,9,0.04,0.02,0.0,0.0,0.0,0.0,0.0,0.0,0,3716.0
0,1,22,9,359,917,0,0,0,0,0,1,0,0,0,0,0,0,0,0,0,0,22,23,0.0,0.0,0.0,0.0,1.0,0.0,0.09,255,255,1.0,0.0,0.0,0.0,0.0,0.0,0.0,0.0,0,51618.0
0,1,7,1,0,0,0,0,0,0,0,0,0,0,0,0,0,0,0,0,0,0,255,9,0.0,0.0,1.0,1.0,0.04,0.07,0.0,255,9,0.04,0.07,0.0,0.0,0.0,0.0,1.0,1.0,1,85347.0
0,1,22,9,222,2826,0,0,0,0,0,1,0,0,0,0,0,0,0,0,0,0,19,19,0.0,0.0,0.0,0.0,1.0,0.0,0.0,19,255,1.0,0.0,0.05,0.02,0.0,0.0,0.0,0.0,0,47383.0
0,1,49,9,3375,451,0,0,0,0,0,1,0,0,0,0,0,0,0,0,0,0,1,2,0.0,0.0,0.0,0.0,1.0,0.0,1.0,255,68,0.27,0.05,0.0,0.0,0.46,0.0,0.02,0.0,0,79398.0
0,1,22,9,220,21953,0,0,0,0,0,1,0,0,0,0,0,0,0,0,0,0,13,13,0.0,0.0,0.0,0.0,1.0,0.0,0.0,243,255,1.0,0.0,0.0,0.01,0.0,0.0,0.0,0.0,0,96149.0
0,1,22,9,337,4982,0,0,0,0,0,1,0,0,0,0,0,0,0,0,0,0,19,19,0.0,0.0,0.0,0.0,1.0,0.0,0.0,152,255,1.0,0.0,0.01,0.02,0.0,0.0,0.0,0.0,0,45997.0
0,1,44,5,0,0,0,0,0,0,0,0,0,0,0,0,0,0,0,0,0,0,187,5,0.99,1.0,0.01,0.0,0.03,0.08,0.0,255,5,0.02,0.08,0.0,0.0,1.0,1.0,0.0,0.0,1,54488.0
0,1,23,5,0,0,0,0,0,0,0,0,0,0,0,0,0,0,0,0,0,0,110,20,1.0,1.0,0.0,0.0,0.18,0.05,0.0,255,12,0.05,0.07,0.0,0.0,1.0,1.0,0.0,0.0,1,115215.0
0,0,14,9,1032,0,0,0,0,0,0,0,0,0,0,0,0,0,0,0,0,0,511,511,0.0,0.0,0.0,0.0,1.0,0.0,0.0,255,186,0.73,0.02,0.73,0.0,0.0,0.0,0.0,0.0,1,63601.0
0,2,44,9,28,0,0,3,0,0,0,0,0,0,0,0,0,0,0,0,0,0,175,75,0.57,0.0,0.0,0.0,0.43,0.04,0.0,255,75,0.29,0.71,0.29,0.0,0.09,0.0,0.62,0.0,1,86871.0
0,1,49,5,0,0,0,0,0,0,0,0,0,0,0,0,0,0,0,0,0,0,220,1,1.0,1.0,0.0,0.0,0.0,0.06,0.0,255,1,0.0,0.07,0.0,0.0,1.0,1.0,0.0,0.0,1,116434.0
0,1,22,9,291,15647,0,0,0,0,0,1,0,0,0,0,0,0,0,0,0,0,12,12,0.0,0.0,0.0,0.0,1.0,0.0,0.0,33,255,1.0,0.0,0.03,0.02,0.0,0.0,0.0,0.0,0,84264.0
0,1,22,9,389,8287,0,0,0,0,0,1,0,0,0,0,0,0,0,0,0,0,13,13,0.0,0.0,0.0,0.0,1.0,0.0,0.0,255,255,1.0,0.0,0.0,0.0,0.0,0.0,0.0,0.0,0,110841.0
28,2,11,9,44,44,0,0,0,0,0,0,0,0,0,0,0,0,0,0,0,0,4,10,0.0,0.0,0.0,0.0,0.5,0.5,0.2,54,52,0.96,0.04,0.02,0.0,0.0,0.0,0.0,0.0,0,26555.0
0,0,58,9,183,0,0,0,0,0,0,0,0,0,0,0,0,0,0,0,0,0,6,5,0.0,0.0,0.0,0.0,0.83,0.33,0.0,255,41,0.16,0.01,0.18,0.0,0.0,0.0,0.0,0.0,0,78339.0
0,1,22,9,211,4046,0,0,0,0,0,1,0,0,0,0,0,0,0,0,0,0,3,3,0.0,0.0,0.0,0.0,1.0,0.0,0.0,40,255,1.0,0.0,0.03,0.03,0.05,0.01,0.0,0.0,0,83585.0
0,1,7,1,0,0,0,0,0,0,0,0,0,0,0,0,0,0,0,0,0,0,271,17,0.0,0.0,1.0,1.0,0.06,0.06,0.0,255,17,0.07,0.07,0.0,0.0,0.0,0.0,1.0,1.0,1,19349.0
0,2,11,9,45,131,0,0,0,0,0,0,0,0,0,0,0,0,0,0,0,0,302,302,0.0,0.0,0.0,0.0,1.0,0.0,0.0,255,254,1.0,0.01,0.0,0.0,0.0,0.0,0.0,0.0,0,42986.0
0,1,22,5,0,0,0,0,0,0,0,0,0,0,0,0,0,0,0,0,0,0,243,26,1.0,0.35,0.0,0.0,0.04,0.07,0.08,255,9,0.04,0.07,0.0,0.0,1.0,1.0,0.0,0.0,1,41813.0
0,2,11,9,44,128,0,0,0,0,0,0,0,0,0,0,0,0,0,0,0,0,192,192,0.0,0.0,0.0,0.0,1.0,0.0,0.0,255,251,0.98,0.01,0.0,0.0,0.0,0.0,0.0,0.0,0,45880.0
0,1,19,9,1214,0,0,0,0,0,0,0,0,0,0,0,0,0,0,0,0,0,14,14,0.0,0.0,0.0,0.0,1.0,0.0,0.0,255,105,0.41,0.03,0.41,0.0,0.0,0.0,0.0,0.0,0,40918.0
0,1,22,9,342,1317,0,0,0,0,0,1,0,0,0,0,0,0,0,0,0,0,9,9,0.0,0.0,0.0,0.0,1.0,0.0,0.0,255,255,1.0,0.0,0.0,0.0,0.0,0.0,0.0,0.0,0,58873.0
0,1,22,9,351,2280,0,0,0,0,0,1,0,0,0,0,0,0,0,0,0,0,13,21,0.0,0.0,0.0,0.0,1.0,0.0,0.24,45,250,1.0,0.0,0.02,0.12,0.0,0.0,0.29,0.44,0,111109.0
0,1,60,5,0,0,0,0,0,0,0,0,0,0,0,0,0,0,0,0,0,0,228,4,1.0,1.0,0.0,0.0,0.02,0.07,0.0,255,7,0.03,0.07,0.0,0.0,1.0,1.0,0.0,0.0,1,21858.0
2729,2,40,9,145,105,0,0,0,0,0,0,0,0,0,0,0,0,0,0,0,0,1,1,0.0,0.0,0.0,0.0,1.0,0.0,0.0,255,2,0.01,0.79,0.99,0.0,0.0,0.0,0.0,0.0,0,37214.0
0,0,14,9,520,0,0,0,0,0,0,0,0,0,0,0,0,0,0,0,0,0,352,352,0.0,0.0,0.0,0.0,1.0,0.0,0.0,255,255,1.0,0.0,1.0,0.0,0.0,0.0,0.0,0.0,1,27563.0
0,1,22,9,284,1043,0,0,0,0,0,1,0,0,0,0,0,0,0,0,0,0,21,21,0.0,0.0,0.0,0.0,1.0,0.0,0.0,255,255,1.0,0.0,0.0,0.0,0.0,0.0,0.0,0.0,0,49610.0
0,1,22,9,334,4367,0,0,0,0,0,1,0,0,0,0,0,0,0,0,0,0,3,3,0.0,0.0,0.0,0.0,1.0,0.0,0.0,34,255,1.0,0.0,0.03,0.05,0.0,0.0,0.0,0.0,0,6566.0
0,1,49,9,876,276,0,0,0,0,0,1,0,0,0,0,0,0,0,0,0,0,1,1,0.0,0.0,0.0,0.0,1.0,0.0,0.0,162,141,0.87,0.03,0.01,0.0,0.0,0.0,0.0,0.0,0,121455.0
0,1,22,9,228,609,0,0,0,0,0,1,0,0,0,0,0,0,0,0,0,0,2,16,0.0,0.0,0.0,0.0,1.0,0.0,0.31,31,255,1.0,0.0,0.03,0.01,0.0,0.0,0.0,0.0,0,14145.0
0,1,9,2,0,0,0,0,0,0,0,0,0,0,0,0,0,0,0,0,0,0,269,17,0.0,0.0,1.0,1.0,0.06,0.06,0.0,255,17,0.07,0.07,0.0,0.0,0.0,0.0,1.0,1.0,1,55386.0
0,1,17,9,0,0,0,0,0,0,0,0,0,0,0,0,0,0,0,0,0,0,1,1,0.0,0.0,0.0,0.0,1.0,0.0,0.0,60,1,0.02,1.0,0.02,0.0,0.0,0.0,0.9,0.0,1,91783.0
0,1,22,9,321,1506,0,0,0,0,0,1,0,0,0,0,0,0,0,0,0,0,17,17,0.0,0.0,0.0,0.0,1.0,0.0,0.0,17,255,1.0,0.0,0.06,0.04,0.0,0.0,0.0,0.0,0,117350.0
0,1,6,1,0,0,0,0,0,0,0,0,0,0,0,0,0,0,0,0,0,0,274,17,0.0,0.0,1.0,1.0,0.06,0.06,0.0,255,17,0.07,0.07,0.0,0.0,0.0,0.0,1.0,1.0,1,94316.0
0,1,30,5,0,0,0,0,0,0,0,0,0,0,0,0,0,0,0,0,0,0,146,24,1.0,1.0,0.0,0.0,0.16,0.05,0.0,255,24,0.09,0.05,0.0,0.0,1.0,1.0,0.0,0.0,1,99121.0
0,1,44,5,0,0,0,0,0,0,0,0,0,0,0,0,0,0,0,0,0,0,134,17,1.0,1.0,0.0,0.0,0.13,0.05,0.0,255,36,0.14,0.05,0.0,0.0,1.0,1.0,0.0,0.0,1,38931.0
0,2,44,9,1,26,0,0,0,0,0,0,0,0,0,0,0,0,0,0,0,0,23,10,0.0,0.0,0.0,0.0,0.43,0.13,0.0,255,10,0.04,0.83,0.18,0.0,0.16,0.0,0.66,0.0,1,106947.0
0,1,24,1,0,0,0,0,0,0,0,0,0,0,0,0,0,0,0,0,0,0,136,17,0.0,0.0,1.0,1.0,0.12,0.06,0.0,255,17,0.07,0.07,0.0,0.0,0.0,0.0,1.0,1.0,1,47204.0
0,1,22,9,339,1357,0,0,0,0,0,1,0,0,0,0,0,0,0,0,0,0,9,9,0.0,0.0,0.0,0.0,1.0,0.0,0.0,59,255,1.0,0.0,0.02,0.02,0.0,0.0,0.0,0.0,0,72159.0
0,1,15,5,0,0,0,0,0,0,0,0,0,0,0,0,0,0,0,0,0,0,116,20,1.0,1.0,0.0,0.0,0.17,0.05,0.0,255,20,0.08,0.05,0.0,0.0,1.0,1.0,0.0,0.0,1,123443.0
0,1,19,5,0,0,0,0,0,0,0,0,0,0,0,0,0,0,0,0,0,0,64,16,1.0,1.0,0.0,0.0,0.25,0.06,0.0,255,44,0.17,0.05,0.0,0.0,1.0,1.0,0.0,0.0,1,102049.0
20,1,49,9,1825,330,0,0,0,0,0,1,0,0,0,0,0,0,0,0,0,0,1,2,0.0,0.0,0.0,0.0,1.0,0.0,1.0,111,191,0.78,0.03,0.01,0.01,0.0,0.0,0.0,0.0,0,63354.0
0,1,44,5,0,0,0,0,0,0,0,0,0,0,0,0,0,0,0,0,0,0,138,10,1.0,1.0,0.0,0.0,0.07,0.06,0.0,255,27,0.11,0.06,0.0,0.0,1.0,1.0,0.0,0.0,1,110309.0
0,1,24,5,0,0,0,0,0,0,0,0,0,0,0,0,0,0,0,0,0,0,149,25,1.0,1.0,0.0,0.0,0.17,0.05,0.0,255,25,0.1,0.05,0.0,0.0,1.0,1.0,0.0,0.0,1,108525.0
0,1,5,1,0,0,0,0,0,0,0,0,0,0,0,0,0,0,0,0,0,0,119,17,0.0,0.0,1.0,1.0,0.14,0.07,0.0,255,17,0.07,0.07,0.0,0.0,0.0,0.0,1.0,1.0,1,44288.0
1574,2,40,9,145,105,0,0,0,0,0,0,0,0,0,0,0,0,0,0,0,0,1,1,0.0,0.0,0.0,0.0,1.0,0.0,0.0,79,2,0.03,0.67,0.91,0.0,0.0,0.0,0.0,0.0,0,59317.0
0,1,22,9,315,1396,0,0,0,0,0,1,0,0,0,0,0,0,0,0,0,0,19,19,0.0,0.0,0.0,0.0,1.0,0.0,0.0,255,255,1.0,0.0,0.0,0.0,0.0,0.0,0.0,0.0,0,71305.0
0,2,11,9,44,129,0,0,0,0,0,0,0,0,0,0,0,0,0,0,0,0,149,231,0.0,0.0,0.0,0.0,1.0,0.0,0.02,255,255,1.0,0.0,0.0,0.0,0.0,0.0,0.0,0.0,0,105344.0
0,1,22,9,210,574,0,0,0,0,0,1,0,0,0,0,0,0,0,0,0,0,14,14,0.0,0.0,0.0,0.0,1.0,0.0,0.0,255,255,1.0,0.0,0.0,0.0,0.0,0.0,0.0,0.0,0,95068.0
0,1,40,1,0,0,0,0,0,0,0,0,0,0,0,0,0,0,0,0,0,0,511,1,0.12,0.0,0.88,1.0,0.0,1.0,0.0,255,1,0.0,1.0,0.0,0.0,0.0,0.0,1.0,1.0,1,4504.0
0,1,22,9,310,498,0,0,0,0,0,1,0,0,0,0,0,0,0,0,0,0,14,18,0.0,0.0,0.0,0.0,1.0,0.0,0.17,255,255,1.0,0.0,0.0,0.0,0.0,0.0,0.0,0.0,0,40646.0
0,1,59,5,0,0,0,0,0,0,0,0,0,0,0,0,0,0,0,0,0,0,141,18,1.0,1.0,0.0,0.0,0.13,0.06,0.0,255,14,0.05,0.06,0.0,0.0,1.0,1.0,0.0,0.0,1,34573.0
0,1,52,5,0,0,0,0,0,0,0,0,0,0,0,0,0,0,0,0,0,0,298,20,1.0,1.0,0.0,0.0,0.07,0.06,0.0,255,20,0.08,0.07,0.0,0.0,1.0,1.0,0.0,0.0,1,18974.0
0,1,44,5,0,0,0,0,0,0,0,0,0,0,0,0,0,0,0,0,0,0,168,6,1.0,1.0,0.0,0.0,0.04,0.07,0.0,255,18,0.07,0.08,0.0,0.0,1.0,1.0,0.0,0.0,1,7939.0
0,1,44,5,0,0,0,0,0,0,0,0,0,0,0,0,0,0,0,0,0,0,108,2,1.0,1.0,0.0,0.0,0.02,0.07,0.0,106,2,0.02,0.09,0.01,0.0,1.0,1.0,0.0,0.0,1,110733.0
0,1,44,1,0,0,0,0,0,0,0,0,0,0,0,0,0,0,0,0,0,0,197,4,0.0,0.0,1.0,1.0,0.02,0.07,0.0,255,4,0.02,0.08,0.0,0.0,0.0,0.0,1.0,1.0,1,40300.0
0,1,44,5,0,0,0,0,0,0,0,0,0,0,0,0,0,0,0,0,0,0,227,5,1.0,1.0,0.0,0.0,0.02,0.06,0.0,255,6,0.02,0.08,0.0,0.0,1.0,1.0,0.0,0.0,1,19905.0
0,1,37,1,0,0,0,0,0,0,0,0,0,0,0,0,0,0,0,0,0,0,106,15,0.0,0.0,1.0,1.0,0.14,0.08,0.0,255,15,0.06,0.07,0.0,0.0,0.0,0.0,1.0,1.0,1,32013.0
0,1,22,9,244,960,0,0,0,0,0,1,0,0,0,0,0,0,0,0,0,0,3,34,0.0,0.0,0.0,0.0,1.0,0.0,0.18,224,255,1.0,0.0,0.0,0.02,0.0,0.0,0.0,0.0,0,13907.0
0,0,13,9,8,0,0,0,0,0,0,0,0,0,0,0,0,0,0,0,0,0,1,44,0.0,0.0,0.0,0.0,1.0,0.0,1.0,3,195,1.0,0.0,1.0,0.25,0.0,0.0,0.0,0.0,1,19932.0
0,1,49,9,3129,334,0,0,0,0,0,1,0,0,0,0,0,0,0,0,0,0,1,1,0.0,0.0,0.0,0.0,1.0,0.0,0.0,69,237,0.94,0.03,0.01,0.01,0.0,0.0,0.0,0.0,0,31584.0
0,2,11,9,45,120,0,0,0,0,0,0,0,0,0,0,0,0,0,0,0,0,67,67,0.0,0.0,0.0,0.0,1.0,0.0,0.0,255,181,0.71,0.01,0.0,0.0,0.0,0.0,0.0,0.0,0,19325.0
5678,1,40,4,1,0,0,0,0,0,0,0,0,0,0,0,0,0,0,0,0,0,2,2,0.0,0.0,1.0,1.0,1.0,0.0,0.0,255,2,0.01,0.73,1.0,0.0,0.0,0.0,1.0,1.0,1,71972.0
0,1,19,9,7233,0,0,0,0,0,0,0,0,0,0,0,0,0,0,0,0,0,16,16,0.0,0.0,0.0,0.0,1.0,0.0,0.0,246,98,0.4,0.02,0.4,0.0,0.0,0.0,0.0,0.0,0,119888.0
0,1,22,1,0,0,0,0,0,0,0,0,0,0,0,0,0,0,0,0,0,0,1,1,0.0,0.0,1.0,1.0,1.0,0.0,0.0,3,255,1.0,0.0,0.33,0.08,0.0,0.0,1.0,0.29,0,28385.0
0,2,40,9,147,0,0,0,0,0,0,0,0,0,0,0,0,0,0,0,0,0,5,1,0.0,0.0,0.0,0.0,0.2,0.6,0.0,253,1,0.0,0.05,0.03,0.0,0.0,0.0,0.0,0.0,0,99286.0
0,1,3,9,9,36,0,0,0,0,0,1,0,0,0,0,0,0,0,0,0,0,1,1,0.0,0.0,0.0,0.0,1.0,0.0,0.0,154,7,0.02,0.04,0.01,0.29,0.0,0.0,0.01,0.0,0,97614.0
0,1,44,1,0,0,0,0,0,0,0,0,0,0,0,0,0,0,0,0,0,0,1,1,0.0,0.0,1.0,1.0,1.0,0.0,0.0,19,1,0.05,1.0,0.05,0.0,0.0,0.0,0.95,1.0,1,101273.0
0,0,14,9,1032,0,0,0,0,0,0,0,0,0,0,0,0,0,0,0,0,0,511,511,0.0,0.0,0.0,0.0,1.0,0.0,0.0,228,134,0.59,0.03,0.59,0.0,0.01,0.0,0.28,0.0,1,97382.0
0,1,22,9,285,304,0,0,0,0,0,1,0,0,0,0,0,0,0,0,0,0,32,34,0.0,0.0,0.0,0.0,1.0,0.0,0.09,101,255,1.0,0.0,0.01,0.03,0.0,0.0,0.0,0.0,0,226.0
123,1,22,9,196,173,0,0,0,0,0,1,0,0,0,0,0,0,0,0,0,0,6,6,0.17,0.17,0.0,0.0,1.0,0.0,0.0,200,203,1.0,0.0,0.0,0.01,0.0,0.0,0.0,0.0,0,34772.0
0,1,22,1,0,0,0,0,0,0,0,0,0,0,0,0,0,0,0,0,0,0,1,1,0.0,0.0,1.0,1.0,1.0,0.0,0.0,138,255,1.0,0.0,0.01,0.05,0.01,0.01,0.99,0.99,0,51517.0
0,1,44,5,0,0,0,0,0,0,0,0,0,0,0,0,0,0,0,0,0,0,223,15,1.0,1.0,0.0,0.0,0.07,0.07,0.0,255,15,0.06,0.06,0.0,0.0,1.0,1.0,0.0,0.0,1,51755.0
2630,2,40,9,147,105,0,0,0,0,0,0,0,0,0,0,0,0,0,0,0,0,1,1,0.0,0.0,0.0,0.0,1.0,0.0,0.0,255,1,0.0,0.86,0.98,0.0,0.0,0.0,0.0,0.0,0,124148.0
0,1,22,9,195,740,0,0,0,0,0,1,0,0,0,0,0,0,0,0,0,0,11,20,0.0,0.0,0.0,0.0,1.0,0.0,0.1,107,255,1.0,0.0,0.01,0.02,0.0,0.0,0.0,0.0,0,106119.0
0,2,40,9,1,0,0,0,0,0,0,0,0,0,0,0,0,0,0,0,0,0,11,11,0.0,0.0,0.0,0.0,1.0,0.0,0.0,255,11,0.04,0.2,0.6,0.0,0.0,0.0,0.34,0.0,1,66536.0
0,1,22,9,206,1697,0,0,0,0,0,1,0,0,0,0,0,0,0,0,0,0,4,4,0.0,0.0,0.0,0.0,1.0,0.0,0.0,4,255,1.0,0.0,0.25,0.04,0.0,0.0,0.0,0.0,0,119633.0
0,1,15,5,0,0,0,0,0,0,0,0,0,0,0,0,0,0,0,0,0,0,117,2,1.0,1.0,0.0,0.0,0.02,0.07,0.0,255,2,0.01,0.07,0.0,0.0,1.0,1.0,0.0,0.0,1,73944.0
0,1,2,5,0,0,0,0,0,0,0,0,0,0,0,0,0,0,0,0,0,0,276,17,1.0,1.0,0.0,0.0,0.06,0.06,0.0,255,17,0.07,0.07,0.0,0.0,1.0,1.0,0.0,0.0,1,115671.0
0,1,22,9,54540,8314,0,0,0,2,0,1,1,0,0,0,0,0,0,0,0,0,5,5,0.0,0.0,0.0,0.0,1.0,0.0,0.0,255,255,1.0,0.0,0.0,0.0,0.0,0.0,0.04,0.04,1,58830.0
0,2,44,9,28,0,0,3,0,0,0,0,0,0,0,0,0,0,0,0,0,0,21,21,0.0,0.0,0.0,0.0,1.0,0.0,0.0,234,21,0.09,0.7,0.09,0.0,0.03,0.0,0.56,0.0,1,100738.0
0,1,49,5,0,0,0,0,0,0,0,0,0,0,0,0,0,0,0,0,0,0,15,17,1.0,0.88,0.0,0.0,1.0,0.0,0.18,157,138,0.48,0.01,0.01,0.01,0.99,0.54,0.0,0.0,1,125152.0
0,1,22,9,207,2975,0,0,0,0,0,1,0,0,0,0,0,0,0,0,0,0,33,33,0.0,0.0,0.0,0.0,1.0,0.0,0.0,114,255,1.0,0.0,0.01,0.03,0.0,0.0,0.0,0.0,0,75990.0
0,1,44,1,0,0,0,0,0,0,0,0,0,0,0,0,0,0,0,0,0,0,305,1,0.07,0.0,0.89,1.0,0.0,1.0,0.0,255,1,0.0,1.0,0.0,0.0,0.08,0.0,0.89,1.0,1,90999.0
0,1,22,9,208,1371,0,0,0,0,0,1,0,0,0,0,0,0,0,0,0,0,61,64,0.0,0.0,0.0,0.0,1.0,0.0,0.06,255,255,1.0,0.0,0.0,0.0,0.0,0.0,0.0,0.0,0,98742.0
1,1,49,9,817,333,0,0,0,0,0,1,0,0,0,0,0,0,0,0,0,0,1,2,0.0,0.0,0.0,0.0,1.0,0.0,1.0,222,117,0.48,0.03,0.0,0.02,0.0,0.0,0.0,0.0,0,113745.0
0,1,19,9,12,0,0,0,0,0,0,1,0,0,0,0,0,0,0,0,0,0,1,1,0.0,0.0,0.0,0.0,1.0,0.0,0.0,39,96,0.59,0.13,0.59,0.03,0.0,0.0,0.0,0.0,0,50728.0
0,2,11,9,45,45,0,0,0,0,0,0,0,0,0,0,0,0,0,0,0,0,92,92,0.0,0.0,0.0,0.0,1.0,0.0,0.0,255,254,1.0,0.01,0.0,0.0,0.0,0.0,0.0,0.0,0,3885.0
0,0,13,9,8,0,0,0,0,0,0,0,0,0,0,0,0,0,0,0,0,0,1,36,0.0,0.0,0.0,0.0,1.0,0.0,1.0,1,91,1.0,0.0,1.0,0.51,0.0,0.0,0.0,0.0,1,63038.0
0,1,44,5,0,0,0,0,0,0,0,0,0,0,0,0,0,0,0,0,0,0,218,10,1.0,1.0,0.0,0.0,0.05,0.06,0.0,255,10,0.04,0.08,0.0,0.0,1.0,1.0,0.0,0.0,1,44411.0
0,1,19,9,319,0,0,0,0,0,0,1,0,0,0,1,0,0,0,0,0,0,2,1,0.0,0.0,0.0,0.0,0.5,1.0,0.0,128,68,0.34,0.04,0.34,0.03,0.0,0.0,0.0,0.0,0,30760.0
0,2,44,9,100,0,0,0,0,0,0,0,0,0,0,0,0,0,0,0,0,0,1,1,0.0,0.0,0.0,0.0,1.0,0.0,0.0,179,29,0.16,0.01,0.16,0.0,0.0,0.0,0.0,0.0,1,46868.0
0,2,11,9,44,44,0,0,0,0,0,0,0,0,0,0,0,0,0,0,0,0,137,137,0.0,0.0,0.0,0.0,1.0,0.0,0.0,255,166,0.65,0.01,0.0,0.0,0.0,0.0,0.0,0.0,0,23762.0
0,1,44,5,0,0,0,0,0,0,0,0,0,0,0,0,0,0,0,0,0,0,148,9,1.0,1.0,0.0,0.0,0.06,0.05,0.0,255,6,0.02,0.07,0.0,0.0,1.0,1.0,0.0,0.0,1,112469.0
0,1,22,9,247,29269,0,0,0,0,0,1,0,0,0,0,0,0,0,0,0,0,1,1,0.0,0.0,0.0,0.0,1.0,0.0,0.0,255,255,1.0,0.0,0.0,0.0,0.0,0.0,0.0,0.0,0,93986.0
0,1,27,1,0,0,0,0,0,0,0,0,0,0,0,0,0,0,0,0,0,0,146,19,0.0,0.0,1.0,1.0,0.13,0.05,0.0,255,19,0.07,0.06,0.0,0.0,0.0,0.0,1.0,1.0,1,57124.0
0,2,44,9,105,0,0,0,0,0,0,0,0,0,0,0,0,0,0,0,0,0,1,1,0.0,0.0,0.0,0.0,1.0,0.0,0.0,12,12,1.0,0.0,0.08,0.0,0.0,0.0,0.0,0.0,0,9551.0
0,1,10,5,0,0,0,0,0,0,0,0,0,0,0,0,0,0,0,0,0,0,213,15,1.0,1.0,0.0,0.0,0.07,0.06,0.0,255,15,0.06,0.05,0.0,0.0,1.0,1.0,0.0,0.0,1,11064.0
0,1,25,5,0,0,0,0,0,0,0,0,0,0,0,0,0,0,0,0,0,0,261,12,1.0,1.0,0.0,0.0,0.05,0.06,0.0,255,12,0.05,0.07,0.0,0.0,1.0,1.0,0.0,0.0,1,125013.0
0,1,22,9,252,913,0,0,0,0,0,1,0,0,0,0,0,0,0,0,0,0,14,15,0.0,0.0,0.0,0.0,1.0,0.0,0.13,93,255,1.0,0.0,0.01,0.04,0.0,0.0,0.0,0.0,0,19683.0
0,1,22,1,0,0,0,0,0,0,0,0,0,0,0,0,0,0,0,0,0,0,1,2,0.0,0.0,1.0,1.0,1.0,0.0,1.0,2,255,1.0,0.0,0.5,0.08,0.0,0.0,1.0,0.94,0,106869.0
0,1,62,5,0,0,0,0,0,0,0,0,0,0,0,0,0,0,0,0,0,0,178,8,1.0,1.0,0.0,0.0,0.04,0.06,0.0,255,10,0.04,0.06,0.0,0.0,1.0,1.0,0.0,0.0,1,107675.0
0,1,42,4,0,0,0,0,0,0,0,0,0,0,0,0,0,0,0,0,0,0,1,1,0.0,0.0,1.0,1.0,1.0,0.0,0.0,208,1,0.0,0.53,0.53,0.0,0.0,0.0,0.52,1.0,1,13991.0
0,1,19,9,16115,0,0,0,0,0,0,1,0,0,0,0,0,0,0,0,0,0,4,4,0.0,0.0,0.0,0.0,1.0,0.0,0.0,74,103,0.46,0.03,0.46,0.03,0.0,0.0,0.0,0.0,0,62437.0
0,1,22,9,299,1075,0,0,0,0,0,1,0,0,0,0,0,0,0,0,0,0,7,7,0.0,0.0,0.0,0.0,1.0,0.0,0.0,255,250,0.98,0.01,0.0,0.0,0.0,0.0,0.0,0.0,0,95901.0
0,2,11,9,45,138,0,0,0,0,0,0,0,0,0,0,0,0,0,0,0,0,70,150,0.0,0.0,0.0,0.0,0.99,0.03,0.01,255,236,0.93,0.01,0.0,0.0,0.0,0.0,0.0,0.0,0,113740.0
0,2,40,9,516,4,0,0,0,0,0,0,0,0,0,0,0,0,0,0,0,0,216,216,0.0,0.0,0.0,0.0,1.0,0.0,0.0,216,216,1.0,0.0,1.0,0.0,0.0,0.0,0.0,0.0,0,72088.0
0,1,22,9,293,1850,0,0,0,0,0,1,0,0,0,0,0,0,0,0,0,0,10,10,0.0,0.0,0.0,0.0,1.0,0.0,0.0,27,255,1.0,0.0,0.04,0.05,0.0,0.01,0.0,0.0,0,112029.0
0,0,58,9,181,0,0,0,0,0,0,0,0,0,0,0,0,0,0,0,0,0,2,1,0.0,0.0,0.0,0.0,0.5,1.0,0.0,255,39,0.15,0.01,0.19,0.0,0.0,0.0,0.0,0.0,0,123696.0
0,1,23,5,0,0,0,0,0,0,0,0,0,0,0,0,0,0,0,0,0,0,149,19,1.0,1.0,0.0,0.0,0.13,0.06,0.0,255,19,0.07,0.06,0.0,0.0,1.0,1.0,0.0,0.0,1,101947.0
0,2,11,9,30,0,0,0,0,0,0,0,0,0,0,0,0,0,0,0,0,0,1,2,0.0,0.0,0.0,0.0,1.0,0.0,1.0,163,28,0.17,0.04,0.17,0.0,0.0,0.0,0.0,0.0,0,109373.0
0,2,11,9,43,127,0,0,0,0,0,0,0,0,0,0,0,0,0,0,0,0,219,296,0.0,0.0,0.0,0.0,1.0,0.01,0.01,221,182,0.82,0.01,0.0,0.0,0.0,0.0,0.0,0.0,0,100730.0
0,0,58,9,78,0,0,0,0,0,0,0,0,0,0,0,0,0,0,0,0,0,41,1,0.0,0.0,0.0,0.0,0.02,0.05,0.0,255,17,0.07,0.01,0.07,0.0,0.0,0.0,0.0,0.0,0,70847.0
0,1,4,5,0,0,0,0,0,0,0,0,0,0,0,0,0,0,0,0,0,0,103,2,1.0,1.0,0.0,0.0,0.02,0.06,0.0,255,2,0.01,0.05,0.0,0.0,1.0,1.0,0.0,0.0,1,69096.0
0,1,22,9,214,1281,0,0,0,0,0,1,0,0,0,0,0,0,0,0,0,0,19,19,0.0,0.0,0.0,0.0,1.0,0.0,0.0,255,255,1.0,0.0,0.0,0.0,0.0,0.0,0.0,0.0,0,82593.0
0,1,30,5,0,0,0,0,0,0,0,0,0,0,0,0,0,0,0,0,0,0,144,9,1.0,1.0,0.0,0.0,0.06,0.06,0.0,255,9,0.04,0.06,0.0,0.0,1.0,1.0,0.0,0.0,1,37093.0
0,1,22,9,258,45074,0,0,0,2,0,1,0,0,0,0,0,0,0,0,0,0,1,2,0.0,0.0,0.0,0.0,1.0,0.0,1.0,255,255,1.0,0.0,0.0,0.0,0.0,0.0,0.01,0.01,0,92492.0
0,1,44,5,0,0,0,0,0,0,0,0,0,0,0,0,0,0,0,0,0,0,97,1,1.0,1.0,0.0,0.0,0.01,0.06,0.0,255,1,0.0,0.07,0.0,0.0,1.0,1.0,0.0,0.0,1,69630.0
0,1,18,2,0,0,0,0,0,0,0,0,0,0,0,0,0,0,0,0,0,0,227,5,0.0,0.0,1.0,1.0,0.02,0.07,0.0,255,5,0.02,0.09,0.0,0.0,0.0,0.0,1.0,1.0,1,113738.0
0,1,18,5,0,0,0,0,0,0,0,0,0,0,0,0,0,0,0,0,0,0,241,4,1.0,1.0,0.0,0.0,0.02,0.07,0.0,255,11,0.04,0.07,0.0,0.0,1.0,1.0,0.0,0.0,1,112024.0
0,1,19,1,0,0,0,0,0,0,0,0,0,0,0,0,0,0,0,0,0,0,2,1,0.0,0.0,1.0,1.0,0.5,1.0,0.0,255,10,0.04,0.6,0.56,0.0,0.01,0.0,0.56,0.1,1,70517.0
0,1,22,9,338,278,0,0,0,0,0,1,0,0,0,0,0,0,0,0,0,0,3,3,0.0,0.0,0.0,0.0,1.0,0.0,0.0,255,252,0.99,0.01,0.0,0.0,0.0,0.0,0.0,0.0,0,114873.0
0,1,22,9,199,12884,0,0,0,0,0,1,0,0,0,0,0,0,0,0,0,0,9,9,0.0,0.0,0.0,0.0,1.0,0.0,0.0,37,37,1.0,0.0,0.03,0.0,0.0,0.0,0.0,0.0,0,119174.0
0,1,22,9,188,1872,0,0,0,0,0,1,0,0,0,0,0,0,0,0,0,0,24,24,0.0,0.0,0.0,0.0,1.0,0.0,0.0,96,255,1.0,0.0,0.01,0.02,0.0,0.0,0.0,0.0,0,102494.0
0,1,17,5,0,0,0,0,0,0,0,0,0,0,0,0,0,0,0,0,0,0,278,14,1.0,1.0,0.0,0.0,0.05,0.06,0.0,255,14,0.05,0.07,0.0,0.0,1.0,1.0,0.0,0.0,1,49552.0
0,1,29,5,0,0,0,0,0,0,0,0,0,0,0,0,0,0,0,0,0,0,223,4,1.0,1.0,0.0,0.0,0.02,0.07,0.0,255,4,0.02,0.08,0.0,0.0,1.0,1.0,0.0,0.0,1,108149.0
0,1,22,9,309,12911,0,0,0,0,0,1,0,0,0,0,0,0,0,0,0,0,1,1,0.0,0.0,0.0,0.0,1.0,0.0,0.0,1,255,1.0,0.0,1.0,0.01,0.0,0.0,0.0,0.0,0,112673.0
0,1,50,1,0,0,0,0,0,0,0,0,0,0,0,0,0,0,0,0,0,0,66,13,0.0,0.0,1.0,1.0,0.2,0.08,0.0,255,12,0.05,0.08,0.0,0.0,0.0,0.0,1.0,1.0,1,9476.0
0,1,22,9,226,1041,0,0,0,0,0,1,0,0,0,0,0,0,0,0,0,0,8,9,0.0,0.0,0.0,0.0,1.0,0.0,0.22,20,255,1.0,0.0,0.05,0.05,0.0,0.0,0.0,0.0,0,86932.0
0,1,44,5,0,0,0,0,0,0,0,0,0,0,0,0,0,0,0,0,0,0,117,24,1.0,1.0,0.0,0.0,0.21,0.04,0.0,255,24,0.09,0.04,0.0,0.0,1.0,1.0,0.0,0.0,1,22786.0
0,2,44,9,28,0,0,3,0,0,0,0,0,0,0,0,0,0,0,0,0,0,55,55,0.0,0.0,0.0,0.0,1.0,0.0,0.0,255,55,0.22,0.01,0.22,0.0,0.0,0.0,0.0,0.0,1,17178.0
0,1,19,9,35195,0,0,0,0,0,0,0,0,0,0,0,0,0,0,0,0,0,23,23,0.0,0.0,0.0,0.0,1.0,0.0,0.0,173,61,0.35,0.02,0.35,0.0,0.0,0.0,0.0,0.0,0,86838.0
0,1,22,9,222,974,0,0,0,0,0,1,0,0,0,0,0,0,0,0,0,0,39,63,0.0,0.0,0.0,0.0,1.0,0.0,0.03,244,255,1.0,0.0,0.0,0.01,0.0,0.0,0.0,0.0,0,57845.0
0,1,22,1,0,0,0,0,0,0,0,0,0,0,0,0,0,0,0,0,0,0,1,1,0.0,0.0,1.0,1.0,1.0,0.0,0.0,66,255,1.0,0.0,0.02,0.15,0.0,0.0,0.58,0.85,0,15038.0
0,1,19,9,383,0,0,0,0,0,0,0,0,0,0,0,0,0,0,0,0,0,2,2,0.0,0.0,0.0,0.0,1.0,0.0,0.0,26,54,0.12,0.19,0.12,0.04,0.0,0.0,0.0,0.0,0,105388.0
0,1,19,5,0,0,0,0,0,0,0,0,0,0,0,0,0,0,0,0,0,0,46,11,1.0,1.0,0.0,0.0,0.24,0.09,0.0,255,65,0.25,0.02,0.02,0.0,1.0,1.0,0.0,0.0,1,21013.0
0,1,22,1,0,0,0,0,0,0,0,0,0,0,0,0,0,0,0,0,0,0,1,1,0.0,0.0,1.0,1.0,1.0,0.0,0.0,1,104,1.0,0.0,1.0,0.18,0.0,0.0,1.0,1.0,1,11572.0
0,1,54,5,0,0,0,0,0,0,0,0,0,0,0,0,0,0,0,0,0,0,137,16,1.0,1.0,0.0,0.0,0.12,0.04,0.0,255,4,0.02,0.06,0.0,0.0,1.0,1.0,0.0,0.0,1,25017.0
0,1,44,1,0,0,0,0,0,0,0,0,0,0,0,0,0,0,0,0,0,0,61,20,0.0,0.0,1.0,1.0,0.33,0.07,0.0,255,20,0.08,0.07,0.0,0.0,0.0,0.0,1.0,1.0,1,45324.0
0,1,22,9,301,291,0,0,0,0,0,1,0,0,0,0,0,0,0,0,0,0,2,2,0.0,0.0,0.0,0.0,1.0,0.0,0.0,30,255,1.0,0.0,0.03,0.03,0.0,0.02,0.0,0.0,0,18869.0
0,1,22,9,315,2168,0,0,0,0,0,1,0,0,0,0,0,0,0,0,0,0,23,40,0.0,0.0,0.0,0.0,1.0,0.0,0.08,255,255,1.0,0.0,0.0,0.0,0.0,0.0,0.0,0.0,0,23321.0
0,1,2,1,0,0,0,0,0,0,0,0,0,0,0,0,0,0,0,0,0,0,112,8,0.0,0.0,1.0,1.0,0.07,0.07,0.0,255,8,0.03,0.07,0.0,0.0,0.0,0.0,1.0,1.0,1,84589.0
0,1,19,9,14189,0,0,0,0,0,0,1,0,0,0,0,0,0,0,0,0,0,13,13,0.0,0.0,0.0,0.0,1.0,0.0,0.0,55,44,0.45,0.04,0.45,0.05,0.0,0.02,0.0,0.0,0,113142.0
0,1,22,9,248,510,0,0,0,0,0,1,0,0,0,0,0,0,0,0,0,0,12,13,0.0,0.0,0.0,0.0,1.0,0.0,0.15,255,255,1.0,0.0,0.0,0.0,0.0,0.0,0.0,0.0,0,105016.0
0,1,15,5,0,0,0,0,0,0,0,0,0,0,0,0,0,0,0,0,0,0,8,7,1.0,1.0,0.0,0.0,0.88,0.25,0.0,255,7,0.03,0.07,0.0,0.0,1.0,1.0,0.0,0.0,1,48545.0
0,1,27,1,0,0,0,0,0,0,0,0,0,0,0,0,0,0,0,0,0,0,134,17,0.0,0.0,1.0,1.0,0.13,0.06,0.0,255,17,0.07,0.06,0.0,0.0,0.0,0.0,1.0,1.0,1,62079.0
0,1,49,9,691,330,0,0,0,0,0,1,0,0,0,0,0,0,0,0,0,0,1,1,0.0,0.0,0.0,0.0,1.0,0.0,0.0,173,246,0.96,0.01,0.01,0.01,0.0,0.0,0.0,0.0,0,41593.0
0,0,14,9,1032,0,0,0,0,0,0,0,0,0,0,0,0,0,0,0,0,0,511,511,0.0,0.0,0.0,0.0,1.0,0.0,0.0,255,101,0.4,0.1,0.4,0.0,0.0,0.0,0.0,0.0,1,116833.0
0,1,35,5,0,0,0,0,0,0,0,0,0,0,0,0,0,0,0,0,0,0,69,11,1.0,1.0,0.0,0.0,0.16,0.07,0.0,255,17,0.07,0.07,0.0,0.0,1.0,1.0,0.0,0.0,1,20604.0
0,1,32,5,0,0,0,0,0,0,0,0,0,0,0,0,0,0,0,0,0,0,272,6,1.0,1.0,0.0,0.0,0.02,0.06,0.0,255,6,0.02,0.08,0.0,0.0,1.0,1.0,0.0,0.0,1,53055.0
0,1,44,5,0,0,0,0,0,0,0,0,0,0,0,0,0,0,0,0,0,0,206,18,1.0,1.0,0.0,0.0,0.09,0.07,0.0,255,20,0.08,0.07,0.0,0.0,1.0,1.0,0.0,0.0,1,989.0
0,0,14,9,1032,0,0,0,0,0,0,0,0,0,0,0,0,0,0,0,0,0,284,284,0.0,0.0,0.0,0.0,1.0,0.0,0.0,255,255,1.0,0.0,1.0,0.0,0.0,0.0,0.0,0.0,1,50701.0
0,2,11,9,44,127,0,0,0,0,0,0,0,0,0,0,0,0,0,0,0,0,12,56,0.0,0.0,0.0,0.0,1.0,0.0,0.04,229,180,0.79,0.02,0.0,0.0,0.0,0.0,0.0,0.0,0,54418.0
24,1,49,9,847,334,0,0,0,0,0,1,0,0,0,0,0,0,0,0,0,0,1,1,0.0,0.0,0.0,0.0,1.0,0.0,0.0,71,129,0.58,0.06,0.01,0.02,0.0,0.09,0.0,0.0,0,1859.0
7,1,49,9,12151,1396,0,0,0,0,0,1,0,0,0,0,0,0,0,0,0,0,1,2,0.0,0.0,0.0,0.0,1.0,0.0,1.0,255,117,0.46,0.02,0.0,0.0,0.0,0.0,0.0,0.0,0,32054.0
0,1,36,5,0,0,0,0,0,0,0,0,0,0,0,0,0,0,0,0,0,0,139,18,1.0,1.0,0.0,0.0,0.13,0.05,0.0,255,17,0.07,0.06,0.0,0.0,1.0,1.0,0.0,0.0,1,35154.0
0,1,22,9,253,1215,0,0,0,0,0,1,0,0,0,0,0,0,0,0,0,0,3,3,0.0,0.0,0.0,0.0,1.0,0.0,0.0,255,255,1.0,0.0,0.0,0.0,0.0,0.0,0.0,0.0,0,105215.0
0,1,44,5,0,0,0,0,0,0,0,0,0,0,0,0,0,0,0,0,0,0,156,4,1.0,1.0,0.0,0.0,0.03,0.06,0.0,255,17,0.07,0.07,0.0,0.0,1.0,1.0,0.0,0.0,1,29655.0
0,1,19,9,15722,0,0,0,0,0,0,1,0,0,0,0,1,0,0,0,0,0,5,5,0.0,0.0,0.0,0.0,1.0,0.0,0.0,255,15,0.06,0.06,0.06,0.0,0.82,0.0,0.01,0.0,0,25244.0
0,0,13,9,8,0,0,0,0,0,0,0,0,0,0,0,0,0,0,0,0,0,1,28,0.0,0.0,0.0,0.0,1.0,0.0,1.0,2,80,1.0,0.0,1.0,0.26,0.0,0.0,0.0,0.0,1,36714.0
0,1,22,9,245,2966,0,0,0,0,0,1,0,0,0,0,0,0,0,0,0,0,1,1,0.0,0.0,0.0,0.0,1.0,0.0,0.0,104,255,1.0,0.0,0.01,0.02,0.0,0.0,0.0,0.0,0,81117.0
0,1,22,9,203,707,0,0,0,0,0,1,0,0,0,0,0,0,0,0,0,0,5,5,0.0,0.0,0.0,0.0,1.0,0.0,0.0,8,247,1.0,0.0,0.12,0.02,0.0,0.0,0.0,0.0,0,57620.0
0,2,11,9,44,44,0,0,0,0,0,0,0,0,0,0,0,0,0,0,0,0,155,155,0.0,0.0,0.0,0.0,1.0,0.0,0.0,255,255,1.0,0.0,0.0,0.0,0.0,0.0,0.0,0.0,0,74053.0
0,1,22,9,220,1719,0,0,0,0,0,1,0,0,0,0,0,0,0,0,0,0,11,11,0.0,0.0,0.0,0.0,1.0,0.0,0.0,255,255,1.0,0.0,0.0,0.0,0.0,0.0,0.0,0.0,0,47287.0
9615,1,40,4,1,0,0,0,0,0,0,0,0,0,0,0,0,0,0,0,0,0,2,2,0.0,0.0,1.0,1.0,1.0,0.0,0.0,255,2,0.01,0.74,1.0,0.0,0.0,0.0,1.0,1.0,1,34239.0
12,2,11,9,44,110,0,0,0,0,0,0,0,0,0,0,0,0,0,0,0,0,3,12,0.0,0.0,0.0,0.0,0.67,0.67,0.17,155,149,0.96,0.02,0.01,0.0,0.0,0.0,0.0,0.0,0,77359.0
0,1,24,5,0,0,0,0,0,0,0,0,0,0,0,0,0,0,0,0,0,0,285,12,1.0,1.0,0.0,0.0,0.04,0.06,0.0,255,12,0.05,0.07,0.0,0.0,1.0,1.0,0.0,0.0,1,79629.0
0,1,22,9,344,7333,0,0,0,0,0,1,0,0,0,0,0,0,0,0,0,0,10,16,0.0,0.0,0.0,0.0,1.0,0.0,0.12,255,255,1.0,0.0,0.0,0.0,0.0,0.0,0.0,0.0,0,102087.0
0,1,17,9,10,147,0,0,0,0,0,0,0,0,0,0,0,0,0,0,0,0,1,1,0.0,0.0,0.0,0.0,1.0,0.0,0.0,255,3,0.01,0.07,0.0,0.0,0.78,0.0,0.01,0.0,0,15784.0
0,1,20,5,0,0,0,0,0,0,0,0,0,0,0,0,0,0,0,0,0,0,47,13,1.0,1.0,0.0,0.0,0.28,0.11,0.0,255,13,0.05,0.08,0.0,0.0,1.0,1.0,0.0,0.0,1,2719.0
0,1,52,5,0,0,0,0,0,0,0,0,0,0,0,0,0,0,0,0,0,0,297,19,1.0,1.0,0.0,0.0,0.06,0.06,0.0,255,19,0.07,0.07,0.0,0.0,1.0,1.0,0.0,0.0,1,117763.0
0,1,2,5,0,0,0,0,0,0,0,0,0,0,0,0,0,0,0,0,0,0,197,14,1.0,1.0,0.0,0.0,0.07,0.06,0.0,255,15,0.06,0.07,0.0,0.0,1.0,1.0,0.0,0.0,1,28273.0
0,1,22,9,225,901,0,0,0,0,0,1,0,0,0,0,0,0,0,0,0,0,52,52,0.0,0.0,0.0,0.0,1.0,0.0,0.0,255,255,1.0,0.0,0.0,0.0,0.0,0.0,0.0,0.0,0,2089.0
0,1,49,9,823,538,0,0,0,0,0,1,0,0,0,0,0,0,0,0,0,0,1,1,0.0,0.0,0.0,0.0,1.0,0.0,0.0,71,244,0.96,0.03,0.01,0.01,0.0,0.0,0.0,0.0,0,125122.0
0,1,22,9,294,1214,0,0,0,0,0,1,0,0,0,0,0,0,0,0,0,0,15,20,0.0,0.0,0.0,0.0,1.0,0.0,0.1,222,255,1.0,0.0,0.0,0.02,0.0,0.0,0.0,0.0,0,79461.0
0,1,22,9,333,1296,0,0,0,0,0,1,0,0,0,0,0,0,0,0,0,0,8,8,0.0,0.0,0.0,0.0,1.0,0.0,0.0,91,255,1.0,0.0,0.01,0.04,0.0,0.0,0.0,0.0,0,56970.0
0,1,55,5,0,0,0,0,0,0,0,0,0,0,0,0,0,0,0,0,0,0,2,2,1.0,1.0,0.0,0.0,1.0,0.0,0.0,84,44,0.52,0.02,0.01,0.0,0.98,0.95,0.0,0.0,1,111359.0
0,1,22,9,293,255,0,0,0,0,0,1,0,0,0,0,0,0,0,0,0,0,10,11,0.0,0.0,0.0,0.0,1.0,0.0,0.18,255,255,1.0,0.0,0.0,0.0,0.0,0.0,0.0,0.0,0,106460.0
0,1,4,5,0,0,0,0,0,0,0,0,0,0,0,0,0,0,0,0,0,0,255,9,1.0,1.0,0.0,0.0,0.04,0.05,0.0,255,9,0.04,0.05,0.0,0.0,1.0,1.0,0.0,0.0,1,35064.0
0,1,40,1,0,0,0,0,0,0,0,0,0,0,0,0,0,0,0,0,0,0,511,1,0.12,0.0,0.86,1.0,0.0,1.0,0.0,255,1,0.0,1.0,0.0,0.0,0.16,0.0,0.82,1.0,1,123115.0
0,1,17,5,0,0,0,0,0,0,0,0,0,0,0,0,0,0,0,0,0,0,255,23,1.0,1.0,0.0,0.0,0.09,0.05,0.0,255,23,0.09,0.05,0.0,0.0,1.0,1.0,0.0,0.0,1,12636.0
0,1,22,9,303,2507,0,0,0,0,0,1,0,0,0,0,0,0,0,0,0,0,4,3,0.0,0.0,0.0,0.0,0.75,0.5,0.0,58,51,0.88,0.03,0.02,0.0,0.0,0.0,0.0,0.0,0,80016.0
0,1,19,9,1766,0,0,0,0,0,0,0,0,0,0,0,0,0,0,0,0,0,3,2,0.0,0.0,0.0,0.0,0.67,0.67,0.0,255,71,0.28,0.03,0.27,0.0,0.01,0.0,0.0,0.0,0,25687.0
0,1,22,9,243,4533,0,0,0,0,0,1,0,0,0,0,0,0,0,0,0,0,19,41,0.0,0.0,0.0,0.0,1.0,0.0,0.07,255,255,1.0,0.0,0.0,0.0,0.0,0.0,0.0,0.0,0,107455.0
0,1,22,9,280,24971,0,0,0,0,0,1,0,0,0,0,0,0,0,0,0,0,2,3,0.0,0.0,0.0,0.0,1.0,0.0,0.67,33,255,1.0,0.0,0.03,0.02,0.0,0.0,0.0,0.0,0,48982.0
0,1,53,5,0,0,0,0,0,0,0,0,0,0,0,0,0,0,0,0,0,0,271,19,1.0,1.0,0.0,0.0,0.07,0.05,0.0,255,19,0.07,0.05,0.0,0.0,1.0,1.0,0.0,0.0,1,69401.0
0,1,22,9,202,441,0,0,0,0,0,1,0,0,0,0,0,0,0,0,0,0,4,4,0.0,0.0,0.0,0.0,1.0,0.0,0.0,77,255,1.0,0.0,0.01,0.04,0.0,0.0,0.01,0.0,0,52669.0
0,1,42,9,38,130,0,0,0,0,0,1,0,0,0,0,0,0,0,0,0,0,1,1,0.0,0.0,0.0,0.0,1.0,0.0,0.0,77,2,0.03,0.06,0.01,0.0,0.0,0.0,0.0,0.0,0,61919.0
0,1,32,5,0,0,0,0,0,0,0,0,0,0,0,0,0,0,0,0,0,0,232,2,1.0,1.0,0.0,0.0,0.01,0.07,0.0,255,2,0.01,0.07,0.0,0.0,1.0,1.0,0.0,0.0,1,116568.0
0,1,59,5,0,0,0,0,0,0,0,0,0,0,0,0,0,0,0,0,0,0,104,4,1.0,1.0,0.0,0.0,0.04,0.07,0.0,255,4,0.02,0.08,0.0,0.0,1.0,1.0,0.0,0.0,1,70887.0
0,1,22,9,299,1107,0,0,0,0,0,1,0,0,0,0,0,0,0,0,0,0,28,28,0.0,0.0,0.0,0.0,1.0,0.0,0.0,28,255,1.0,0.0,0.04,0.07,0.0,0.0,0.0,0.0,0,2520.0
0,1,44,5,0,0,0,0,0,0,0,0,0,0,0,0,0,0,0,0,0,0,102,4,1.0,1.0,0.0,0.0,0.04,0.08,0.0,255,20,0.08,0.06,0.0,0.0,1.0,1.0,0.0,0.0,1,59132.0
0,1,44,5,0,0,0,0,0,0,0,0,0,0,0,0,0,0,0,0,0,0,127,13,1.0,1.0,0.0,0.0,0.1,0.06,0.0,255,13,0.05,0.06,0.0,0.0,1.0,1.0,0.0,0.0,1,44838.0
5,1,22,1,0,0,0,0,0,0,0,0,0,0,0,0,0,0,0,0,0,0,1,1,0.0,0.0,1.0,1.0,1.0,0.0,0.0,250,207,0.83,0.02,0.0,0.0,0.0,0.0,0.83,1.0,0,122372.0
0,1,29,5,0,0,0,0,0,0,0,0,0,0,0,0,0,0,0,0,0,0,293,1,1.0,1.0,0.0,0.0,0.0,0.06,0.0,255,1,0.0,0.07,0.0,0.0,1.0,1.0,0.0,0.0,1,31797.0
0,0,14,9,1032,0,0,0,0,0,0,0,0,0,0,0,0,0,0,0,0,0,511,511,0.0,0.0,0.0,0.0,1.0,0.0,0.0,255,137,0.54,0.04,0.54,0.0,0.0,0.0,0.0,0.0,1,17646.0
0,1,19,9,334,0,0,0,0,0,0,1,0,0,0,0,0,0,0,0,0,0,2,2,0.0,0.0,0.0,0.0,1.0,0.0,0.0,2,36,1.0,0.0,1.0,0.17,0.0,0.0,0.0,0.0,1,13968.0
0,1,22,9,203,4948,0,0,0,0,0,1,0,0,0,0,0,0,0,0,0,0,2,5,0.0,0.0,0.0,0.0,1.0,0.0,0.6,20,255,1.0,0.0,0.05,0.07,0.0,0.01,0.0,0.0,0,119161.0
0,0,13,9,8,0,0,0,0,0,0,0,0,0,0,0,0,0,0,0,0,0,1,8,0.0,0.0,0.0,0.0,1.0,0.0,1.0,1,33,1.0,0.0,1.0,0.52,0.0,0.0,0.0,0.0,1,2587.0
2,1,49,9,1240,326,0,0,0,0,0,1,0,0,0,0,0,0,0,0,0,0,1,3,0.0,0.0,0.0,0.0,1.0,0.0,1.0,41,27,0.66,0.05,0.02,0.0,0.0,0.0,0.0,0.0,0,17341.0
0,1,49,9,1797,391,0,0,0,0,0,1,0,0,0,0,0,0,0,0,0,0,2,1,0.5,0.0,0.0,0.0,0.5,1.0,0.0,255,3,0.01,0.95,0.0,0.0,0.94,0.0,0.0,0.0,0,66770.0
0,1,44,5,0,0,0,0,0,0,0,0,0,0,0,0,0,0,0,0,0,0,111,10,1.0,1.0,0.0,0.0,0.09,0.06,0.0,255,11,0.04,0.07,0.0,0.0,1.0,1.0,0.0,0.0,1,67454.0
0,2,40,9,5,0,0,0,0,0,0,0,0,0,0,0,0,0,0,0,0,0,126,1,0.0,0.0,0.0,0.0,0.01,0.02,0.0,255,10,0.04,0.02,0.04,0.0,0.0,0.0,0.0,0.0,1,11585.0
0,1,15,4,0,0,0,0,0,0,0,0,0,0,0,0,0,0,0,0,0,0,1,1,0.0,0.0,1.0,1.0,1.0,0.0,0.0,255,1,0.0,0.75,1.0,0.0,0.0,0.0,1.0,1.0,1,21147.0
0,1,22,9,428,2659,0,0,0,0,0,1,0,0,0,0,0,0,0,0,0,0,1,1,0.0,0.0,0.0,0.0,1.0,0.0,0.0,6,255,1.0,0.0,0.17,0.04,0.0,0.0,0.0,0.0,0,26657.0
0,1,22,9,323,1262,0,0,0,0,0,1,0,0,0,0,0,0,0,0,0,0,22,30,0.0,0.0,0.0,0.0,1.0,0.0,0.1,106,255,1.0,0.0,0.01,0.05,0.0,0.0,0.0,0.0,0,64218.0
0,1,44,5,0,0,0,0,0,0,0,0,0,0,0,0,0,0,0,0,0,0,135,10,1.0,1.0,0.0,0.0,0.07,0.06,0.0,255,10,0.04,0.06,0.0,0.0,1.0,1.0,0.0,0.0,1,113826.0
0,1,22,9,274,268,0,0,0,0,0,1,0,0,0,0,0,0,0,0,0,0,3,4,0.33,0.25,0.0,0.0,1.0,0.0,0.5,21,255,1.0,0.0,0.05,0.08,0.05,0.0,0.0,0.0,0,120368.0
20,1,18,9,229,767,0,0,0,4,0,1,0,0,0,0,0,0,0,0,0,1,1,1,0.0,0.0,0.0,0.0,1.0,0.0,0.0,38,11,0.29,0.11,0.03,0.0,0.0,0.0,0.0,0.0,0,95905.0
0,1,44,5,0,0,0,0,0,0,0,0,0,0,0,0,0,0,0,0,0,0,29,5,1.0,1.0,0.0,0.0,0.17,0.21,0.0,255,13,0.05,0.08,0.0,0.0,1.0,1.0,0.0,0.0,1,81179.0
0,0,14,9,520,0,0,0,0,0,0,0,0,0,0,0,0,0,0,0,0,0,312,312,0.0,0.0,0.0,0.0,1.0,0.0,0.0,255,255,1.0,0.0,1.0,0.0,0.0,0.0,0.0,0.0,1,82818.0
1,1,49,9,1046,328,0,0,0,0,0,1,0,0,0,0,0,0,0,0,0,0,2,3,0.0,0.0,0.0,0.0,0.5,1.0,1.0,32,207,0.97,0.06,0.03,0.01,0.0,0.0,0.0,0.0,0,77379.0
0,1,44,5,0,0,0,0,0,0,0,0,0,0,0,0,0,0,0,0,0,0,182,5,1.0,1.0,0.0,0.0,0.03,0.06,0.0,255,15,0.06,0.06,0.0,0.0,1.0,1.0,0.0,0.0,1,9541.0
0,1,62,1,0,0,0,0,0,0,0,0,0,0,0,0,0,0,0,0,0,0,229,15,0.0,0.0,1.0,1.0,0.07,0.07,0.0,255,15,0.06,0.07,0.0,0.0,0.0,0.0,1.0,1.0,1,18982.0
0,2,11,9,46,46,0,0,0,0,0,0,0,0,0,0,0,0,0,0,0,0,146,146,0.0,0.0,0.0,0.0,1.0,0.0,0.0,255,255,1.0,0.0,0.0,0.0,0.0,0.0,0.0,0.0,0,67300.0
0,2,11,9,45,114,0,0,0,0,0,0,0,0,0,0,0,0,0,0,0,0,3,6,0.0,0.0,0.0,0.0,1.0,0.0,0.33,255,242,0.95,0.01,0.0,0.0,0.0,0.0,0.0,0.0,0,28875.0
0,1,44,5,0,0,0,0,0,0,0,0,0,0,0,0,0,0,0,0,0,0,11,5,1.0,1.0,0.0,0.0,0.45,0.18,0.0,255,8,0.03,0.08,0.0,0.0,1.0,1.0,0.0,0.0,1,114759.0
26,1,55,9,133,2783,0,0,0,0,0,1,0,0,0,0,0,0,0,0,0,0,1,1,0.0,0.0,0.0,0.0,1.0,0.0,0.0,2,7,1.0,0.0,0.5,0.86,0.0,0.0,0.0,0.0,0,66500.0
0,1,22,9,210,1928,0,0,0,0,0,1,0,0,0,0,0,0,0,0,0,0,28,28,0.0,0.0,0.0,0.0,1.0,0.0,0.0,255,255,1.0,0.0,0.0,0.0,0.0,0.0,0.0,0.0,0,37534.0
0,0,13,9,8,0,0,0,0,0,0,0,0,0,0,0,0,0,0,0,0,0,1,26,0.0,0.0,0.0,0.0,1.0,0.0,1.0,4,116,1.0,0.0,1.0,0.25,0.0,0.0,0.0,0.0,1,109087.0
0,2,44,9,1,0,0,0,0,0,0,0,0,0,0,0,0,0,0,0,0,0,18,2,0.0,0.0,0.0,0.0,0.11,0.17,0.0,255,2,0.01,0.62,0.51,0.0,0.0,0.0,0.49,0.0,1,96589.0
0,1,3,1,0,0,0,0,0,0,0,0,0,0,0,0,0,0,0,0,0,0,218,1,0.0,0.0,1.0,1.0,0.0,0.07,0.0,255,1,0.0,0.07,0.0,0.0,0.0,0.0,1.0,1.0,1,7066.0
0,1,61,5,0,0,0,0,0,0,0,0,0,0,0,0,0,0,0,0,0,0,276,17,1.0,1.0,0.0,0.0,0.06,0.05,0.0,255,4,0.02,0.07,0.0,0.0,1.0,1.0,0.0,0.0,1,53625.0
0,1,31,5,0,0,0,0,0,0,0,0,0,0,0,0,0,0,0,0,0,0,252,2,1.0,1.0,0.0,0.0,0.01,0.07,0.0,255,2,0.01,0.08,0.0,0.0,1.0,1.0,0.0,0.0,1,24808.0
0,1,49,9,2836,335,0,0,0,0,0,1,0,0,0,0,0,0,0,0,0,0,1,2,0.0,0.0,0.0,0.0,1.0,0.0,1.0,25,122,1.0,0.0,0.04,0.02,0.0,0.0,0.0,0.0,0,62813.0
0,1,22,9,284,1395,0,0,0,0,0,1,0,0,0,0,0,0,0,0,0,0,19,39,0.0,0.0,0.0,0.0,1.0,0.0,0.1,173,231,1.0,0.0,0.01,0.02,0.0,0.0,0.0,0.0,0,108905.0
0,1,60,5,0,0,0,0,0,0,0,0,0,0,0,0,0,0,0,0,0,0,130,7,1.0,1.0,0.0,0.0,0.05,0.05,0.0,255,7,0.03,0.05,0.0,0.0,1.0,1.0,0.0,0.0,1,51485.0
0,1,10,5,0,0,0,0,0,0,0,0,0,0,0,0,0,0,0,0,0,0,277,21,1.0,1.0,0.0,0.0,0.08,0.05,0.0,255,21,0.08,0.05,0.0,0.0,1.0,1.0,0.0,0.0,1,57534.0
0,1,19,9,1556,0,0,0,0,0,0,1,0,0,0,0,0,0,0,0,0,0,7,6,0.0,0.0,0.0,0.0,0.86,0.29,0.0,142,98,0.25,0.09,0.25,0.02,0.02,0.04,0.0,0.0,0,64879.0
0,2,11,9,43,74,0,0,0,0,0,0,0,0,0,0,0,0,0,0,0,0,128,128,0.0,0.0,0.0,0.0,1.0,0.0,0.0,255,245,0.96,0.01,0.01,0.0,0.0,0.0,0.0,0.0,0,97810.0
0,1,22,9,248,2481,0,0,0,0,0,1,0,0,0,0,0,0,0,0,0,0,5,6,0.0,0.0,0.0,0.0,1.0,0.0,0.33,193,255,1.0,0.0,0.01,0.03,0.0,0.0,0.01,0.0,0,70135.0
0,1,19,5,0,0,0,0,0,0,0,0,0,0,0,0,0,0,0,0,0,0,3,2,1.0,1.0,0.0,0.0,0.67,0.67,0.0,255,59,0.23,0.04,0.0,0.0,1.0,1.0,0.0,0.0,1,69218.0
0,1,28,5,0,0,0,0,0,0,0,0,0,0,0,0,0,0,0,0,0,0,92,1,1.0,1.0,0.0,0.0,0.01,0.07,0.0,255,1,0.0,0.07,0.0,0.0,1.0,1.0,0.0,0.0,1,3436.0
0,1,49,9,1247,327,0,0,0,0,0,1,0,0,0,0,0,0,0,0,0,0,1,1,0.0,0.0,0.0,0.0,1.0,0.0,0.0,39,135,0.56,0.15,0.03,0.01,0.0,0.0,0.0,0.0,0,118440.0
0,1,3,5,0,0,0,0,0,0,0,0,0,0,0,0,0,0,0,0,0,0,122,7,1.0,1.0,0.0,0.0,0.06,0.07,0.0,255,6,0.02,0.06,0.0,0.0,1.0,1.0,0.0,0.0,1,66442.0
0,1,22,9,237,15298,0,0,0,0,0,1,0,0,0,0,0,0,0,0,0,0,2,4,0.0,0.0,0.0,0.0,1.0,0.0,0.75,255,255,1.0,0.0,0.0,0.0,0.0,0.0,0.0,0.0,0,38734.0
0,1,22,9,208,292,0,0,0,0,0,1,0,0,0,0,0,0,0,0,0,0,13,49,0.0,0.0,0.0,0.0,1.0,0.0,0.12,255,255,1.0,0.0,0.0,0.0,0.0,0.0,0.0,0.0,0,67464.0
0,1,7,5,0,0,0,0,0,0,0,0,0,0,0,0,0,0,0,0,0,0,269,19,1.0,1.0,0.0,0.0,0.07,0.04,0.0,255,19,0.07,0.05,0.0,0.0,1.0,1.0,0.0,0.0,1,87578.0
0,2,11,9,33,87,0,0,0,0,0,0,0,0,0,0,0,0,0,0,0,0,1,2,0.0,0.0,0.0,0.0,1.0,0.0,1.0,51,233,1.0,0.0,1.0,0.01,0.0,0.0,0.0,0.0,0,117892.0
0,2,44,9,215,0,0,0,0,0,0,0,0,0,0,0,0,0,0,0,0,0,1,1,0.0,0.0,0.0,0.0,1.0,0.0,0.0,43,35,0.81,0.05,0.81,0.0,0.0,0.0,0.0,0.0,1,44287.0
0,1,15,5,0,0,0,0,0,0,0,0,0,0,0,0,0,0,0,0,0,0,101,18,1.0,1.0,0.0,0.0,0.18,0.06,0.0,255,20,0.08,0.07,0.0,0.0,1.0,1.0,0.0,0.0,1,95500.0
0,1,40,1,0,0,0,0,0,0,0,0,0,0,0,0,0,0,0,0,0,0,511,1,0.01,0.0,0.99,1.0,0.0,1.0,0.0,255,1,0.0,1.0,0.0,0.0,0.02,0.0,0.98,1.0,1,75949.0
0,1,3,5,0,0,0,0,0,0,0,0,0,0,0,0,0,0,0,0,0,0,269,20,1.0,1.0,0.0,0.0,0.07,0.06,0.0,255,20,0.08,0.06,0.0,0.0,1.0,1.0,0.0,0.0,1,81815.0
0,1,44,5,0,0,0,0,0,0,0,0,0,0,0,0,0,0,0,0,0,0,201,6,1.0,1.0,0.0,0.0,0.03,0.06,0.0,255,12,0.05,0.09,0.0,0.0,1.0,1.0,0.0,0.0,1,105768.0
0,1,22,9,216,294,0,0,0,0,0,1,0,0,0,0,0,0,0,0,0,0,14,41,0.0,0.0,0.0,0.0,1.0,0.0,0.05,42,255,1.0,0.0,0.02,0.03,0.0,0.0,0.0,0.0,0,49965.0
0,1,22,9,284,681,0,0,0,0,0,1,0,0,0,0,0,0,0,0,0,0,5,6,0.0,0.0,0.0,0.0,1.0,0.0,0.33,13,255,1.0,0.0,0.08,0.01,0.0,0.01,0.0,0.0,0,15746.0
0,1,61,5,0,0,0,0,0,0,0,0,0,0,0,0,0,0,0,0,0,0,283,19,1.0,1.0,0.0,0.0,0.07,0.06,0.0,255,19,0.07,0.07,0.0,0.0,1.0,1.0,0.0,0.0,1,54091.0
0,1,22,9,297,1484,0,0,0,0,0,1,0,0,0,0,0,0,0,0,0,0,1,1,0.0,0.0,0.0,0.0,1.0,0.0,0.0,47,255,1.0,0.0,0.02,0.07,0.0,0.0,0.0,0.0,0,101857.0
0,1,22,9,331,4823,0,0,0,0,0,1,0,0,0,0,0,0,0,0,0,0,20,29,0.0,0.0,0.0,0.0,1.0,0.0,0.07,255,255,1.0,0.0,0.0,0.0,0.0,0.0,0.0,0.0,0,83936.0
0,2,11,9,42,42,0,0,0,0,0,0,0,0,0,0,0,0,0,0,0,0,116,196,0.0,0.0,0.0,0.0,1.0,0.0,0.01,255,255,1.0,0.0,0.01,0.0,0.0,0.0,0.0,0.0,0,62708.0
0,1,19,9,29,0,0,0,0,0,0,0,0,0,0,0,0,0,0,0,0,0,2,1,0.0,0.0,0.0,0.0,0.5,1.0,0.0,255,73,0.29,0.03,0.29,0.0,0.0,0.0,0.0,0.0,0,53794.0
0,1,22,9,220,457,0,0,0,0,0,1,0,0,0,0,0,0,0,0,0,0,4,8,0.0,0.0,0.0,0.0,1.0,0.0,0.25,154,255,1.0,0.0,0.01,0.05,0.0,0.0,0.01,0.01,0,41943.0
0,1,22,9,316,1195,0,0,0,0,0,1,0,0,0,0,0,0,0,0,0,0,2,7,0.0,0.0,0.0,0.0,1.0,0.0,0.29,138,255,1.0,0.0,0.01,0.02,0.0,0.0,0.0,0.0,0,31712.0
11180,2,40,9,147,105,0,0,0,0,0,0,0,0,0,0,0,0,0,0,0,0,1,1,0.0,0.0,0.0,0.0,1.0,0.0,0.0,255,1,0.0,0.56,0.94,0.0,0.0,0.0,0.0,0.0,0,113180.0
3,1,42,9,66,3573,0,0,0,0,0,1,0,0,0,0,0,0,0,0,0,0,1,1,0.0,0.0,0.0,0.0,1.0,0.0,0.0,213,7,0.03,0.02,0.0,0.0,0.01,0.0,0.0,0.0,0,64695.0
3551,2,40,9,145,105,0,0,0,0,0,0,0,0,0,0,0,0,0,0,0,0,1,1,0.0,0.0,0.0,0.0,1.0,0.0,0.0,255,2,0.01,0.51,0.85,0.0,0.0,0.0,0.0,0.0,0,79298.0
0,1,36,5,0,0,0,0,0,0,0,0,0,0,0,0,0,0,0,0,0,0,193,12,1.0,1.0,0.0,0.0,0.06,0.08,0.0,255,12,0.05,0.08,0.0,0.0,1.0,1.0,0.0,0.0,1,40390.0
0,1,44,1,0,0,0,0,0,0,0,0,0,0,0,0,0,0,0,0,0,0,1,1,0.0,0.0,1.0,1.0,1.0,0.0,0.0,255,1,0.0,0.47,0.4,0.0,0.12,0.0,0.41,1.0,1,31980.0
0,1,29,5,0,0,0,0,0,0,0,0,0,0,0,0,0,0,0,0,0,0,215,7,1.0,1.0,0.0,0.0,0.03,0.07,0.0,255,7,0.03,0.09,0.0,0.0,1.0,1.0,0.0,0.0,1,25451.0
0,1,22,9,263,961,0,0,0,0,0,1,0,0,0,0,0,0,0,0,0,0,11,13,0.0,0.0,0.0,0.0,1.0,0.0,0.23,169,255,1.0,0.0,0.01,0.02,0.0,0.0,0.0,0.0,0,51369.0
0,2,11,9,44,74,0,0,0,0,0,0,0,0,0,0,0,0,0,0,0,0,248,248,0.0,0.0,0.0,0.0,1.0,0.0,0.0,255,254,1.0,0.01,0.0,0.0,0.0,0.0,0.0,0.0,0,6597.0
0,1,22,9,282,263,0,0,0,0,0,1,0,0,0,0,0,0,0,0,0,0,23,36,0.0,0.0,0.0,0.0,1.0,0.0,0.14,255,255,1.0,0.0,0.0,0.0,0.0,0.0,0.0,0.0,0,58137.0
0,2,40,9,516,4,0,0,0,0,0,0,0,0,0,0,0,0,0,0,0,0,433,433,0.0,0.0,0.0,0.0,1.0,0.0,0.0,255,255,1.0,0.0,1.0,0.0,0.0,0.0,0.0,0.0,0,124355.0
0,1,25,5,0,0,0,0,0,0,0,0,0,0,0,0,0,0,0,0,0,0,106,19,1.0,1.0,0.0,0.0,0.18,0.07,0.0,255,6,0.02,0.08,0.0,0.0,1.0,1.0,0.0,0.0,1,27677.0
0,0,13,9,8,0,0,0,0,0,0,0,0,0,0,0,0,0,0,0,0,0,1,15,0.0,0.0,0.0,0.0,1.0,0.0,1.0,1,25,1.0,0.0,1.0,0.52,0.0,0.0,0.0,0.0,1,82949.0
0,1,22,9,335,6956,0,0,0,0,0,1,0,0,0,0,0,0,0,0,0,0,3,17,0.0,0.0,0.0,0.0,1.0,0.0,0.12,255,255,1.0,0.0,0.0,0.0,0.0,0.0,0.0,0.0,0,8040.0
0,1,22,9,309,464,0,0,0,0,0,1,0,0,0,0,0,0,0,0,0,0,5,5,0.0,0.0,0.0,0.0,1.0,0.0,0.0,23,255,1.0,0.0,0.04,0.04,0.0,0.0,0.0,0.0,0,122638.0
0,1,28,5,0,0,0,0,0,0,0,0,0,0,0,0,0,0,0,0,0,0,258,7,1.0,1.0,0.0,0.0,0.03,0.05,0.0,255,7,0.03,0.05,0.0,0.0,1.0,1.0,0.0,0.0,1,2962.0
0,1,2,5,0,0,0,0,0,0,0,0,0,0,0,0,0,0,0,0,0,0,272,7,1.0,1.0,0.0,0.0,0.03,0.06,0.0,255,7,0.03,0.06,0.0,0.0,1.0,1.0,0.0,0.0,1,43104.0
0,1,22,9,300,375,0,0,0,0,0,1,0,0,0,0,0,0,0,0,0,0,1,20,0.0,0.0,0.0,0.0,1.0,0.0,0.1,167,255,1.0,0.0,0.01,0.01,0.0,0.0,0.0,0.0,0,18207.0
0,1,22,9,299,392,0,0,0,0,0,1,0,0,0,0,0,0,0,0,0,0,7,7,0.0,0.0,0.0,0.0,1.0,0.0,0.0,191,255,1.0,0.0,0.01,0.02,0.0,0.0,0.0,0.0,0,15804.0
0,1,22,9,228,882,0,0,0,0,0,1,0,0,0,0,0,0,0,0,0,0,28,29,0.0,0.0,0.0,0.0,1.0,0.0,0.07,98,255,1.0,0.0,0.01,0.05,0.0,0.0,0.0,0.0,0,108673.0
0,1,44,5,0,0,0,0,0,0,0,0,0,0,0,0,0,0,0,0,0,0,148,4,1.0,1.0,0.0,0.0,0.03,0.07,0.0,255,4,0.02,0.06,0.0,0.0,1.0,1.0,0.0,0.0,1,69586.0
0,1,22,9,299,6534,0,0,0,0,0,1,0,0,0,0,0,0,0,0,0,0,23,44,0.0,0.0,0.0,0.0,1.0,0.0,0.09,97,255,1.0,0.0,0.01,0.06,0.0,0.0,0.0,0.0,0,88299.0
0,1,44,5,0,0,0,0,0,0,0,0,0,0,0,0,0,0,0,0,0,0,228,5,1.0,1.0,0.0,0.0,0.02,0.07,0.0,255,5,0.02,0.07,0.0,0.0,1.0,1.0,0.0,0.0,1,67075.0
0,2,44,9,28,0,0,3,0,0,0,0,0,0,0,0,0,0,0,0,0,0,6,6,0.0,0.0,0.0,0.0,1.0,0.0,0.0,255,6,0.02,0.02,0.02,0.0,0.0,0.0,0.76,0.0,1,60352.0
0,1,25,1,0,0,0,0,0,0,0,0,0,0,0,0,0,0,0,0,0,0,284,17,0.0,0.0,1.0,1.0,0.06,0.06,0.0,255,17,0.07,0.08,0.0,0.0,0.0,0.0,1.0,1.0,1,82030.0
0,1,22,9,321,13965,0,0,0,0,0,1,0,0,0,0,0,0,0,0,0,0,5,5,0.0,0.0,0.0,0.0,1.0,0.0,0.0,5,255,1.0,0.0,0.2,0.06,0.0,0.0,0.0,0.0,0,107540.0
0,1,32,5,0,0,0,0,0,0,0,0,0,0,0,0,0,0,0,0,0,0,213,7,1.0,1.0,0.0,0.0,0.03,0.07,0.0,255,18,0.07,0.08,0.0,0.0,1.0,1.0,0.0,0.0,1,104319.0
0,2,11,9,46,137,0,0,0,0,0,0,0,0,0,0,0,0,0,0,0,0,65,145,0.0,0.0,0.0,0.0,1.0,0.0,0.01,255,255,1.0,0.0,0.0,0.0,0.0,0.0,0.0,0.0,0,36705.0
0,1,44,4,0,0,0,0,0,0,0,0,0,0,0,0,0,0,0,0,0,0,1,1,0.0,0.0,1.0,1.0,1.0,0.0,0.0,216,1,0.0,0.55,0.55,0.0,0.0,0.0,0.54,1.0,1,67063.0
0,2,11,9,45,111,0,0,0,0,0,0,0,0,0,0,0,0,0,0,0,0,51,266,0.0,0.0,0.0,0.0,1.0,0.0,0.01,109,200,0.86,0.02,0.86,0.01,0.0,0.0,0.1,0.0,0,68149.0
0,1,22,5,0,0,0,0,0,0,0,0,0,0,0,0,0,0,0,0,0,0,43,15,1.0,1.0,0.0,0.0,0.35,0.09,0.0,255,65,0.25,0.02,0.0,0.0,1.0,1.0,0.0,0.0,1,57190.0
0,1,22,9,303,622,0,0,0,0,0,1,0,0,0,0,0,0,0,0,0,0,39,39,0.0,0.0,0.0,0.0,1.0,0.0,0.0,114,255,1.0,0.0,0.01,0.02,0.0,0.0,0.0,0.0,0,24445.0
0,1,22,9,369,6968,0,0,0,0,0,1,0,0,0,0,0,0,0,0,0,0,2,2,0.0,0.0,0.0,0.0,1.0,0.0,0.0,70,255,1.0,0.0,0.01,0.01,0.0,0.0,0.0,0.0,0,118220.0
0,1,52,5,0,0,0,0,0,0,0,0,0,0,0,0,0,0,0,0,0,0,142,13,1.0,1.0,0.0,0.0,0.09,0.06,0.0,255,7,0.03,0.07,0.0,0.0,1.0,1.0,0.0,0.0,1,42118.0
0,0,14,9,1032,0,0,0,0,0,0,0,0,0,0,0,0,0,0,0,0,0,510,510,0.0,0.0,0.0,0.0,1.0,0.0,0.0,255,8,0.03,0.18,0.03,0.0,0.0,0.0,0.0,0.0,1,110108.0
0,1,22,9,229,1797,0,0,0,0,0,1,0,0,0,0,0,0,0,0,0,0,49,49,0.0,0.0,0.0,0.0,1.0,0.0,0.0,255,255,1.0,0.0,0.0,0.0,0.0,0.0,0.0,0.0,0,50312.0
0,1,28,5,0,0,0,0,0,0,0,0,0,0,0,0,0,0,0,0,0,0,249,14,1.0,1.0,0.0,0.0,0.06,0.06,0.0,255,14,0.05,0.06,0.0,0.0,1.0,1.0,0.0,0.0,1,61371.0
0,1,22,9,175,1070,0,0,0,0,0,1,0,0,0,0,0,0,0,0,0,0,17,17,0.0,0.0,0.0,0.0,1.0,0.0,0.0,65,255,1.0,0.0,0.02,0.04,0.0,0.0,0.0,0.0,0,99622.0
0,1,22,9,204,1581,0,0,0,0,0,1,0,0,0,0,0,0,0,0,0,0,18,18,0.0,0.0,0.0,0.0,1.0,0.0,0.0,18,255,1.0,0.0,0.06,0.08,0.0,0.0,0.0,0.0,0,51375.0
0,1,22,9,290,1006,0,0,0,0,0,1,0,0,0,0,0,0,0,0,0,0,8,8,0.0,0.0,0.0,0.0,1.0,0.0,0.0,77,255,1.0,0.0,0.01,0.01,0.0,0.0,0.0,0.0,0,78113.0
0,1,22,9,208,1535,0,0,0,0,0,1,0,0,0,0,0,0,0,0,0,0,10,10,0.0,0.0,0.0,0.0,1.0,0.0,0.0,255,255,1.0,0.0,0.0,0.0,0.0,0.0,0.0,0.0,0,17369.0
0,1,53,1,0,0,0,0,0,0,0,0,0,0,0,0,0,0,0,0,0,0,237,18,0.0,0.0,1.0,1.0,0.08,0.06,0.0,255,18,0.07,0.07,0.0,0.0,0.0,0.0,1.0,1.0,1,61515.0
0,1,55,5,0,0,0,0,0,0,0,0,0,0,0,0,0,0,0,0,0,0,77,20,1.0,1.0,0.0,0.0,0.26,0.05,0.0,255,69,0.27,0.02,0.01,0.0,1.0,1.0,0.0,0.0,1,101257.0
0,1,22,9,302,4199,0,0,0,0,0,1,0,0,0,0,0,0,0,0,0,0,2,3,0.0,0.0,0.0,0.0,1.0,0.0,0.67,15,255,1.0,0.0,0.07,0.07,0.0,0.0,0.0,0.0,0,54647.0
0,1,19,9,88382,0,0,0,0,0,0,1,0,0,0,1,0,0,0,0,0,0,19,19,0.0,0.0,0.0,0.0,1.0,0.0,0.0,255,25,0.1,0.79,0.1,0.0,0.0,0.0,0.0,0.0,0,120329.0
0,1,49,5,0,0,0,0,0,0,0,0,0,0,0,0,0,0,0,0,0,0,2,2,0.5,0.5,0.0,0.0,1.0,0.0,0.0,160,101,0.4,0.05,0.01,0.02,0.01,0.02,0.0,0.0,0,306.0
0,1,22,9,212,9911,0,0,0,0,0,1,0,0,0,0,0,0,0,0,0,0,4,4,0.0,0.0,0.0,0.0,1.0,0.0,0.0,28,255,1.0,0.0,0.04,0.02,0.04,0.0,0.0,0.0,0,6248.0
0,1,22,9,211,2343,0,0,0,0,0,1,0,0,0,0,0,0,0,0,0,0,2,3,0.0,0.0,0.0,0.0,1.0,0.0,0.67,31,255,1.0,0.0,0.03,0.04,0.0,0.0,0.0,0.0,0,77714.0
0,1,44,5,0,0,0,0,0,0,0,0,0,0,0,0,0,0,0,0,0,0,85,11,1.0,1.0,0.0,0.0,0.13,0.06,0.0,255,8,0.03,0.07,0.0,0.0,1.0,1.0,0.0,0.0,1,5163.0
0,0,14,9,520,0,0,0,0,0,0,0,0,0,0,0,0,0,0,0,0,0,52,52,0.0,0.0,0.0,0.0,1.0,0.0,0.0,255,255,1.0,0.0,1.0,0.0,0.0,0.0,0.0,0.0,1,1362.0
0,1,22,9,168,2317,0,0,0,0,0,1,0,0,0,0,0,0,0,0,0,0,12,12,0.0,0.0,0.0,0.0,1.0,0.0,0.0,34,255,1.0,0.0,0.03,0.04,0.0,0.0,0.0,0.0,0,86890.0
0,2,11,9,36,0,0,0,0,0,0,0,0,0,0,0,0,0,0,0,0,0,4,4,0.0,0.0,0.0,0.0,1.0,0.0,0.0,82,255,1.0,0.0,1.0,0.01,0.0,0.0,0.0,0.0,0,66398.0
0,1,30,5,0,0,0,0,0,0,0,0,0,0,0,0,0,0,0,0,0,0,108,1,1.0,1.0,0.0,0.0,0.01,0.07,0.0,255,1,0.0,0.06,0.0,0.0,1.0,1.0,0.0,0.0,1,19576.0
0,1,19,9,71,0,0,0,0,0,0,0,0,0,0,0,0,0,0,0,0,0,1,1,0.0,0.0,0.0,0.0,1.0,0.0,0.0,255,50,0.2,0.02,0.2,0.0,0.42,0.0,0.0,0.0,0,88357.0
0,1,22,9,269,1283,0,0,0,0,0,1,0,0,0,0,0,0,0,0,0,0,1,1,0.0,0.0,0.0,0.0,1.0,0.0,0.0,255,232,0.91,0.01,0.0,0.0,0.0,0.0,0.0,0.0,0,70909.0
0,1,53,5,0,0,0,0,0,0,0,0,0,0,0,0,0,0,0,0,0,0,113,3,1.0,1.0,0.0,0.0,0.03,0.05,0.0,255,3,0.01,0.05,0.0,0.0,1.0,1.0,0.0,0.0,1,124495.0
0,1,40,1,0,0,0,0,0,0,0,0,0,0,0,0,0,0,0,0,0,0,510,1,0.18,0.0,0.82,1.0,0.0,1.0,0.0,255,1,0.0,1.0,0.0,0.0,0.19,0.0,0.81,1.0,1,26623.0
0,0,13,9,18,0,0,0,0,0,0,0,0,0,0,0,0,0,0,0,0,0,1,1,0.0,0.0,0.0,0.0,1.0,0.0,0.0,4,140,1.0,0.0,1.0,0.25,0.0,0.0,0.0,0.0,1,42627.0
0,1,32,5,0,0,0,0,0,0,0,0,0,0,0,0,0,0,0,0,0,0,179,6,1.0,1.0,0.0,0.0,0.03,0.07,0.0,255,6,0.02,0.07,0.0,0.0,1.0,1.0,0.0,0.0,1,122014.0
0,1,22,9,253,7473,0,0,0,0,0,1,0,0,0,0,0,0,0,0,0,0,9,9,0.0,0.0,0.0,0.0,1.0,0.0,0.0,243,255,1.0,0.0,0.0,0.01,0.0,0.0,0.0,0.0,0,87907.0
0,1,35,5,0,0,0,0,0,0,0,0,0,0,0,0,0,0,0,0,0,0,65,7,1.0,1.0,0.0,0.0,0.11,0.08,0.0,255,13,0.05,0.07,0.0,0.0,1.0,1.0,0.0,0.0,1,13680.0
0,1,2,5,0,0,0,0,0,0,0,0,0,0,0,0,0,0,0,0,0,0,273,7,1.0,1.0,0.0,0.0,0.03,0.05,0.0,255,7,0.03,0.05,0.0,0.0,1.0,1.0,0.0,0.0,1,46313.0
0,1,22,9,290,761,0,0,0,0,0,1,0,0,0,0,0,0,0,0,0,0,2,2,0.0,0.0,0.0,0.0,1.0,0.0,0.0,255,255,1.0,0.0,0.0,0.0,0.0,0.0,0.0,0.0,0,63465.0
0,1,23,1,0,0,0,0,0,0,0,0,0,0,0,0,0,0,0,0,0,0,107,13,0.0,0.0,1.0,1.0,0.12,0.07,0.0,255,13,0.05,0.05,0.0,0.0,0.0,0.0,1.0,1.0,1,105958.0
0,1,44,5,0,0,0,0,0,0,0,0,0,0,0,0,0,0,0,0,0,0,220,5,1.0,1.0,0.0,0.0,0.02,0.07,0.0,255,6,0.02,0.07,0.0,0.0,1.0,1.0,0.0,0.0,1,34583.0
0,2,40,9,147,0,0,0,0,0,0,0,0,0,0,0,0,0,0,0,0,0,1,1,0.0,0.0,0.0,0.0,1.0,0.0,0.0,255,2,0.01,0.57,0.87,0.0,0.0,0.0,0.0,0.0,0,52277.0
0,1,60,5,0,0,0,0,0,0,0,0,0,0,0,0,0,0,0,0,0,0,131,8,1.0,1.0,0.0,0.0,0.06,0.05,0.0,255,8,0.03,0.05,0.0,0.0,1.0,1.0,0.0,0.0,1,88034.0
0,2,11,9,45,137,0,0,0,0,0,0,0,0,0,0,0,0,0,0,0,0,310,310,0.0,0.0,0.0,0.0,1.0,0.0,0.0,255,254,1.0,0.01,0.0,0.0,0.0,0.0,0.0,0.0,0,91101.0
0,1,19,9,7077,0,0,0,0,0,0,1,0,0,0,0,0,0,0,0,0,0,5,5,0.0,0.0,0.0,0.0,1.0,0.0,0.0,98,98,0.56,0.05,0.56,0.02,0.0,0.01,0.0,0.0,0,116291.0
0,2,11,9,44,88,0,0,0,0,0,0,0,0,0,0,0,0,0,0,0,0,157,157,0.0,0.0,0.0,0.0,1.0,0.0,0.0,255,166,0.65,0.01,0.0,0.0,0.0,0.0,0.0,0.0,0,86775.0
377,1,49,9,2533,438,0,0,0,0,0,1,0,0,0,0,0,0,0,0,0,0,1,1,0.0,0.0,0.0,0.0,1.0,0.0,0.0,219,67,0.19,0.32,0.0,0.03,0.0,0.0,0.3,0.0,0,89302.0
0,1,22,9,208,7763,0,0,0,0,0,1,0,0,0,0,0,0,0,0,0,0,21,21,0.0,0.0,0.0,0.0,1.0,0.0,0.0,43,255,1.0,0.0,0.02,0.08,0.0,0.0,0.0,0.0,0,60738.0
0,1,62,5,0,0,0,0,0,0,0,0,0,0,0,0,0,0,0,0,0,0,276,8,1.0,1.0,0.0,0.0,0.03,0.06,0.0,255,8,0.03,0.08,0.0,0.0,1.0,1.0,0.0,0.0,1,83315.0
0,1,19,5,0,0,0,0,0,0,0,0,0,0,0,0,0,0,0,0,0,0,35,18,1.0,1.0,0.0,0.0,0.51,0.06,0.0,255,62,0.24,0.02,0.01,0.0,1.0,1.0,0.0,0.0,1,101007.0
0,1,22,9,209,5766,0,0,0,0,0,1,0,0,0,0,0,0,0,0,0,0,10,16,0.0,0.0,0.0,0.0,1.0,0.0,0.12,76,255,1.0,0.0,0.01,0.02,0.0,0.0,0.0,0.0,0,77412.0
0,1,22,9,305,1130,0,0,0,0,0,1,0,0,0,0,0,0,0,0,0,0,1,34,0.0,0.0,0.0,0.0,1.0,0.0,0.24,255,255,1.0,0.0,0.0,0.0,0.0,0.0,0.0,0.0,0,44189.0
0,2,11,9,33,95,0,0,0,0,0,0,0,0,0,0,0,0,0,0,0,0,1,1,0.0,0.0,0.0,0.0,1.0,0.0,0.0,146,91,0.62,0.03,0.01,0.0,0.0,0.0,0.0,0.0,0,73285.0
0,1,44,1,0,0,0,0,0,0,0,0,0,0,0,0,0,0,0,0,0,0,163,17,0.0,0.0,1.0,1.0,0.1,0.06,0.0,255,17,0.07,0.06,0.0,0.0,0.0,0.0,1.0,1.0,1,40594.0
0,1,22,9,222,1529,0,0,0,0,0,1,0,0,0,0,0,0,0,0,0,0,3,3,0.0,0.0,0.0,0.0,1.0,0.0,0.0,255,255,1.0,0.0,0.0,0.0,0.0,0.0,0.0,0.0,0,2597.0
2,1,18,9,1231,2451,0,0,0,28,0,1,0,0,0,0,0,0,0,0,0,1,1,1,0.0,0.0,0.0,0.0,1.0,0.0,0.0,210,38,0.18,0.02,0.0,0.0,0.0,0.0,0.01,0.0,1,1359.0
0,1,22,1,0,0,0,0,0,0,0,0,0,0,0,0,0,0,0,0,0,0,1,1,0.0,0.0,1.0,1.0,1.0,0.0,0.0,38,223,1.0,0.0,0.03,0.14,0.0,0.0,1.0,0.97,0,83594.0
0,1,22,9,290,9703,0,0,0,0,0,1,0,0,0,0,0,0,0,0,0,0,2,5,0.0,0.0,0.0,0.0,1.0,0.0,0.8,2,255,1.0,0.0,0.5,0.05,0.0,0.0,0.0,0.0,0,116252.0
0,0,13,9,8,0,0,0,0,0,0,0,0,0,0,0,0,0,0,0,0,0,1,13,0.0,0.0,0.0,0.0,1.0,0.0,1.0,4,41,1.0,0.0,1.0,0.27,0.0,0.0,0.0,0.0,1,40459.0
0,1,9,5,0,0,0,0,0,0,0,0,0,0,0,0,0,0,0,0,0,0,273,18,1.0,1.0,0.0,0.0,0.07,0.06,0.0,255,18,0.07,0.08,0.01,0.0,1.0,1.0,0.0,0.0,1,17049.0
0,1,22,9,319,983,0,0,0,0,0,1,0,0,0,0,0,0,0,0,0,0,4,4,0.0,0.0,0.0,0.0,1.0,0.0,0.0,144,255,1.0,0.0,0.01,0.01,0.0,0.0,0.08,0.05,0,62159.0
0,1,22,9,297,12884,0,0,0,0,0,1,0,0,0,0,0,0,0,0,0,0,10,10,0.0,0.0,0.0,0.0,1.0,0.0,0.0,71,71,1.0,0.0,0.01,0.0,0.0,0.0,0.0,0.0,0,96444.0
0,1,62,5,0,0,0,0,0,0,0,0,0,0,0,0,0,0,0,0,0,0,228,5,1.0,1.0,0.0,0.0,0.02,0.06,0.0,255,5,0.02,0.07,0.0,0.0,1.0,1.0,0.0,0.0,1,35422.0
0,1,5,5,0,0,0,0,0,0,0,0,0,0,0,0,0,0,0,0,0,0,115,3,1.0,1.0,0.0,0.0,0.03,0.07,0.0,255,4,0.02,0.07,0.0,0.0,1.0,1.0,0.0,0.0,1,16918.0
0,0,14,9,520,0,0,0,0,0,0,0,0,0,0,0,0,0,0,0,0,0,480,480,0.0,0.0,0.0,0.0,1.0,0.0,0.0,136,136,1.0,0.0,1.0,0.0,0.0,0.0,0.0,0.0,1,121749.0
0,2,11,9,44,44,0,0,0,0,0,0,0,0,0,0,0,0,0,0,0,0,86,168,0.0,0.0,0.0,0.0,1.0,0.0,0.02,255,254,1.0,0.01,0.01,0.0,0.0,0.0,0.0,0.0,0,22249.0
0,1,22,9,229,1400,0,0,0,0,0,1,0,0,0,0,0,0,0,0,0,0,21,22,0.0,0.0,0.0,0.0,1.0,0.0,0.09,255,255,1.0,0.0,0.0,0.0,0.0,0.0,0.0,0.0,0,51248.0
0,1,49,9,1234,327,0,0,0,0,0,1,0,0,0,0,0,0,0,0,0,0,1,1,0.0,0.0,0.0,0.0,1.0,0.0,0.0,255,180,0.71,0.02,0.0,0.0,0.0,0.0,0.0,0.0,0,67883.0
0,1,22,9,201,7911,0,0,0,0,0,1,0,0,0,0,0,0,0,0,0,0,20,20,0.0,0.0,0.0,0.0,1.0,0.0,0.0,180,255,1.0,0.0,0.01,0.04,0.0,0.0,0.0,0.0,0,64067.0
0,1,44,5,0,0,0,0,0,0,0,0,0,0,0,0,0,0,0,0,0,0,67,3,1.0,1.0,0.0,0.0,0.04,0.09,0.0,255,13,0.05,0.07,0.0,0.0,1.0,1.0,0.0,0.0,1,68998.0
0,0,13,9,8,0,0,0,0,0,0,0,0,0,0,0,0,0,0,0,0,0,1,48,0.0,0.0,0.0,0.0,1.0,0.0,1.0,2,158,1.0,0.0,1.0,0.5,0.0,0.0,0.0,0.0,1,74023.0
0,1,54,5,0,0,0,0,0,0,0,0,0,0,0,0,0,0,0,0,0,0,248,16,1.0,1.0,0.0,0.0,0.06,0.06,0.0,255,16,0.06,0.08,0.0,0.0,1.0,1.0,0.0,0.0,1,61370.0
0,1,22,9,232,885,0,0,0,0,0,1,0,0,0,0,0,0,0,0,0,0,22,22,0.0,0.0,0.0,0.0,1.0,0.0,0.0,117,255,1.0,0.0,0.01,0.05,0.0,0.0,0.0,0.0,0,37103.0
0,1,38,5,0,0,0,0,0,0,0,0,0,0,0,0,0,0,0,0,0,0,36,17,1.0,1.0,0.0,0.0,0.47,0.14,0.0,255,17,0.07,0.07,0.0,0.0,1.0,1.0,0.0,0.0,1,113792.0
0,0,14,9,520,0,0,0,0,0,0,0,0,0,0,0,0,0,0,0,0,0,27,27,0.0,0.0,0.0,0.0,1.0,0.0,0.0,255,255,1.0,0.0,1.0,0.0,0.0,0.0,0.0,0.0,1,79037.0
0,1,44,5,0,0,0,0,0,0,0,0,0,0,0,0,0,0,0,0,0,0,20,4,1.0,1.0,0.0,0.0,0.2,0.2,0.0,255,8,0.03,0.08,0.0,0.0,1.0,1.0,0.0,0.0,1,99072.0
0,1,55,5,0,0,0,0,0,0,0,0,0,0,0,0,0,0,0,0,0,0,38,12,1.0,1.0,0.0,0.0,0.32,0.08,0.0,255,72,0.28,0.02,0.0,0.0,1.0,1.0,0.0,0.0,1,67072.0
0,1,44,1,0,0,0,0,0,0,0,0,0,0,0,0,0,0,0,0,0,0,271,18,0.0,0.0,1.0,1.0,0.07,0.06,0.0,255,28,0.11,0.07,0.0,0.0,0.0,0.0,1.0,1.0,1,22835.0
0,1,60,5,0,0,0,0,0,0,0,0,0,0,0,0,0,0,0,0,0,0,254,3,1.0,1.0,0.0,0.0,0.01,0.06,0.0,255,14,0.05,0.07,0.0,0.0,1.0,1.0,0.0,0.0,1,14948.0
0,1,44,1,0,0,0,0,0,0,0,0,0,0,0,0,0,0,0,0,0,0,2,1,0.0,0.0,1.0,1.0,0.5,1.0,0.0,255,1,0.0,0.91,0.89,0.0,0.0,0.0,0.89,1.0,1,75754.0
0,1,22,9,223,14244,0,0,0,0,0,1,0,0,0,0,0,0,0,0,0,0,4,6,0.0,0.0,0.0,0.0,1.0,0.0,0.5,25,255,1.0,0.0,0.04,0.06,0.0,0.0,0.0,0.0,0,89392.0
0,2,11,9,44,113,0,0,0,0,0,0,0,0,0,0,0,0,0,0,0,0,1,2,0.0,0.0,0.0,0.0,1.0,0.0,1.0,65,42,0.65,0.05,0.05,0.0,0.0,0.0,0.0,0.0,0,37225.0
0,2,44,9,1,1,0,0,0,0,0,0,0,0,0,0,0,0,0,0,0,0,6,3,0.0,0.0,0.0,0.0,0.5,0.33,0.0,255,3,0.01,0.98,0.02,0.0,0.2,0.0,0.78,0.0,1,93763.0
0,1,22,9,151,8719,0,0,0,0,0,1,0,0,0,0,0,0,0,0,0,0,1,1,0.0,0.0,0.0,0.0,1.0,0.0,0.0,255,255,1.0,0.0,0.0,0.0,0.0,0.0,0.0,0.0,0,9120.0
0,1,22,9,238,2225,0,0,0,0,0,1,0,0,0,0,0,0,0,0,0,0,11,41,0.0,0.0,0.0,0.0,1.0,0.0,0.05,255,255,1.0,0.0,0.0,0.0,0.0,0.0,0.0,0.0,0,69634.0
9,1,44,4,0,0,0,0,0,0,0,0,0,0,0,0,0,0,0,0,0,0,1,1,0.0,0.0,1.0,1.0,1.0,0.0,0.0,255,1,0.0,0.02,0.01,0.0,0.0,0.0,0.01,1.0,1,55026.0
0,1,22,9,286,8422,0,0,0,0,0,1,0,0,0,0,0,0,0,0,0,0,9,9,0.0,0.0,0.0,0.0,1.0,0.0,0.0,255,255,1.0,0.0,0.0,0.0,0.0,0.0,0.0,0.0,0,19095.0
0,1,22,9,385,774,0,0,0,0,0,1,0,0,0,0,0,0,0,0,0,0,6,11,0.0,0.0,0.0,0.0,1.0,0.0,0.18,182,255,1.0,0.0,0.01,0.01,0.0,0.0,0.0,0.0,0,37638.0
0,1,6,5,0,0,0,0,0,0,0,0,0,0,0,0,0,0,0,0,0,0,265,7,1.0,1.0,0.0,0.0,0.03,0.06,0.0,255,8,0.03,0.06,0.0,0.0,1.0,1.0,0.0,0.0,1,15309.0
0,1,22,9,246,8932,0,0,0,0,0,1,0,0,0,0,0,0,0,0,0,0,17,38,0.0,0.0,0.0,0.03,1.0,0.0,0.08,255,255,1.0,0.0,0.0,0.0,0.0,0.0,0.0,0.0,0,114216.0
0,2,11,9,42,132,0,0,0,0,0,0,0,0,0,0,0,0,0,0,0,0,78,158,0.0,0.0,0.0,0.0,1.0,0.0,0.01,255,255,1.0,0.0,0.0,0.0,0.0,0.0,0.0,0.0,0,1428.0
0,1,22,9,198,6136,0,0,0,0,0,1,0,0,0,0,0,0,0,0,0,0,1,1,0.0,0.0,0.0,0.0,1.0,0.0,0.0,255,241,0.95,0.02,0.0,0.0,0.0,0.0,0.0,0.0,0,20119.0
699,2,40,9,145,105,0,0,0,0,0,0,0,0,0,0,0,0,0,0,0,0,1,1,0.0,0.0,0.0,0.0,1.0,0.0,0.0,255,3,0.01,0.44,0.81,0.0,0.0,0.0,0.0,0.0,0,123822.0
0,1,49,9,2582,330,0,0,0,0,0,1,0,0,0,0,0,0,0,0,0,0,1,1,0.0,0.0,0.0,0.0,1.0,0.0,0.0,159,128,0.47,0.03,0.01,0.02,0.0,0.0,0.03,0.05,0,41491.0
0,0,13,9,8,0,0,0,0,0,0,0,0,0,0,0,0,0,0,0,0,0,1,40,0.0,0.0,0.0,0.0,1.0,0.0,1.0,1,113,1.0,0.0,1.0,0.5,0.0,0.0,0.0,0.0,1,36214.0
0,1,32,5,0,0,0,0,0,0,0,0,0,0,0,0,0,0,0,0,0,0,253,2,1.0,1.0,0.0,0.0,0.01,0.06,0.0,255,2,0.01,0.06,0.0,0.0,1.0,1.0,0.0,0.0,1,56631.0
0,1,44,5,0,0,0,0,0,0,0,0,0,0,0,0,0,0,0,0,0,0,198,18,1.0,1.0,0.0,0.0,0.09,0.07,0.0,255,17,0.07,0.06,0.0,0.0,1.0,1.0,0.0,0.0,1,64160.0
0,1,22,9,319,1165,0,0,0,0,0,1,0,0,0,0,0,0,0,0,0,0,11,22,0.0,0.0,0.0,0.0,1.0,0.0,0.09,52,255,1.0,0.0,0.02,0.05,0.0,0.0,0.0,0.0,0,112383.0
0,1,22,9,171,10217,0,0,0,0,0,1,0,0,0,0,0,0,0,0,0,0,1,1,0.0,0.0,0.0,0.0,1.0,0.0,0.0,1,255,1.0,0.0,1.0,0.01,0.0,0.0,0.0,0.0,0,35364.0
0,1,22,9,301,2545,0,0,0,0,0,1,0,0,0,0,0,0,0,0,0,0,5,5,0.0,0.0,0.0,0.0,1.0,0.0,0.0,255,255,1.0,0.0,0.0,0.0,0.0,0.0,0.0,0.0,0,34689.0
0,1,22,9,355,722,0,0,0,0,0,1,0,0,0,0,0,0,0,0,0,0,5,5,0.0,0.0,0.0,0.0,1.0,0.0,0.0,203,255,1.0,0.0,0.0,0.01,0.0,0.0,0.0,0.0,0,119912.0
0,2,44,9,28,0,0,3,0,0,0,0,0,0,0,0,0,0,0,0,0,0,47,47,0.0,0.0,0.0,0.0,1.0,0.0,0.0,255,47,0.18,0.02,0.18,0.0,0.0,0.0,0.0,0.0,1,64893.0
0,1,22,9,316,1451,0,0,0,0,0,1,0,0,0,0,0,0,0,0,0,0,12,17,0.0,0.0,0.0,0.0,1.0,0.0,0.12,59,255,1.0,0.0,0.02,0.05,0.0,0.0,0.61,0.56,0,78921.0
13878,1,40,4,1,0,0,0,0,0,0,0,0,0,0,0,0,0,0,0,0,0,2,2,0.0,0.0,1.0,1.0,1.0,0.0,0.0,255,2,0.01,0.68,1.0,0.0,0.0,0.0,1.0,1.0,1,103098.0
0,1,44,5,0,0,0,0,0,0,0,0,0,0,0,0,0,0,0,0,0,0,269,8,1.0,1.0,0.0,0.0,0.03,0.06,0.0,255,11,0.04,0.06,0.0,0.0,1.0,1.0,0.0,0.0,1,74178.0
0,1,44,5,0,0,0,0,0,0,0,0,0,0,0,0,0,0,0,0,0,0,288,9,1.0,1.0,0.0,0.0,0.03,0.06,0.0,255,9,0.04,0.06,0.0,0.0,1.0,1.0,0.0,0.0,1,62846.0
0,1,22,9,285,10053,0,0,0,0,0,1,0,0,0,0,0,0,0,0,0,0,4,4,0.0,0.0,0.0,0.0,1.0,0.0,0.0,20,255,1.0,0.0,0.05,0.04,0.0,0.0,0.0,0.0,0,16427.0
231,1,22,9,331,278,0,0,0,0,0,1,0,0,0,0,0,0,0,0,0,0,2,2,0.0,0.0,0.0,0.0,1.0,0.0,0.0,255,254,1.0,0.01,0.0,0.0,0.0,0.0,0.0,0.0,0,124185.0
0,1,44,5,0,0,0,0,0,0,0,0,0,0,0,0,0,0,0,0,0,0,212,3,1.0,1.0,0.0,0.0,0.01,0.07,0.0,255,3,0.01,0.1,0.0,0.0,1.0,1.0,0.0,0.0,1,27340.0
0,1,2,5,0,0,0,0,0,0,0,0,0,0,0,0,0,0,0,0,0,0,229,8,1.0,1.0,0.0,0.0,0.03,0.06,0.0,255,13,0.05,0.08,0.0,0.0,1.0,1.0,0.0,0.0,1,84547.0
0,0,13,9,8,0,0,0,0,0,0,0,0,0,0,0,0,0,0,0,0,0,1,38,0.0,0.0,0.0,0.0,1.0,0.0,1.0,1,177,1.0,0.0,1.0,0.5,0.0,0.0,0.0,0.0,1,110839.0
0,1,44,1,0,0,0,0,0,0,0,0,0,0,0,0,0,0,0,0,0,0,2,1,0.0,0.0,1.0,1.0,0.5,1.0,0.0,255,1,0.0,0.41,0.35,0.0,0.18,0.0,0.35,1.0,1,91281.0
0,1,4,5,0,0,0,0,0,0,0,0,0,0,0,0,0,0,0,0,0,0,266,8,1.0,1.0,0.0,0.0,0.03,0.06,0.0,255,8,0.03,0.07,0.0,0.0,1.0,1.0,0.0,0.0,1,55428.0
0,1,44,5,0,0,0,0,0,0,0,0,0,0,0,0,0,0,0,0,0,0,142,10,1.0,1.0,0.0,0.0,0.07,0.06,0.0,255,12,0.05,0.06,0.0,0.0,1.0,1.0,0.0,0.0,1,64993.0
5,2,44,9,105,147,0,0,0,0,0,0,0,0,0,0,0,0,0,0,0,0,2,2,0.0,0.0,0.0,0.0,1.0,0.0,0.0,255,247,0.97,0.01,0.01,0.0,0.0,0.0,0.0,0.0,0,84471.0
0,1,17,5,0,0,0,0,0,0,0,0,0,0,0,0,0,0,0,0,0,0,49,13,1.0,1.0,0.0,0.0,0.27,0.08,0.0,255,53,0.21,0.03,0.01,0.0,1.0,1.0,0.0,0.0,1,27011.0
0,1,22,9,196,383,0,0,0,0,0,1,0,0,0,0,0,0,0,0,0,0,2,2,0.5,0.5,0.0,0.0,1.0,0.0,0.0,24,255,1.0,0.0,0.04,0.02,0.04,0.0,0.25,0.29,0,8517.0
0,1,21,5,0,0,0,0,0,0,0,0,0,0,0,0,0,0,0,0,0,0,272,5,1.0,1.0,0.0,0.0,0.02,0.06,0.0,255,17,0.07,0.08,0.0,0.0,1.0,1.0,0.0,0.0,1,56813.0
0,2,11,9,46,83,0,0,0,0,0,0,0,0,0,0,0,0,0,0,0,0,214,214,0.0,0.0,0.0,0.0,1.0,0.0,0.0,255,250,0.98,0.01,0.01,0.0,0.0,0.0,0.0,0.0,0,55715.0
0,2,44,9,105,0,0,0,0,0,0,0,0,0,0,0,0,0,0,0,0,0,2,2,0.0,0.0,0.0,0.0,1.0,0.0,0.0,38,2,0.05,0.05,0.05,0.0,0.0,0.0,0.0,0.0,0,58300.0
0,1,25,5,0,0,0,0,0,0,0,0,0,0,0,0,0,0,0,0,0,0,284,7,1.0,1.0,0.0,0.0,0.02,0.06,0.0,255,13,0.05,0.07,0.0,0.0,1.0,1.0,0.0,0.0,1,117614.0
0,1,6,5,0,0,0,0,0,0,0,0,0,0,0,0,0,0,0,0,0,0,299,10,1.0,1.0,0.0,0.0,0.03,0.05,0.0,255,10,0.04,0.05,0.0,0.0,1.0,1.0,0.0,0.0,1,32018.0
0,1,22,9,204,7203,0,0,0,0,0,1,0,0,0,0,0,0,0,0,0,0,14,14,0.0,0.0,0.0,0.0,1.0,0.0,0.0,255,255,1.0,0.0,0.0,0.0,0.0,0.0,0.0,0.0,0,14119.0
0,1,2,5,0,0,0,0,0,0,0,0,0,0,0,0,0,0,0,0,0,0,203,10,1.0,1.0,0.0,0.0,0.05,0.06,0.0,255,8,0.03,0.08,0.0,0.0,1.0,1.0,0.0,0.0,1,3694.0
0,1,22,9,194,312,0,0,0,0,0,1,0,0,0,0,0,0,0,0,0,0,4,6,0.0,0.0,0.0,0.0,1.0,0.0,0.5,32,255,1.0,0.0,0.03,0.02,0.0,0.0,0.0,0.01,0,75018.0
0,1,44,1,0,0,0,0,0,0,0,0,0,0,0,0,0,0,0,0,0,0,82,13,0.0,0.0,1.0,1.0,0.16,0.06,0.0,255,13,0.05,0.06,0.0,0.0,0.0,0.0,1.0,1.0,1,5363.0
0,1,44,5,0,0,0,0,0,0,0,0,0,0,0,0,0,0,0,0,0,0,251,7,1.0,1.0,0.0,0.0,0.03,0.07,0.0,255,2,0.01,0.07,0.0,0.0,1.0,1.0,0.0,0.0,1,341.0
0,1,44,5,0,0,0,0,0,0,0,0,0,0,0,0,0,0,0,0,0,0,129,14,1.0,1.0,0.0,0.0,0.11,0.06,0.0,255,8,0.03,0.07,0.0,0.0,1.0,1.0,0.0,0.0,1,62317.0
0,1,44,5,0,0,0,0,0,0,0,0,0,0,0,0,0,0,0,0,0,0,91,5,1.0,1.0,0.0,0.0,0.05,0.07,0.0,255,19,0.07,0.06,0.0,0.0,1.0,1.0,0.0,0.0,1,15687.0
0,2,11,9,43,68,0,0,0,0,0,0,0,0,0,0,0,0,0,0,0,0,250,254,0.0,0.0,0.0,0.0,1.0,0.0,0.01,255,220,0.86,0.01,0.0,0.0,0.0,0.0,0.0,0.0,0,64736.0
0,1,19,9,607,0,0,0,0,0,0,0,0,0,0,0,0,0,0,0,0,0,2,2,0.0,0.0,0.0,0.0,1.0,0.0,0.0,128,26,0.2,0.04,0.2,0.0,0.0,0.0,0.03,0.0,0,53627.0
0,2,44,9,28,0,0,3,0,0,0,0,0,0,0,0,0,0,0,0,0,0,30,30,0.0,0.0,0.0,0.0,1.0,0.0,0.0,233,30,0.13,0.05,0.13,0.0,0.02,0.0,0.0,0.0,1,57990.0
0,1,19,9,334,0,0,0,0,0,0,1,0,0,0,0,0,0,0,0,0,0,1,1,0.0,0.0,0.0,0.0,1.0,0.0,0.0,5,19,1.0,0.0,1.0,0.16,0.0,0.0,0.0,0.0,1,112888.0
1,1,49,9,812,340,0,0,0,0,0,1,0,0,0,0,0,0,0,0,0,0,1,2,0.0,0.0,0.0,0.0,1.0,0.0,1.0,141,158,0.89,0.04,0.01,0.01,0.0,0.0,0.0,0.0,0,46403.0
0,0,14,9,1032,0,0,0,0,0,0,0,0,0,0,0,0,0,0,0,0,0,511,511,0.0,0.0,0.0,0.0,1.0,0.0,0.0,255,168,0.66,0.01,0.66,0.0,0.0,0.0,0.0,0.0,1,57900.0
0,1,22,9,230,857,0,0,0,0,0,1,0,0,0,0,0,0,0,0,0,0,29,29,0.0,0.0,0.0,0.0,1.0,0.0,0.0,72,255,1.0,0.0,0.01,0.02,0.0,0.0,0.0,0.0,0,106644.0
0,1,49,9,129,236,0,0,0,0,0,1,0,0,0,0,0,0,0,0,0,0,1,1,0.0,0.0,0.0,0.0,1.0,0.0,0.0,115,14,0.12,0.62,0.01,0.0,0.0,0.0,0.58,0.0,0,89662.0
0,1,22,9,215,261,0,0,0,0,0,1,0,0,0,0,0,0,0,0,0,0,15,15,0.0,0.0,0.0,0.0,1.0,0.0,0.0,113,255,1.0,0.0,0.01,0.02,0.0,0.0,0.0,0.0,0,38621.0
0,1,22,1,0,0,0,0,0,0,0,0,0,0,0,0,0,0,0,0,0,0,1,1,0.0,0.0,1.0,1.0,1.0,0.0,0.0,46,41,0.89,0.07,0.02,0.0,0.0,0.0,0.89,1.0,0,110603.0
0,1,28,5,0,0,0,0,0,0,0,0,0,0,0,0,0,0,0,0,0,0,136,4,1.0,1.0,0.0,0.0,0.03,0.06,0.0,255,13,0.05,0.06,0.0,0.0,1.0,1.0,0.0,0.0,1,23329.0
0,2,40,9,102,102,0,0,0,0,0,0,0,0,0,0,0,0,0,0,0,0,1,1,0.0,0.0,0.0,0.0,1.0,0.0,0.0,7,1,0.14,0.29,0.14,0.0,0.0,0.0,0.0,0.0,0,96.0
0,1,22,9,294,1357,0,0,0,0,0,1,0,0,0,0,0,0,0,0,0,0,6,6,0.0,0.0,0.0,0.0,1.0,0.0,0.0,77,255,1.0,0.0,0.01,0.03,0.0,0.0,0.0,0.0,0,109512.0
0,1,22,9,243,362,0,0,0,0,0,1,0,0,0,0,0,0,0,0,0,0,10,10,0.0,0.0,0.0,0.0,1.0,0.0,0.0,255,255,1.0,0.0,0.0,0.0,0.0,0.0,0.0,0.0,0,92704.0
0,1,41,5,0,0,0,0,0,0,0,0,0,0,0,0,0,0,0,0,0,0,149,10,1.0,1.0,0.0,0.0,0.07,0.05,0.0,255,4,0.02,0.07,0.0,0.0,1.0,1.0,0.0,0.0,1,6455.0
0,1,44,5,0,0,0,0,0,0,0,0,0,0,0,0,0,0,0,0,0,0,130,6,1.0,1.0,0.0,0.0,0.05,0.07,0.0,255,14,0.05,0.07,0.0,0.0,1.0,1.0,0.0,0.0,1,39740.0
0,1,22,1,0,0,0,0,0,0,0,0,0,0,0,0,0,0,0,0,0,0,19,19,0.0,0.0,0.89,0.89,1.0,0.0,0.0,53,255,1.0,0.0,0.02,0.17,0.0,0.0,0.94,0.99,0,73662.0
0,1,22,9,322,334,0,0,0,0,0,1,0,0,0,0,0,0,0,0,0,0,1,1,0.0,0.0,0.0,0.0,1.0,0.0,0.0,255,255,1.0,0.0,0.0,0.0,0.0,0.0,0.0,0.0,0,74163.0
0,1,44,5,0,0,0,0,0,0,0,0,0,0,0,0,0,0,0,0,0,0,244,4,1.0,1.0,0.0,0.0,0.02,0.06,0.0,255,17,0.07,0.08,0.0,0.0,1.0,1.0,0.0,0.0,1,75762.0
0,2,44,9,105,147,0,0,0,0,0,0,0,0,0,0,0,0,0,0,0,0,1,1,0.0,0.0,0.0,0.0,1.0,0.0,0.0,112,111,0.99,0.02,0.02,0.0,0.0,0.0,0.0,0.0,0,75797.0
0,1,22,9,296,1904,0,0,0,0,0,1,0,0,0,0,0,0,0,0,0,0,7,30,0.0,0.0,0.0,0.0,1.0,0.0,0.07,7,255,1.0,0.0,0.14,0.08,0.0,0.0,0.0,0.0,0,108700.0
0,1,44,5,0,0,0,0,0,0,0,0,0,0,0,0,0,0,0,0,0,0,298,19,1.0,1.0,0.0,0.0,0.06,0.06,0.0,255,8,0.03,0.08,0.0,0.0,1.0,1.0,0.0,0.0,1,34379.0
1,2,44,9,105,147,0,0,0,0,0,0,0,0,0,0,0,0,0,0,0,0,2,2,0.0,0.0,0.0,0.0,1.0,0.0,0.0,255,238,0.93,0.01,0.01,0.0,0.0,0.0,0.0,0.0,0,47813.0
0,0,13,9,8,0,0,0,0,0,0,0,0,0,0,0,0,0,0,0,0,0,1,9,0.0,0.0,0.0,0.0,1.0,0.0,1.0,1,44,1.0,0.0,1.0,0.52,0.0,0.0,0.0,0.0,1,117660.0
0,1,44,1,0,0,0,0,0,0,0,0,0,0,0,0,0,0,0,0,0,0,356,1,0.0,0.0,1.0,1.0,0.0,0.52,0.0,255,1,0.0,0.52,1.0,0.0,0.0,0.0,1.0,1.0,1,2560.0
0,1,22,9,145,13728,0,0,0,0,0,1,0,0,0,0,0,0,0,0,0,0,6,6,0.0,0.0,0.0,0.0,1.0,0.0,0.0,6,255,1.0,0.0,0.17,0.03,0.0,0.0,0.0,0.0,0,54973.0
0,1,22,9,235,261,0,0,0,0,0,1,0,0,0,0,0,0,0,0,0,0,8,8,0.0,0.0,0.0,0.0,1.0,0.0,0.0,255,246,0.96,0.02,0.0,0.0,0.0,0.0,0.0,0.0,0,94861.0
0,1,3,5,0,0,0,0,0,0,0,0,0,0,0,0,0,0,0,0,0,0,234,2,1.0,1.0,0.0,0.0,0.01,0.06,0.0,255,10,0.04,0.07,0.0,0.0,1.0,1.0,0.0,0.0,1,8221.0
0,1,22,9,343,3800,0,0,0,0,0,1,0,0,0,0,0,0,0,0,0,0,3,3,0.0,0.0,0.0,0.0,1.0,0.0,0.0,44,255,1.0,0.0,0.02,0.03,0.0,0.0,0.0,0.0,0,32656.0
0,1,44,5,0,0,0,0,0,0,0,0,0,0,0,0,0,0,0,0,0,0,258,15,1.0,1.0,0.0,0.0,0.06,0.06,0.0,255,15,0.06,0.07,0.01,0.0,1.0,1.0,0.0,0.0,1,9426.0
0,1,22,9,288,2446,0,0,0,0,0,1,0,0,0,0,0,0,0,0,0,0,15,22,0.0,0.0,0.0,0.0,1.0,0.0,0.18,255,255,1.0,0.0,0.0,0.0,0.0,0.0,0.0,0.0,0,37116.0
0,1,44,5,0,0,0,0,0,0,0,0,0,0,0,0,0,0,0,0,0,0,234,20,1.0,1.0,0.0,0.0,0.09,0.06,0.0,255,5,0.02,0.06,0.0,0.0,1.0,1.0,0.0,0.0,1,102057.0
0,1,22,4,54540,8314,0,0,0,2,0,1,1,0,0,0,0,0,0,0,0,0,3,4,0.0,0.0,0.67,0.75,1.0,0.0,0.5,255,255,1.0,0.0,0.01,0.0,0.0,0.0,0.04,0.04,1,3075.0
0,2,11,9,44,44,0,0,0,0,0,0,0,0,0,0,0,0,0,0,0,0,185,185,0.0,0.0,0.0,0.0,1.0,0.0,0.0,255,254,1.0,0.01,0.0,0.0,0.0,0.0,0.0,0.0,0,89162.0
0,1,49,9,1062,331,0,0,0,0,0,1,0,0,0,0,0,0,0,0,0,0,1,1,0.0,0.0,0.0,0.0,1.0,0.0,0.0,207,150,0.55,0.05,0.0,0.01,0.0,0.0,0.0,0.0,0,3018.0
0,0,14,9,1032,0,0,0,0,0,0,0,0,0,0,0,0,0,0,0,0,0,511,511,0.0,0.0,0.0,0.0,1.0,0.0,0.0,241,147,0.61,0.03,0.61,0.0,0.01,0.0,0.26,0.0,1,43147.0
0,1,22,9,341,16123,0,0,0,0,0,1,0,0,0,0,0,0,0,0,0,0,4,4,0.0,0.0,0.0,0.0,1.0,0.0,0.0,38,255,1.0,0.0,0.03,0.04,0.0,0.0,0.0,0.0,0,63638.0
0,1,53,5,0,0,0,0,0,0,0,0,0,0,0,0,0,0,0,0,0,0,193,19,1.0,1.0,0.0,0.0,0.1,0.06,0.0,255,19,0.07,0.07,0.0,0.0,1.0,1.0,0.0,0.0,1,17773.0
0,1,22,9,293,882,0,0,0,0,0,1,0,0,0,0,0,0,0,0,0,0,7,7,0.0,0.0,0.0,0.0,1.0,0.0,0.0,6,255,1.0,0.0,0.17,0.07,0.0,0.0,0.0,0.03,0,41077.0
0,1,22,9,248,1270,0,0,0,0,0,1,0,0,0,0,0,0,0,0,0,0,6,6,0.0,0.0,0.0,0.0,1.0,0.0,0.0,63,255,1.0,0.0,0.02,0.04,0.0,0.0,0.0,0.0,0,111424.0
0,1,22,9,220,594,0,0,0,0,0,1,0,0,0,0,0,0,0,0,0,0,4,31,0.0,0.0,0.0,0.0,1.0,0.0,0.16,255,255,1.0,0.0,0.0,0.0,0.0,0.0,0.0,0.0,0,104695.0
0,1,22,9,206,1492,0,0,0,0,0,1,0,0,0,0,0,0,0,0,0,0,10,13,0.0,0.0,0.0,0.0,1.0,0.0,0.15,255,255,1.0,0.0,0.0,0.0,0.0,0.0,0.0,0.0,0,100052.0
0,0,14,9,1032,0,0,0,0,0,0,0,0,0,0,0,0,0,0,0,0,0,511,511,0.0,0.0,0.0,0.0,1.0,0.0,0.0,255,93,0.36,0.02,0.36,0.0,0.02,0.0,0.0,0.0,1,95159.0
0,1,19,9,768,0,0,0,0,0,0,1,0,0,0,0,0,0,0,0,0,0,7,7,0.0,0.0,0.0,0.0,1.0,0.0,0.0,182,73,0.37,0.03,0.37,0.03,0.0,0.0,0.0,0.0,0,117528.0
1470,2,40,9,145,105,0,0,0,0,0,0,0,0,0,0,0,0,0,0,0,0,4,2,0.0,0.0,0.0,0.0,0.5,0.5,0.0,255,4,0.02,0.62,0.92,0.0,0.0,0.0,0.0,0.0,0,109875.0
0,1,22,1,0,0,0,0,0,0,0,0,0,0,0,0,0,0,0,0,0,0,1,2,0.0,0.0,1.0,1.0,1.0,0.0,1.0,2,167,1.0,0.0,0.5,0.1,0.0,0.0,1.0,0.75,0,5105.0
0,1,22,9,315,13575,0,0,0,0,0,1,0,0,0,0,0,0,0,0,0,0,2,2,0.0,0.0,0.0,0.0,1.0,0.0,0.0,2,255,1.0,0.0,0.5,0.06,0.0,0.0,0.0,0.0,0,67420.0
0,2,11,9,44,150,0,0,0,0,0,0,0,0,0,0,0,0,0,0,0,0,75,155,0.0,0.0,0.0,0.0,1.0,0.0,0.01,255,254,1.0,0.01,0.0,0.0,0.0,0.0,0.0,0.0,0,77076.0
0,2,11,9,43,69,0,0,0,0,0,0,0,0,0,0,0,0,0,0,0,0,232,232,0.0,0.0,0.0,0.0,1.0,0.0,0.0,255,250,0.98,0.01,0.01,0.0,0.0,0.0,0.0,0.0,0,87815.0
0,1,22,9,315,369,0,0,0,0,0,1,0,0,0,0,0,0,0,0,0,0,15,15,0.0,0.0,0.0,0.0,1.0,0.0,0.0,255,255,1.0,0.0,0.0,0.0,0.0,0.0,0.0,0.0,0,83994.0
0,1,22,9,323,11485,0,0,0,0,0,1,0,0,0,0,0,0,0,0,0,0,21,21,0.0,0.0,0.0,0.0,1.0,0.0,0.0,255,255,1.0,0.0,0.0,0.0,0.01,0.01,0.0,0.0,0,66280.0
0,1,19,5,0,0,0,0,0,0,0,0,0,0,0,0,0,0,0,0,0,0,252,11,1.0,1.0,0.0,0.0,0.04,0.06,0.0,255,11,0.04,0.07,0.0,0.0,1.0,1.0,0.0,0.0,1,94949.0
0,1,61,5,0,0,0,0,0,0,0,0,0,0,0,0,0,0,0,0,0,0,243,2,1.0,1.0,0.0,0.0,0.01,0.06,0.0,255,2,0.01,0.06,0.0,0.0,1.0,1.0,0.0,0.0,1,93314.0
2,1,17,9,0,0,0,0,0,0,0,0,0,0,0,0,0,0,0,0,0,0,1,1,0.0,0.0,0.0,0.0,1.0,0.0,0.0,60,8,0.02,1.0,0.02,0.38,0.0,0.0,0.92,0.0,1,110360.0
0,1,20,1,0,0,0,0,0,0,0,0,0,0,0,0,0,0,0,0,0,0,250,11,0.0,0.0,1.0,1.0,0.04,0.06,0.0,255,11,0.04,0.06,0.0,0.0,0.0,0.0,1.0,1.0,1,13732.0
0,1,22,9,292,318,0,0,0,0,0,1,0,0,0,0,0,0,0,0,0,0,3,25,0.0,0.0,0.0,0.0,1.0,0.0,0.16,255,255,1.0,0.0,0.0,0.0,0.0,0.0,0.0,0.0,0,7622.0
0,1,44,5,0,0,0,0,0,0,0,0,0,0,0,0,0,0,0,0,0,0,125,8,1.0,1.0,0.0,0.0,0.06,0.06,0.0,49,13,0.27,0.14,0.02,0.0,1.0,1.0,0.0,0.0,1,101413.0
0,1,22,9,317,923,0,0,0,0,0,1,0,0,0,0,0,0,0,0,0,0,2,3,0.0,0.0,0.0,0.0,1.0,0.0,0.67,29,255,1.0,0.0,0.03,0.05,0.0,0.0,0.0,0.0,0,56494.0
0,0,14,9,1032,0,0,0,0,0,0,0,0,0,0,0,0,0,0,0,0,0,511,511,0.0,0.0,0.0,0.0,1.0,0.0,0.0,255,30,0.12,0.05,0.12,0.0,0.3,0.0,0.02,0.0,1,22717.0
0,1,22,9,255,33119,0,0,0,0,0,1,0,0,0,0,0,0,0,0,0,0,1,1,0.0,0.0,0.0,0.0,1.0,0.0,0.0,255,251,0.98,0.01,0.0,0.0,0.0,0.0,0.0,0.0,0,118737.0
0,1,22,9,234,1807,0,0,0,0,0,1,0,0,0,0,0,0,0,0,0,0,16,60,0.0,0.0,0.0,0.0,1.0,0.0,0.08,255,255,1.0,0.0,0.0,0.0,0.0,0.0,0.0,0.0,0,73110.0
2,1,49,9,1543,341,0,0,0,0,0,1,0,0,0,0,0,0,0,0,0,0,1,3,0.0,0.0,0.0,0.0,1.0,0.0,1.0,82,176,0.85,0.04,0.01,0.01,0.0,0.0,0.02,0.04,0,120157.0
0,1,24,5,0,0,0,0,0,0,0,0,0,0,0,0,0,0,0,0,0,0,286,14,1.0,1.0,0.0,0.0,0.05,0.06,0.0,255,14,0.05,0.06,0.0,0.0,1.0,1.0,0.0,0.0,1,45247.0
0,1,44,5,0,0,0,0,0,0,0,0,0,0,0,0,0,0,0,0,0,0,49,9,1.0,1.0,0.0,0.0,0.18,0.12,0.0,255,9,0.04,0.08,0.0,0.0,1.0,1.0,0.0,0.0,1,83966.0
0,1,3,5,0,0,0,0,0,0,0,0,0,0,0,0,0,0,0,0,0,0,279,19,1.0,1.0,0.0,0.0,0.07,0.05,0.0,255,19,0.07,0.05,0.0,0.0,1.0,1.0,0.0,0.0,1,111899.0
0,0,13,9,8,0,0,0,0,0,0,0,0,0,0,0,0,0,0,0,0,0,1,44,0.0,0.0,0.0,0.0,1.0,0.0,1.0,2,234,1.0,0.0,1.0,0.5,0.0,0.0,0.0,0.0,1,93076.0
0,1,22,1,0,0,0,0,0,0,0,0,0,0,0,0,0,0,0,0,0,0,1,1,0.0,0.0,1.0,1.0,1.0,0.0,0.0,20,239,1.0,0.0,0.05,0.01,0.0,0.0,1.0,0.08,0,26820.0
0,1,18,5,0,0,0,0,0,0,0,0,0,0,0,0,0,0,0,0,0,0,292,3,1.0,1.0,0.0,0.0,0.01,0.06,0.0,255,2,0.01,0.06,0.0,0.0,1.0,1.0,0.0,0.0,1,64651.0
0,1,22,9,223,255,0,0,0,0,0,1,0,0,0,0,0,0,0,0,0,0,7,7,0.0,0.0,0.0,0.0,1.0,0.0,0.0,7,255,1.0,0.0,0.14,0.04,0.0,0.0,0.0,0.0,0,48672.0
0,0,13,9,8,0,0,0,0,0,0,0,0,0,0,0,0,0,0,0,0,0,1,16,0.0,0.0,0.0,0.0,1.0,0.0,1.0,2,172,1.0,0.0,1.0,0.5,0.0,0.0,0.0,0.0,1,124098.0
0,1,23,1,0,0,0,0,0,0,0,0,0,0,0,0,0,0,0,0,0,0,108,14,0.0,0.0,1.0,1.0,0.13,0.06,0.0,255,14,0.05,0.05,0.0,0.0,0.0,0.0,1.0,1.0,1,11487.0
0,1,60,5,0,0,0,0,0,0,0,0,0,0,0,0,0,0,0,0,0,0,113,1,1.0,1.0,0.0,0.0,0.01,0.09,0.0,255,1,0.0,0.07,0.0,0.0,1.0,1.0,0.0,0.0,1,91358.0
0,1,44,1,0,0,0,0,0,0,0,0,0,0,0,0,0,0,0,0,0,0,376,1,0.06,0.0,0.92,1.0,0.0,1.0,0.0,255,1,0.0,1.0,0.0,0.0,0.09,0.0,0.91,1.0,1,106534.0
0,1,5,5,0,0,0,0,0,0,0,0,0,0,0,0,0,0,0,0,0,0,105,8,1.0,1.0,0.0,0.0,0.08,0.06,0.0,255,9,0.04,0.05,0.0,0.0,1.0,1.0,0.0,0.0,1,117824.0
0,1,55,5,0,0,0,0,0,0,0,0,0,0,0,0,0,0,0,0,0,0,93,21,1.0,1.0,0.0,0.0,0.23,0.04,0.0,255,11,0.04,0.06,0.0,0.0,1.0,1.0,0.0,0.0,1,79944.0
0,1,29,5,0,0,0,0,0,0,0,0,0,0,0,0,0,0,0,0,0,0,239,14,1.0,1.0,0.0,0.0,0.06,0.07,0.0,255,14,0.05,0.07,0.0,0.0,1.0,1.0,0.0,0.0,1,117094.0
0,1,44,1,0,0,0,0,0,0,0,0,0,0,0,0,0,0,0,0,0,0,101,18,0.0,0.0,1.0,1.0,0.18,0.07,0.0,255,17,0.07,0.08,0.0,0.0,0.0,0.0,1.0,1.0,1,12499.0
0,1,22,9,276,39807,0,0,0,0,0,1,0,0,0,0,0,0,0,0,0,0,4,4,0.0,0.0,0.0,0.0,1.0,0.0,0.0,4,255,1.0,0.0,0.25,0.02,0.0,0.0,0.0,0.01,0,102380.0
0,1,44,1,0,0,0,0,0,0,0,0,0,0,0,0,0,0,0,0,0,0,133,15,0.0,0.0,1.0,1.0,0.11,0.06,0.0,255,13,0.05,0.07,0.0,0.0,0.0,0.0,1.0,1.0,1,46539.0
0,1,30,5,0,0,0,0,0,0,0,0,0,0,0,0,0,0,0,0,0,0,27,11,1.0,1.0,0.0,0.0,0.41,0.11,0.0,255,11,0.04,0.07,0.0,0.0,1.0,1.0,0.0,0.0,1,55748.0
0,1,44,5,0,0,0,0,0,0,0,0,0,0,0,0,0,0,0,0,0,0,86,20,1.0,1.0,0.0,0.0,0.23,0.06,0.0,255,2,0.01,0.07,0.0,0.0,1.0,1.0,0.0,0.0,1,38121.0
0,2,11,9,42,129,0,0,0,0,0,0,0,0,0,0,0,0,0,0,0,0,66,146,0.0,0.0,0.0,0.0,1.0,0.0,0.01,255,255,1.0,0.0,0.0,0.0,0.0,0.0,0.0,0.0,0,30770.0
0,1,19,9,334,0,0,0,0,0,0,1,0,0,0,0,0,0,0,0,0,0,2,2,0.0,0.0,0.0,0.0,1.0,0.0,0.0,2,22,1.0,0.0,1.0,0.14,0.0,0.0,0.0,0.0,1,24680.0
0,1,2,5,0,0,0,0,0,0,0,0,0,0,0,0,0,0,0,0,0,0,273,8,1.0,1.0,0.0,0.0,0.03,0.06,0.0,255,18,0.07,0.07,0.0,0.0,1.0,1.0,0.0,0.0,1,108393.0
0,1,44,5,0,0,0,0,0,0,0,0,0,0,0,0,0,0,0,0,0,0,200,2,1.0,1.0,0.0,0.0,0.01,0.06,0.0,255,8,0.03,0.08,0.0,0.0,1.0,1.0,0.0,0.0,1,108117.0
0,1,22,9,206,3127,0,0,0,0,0,1,0,0,0,0,0,0,0,0,0,0,4,4,0.25,0.25,0.0,0.0,1.0,0.0,0.0,255,255,1.0,0.0,0.0,0.0,0.01,0.01,0.02,0.02,0,90513.0
0,1,44,5,0,0,0,0,0,0,0,0,0,0,0,0,0,0,0,0,0,0,164,16,1.0,1.0,0.0,0.0,0.1,0.05,0.0,255,16,0.06,0.06,0.0,0.0,1.0,1.0,0.0,0.0,1,30030.0
9053,1,0,2,1149,5865,0,0,0,0,0,1,0,0,0,0,0,0,0,0,0,0,1,1,0.0,0.0,1.0,1.0,1.0,0.0,0.0,93,4,0.04,0.02,0.01,0.0,0.0,0.0,0.04,1.0,0,67276.0
0,1,22,9,298,8673,0,0,0,0,0,1,0,0,0,0,0,0,0,0,0,0,5,5,0.0,0.0,0.0,0.0,1.0,0.0,0.0,67,255,1.0,0.0,0.01,0.03,0.0,0.0,0.0,0.0,0,65801.0
0,2,40,9,516,4,0,0,0,0,0,0,0,0,0,0,0,0,0,0,0,0,294,294,0.0,0.0,0.0,0.0,1.0,0.0,0.0,255,255,1.0,0.0,1.0,0.0,0.0,0.0,0.0,0.0,1,45994.0
0,1,32,5,0,0,0,0,0,0,0,0,0,0,0,0,0,0,0,0,0,0,296,14,1.0,1.0,0.0,0.0,0.05,0.05,0.0,255,5,0.02,0.08,0.0,0.0,1.0,1.0,0.0,0.0,1,94921.0
0,1,44,5,0,0,0,0,0,0,0,0,0,0,0,0,0,0,0,0,0,0,263,14,1.0,1.0,0.0,0.0,0.05,0.05,0.0,255,5,0.02,0.07,0.0,0.0,1.0,1.0,0.0,0.0,1,101267.0
0,2,11,9,44,80,0,0,0,0,0,0,0,0,0,0,0,0,0,0,0,0,132,132,0.0,0.0,0.0,0.0,1.0,0.0,0.0,255,254,1.0,0.01,0.0,0.0,0.0,0.0,0.0,0.0,0,39140.0
0,2,11,9,43,126,0,0,0,0,0,0,0,0,0,0,0,0,0,0,0,0,36,113,0.0,0.0,0.0,0.0,1.0,0.0,0.02,255,254,1.0,0.01,0.0,0.0,0.0,0.0,0.0,0.0,0,78947.0
0,2,11,9,45,131,0,0,0,0,0,0,0,0,0,0,0,0,0,0,0,0,176,175,0.0,0.0,0.0,0.0,0.99,0.01,0.0,65,32,0.49,0.03,0.02,0.0,0.0,0.0,0.0,0.0,0,97508.0
0,1,44,5,0,0,0,0,0,0,0,0,0,0,0,0,0,0,0,0,0,0,232,12,1.0,1.0,0.0,0.0,0.05,0.06,0.0,255,1,0.0,0.09,0.0,0.0,1.0,1.0,0.0,0.0,1,97822.0
0,1,22,9,280,4045,0,0,0,0,0,1,0,0,0,0,0,0,0,0,0,0,10,28,0.0,0.0,0.0,0.0,1.0,0.0,0.07,10,215,1.0,0.0,0.1,0.01,0.0,0.01,0.0,0.01,0,104833.0
0,1,44,5,0,0,0,0,0,0,0,0,0,0,0,0,0,0,0,0,0,0,287,15,1.0,1.0,0.0,0.0,0.05,0.06,0.0,255,7,0.03,0.07,0.0,0.0,1.0,1.0,0.0,0.0,1,77245.0
0,1,22,9,324,1060,0,0,0,0,0,1,0,0,0,0,0,0,0,0,0,0,7,7,0.0,0.0,0.0,0.0,1.0,0.0,0.0,7,255,1.0,0.0,0.14,0.03,0.0,0.0,0.0,0.0,0,125375.0
0,1,35,5,0,0,0,0,0,0,0,0,0,0,0,0,0,0,0,0,0,0,265,19,1.0,1.0,0.0,0.0,0.07,0.06,0.0,255,1,0.0,0.07,0.0,0.0,1.0,1.0,0.0,0.0,1,33067.0
0,1,22,9,219,470,0,0,0,0,0,1,0,0,0,0,0,0,0,0,0,0,2,2,0.0,0.0,0.0,0.0,1.0,0.0,0.0,2,255,1.0,0.0,0.5,0.02,0.0,0.0,0.0,0.0,0,11957.0
0,1,22,9,300,311,0,0,0,0,0,1,0,0,0,0,0,0,0,0,0,0,4,4,0.0,0.0,0.0,0.0,1.0,0.0,0.0,84,255,1.0,0.0,0.01,0.02,0.0,0.0,0.0,0.0,0,1274.0
0,1,44,5,0,0,0,0,0,0,0,0,0,0,0,0,0,0,0,0,0,0,126,19,1.0,1.0,0.0,0.0,0.15,0.07,0.0,255,19,0.07,0.08,0.0,0.0,1.0,1.0,0.0,0.0,1,12377.0
0,1,22,9,260,16811,0,0,0,0,0,1,0,0,0,0,0,0,0,0,0,0,2,2,0.0,0.0,0.0,0.0,1.0,0.0,0.0,59,194,1.0,0.0,0.02,0.03,0.0,0.0,0.0,0.0,0,76966.0
0,1,22,9,215,3030,0,0,0,0,0,1,0,0,0,0,0,0,0,0,0,0,6,14,0.0,0.0,0.0,0.0,1.0,0.0,0.14,6,255,1.0,0.0,0.17,0.04,0.0,0.0,0.0,0.0,0,99881.0
0,1,22,9,186,784,0,0,0,0,0,1,0,0,0,0,0,0,0,0,0,0,3,4,0.0,0.0,0.0,0.0,1.0,0.0,0.5,255,255,1.0,0.0,0.0,0.0,0.0,0.0,0.0,0.0,0,21588.0
0,2,40,9,113,0,0,0,0,0,0,0,0,0,0,0,0,0,0,0,0,0,8,7,0.0,0.0,0.0,0.0,0.88,0.25,0.0,255,7,0.03,0.59,0.03,0.0,0.0,0.0,0.0,0.0,0,91825.0
0,2,44,9,1,0,0,0,0,0,0,0,0,0,0,0,0,0,0,0,0,0,15,4,0.0,0.0,0.0,0.0,0.27,0.13,0.0,255,4,0.02,0.95,0.06,0.0,0.16,0.0,0.78,0.0,1,26720.0
0,1,22,9,298,12884,0,0,0,0,0,1,0,0,0,0,0,0,0,0,0,0,3,3,0.0,0.0,0.0,0.0,1.0,0.0,0.0,146,146,1.0,0.0,0.01,0.0,0.0,0.0,0.0,0.0,0,9754.0
0,0,14,9,1032,0,0,0,0,0,0,0,0,0,0,0,0,0,0,0,0,0,65,65,0.0,0.0,0.0,0.0,1.0,0.0,0.0,177,83,0.47,0.04,0.47,0.0,0.01,0.0,0.36,0.0,1,68291.0
0,1,44,1,0,0,0,0,0,0,0,0,0,0,0,0,0,0,0,0,0,0,199,1,0.07,0.0,0.87,1.0,0.01,0.99,0.0,255,1,0.0,0.79,0.0,0.0,0.05,0.0,0.69,1.0,1,68230.0
0,1,22,9,322,1789,0,0,0,0,0,1,0,0,0,0,0,0,0,0,0,0,14,14,0.0,0.0,0.0,0.0,1.0,0.0,0.0,32,255,1.0,0.0,0.03,0.02,0.0,0.0,0.0,0.0,0,31737.0
0,1,22,9,283,1260,0,0,0,0,0,1,0,0,0,0,0,0,0,0,0,0,4,4,0.0,0.0,0.0,0.0,1.0,0.0,0.0,23,255,1.0,0.0,0.04,0.04,0.0,0.0,0.0,0.0,0,73831.0
0,1,44,5,0,0,0,0,0,0,0,0,0,0,0,0,0,0,0,0,0,0,210,17,1.0,1.0,0.0,0.0,0.08,0.06,0.0,255,13,0.05,0.08,0.0,0.0,1.0,1.0,0.0,0.0,1,41404.0
0,1,59,5,0,0,0,0,0,0,0,0,0,0,0,0,0,0,0,0,0,0,133,4,1.0,1.0,0.0,0.0,0.03,0.06,0.0,255,4,0.02,0.07,0.0,0.0,1.0,1.0,0.0,0.0,1,89097.0
0,2,11,9,46,46,0,0,0,0,0,0,0,0,0,0,0,0,0,0,0,0,2,3,0.0,0.0,0.0,0.0,1.0,0.0,0.67,255,255,1.0,0.0,0.0,0.0,0.0,0.0,0.0,0.0,0,101819.0
0,1,49,9,622,328,0,0,0,0,0,1,0,0,0,0,0,0,0,0,0,0,1,1,0.0,0.0,0.0,0.0,1.0,0.0,0.0,253,177,0.7,0.03,0.0,0.0,0.0,0.0,0.0,0.0,0,37579.0
1,1,49,9,1050,331,0,0,0,0,0,1,0,0,0,0,0,0,0,0,0,0,1,3,0.0,0.0,0.0,0.0,1.0,0.0,1.0,57,145,0.58,0.07,0.02,0.02,0.0,0.0,0.0,0.0,0,95538.0
0,1,21,5,0,0,0,0,0,0,0,0,0,0,0,0,0,0,0,0,0,0,261,3,1.0,1.0,0.0,0.0,0.01,0.06,0.0,255,3,0.01,0.07,0.0,0.0,1.0,1.0,0.0,0.0,1,9879.0
2,1,49,9,1078,335,0,0,0,0,0,1,0,0,0,0,0,0,0,0,0,0,1,3,0.0,0.0,0.0,0.0,1.0,0.0,1.0,53,34,0.57,0.04,0.02,0.06,0.0,0.0,0.0,0.0,0,26463.0
0,0,14,9,1032,0,0,0,0,0,0,0,0,0,0,0,0,0,0,0,0,0,511,511,0.0,0.0,0.0,0.0,1.0,0.0,0.0,255,200,0.78,0.02,0.78,0.0,0.0,0.0,0.02,0.0,1,46248.0
0,1,22,9,346,556,0,0,0,0,0,1,0,0,0,0,0,0,0,0,0,0,1,1,0.0,0.0,0.0,0.0,1.0,0.0,0.0,15,255,1.0,0.0,0.07,0.01,0.07,0.0,0.0,0.0,0,35580.0
1,1,49,9,804,334,0,0,0,0,0,1,0,0,0,0,0,0,0,0,0,0,1,4,0.0,0.0,0.0,0.0,1.0,0.0,1.0,60,155,0.8,0.05,0.02,0.01,0.0,0.0,0.02,0.04,0,48288.0
0,2,44,9,215,0,0,0,0,0,0,0,0,0,0,0,0,0,0,0,0,0,1,1,0.0,0.0,0.0,0.0,1.0,0.0,0.0,15,15,1.0,0.0,1.0,0.0,0.0,0.0,0.0,0.0,1,69342.0
0,0,13,9,8,0,0,0,0,0,0,0,0,0,0,0,0,0,0,0,0,0,1,20,0.0,0.0,0.0,0.0,1.0,0.0,1.0,4,42,1.0,0.0,1.0,0.26,0.0,0.0,0.0,0.0,1,82427.0
0,1,22,9,192,1490,0,0,0,0,0,1,0,0,0,0,0,0,0,0,0,0,1,18,0.0,0.0,0.0,0.0,1.0,0.0,0.11,255,248,0.97,0.02,0.0,0.0,0.0,0.0,0.0,0.0,0,39149.0
0,1,22,9,163,30042,0,0,0,0,0,1,0,0,0,0,0,0,0,0,0,0,1,1,0.0,0.0,0.0,0.0,1.0,0.0,0.0,67,255,1.0,0.0,0.01,0.02,0.0,0.0,0.0,0.0,0,101799.0
0,0,13,9,8,0,0,0,0,0,0,0,0,0,0,0,0,0,0,0,0,0,1,2,0.0,0.0,0.0,0.0,1.0,0.0,1.0,4,184,1.0,0.0,1.0,0.25,0.0,0.0,0.0,0.0,1,80306.0
0,2,11,9,46,136,0,0,0,0,0,0,0,0,0,0,0,0,0,0,0,0,81,161,0.0,0.0,0.0,0.0,1.0,0.0,0.01,255,254,1.0,0.01,0.0,0.0,0.0,0.0,0.0,0.0,0,113088.0
3,1,49,9,3242,327,0,0,0,0,0,1,0,0,0,0,0,0,0,0,0,0,1,2,0.0,0.0,0.0,0.0,1.0,0.0,1.0,246,114,0.43,0.02,0.0,0.02,0.0,0.0,0.0,0.0,0,123869.0
0,1,22,9,277,482,0,0,0,0,0,1,0,0,0,0,0,0,0,0,0,0,4,5,0.0,0.0,0.0,0.0,1.0,0.0,0.4,255,255,1.0,0.0,0.0,0.0,0.0,0.0,0.0,0.0,0,78658.0
0,1,44,1,0,0,0,0,0,0,0,0,0,0,0,0,0,0,0,0,0,0,134,16,0.0,0.0,1.0,1.0,0.12,0.06,0.0,255,33,0.13,0.07,0.0,0.0,0.0,0.0,1.0,1.0,1,25525.0
0,1,22,9,248,729,0,0,0,0,0,1,0,0,0,0,0,0,0,0,0,0,2,2,0.0,0.0,0.0,0.0,1.0,0.0,0.0,33,217,1.0,0.0,0.03,0.18,0.0,0.0,0.94,0.96,0,30749.0
0,1,22,9,205,539,0,0,0,0,0,1,0,0,0,0,0,0,0,0,0,0,21,21,0.0,0.0,0.0,0.0,1.0,0.0,0.0,255,255,1.0,0.0,0.0,0.0,0.0,0.0,0.0,0.0,0,121087.0
0,1,22,9,279,2337,0,0,0,0,0,1,0,0,0,0,0,0,0,0,0,0,5,6,0.0,0.0,0.0,0.0,1.0,0.0,0.33,247,255,1.0,0.0,0.0,0.01,0.01,0.01,0.0,0.0,0,38291.0
0,1,24,5,0,0,0,0,0,0,0,0,0,0,0,0,0,0,0,0,0,0,146,18,1.0,1.0,0.0,0.0,0.12,0.06,0.0,255,2,0.01,0.08,0.0,0.0,1.0,1.0,0.0,0.0,1,86019.0
0,1,30,5,0,0,0,0,0,0,0,0,0,0,0,0,0,0,0,0,0,0,145,13,1.0,1.0,0.0,0.0,0.09,0.06,0.0,255,10,0.04,0.05,0.0,0.0,1.0,1.0,0.0,0.0,1,118452.0
0,0,13,9,18,0,0,0,0,0,0,0,0,0,0,0,0,0,0,0,0,0,1,1,0.0,0.0,0.0,0.0,1.0,0.0,0.0,4,116,1.0,0.0,1.0,0.25,0.0,0.0,0.0,0.0,1,10064.0
0,1,22,9,313,2118,0,0,0,0,0,1,0,0,0,0,0,0,0,0,0,0,7,7,0.0,0.0,0.0,0.0,1.0,0.0,0.0,36,255,1.0,0.0,0.03,0.04,0.0,0.0,0.0,0.0,0,106087.0
0,1,22,9,218,1695,0,0,0,0,0,1,0,0,0,0,0,0,0,0,0,0,6,11,0.0,0.0,0.0,0.0,1.0,0.0,0.36,255,255,1.0,0.0,0.0,0.0,0.0,0.0,0.0,0.0,0,75433.0
0,0,14,9,1032,0,0,0,0,0,0,0,0,0,0,0,0,0,0,0,0,0,399,399,0.0,0.0,0.0,0.0,1.0,0.0,0.0,255,255,1.0,0.0,1.0,0.0,0.0,0.0,0.0,0.0,1,81273.0
0,1,22,9,314,1773,0,0,0,0,0,1,0,0,0,0,0,0,0,0,0,0,14,14,0.0,0.0,0.0,0.0,1.0,0.0,0.0,255,255,1.0,0.0,0.0,0.0,0.0,0.0,0.0,0.0,0,119240.0
0,1,22,9,233,5887,0,0,0,0,0,1,0,0,0,0,0,0,0,0,0,0,6,6,0.0,0.0,0.0,0.0,1.0,0.0,0.0,6,221,1.0,0.0,0.17,0.04,0.0,0.0,0.0,0.0,0,83586.0
0,1,29,1,0,0,0,0,0,0,0,0,0,0,0,0,0,0,0,0,0,0,281,13,0.0,0.0,1.0,1.0,0.05,0.06,0.0,255,13,0.05,0.07,0.0,0.0,0.0,0.0,1.0,1.0,1,78686.0
0,1,22,9,200,2952,0,0,0,0,0,1,0,0,0,0,0,0,0,0,0,0,11,16,0.0,0.0,0.0,0.0,1.0,0.0,0.12,43,255,1.0,0.0,0.02,0.03,0.0,0.0,0.0,0.0,0,78506.0
0,1,44,5,0,0,0,0,0,0,0,0,0,0,0,0,0,0,0,0,0,0,124,2,1.0,1.0,0.0,0.0,0.02,0.06,0.0,255,2,0.01,0.07,0.0,0.0,1.0,1.0,0.0,0.0,1,37259.0
0,1,44,5,0,0,0,0,0,0,0,0,0,0,0,0,0,0,0,0,0,0,90,18,1.0,1.0,0.0,0.0,0.2,0.07,0.0,255,11,0.04,0.06,0.0,0.0,1.0,1.0,0.0,0.0,1,122219.0
0,1,44,5,0,0,0,0,0,0,0,0,0,0,0,0,0,0,0,0,0,0,195,8,1.0,1.0,0.0,0.0,0.04,0.06,0.0,255,6,0.02,0.07,0.0,0.0,1.0,1.0,0.0,0.0,1,6447.0
0,0,13,9,8,0,0,0,0,0,0,0,0,0,0,0,0,0,0,0,0,0,1,36,0.0,0.0,0.0,0.0,1.0,0.0,1.0,1,129,1.0,0.0,1.0,0.51,0.0,0.0,0.0,0.0,1,12917.0
0,1,22,9,233,2249,0,0,0,0,0,1,0,0,0,0,0,0,0,0,0,0,4,4,0.0,0.0,0.0,0.0,1.0,0.0,0.0,4,255,1.0,0.0,0.25,0.05,0.0,0.0,0.0,0.0,0,49536.0
0,1,22,9,248,321,0,0,0,0,0,1,0,0,0,0,0,0,0,0,0,0,4,4,0.0,0.0,0.0,0.0,1.0,0.0,0.0,255,255,1.0,0.0,0.0,0.0,0.0,0.0,0.0,0.0,0,116827.0
0,1,40,1,0,0,0,0,0,0,0,0,0,0,0,0,0,0,0,0,0,0,511,1,0.06,0.0,0.94,1.0,0.0,1.0,0.0,255,1,0.0,1.0,0.0,0.0,0.04,0.0,0.96,1.0,1,69681.0
0,1,12,5,0,0,0,0,0,0,0,0,0,0,0,0,0,0,0,0,0,0,40,1,1.0,1.0,0.0,0.0,0.03,0.12,0.0,255,12,0.05,0.07,0.0,0.0,1.0,1.0,0.0,0.0,1,82063.0
0,1,44,5,0,0,0,0,0,0,0,0,0,0,0,0,0,0,0,0,0,0,152,6,1.0,1.0,0.0,0.0,0.04,0.07,0.0,255,6,0.02,0.06,0.0,0.0,1.0,1.0,0.0,0.0,1,70568.0
0,1,22,9,218,2739,0,0,0,0,0,1,0,0,0,0,0,0,0,0,0,0,2,3,0.0,0.0,0.0,0.0,1.0,0.0,0.67,33,255,1.0,0.0,0.03,0.04,0.0,0.0,0.0,0.0,0,58704.0
0,2,11,9,45,45,0,0,0,0,0,0,0,0,0,0,0,0,0,0,0,0,112,112,0.0,0.0,0.0,0.0,1.0,0.0,0.0,255,166,0.65,0.01,0.19,0.0,0.0,0.0,0.0,0.0,0,64541.0
0,2,11,9,44,128,0,0,0,0,0,0,0,0,0,0,0,0,0,0,0,0,107,187,0.0,0.0,0.0,0.0,1.0,0.0,0.01,255,255,1.0,0.0,0.0,0.0,0.0,0.0,0.0,0.0,0,96880.0
2,1,49,9,2524,321,0,0,0,0,0,1,0,0,0,0,0,0,0,0,0,0,1,3,0.0,0.0,0.0,0.0,1.0,0.0,1.0,143,224,0.82,0.02,0.01,0.01,0.0,0.0,0.0,0.0,0,117865.0
0,1,22,9,196,10111,0,0,0,0,0,1,0,0,0,0,0,0,0,0,0,0,3,20,0.0,0.0,0.0,0.0,1.0,0.0,0.25,12,255,1.0,0.0,0.08,0.03,0.0,0.0,0.0,0.0,0,21039.0
1,1,49,9,1207,335,0,0,0,0,0,1,0,0,0,0,0,0,0,0,0,0,1,1,0.0,0.0,0.0,0.0,1.0,0.0,0.0,121,175,0.64,0.04,0.01,0.01,0.01,0.01,0.0,0.0,0,19091.0
0,1,49,9,1488,364,0,0,0,0,0,1,0,0,0,0,0,0,0,0,0,0,1,1,0.0,0.0,0.0,0.0,1.0,0.0,0.0,141,178,0.64,0.04,0.01,0.01,0.0,0.0,0.0,0.0,0,79914.0
0,0,58,9,78,0,0,0,0,0,0,0,0,0,0,0,0,0,0,0,0,0,20,11,0.0,0.0,0.0,0.0,0.55,0.1,0.0,255,11,0.04,0.01,0.04,0.0,0.0,0.0,0.0,0.0,0,121775.0
0,1,22,9,236,5989,0,0,0,0,0,1,0,0,0,0,0,0,0,0,0,0,2,2,0.0,0.0,0.0,0.0,1.0,0.0,0.0,255,255,1.0,0.0,0.0,0.0,0.0,0.0,0.0,0.0,0,77315.0
0,1,27,5,0,0,0,0,0,0,0,0,0,0,0,0,0,0,0,0,0,0,126,23,1.0,1.0,0.0,0.0,0.18,0.06,0.0,255,23,0.09,0.05,0.0,0.0,1.0,1.0,0.0,0.0,1,95336.0
0,1,22,9,303,7208,0,0,0,0,0,1,0,0,0,0,0,0,0,0,0,0,2,2,0.0,0.0,0.0,0.0,1.0,0.0,0.0,255,255,1.0,0.0,0.0,0.0,0.0,0.0,0.0,0.0,0,9197.0
0,1,37,5,0,0,0,0,0,0,0,0,0,0,0,0,0,0,0,0,0,0,292,25,1.0,1.0,0.0,0.0,0.09,0.05,0.0,255,25,0.1,0.07,0.0,0.0,1.0,1.0,0.0,0.0,1,108477.0
0,2,11,9,43,107,0,0,0,0,0,0,0,0,0,0,0,0,0,0,0,0,3,7,0.0,0.0,0.0,0.0,1.0,0.0,0.43,255,248,0.97,0.01,0.0,0.0,0.0,0.0,0.0,0.0,0,86578.0
0,1,22,9,172,2987,0,0,0,0,0,1,0,0,0,0,0,0,0,0,0,0,8,8,0.0,0.0,0.0,0.0,1.0,0.0,0.0,19,255,1.0,0.0,0.05,0.05,0.0,0.0,0.0,0.0,0,84675.0
0,0,13,9,8,0,0,0,0,0,0,0,0,0,0,0,0,0,0,0,0,0,1,18,0.0,0.0,0.0,0.0,1.0,0.0,1.0,1,89,1.0,0.0,1.0,0.51,0.0,0.0,0.0,0.0,1,12433.0
0,1,6,5,0,0,0,0,0,0,0,0,0,0,0,0,0,0,0,0,0,0,220,12,1.0,1.0,0.0,0.0,0.05,0.05,0.0,255,12,0.05,0.06,0.0,0.0,1.0,1.0,0.0,0.0,1,119846.0
0,1,36,5,0,0,0,0,0,0,0,0,0,0,0,0,0,0,0,0,0,0,135,14,1.0,1.0,0.0,0.0,0.1,0.05,0.0,255,13,0.05,0.07,0.0,0.0,1.0,1.0,0.0,0.0,1,82224.0
0,1,22,9,251,15206,0,0,0,0,0,1,0,0,0,0,0,0,0,0,0,0,1,23,0.0,0.0,0.0,0.0,1.0,0.0,0.17,59,255,1.0,0.0,0.02,0.04,0.0,0.01,0.0,0.0,0,48194.0
0,1,19,9,748,0,0,0,0,0,0,0,0,0,0,0,0,0,0,0,0,0,1,1,0.0,0.0,0.0,0.0,1.0,0.0,0.0,149,24,0.16,0.03,0.16,0.0,0.0,0.0,0.05,0.0,0,72584.0
0,1,19,9,14052,0,0,0,0,0,0,1,0,0,0,0,0,0,0,0,0,0,1,1,0.0,0.0,0.0,0.0,1.0,0.0,0.0,78,63,0.21,0.06,0.21,0.03,0.0,0.0,0.0,0.0,0,8208.0
0,1,44,1,0,0,0,0,0,0,0,0,0,0,0,0,0,0,0,0,0,0,122,3,0.0,0.0,1.0,1.0,0.02,0.08,0.0,255,3,0.01,0.07,0.0,0.0,0.0,0.0,1.0,1.0,1,18504.0
0,0,13,9,8,0,0,0,0,0,0,0,0,0,0,0,0,0,0,0,0,0,1,47,0.0,0.0,0.0,0.0,1.0,0.0,1.0,2,12,1.0,0.0,1.0,0.58,0.0,0.0,0.0,0.0,1,102558.0
0,1,17,5,0,0,0,0,0,0,0,0,0,0,0,0,0,0,0,0,0,0,130,5,1.0,1.0,0.0,0.0,0.04,0.05,0.0,255,5,0.02,0.06,0.0,0.0,1.0,1.0,0.0,0.0,1,61857.0
0,1,16,5,0,0,0,0,0,0,0,0,0,0,0,0,0,0,0,0,0,0,147,10,1.0,1.0,0.0,0.0,0.07,0.05,0.0,255,9,0.04,0.06,0.0,0.0,1.0,1.0,0.0,0.0,1,110206.0
0,0,13,9,30,0,0,0,0,0,0,0,0,0,0,0,0,0,0,0,0,0,1,1,0.0,0.0,0.0,0.0,1.0,0.0,0.0,236,236,1.0,0.0,1.0,0.0,0.0,0.0,0.0,0.0,0,8912.0
14,2,44,9,105,146,0,0,0,0,0,0,0,0,0,0,0,0,0,0,0,0,2,2,0.0,0.0,0.0,0.0,1.0,0.0,0.0,226,209,0.92,0.01,0.01,0.0,0.0,0.0,0.0,0.0,0,13009.0
0,1,28,5,0,0,0,0,0,0,0,0,0,0,0,0,0,0,0,0,0,0,38,3,1.0,1.0,0.0,0.0,0.08,0.16,0.0,255,3,0.01,0.09,0.0,0.0,1.0,1.0,0.0,0.0,1,28619.0
0,1,2,5,0,0,0,0,0,0,0,0,0,0,0,0,0,0,0,0,0,0,114,8,1.0,1.0,0.0,0.0,0.07,0.07,0.0,255,8,0.03,0.07,0.0,0.0,1.0,1.0,0.0,0.0,1,20603.0
0,1,49,9,569,333,0,0,0,0,0,1,0,0,0,0,0,0,0,0,0,0,1,4,0.0,0.0,0.0,0.0,1.0,0.0,1.0,31,147,0.77,0.1,0.03,0.01,0.0,0.0,0.0,0.0,0,24069.0
0,0,14,9,1032,0,0,0,0,0,0,0,0,0,0,0,0,0,0,0,0,0,511,511,0.0,0.0,0.0,0.0,1.0,0.0,0.0,255,42,0.16,0.21,0.16,0.0,0.0,0.0,0.0,0.0,1,57342.0
0,1,22,9,274,1836,0,0,0,0,0,1,0,0,0,0,0,0,0,0,0,0,16,18,0.0,0.0,0.0,0.0,1.0,0.0,0.11,255,255,1.0,0.0,0.0,0.0,0.0,0.0,0.0,0.0,0,13799.0
0,1,44,5,0,0,0,0,0,0,0,0,0,0,0,0,0,0,0,0,0,0,20,20,1.0,1.0,0.0,0.0,1.0,0.0,0.0,255,12,0.05,0.07,0.0,0.0,1.0,1.0,0.0,0.0,1,37140.0
0,1,22,5,0,0,0,0,0,0,0,0,0,0,0,0,0,0,0,0,0,0,1,1,1.0,1.0,0.0,0.0,1.0,0.0,0.0,1,255,1.0,0.0,1.0,0.18,1.0,0.01,0.0,0.99,0,74162.0
0,1,44,1,0,0,0,0,0,0,0,0,0,0,0,0,0,0,0,0,0,0,196,1,0.07,0.0,0.87,1.0,0.01,0.99,0.0,255,1,0.0,0.78,0.0,0.0,0.05,0.0,0.67,1.0,1,92488.0
0,1,22,9,202,983,0,0,0,0,0,1,0,0,0,0,0,0,0,0,0,0,15,15,0.0,0.0,0.0,0.0,1.0,0.0,0.0,53,255,1.0,0.0,0.02,0.03,0.0,0.0,0.0,0.0,0,10247.0
0,0,13,9,18,0,0,0,0,0,0,0,0,0,0,0,0,0,0,0,0,0,1,1,0.0,0.0,0.0,0.0,1.0,0.0,0.0,1,213,1.0,0.0,1.0,1.0,0.0,0.0,0.0,0.0,1,78763.0
0,1,49,9,764,335,0,0,0,0,0,1,0,0,0,0,0,0,0,0,0,0,1,1,0.0,0.0,0.0,0.0,1.0,0.0,0.0,203,146,0.52,0.07,0.0,0.01,0.01,0.0,0.0,0.0,0,69041.0
0,2,11,9,31,0,0,0,0,0,0,0,0,0,0,0,0,0,0,0,0,0,1,3,0.0,0.0,0.0,0.0,1.0,0.0,0.67,41,37,0.24,0.1,0.24,0.05,0.0,0.0,0.0,0.0,0,70028.0
0,1,44,1,0,0,0,0,0,0,0,0,0,0,0,0,0,0,0,0,0,0,1,1,0.0,0.0,1.0,1.0,1.0,0.0,0.0,44,2,0.02,1.0,0.02,1.0,0.0,0.0,0.98,1.0,1,117245.0
0,1,22,9,329,716,0,0,0,0,0,1,0,0,0,0,0,0,0,0,0,0,16,16,0.0,0.0,0.0,0.0,1.0,0.0,0.0,255,255,1.0,0.0,0.0,0.0,0.0,0.0,0.0,0.0,0,28337.0
0,1,44,5,0,0,0,0,0,0,0,0,0,0,0,0,0,0,0,0,0,0,124,10,1.0,1.0,0.0,0.0,0.08,0.06,0.0,255,1,0.0,0.08,0.0,0.0,1.0,1.0,0.0,0.0,1,34724.0
0,1,52,5,0,0,0,0,0,0,0,0,0,0,0,0,0,0,0,0,0,0,257,10,1.0,1.0,0.0,0.0,0.04,0.06,0.0,255,16,0.06,0.06,0.0,0.0,1.0,1.0,0.0,0.0,1,47633.0
0,0,14,9,1032,0,0,0,0,0,0,0,0,0,0,0,0,0,0,0,0,0,510,510,0.0,0.0,0.0,0.0,1.0,0.0,0.0,255,221,0.87,0.08,0.87,0.0,0.0,0.0,0.0,0.0,1,80659.0
0,1,44,5,0,0,0,0,0,0,0,0,0,0,0,0,0,0,0,0,0,0,77,16,1.0,1.0,0.0,0.0,0.21,0.08,0.0,255,16,0.06,0.07,0.0,0.0,1.0,1.0,0.0,0.0,1,13507.0
0,1,59,5,0,0,0,0,0,0,0,0,0,0,0,0,0,0,0,0,0,0,141,11,1.0,1.0,0.0,0.0,0.08,0.06,0.0,255,11,0.04,0.07,0.0,0.0,1.0,1.0,0.0,0.0,1,16405.0
0,1,44,4,0,0,0,0,0,0,0,0,0,0,0,0,0,0,0,0,0,0,1,1,0.0,0.0,1.0,1.0,1.0,0.0,0.0,163,1,0.01,0.4,0.4,0.0,0.0,0.0,0.39,1.0,1,5536.0
0,1,20,1,0,0,0,0,0,0,0,0,0,0,0,0,0,0,0,0,0,0,104,11,0.0,0.0,1.0,1.0,0.11,0.06,0.0,255,11,0.04,0.08,0.0,0.0,0.0,0.0,1.0,1.0,1,117325.0
0,1,23,1,0,0,0,0,0,0,0,0,0,0,0,0,0,0,0,0,0,0,67,1,0.0,0.0,1.0,1.0,0.01,0.09,0.0,255,1,0.0,0.06,0.0,0.0,0.0,0.0,1.0,1.0,1,28722.0
0,1,55,5,0,0,0,0,0,0,0,0,0,0,0,0,0,0,0,0,0,0,48,11,1.0,1.0,0.0,0.0,0.23,0.08,0.0,255,22,0.09,0.06,0.0,0.0,1.0,1.0,0.0,0.0,1,93465.0
0,1,49,9,918,387,0,0,0,0,0,1,0,0,0,0,0,0,0,0,0,0,1,1,0.0,0.0,0.0,0.0,1.0,0.0,0.0,255,99,0.39,0.02,0.0,0.0,0.4,0.0,0.0,0.0,0,109367.0
0,1,44,5,0,0,0,0,0,0,0,0,0,0,0,0,0,0,0,0,0,0,112,11,1.0,1.0,0.0,0.0,0.1,0.06,0.0,154,10,0.06,0.1,0.01,0.0,1.0,1.0,0.0,0.0,1,55818.0
0,1,44,5,0,0,0,0,0,0,0,0,0,0,0,0,0,0,0,0,0,0,148,8,1.0,1.0,0.0,0.0,0.05,0.06,0.0,95,8,0.08,0.08,0.01,0.0,1.0,1.0,0.0,0.0,1,82320.0
3,1,44,1,0,0,0,0,0,0,0,0,0,0,0,0,0,0,0,0,0,0,252,1,0.04,0.0,0.94,1.0,0.0,1.0,0.0,255,1,0.0,0.97,0.0,0.0,0.04,0.0,0.92,1.0,1,61070.0
0,1,22,9,159,584,0,0,0,0,0,1,0,0,0,0,0,0,0,0,0,0,1,1,0.0,0.0,0.0,0.0,1.0,0.0,0.0,57,255,1.0,0.0,0.02,0.04,0.0,0.0,0.0,0.0,0,109310.0
0,1,44,5,0,0,0,0,0,0,0,0,0,0,0,0,0,0,0,0,0,0,79,2,1.0,1.0,0.0,0.0,0.03,0.08,0.0,255,18,0.07,0.06,0.0,0.0,1.0,1.0,0.0,0.0,1,7676.0
0,1,49,9,845,384,0,0,0,0,0,1,0,0,0,0,0,0,0,0,0,0,1,1,0.0,0.0,0.0,0.0,1.0,0.0,0.0,140,77,0.24,0.51,0.01,0.03,0.01,0.0,0.49,0.03,0,22521.0
0,1,17,5,0,0,0,0,0,0,0,0,0,0,0,0,0,0,0,0,0,0,207,19,1.0,1.0,0.0,0.0,0.09,0.05,0.0,255,19,0.07,0.05,0.0,0.0,1.0,1.0,0.0,0.0,1,57728.0
0,1,44,1,0,0,0,0,0,0,0,0,0,0,0,0,0,0,0,0,0,0,81,8,0.0,0.0,1.0,1.0,0.1,0.07,0.0,255,8,0.03,0.07,0.0,0.0,0.0,0.0,1.0,1.0,1,76073.0
0,1,22,9,223,1139,0,0,0,0,0,1,0,0,0,0,0,0,0,0,0,0,28,28,0.0,0.0,0.0,0.0,1.0,0.0,0.0,63,255,1.0,0.0,0.02,0.07,0.0,0.0,0.0,0.0,0,17161.0
0,1,22,5,0,0,0,0,0,0,0,0,0,0,0,0,0,0,0,0,0,0,10,9,0.8,0.89,0.2,0.11,0.8,0.3,0.22,255,49,0.19,0.04,0.0,0.0,1.0,1.0,0.0,0.0,1,32021.0
0,1,22,9,347,328,0,0,0,0,0,1,0,0,0,0,0,0,0,0,0,0,15,16,0.0,0.0,0.0,0.0,1.0,0.0,0.12,99,255,1.0,0.0,0.01,0.05,0.0,0.0,0.0,0.0,0,52651.0
0,1,52,5,0,0,0,0,0,0,0,0,0,0,0,0,0,0,0,0,0,0,212,20,1.0,1.0,0.0,0.0,0.09,0.06,0.0,255,7,0.03,0.06,0.0,0.0,1.0,1.0,0.0,0.0,1,96819.0
0,1,22,9,316,3884,0,0,0,0,0,1,0,0,0,0,0,0,0,0,0,0,6,6,0.0,0.0,0.0,0.0,1.0,0.0,0.0,6,255,1.0,0.0,0.17,0.05,0.0,0.0,0.0,0.0,0,13663.0
0,1,51,5,0,0,0,0,0,0,0,0,0,0,0,0,0,0,0,0,0,0,223,19,1.0,1.0,0.0,0.0,0.09,0.06,0.0,255,19,0.07,0.07,0.0,0.0,1.0,1.0,0.0,0.0,1,92383.0
0,2,11,9,46,76,0,0,0,0,0,0,0,0,0,0,0,0,0,0,0,0,108,110,0.0,0.0,0.0,0.0,1.0,0.0,0.03,255,229,0.9,0.01,0.0,0.0,0.0,0.0,0.0,0.0,0,83375.0
0,1,22,1,0,0,0,0,0,0,0,0,0,0,0,0,0,0,0,0,0,0,203,1,0.0,0.0,1.0,1.0,0.0,0.07,0.0,255,1,0.0,0.08,0.0,0.0,0.0,0.0,1.0,1.0,1,80317.0
3,1,49,9,1172,329,0,0,0,0,0,1,0,0,0,0,0,0,0,0,0,0,1,1,0.0,0.0,0.0,0.0,1.0,0.0,0.0,132,193,0.83,0.02,0.01,0.01,0.0,0.0,0.0,0.0,0,90302.0
0,1,49,9,638,337,0,0,0,0,0,1,0,0,0,0,0,0,0,0,0,0,1,3,0.0,0.0,0.0,0.0,1.0,0.0,1.0,188,193,0.83,0.06,0.01,0.01,0.02,0.02,0.0,0.0,0,13305.0
0,1,22,9,294,341,0,0,0,0,0,1,0,0,0,0,0,0,0,0,0,0,1,1,0.0,0.0,0.0,0.0,1.0,0.0,0.0,10,255,1.0,0.0,0.1,0.05,0.0,0.0,0.0,0.0,0,73298.0
0,1,22,9,329,753,0,0,0,0,0,1,0,0,0,0,0,0,0,0,0,0,6,10,0.0,0.0,0.0,0.0,1.0,0.0,0.2,37,176,1.0,0.0,0.03,0.22,0.0,0.0,0.59,0.91,0,63247.0
0,1,19,9,245,0,0,0,0,0,0,1,0,0,0,1,0,0,0,0,0,0,2,2,0.0,0.0,0.0,0.0,1.0,0.0,0.0,2,2,1.0,0.0,1.0,0.0,0.0,0.0,0.0,0.0,1,9394.0
0,1,59,5,0,0,0,0,0,0,0,0,0,0,0,0,0,0,0,0,0,0,148,25,1.0,1.0,0.0,0.0,0.17,0.05,0.0,255,25,0.1,0.05,0.0,0.0,1.0,1.0,0.0,0.0,1,124778.0
0,1,22,9,232,406,0,0,0,0,0,1,0,0,0,0,0,0,0,0,0,0,34,34,0.0,0.0,0.0,0.0,1.0,0.0,0.0,255,255,1.0,0.0,0.0,0.0,0.0,0.0,0.0,0.0,0,34862.0
0,1,22,9,335,308,0,0,0,0,0,1,0,0,0,0,0,0,0,0,0,0,2,2,0.0,0.0,0.0,0.0,1.0,0.0,0.0,33,255,1.0,0.0,0.03,0.05,0.0,0.0,0.0,0.0,0,107873.0
0,1,19,9,319,0,0,0,0,0,0,1,0,0,0,2,0,0,0,0,0,0,2,2,0.0,0.0,0.0,0.0,1.0,0.0,0.0,58,54,0.1,0.1,0.1,0.04,0.0,0.0,0.0,0.0,0,6935.0
0,1,22,9,261,29122,0,0,0,0,0,1,0,0,0,0,0,0,0,0,0,0,13,13,0.0,0.0,0.0,0.0,1.0,0.0,0.0,255,255,1.0,0.0,0.0,0.0,0.0,0.0,0.0,0.0,0,23550.0
0,1,0,6,259,1213,0,0,0,0,0,1,0,0,0,0,0,0,0,0,0,0,1,1,1.0,1.0,0.0,0.0,1.0,0.0,0.0,25,10,0.4,0.08,0.04,0.0,0.16,0.4,0.16,0.4,0,21318.0
0,1,22,9,389,312,0,0,0,0,0,1,0,0,0,0,0,0,0,0,0,0,9,25,0.0,0.0,0.0,0.0,1.0,0.0,0.12,255,255,1.0,0.0,0.0,0.0,0.0,0.0,0.0,0.0,0,71543.0
0,1,26,5,0,0,0,0,0,0,0,0,0,0,0,0,0,0,0,0,0,0,45,9,1.0,1.0,0.0,0.0,0.2,0.07,0.0,255,9,0.04,0.05,0.0,0.0,1.0,1.0,0.0,0.0,1,107108.0
0,1,22,4,53208,7300,0,0,0,1,0,1,0,0,0,0,0,0,0,0,0,0,4,3,0.0,0.0,0.25,0.33,0.75,0.5,0.0,72,72,1.0,0.0,0.01,0.0,0.0,0.0,0.04,0.04,1,20668.0
0,0,14,9,1032,0,0,0,0,0,0,0,0,0,0,0,0,0,0,0,0,0,507,507,0.0,0.0,0.0,0.0,1.0,0.0,0.0,255,160,0.63,0.03,0.63,0.0,0.0,0.0,0.0,0.0,1,58615.0
0,1,17,5,0,0,0,0,0,0,0,0,0,0,0,0,0,0,0,0,0,0,37,17,1.0,1.0,0.0,0.0,0.46,0.05,0.0,79,21,0.22,0.05,0.04,0.1,0.97,0.81,0.0,0.0,1,8273.0
0,1,22,9,324,1714,0,0,0,0,0,1,0,0,0,0,0,0,0,0,0,0,3,18,0.0,0.0,0.0,0.0,1.0,0.0,0.11,14,255,1.0,0.0,0.07,0.02,0.0,0.01,0.0,0.0,0,85871.0
0,1,34,1,0,0,0,0,0,0,0,0,0,0,0,0,0,0,0,0,0,0,2,1,0.0,0.0,1.0,1.0,0.5,1.0,0.0,255,1,0.0,1.0,1.0,0.0,0.0,0.0,1.0,1.0,1,23818.0
0,1,49,9,1285,328,0,0,0,0,0,1,0,0,0,0,0,0,0,0,0,0,1,1,0.0,0.0,0.0,0.0,1.0,0.0,0.0,233,180,0.7,0.02,0.0,0.01,0.0,0.01,0.0,0.0,0,25197.0
0,1,32,5,0,0,0,0,0,0,0,0,0,0,0,0,0,0,0,0,0,0,245,3,1.0,1.0,0.0,0.0,0.01,0.06,0.0,255,3,0.01,0.06,0.0,0.0,1.0,1.0,0.0,0.0,1,9278.0
0,1,22,9,244,1086,0,0,0,0,0,1,0,0,0,0,0,0,0,0,0,0,4,4,0.0,0.0,0.0,0.0,1.0,0.0,0.0,62,255,1.0,0.0,0.02,0.04,0.0,0.0,0.0,0.0,0,31728.0
0,1,22,9,286,588,0,0,0,0,0,1,0,0,0,0,0,0,0,0,0,0,18,19,0.0,0.0,0.0,0.0,1.0,0.0,0.11,18,255,1.0,0.0,0.06,0.03,0.0,0.0,0.0,0.0,0,44767.0
0,2,11,9,43,126,0,0,0,0,0,0,0,0,0,0,0,0,0,0,0,0,73,152,0.0,0.0,0.0,0.0,0.97,0.04,0.01,255,238,0.93,0.01,0.0,0.0,0.0,0.0,0.0,0.0,0,125145.0
0,1,40,9,43,0,0,0,0,0,0,1,0,0,0,0,0,0,0,0,0,0,1,1,0.0,0.0,0.0,0.0,1.0,0.0,0.0,156,1,0.01,0.04,0.35,0.0,0.03,0.0,0.0,0.0,0,67060.0
0,1,10,1,0,0,0,0,0,0,0,0,0,0,0,0,0,0,0,0,0,0,220,2,0.0,0.0,1.0,1.0,0.01,0.07,0.0,255,2,0.01,0.08,0.0,0.0,0.0,0.0,1.0,1.0,1,109585.0
0,2,11,9,43,68,0,0,0,0,0,0,0,0,0,0,0,0,0,0,0,0,271,271,0.0,0.0,0.0,0.0,1.0,0.0,0.0,255,240,0.94,0.01,0.0,0.0,0.0,0.0,0.0,0.0,0,93876.0
0,2,11,9,46,76,0,0,0,0,0,0,0,0,0,0,0,0,0,0,0,0,252,252,0.0,0.0,0.0,0.0,1.0,0.0,0.0,255,254,1.0,0.01,0.0,0.0,0.0,0.0,0.0,0.0,0,33711.0
0,1,21,5,0,0,0,0,0,0,0,0,0,0,0,0,0,0,0,0,0,0,287,25,1.0,1.0,0.0,0.0,0.09,0.05,0.0,255,25,0.1,0.05,0.0,0.0,1.0,1.0,0.0,0.0,1,62784.0
0,1,22,9,325,2248,0,0,0,0,0,1,0,0,0,0,0,0,0,0,0,0,2,2,0.0,0.0,0.0,0.0,1.0,0.0,0.0,20,255,1.0,0.0,0.05,0.03,0.0,0.0,0.0,0.0,0,86808.0
0,1,44,5,0,0,0,0,0,0,0,0,0,0,0,0,0,0,0,0,0,0,280,9,1.0,1.0,0.0,0.0,0.03,0.05,0.0,255,4,0.02,0.09,0.0,0.0,1.0,1.0,0.0,0.0,1,108282.0
0,1,52,5,0,0,0,0,0,0,0,0,0,0,0,0,0,0,0,0,0,0,299,20,1.0,1.0,0.0,0.0,0.07,0.05,0.0,255,20,0.08,0.07,0.0,0.0,1.0,1.0,0.0,0.0,1,21702.0
0,1,49,2,6234,1628,0,0,0,0,0,1,0,0,0,0,0,0,0,0,0,0,1,1,0.0,0.0,1.0,1.0,1.0,0.0,0.0,91,75,0.15,0.78,0.01,0.03,0.0,0.0,0.74,0.01,0,15358.0
0,1,44,5,0,0,0,0,0,0,0,0,0,0,0,0,0,0,0,0,0,0,134,18,1.0,1.0,0.0,0.0,0.13,0.07,0.0,255,19,0.07,0.07,0.0,0.0,1.0,1.0,0.0,0.0,1,38935.0
0,1,26,5,0,0,0,0,0,0,0,0,0,0,0,0,0,0,0,0,0,0,105,19,1.0,1.0,0.0,0.0,0.18,0.07,0.0,255,19,0.07,0.06,0.0,0.0,1.0,1.0,0.0,0.0,1,115092.0
0,1,22,9,346,353,0,0,0,0,0,1,0,0,0,0,0,0,0,0,0,0,4,4,0.0,0.0,0.0,0.0,1.0,0.0,0.0,128,255,1.0,0.0,0.01,0.03,0.0,0.0,0.0,0.0,0,118463.0
8642,1,55,9,93,1785,0,0,0,0,0,1,0,0,0,0,0,0,0,0,0,0,1,1,0.0,0.0,0.0,0.0,1.0,0.0,0.0,50,7,0.14,0.08,0.02,0.0,0.02,0.14,0.0,0.0,0,96012.0
36204,1,44,4,1,0,0,0,0,0,0,0,0,0,0,0,0,0,0,0,0,0,2,2,0.0,0.0,1.0,1.0,1.0,0.0,0.0,255,2,0.01,0.5,1.0,0.0,0.0,0.0,1.0,1.0,1,32424.0
0,1,22,9,254,4903,0,0,0,0,0,1,0,0,0,0,0,0,0,0,0,0,5,5,0.0,0.0,0.0,0.0,1.0,0.0,0.0,49,255,1.0,0.0,0.02,0.07,0.0,0.01,0.0,0.0,0,115439.0
0,1,19,5,0,0,0,0,0,0,0,0,0,0,0,0,0,0,0,0,0,0,209,16,1.0,1.0,0.0,0.0,0.08,0.06,0.0,255,16,0.06,0.07,0.0,0.0,1.0,1.0,0.0,0.0,1,5380.0
0,1,22,9,296,11016,0,0,0,0,0,1,0,0,0,0,0,0,0,0,0,0,4,4,0.0,0.0,0.0,0.0,1.0,0.0,0.0,182,255,1.0,0.0,0.01,0.01,0.0,0.0,0.0,0.0,0,21093.0
0,0,14,9,1032,0,0,0,0,0,0,0,0,0,0,0,0,0,0,0,0,0,511,511,0.0,0.0,0.0,0.0,1.0,0.0,0.0,255,130,0.51,0.17,0.51,0.0,0.0,0.0,0.0,0.0,1,46423.0
0,1,44,1,0,0,0,0,0,0,0,0,0,0,0,0,0,0,0,0,0,0,2,1,0.0,0.0,1.0,1.0,0.5,1.0,0.0,255,1,0.0,0.46,0.44,0.0,0.0,0.0,0.45,1.0,1,72274.0
0,1,22,9,236,16725,0,0,0,0,0,1,0,0,0,0,0,0,0,0,0,0,14,16,0.0,0.0,0.0,0.0,1.0,0.0,0.12,255,255,1.0,0.0,0.0,0.0,0.0,0.0,0.0,0.0,0,106597.0
0,1,22,9,195,8777,0,0,0,0,0,1,0,0,0,0,0,0,0,0,0,0,12,12,0.0,0.0,0.0,0.0,1.0,0.0,0.0,32,255,1.0,0.0,0.03,0.02,0.0,0.0,0.0,0.0,0,68721.0
0,1,22,9,227,2809,0,0,0,0,0,1,0,0,0,0,0,0,0,0,0,0,3,7,0.0,0.0,0.0,0.0,1.0,0.0,0.29,113,255,1.0,0.0,0.01,0.01,0.0,0.0,0.0,0.0,0,49204.0
0,1,16,5,0,0,0,0,0,0,0,0,0,0,0,0,0,0,0,0,0,0,148,23,1.0,1.0,0.0,0.0,0.16,0.05,0.0,255,23,0.09,0.05,0.0,0.0,1.0,1.0,0.0,0.0,1,125532.0
0,1,44,5,0,0,0,0,0,0,0,0,0,0,0,0,0,0,0,0,0,0,283,15,1.0,1.0,0.0,0.0,0.05,0.06,0.0,255,10,0.04,0.06,0.0,0.0,1.0,1.0,0.0,0.0,1,114634.0
0,1,22,9,296,1053,0,0,0,0,0,1,0,0,0,0,0,0,0,0,0,0,26,31,0.0,0.0,0.0,0.0,1.0,0.0,0.16,255,255,1.0,0.0,0.0,0.0,0.0,0.0,0.0,0.0,0,13004.0
0,1,44,1,0,0,0,0,0,0,0,0,0,0,0,0,0,0,0,0,0,0,346,1,0.03,0.0,0.96,1.0,0.0,1.0,0.0,255,1,0.0,1.0,0.0,0.0,0.03,0.0,0.97,1.0,1,60532.0
0,1,30,5,0,0,0,0,0,0,0,0,0,0,0,0,0,0,0,0,0,0,74,3,1.0,1.0,0.0,0.0,0.04,0.08,0.0,255,3,0.01,0.06,0.0,0.0,1.0,1.0,0.0,0.0,1,109916.0
0,1,19,9,383,0,0,0,0,0,0,1,0,0,0,0,0,0,0,0,0,0,2,2,0.0,0.0,0.0,0.0,1.0,0.0,0.0,255,109,0.43,0.01,0.43,0.0,0.0,0.0,0.0,0.0,0,51056.0
0,1,2,5,0,0,0,0,0,0,0,0,0,0,0,0,0,0,0,0,0,0,214,16,1.0,1.0,0.0,0.0,0.07,0.06,0.0,255,16,0.06,0.06,0.0,0.0,1.0,1.0,0.0,0.0,1,110597.0
0,1,60,1,0,0,0,0,0,0,0,0,0,0,0,0,0,0,0,0,0,0,266,16,0.0,0.0,1.0,1.0,0.06,0.06,0.0,255,16,0.06,0.07,0.0,0.0,0.0,0.0,1.0,1.0,1,57706.0
0,1,22,9,225,3444,0,0,0,0,0,1,0,0,0,0,0,0,0,0,0,0,14,14,0.0,0.0,0.0,0.0,1.0,0.0,0.0,60,255,1.0,0.0,0.02,0.03,0.0,0.0,0.0,0.0,0,50659.0
0,1,22,9,323,2788,0,0,0,0,0,1,0,0,0,0,0,0,0,0,0,0,4,4,0.0,0.0,0.0,0.0,1.0,0.0,0.0,61,255,1.0,0.0,0.02,0.01,0.0,0.0,0.0,0.0,0,66151.0
0,1,55,5,0,0,0,0,0,0,0,0,0,0,0,0,0,0,0,0,0,0,278,8,1.0,1.0,0.0,0.0,0.03,0.05,0.0,255,8,0.03,0.05,0.0,0.0,1.0,1.0,0.0,0.0,1,32122.0
0,1,22,9,217,5222,0,0,0,0,0,1,0,0,0,0,0,0,0,0,0,0,2,16,0.0,0.0,0.0,0.0,1.0,0.0,0.19,10,255,1.0,0.0,0.1,0.03,0.0,0.0,0.0,0.0,0,63003.0
0,1,22,9,311,5202,0,0,0,0,0,1,0,0,0,0,0,0,0,0,0,0,8,8,0.0,0.0,0.0,0.0,1.0,0.0,0.0,255,255,1.0,0.0,0.0,0.0,0.0,0.0,0.0,0.0,0,125054.0
0,0,58,9,183,0,0,0,0,0,0,0,0,0,0,0,0,0,0,0,0,0,2,1,0.0,0.0,0.0,0.0,0.5,1.0,0.0,255,19,0.07,0.01,0.09,0.0,0.0,0.0,0.0,0.0,0,25145.0
0,1,19,9,383,0,0,0,0,0,0,0,0,0,0,0,0,0,0,0,0,0,2,3,0.0,0.0,0.0,0.0,1.0,0.0,0.67,146,42,0.05,0.03,0.05,0.05,0.0,0.0,0.0,0.0,0,92883.0
0,1,22,9,256,340,0,0,0,0,0,1,0,0,0,0,0,0,0,0,0,0,2,20,0.0,0.0,0.0,0.0,1.0,0.0,0.15,5,255,1.0,0.0,0.2,0.03,0.0,0.0,0.0,0.0,0,76700.0
0,1,22,1,0,0,0,0,0,0,0,0,0,0,0,0,0,0,0,0,0,0,1,2,0.0,0.0,1.0,1.0,1.0,0.0,1.0,139,255,1.0,0.0,0.01,0.05,0.01,0.01,0.99,0.99,0,85057.0
0,1,22,9,230,1214,0,0,0,0,0,1,0,0,0,0,0,0,0,0,0,0,13,17,0.0,0.0,0.0,0.0,1.0,0.0,0.18,41,255,1.0,0.0,0.02,0.01,0.0,0.0,0.0,0.0,0,124102.0
0,1,59,5,0,0,0,0,0,0,0,0,0,0,0,0,0,0,0,0,0,0,128,8,1.0,1.0,0.0,0.0,0.06,0.05,0.0,255,8,0.03,0.05,0.0,0.0,1.0,1.0,0.0,0.0,1,31689.0
0,1,22,9,330,1400,0,0,0,0,0,1,0,0,0,0,0,0,0,0,0,0,44,45,0.0,0.0,0.0,0.0,1.0,0.0,0.04,255,255,1.0,0.0,0.0,0.0,0.0,0.0,0.0,0.0,0,118631.0
0,1,44,5,0,0,0,0,0,0,0,0,0,0,0,0,0,0,0,0,0,0,158,2,1.0,1.0,0.0,0.0,0.01,0.07,0.0,255,2,0.01,0.07,0.0,0.0,1.0,1.0,0.0,0.0,1,5237.0
0,1,44,5,0,0,0,0,0,0,0,0,0,0,0,0,0,0,0,0,0,0,230,16,1.0,1.0,0.0,0.0,0.07,0.07,0.0,255,30,0.12,0.06,0.0,0.0,1.0,1.0,0.0,0.0,1,94612.0
0,1,22,9,290,1547,0,0,0,0,0,1,0,0,0,0,0,0,0,0,0,0,9,35,0.0,0.0,0.0,0.0,1.0,0.0,0.06,9,255,1.0,0.0,0.11,0.05,0.0,0.0,0.0,0.0,0,76145.0
0,2,11,9,43,128,0,0,0,0,0,0,0,0,0,0,0,0,0,0,0,0,66,146,0.0,0.0,0.0,0.0,1.0,0.0,0.01,255,254,1.0,0.01,0.0,0.0,0.0,0.0,0.0,0.0,0,62294.0
0,1,23,5,0,0,0,0,0,0,0,0,0,0,0,0,0,0,0,0,0,0,39,3,1.0,1.0,0.0,0.0,0.08,0.13,0.0,255,3,0.01,0.08,0.0,0.0,1.0,1.0,0.0,0.0,1,95590.0
0,2,11,9,45,127,0,0,0,0,0,0,0,0,0,0,0,0,0,0,0,0,69,149,0.0,0.0,0.0,0.0,1.0,0.0,0.01,255,239,0.94,0.01,0.0,0.0,0.0,0.0,0.0,0.0,0,123527.0
0,1,22,1,0,0,0,0,0,0,0,0,0,0,0,0,0,0,0,0,0,0,1,1,0.0,0.0,1.0,1.0,1.0,0.0,0.0,3,247,1.0,0.0,0.33,0.17,0.0,0.0,1.0,0.68,0,36025.0
0,1,22,9,240,24342,0,0,0,0,0,1,0,0,0,0,0,0,0,0,0,0,4,9,0.0,0.0,0.0,0.0,1.0,0.0,0.44,38,255,1.0,0.0,0.03,0.06,0.0,0.0,0.0,0.0,0,118902.0
0,1,44,5,0,0,0,0,0,0,0,0,0,0,0,0,0,0,0,0,0,0,129,16,1.0,1.0,0.0,0.0,0.12,0.06,0.0,255,16,0.06,0.08,0.0,0.0,1.0,1.0,0.0,0.0,1,61211.0
0,2,11,9,43,128,0,0,0,0,0,0,0,0,0,0,0,0,0,0,0,0,131,211,0.0,0.0,0.0,0.0,1.0,0.0,0.01,255,255,1.0,0.0,0.0,0.0,0.0,0.0,0.0,0.0,0,88553.0
0,1,19,9,7077,0,0,0,0,0,0,1,0,0,0,0,0,0,0,0,0,0,5,5,0.0,0.0,0.0,0.0,1.0,0.0,0.0,11,11,1.0,0.0,1.0,0.0,0.0,0.0,0.0,0.0,1,96252.0
0,1,22,9,216,537,0,0,0,0,0,1,0,0,0,0,0,0,0,0,0,0,17,17,0.0,0.0,0.0,0.0,1.0,0.0,0.0,190,255,1.0,0.0,0.01,0.02,0.01,0.0,0.0,0.0,0,83324.0
0,1,22,9,308,1991,0,0,0,0,0,1,0,0,0,0,0,0,0,0,0,0,5,5,0.0,0.0,0.0,0.0,1.0,0.0,0.0,255,255,1.0,0.0,0.0,0.0,0.0,0.0,0.0,0.0,0,46604.0
0,1,17,5,0,0,0,0,0,0,0,0,0,0,0,0,0,0,0,0,0,0,78,20,1.0,1.0,0.0,0.0,0.26,0.05,0.0,255,60,0.24,0.02,0.02,0.0,1.0,1.0,0.0,0.0,1,16307.0
0,1,22,9,287,1875,0,0,0,0,0,1,0,0,0,0,0,0,0,0,0,0,12,12,0.0,0.0,0.0,0.0,1.0,0.0,0.0,12,255,1.0,0.0,0.08,0.03,0.0,0.0,0.0,0.0,0,40780.0
0,1,22,9,313,10993,0,0,0,0,0,1,0,0,0,0,0,0,0,0,0,0,24,24,0.0,0.0,0.0,0.0,1.0,0.0,0.0,24,255,1.0,0.0,0.04,0.03,0.0,0.0,0.0,0.0,0,103494.0
0,1,49,9,1034,328,0,0,0,0,0,1,0,0,0,0,0,0,0,0,0,0,1,1,0.0,0.0,0.0,0.0,1.0,0.0,0.0,139,86,0.55,0.04,0.01,0.02,0.0,0.0,0.0,0.0,0,100466.0
0,1,40,9,4763,0,0,0,0,0,0,1,0,0,0,0,0,0,0,0,0,0,10,1,0.1,0.0,0.0,0.0,0.1,0.2,0.0,223,1,0.0,0.02,0.25,0.0,0.0,0.0,0.0,0.0,0,21198.0
0,1,22,9,332,1451,0,0,0,0,0,1,0,0,0,0,0,0,0,0,0,0,2,2,0.0,0.0,0.0,0.0,1.0,0.0,0.0,22,255,1.0,0.0,0.05,0.02,0.0,0.0,0.0,0.0,0,76754.0
0,1,54,5,0,0,0,0,0,0,0,0,0,0,0,0,0,0,0,0,0,0,194,5,1.0,1.0,0.0,0.0,0.03,0.06,0.0,255,12,0.05,0.05,0.0,0.0,1.0,1.0,0.0,0.0,1,84137.0
0,1,44,5,0,0,0,0,0,0,0,0,0,0,0,0,0,0,0,0,0,0,298,20,1.0,1.0,0.0,0.0,0.07,0.06,0.0,255,4,0.02,0.06,0.0,0.0,1.0,1.0,0.0,0.0,1,15434.0
0,1,22,9,293,472,0,0,0,0,0,1,0,0,0,0,0,0,0,0,0,0,1,1,0.0,0.0,0.0,0.0,1.0,0.0,0.0,255,255,1.0,0.0,0.0,0.0,0.0,0.0,0.0,0.0,0,27371.0
0,1,1,1,0,0,0,0,0,0,0,0,0,0,0,0,0,0,0,0,0,0,3,2,0.0,0.0,0.67,1.0,0.67,0.67,0.0,116,2,0.02,0.03,0.01,0.0,0.0,0.0,0.02,1.0,0,25869.0
0,1,22,9,219,788,0,0,0,0,0,1,0,0,0,0,0,0,0,0,0,0,13,19,0.0,0.0,0.0,0.0,1.0,0.0,0.11,97,107,1.0,0.0,0.01,0.03,0.01,0.01,0.0,0.0,0,25550.0
0,1,5,5,0,0,0,0,0,0,0,0,0,0,0,0,0,0,0,0,0,0,143,19,1.0,1.0,0.0,0.0,0.13,0.04,0.0,255,19,0.07,0.05,0.0,0.0,1.0,1.0,0.0,0.0,1,20598.0
0,2,40,9,1,0,0,0,0,0,0,0,0,0,0,0,0,0,0,0,0,0,14,1,0.0,0.0,0.0,0.0,0.07,0.5,0.0,255,1,0.0,0.28,0.8,0.0,0.0,0.0,0.18,0.0,1,112040.0
0,1,22,4,50816,7300,0,0,0,1,0,1,0,0,0,0,0,0,0,0,0,0,2,3,0.0,0.0,0.5,0.67,1.0,0.0,0.67,255,255,1.0,0.0,0.0,0.0,0.01,0.01,0.05,0.05,1,77896.0
0,1,22,9,298,714,0,0,0,0,0,1,0,0,0,0,0,0,0,0,0,0,20,21,0.0,0.0,0.0,0.0,1.0,0.0,0.1,31,255,1.0,0.0,0.03,0.09,0.0,0.01,0.0,0.0,0,107269.0
0,1,22,9,208,3227,0,0,0,0,0,1,0,0,0,0,0,0,0,0,0,0,8,10,0.0,0.0,0.0,0.0,1.0,0.0,0.3,24,255,1.0,0.0,0.04,0.02,0.0,0.0,0.0,0.01,0,96047.0
0,1,49,9,750,331,0,0,0,0,0,1,0,0,0,0,0,0,0,0,0,0,1,1,0.0,0.0,0.0,0.0,1.0,0.0,0.0,93,176,0.73,0.03,0.01,0.02,0.0,0.03,0.0,0.01,0,39772.0
0,1,19,9,334,0,0,0,0,0,0,1,0,0,0,0,0,0,0,0,0,0,1,1,0.0,0.0,0.0,0.0,1.0,0.0,0.0,9,9,1.0,0.0,1.0,0.0,0.0,0.0,0.0,0.0,1,26406.0
0,0,13,9,8,0,0,0,0,0,0,0,0,0,0,0,0,0,0,0,0,0,1,9,0.0,0.0,0.0,0.0,1.0,0.0,1.0,1,129,1.0,0.0,1.0,0.51,0.0,0.0,0.0,0.0,1,64461.0
0,1,15,5,0,0,0,0,0,0,0,0,0,0,0,0,0,0,0,0,0,0,2,2,1.0,1.0,0.0,0.0,1.0,0.0,0.0,255,2,0.01,0.07,0.0,0.0,1.0,1.0,0.0,0.0,1,49657.0
0,1,60,5,0,0,0,0,0,0,0,0,0,0,0,0,0,0,0,0,0,0,291,24,1.0,1.0,0.0,0.0,0.08,0.04,0.0,255,24,0.09,0.05,0.0,0.0,1.0,1.0,0.0,0.0,1,101558.0
0,1,22,9,354,1215,0,0,0,0,0,1,0,0,0,0,0,0,0,0,0,0,4,4,0.0,0.0,0.0,0.0,1.0,0.0,0.0,125,255,1.0,0.0,0.01,0.02,0.0,0.0,0.0,0.0,0,41849.0
0,1,44,5,0,0,0,0,0,0,0,0,0,0,0,0,0,0,0,0,0,0,57,2,1.0,1.0,0.0,0.0,0.04,0.09,0.0,255,7,0.03,0.07,0.0,0.0,1.0,1.0,0.0,0.0,1,76051.0
0,2,11,9,32,0,0,0,0,0,0,0,0,0,0,0,0,0,0,0,0,0,1,2,0.0,0.0,0.0,0.0,1.0,0.0,1.0,219,9,0.04,0.06,0.04,0.22,0.02,0.0,0.0,0.0,0,58506.0
0,1,22,9,253,1261,0,0,0,0,0,1,0,0,0,0,0,0,0,0,0,0,16,16,0.0,0.0,0.0,0.0,1.0,0.0,0.0,255,255,1.0,0.0,0.0,0.0,0.0,0.0,0.0,0.0,0,59063.0
0,0,13,9,8,0,0,0,0,0,0,0,0,0,0,0,0,0,0,0,0,0,1,6,0.0,0.0,0.0,0.0,1.0,0.0,1.0,2,194,1.0,0.0,1.0,0.25,0.0,0.0,0.0,0.0,1,1405.0
0,1,22,9,239,251,0,0,0,0,0,1,0,0,0,0,0,0,0,0,0,0,7,7,0.0,0.0,0.0,0.0,1.0,0.0,0.0,188,255,1.0,0.0,0.01,0.03,0.0,0.0,0.0,0.0,0,39230.0
0,1,44,5,0,0,0,0,0,0,0,0,0,0,0,0,0,0,0,0,0,0,169,15,1.0,1.0,0.0,0.0,0.09,0.06,0.0,255,6,0.02,0.08,0.0,0.0,1.0,1.0,0.0,0.0,1,36541.0
0,1,12,5,0,0,0,0,0,0,0,0,0,0,0,0,0,0,0,0,0,0,138,13,1.0,1.0,0.0,0.0,0.09,0.05,0.0,255,1,0.0,0.06,0.0,0.0,1.0,1.0,0.0,0.0,1,52768.0
0,1,22,9,282,124,0,0,0,0,0,1,0,0,0,0,0,0,0,0,0,0,1,2,0.0,0.0,0.0,0.0,1.0,0.0,1.0,54,255,1.0,0.0,0.02,0.02,0.0,0.0,0.02,0.01,0,28623.0
0,1,49,9,1742,336,0,0,0,0,0,1,0,0,0,0,0,0,0,0,0,0,1,1,0.0,0.0,0.0,0.0,1.0,0.0,0.0,151,117,0.38,0.02,0.01,0.02,0.0,0.0,0.0,0.0,0,35711.0
0,1,21,5,0,0,0,0,0,0,0,0,0,0,0,0,0,0,0,0,0,0,292,23,1.0,1.0,0.0,0.0,0.08,0.05,0.0,255,23,0.09,0.05,0.0,0.0,1.0,1.0,0.0,0.0,1,21568.0
5,2,44,9,105,145,0,0,0,0,0,0,0,0,0,0,0,0,0,0,0,0,2,2,0.0,0.0,0.0,0.0,1.0,0.0,0.0,45,36,0.8,0.07,0.07,0.0,0.0,0.0,0.0,0.0,0,24312.0
0,2,11,9,44,130,0,0,0,0,0,0,0,0,0,0,0,0,0,0,0,0,284,284,0.0,0.0,0.0,0.0,1.0,0.0,0.0,255,253,0.99,0.01,0.0,0.0,0.0,0.0,0.0,0.0,0,119507.0
0,1,5,5,0,0,0,0,0,0,0,0,0,0,0,0,0,0,0,0,0,0,141,15,1.0,1.0,0.0,0.0,0.11,0.06,0.0,255,13,0.05,0.07,0.0,0.0,1.0,1.0,0.0,0.0,1,30364.0
0,1,35,5,0,0,0,0,0,0,0,0,0,0,0,0,0,0,0,0,0,0,253,4,1.0,1.0,0.0,0.0,0.02,0.06,0.0,255,17,0.07,0.07,0.0,0.0,1.0,1.0,0.0,0.0,1,70628.0
7,1,40,9,1766,0,0,0,0,0,0,1,0,0,0,0,0,0,0,0,0,0,1,1,0.0,0.0,0.0,0.0,1.0,0.0,0.0,211,1,0.0,0.04,0.37,0.0,0.0,0.0,0.0,0.0,0,2072.0
0,1,8,5,0,0,0,0,0,0,0,0,0,0,0,0,0,0,0,0,0,0,262,21,1.0,1.0,0.0,0.0,0.08,0.05,0.0,255,21,0.08,0.05,0.0,0.0,1.0,1.0,0.0,0.0,1,50244.0
41516,1,44,4,1,0,0,0,0,0,0,0,0,0,0,0,0,0,0,0,0,0,2,2,0.0,0.0,1.0,1.0,1.0,0.0,0.0,242,2,0.01,0.26,0.5,0.0,0.0,0.0,0.5,1.0,1,25889.0
0,1,28,1,0,0,0,0,0,0,0,0,0,0,0,0,0,0,0,0,0,0,126,6,0.0,0.0,1.0,1.0,0.05,0.06,0.0,255,6,0.02,0.07,0.0,0.0,0.0,0.0,1.0,1.0,1,87133.0
0,1,22,9,339,4268,0,0,0,0,0,1,0,0,0,0,0,0,0,0,0,0,2,2,0.0,0.0,0.0,0.0,1.0,0.0,0.0,255,255,1.0,0.0,0.0,0.0,0.0,0.0,0.0,0.0,0,117106.0
0,1,44,4,0,0,0,0,0,0,0,0,0,0,0,0,0,0,0,0,0,0,1,1,0.0,0.0,1.0,1.0,1.0,0.0,0.0,102,1,0.01,0.54,0.53,0.0,0.06,0.0,0.51,1.0,1,52488.0
0,2,11,9,43,132,0,0,0,0,0,0,0,0,0,0,0,0,0,0,0,0,79,158,0.0,0.0,0.0,0.0,1.0,0.0,0.01,255,255,1.0,0.0,0.0,0.0,0.0,0.0,0.0,0.0,0,23963.0
10028,1,55,9,99,2171,0,0,0,0,0,1,0,0,0,0,0,0,0,0,0,0,1,1,0.0,0.0,0.0,0.0,1.0,0.0,0.0,117,20,0.17,0.03,0.01,0.0,0.0,0.0,0.02,0.1,0,26947.0
0,1,44,5,0,0,0,0,0,0,0,0,0,0,0,0,0,0,0,0,0,0,54,2,1.0,1.0,0.0,0.0,0.04,0.09,0.0,255,14,0.05,0.07,0.0,0.0,1.0,1.0,0.0,0.0,1,72052.0
0,1,27,5,0,0,0,0,0,0,0,0,0,0,0,0,0,0,0,0,0,0,94,7,1.0,1.0,0.0,0.0,0.07,0.09,0.0,255,7,0.03,0.07,0.0,0.0,1.0,1.0,0.0,0.0,1,91105.0
0,1,7,5,0,0,0,0,0,0,0,0,0,0,0,0,0,0,0,0,0,0,239,18,1.0,1.0,0.0,0.0,0.08,0.06,0.0,255,18,0.07,0.06,0.0,0.0,1.0,1.0,0.0,0.0,1,107395.0
0,1,62,5,0,0,0,0,0,0,0,0,0,0,0,0,0,0,0,0,0,0,221,19,1.0,1.0,0.0,0.0,0.09,0.06,0.0,255,18,0.07,0.08,0.0,0.0,1.0,1.0,0.0,0.0,1,40349.0
0,1,22,9,284,303,0,0,0,0,0,1,0,0,0,0,0,0,0,0,0,0,1,1,0.0,0.0,0.0,0.0,1.0,0.0,0.0,255,255,1.0,0.0,0.0,0.0,0.0,0.0,0.0,0.0,0,60390.0
0,1,29,1,0,0,0,0,0,0,0,0,0,0,0,0,0,0,0,0,0,0,100,13,0.0,0.0,1.0,1.0,0.13,0.08,0.0,255,1,0.0,0.08,0.0,0.0,0.0,0.0,1.0,1.0,1,120816.0
0,1,20,2,0,0,0,0,0,0,0,0,0,0,0,0,0,0,0,0,0,0,156,1,0.0,0.0,1.0,1.0,0.01,0.53,0.0,255,1,0.0,0.33,0.61,0.0,0.0,0.0,0.92,1.0,1,98566.0
0,1,20,1,0,0,0,0,0,0,0,0,0,0,0,0,0,0,0,0,0,0,108,15,0.0,0.0,1.0,1.0,0.14,0.06,0.0,255,15,0.06,0.08,0.0,0.0,0.0,0.0,1.0,1.0,1,117399.0
0,1,3,9,9,38,0,0,0,0,0,1,0,0,0,0,0,0,0,0,0,0,2,1,0.0,0.0,0.0,0.0,0.5,1.0,0.0,106,9,0.07,0.05,0.01,0.22,0.0,0.0,0.0,0.0,0,123268.0
0,1,44,1,0,0,0,0,0,0,0,0,0,0,0,0,0,0,0,0,0,0,103,8,0.0,0.0,1.0,1.0,0.08,0.07,0.0,255,6,0.02,0.08,0.0,0.0,0.0,0.0,1.0,1.0,1,16859.0
0,1,22,9,194,8287,0,0,0,0,0,1,0,0,0,0,0,0,0,0,0,0,8,8,0.0,0.0,0.0,0.0,1.0,0.0,0.0,8,255,1.0,0.0,0.12,0.11,0.0,0.0,0.0,0.0,0,105310.0
0,1,40,1,0,0,0,0,0,0,0,0,0,0,0,0,0,0,0,0,0,0,434,1,0.08,0.0,0.91,1.0,0.0,1.0,0.0,255,1,0.0,1.0,0.0,0.0,0.06,0.0,0.94,1.0,1,43155.0
0,1,44,1,0,0,0,0,0,0,0,0,0,0,0,0,0,0,0,0,0,0,1,1,0.0,0.0,1.0,1.0,1.0,0.0,0.0,41,2,0.02,1.0,0.02,1.0,0.0,0.0,0.9,1.0,1,21943.0
0,1,17,9,8,136,0,0,0,0,0,0,0,0,0,0,0,0,0,0,0,0,2,1,0.0,0.0,0.0,0.0,0.5,1.0,0.0,255,9,0.04,0.03,0.0,0.0,0.0,0.0,0.0,0.0,0,81549.0
0,1,19,9,1363,0,0,0,0,0,0,0,0,0,0,0,0,0,0,0,0,0,17,17,0.0,0.0,0.0,0.0,1.0,0.0,0.0,214,59,0.28,0.02,0.28,0.0,0.0,0.0,0.0,0.0,0,92814.0
0,1,44,5,0,0,0,0,0,0,0,0,0,0,0,0,0,0,0,0,0,0,130,25,1.0,1.0,0.0,0.0,0.19,0.05,0.0,255,4,0.02,0.06,0.0,0.0,1.0,1.0,0.0,0.0,1,113082.0
0,1,22,9,244,1307,0,0,0,0,0,1,0,0,0,0,0,0,0,0,0,0,1,17,0.0,0.0,0.0,0.0,1.0,0.0,0.12,20,255,1.0,0.0,0.05,0.01,0.0,0.0,0.0,0.0,0,17767.0
0,1,22,9,332,400,0,0,0,0,0,1,0,0,0,0,0,0,0,0,0,0,19,19,0.0,0.0,0.0,0.0,1.0,0.0,0.0,92,255,1.0,0.0,0.01,0.01,0.0,0.0,0.0,0.0,0,16474.0
0,2,44,9,105,0,0,0,0,0,0,0,0,0,0,0,0,0,0,0,0,0,2,2,0.0,0.0,0.0,0.0,1.0,0.0,0.0,167,158,0.95,0.02,0.01,0.0,0.0,0.0,0.0,0.0,0,106574.0
0,0,13,9,8,0,0,0,0,0,0,0,0,0,0,0,0,0,0,0,0,0,1,31,0.0,0.0,0.0,0.0,1.0,0.0,1.0,2,78,1.0,0.0,1.0,0.5,0.0,0.0,0.0,0.0,1,27039.0
0,1,19,9,567,0,0,0,0,0,0,1,0,0,0,6,0,0,0,0,0,0,1,2,0.0,0.0,0.0,0.0,1.0,0.0,1.0,1,21,1.0,0.0,1.0,0.1,0.0,0.0,0.0,0.0,0,111318.0
0,1,19,9,24,0,0,0,0,0,0,0,0,0,0,0,0,0,0,0,0,0,1,1,0.0,0.0,0.0,0.0,1.0,0.0,0.0,255,11,0.04,0.96,0.04,0.0,0.95,0.0,0.0,0.0,0,33473.0
0,1,19,9,14189,0,0,0,0,0,0,1,0,0,0,0,0,0,0,0,0,0,3,3,0.0,0.0,0.0,0.0,1.0,0.0,0.0,52,33,0.63,0.06,0.63,0.0,0.0,0.0,0.0,0.0,0,78811.0
0,1,49,9,571,330,0,0,0,0,0,1,0,0,0,0,0,0,0,0,0,0,1,1,0.0,0.0,0.0,0.0,1.0,0.0,0.0,39,121,0.9,0.05,0.03,0.02,0.0,0.0,0.0,0.0,0,84376.0
0,1,22,4,54540,8314,0,0,0,2,0,1,1,0,0,0,0,0,0,0,0,0,4,4,0.0,0.0,0.25,0.25,1.0,0.0,0.0,7,7,1.0,0.0,0.14,0.0,0.0,0.0,0.14,0.14,1,96041.0
0,1,22,9,354,8658,0,0,0,0,0,1,0,0,0,0,0,0,0,0,0,0,9,9,0.0,0.0,0.0,0.0,1.0,0.0,0.0,255,255,1.0,0.0,0.0,0.0,0.0,0.0,0.0,0.0,0,18351.0
0,1,49,9,920,335,0,0,0,0,0,1,0,0,0,0,0,0,0,0,0,0,1,1,0.0,0.0,0.0,0.0,1.0,0.0,0.0,113,147,0.53,0.04,0.01,0.01,0.01,0.01,0.0,0.0,0,84011.0
0,1,49,5,0,0,0,0,0,0,0,0,0,0,0,0,0,0,0,0,0,0,2,3,0.5,0.33,0.0,0.0,1.0,0.0,0.67,69,100,0.36,0.1,0.03,0.02,0.01,0.01,0.0,0.0,0,107950.0
29,2,11,9,44,44,0,0,0,0,0,0,0,0,0,0,0,0,0,0,0,0,4,8,0.0,0.0,0.0,0.0,0.25,0.5,0.38,36,35,0.97,0.06,0.03,0.0,0.0,0.0,0.0,0.0,0,63370.0
0,1,22,9,54540,8314,0,0,0,2,0,1,1,0,0,0,0,0,0,0,0,0,18,18,0.0,0.0,0.0,0.0,1.0,0.0,0.0,255,255,1.0,0.0,0.0,0.0,0.0,0.0,0.05,0.05,1,104382.0
0,1,22,9,262,13985,0,0,0,0,0,1,0,0,0,0,0,0,0,0,0,0,2,2,0.0,0.0,0.0,0.0,1.0,0.0,0.0,20,24,1.0,0.0,0.05,0.08,0.0,0.0,0.0,0.0,0,76662.0
0,1,42,9,35,130,0,0,0,0,0,1,0,0,0,0,0,0,0,0,0,0,2,1,0.0,0.0,0.0,0.0,0.5,1.0,0.0,20,8,0.05,0.2,0.05,0.25,0.0,0.0,0.0,0.0,0,30297.0
0,1,22,9,201,1464,0,0,0,0,0,1,0,0,0,0,0,0,0,0,0,0,13,13,0.0,0.0,0.0,0.0,1.0,0.0,0.0,133,255,1.0,0.0,0.01,0.01,0.0,0.0,0.0,0.0,0,66271.0
0,1,44,5,0,0,0,0,0,0,0,0,0,0,0,0,0,0,0,0,0,0,235,23,1.0,1.0,0.0,0.0,0.1,0.06,0.0,255,23,0.09,0.07,0.0,0.0,1.0,1.0,0.0,0.0,1,64697.0
0,2,11,9,46,117,0,0,0,0,0,0,0,0,0,0,0,0,0,0,0,0,1,2,0.0,0.0,0.0,0.0,1.0,0.0,1.0,255,248,0.97,0.01,0.0,0.0,0.0,0.0,0.0,0.0,0,99337.0
0,1,44,1,0,0,0,0,0,0,0,0,0,0,0,0,0,0,0,0,0,0,36,1,0.03,0.0,0.89,1.0,0.03,1.0,0.0,255,1,0.0,0.17,0.0,0.0,0.0,0.0,0.13,1.0,1,45827.0
0,1,22,1,0,0,0,0,0,0,0,0,0,0,0,0,0,0,0,0,0,0,1,1,0.0,0.0,1.0,1.0,1.0,0.0,0.0,6,161,1.0,0.0,0.17,0.16,0.0,0.0,1.0,0.98,0,12936.0
0,2,11,9,44,127,0,0,0,0,0,0,0,0,0,0,0,0,0,0,0,0,73,153,0.0,0.0,0.0,0.0,1.0,0.0,0.01,255,255,1.0,0.0,0.0,0.0,0.0,0.0,0.0,0.0,0,80466.0
5,2,44,9,105,145,0,0,0,0,0,0,0,0,0,0,0,0,0,0,0,0,2,2,0.0,0.0,0.0,0.0,1.0,0.0,0.0,255,233,0.91,0.01,0.02,0.0,0.0,0.0,0.0,0.0,0,35570.0
0,1,6,1,0,0,0,0,0,0,0,0,0,0,0,0,0,0,0,0,0,0,208,2,0.0,0.0,1.0,1.0,0.01,0.08,0.0,255,2,0.01,0.1,0.0,0.0,0.0,0.0,1.0,1.0,1,54204.0
0,1,40,1,0,0,0,0,0,0,0,0,0,0,0,0,0,0,0,0,0,0,508,1,0.08,0.0,0.91,1.0,0.0,1.0,0.0,255,1,0.0,1.0,0.0,0.0,0.08,0.0,0.92,1.0,1,69336.0
0,1,22,9,296,3231,0,0,0,0,0,1,0,0,0,0,0,0,0,0,0,0,10,11,0.0,0.0,0.0,0.0,1.0,0.0,0.18,24,255,1.0,0.0,0.04,0.03,0.0,0.0,0.0,0.0,0,119628.0
0,1,24,5,0,0,0,0,0,0,0,0,0,0,0,0,0,0,0,0,0,0,196,17,1.0,1.0,0.0,0.0,0.09,0.06,0.0,255,17,0.07,0.06,0.0,0.0,1.0,1.0,0.0,0.0,1,25001.0
0,1,44,5,0,0,0,0,0,0,0,0,0,0,0,0,0,0,0,0,0,0,66,3,1.0,1.0,0.0,0.0,0.05,0.09,0.0,255,16,0.06,0.07,0.0,0.0,1.0,1.0,0.0,0.0,1,67520.0
0,1,22,9,355,5030,0,0,0,0,0,1,0,0,0,0,0,0,0,0,0,0,2,2,0.0,0.0,0.0,0.0,1.0,0.0,0.0,255,255,1.0,0.0,0.0,0.0,0.0,0.0,0.0,0.0,0,68936.0
0,0,14,9,1032,0,0,0,0,0,0,0,0,0,0,0,0,0,0,0,0,0,502,502,0.0,0.0,0.0,0.0,1.0,0.0,0.0,255,206,0.81,0.02,0.81,0.0,0.0,0.0,0.13,0.0,1,66462.0
0,1,44,10,0,0,0,0,0,0,0,0,0,0,0,0,0,0,0,0,0,0,1,1,1.0,1.0,0.0,0.0,1.0,0.0,0.0,105,1,0.01,0.9,0.92,0.0,0.92,1.0,0.0,0.0,1,45506.0
0,1,44,1,0,0,0,0,0,0,0,0,0,0,0,0,0,0,0,0,0,0,136,7,0.0,0.0,1.0,1.0,0.05,0.06,0.0,255,7,0.03,0.09,0.0,0.0,0.0,0.0,1.0,1.0,1,11651.0
0,1,44,5,0,0,0,0,0,0,0,0,0,0,0,0,0,0,0,0,0,0,120,16,1.0,1.0,0.0,0.0,0.13,0.06,0.0,255,4,0.02,0.07,0.0,0.0,1.0,1.0,0.0,0.0,1,120444.0
0,1,22,9,348,4166,0,0,0,0,0,1,0,0,0,0,0,0,0,0,0,0,15,15,0.0,0.0,0.0,0.0,1.0,0.0,0.0,68,248,1.0,0.0,0.01,0.03,0.0,0.0,0.0,0.0,0,82043.0
0,1,22,5,0,0,0,0,0,0,0,0,0,0,0,0,0,0,0,0,0,0,2,20,0.5,0.05,0.0,0.0,1.0,0.0,0.2,129,255,1.0,0.0,0.02,0.02,0.01,0.01,0.0,0.0,0,93537.0
0,1,62,1,0,0,0,0,0,0,0,0,0,0,0,0,0,0,0,0,0,0,260,12,0.0,0.0,1.0,1.0,0.05,0.07,0.0,255,12,0.05,0.09,0.0,0.0,0.0,0.0,1.0,1.0,1,1530.0
10,2,11,9,42,42,0,0,0,0,0,0,0,0,0,0,0,0,0,0,0,0,1,1,0.0,0.0,0.0,0.0,1.0,0.0,0.0,255,238,0.93,0.01,0.0,0.0,0.0,0.0,0.0,0.0,0,104270.0
0,1,3,9,10,39,0,0,0,0,0,1,0,0,0,0,0,0,0,0,0,0,1,1,0.0,0.0,0.0,0.0,1.0,0.0,0.0,16,3,0.12,0.25,0.06,0.67,0.0,0.0,0.0,0.0,0,82955.0
1,1,49,9,1351,328,0,0,0,0,0,1,0,0,0,0,0,0,0,0,0,0,1,2,0.0,0.0,0.0,0.0,1.0,0.0,1.0,99,36,0.36,0.03,0.01,0.0,0.0,0.0,0.0,0.0,0,91356.0
0,1,19,9,1556,0,0,0,0,0,0,1,0,0,0,0,0,0,0,0,0,0,24,24,0.0,0.0,0.0,0.0,1.0,0.0,0.0,255,138,0.54,0.02,0.54,0.0,0.0,0.0,0.0,0.0,0,40492.0
1,1,49,9,1400,331,0,0,0,0,0,1,0,0,0,0,0,0,0,0,0,0,1,2,0.0,0.0,0.0,0.0,1.0,0.0,1.0,136,137,0.69,0.02,0.01,0.01,0.0,0.0,0.0,0.0,0,63624.0
0,1,22,9,195,1139,0,0,0,0,0,1,0,0,0,0,0,0,0,0,0,0,8,22,0.0,0.0,0.0,0.0,1.0,0.0,0.14,56,255,1.0,0.0,0.02,0.05,0.0,0.0,0.0,0.0,0,41451.0
1298,1,40,4,1,0,0,0,0,0,0,0,0,0,0,0,0,0,0,0,0,0,2,2,0.0,0.0,1.0,1.0,1.0,0.0,0.0,255,2,0.01,0.72,1.0,0.0,0.0,0.0,1.0,1.0,1,113812.0
0,2,44,9,28,0,0,3,0,0,0,0,0,0,0,0,0,0,0,0,0,0,53,52,0.0,0.0,0.02,0.0,0.98,0.04,0.0,255,52,0.2,0.02,0.2,0.0,0.0,0.0,0.6,0.0,1,34281.0
0,1,22,9,365,1148,0,0,0,0,0,1,0,0,0,0,0,0,0,0,0,0,2,2,0.0,0.0,0.0,0.0,1.0,0.0,0.0,166,255,1.0,0.0,0.01,0.01,0.0,0.0,0.0,0.0,0,6213.0
0,1,36,5,0,0,0,0,0,0,0,0,0,0,0,0,0,0,0,0,0,0,102,2,1.0,1.0,0.0,0.0,0.02,0.07,0.0,255,2,0.01,0.07,0.0,0.0,1.0,1.0,0.0,0.0,1,84862.0
0,1,49,9,905,329,0,0,0,0,0,1,0,0,0,0,0,0,0,0,0,0,1,1,0.0,0.0,0.0,0.0,1.0,0.0,0.0,71,102,0.42,0.2,0.01,0.02,0.03,0.01,0.0,0.0,0,83559.0
0,1,19,5,0,0,0,0,0,0,0,0,0,0,0,0,0,0,0,0,0,0,75,17,1.0,1.0,0.0,0.0,0.23,0.05,0.0,255,47,0.18,0.04,0.01,0.0,1.0,1.0,0.0,0.0,1,110353.0
0,2,11,9,46,46,0,0,0,0,0,0,0,0,0,0,0,0,0,0,0,0,213,213,0.0,0.0,0.0,0.0,1.0,0.0,0.0,255,250,0.98,0.01,0.0,0.0,0.0,0.0,0.0,0.0,0,81630.0
0,1,22,9,338,336,0,0,0,0,0,1,0,0,0,0,0,0,0,0,0,0,3,11,0.0,0.0,0.0,0.0,1.0,0.0,0.18,25,255,1.0,0.0,0.04,0.04,0.0,0.0,0.0,0.0,0,93645.0
0,1,19,9,12,0,0,0,0,0,0,1,0,0,0,0,0,0,0,0,0,0,2,2,0.0,0.0,0.0,0.0,1.0,0.0,0.0,202,141,0.62,0.03,0.62,0.01,0.0,0.0,0.0,0.0,1,50283.0
0,1,37,5,0,0,0,0,0,0,0,0,0,0,0,0,0,0,0,0,0,0,122,17,1.0,1.0,0.0,0.0,0.14,0.06,0.0,255,17,0.07,0.05,0.0,0.0,1.0,1.0,0.0,0.0,1,66146.0
18118,1,40,4,1,0,0,0,0,0,0,0,0,0,0,0,0,0,0,0,0,0,2,2,0.0,0.0,1.0,1.0,1.0,0.0,0.0,255,2,0.01,0.73,1.0,0.0,0.0,0.0,1.0,1.0,1,91675.0
0,1,22,9,270,307,0,0,0,0,0,1,0,0,0,0,0,0,0,0,0,0,16,17,0.0,0.0,0.0,0.0,1.0,0.0,0.12,43,254,1.0,0.0,0.02,0.03,0.0,0.0,0.0,0.0,0,120503.0
6,1,49,9,1123,329,0,0,0,0,0,1,0,0,0,0,0,0,0,0,0,0,1,2,0.0,0.0,0.0,0.0,1.0,0.0,1.0,44,32,0.73,0.07,0.02,0.0,0.0,0.0,0.0,0.0,0,14153.0
0,1,40,9,8325,0,0,0,0,0,0,1,0,0,0,0,0,0,0,0,0,0,18,1,0.06,0.0,0.0,0.0,0.06,0.22,0.0,200,1,0.0,0.09,0.4,0.0,0.02,0.0,0.0,0.0,0,91320.0
0,1,49,9,1682,328,0,0,0,0,0,1,0,0,0,0,0,0,0,0,0,0,1,1,0.0,0.0,0.0,0.0,1.0,0.0,0.0,26,207,1.0,0.0,0.04,0.01,0.0,0.0,0.0,0.0,0,6404.0
0,1,22,9,232,3222,0,0,0,0,0,1,0,0,0,0,0,0,0,0,0,0,3,3,0.0,0.0,0.0,0.0,1.0,0.0,0.0,255,234,0.92,0.02,0.0,0.0,0.0,0.0,0.0,0.0,0,13404.0
0,1,52,5,0,0,0,0,0,0,0,0,0,0,0,0,0,0,0,0,0,0,250,2,1.0,1.0,0.0,0.0,0.01,0.07,0.0,255,2,0.01,0.08,0.0,0.0,1.0,1.0,0.0,0.0,1,48639.0
0,1,37,5,0,0,0,0,0,0,0,0,0,0,0,0,0,0,0,0,0,0,86,17,1.0,1.0,0.0,0.0,0.2,0.07,0.0,255,17,0.07,0.07,0.0,0.0,1.0,1.0,0.0,0.0,1,96234.0
0,1,22,9,344,4021,0,0,0,0,0,1,0,0,0,0,0,0,0,0,0,0,13,14,0.0,0.0,0.0,0.0,1.0,0.0,0.14,204,255,1.0,0.0,0.0,0.02,0.0,0.0,0.0,0.0,0,111135.0
0,1,22,9,203,325,0,0,0,0,0,1,0,0,0,0,0,0,0,0,0,0,12,12,0.0,0.0,0.0,0.0,1.0,0.0,0.0,38,255,1.0,0.0,0.03,0.04,0.0,0.0,0.0,0.0,0,31235.0
0,1,44,5,0,0,0,0,0,0,0,0,0,0,0,0,0,0,0,0,0,0,161,3,1.0,1.0,0.0,0.0,0.02,0.07,0.0,255,14,0.05,0.07,0.0,0.0,1.0,1.0,0.0,0.0,1,105908.0
0,1,51,1,0,0,0,0,0,0,0,0,0,0,0,0,0,0,0,0,0,0,227,7,0.0,0.0,1.0,1.0,0.03,0.07,0.0,255,7,0.03,0.08,0.0,0.0,0.0,0.0,1.0,1.0,1,27836.0
0,1,22,9,220,619,0,0,0,0,0,1,0,0,0,0,0,0,0,0,0,0,13,16,0.0,0.0,0.0,0.0,1.0,0.0,0.12,255,255,1.0,0.0,0.0,0.0,0.0,0.0,0.0,0.0,0,52693.0
0,2,11,9,44,157,0,0,0,0,0,0,0,0,0,0,0,0,0,0,0,0,74,154,0.0,0.0,0.0,0.0,1.0,0.0,0.01,255,253,0.99,0.01,0.0,0.0,0.0,0.0,0.0,0.0,0,76711.0
3,1,44,1,0,0,0,0,0,0,0,0,0,0,0,0,0,0,0,0,0,0,231,1,0.04,0.0,0.94,1.0,0.0,1.0,0.0,255,1,0.0,0.93,0.0,0.0,0.04,0.0,0.86,1.0,1,125073.0
0,1,22,9,323,1261,0,0,0,0,0,1,0,0,0,0,0,0,0,0,0,0,8,11,0.0,0.0,0.0,0.0,1.0,0.0,0.27,29,61,1.0,0.0,0.03,0.03,0.0,0.0,0.0,0.0,0,54599.0
0,1,8,5,0,0,0,0,0,0,0,0,0,0,0,0,0,0,0,0,0,0,280,25,1.0,1.0,0.0,0.0,0.09,0.05,0.0,255,25,0.1,0.05,0.0,0.0,1.0,1.0,0.0,0.0,1,22232.0
0,2,11,9,44,69,0,0,0,0,0,0,0,0,0,0,0,0,0,0,0,0,256,260,0.0,0.0,0.0,0.0,1.0,0.0,0.01,255,220,0.86,0.01,0.0,0.0,0.0,0.0,0.0,0.0,0,12717.0
0,1,49,9,1804,332,0,0,0,0,0,1,0,0,0,0,0,0,0,0,0,0,1,1,0.0,0.0,0.0,0.0,1.0,0.0,0.0,19,90,0.95,0.11,0.05,0.02,0.0,0.0,0.0,0.0,0,56809.0
0,1,22,9,210,1760,0,0,0,0,0,1,0,0,0,0,0,0,0,0,0,0,5,5,0.0,0.0,0.0,0.0,1.0,0.0,0.0,255,255,1.0,0.0,0.0,0.0,0.0,0.0,0.0,0.0,0,97288.0
0,1,22,9,232,5309,0,0,0,0,0,1,0,0,0,0,0,0,0,0,0,0,21,21,0.0,0.0,0.0,0.0,1.0,0.0,0.0,23,255,1.0,0.0,0.04,0.01,0.0,0.0,0.0,0.0,0,1706.0
0,1,22,9,239,526,0,0,0,0,0,1,0,0,0,0,0,0,0,0,0,0,5,5,0.0,0.0,0.0,0.0,1.0,0.0,0.0,255,255,1.0,0.0,0.0,0.0,0.0,0.0,0.0,0.0,0,98053.0
0,1,22,9,236,327,0,0,0,0,0,1,0,0,0,0,0,0,0,0,0,0,7,30,0.0,0.0,0.0,0.0,1.0,0.0,0.1,141,255,1.0,0.0,0.01,0.02,0.0,0.0,0.0,0.0,0,32324.0
0,1,22,9,223,553,0,0,0,0,0,1,0,0,0,0,0,0,0,0,0,0,8,8,0.0,0.0,0.0,0.0,1.0,0.0,0.0,34,255,1.0,0.0,0.03,0.01,0.0,0.0,0.0,0.0,0,97997.0
0,1,22,9,221,398,0,0,0,0,0,1,0,0,0,0,0,0,0,0,0,0,12,12,0.0,0.0,0.0,0.0,1.0,0.0,0.0,216,255,1.0,0.0,0.0,0.01,0.0,0.0,0.0,0.0,0,78760.0
0,1,42,1,0,0,0,0,0,0,0,0,0,0,0,0,0,0,0,0,0,0,2,1,0.0,0.0,1.0,1.0,0.5,1.0,0.0,255,1,0.0,0.93,0.91,0.0,0.0,0.0,0.91,1.0,1,85245.0
0,1,27,5,0,0,0,0,0,0,0,0,0,0,0,0,0,0,0,0,0,0,103,3,1.0,1.0,0.0,0.0,0.03,0.07,0.0,255,3,0.01,0.07,0.0,0.0,1.0,1.0,0.0,0.0,1,2318.0
0,1,8,5,0,0,0,0,0,0,0,0,0,0,0,0,0,0,0,0,0,0,233,17,1.0,1.0,0.0,0.0,0.07,0.05,0.0,255,17,0.07,0.05,0.0,0.0,1.0,1.0,0.0,0.0,1,98516.0
0,1,22,9,224,33586,0,0,0,0,0,1,0,0,0,0,0,0,0,0,0,0,7,7,0.0,0.0,0.0,0.0,1.0,0.0,0.0,255,255,1.0,0.0,0.0,0.0,0.0,0.0,0.0,0.0,0,21002.0
0,1,22,9,308,2688,0,0,0,0,0,1,0,0,0,0,0,0,0,0,0,0,19,19,0.0,0.0,0.0,0.0,1.0,0.0,0.0,255,255,1.0,0.0,0.0,0.0,0.0,0.0,0.0,0.0,0,18029.0
0,2,11,9,45,45,0,0,0,0,0,0,0,0,0,0,0,0,0,0,0,0,181,181,0.0,0.0,0.0,0.0,1.0,0.0,0.0,255,255,1.0,0.0,0.0,0.0,0.0,0.0,0.0,0.0,0,88233.0
4209,1,40,4,1,0,0,0,0,0,0,0,0,0,0,0,0,0,0,0,0,0,2,2,0.0,0.0,1.0,1.0,1.0,0.0,0.0,255,2,0.01,0.73,1.0,0.0,0.0,0.0,1.0,1.0,1,75293.0
0,1,22,9,251,301,0,0,0,0,0,1,0,0,0,0,0,0,0,0,0,0,6,6,0.0,0.0,0.0,0.0,1.0,0.0,0.0,255,255,1.0,0.0,0.0,0.0,0.0,0.0,0.0,0.0,0,96747.0
0,1,19,9,59,0,0,0,0,0,0,1,0,0,0,0,0,0,0,0,0,0,14,14,0.0,0.0,0.0,0.0,1.0,0.0,0.0,255,105,0.41,0.02,0.41,0.0,0.0,0.0,0.0,0.0,0,97188.0
0,1,22,9,248,16626,0,0,0,0,0,1,0,0,0,0,0,0,0,0,0,0,2,3,0.0,0.0,0.0,0.0,1.0,0.0,0.67,255,255,1.0,0.0,0.0,0.0,0.0,0.0,0.0,0.0,0,15973.0
0,2,40,9,1,0,0,0,0,0,0,0,0,0,0,0,0,0,0,0,0,0,15,5,0.0,0.0,0.0,0.0,0.33,0.2,0.0,255,5,0.02,0.15,0.45,0.0,0.0,0.0,0.47,0.0,1,15057.0
0,2,11,9,44,44,0,0,0,0,0,0,0,0,0,0,0,0,0,0,0,0,176,176,0.0,0.0,0.0,0.0,1.0,0.0,0.0,255,255,1.0,0.0,0.0,0.0,0.0,0.0,0.0,0.0,0,124696.0
0,1,49,9,1392,481,0,0,0,0,0,1,0,0,0,0,0,0,0,0,0,0,1,1,0.0,0.0,0.0,0.0,1.0,0.0,0.0,255,2,0.01,0.01,0.0,0.0,0.0,0.0,0.0,0.0,0,1723.0
0,1,16,2,0,0,0,0,0,0,0,0,0,0,0,0,0,0,0,0,0,0,97,4,0.0,0.0,1.0,1.0,0.04,0.07,0.0,255,4,0.02,0.06,0.0,0.0,0.0,0.0,1.0,1.0,1,25250.0
0,1,22,9,248,1374,0,0,0,0,0,1,0,0,0,0,0,0,0,0,0,0,3,3,0.0,0.0,0.0,0.0,1.0,0.0,0.0,82,255,1.0,0.0,0.01,0.05,0.0,0.0,0.0,0.0,0,51442.0
0,1,49,9,852,439,0,0,0,0,0,1,0,0,0,0,0,0,0,0,0,0,1,2,0.0,0.0,0.0,0.0,1.0,0.0,1.0,210,81,0.29,0.02,0.0,0.02,0.0,0.0,0.01,0.02,0,4276.0
0,1,49,9,833,324,0,0,0,0,0,1,0,0,0,0,0,0,0,0,0,0,13,1,0.0,0.0,0.0,0.0,0.08,0.15,0.0,196,165,0.57,0.02,0.01,0.01,0.01,0.0,0.0,0.0,0,64398.0
0,1,22,9,223,1295,0,0,0,0,0,1,0,0,0,0,0,0,0,0,0,0,1,40,0.0,0.0,0.0,0.0,1.0,0.0,0.05,54,54,1.0,0.0,0.02,0.0,0.0,0.0,0.0,0.0,0,111686.0
0,1,26,5,0,0,0,0,0,0,0,0,0,0,0,0,0,0,0,0,0,0,150,17,1.0,1.0,0.0,0.0,0.11,0.05,0.0,255,1,0.0,0.06,0.0,0.0,1.0,1.0,0.0,0.0,1,36260.0
0,2,40,9,1,0,0,0,0,0,0,0,0,0,0,0,0,0,0,0,0,0,6,6,0.0,0.0,0.0,0.0,1.0,0.0,0.0,255,6,0.02,0.2,0.58,0.0,0.0,0.0,0.36,0.0,1,102012.0
0,1,22,5,0,0,0,0,0,0,0,0,0,0,0,0,0,0,0,0,0,0,4,3,1.0,1.0,0.0,0.0,0.75,0.5,0.0,255,15,0.06,0.05,0.01,0.0,1.0,1.0,0.0,0.0,1,83518.0
0,1,22,9,244,1215,0,0,0,0,0,1,0,0,0,0,0,0,0,0,0,0,8,12,0.0,0.0,0.0,0.0,1.0,0.0,0.33,187,255,1.0,0.0,0.01,0.01,0.0,0.0,0.0,0.0,0,4136.0
23,1,18,9,281,903,0,0,0,5,0,1,0,0,0,0,0,0,0,0,0,1,1,1,0.0,0.0,0.0,0.0,1.0,0.0,0.0,120,39,0.32,0.06,0.01,0.0,0.0,0.0,0.0,0.0,0,94601.0
0,1,22,9,316,637,0,0,0,0,0,1,0,0,0,0,0,0,0,0,0,0,16,26,0.0,0.0,0.0,0.0,1.0,0.0,0.12,255,255,1.0,0.0,0.0,0.0,0.0,0.0,0.0,0.0,0,73826.0
0,1,20,5,0,0,0,0,0,0,0,0,0,0,0,0,0,0,0,0,0,0,255,3,1.0,1.0,0.0,0.0,0.01,0.06,0.0,255,4,0.02,0.06,0.0,0.0,1.0,1.0,0.0,0.0,1,24134.0
0,1,44,5,0,0,0,0,0,0,0,0,0,0,0,0,0,0,0,0,0,0,137,10,1.0,1.0,0.0,0.0,0.07,0.07,0.0,255,10,0.04,0.06,0.0,0.0,1.0,1.0,0.0,0.0,1,58235.0
0,1,4,1,0,0,0,0,0,0,0,0,0,0,0,0,0,0,0,0,0,0,259,10,0.0,0.0,1.0,1.0,0.04,0.07,0.0,255,10,0.04,0.07,0.0,0.0,0.0,0.0,1.0,1.0,1,46993.0
0,1,22,9,328,7568,0,0,0,0,0,1,0,0,0,0,0,0,0,0,0,0,5,5,0.0,0.0,0.0,0.0,1.0,0.0,0.0,27,255,1.0,0.0,0.04,0.02,0.0,0.0,0.0,0.0,0,43866.0
0,1,12,5,0,0,0,0,0,0,0,0,0,0,0,0,0,0,0,0,0,0,204,7,1.0,1.0,0.0,0.0,0.03,0.06,0.0,255,20,0.08,0.07,0.0,0.0,1.0,1.0,0.0,0.0,1,39890.0
0,1,22,9,255,10081,0,0,0,0,0,1,0,0,0,0,0,0,0,0,0,0,2,2,0.0,0.0,0.0,0.0,1.0,0.0,0.0,29,255,1.0,0.0,0.03,0.04,0.0,0.0,0.0,0.0,0,106843.0
0,1,22,9,313,4179,0,0,0,0,0,1,0,0,0,0,0,0,0,0,0,0,16,16,0.0,0.0,0.0,0.0,1.0,0.0,0.0,16,255,1.0,0.0,0.06,0.05,0.0,0.0,0.0,0.0,0,78382.0
0,1,22,9,212,701,0,0,0,0,0,1,0,0,0,0,0,0,0,0,0,0,11,11,0.0,0.0,0.0,0.0,1.0,0.0,0.0,45,255,1.0,0.0,0.02,0.07,0.0,0.0,0.0,0.0,0,16576.0
0,1,22,9,200,3820,0,0,0,0,0,1,0,0,0,0,0,0,0,0,0,0,12,12,0.0,0.0,0.0,0.0,1.0,0.0,0.0,70,255,1.0,0.0,0.01,0.02,0.0,0.0,0.0,0.0,0,65944.0
0,1,22,9,164,4097,0,0,0,2,0,1,0,0,0,0,0,0,0,0,0,0,1,4,0.0,0.0,0.0,0.25,1.0,0.0,0.75,255,255,1.0,0.0,0.0,0.0,0.0,0.0,0.0,0.0,0,118601.0
0,1,44,5,0,0,0,0,0,0,0,0,0,0,0,0,0,0,0,0,0,0,217,11,1.0,1.0,0.0,0.0,0.05,0.06,0.0,255,5,0.02,0.08,0.0,0.0,1.0,1.0,0.0,0.0,1,20833.0
0,1,44,5,0,0,0,0,0,0,0,0,0,0,0,0,0,0,0,0,0,0,153,4,1.0,1.0,0.0,0.0,0.03,0.07,0.0,255,4,0.02,0.08,0.0,0.0,1.0,1.0,0.0,0.0,1,18932.0
17924,1,40,4,1,0,0,0,0,0,0,0,0,0,0,0,0,0,0,0,0,0,2,2,0.0,0.0,1.0,1.0,1.0,0.0,0.0,255,2,0.01,0.73,1.0,0.0,0.0,0.0,1.0,1.0,1,103002.0
0,0,13,9,30,0,0,0,0,0,0,0,0,0,0,0,0,0,0,0,0,0,2,2,0.0,0.0,0.0,0.0,1.0,0.0,0.0,213,213,1.0,0.0,1.0,0.0,0.0,0.0,0.0,0.0,0,121124.0
0,1,21,5,0,0,0,0,0,0,0,0,0,0,0,0,0,0,0,0,0,0,290,23,1.0,1.0,0.0,0.0,0.08,0.05,0.0,255,23,0.09,0.05,0.0,0.0,1.0,1.0,0.0,0.0,1,96167.0
0,1,19,5,0,0,0,0,0,0,0,0,0,0,0,0,0,0,0,0,0,0,40,10,1.0,1.0,0.0,0.0,0.25,0.1,0.0,120,48,0.25,0.03,0.01,0.04,1.0,0.62,0.0,0.0,1,117171.0
0,1,23,5,0,0,0,0,0,0,0,0,0,0,0,0,0,0,0,0,0,0,278,24,1.0,1.0,0.0,0.0,0.09,0.05,0.0,255,24,0.09,0.07,0.0,0.0,1.0,1.0,0.0,0.0,1,110772.0
0,1,22,9,212,2839,0,0,0,0,0,1,0,0,0,0,0,0,0,0,0,0,72,75,0.0,0.0,0.0,0.0,1.0,0.0,0.05,255,255,1.0,0.0,0.0,0.0,0.0,0.0,0.0,0.0,0,84331.0
26568,1,44,4,1,0,0,0,0,0,0,0,0,0,0,0,0,0,0,0,0,0,2,2,0.0,0.0,1.0,1.0,1.0,0.0,0.0,255,2,0.01,0.74,1.0,0.0,0.0,0.0,1.0,1.0,1,83701.0
0,1,22,1,0,0,0,0,0,0,0,0,0,0,0,0,0,0,0,0,0,0,1,1,0.0,0.0,1.0,1.0,1.0,0.0,0.0,33,126,1.0,0.0,0.03,0.02,0.03,0.01,0.97,0.9,0,116835.0
0,1,51,5,0,0,0,0,0,0,0,0,0,0,0,0,0,0,0,0,0,0,284,3,1.0,1.0,0.0,0.0,0.01,0.06,0.0,255,3,0.01,0.06,0.0,0.0,1.0,1.0,0.0,0.0,1,72070.0
0,1,24,1,0,0,0,0,0,0,0,0,0,0,0,0,0,0,0,0,0,0,269,8,0.0,0.0,1.0,1.0,0.03,0.06,0.0,255,8,0.03,0.09,0.0,0.0,0.0,0.0,1.0,1.0,1,101492.0
0,0,14,9,64,0,0,0,0,0,0,0,0,0,0,0,0,0,0,0,0,0,1,1,0.0,0.0,0.0,0.0,1.0,0.0,0.0,88,1,0.01,0.05,0.01,0.0,0.0,0.0,0.0,0.0,0,69847.0
0,1,17,5,0,0,0,0,0,0,0,0,0,0,0,0,0,0,0,0,0,0,36,11,1.0,1.0,0.0,0.0,0.31,0.11,0.0,255,43,0.17,0.04,0.01,0.0,1.0,1.0,0.0,0.0,1,80220.0
0,2,44,9,28,0,0,3,0,0,0,0,0,0,0,0,0,0,0,0,0,0,94,92,0.01,0.0,0.01,0.0,0.98,0.03,0.0,255,92,0.36,0.02,0.36,0.0,0.0,0.0,0.48,0.0,1,122215.0
1,1,17,9,7,312,0,0,0,0,0,0,0,0,0,0,0,0,0,0,0,0,1,1,0.0,0.0,0.0,0.0,1.0,0.0,0.0,207,9,0.03,0.02,0.0,0.22,0.0,0.0,0.0,0.0,0,39301.0
0,1,22,9,233,17905,0,0,0,0,0,1,0,0,0,0,0,0,0,0,0,0,16,16,0.0,0.0,0.0,0.0,1.0,0.0,0.0,76,255,1.0,0.0,0.01,0.01,0.0,0.0,0.0,0.0,0,55601.0
0,1,22,9,248,397,0,0,0,0,0,1,0,0,0,0,0,0,0,0,0,0,13,21,0.0,0.0,0.0,0.0,1.0,0.0,0.19,255,255,1.0,0.0,0.0,0.0,0.0,0.0,0.0,0.0,0,82647.0
0,1,22,9,233,2470,0,0,0,0,0,1,0,0,0,0,0,0,0,0,0,0,10,10,0.0,0.0,0.0,0.0,1.0,0.0,0.0,32,255,1.0,0.0,0.03,0.01,0.0,0.0,0.0,0.0,0,191.0
0,1,44,5,0,0,0,0,0,0,0,0,0,0,0,0,0,0,0,0,0,0,276,13,1.0,1.0,0.0,0.0,0.05,0.06,0.0,255,12,0.05,0.06,0.0,0.0,1.0,1.0,0.0,0.0,1,39618.0
0,2,40,9,516,4,0,0,0,0,0,0,0,0,0,0,0,0,0,0,0,0,338,338,0.0,0.0,0.0,0.0,1.0,0.0,0.0,255,255,1.0,0.0,1.0,0.0,0.0,0.0,0.0,0.0,0,117979.0
0,1,22,1,0,0,0,0,0,0,0,0,0,0,0,0,0,0,0,0,0,0,1,2,0.0,0.0,1.0,1.0,1.0,0.0,1.0,1,34,1.0,0.0,1.0,0.35,0.0,0.0,1.0,1.0,0,124761.0
0,1,19,9,383,0,0,0,0,0,0,1,0,0,0,0,0,0,0,0,0,0,2,2,0.0,0.0,0.0,0.0,1.0,0.0,0.0,255,128,0.5,0.02,0.5,0.0,0.0,0.0,0.0,0.0,0,95428.0
6644,2,40,9,145,105,0,0,0,0,0,0,0,0,0,0,0,0,0,0,0,0,1,1,0.0,0.0,0.0,0.0,1.0,0.0,0.0,188,1,0.01,0.6,0.91,0.0,0.0,0.0,0.0,0.0,0,108577.0
0,1,19,9,12983,0,0,0,0,0,0,0,0,0,0,0,0,0,0,0,0,0,2,2,0.0,0.0,0.0,0.0,1.0,0.0,0.0,59,3,0.05,0.05,0.05,0.0,0.0,0.0,0.0,0.0,0,90762.0
0,2,40,9,146,0,0,0,0,0,0,0,0,0,0,0,0,0,0,0,0,0,1,1,0.0,0.0,0.0,0.0,1.0,0.0,0.0,36,1,0.03,0.78,0.97,0.0,0.0,0.0,0.0,0.0,0,93266.0
0,1,22,5,0,0,0,0,0,0,0,0,0,0,0,0,0,0,0,0,0,0,2,2,1.0,1.0,0.0,0.0,1.0,0.0,0.0,8,255,1.0,0.0,0.12,0.04,1.0,0.03,0.0,0.0,0,34587.0
0,1,44,5,0,0,0,0,0,0,0,0,0,0,0,0,0,0,0,0,0,0,119,11,1.0,1.0,0.0,0.0,0.09,0.06,0.0,255,4,0.02,0.08,0.0,0.0,1.0,1.0,0.0,0.0,1,105870.0
0,1,22,9,273,406,0,0,0,0,0,1,0,0,0,0,0,0,0,0,0,0,3,3,0.0,0.0,0.0,0.0,1.0,0.0,0.0,3,255,1.0,0.0,0.33,0.08,0.0,0.0,0.0,0.0,0,88627.0
4,1,49,9,971,330,0,0,0,0,0,1,0,0,0,0,0,0,0,0,0,0,1,2,0.0,0.0,0.0,0.0,1.0,0.0,1.0,176,144,0.82,0.02,0.01,0.0,0.01,0.01,0.0,0.0,0,58994.0
0,1,44,5,0,0,0,0,0,0,0,0,0,0,0,0,0,0,0,0,0,0,2,2,1.0,1.0,0.0,0.0,1.0,0.0,0.0,255,4,0.02,0.07,0.0,0.0,1.0,1.0,0.0,0.0,1,34819.0
3,1,49,9,979,336,0,0,0,0,0,1,0,0,0,0,0,0,0,0,0,0,1,1,0.0,0.0,0.0,0.0,1.0,0.0,0.0,222,124,0.46,0.02,0.0,0.02,0.0,0.0,0.0,0.0,0,96912.0
0,1,22,9,284,5048,0,0,0,0,0,1,0,0,0,0,0,0,0,0,0,0,1,1,0.0,0.0,0.0,0.0,1.0,0.0,0.0,1,255,1.0,0.0,1.0,0.05,0.0,0.0,0.0,0.0,0,90577.0
0,1,27,5,0,0,0,0,0,0,0,0,0,0,0,0,0,0,0,0,0,0,24,8,1.0,1.0,0.0,0.0,0.33,0.12,0.0,255,8,0.03,0.07,0.0,0.0,1.0,1.0,0.0,0.0,1,78015.0
0,1,44,5,0,0,0,0,0,0,0,0,0,0,0,0,0,0,0,0,0,0,98,9,1.0,1.0,0.0,0.0,0.09,0.06,0.0,208,9,0.04,0.06,0.0,0.0,1.0,1.0,0.0,0.0,1,109749.0
0,1,5,5,0,0,0,0,0,0,0,0,0,0,0,0,0,0,0,0,0,0,101,8,1.0,1.0,0.0,0.0,0.08,0.05,0.0,255,8,0.03,0.05,0.0,0.0,1.0,1.0,0.0,0.0,1,5396.0
0,2,11,9,44,129,0,0,0,0,0,0,0,0,0,0,0,0,0,0,0,0,53,108,0.0,0.0,0.0,0.0,1.0,0.0,0.02,255,254,1.0,0.01,0.0,0.0,0.0,0.0,0.0,0.0,0,43661.0
0,1,8,2,0,0,0,0,0,0,0,0,0,0,0,0,0,0,0,0,0,0,243,2,0.0,0.0,1.0,1.0,0.01,0.06,0.0,255,2,0.01,0.07,0.0,0.0,0.0,0.0,1.0,1.0,1,34322.0
0,2,11,9,43,131,0,0,0,0,0,0,0,0,0,0,0,0,0,0,0,0,94,173,0.0,0.0,0.0,0.0,1.0,0.0,0.01,255,255,1.0,0.0,0.0,0.0,0.0,0.0,0.0,0.0,0,104388.0
0,1,22,9,311,6693,0,0,0,0,0,1,0,0,0,0,0,0,0,0,0,0,14,14,0.0,0.0,0.0,0.0,1.0,0.0,0.0,47,255,1.0,0.0,0.02,0.04,0.0,0.0,0.0,0.0,0,78987.0
0,1,22,9,207,50694,0,0,0,0,0,1,0,0,0,0,0,0,0,0,0,0,7,7,0.0,0.0,0.0,0.0,1.0,0.0,0.0,7,255,1.0,0.0,0.14,0.05,0.0,0.0,0.0,0.0,0,11076.0
0,1,22,9,306,365,0,0,0,0,0,1,0,0,0,0,0,0,0,0,0,0,17,25,0.0,0.0,0.0,0.0,1.0,0.0,0.08,255,255,1.0,0.0,0.0,0.0,0.0,0.0,0.0,0.0,0,29579.0
0,1,19,9,12,0,0,0,0,0,0,1,0,0,0,0,0,0,0,0,0,0,1,1,0.0,0.0,0.0,0.0,1.0,0.0,0.0,135,81,0.27,0.02,0.27,0.02,0.0,0.01,0.0,0.0,0,108674.0
0,1,6,5,0,0,0,0,0,0,0,0,0,0,0,0,0,0,0,0,0,0,264,4,1.0,1.0,0.0,0.0,0.02,0.05,0.0,255,4,0.02,0.05,0.0,0.0,1.0,1.0,0.0,0.0,1,20824.0
0,2,44,9,28,0,0,3,0,0,0,0,0,0,0,0,0,0,0,0,0,0,91,90,0.01,0.0,0.0,0.0,0.99,0.02,0.0,255,90,0.35,0.01,0.35,0.0,0.0,0.0,0.0,0.0,1,48835.0
0,1,44,5,0,0,0,0,0,0,0,0,0,0,0,0,0,0,0,0,0,0,113,7,1.0,1.0,0.0,0.0,0.06,0.07,0.0,255,13,0.05,0.07,0.0,0.0,1.0,1.0,0.0,0.0,1,105438.0
0,1,49,9,648,335,0,0,0,0,0,1,0,0,0,0,0,0,0,0,0,0,1,1,0.0,0.0,0.0,0.0,1.0,0.0,0.0,106,166,0.7,0.05,0.01,0.01,0.0,0.0,0.0,0.0,0,80282.0
0,1,49,9,1515,334,0,0,0,0,0,1,0,0,0,0,0,0,0,0,0,0,1,1,0.0,0.0,0.0,0.0,1.0,0.0,0.0,124,176,0.61,0.05,0.01,0.01,0.0,0.0,0.0,0.0,0,42513.0
0,1,8,5,0,0,0,0,0,0,0,0,0,0,0,0,0,0,0,0,0,0,202,1,1.0,1.0,0.0,0.0,0.0,0.07,0.0,255,1,0.0,0.09,0.0,0.0,1.0,1.0,0.0,0.0,1,15037.0
0,0,14,9,1032,0,0,0,0,0,0,0,0,0,0,0,0,0,0,0,0,0,74,74,0.0,0.0,0.0,0.0,1.0,0.0,0.0,255,74,0.29,0.02,0.29,0.0,0.0,0.0,0.0,0.0,1,124700.0
0,1,22,9,262,9051,0,0,0,0,0,1,0,0,0,0,0,0,0,0,0,0,1,1,0.0,0.0,0.0,0.0,1.0,0.0,0.0,255,255,1.0,0.0,0.0,0.0,0.0,0.0,0.0,0.0,0,81456.0
0,1,22,9,299,507,0,0,0,0,0,1,0,0,0,0,0,0,0,0,0,0,14,16,0.0,0.0,0.0,0.0,1.0,0.0,0.19,46,255,1.0,0.0,0.02,0.02,0.0,0.0,0.0,0.0,0,65265.0
0,2,11,9,45,136,0,0,0,0,0,0,0,0,0,0,0,0,0,0,0,0,65,147,0.0,0.0,0.0,0.0,0.98,0.03,0.02,255,190,0.75,0.02,0.0,0.0,0.0,0.0,0.0,0.0,0,17471.0
0,1,22,9,326,982,0,0,0,0,0,1,0,0,0,0,0,0,0,0,0,0,3,3,0.0,0.0,0.0,0.0,1.0,0.0,0.0,157,255,1.0,0.0,0.01,0.05,0.0,0.0,0.0,0.0,0,7053.0
0,1,44,5,0,0,0,0,0,0,0,0,0,0,0,0,0,0,0,0,0,0,267,8,1.0,1.0,0.0,0.0,0.03,0.06,0.0,255,26,0.1,0.07,0.0,0.0,1.0,1.0,0.0,0.0,1,124828.0
0,1,59,5,0,0,0,0,0,0,0,0,0,0,0,0,0,0,0,0,0,0,147,18,1.0,1.0,0.0,0.0,0.12,0.05,0.0,255,18,0.07,0.06,0.0,0.0,1.0,1.0,0.0,0.0,1,29970.0
0,1,62,5,0,0,0,0,0,0,0,0,0,0,0,0,0,0,0,0,0,0,108,3,1.0,1.0,0.0,0.0,0.03,0.08,0.0,255,3,0.01,0.07,0.0,0.0,1.0,1.0,0.0,0.0,1,121885.0
0,1,49,9,814,328,0,0,0,0,0,1,0,0,0,0,0,0,0,0,0,0,1,2,0.0,0.0,0.0,0.0,1.0,0.0,1.0,201,163,0.64,0.03,0.0,0.01,0.0,0.0,0.0,0.0,0,76998.0
0,2,11,9,46,80,0,0,0,0,0,0,0,0,0,0,0,0,0,0,0,0,320,319,0.0,0.0,0.0,0.0,1.0,0.01,0.0,255,251,0.98,0.01,0.0,0.0,0.0,0.0,0.0,0.0,0,66250.0
0,1,49,9,652,390,0,0,0,0,0,1,0,0,0,0,0,0,0,0,0,0,3,2,0.0,0.0,0.67,0.0,0.33,0.67,1.0,64,181,0.23,0.03,0.02,0.02,0.0,0.0,0.0,0.0,0,44248.0
0,1,22,9,322,14064,0,0,0,0,0,1,0,0,0,0,0,0,0,0,0,0,2,2,0.0,0.0,0.0,0.0,1.0,0.0,0.0,255,255,1.0,0.0,0.0,0.0,0.0,0.0,0.0,0.0,0,113224.0
2,1,49,9,1049,325,0,0,0,0,0,1,0,0,0,0,0,0,0,0,0,0,1,1,0.0,0.0,0.0,0.0,1.0,0.0,0.0,108,73,0.68,0.03,0.01,0.0,0.0,0.0,0.0,0.0,0,54803.0
0,1,22,9,219,2828,0,0,0,0,0,1,0,0,0,0,0,0,0,0,0,0,16,17,0.0,0.0,0.0,0.0,1.0,0.0,0.12,255,255,1.0,0.0,0.0,0.0,0.0,0.0,0.0,0.0,0,12964.0
0,1,19,9,276,0,0,0,0,0,0,1,0,0,0,0,0,0,0,0,0,0,4,4,0.0,0.0,0.0,0.0,1.0,0.0,0.0,165,83,0.39,0.03,0.39,0.02,0.0,0.0,0.0,0.0,0,21713.0
0,1,22,9,226,53306,0,0,0,0,0,1,0,0,0,0,0,0,0,0,0,0,12,13,0.0,0.0,0.0,0.0,1.0,0.0,0.15,55,255,1.0,0.0,0.02,0.03,0.02,0.0,0.0,0.0,0,125751.0
0,1,53,5,0,0,0,0,0,0,0,0,0,0,0,0,0,0,0,0,0,0,260,14,1.0,1.0,0.0,0.0,0.05,0.05,0.0,255,14,0.05,0.05,0.0,0.0,1.0,1.0,0.0,0.0,1,2556.0
0,0,13,9,8,0,0,0,0,0,0,0,0,0,0,0,0,0,0,0,0,0,1,16,0.0,0.0,0.0,0.0,1.0,0.0,1.0,1,86,1.0,0.0,1.0,0.51,0.0,0.0,0.0,0.0,1,87114.0
4,1,55,9,105,2090,0,0,0,0,0,1,0,0,0,0,0,0,0,0,0,0,2,1,0.0,0.0,0.0,0.0,0.5,1.0,0.0,123,3,0.02,0.04,0.01,0.0,0.0,0.0,0.0,0.0,0,102202.0
0,2,11,9,42,71,0,0,0,0,0,0,0,0,0,0,0,0,0,0,0,0,248,247,0.0,0.0,0.0,0.0,1.0,0.01,0.0,255,254,1.0,0.01,0.0,0.0,0.0,0.0,0.0,0.0,0,99658.0
0,1,44,5,0,0,0,0,0,0,0,0,0,0,0,0,0,0,0,0,0,0,297,17,1.0,1.0,0.0,0.0,0.06,0.06,0.0,255,13,0.05,0.07,0.0,0.0,1.0,1.0,0.0,0.0,1,32459.0
0,1,18,2,0,0,0,0,0,0,0,0,0,0,0,0,0,0,0,0,0,0,254,9,0.0,0.0,1.0,1.0,0.04,0.07,0.0,255,9,0.04,0.08,0.0,0.0,0.0,0.0,1.0,1.0,1,107561.0
0,0,14,9,30,0,0,0,0,0,0,0,0,0,0,0,0,0,0,0,0,0,1,1,0.0,0.0,0.0,0.0,1.0,0.0,0.0,204,204,1.0,0.0,1.0,0.0,0.0,0.0,0.0,0.0,0,21550.0
0,0,13,9,8,0,0,0,0,0,0,0,0,0,0,0,0,0,0,0,0,0,1,47,0.0,0.0,0.0,0.0,1.0,0.0,1.0,1,249,1.0,0.0,1.0,0.5,0.0,0.0,0.0,0.0,1,4045.0
5051,1,19,9,5135678,0,0,0,0,2,0,1,0,0,0,0,0,0,0,0,0,0,1,1,0.0,0.0,0.0,0.0,1.0,0.0,0.0,9,20,1.0,0.0,1.0,0.1,0.0,0.0,0.0,0.0,1,104438.0
0,1,22,9,214,768,0,0,0,0,0,1,0,0,0,0,0,0,0,0,0,0,8,8,0.12,0.12,0.0,0.0,1.0,0.0,0.0,126,255,1.0,0.0,0.01,0.01,0.01,0.0,0.0,0.0,0,20681.0
32,1,55,9,117,11796,0,0,0,0,0,1,5,0,0,0,0,0,0,0,0,0,1,1,0.0,0.0,0.0,0.0,1.0,0.0,0.0,150,1,0.01,0.04,0.01,0.0,0.0,0.0,0.0,0.0,0,81239.0
0,2,40,9,516,4,0,0,0,0,0,0,0,0,0,0,0,0,0,0,0,0,203,203,0.0,0.0,0.0,0.0,1.0,0.0,0.0,203,203,1.0,0.0,1.0,0.0,0.0,0.0,0.0,0.0,0,73738.0
0,1,22,1,0,0,0,0,0,0,0,0,0,0,0,0,0,0,0,0,0,0,1,2,0.0,0.0,1.0,1.0,1.0,0.0,1.0,20,255,1.0,0.0,0.05,0.17,0.0,0.0,1.0,1.0,0,8554.0
0,1,22,9,299,1404,0,0,0,0,0,1,0,0,0,0,0,0,0,0,0,0,15,15,0.07,0.07,0.0,0.0,1.0,0.0,0.0,255,255,1.0,0.0,0.0,0.0,0.0,0.0,0.0,0.0,0,121152.0
0,1,49,9,5248,334,0,0,0,0,0,1,0,0,0,0,0,0,0,0,0,0,1,2,0.0,0.0,0.0,0.0,1.0,0.0,1.0,142,151,0.48,0.04,0.01,0.01,0.0,0.0,0.0,0.0,0,91809.0
5082,2,40,9,146,105,0,0,0,0,0,0,0,0,0,0,0,0,0,0,0,0,2,2,0.0,0.0,0.0,0.0,1.0,0.0,0.0,29,2,0.07,0.72,0.97,0.0,0.0,0.0,0.0,0.0,0,115714.0
0,1,22,1,0,0,0,0,0,0,0,0,0,0,0,0,0,0,0,0,0,0,15,15,0.0,0.0,0.73,0.73,1.0,0.0,0.0,37,184,1.0,0.0,0.03,0.18,0.0,0.0,0.86,0.97,0,91842.0
0,1,4,5,0,0,0,0,0,0,0,0,0,0,0,0,0,0,0,0,0,0,129,21,1.0,1.0,0.0,0.0,0.16,0.05,0.0,255,21,0.08,0.05,0.0,0.0,1.0,1.0,0.0,0.0,1,55801.0
0,1,5,5,0,0,0,0,0,0,0,0,0,0,0,0,0,0,0,0,0,0,104,4,1.0,1.0,0.0,0.0,0.04,0.07,0.0,255,4,0.02,0.07,0.0,0.0,1.0,1.0,0.0,0.0,1,1676.0
0,0,58,9,181,0,0,0,0,0,0,0,0,0,0,0,0,0,0,0,0,0,3,1,0.0,0.0,0.0,0.0,0.33,1.0,0.0,255,26,0.1,0.01,0.11,0.0,0.0,0.0,0.0,0.0,0,86791.0
0,1,6,5,0,0,0,0,0,0,0,0,0,0,0,0,0,0,0,0,0,0,112,14,1.0,1.0,0.0,0.0,0.12,0.06,0.0,255,12,0.05,0.06,0.0,0.0,1.0,1.0,0.0,0.0,1,79839.0
0,1,19,5,0,0,0,0,0,0,0,0,0,0,0,0,0,0,0,0,0,0,264,22,1.0,1.0,0.0,0.0,0.08,0.05,0.0,255,22,0.09,0.05,0.0,0.0,1.0,1.0,0.0,0.0,1,7761.0
0,1,22,9,220,3211,0,0,0,0,0,1,0,0,0,0,0,0,0,0,0,0,1,1,0.0,0.0,0.0,0.0,1.0,0.0,0.0,255,255,1.0,0.0,0.0,0.0,0.0,0.0,0.0,0.0,0,16653.0
0,1,44,5,0,0,0,0,0,0,0,0,0,0,0,0,0,0,0,0,0,0,220,11,1.0,1.0,0.0,0.0,0.05,0.05,0.0,24,11,0.46,0.12,0.04,0.0,0.92,1.0,0.0,0.0,1,941.0
0,1,22,9,213,1069,0,0,0,0,0,1,0,0,0,0,0,0,0,0,0,0,4,4,0.0,0.0,0.0,0.0,1.0,0.0,0.0,4,255,1.0,0.0,0.25,0.02,0.0,0.0,0.0,0.0,0,30135.0
0,0,58,9,182,0,0,0,0,0,0,0,0,0,0,0,0,0,0,0,0,0,2,1,0.0,0.0,0.0,0.0,0.5,1.0,0.0,255,12,0.05,0.01,0.05,0.0,0.0,0.0,0.0,0.0,0,38197.0
0,1,44,5,0,0,0,0,0,0,0,0,0,0,0,0,0,0,0,0,0,0,119,25,1.0,1.0,0.0,0.0,0.21,0.05,0.0,255,25,0.1,0.06,0.0,0.0,1.0,1.0,0.0,0.0,1,71621.0
0,1,49,9,1620,389,0,0,0,0,0,1,0,0,0,0,0,0,0,0,0,0,1,1,0.0,0.0,0.0,0.0,1.0,0.0,0.0,43,151,0.58,0.09,0.02,0.01,0.0,0.0,0.0,0.0,0,50473.0
0,1,22,9,300,2507,0,0,0,0,0,1,0,0,0,0,0,0,0,0,0,0,4,4,0.0,0.0,0.0,0.0,1.0,0.0,0.0,216,210,0.97,0.01,0.0,0.0,0.0,0.0,0.07,0.07,0,75714.0
0,1,30,5,0,0,0,0,0,0,0,0,0,0,0,0,0,0,0,0,0,0,146,17,1.0,1.0,0.0,0.0,0.12,0.06,0.0,255,5,0.02,0.07,0.0,0.0,1.0,1.0,0.0,0.0,1,60626.0
0,1,22,9,193,2833,0,0,0,0,0,1,0,0,0,0,0,0,0,0,0,0,9,9,0.0,0.0,0.0,0.0,1.0,0.0,0.0,13,255,1.0,0.0,0.08,0.02,0.0,0.0,0.0,0.0,0,4630.0
0,1,22,9,203,10662,0,0,0,0,0,1,0,0,0,0,0,0,0,0,0,0,1,17,0.0,0.0,0.0,0.0,1.0,0.0,0.12,38,255,1.0,0.0,0.03,0.04,0.0,0.0,0.0,0.0,0,90498.0
0,1,19,9,501760,0,0,0,0,0,0,1,0,0,0,0,0,0,0,0,0,0,1,1,0.0,0.0,0.0,0.0,1.0,0.0,0.0,107,76,0.33,0.04,0.33,0.03,0.0,0.0,0.0,0.0,0,36239.0
0,1,2,1,0,0,0,0,0,0,0,0,0,0,0,0,0,0,0,0,0,0,290,17,0.0,0.0,1.0,1.0,0.06,0.06,0.0,255,17,0.07,0.07,0.0,0.0,0.0,0.0,1.0,1.0,1,121827.0
0,2,11,9,29,0,0,0,0,0,0,0,0,0,0,0,0,0,0,0,0,0,1,17,0.0,0.0,0.0,0.0,1.0,0.0,0.18,204,40,0.2,0.03,0.2,0.0,0.0,0.0,0.0,0.0,0,118884.0
0,1,20,5,0,0,0,0,0,0,0,0,0,0,0,0,0,0,0,0,0,0,239,4,1.0,1.0,0.0,0.0,0.02,0.07,0.0,255,4,0.02,0.07,0.0,0.0,1.0,1.0,0.0,0.0,1,110273.0
0,1,3,5,0,0,0,0,0,0,0,0,0,0,0,0,0,0,0,0,0,0,248,10,1.0,1.0,0.0,0.0,0.04,0.06,0.0,255,10,0.04,0.07,0.0,0.0,1.0,1.0,0.0,0.0,1,95764.0
2354,1,55,9,153,1699,0,0,0,0,0,1,0,0,0,0,0,0,0,0,0,0,1,1,0.0,0.0,0.0,0.0,1.0,0.0,0.0,255,13,0.05,0.06,0.0,0.0,0.73,0.08,0.0,0.0,0,43348.0
0,1,22,9,225,162,0,0,0,0,0,1,0,0,0,0,0,0,0,0,0,0,1,1,0.0,0.0,0.0,0.0,1.0,0.0,0.0,22,255,1.0,0.0,0.05,0.04,0.0,0.0,0.0,0.0,0,119459.0
0,0,13,9,8,0,0,0,0,0,0,0,0,0,0,0,0,0,0,0,0,0,1,37,0.0,0.0,0.0,0.0,1.0,0.0,1.0,2,82,1.0,0.0,1.0,0.5,0.0,0.0,0.0,0.0,1,115891.0
0,1,44,5,0,0,0,0,0,0,0,0,0,0,0,0,0,0,0,0,0,0,115,8,1.0,1.0,0.0,0.0,0.07,0.07,0.0,255,5,0.02,0.07,0.0,0.0,1.0,1.0,0.0,0.0,1,29044.0
0,1,22,9,290,0,0,0,0,0,0,1,0,0,0,0,0,0,0,0,0,0,3,3,0.0,0.0,0.0,0.0,1.0,0.0,0.0,26,112,1.0,0.0,0.04,0.17,0.0,0.01,0.92,0.86,0,49426.0
0,1,22,9,221,876,0,0,0,0,0,1,0,0,0,0,0,0,0,0,0,0,5,6,0.0,0.0,0.0,0.0,1.0,0.0,0.33,147,255,1.0,0.0,0.01,0.05,0.01,0.0,0.0,0.0,0,108589.0
0,1,44,5,0,0,0,0,0,0,0,0,0,0,0,0,0,0,0,0,0,0,254,17,1.0,1.0,0.0,0.0,0.07,0.05,0.0,255,17,0.07,0.06,0.0,0.0,1.0,1.0,0.0,0.0,1,319.0
0,2,11,9,42,42,0,0,0,0,0,0,0,0,0,0,0,0,0,0,0,0,189,189,0.0,0.0,0.0,0.0,1.0,0.0,0.0,255,254,1.0,0.01,0.0,0.0,0.0,0.0,0.0,0.0,0,88282.0
0,1,22,9,246,525,0,0,0,0,0,1,0,0,0,0,0,0,0,0,0,0,9,51,0.0,0.0,0.0,0.0,1.0,0.0,0.04,255,255,1.0,0.0,0.0,0.0,0.0,0.0,0.0,0.0,0,79788.0
0,1,19,9,1010,0,0,0,0,0,0,1,0,0,0,0,0,0,0,0,0,0,1,1,0.0,0.0,0.0,0.0,1.0,0.0,0.0,255,103,0.4,0.02,0.4,0.0,0.0,0.0,0.0,0.0,0,35328.0
0,1,19,9,12324,0,0,0,0,0,0,1,0,0,0,0,0,0,1,0,0,0,1,1,0.0,0.0,0.0,0.0,1.0,0.0,0.0,124,59,0.48,0.02,0.48,0.0,0.0,0.0,0.0,0.0,0,106842.0
0,1,49,9,2772,402,0,0,0,0,0,1,0,0,0,0,0,0,0,0,0,0,1,1,0.0,0.0,0.0,0.0,1.0,0.0,0.0,255,95,0.37,0.02,0.0,0.0,0.42,0.0,0.0,0.0,0,61361.0
0,2,44,9,207,0,0,0,0,0,0,0,0,0,0,0,0,0,0,0,0,0,2,2,0.0,0.0,0.0,0.0,1.0,0.0,0.0,122,106,0.87,0.02,0.87,0.0,0.0,0.0,0.0,0.0,1,110998.0
0,0,13,9,8,0,0,0,0,0,0,0,0,0,0,0,0,0,0,0,0,0,1,14,0.0,0.0,0.0,0.0,1.0,0.0,1.0,3,7,1.0,0.0,1.0,0.29,0.0,0.0,0.0,0.0,1,102953.0
0,2,44,9,28,0,0,3,0,0,0,0,0,0,0,0,0,0,0,0,0,0,159,59,0.63,0.0,0.0,0.0,0.37,0.04,0.0,255,59,0.23,0.77,0.23,0.0,0.09,0.0,0.68,0.0,1,59905.0
0,2,44,9,105,145,0,0,0,0,0,0,0,0,0,0,0,0,0,0,0,0,1,1,0.0,0.0,0.0,0.0,1.0,0.0,0.0,9,9,1.0,0.0,0.11,0.0,0.0,0.0,0.0,0.0,0,119594.0
0,1,44,5,0,0,0,0,0,0,0,0,0,0,0,0,0,0,0,0,0,0,106,6,1.0,1.0,0.0,0.0,0.06,0.07,0.0,104,6,0.06,0.09,0.01,0.0,1.0,1.0,0.0,0.0,1,7328.0
0,1,35,5,0,0,0,0,0,0,0,0,0,0,0,0,0,0,0,0,0,0,286,20,1.0,1.0,0.0,0.0,0.07,0.06,0.0,255,1,0.0,0.08,0.0,0.0,1.0,1.0,0.0,0.0,1,5340.0
0,1,22,9,226,12884,0,0,0,0,0,1,0,0,0,0,0,0,0,0,0,0,5,5,0.0,0.0,0.0,0.0,1.0,0.0,0.0,255,255,1.0,0.0,0.0,0.0,0.0,0.0,0.0,0.0,0,45148.0
0,1,22,9,327,3810,0,0,0,0,0,1,0,0,0,0,0,0,0,0,0,0,7,10,0.0,0.0,0.0,0.0,1.0,0.0,0.3,96,255,1.0,0.0,0.01,0.02,0.0,0.0,0.0,0.0,0,70217.0
0,1,22,9,240,2129,0,0,0,0,0,1,0,0,0,0,0,0,0,0,0,0,11,12,0.0,0.0,0.0,0.0,1.0,0.0,0.17,33,255,1.0,0.0,0.03,0.02,0.0,0.0,0.0,0.0,0,45048.0
0,1,22,9,217,253,0,0,0,0,0,1,0,0,0,0,0,0,0,0,0,0,1,4,0.0,0.0,0.0,0.0,1.0,0.0,0.5,1,255,1.0,0.0,1.0,0.05,0.0,0.0,0.0,0.0,0,86468.0
0,1,22,9,201,8222,0,0,0,0,0,1,0,0,0,0,0,0,0,0,0,0,1,1,0.0,0.0,0.0,0.0,1.0,0.0,0.0,19,255,1.0,0.0,0.05,0.02,0.0,0.0,0.0,0.0,0,94465.0
0,1,22,9,163,246,0,0,0,0,0,1,0,0,0,0,0,0,0,0,0,0,6,10,0.0,0.0,0.0,0.0,1.0,0.0,0.3,6,172,1.0,0.0,0.17,0.05,0.0,0.0,0.0,0.0,0,113313.0
0,1,22,9,189,3865,0,0,0,0,0,1,0,0,0,0,0,0,0,0,0,0,29,48,0.0,0.0,0.0,0.0,1.0,0.0,0.06,58,255,1.0,0.0,0.02,0.02,0.0,0.0,0.0,0.0,0,5626.0
0,1,23,5,0,0,0,0,0,0,0,0,0,0,0,0,0,0,0,0,0,0,128,3,1.0,1.0,0.0,0.0,0.02,0.06,0.0,255,3,0.01,0.05,0.0,0.0,1.0,1.0,0.0,0.0,1,42459.0
0,1,40,1,0,0,0,0,0,0,0,0,0,0,0,0,0,0,0,0,0,0,509,1,0.23,0.0,0.76,1.0,0.0,1.0,0.0,255,1,0.0,1.0,0.0,0.0,0.21,0.0,0.77,1.0,1,89080.0
0,1,62,5,0,0,0,0,0,0,0,0,0,0,0,0,0,0,0,0,0,0,239,15,1.0,1.0,0.0,0.0,0.06,0.06,0.0,255,2,0.01,0.09,0.0,0.0,1.0,1.0,0.0,0.0,1,70408.0
0,1,44,5,0,0,0,0,0,0,0,0,0,0,0,0,0,0,0,0,0,0,144,11,1.0,1.0,0.0,0.0,0.08,0.06,0.0,255,11,0.04,0.07,0.0,0.0,1.0,1.0,0.0,0.0,1,67980.0
0,1,37,5,0,0,0,0,0,0,0,0,0,0,0,0,0,0,0,0,0,0,115,2,1.0,1.0,0.0,0.0,0.02,0.08,0.0,255,2,0.01,0.08,0.0,0.0,1.0,1.0,0.0,0.0,1,41521.0
0,1,59,2,0,0,0,0,0,0,0,0,0,0,0,0,0,0,0,0,0,0,134,15,0.0,0.0,1.0,1.0,0.11,0.06,0.0,255,15,0.06,0.05,0.0,0.0,0.0,0.0,1.0,1.0,1,20434.0
0,1,44,5,0,0,0,0,0,0,0,0,0,0,0,0,0,0,0,0,0,0,221,19,1.0,1.0,0.0,0.0,0.09,0.06,0.0,255,2,0.01,0.07,0.0,0.0,1.0,1.0,0.0,0.0,1,120576.0
0,0,13,9,8,0,0,0,0,0,0,0,0,0,0,0,0,0,0,0,0,0,1,16,0.0,0.0,0.0,0.0,1.0,0.0,1.0,1,91,1.0,0.0,1.0,0.51,0.0,0.0,0.0,0.0,1,98087.0
0,1,22,9,230,5283,0,0,0,1,0,1,0,1,0,0,0,0,0,0,0,0,12,12,0.0,0.0,0.0,0.0,1.0,0.0,0.0,40,255,1.0,0.0,0.03,0.04,0.0,0.0,0.0,0.0,0,107538.0
0,1,26,5,0,0,0,0,0,0,0,0,0,0,0,0,0,0,0,0,0,0,6,2,1.0,1.0,0.0,0.0,0.33,0.33,0.0,255,7,0.03,0.07,0.0,0.0,1.0,1.0,0.0,0.0,1,2736.0
0,1,22,9,212,2606,0,0,0,0,0,1,0,0,0,0,0,0,0,0,0,0,31,32,0.0,0.0,0.0,0.0,1.0,0.0,0.06,255,255,1.0,0.0,0.0,0.0,0.0,0.0,0.0,0.0,0,120012.0
0,1,20,5,0,0,0,0,0,0,0,0,0,0,0,0,0,0,0,0,0,0,128,3,1.0,1.0,0.0,0.0,0.02,0.06,0.0,255,3,0.01,0.08,0.0,0.0,1.0,1.0,0.0,0.0,1,104072.0
0,1,22,9,281,1198,0,0,0,0,0,1,0,0,0,0,0,0,0,0,0,0,2,2,0.0,0.0,0.0,0.0,1.0,0.0,0.0,49,52,1.0,0.0,0.02,0.04,0.02,0.02,0.0,0.0,0,110763.0
0,1,44,5,0,0,0,0,0,0,0,0,0,0,0,0,0,0,0,0,0,0,289,3,1.0,1.0,0.0,0.0,0.01,0.06,0.0,255,11,0.04,0.09,0.0,0.0,1.0,1.0,0.0,0.0,1,86077.0
0,1,22,9,331,480,0,0,0,0,0,1,0,0,0,0,0,0,0,0,0,0,8,11,0.0,0.0,0.0,0.0,1.0,0.0,0.27,115,255,1.0,0.0,0.01,0.02,0.0,0.0,0.0,0.0,0,45088.0
1,1,49,9,1451,323,0,0,0,0,0,1,0,0,0,0,0,0,0,0,0,0,1,3,0.0,0.0,0.0,0.0,1.0,0.0,1.0,212,191,0.72,0.02,0.0,0.01,0.0,0.0,0.0,0.0,0,38086.0
0,2,11,9,45,132,0,0,0,0,0,0,0,0,0,0,0,0,0,0,0,0,166,232,0.0,0.0,0.0,0.0,0.99,0.01,0.01,255,236,0.93,0.02,0.0,0.0,0.0,0.0,0.0,0.0,0,79824.0
0,1,25,5,0,0,0,0,0,0,0,0,0,0,0,0,0,0,0,0,0,0,239,12,1.0,1.0,0.0,0.0,0.05,0.06,0.0,255,12,0.05,0.07,0.0,0.0,1.0,1.0,0.0,0.0,1,79654.0
0,1,37,5,0,0,0,0,0,0,0,0,0,0,0,0,0,0,0,0,0,0,121,3,1.0,1.0,0.0,0.0,0.02,0.06,0.0,255,7,0.03,0.07,0.0,0.0,1.0,1.0,0.0,0.0,1,29790.0
0,2,11,9,44,74,0,0,0,0,0,0,0,0,0,0,0,0,0,0,0,0,226,226,0.0,0.0,0.0,0.0,1.0,0.0,0.0,255,255,1.0,0.0,0.01,0.0,0.0,0.0,0.0,0.0,0,121569.0
0,1,22,9,242,1252,0,0,0,0,0,1,0,0,0,0,0,0,0,0,0,0,30,32,0.0,0.0,0.0,0.0,1.0,0.0,0.09,255,255,1.0,0.0,0.0,0.0,0.0,0.0,0.0,0.0,0,100065.0
0,1,60,5,0,0,0,0,0,0,0,0,0,0,0,0,0,0,0,0,0,0,265,13,1.0,1.0,0.0,0.0,0.05,0.05,0.0,255,13,0.05,0.05,0.0,0.0,1.0,1.0,0.0,0.0,1,124213.0
0,1,22,9,248,7029,0,0,0,0,0,1,0,0,0,0,0,0,0,0,0,0,1,1,0.0,0.0,0.0,0.0,1.0,0.0,0.0,5,255,1.0,0.0,0.2,0.02,0.0,0.0,0.0,0.0,0,90649.0
0,1,19,9,4539,0,0,0,0,0,0,1,0,0,0,0,0,0,0,0,0,0,19,19,0.0,0.0,0.0,0.0,1.0,0.0,0.0,174,66,0.25,0.41,0.25,0.03,0.0,0.0,0.38,0.02,0,119725.0
0,1,44,1,0,0,0,0,0,0,0,0,0,0,0,0,0,0,0,0,0,0,162,1,0.05,0.0,0.94,1.0,0.01,1.0,0.0,255,1,0.0,0.8,0.0,0.0,0.03,0.0,0.61,1.0,1,210.0
0,0,13,9,8,0,0,0,0,0,0,0,0,0,0,0,0,0,0,0,0,0,1,16,0.0,0.0,0.0,0.0,1.0,0.0,1.0,1,49,1.0,0.0,1.0,0.51,0.0,0.0,0.0,0.0,1,10104.0
0,2,44,9,1,0,0,0,0,0,0,0,0,0,0,0,0,0,0,0,0,0,5,2,0.0,0.0,0.0,0.0,0.4,0.4,0.0,255,2,0.01,0.98,0.03,0.0,0.03,0.0,0.94,0.0,1,45547.0
0,1,55,5,0,0,0,0,0,0,0,0,0,0,0,0,0,0,0,0,0,0,267,21,1.0,1.0,0.0,0.0,0.08,0.05,0.0,255,21,0.08,0.05,0.0,0.0,1.0,1.0,0.0,0.0,1,70306.0
0,1,61,5,0,0,0,0,0,0,0,0,0,0,0,0,0,0,0,0,0,0,71,3,1.0,1.0,0.0,0.0,0.04,0.08,0.0,255,10,0.04,0.07,0.0,0.0,1.0,1.0,0.0,0.0,1,94757.0
29,1,49,9,647,330,0,0,0,0,0,1,0,0,0,0,0,0,0,0,0,0,1,1,0.0,0.0,0.0,0.0,1.0,0.0,0.0,79,115,0.87,0.04,0.01,0.02,0.0,0.0,0.0,0.0,0,57227.0
0,1,44,1,0,0,0,0,0,0,0,0,0,0,0,0,0,0,0,0,0,0,1,1,0.0,0.0,1.0,1.0,1.0,0.0,0.0,50,1,0.02,1.0,0.02,0.0,0.0,0.0,0.92,1.0,1,60624.0
0,1,37,5,0,0,0,0,0,0,0,0,0,0,0,0,0,0,0,0,0,0,121,11,1.0,1.0,0.0,0.0,0.09,0.06,0.0,255,11,0.04,0.05,0.0,0.0,1.0,1.0,0.0,0.0,1,33801.0
0,1,22,9,206,788,0,0,0,0,0,1,0,0,0,0,0,0,0,0,0,0,15,15,0.0,0.0,0.0,0.0,1.0,0.0,0.0,255,255,1.0,0.0,0.0,0.0,0.0,0.0,0.0,0.0,0,37490.0
0,2,44,9,28,0,0,3,0,0,0,0,0,0,0,0,0,0,0,0,0,0,31,31,0.0,0.0,0.0,0.0,1.0,0.0,0.0,255,31,0.12,0.02,0.12,0.0,0.0,0.0,0.0,0.0,1,115229.0
0,1,22,9,296,1511,0,0,0,0,0,1,0,0,0,0,0,0,0,0,0,0,4,4,0.0,0.0,0.0,0.0,1.0,0.0,0.0,255,255,1.0,0.0,0.0,0.0,0.0,0.0,0.0,0.0,0,2283.0
0,1,49,9,1780,326,0,0,0,0,0,1,0,0,0,0,0,0,0,0,0,0,1,1,0.0,0.0,0.0,0.0,1.0,0.0,0.0,178,145,0.81,0.03,0.01,0.0,0.0,0.0,0.0,0.0,0,84117.0
0,1,44,5,0,0,0,0,0,0,0,0,0,0,0,0,0,0,0,0,0,0,70,3,1.0,1.0,0.0,0.0,0.04,0.07,0.0,255,13,0.05,0.06,0.0,0.0,1.0,1.0,0.0,0.0,1,91774.0
0,2,11,9,39,99,0,0,0,0,0,0,0,0,0,0,0,0,0,0,0,0,1,1,0.0,0.0,0.0,0.0,1.0,0.0,0.0,58,201,1.0,0.0,1.0,0.01,0.0,0.0,0.0,0.0,0,25173.0
0,1,22,9,54540,8314,0,0,0,2,0,1,1,0,0,0,0,0,0,0,0,0,2,4,0.0,0.0,0.0,0.5,1.0,0.0,0.75,255,255,1.0,0.0,0.0,0.0,0.0,0.0,0.02,0.02,1,15250.0
0,1,44,1,0,0,0,0,0,0,0,0,0,0,0,0,0,0,0,0,0,0,309,1,0.07,0.0,0.89,1.0,0.0,1.0,0.0,255,1,0.0,1.0,0.0,0.0,0.08,0.0,0.89,1.0,1,12071.0
184,1,55,9,437,2619,0,0,0,0,0,1,0,0,0,0,0,0,0,0,0,0,1,1,0.0,0.0,0.0,0.0,1.0,0.0,0.0,255,33,0.13,0.06,0.0,0.0,0.65,0.39,0.03,0.12,1,92370.0
0,1,22,9,459,3395,0,0,0,0,0,1,0,0,0,0,0,0,0,0,0,0,1,4,0.0,0.0,0.0,0.0,1.0,0.0,0.75,6,255,1.0,0.0,0.17,0.07,0.0,0.0,0.0,0.04,0,95204.0
6457,1,0,4,1098,6523,0,0,0,0,0,0,0,0,0,0,0,0,0,0,0,0,1,1,0.0,0.0,1.0,1.0,1.0,0.0,0.0,59,19,0.32,0.03,0.02,0.0,0.02,0.05,0.25,0.79,0,26896.0
0,1,22,9,343,609,0,0,0,0,0,1,0,0,0,0,0,0,0,0,0,0,13,13,0.0,0.0,0.0,0.0,1.0,0.0,0.0,255,255,1.0,0.0,0.0,0.0,0.0,0.0,0.0,0.0,0,32662.0
0,1,44,5,0,0,0,0,0,0,0,0,0,0,0,0,0,0,0,0,0,0,155,4,1.0,1.0,0.0,0.0,0.03,0.06,0.0,255,17,0.07,0.07,0.0,0.0,1.0,1.0,0.0,0.0,1,108244.0
0,1,44,5,0,0,0,0,0,0,0,0,0,0,0,0,0,0,0,0,0,0,139,6,1.0,1.0,0.0,0.0,0.04,0.06,0.0,255,9,0.04,0.05,0.0,0.0,1.0,1.0,0.0,0.0,1,87094.0
0,1,42,9,49,2553,0,0,0,0,0,1,0,0,0,0,0,0,0,0,0,0,1,1,0.0,0.0,0.0,0.0,1.0,0.0,0.0,226,6,0.03,0.03,0.0,0.0,0.0,0.0,0.0,0.0,0,41581.0
0,0,14,9,1032,0,0,0,0,0,0,0,0,0,0,0,0,0,0,0,0,0,511,511,0.0,0.0,0.0,0.0,1.0,0.0,0.0,255,188,0.74,0.02,0.74,0.0,0.0,0.0,0.2,0.0,1,70271.0
0,1,52,5,0,0,0,0,0,0,0,0,0,0,0,0,0,0,0,0,0,0,204,12,1.0,1.0,0.0,0.0,0.06,0.06,0.0,255,15,0.06,0.06,0.0,0.0,1.0,1.0,0.0,0.0,1,88284.0
0,1,44,5,0,0,0,0,0,0,0,0,0,0,0,0,0,0,0,0,0,0,286,19,1.0,1.0,0.0,0.0,0.07,0.05,0.0,244,19,0.08,0.06,0.0,0.0,0.99,1.0,0.0,0.0,1,58178.0
0,1,22,9,239,4213,0,0,0,0,0,1,0,0,0,0,0,0,0,0,0,0,1,1,0.0,0.0,0.0,0.0,1.0,0.0,0.0,190,255,1.0,0.0,0.01,0.01,0.0,0.0,0.09,0.07,0,75678.0
0,1,44,1,0,0,0,0,0,0,0,0,0,0,0,0,0,0,0,0,0,0,509,1,0.02,0.0,0.98,1.0,0.0,1.0,0.0,255,1,0.0,1.0,0.0,0.0,0.04,0.0,0.96,1.0,1,85609.0
0,1,22,9,331,11204,0,0,0,0,0,1,0,0,0,0,0,0,0,0,0,0,4,20,0.0,0.0,0.0,0.0,1.0,0.0,0.2,95,131,1.0,0.0,0.01,0.03,0.0,0.01,0.0,0.0,0,114422.0
0,1,22,9,288,292,0,0,0,0,0,1,0,0,0,0,0,0,0,0,0,0,7,7,0.0,0.0,0.0,0.0,1.0,0.0,0.0,7,255,1.0,0.0,0.14,0.05,0.0,0.0,0.0,0.0,0,25726.0
0,2,11,9,44,131,0,0,0,0,0,0,0,0,0,0,0,0,0,0,0,0,75,155,0.0,0.0,0.0,0.0,1.0,0.0,0.01,255,254,1.0,0.01,0.0,0.0,0.0,0.0,0.0,0.0,0,27967.0
0,1,44,5,0,0,0,0,0,0,0,0,0,0,0,0,0,0,0,0,0,0,282,17,1.0,1.0,0.0,0.0,0.06,0.06,0.0,255,15,0.06,0.08,0.0,0.0,1.0,1.0,0.0,0.0,1,18013.0
0,1,22,9,304,168,0,0,0,0,0,1,0,0,0,0,0,0,0,0,0,0,7,7,0.0,0.0,0.0,0.0,1.0,0.0,0.0,45,255,1.0,0.0,0.02,0.04,0.0,0.0,0.0,0.0,0,104548.0
0,1,22,1,0,0,0,0,0,0,0,0,0,0,0,0,0,0,0,0,0,0,1,1,0.0,0.0,1.0,1.0,1.0,0.0,0.0,11,255,1.0,0.0,0.09,0.17,0.0,0.0,1.0,0.97,0,108444.0
0,1,22,9,209,7423,0,0,0,0,0,1,0,0,0,0,0,0,0,0,0,0,2,2,0.0,0.0,0.0,0.0,1.0,0.0,0.0,2,255,1.0,0.0,0.5,0.04,0.0,0.0,0.0,0.0,0,86737.0
0,2,40,9,147,0,0,0,0,0,0,0,0,0,0,0,0,0,0,0,0,0,5,1,0.0,0.0,0.0,0.0,0.2,0.6,0.0,255,1,0.0,0.45,0.84,0.0,0.0,0.0,0.0,0.0,0,44181.0
0,2,11,9,46,46,0,0,0,0,0,0,0,0,0,0,0,0,0,0,0,0,12,18,0.0,0.0,0.0,0.0,1.0,0.0,0.11,255,255,1.0,0.0,0.01,0.0,0.0,0.0,0.0,0.0,0,86190.0
0,1,19,9,175337,0,0,0,0,0,0,0,0,0,0,0,0,0,0,0,0,0,2,2,0.0,0.0,0.0,0.0,1.0,0.0,0.0,210,65,0.22,0.03,0.22,0.03,0.0,0.0,0.0,0.0,0,74040.0
0,1,36,1,0,0,0,0,0,0,0,0,0,0,0,0,0,0,0,0,0,0,108,6,0.0,0.0,1.0,1.0,0.06,0.07,0.0,255,6,0.02,0.07,0.0,0.0,0.0,0.0,1.0,1.0,1,120583.0
0,1,22,9,228,3835,0,0,0,0,0,1,0,0,0,0,0,0,0,0,0,0,12,12,0.0,0.0,0.0,0.0,1.0,0.0,0.0,159,255,1.0,0.0,0.01,0.03,0.0,0.0,0.0,0.0,0,56386.0
0,1,44,5,0,0,0,0,0,0,0,0,0,0,0,0,0,0,0,0,0,0,11,8,1.0,1.0,0.0,0.0,0.73,0.18,0.0,255,8,0.03,0.07,0.0,0.0,1.0,1.0,0.0,0.0,1,45548.0
0,1,22,9,339,1367,0,0,0,0,0,1,0,0,0,0,0,0,0,0,0,0,3,3,0.0,0.0,0.0,0.0,1.0,0.0,0.0,114,255,1.0,0.0,0.01,0.05,0.0,0.0,0.0,0.0,0,11444.0
0,1,44,5,0,0,0,0,0,0,0,0,0,0,0,0,0,0,0,0,0,0,72,3,1.0,1.0,0.0,0.0,0.04,0.07,0.0,255,20,0.08,0.07,0.0,0.0,1.0,1.0,0.0,0.0,1,83992.0
0,1,62,5,0,0,0,0,0,0,0,0,0,0,0,0,0,0,0,0,0,0,123,23,1.0,1.0,0.0,0.0,0.19,0.06,0.0,255,2,0.01,0.06,0.0,0.0,1.0,1.0,0.0,0.0,1,125000.0
0,1,27,1,0,0,0,0,0,0,0,0,0,0,0,0,0,0,0,0,0,0,136,19,0.0,0.0,1.0,1.0,0.14,0.06,0.0,255,19,0.07,0.06,0.0,0.0,0.0,0.0,1.0,1.0,1,112490.0
0,1,37,1,0,0,0,0,0,0,0,0,0,0,0,0,0,0,0,0,0,0,107,16,0.0,0.0,1.0,1.0,0.15,0.07,0.0,255,16,0.06,0.07,0.0,0.0,0.0,0.0,1.0,1.0,1,7749.0
0,1,22,9,215,337,0,0,0,0,0,1,0,0,0,0,0,0,0,0,0,0,23,23,0.0,0.0,0.0,0.0,1.0,0.0,0.0,106,255,1.0,0.0,0.01,0.04,0.0,0.0,0.0,0.0,0,68268.0
0,1,22,9,214,1154,0,0,0,0,0,1,0,0,0,0,0,0,0,0,0,0,7,26,0.0,0.0,0.0,0.0,1.0,0.0,0.08,7,255,1.0,0.0,0.14,0.04,0.0,0.0,0.0,0.0,0,93681.0
0,1,4,5,0,0,0,0,0,0,0,0,0,0,0,0,0,0,0,0,0,0,225,7,1.0,1.0,0.0,0.0,0.03,0.06,0.0,255,14,0.05,0.07,0.0,0.0,1.0,1.0,0.0,0.0,1,47956.0
0,1,34,1,0,0,0,0,0,0,0,0,0,0,0,0,0,0,0,0,0,0,241,12,0.0,0.0,1.0,1.0,0.05,0.07,0.0,255,12,0.05,0.07,0.0,0.0,0.0,0.0,1.0,1.0,1,609.0
0,1,49,9,720,327,0,0,0,0,0,1,0,0,0,0,0,0,0,0,0,0,1,1,0.0,0.0,0.0,0.0,1.0,0.0,0.0,20,20,1.0,0.0,0.05,0.0,0.0,0.0,0.0,0.0,0,50219.0
0,1,49,9,652,327,0,0,0,0,0,1,0,0,0,0,0,0,0,0,0,0,1,1,0.0,0.0,0.0,0.0,1.0,0.0,0.0,47,183,0.98,0.04,0.02,0.02,0.0,0.0,0.0,0.0,0,17110.0
0,1,22,9,283,4173,0,0,0,0,0,1,0,0,0,0,0,0,0,0,0,0,18,18,0.0,0.0,0.0,0.0,1.0,0.0,0.0,18,255,1.0,0.0,0.06,0.04,0.0,0.0,0.0,0.0,0,7669.0
0,1,22,9,233,636,0,0,0,0,0,1,0,0,0,0,0,0,0,0,0,0,4,8,0.0,0.0,0.0,0.0,1.0,0.0,0.25,40,255,1.0,0.0,0.03,0.01,0.0,0.01,0.0,0.0,0,19036.0
0,2,11,9,46,84,0,0,0,0,0,0,0,0,0,0,0,0,0,0,0,0,37,37,0.0,0.0,0.0,0.0,1.0,0.0,0.0,198,177,0.89,0.01,0.01,0.0,0.0,0.0,0.0,0.0,0,10779.0
0,1,37,5,0,0,0,0,0,0,0,0,0,0,0,0,0,0,0,0,0,0,135,17,1.0,1.0,0.0,0.0,0.13,0.06,0.0,255,17,0.07,0.07,0.0,0.0,1.0,1.0,0.0,0.0,1,118151.0
0,1,44,5,0,0,0,0,0,0,0,0,0,0,0,0,0,0,0,0,0,0,248,17,1.0,1.0,0.0,0.0,0.07,0.05,0.0,255,6,0.02,0.07,0.0,0.0,1.0,1.0,0.0,0.0,1,92337.0
0,0,14,9,1032,0,0,0,0,0,0,0,0,0,0,0,0,0,0,0,0,0,511,511,0.0,0.0,0.0,0.0,1.0,0.0,0.0,255,165,0.65,0.03,0.65,0.0,0.0,0.0,0.25,0.0,1,47264.0
0,1,44,5,0,0,0,0,0,0,0,0,0,0,0,0,0,0,0,0,0,0,222,5,1.0,1.0,0.0,0.0,0.02,0.05,0.0,163,5,0.03,0.07,0.01,0.0,0.91,1.0,0.01,0.0,1,9925.0
0,1,19,9,59,0,0,0,0,0,0,1,0,0,0,0,0,0,0,0,0,0,12,12,0.0,0.0,0.0,0.0,1.0,0.0,0.0,255,140,0.55,0.02,0.55,0.0,0.0,0.01,0.0,0.0,0,116161.0
239,2,11,9,93,33,0,0,0,0,0,0,0,0,0,0,0,0,0,0,0,0,1,1,0.0,0.0,0.0,0.0,1.0,0.0,0.0,71,71,1.0,0.0,1.0,0.0,0.0,0.0,0.0,0.0,0,56736.0
0,1,17,9,13,144,0,0,0,0,0,0,0,0,0,0,0,0,0,0,0,0,1,1,0.0,0.0,0.0,0.0,1.0,0.0,0.0,76,10,0.05,0.08,0.01,0.2,0.0,0.0,0.0,0.0,0,87396.0
0,1,44,1,0,0,0,0,0,0,0,0,0,0,0,0,0,0,0,0,0,0,511,1,0.07,0.0,0.92,1.0,0.0,1.0,0.0,255,1,0.0,1.0,0.0,0.0,0.1,0.0,0.88,1.0,1,75088.0
0,1,22,9,217,292,0,0,0,0,0,1,0,0,0,0,0,0,0,0,0,0,14,14,0.0,0.0,0.0,0.0,1.0,0.0,0.0,186,255,1.0,0.0,0.01,0.02,0.0,0.0,0.0,0.0,0,47273.0
0,0,13,9,8,0,0,0,0,0,0,0,0,0,0,0,0,0,0,0,0,0,1,20,0.0,0.0,0.0,0.0,1.0,0.0,1.0,3,87,1.0,0.0,1.0,0.25,0.0,0.0,0.0,0.0,1,85823.0
0,1,22,9,213,188,0,0,0,0,0,1,0,0,0,0,0,0,0,0,0,0,3,3,0.0,0.0,0.0,0.0,1.0,0.0,0.0,108,255,1.0,0.0,0.01,0.08,0.0,0.0,0.0,0.0,0,48245.0
0,1,22,1,0,0,0,0,0,0,0,0,0,0,0,0,0,0,0,0,0,0,12,12,0.0,0.0,0.83,0.83,1.0,0.0,0.0,46,255,1.0,0.0,0.02,0.17,0.0,0.0,0.93,0.99,0,89682.0
0,1,22,9,255,4087,0,0,0,0,0,1,0,0,0,0,0,0,0,0,0,0,13,14,0.0,0.0,0.0,0.0,1.0,0.0,0.14,255,255,1.0,0.0,0.0,0.0,0.0,0.0,0.0,0.0,0,117532.0
0,1,22,9,268,666,0,0,0,0,0,1,0,0,0,0,0,0,0,0,0,0,13,16,0.0,0.0,0.0,0.0,1.0,0.0,0.12,188,255,1.0,0.0,0.01,0.01,0.0,0.0,0.0,0.0,0,121737.0
0,1,44,5,0,0,0,0,0,0,0,0,0,0,0,0,0,0,0,0,0,0,108,20,1.0,1.0,0.0,0.0,0.19,0.06,0.0,255,17,0.07,0.06,0.0,0.0,1.0,1.0,0.0,0.0,1,69335.0
0,1,22,9,251,276,0,0,0,0,0,1,0,0,0,0,0,0,0,0,0,0,4,3,0.0,0.0,0.0,0.0,0.75,0.5,0.0,255,248,0.97,0.01,0.0,0.0,0.0,0.0,0.0,0.0,0,25494.0
0,2,44,9,105,146,0,0,0,0,0,0,0,0,0,0,0,0,0,0,0,0,1,1,0.0,0.0,0.0,0.0,1.0,0.0,0.0,255,254,1.0,0.01,0.01,0.0,0.0,0.0,0.0,0.0,0,67212.0
0,1,44,5,0,0,0,0,0,0,0,0,0,0,0,0,0,0,0,0,0,0,289,9,1.0,1.0,0.0,0.0,0.03,0.06,0.0,255,14,0.05,0.08,0.0,0.0,1.0,1.0,0.0,0.0,1,18150.0
0,1,22,9,310,5904,0,0,0,0,0,1,0,0,0,0,0,0,0,0,0,0,2,2,0.0,0.0,0.0,0.0,1.0,0.0,0.0,12,255,1.0,0.0,0.08,0.04,0.0,0.0,0.0,0.0,0,84535.0
0,1,44,5,0,0,0,0,0,0,0,0,0,0,0,0,0,0,0,0,0,0,225,20,1.0,1.0,0.0,0.0,0.09,0.06,0.0,255,20,0.08,0.08,0.0,0.0,1.0,1.0,0.0,0.0,1,60017.0
0,1,44,5,0,0,0,0,0,0,0,0,0,0,0,0,0,0,0,0,0,0,75,23,1.0,1.0,0.0,0.0,0.31,0.05,0.0,255,23,0.09,0.04,0.0,0.0,1.0,1.0,0.0,0.0,1,80325.0
0,1,49,9,1364,334,0,0,0,0,0,1,0,0,0,0,0,0,0,0,0,0,1,1,0.0,0.0,0.0,0.0,1.0,0.0,0.0,127,145,0.5,0.03,0.01,0.01,0.0,0.0,0.0,0.0,0,17697.0
0,0,14,9,30,0,0,0,0,0,0,0,0,0,0,0,0,0,0,0,0,0,1,1,0.0,0.0,0.0,0.0,1.0,0.0,0.0,6,7,1.0,0.0,1.0,0.29,0.0,0.0,0.0,0.0,0,11418.0
0,1,22,9,227,424,0,0,0,0,0,1,0,0,0,0,0,0,0,0,0,0,18,19,0.0,0.0,0.0,0.0,1.0,0.0,0.11,255,255,1.0,0.0,0.0,0.0,0.0,0.0,0.0,0.0,0,21398.0
0,1,4,5,0,0,0,0,0,0,0,0,0,0,0,0,0,0,0,0,0,0,275,18,1.0,1.0,0.0,0.0,0.07,0.06,0.0,255,18,0.07,0.07,0.0,0.0,1.0,1.0,0.0,0.0,1,107632.0
0,0,14,9,1032,0,0,0,0,0,0,0,0,0,0,0,0,0,0,0,0,0,325,325,0.0,0.0,0.0,0.0,1.0,0.0,0.0,255,255,1.0,0.0,1.0,0.0,0.0,0.0,0.0,0.0,1,26650.0
0,0,14,9,520,0,0,0,0,0,0,0,0,0,0,0,0,0,0,0,0,0,478,478,0.0,0.0,0.0,0.0,1.0,0.0,0.0,135,135,1.0,0.0,1.0,0.0,0.0,0.0,0.0,0.0,1,7037.0
0,1,44,5,0,0,0,0,0,0,0,0,0,0,0,0,0,0,0,0,0,0,149,3,1.0,1.0,0.0,0.0,0.02,0.07,0.0,255,3,0.01,0.09,0.0,0.0,1.0,1.0,0.0,0.0,1,92451.0
0,1,22,9,232,12426,0,0,0,0,0,1,0,0,0,0,0,0,0,0,0,0,16,31,0.0,0.0,0.0,0.0,1.0,0.0,0.16,222,255,1.0,0.0,0.0,0.03,0.0,0.0,0.0,0.0,0,30156.0
0,1,29,5,0,0,0,0,0,0,0,0,0,0,0,0,0,0,0,0,0,0,222,8,1.0,1.0,0.0,0.0,0.04,0.06,0.0,255,20,0.08,0.06,0.0,0.0,1.0,1.0,0.0,0.0,1,11451.0
0,1,44,5,0,0,0,0,0,0,0,0,0,0,0,0,0,0,0,0,0,0,29,2,1.0,1.0,0.0,0.0,0.07,0.1,0.0,255,17,0.07,0.07,0.0,0.0,1.0,1.0,0.0,0.0,1,31296.0
0,1,22,9,319,983,0,0,0,0,0,1,0,0,0,0,0,0,0,0,0,0,15,15,0.0,0.0,0.0,0.0,1.0,0.0,0.0,255,255,1.0,0.0,0.0,0.0,0.0,0.0,0.0,0.0,0,32422.0
0,1,49,9,2493,388,0,0,0,0,0,1,0,0,0,0,1,0,0,0,0,0,1,1,0.0,0.0,0.0,0.0,1.0,0.0,0.0,255,24,0.09,0.07,0.0,0.0,0.83,0.0,0.01,0.0,0,109482.0
0,1,22,9,316,6967,0,0,0,0,0,1,0,0,0,0,0,0,0,0,0,0,4,4,0.0,0.0,0.0,0.0,1.0,0.0,0.0,75,255,1.0,0.0,0.01,0.04,0.0,0.0,0.0,0.0,0,54282.0
0,1,57,5,0,0,0,0,0,0,0,0,0,0,0,0,0,0,0,0,0,0,217,6,1.0,1.0,0.0,0.0,0.03,0.07,0.0,255,6,0.02,0.07,0.0,0.0,1.0,1.0,0.0,0.0,1,63519.0
0,1,22,1,0,0,0,0,0,0,0,0,0,0,0,0,0,0,0,0,0,0,1,1,0.0,0.0,1.0,1.0,1.0,0.0,0.0,10,255,1.0,0.0,0.1,0.22,0.0,0.0,1.0,0.94,0,77810.0
0,1,3,1,0,0,0,0,0,0,0,0,0,0,0,0,0,0,0,0,0,0,267,4,0.0,0.0,1.0,1.0,0.01,0.06,0.0,255,4,0.02,0.07,0.0,0.0,0.0,0.0,1.0,1.0,1,121879.0
0,1,55,4,126,179,0,0,0,2,1,0,0,0,0,0,0,0,0,0,0,0,1,1,0.0,0.0,1.0,1.0,1.0,0.0,0.0,40,40,1.0,0.0,0.03,0.0,0.05,0.05,0.95,0.95,1,104923.0
0,1,44,5,0,0,0,0,0,0,0,0,0,0,0,0,0,0,0,0,0,0,79,18,1.0,1.0,0.0,0.0,0.23,0.06,0.0,255,1,0.0,0.07,0.0,0.0,1.0,1.0,0.0,0.0,1,85722.0
0,1,22,9,239,954,0,0,0,0,0,1,0,0,0,0,0,0,0,0,0,0,1,2,0.0,0.0,0.0,0.0,1.0,0.0,1.0,158,255,1.0,0.0,0.01,0.03,0.0,0.0,0.0,0.0,0,62630.0
0,1,22,9,301,1079,0,0,0,0,0,1,0,0,0,0,0,0,0,0,0,0,19,68,0.0,0.0,0.0,0.0,1.0,0.0,0.03,81,255,1.0,0.0,0.01,0.02,0.0,0.0,0.0,0.0,0,46109.0
0,1,22,9,302,2698,0,0,0,0,0,1,0,0,0,0,0,0,1,0,0,0,1,49,0.0,0.02,0.0,0.0,1.0,0.0,0.08,255,253,0.99,0.01,0.0,0.0,0.0,0.0,0.0,0.0,0,34365.0
0,1,40,1,0,0,0,0,0,0,0,0,0,0,0,0,0,0,0,0,0,0,506,1,0.08,0.0,0.89,1.0,0.0,0.95,0.0,255,1,0.0,0.91,0.0,0.0,0.08,0.0,0.92,1.0,1,19796.0
0,1,22,9,320,4624,0,0,0,0,0,1,0,0,0,0,0,0,0,0,0,0,39,39,0.0,0.0,0.0,0.0,1.0,0.0,0.0,255,255,1.0,0.0,0.0,0.0,0.0,0.0,0.0,0.0,0,72255.0
1,1,49,9,901,332,0,0,0,0,0,1,0,0,0,0,0,0,0,0,0,0,1,2,0.0,0.0,0.0,0.0,1.0,0.0,1.0,219,166,0.76,0.02,0.0,0.0,0.0,0.0,0.0,0.0,0,49429.0
0,1,22,9,197,5790,0,0,0,0,0,1,0,0,0,0,0,0,0,0,0,0,1,1,0.0,0.0,0.0,0.0,1.0,0.0,0.0,255,255,1.0,0.0,0.0,0.0,0.0,0.0,0.0,0.0,0,48305.0
0,1,37,5,0,0,0,0,0,0,0,0,0,0,0,0,0,0,0,0,0,0,149,19,1.0,1.0,0.0,0.0,0.13,0.06,0.0,255,19,0.07,0.07,0.0,0.0,1.0,1.0,0.0,0.0,1,16238.0
0,1,32,5,0,0,0,0,0,0,0,0,0,0,0,0,0,0,0,0,0,0,242,18,1.0,1.0,0.0,0.0,0.07,0.07,0.0,255,18,0.07,0.08,0.0,0.0,1.0,1.0,0.0,0.0,1,25608.0
0,1,4,5,0,0,0,0,0,0,0,0,0,0,0,0,0,0,0,0,0,0,208,16,1.0,1.0,0.0,0.0,0.08,0.06,0.0,255,16,0.06,0.06,0.0,0.0,1.0,1.0,0.0,0.0,1,83259.0
0,1,40,1,0,0,0,0,0,0,0,0,0,0,0,0,0,0,0,0,0,0,511,1,0.08,0.0,0.92,1.0,0.0,1.0,0.0,255,1,0.0,1.0,0.0,0.0,0.0,0.0,1.0,1.0,1,88018.0
0,2,11,9,44,112,0,0,0,0,0,0,0,0,0,0,0,0,0,0,0,0,2,14,0.0,0.0,0.0,0.0,1.0,0.0,0.14,110,81,0.74,0.03,0.01,0.0,0.0,0.0,0.0,0.0,0,81406.0
0,1,44,1,0,0,0,0,0,0,0,0,0,0,0,0,0,0,0,0,0,0,235,4,0.0,0.0,1.0,1.0,0.02,0.07,0.0,255,4,0.02,0.07,0.0,0.0,0.0,0.0,1.0,1.0,1,10890.0
0,1,40,1,0,0,0,0,0,0,0,0,0,0,0,0,0,0,0,0,0,0,318,1,0.1,0.0,0.9,1.0,0.0,1.0,0.0,255,1,0.0,1.0,0.0,0.0,0.09,0.0,0.9,1.0,1,47108.0
0,1,57,2,0,0,0,0,0,0,0,0,0,0,0,0,0,0,0,0,0,0,203,1,0.0,0.0,1.0,1.0,0.0,0.07,0.0,255,1,0.0,0.07,0.0,0.0,0.0,0.0,1.0,1.0,1,45490.0
0,1,22,1,0,0,0,0,0,0,0,0,0,0,0,0,0,0,0,0,0,0,1,1,0.0,0.0,1.0,1.0,1.0,0.0,0.0,2,176,1.0,0.0,0.5,0.11,0.0,0.0,1.0,0.76,0,81632.0
0,1,44,5,0,0,0,0,0,0,0,0,0,0,0,0,0,0,0,0,0,0,123,19,1.0,1.0,0.0,0.0,0.15,0.05,0.0,255,19,0.07,0.06,0.0,0.0,1.0,1.0,0.0,0.0,1,85276.0
0,1,2,5,0,0,0,0,0,0,0,0,0,0,0,0,0,0,0,0,0,0,198,7,1.0,1.0,0.0,0.0,0.04,0.06,0.0,255,7,0.03,0.06,0.0,0.0,1.0,1.0,0.0,0.0,1,64504.0
0,2,11,9,45,94,0,0,0,0,0,0,0,0,0,0,0,0,0,0,0,0,27,105,0.0,0.0,0.0,0.0,1.0,0.0,0.02,255,208,0.82,0.01,0.01,0.0,0.0,0.0,0.0,0.0,0,26102.0
0,1,17,5,0,0,0,0,0,0,0,0,0,0,0,0,0,0,0,0,0,0,21,5,1.0,1.0,0.0,0.0,0.24,0.19,0.0,255,63,0.25,0.02,0.02,0.0,1.0,1.0,0.0,0.0,1,68495.0
0,1,44,1,0,0,0,0,0,0,0,0,0,0,0,0,0,0,0,0,0,0,348,1,0.0,0.0,1.0,1.0,0.0,0.52,0.0,255,1,0.0,0.52,1.0,0.0,0.0,0.0,1.0,1.0,1,74029.0
0,1,22,9,209,5949,0,0,0,0,0,1,0,0,0,0,0,0,0,0,0,0,5,5,0.0,0.0,0.0,0.0,1.0,0.0,0.0,5,255,1.0,0.0,0.2,0.04,0.0,0.0,0.0,0.0,0,77587.0
0,1,44,5,0,0,0,0,0,0,0,0,0,0,0,0,0,0,0,0,0,0,267,10,1.0,1.0,0.0,0.0,0.04,0.06,0.0,255,9,0.04,0.07,0.0,0.0,1.0,1.0,0.0,0.0,1,80401.0
0,1,22,9,292,2537,0,0,0,0,0,1,0,0,0,0,0,0,0,0,0,0,12,12,0.0,0.0,0.0,0.0,1.0,0.0,0.0,70,255,1.0,0.0,0.01,0.06,0.0,0.0,0.0,0.0,0,61056.0
1,1,49,9,614,329,0,0,0,0,0,1,0,0,0,1,0,0,0,0,0,0,1,3,0.0,0.0,0.0,0.0,1.0,0.0,1.0,255,148,0.58,0.02,0.0,0.0,0.0,0.01,0.0,0.0,0,24148.0
0,1,61,5,0,0,0,0,0,0,0,0,0,0,0,0,0,0,0,0,0,0,281,22,1.0,1.0,0.0,0.0,0.08,0.04,0.0,255,22,0.09,0.05,0.0,0.0,1.0,1.0,0.0,0.0,1,75800.0
0,1,49,9,1283,439,0,0,0,0,0,1,0,0,0,0,0,0,0,0,0,0,1,1,0.0,0.0,0.0,0.0,1.0,0.0,0.0,255,82,0.32,0.31,0.0,0.0,0.31,0.0,0.0,0.0,0,74258.0
0,0,58,9,181,0,0,0,0,0,0,0,0,0,0,0,0,0,0,0,0,0,2,1,0.0,0.0,0.0,0.0,0.5,1.0,0.0,255,113,0.44,0.01,0.55,0.0,0.0,0.0,0.0,0.0,0,53592.0
0,1,22,9,323,771,0,0,0,0,0,1,0,0,0,0,0,0,0,0,0,0,12,20,0.08,0.1,0.0,0.0,1.0,0.0,0.25,60,255,1.0,0.0,0.02,0.07,0.02,0.02,0.0,0.01,0,53234.0
0,1,30,5,0,0,0,0,0,0,0,0,0,0,0,0,0,0,0,0,0,0,140,8,1.0,1.0,0.0,0.0,0.06,0.06,0.0,255,8,0.03,0.06,0.0,0.0,1.0,1.0,0.0,0.0,1,91940.0
0,1,38,5,0,0,0,0,0,0,0,0,0,0,0,0,0,0,0,0,0,0,204,4,1.0,1.0,0.0,0.0,0.02,0.06,0.0,255,14,0.05,0.07,0.0,0.0,1.0,1.0,0.0,0.0,1,8316.0
1,1,18,9,1242,2449,0,0,0,28,0,1,0,0,0,0,0,0,0,0,0,1,1,1,0.0,0.0,0.0,0.0,1.0,0.0,0.0,255,63,0.25,0.02,0.0,0.0,0.0,0.0,0.0,0.0,1,46679.0
0,1,19,9,0,0,0,0,0,0,0,0,0,0,0,0,0,0,0,0,0,0,2,2,0.0,0.0,0.0,0.0,1.0,0.0,0.0,22,60,0.36,0.18,0.05,0.03,0.0,0.0,0.05,0.0,0,82988.0
0,1,5,5,0,0,0,0,0,0,0,0,0,0,0,0,0,0,0,0,0,0,145,16,1.0,1.0,0.0,0.0,0.11,0.06,0.0,255,16,0.06,0.06,0.0,0.0,1.0,1.0,0.0,0.0,1,95536.0
0,1,49,5,0,0,0,0,0,0,0,0,0,0,0,0,0,0,0,0,0,0,23,2,1.0,1.0,0.0,0.0,0.09,0.22,0.0,255,11,0.04,0.08,0.0,0.0,1.0,1.0,0.0,0.0,1,115619.0
0,1,22,9,295,2607,0,0,0,0,0,1,0,0,0,0,0,0,0,0,0,0,32,32,0.0,0.0,0.0,0.0,1.0,0.0,0.0,192,255,1.0,0.0,0.01,0.01,0.0,0.0,0.0,0.0,0,59106.0
0,1,4,5,0,0,0,0,0,0,0,0,0,0,0,0,0,0,0,0,0,0,229,15,1.0,1.0,0.0,0.0,0.07,0.07,0.0,255,15,0.06,0.09,0.0,0.0,1.0,1.0,0.0,0.0,1,81546.0
0,1,22,9,169,620,0,0,0,0,0,1,0,0,0,0,0,0,0,0,0,0,25,25,0.0,0.0,0.0,0.0,1.0,0.0,0.0,25,255,1.0,0.0,0.04,0.04,0.0,0.0,0.0,0.0,0,72665.0
0,0,14,9,520,0,0,0,0,0,0,0,0,0,0,0,0,0,0,0,0,0,117,117,0.0,0.0,0.0,0.0,1.0,0.0,0.0,255,255,1.0,0.0,1.0,0.0,0.0,0.0,0.0,0.0,1,85949.0
0,1,49,9,678,332,0,0,0,0,0,1,0,0,0,0,0,0,0,0,0,0,1,1,0.0,0.0,0.0,0.0,1.0,0.0,0.0,187,202,0.84,0.03,0.01,0.01,0.0,0.0,0.0,0.0,0,123960.0
0,1,3,1,0,0,0,0,0,0,0,0,0,0,0,0,0,0,0,0,0,0,175,19,0.0,0.0,1.0,1.0,0.11,0.07,0.0,255,19,0.07,0.07,0.0,0.0,0.0,0.0,1.0,1.0,1,59431.0
0,1,62,5,0,0,0,0,0,0,0,0,0,0,0,0,0,0,0,0,0,0,240,16,1.0,1.0,0.0,0.0,0.07,0.06,0.0,255,1,0.0,0.09,0.0,0.0,1.0,1.0,0.0,0.0,1,42838.0
0,1,21,5,0,0,0,0,0,0,0,0,0,0,0,0,0,0,0,0,0,0,231,14,1.0,1.0,0.0,0.0,0.06,0.06,0.0,255,13,0.05,0.07,0.0,0.0,1.0,1.0,0.0,0.0,1,74688.0
0,1,22,9,297,2649,0,0,0,0,0,1,0,0,0,0,0,0,0,0,0,0,9,10,0.0,0.0,0.0,0.0,1.0,0.0,0.2,255,255,1.0,0.0,0.0,0.0,0.0,0.0,0.0,0.0,0,85847.0
0,1,59,2,0,0,0,0,0,0,0,0,0,0,0,0,0,0,0,0,0,0,113,13,0.0,0.0,1.0,1.0,0.12,0.07,0.0,255,13,0.05,0.06,0.0,0.0,0.0,0.0,1.0,1.0,1,24625.0
0,1,19,9,12983,0,0,0,0,0,0,0,0,0,0,0,0,0,0,0,0,0,2,2,0.0,0.0,0.0,0.0,1.0,0.0,0.0,53,87,0.17,0.09,0.17,0.02,0.0,0.0,0.02,0.0,0,70814.0
0,2,40,9,516,4,0,0,0,0,0,0,0,0,0,0,0,0,0,0,0,0,159,159,0.0,0.0,0.0,0.0,1.0,0.0,0.0,159,159,1.0,0.0,1.0,0.0,0.0,0.0,0.0,0.0,0,95225.0
0,1,44,1,0,0,0,0,0,0,0,0,0,0,0,0,0,0,0,0,0,0,191,1,0.07,0.0,0.87,1.0,0.01,0.99,0.0,255,1,0.0,0.76,0.0,0.0,0.05,0.0,0.65,1.0,1,90067.0
0,1,44,5,0,0,0,0,0,0,0,0,0,0,0,0,0,0,0,0,0,0,124,7,1.0,1.0,0.0,0.0,0.06,0.07,0.0,255,10,0.04,0.07,0.0,0.0,1.0,1.0,0.0,0.0,1,47170.0
0,1,22,9,296,686,0,0,0,0,0,1,0,0,0,0,0,0,0,0,0,0,13,39,0.0,0.0,0.0,0.0,1.0,0.0,0.08,255,255,1.0,0.0,0.0,0.0,0.0,0.0,0.0,0.0,0,54046.0
0,0,14,9,1032,0,0,0,0,0,0,0,0,0,0,0,0,0,0,0,0,0,510,510,0.0,0.0,0.0,0.0,1.0,0.0,0.0,255,6,0.02,0.18,0.02,0.0,0.0,0.0,0.0,0.0,1,1433.0
0,1,36,5,0,0,0,0,0,0,0,0,0,0,0,0,0,0,0,0,0,0,186,13,1.0,1.0,0.0,0.0,0.07,0.06,0.0,255,13,0.05,0.07,0.0,0.0,1.0,1.0,0.0,0.0,1,40624.0
0,1,33,5,0,0,0,0,0,0,0,0,0,0,0,0,0,0,0,0,0,0,269,6,1.0,1.0,0.0,0.0,0.02,0.06,0.0,255,6,0.02,0.08,0.0,0.0,1.0,1.0,0.0,0.0,1,34529.0
0,1,22,9,200,1545,0,0,0,0,0,1,0,0,0,0,0,0,0,0,0,0,5,5,0.0,0.0,0.0,0.0,1.0,0.0,0.0,15,255,1.0,0.0,0.07,0.04,0.0,0.0,0.0,0.0,0,94180.0
1,1,49,9,2223,333,0,0,0,0,0,1,0,0,0,0,0,0,0,0,0,0,1,3,0.0,0.0,0.0,0.0,1.0,0.0,1.0,79,162,0.49,0.05,0.01,0.01,0.0,0.0,0.0,0.0,0,61265.0
0,1,5,5,0,0,0,0,0,0,0,0,0,0,0,0,0,0,0,0,0,0,125,1,1.0,1.0,0.0,0.0,0.01,0.06,0.0,255,1,0.0,0.07,0.0,0.0,1.0,1.0,0.0,0.0,1,7718.0
0,1,22,9,289,330,0,0,0,0,0,1,0,0,0,0,0,0,0,0,0,0,32,32,0.03,0.03,0.03,0.03,1.0,0.0,0.0,255,255,1.0,0.0,0.0,0.0,0.0,0.0,0.0,0.0,0,51908.0
0,1,22,9,217,3526,0,0,0,0,0,1,0,0,0,0,0,0,0,0,0,0,1,1,0.0,0.0,0.0,0.0,1.0,0.0,0.0,32,255,1.0,0.0,0.03,0.05,0.0,0.0,0.0,0.0,0,42010.0
0,2,44,9,215,0,0,0,0,0,0,0,0,0,0,0,0,0,0,0,0,0,1,1,0.0,0.0,0.0,0.0,1.0,0.0,0.0,123,107,0.87,0.02,0.87,0.0,0.0,0.0,0.0,0.0,1,88073.0
0,1,19,9,3124,0,0,0,0,0,0,1,0,0,0,0,0,0,0,0,0,0,1,1,0.0,0.0,0.0,0.0,1.0,0.0,0.0,226,45,0.19,0.02,0.19,0.04,0.0,0.0,0.0,0.0,0,93061.0
0,1,22,9,336,354,0,0,0,0,0,1,0,0,0,0,0,0,0,0,0,0,1,1,0.0,0.0,0.0,0.0,1.0,0.0,0.0,163,255,1.0,0.0,0.01,0.04,0.0,0.0,0.0,0.0,0,22685.0
0,1,22,9,199,301,0,0,0,0,0,1,0,0,0,0,0,0,0,0,0,0,23,23,0.0,0.0,0.0,0.0,1.0,0.0,0.0,56,255,1.0,0.0,0.02,0.03,0.0,0.0,0.0,0.0,0,18276.0
0,1,22,9,288,2001,0,0,0,0,0,1,0,0,0,0,0,0,0,0,0,0,38,38,0.0,0.0,0.0,0.0,1.0,0.0,0.0,44,255,1.0,0.0,0.02,0.02,0.0,0.0,0.0,0.0,0,18179.0
0,2,11,9,43,109,0,0,0,0,0,0,0,0,0,0,0,0,0,0,0,0,72,152,0.0,0.0,0.0,0.0,1.0,0.0,0.01,255,253,0.99,0.01,0.0,0.0,0.0,0.0,0.0,0.0,0,61669.0
0,1,49,9,1284,387,0,0,0,0,0,1,0,0,0,0,0,0,0,0,0,0,1,2,0.0,0.0,0.0,0.0,1.0,0.0,1.0,66,54,0.61,0.09,0.02,0.04,0.02,0.0,0.08,0.0,0,19942.0
0,2,11,9,44,134,0,0,0,0,0,0,0,0,0,0,0,0,0,0,0,0,68,148,0.0,0.0,0.0,0.0,1.0,0.0,0.01,255,216,0.85,0.01,0.0,0.0,0.0,0.0,0.0,0.0,0,75468.0
0,0,13,9,18,0,0,0,0,0,0,0,0,0,0,0,0,0,0,0,0,0,1,1,0.0,0.0,0.0,0.0,1.0,0.0,0.0,3,159,1.0,0.0,1.0,0.25,0.0,0.0,0.0,0.0,1,97580.0
0,1,22,9,237,5440,0,0,0,0,0,1,0,0,0,0,0,0,0,0,0,0,3,3,0.0,0.0,0.0,0.0,1.0,0.0,0.0,3,255,1.0,0.0,0.33,0.02,0.0,0.0,0.0,0.0,0,92804.0
0,1,44,5,0,0,0,0,0,0,0,0,0,0,0,0,0,0,0,0,0,0,244,9,1.0,1.0,0.0,0.0,0.04,0.06,0.0,255,10,0.04,0.08,0.0,0.0,1.0,1.0,0.0,0.0,1,120881.0
0,1,61,1,0,0,0,0,0,0,0,0,0,0,0,0,0,0,0,0,0,0,233,2,0.0,0.0,1.0,1.0,0.01,0.07,0.0,255,2,0.01,0.07,0.0,0.0,0.0,0.0,1.0,1.0,1,35821.0
0,1,40,1,0,0,0,0,0,0,0,0,0,0,0,0,0,0,0,0,0,0,308,1,0.1,0.0,0.89,1.0,0.0,1.0,0.0,255,1,0.0,1.0,0.0,0.0,0.09,0.0,0.9,1.0,1,116402.0
0,0,14,9,520,0,0,0,0,0,0,0,0,0,0,0,0,0,0,0,0,0,227,227,0.0,0.0,0.0,0.0,1.0,0.0,0.0,255,255,1.0,0.0,1.0,0.0,0.0,0.0,0.0,0.0,1,95227.0
0,1,27,5,0,0,0,0,0,0,0,0,0,0,0,0,0,0,0,0,0,0,130,23,1.0,1.0,0.0,0.0,0.18,0.05,0.0,255,23,0.09,0.05,0.0,0.0,1.0,1.0,0.0,0.0,1,8640.0
0,1,44,5,0,0,0,0,0,0,0,0,0,0,0,0,0,0,0,0,0,0,230,11,1.0,1.0,0.0,0.0,0.05,0.06,0.0,255,11,0.04,0.08,0.0,0.0,1.0,1.0,0.0,0.0,1,121703.0
0,2,11,9,43,69,0,0,0,0,0,0,0,0,0,0,0,0,0,0,0,0,133,133,0.0,0.0,0.0,0.0,1.0,0.0,0.0,255,182,0.71,0.01,0.0,0.0,0.0,0.0,0.0,0.0,0,16396.0
0,1,22,9,244,2295,0,0,0,0,0,1,0,0,0,0,0,0,0,0,0,0,5,8,0.0,0.0,0.0,0.0,1.0,0.0,0.25,148,148,1.0,0.0,0.01,0.0,0.0,0.0,0.0,0.0,0,5500.0
0,1,22,9,229,1032,0,0,0,0,0,1,0,0,0,0,0,0,0,0,0,0,11,11,0.0,0.0,0.0,0.0,1.0,0.0,0.0,32,255,1.0,0.0,0.03,0.07,0.0,0.0,0.0,0.0,0,67826.0
0,1,22,9,247,1656,0,0,0,0,0,1,0,0,0,0,0,0,0,0,0,0,11,13,0.0,0.0,0.0,0.0,1.0,0.0,0.15,255,255,1.0,0.0,0.01,0.0,0.0,0.0,0.0,0.0,0,13734.0
0,2,11,9,43,73,0,0,0,0,0,0,0,0,0,0,0,0,0,0,0,0,145,147,0.0,0.0,0.0,0.0,1.0,0.0,0.02,255,230,0.9,0.01,0.01,0.0,0.0,0.0,0.0,0.0,0,93519.0
0,1,22,9,324,571,0,0,0,0,0,1,0,0,0,0,0,0,0,0,0,0,2,24,0.0,0.0,0.0,0.0,1.0,0.0,0.12,2,255,1.0,0.0,0.5,0.04,0.0,0.0,0.0,0.0,0,66576.0
4,1,49,9,1403,412,0,0,0,0,0,1,0,0,0,0,0,0,0,0,0,0,1,1,0.0,0.0,0.0,0.0,1.0,0.0,0.0,105,213,0.84,0.04,0.01,0.01,0.0,0.0,0.0,0.0,0,67192.0
0,1,22,9,208,27158,0,0,0,0,0,1,0,0,0,0,0,0,0,0,0,0,1,1,0.0,0.0,0.0,0.0,1.0,0.0,0.0,65,255,1.0,0.0,0.02,0.02,0.0,0.0,0.0,0.0,0,43809.0
0,1,44,5,0,0,0,0,0,0,0,0,0,0,0,0,0,0,0,0,0,0,87,17,1.0,1.0,0.0,0.0,0.2,0.06,0.0,255,18,0.07,0.07,0.0,0.0,1.0,1.0,0.0,0.0,1,15950.0
0,1,57,5,0,0,0,0,0,0,0,0,0,0,0,0,0,0,0,0,0,0,267,15,1.0,1.0,0.0,0.0,0.06,0.05,0.0,255,15,0.06,0.05,0.0,0.0,1.0,1.0,0.0,0.0,1,64437.0
0,2,11,9,44,44,0,0,0,0,0,0,0,0,0,0,0,0,0,0,0,0,90,151,0.0,0.0,0.0,0.0,1.0,0.0,0.03,255,255,1.0,0.0,0.01,0.0,0.0,0.0,0.0,0.0,0,86048.0
0,1,22,9,248,560,0,0,0,0,0,1,0,0,0,0,0,0,0,0,0,0,1,1,0.0,0.0,0.0,0.0,1.0,0.0,0.0,33,255,1.0,0.0,0.03,0.03,0.0,0.0,0.0,0.0,0,74081.0
0,1,22,9,221,342,0,0,0,0,0,1,0,0,0,0,0,0,0,0,0,0,22,24,0.0,0.0,0.0,0.0,1.0,0.0,0.08,182,255,1.0,0.0,0.01,0.03,0.0,0.0,0.0,0.0,0,3642.0
0,1,5,5,0,0,0,0,0,0,0,0,0,0,0,0,0,0,0,0,0,0,102,2,1.0,1.0,0.0,0.0,0.02,0.07,0.0,255,2,0.01,0.07,0.0,0.0,1.0,1.0,0.0,0.0,1,48292.0
0,1,22,9,294,3808,0,0,0,0,0,1,0,0,0,0,0,0,0,0,0,0,2,2,0.0,0.0,0.0,0.0,1.0,0.0,0.0,6,255,1.0,0.0,0.17,0.05,0.0,0.0,0.0,0.0,0,1096.0
0,1,22,9,219,15255,0,0,0,0,0,1,0,0,0,0,0,0,0,0,0,0,3,3,0.0,0.0,0.0,0.0,1.0,0.0,0.0,167,255,1.0,0.0,0.01,0.02,0.0,0.0,0.01,0.0,0,77761.0
0,1,44,5,0,0,0,0,0,0,0,0,0,0,0,0,0,0,0,0,0,0,179,3,1.0,1.0,0.0,0.0,0.02,0.06,0.0,255,18,0.07,0.07,0.0,0.0,1.0,1.0,0.0,0.0,1,5100.0
0,1,44,5,0,0,0,0,0,0,0,0,0,0,0,0,0,0,0,0,0,0,105,4,1.0,1.0,0.0,0.0,0.04,0.08,0.0,255,4,0.02,0.06,0.0,0.0,1.0,1.0,0.0,0.0,1,56324.0
6,1,18,2,0,133,0,0,0,0,0,0,0,0,0,0,0,0,0,0,0,0,1,1,0.0,0.0,1.0,1.0,1.0,0.0,0.0,2,2,0.5,1.0,0.5,1.0,0.0,0.0,1.0,1.0,1,13401.0
0,1,16,2,0,0,0,0,0,0,0,0,0,0,0,0,0,0,0,0,0,0,136,8,0.0,0.0,1.0,1.0,0.06,0.06,0.0,255,4,0.02,0.06,0.0,0.0,0.0,0.0,1.0,1.0,1,48916.0
0,1,23,5,0,0,0,0,0,0,0,0,0,0,0,0,0,0,0,0,0,0,262,16,1.0,1.0,0.0,0.0,0.06,0.05,0.0,255,16,0.06,0.07,0.0,0.0,1.0,1.0,0.0,0.0,1,25549.0
0,1,29,1,0,0,0,0,0,0,0,0,0,0,0,0,0,0,0,0,0,0,231,1,0.0,0.0,1.0,1.0,0.0,0.07,0.0,255,1,0.0,0.09,0.0,0.0,0.0,0.0,1.0,1.0,1,35774.0
0,1,15,5,0,0,0,0,0,0,0,0,0,0,0,0,0,0,0,0,0,0,126,18,1.0,1.0,0.0,0.0,0.14,0.06,0.0,255,18,0.07,0.07,0.0,0.0,1.0,1.0,0.0,0.0,1,117963.0
0,1,22,9,207,3227,0,0,0,0,0,1,0,0,0,0,0,0,0,0,0,0,6,7,0.0,0.0,0.0,0.0,1.0,0.0,0.29,29,255,1.0,0.0,0.03,0.02,0.0,0.0,0.0,0.0,0,29536.0
0,1,44,5,0,0,0,0,0,0,0,0,0,0,0,0,0,0,0,0,0,0,18,10,1.0,1.0,0.0,0.0,0.56,0.17,0.0,255,10,0.04,0.09,0.0,0.0,1.0,1.0,0.0,0.0,1,109086.0
0,0,13,9,8,0,0,0,0,0,0,0,0,0,0,0,0,0,0,0,0,0,1,22,0.0,0.0,0.0,0.0,1.0,0.0,1.0,1,86,1.0,0.0,1.0,0.51,0.0,0.0,0.0,0.0,1,112926.0
0,1,22,9,226,406,0,0,0,0,0,1,0,0,0,0,0,0,0,0,0,0,5,7,0.0,0.0,0.0,0.0,1.0,0.0,0.29,255,255,1.0,0.0,0.0,0.0,0.0,0.0,0.0,0.0,0,115833.0
0,1,22,9,209,16912,0,0,0,0,0,1,0,0,0,0,0,0,0,0,0,0,14,14,0.0,0.0,0.0,0.0,1.0,0.0,0.0,35,255,1.0,0.0,0.03,0.01,0.0,0.0,0.0,0.0,0,116238.0
0,1,44,5,0,0,0,0,0,0,0,0,0,0,0,0,0,0,0,0,0,0,138,6,1.0,1.0,0.0,0.0,0.04,0.06,0.0,255,13,0.05,0.06,0.0,0.0,1.0,1.0,0.0,0.0,1,77968.0
0,1,44,5,0,0,0,0,0,0,0,0,0,0,0,0,0,0,0,0,0,0,294,14,1.0,1.0,0.0,0.0,0.05,0.06,0.0,255,20,0.08,0.08,0.0,0.0,1.0,1.0,0.0,0.0,1,122187.0
0,1,44,5,0,0,0,0,0,0,0,0,0,0,0,0,0,0,0,0,0,0,34,11,1.0,1.0,0.0,0.0,0.32,0.12,0.0,255,11,0.04,0.08,0.0,0.0,1.0,1.0,0.0,0.0,1,101546.0
0,1,22,9,316,362,0,0,0,0,0,1,0,0,0,0,0,0,0,0,0,0,27,28,0.0,0.0,0.0,0.0,1.0,0.0,0.07,255,255,1.0,0.0,0.0,0.0,0.0,0.0,0.0,0.0,0,32583.0
0,1,44,5,0,0,0,0,0,0,0,0,0,0,0,0,0,0,0,0,0,0,134,18,1.0,1.0,0.0,0.0,0.13,0.06,0.0,255,7,0.03,0.06,0.0,0.0,1.0,1.0,0.0,0.0,1,22314.0
0,0,14,9,1032,0,0,0,0,0,0,0,0,0,0,0,0,0,0,0,0,0,491,491,0.0,0.0,0.0,0.0,1.0,0.0,0.0,255,255,1.0,0.0,1.0,0.0,0.0,0.0,0.0,0.0,1,115428.0
0,1,23,1,0,0,0,0,0,0,0,0,0,0,0,0,0,0,0,0,0,0,123,17,0.0,0.0,1.0,1.0,0.14,0.07,0.0,255,17,0.07,0.07,0.0,0.0,0.0,0.0,1.0,1.0,1,63272.0
0,1,22,9,258,453,0,0,0,0,0,1,0,0,0,0,0,0,0,0,0,0,22,22,0.0,0.0,0.0,0.0,1.0,0.0,0.0,255,255,1.0,0.0,0.0,0.0,0.0,0.0,0.0,0.0,0,34708.0
0,1,44,1,0,0,0,0,0,0,0,0,0,0,0,0,0,0,0,0,0,0,100,1,0.07,0.0,0.93,1.0,0.01,1.0,0.0,255,1,0.0,0.66,0.0,0.0,0.03,0.0,0.38,1.0,1,83905.0
0,1,19,9,7321,0,0,0,0,0,0,1,0,0,0,0,0,0,0,0,0,0,1,1,0.0,0.0,0.0,0.0,1.0,0.0,0.0,120,64,0.06,0.03,0.06,0.03,0.0,0.0,0.0,0.0,0,13303.0
0,1,44,5,0,0,0,0,0,0,0,0,0,0,0,0,0,0,0,0,0,0,143,20,1.0,1.0,0.0,0.0,0.14,0.06,0.0,255,39,0.15,0.06,0.0,0.0,1.0,1.0,0.0,0.0,1,71053.0
0,1,44,1,0,0,0,0,0,0,0,0,0,0,0,0,0,0,0,0,0,0,2,1,0.0,0.0,1.0,1.0,0.5,1.0,0.0,255,1,0.0,0.46,0.44,0.0,0.0,0.0,0.44,1.0,1,61619.0
0,0,58,9,78,0,0,0,0,0,0,0,0,0,0,0,0,0,0,0,0,0,11,3,0.0,0.0,0.0,0.0,0.27,0.18,0.0,255,18,0.07,0.01,0.07,0.0,0.0,0.0,0.0,0.0,0,28010.0
0,1,53,5,0,0,0,0,0,0,0,0,0,0,0,0,0,0,0,0,0,0,135,19,1.0,1.0,0.0,0.0,0.14,0.07,0.0,255,19,0.07,0.07,0.0,0.0,1.0,1.0,0.0,0.0,1,125594.0
289,1,55,9,162,4795,0,0,0,0,0,1,3,0,0,0,0,0,0,0,0,0,1,1,0.0,0.0,0.0,0.0,1.0,0.0,0.0,119,21,0.18,0.03,0.01,0.0,0.02,0.05,0.03,0.19,0,49416.0
0,1,44,5,0,0,0,0,0,0,0,0,0,0,0,0,0,0,0,0,0,0,105,1,1.0,1.0,0.0,0.0,0.01,0.06,0.0,255,1,0.0,0.05,0.0,0.0,1.0,1.0,0.0,0.0,1,106302.0
0,1,22,9,243,2698,0,0,0,0,0,1,0,0,0,0,0,0,1,0,0,0,6,8,0.0,0.0,0.0,0.0,1.0,0.0,0.25,128,126,0.98,0.02,0.01,0.0,0.0,0.0,0.12,0.12,0,100711.0
25521,1,44,4,1,0,0,0,0,0,0,0,0,0,0,0,0,0,0,0,0,0,2,2,0.0,0.0,1.0,1.0,1.0,0.0,0.0,255,2,0.01,0.63,1.0,0.0,0.0,0.0,1.0,1.0,1,55760.0
0,1,37,5,0,0,0,0,0,0,0,0,0,0,0,0,0,0,0,0,0,0,129,17,1.0,1.0,0.0,0.0,0.13,0.05,0.0,255,4,0.02,0.07,0.0,0.0,1.0,1.0,0.0,0.0,1,29254.0
0,1,55,5,0,0,0,0,0,0,0,0,0,0,0,0,0,0,0,0,0,0,50,12,0.96,1.0,0.04,0.0,0.24,0.12,0.0,255,53,0.21,0.04,0.01,0.0,1.0,1.0,0.0,0.0,1,2249.0
0,1,7,5,0,0,0,0,0,0,0,0,0,0,0,0,0,0,0,0,0,0,265,8,1.0,1.0,0.0,0.0,0.03,0.06,0.0,255,8,0.03,0.07,0.0,0.0,1.0,1.0,0.0,0.0,1,12564.0
0,1,22,9,215,1856,0,0,0,0,0,1,0,0,0,0,0,0,0,0,0,0,13,13,0.0,0.0,0.0,0.0,1.0,0.0,0.0,238,255,1.0,0.0,0.0,0.01,0.0,0.0,0.0,0.0,0,77908.0
0,1,19,9,245,0,0,0,0,0,0,0,0,0,0,0,0,0,0,0,0,0,2,2,0.0,0.0,0.0,0.0,1.0,0.0,0.0,255,104,0.41,0.02,0.41,0.0,0.0,0.0,0.0,0.0,0,2977.0
0,1,19,9,334,0,0,0,0,0,0,1,0,0,0,0,0,0,0,0,0,0,2,2,0.0,0.0,0.0,0.0,1.0,0.0,0.0,8,38,0.75,0.25,0.75,0.16,0.0,0.0,0.0,0.0,1,93176.0
0,2,11,9,46,46,0,0,0,0,0,0,0,0,0,0,0,0,0,0,0,0,5,8,0.0,0.0,0.0,0.0,1.0,0.0,0.38,255,254,1.0,0.01,0.0,0.0,0.0,0.0,0.0,0.0,0,74592.0
0,1,22,9,318,6546,0,0,0,0,0,1,0,0,0,0,0,0,0,0,0,0,8,8,0.0,0.0,0.0,0.0,1.0,0.0,0.0,61,255,1.0,0.0,0.02,0.02,0.0,0.0,0.0,0.0,0,125834.0
0,1,22,9,326,736,0,0,0,0,0,1,0,0,0,0,0,0,0,0,0,0,3,17,0.0,0.06,0.0,0.0,1.0,0.0,0.24,11,255,1.0,0.0,0.09,0.03,0.09,0.02,0.0,0.0,0,103270.0
0,1,22,9,242,434,0,0,0,0,0,1,0,0,0,0,0,0,0,0,0,0,1,17,0.0,0.0,0.0,0.0,1.0,0.0,0.12,11,255,1.0,0.0,0.09,0.05,0.0,0.01,0.0,0.0,0,86990.0
0,2,40,9,516,4,0,0,0,0,0,0,0,0,0,0,0,0,0,0,0,0,220,220,0.0,0.0,0.0,0.0,1.0,0.0,0.0,220,220,1.0,0.0,1.0,0.0,0.0,0.0,0.0,0.0,0,90263.0
0,1,22,9,216,410,0,0,0,0,0,1,0,0,0,0,0,0,0,0,0,0,18,20,0.0,0.0,0.0,0.0,1.0,0.0,0.15,26,255,1.0,0.0,0.04,0.05,0.0,0.0,0.0,0.0,0,43148.0
0,0,14,9,1032,0,0,0,0,0,0,0,0,0,0,0,0,0,0,0,0,0,264,264,0.0,0.0,0.0,0.0,1.0,0.0,0.0,255,255,1.0,0.0,1.0,0.0,0.0,0.0,0.0,0.0,1,63573.0
0,2,44,9,105,145,0,0,0,0,0,0,0,0,0,0,0,0,0,0,0,0,1,1,0.0,0.0,0.0,0.0,1.0,0.0,0.0,144,129,0.9,0.02,0.01,0.0,0.0,0.0,0.0,0.0,0,63082.0
132,1,18,9,225,756,0,0,0,0,0,1,0,0,0,0,0,0,0,0,0,1,1,1,0.0,0.0,0.0,0.0,1.0,0.0,0.0,163,44,0.27,0.04,0.01,0.0,0.0,0.0,0.0,0.0,0,22891.0
0,1,22,9,219,820,0,0,0,0,0,1,0,0,0,0,0,0,0,0,0,0,8,8,0.0,0.0,0.0,0.0,1.0,0.0,0.0,145,255,1.0,0.0,0.01,0.01,0.0,0.0,0.0,0.0,0,57810.0
0,1,44,1,0,0,0,0,0,0,0,0,0,0,0,0,0,0,0,0,0,0,58,9,0.0,0.0,1.0,1.0,0.16,0.07,0.0,255,9,0.04,0.06,0.0,0.0,0.0,0.0,1.0,1.0,1,21126.0
1,1,49,9,1179,337,0,0,0,0,0,1,0,0,0,0,0,0,0,0,0,0,1,2,0.0,0.0,0.0,0.0,1.0,0.0,1.0,107,203,0.76,0.04,0.01,0.01,0.0,0.0,0.0,0.0,0,94367.0
0,1,22,9,225,19736,0,0,0,0,0,1,0,0,0,0,0,0,0,0,0,0,6,33,0.0,0.0,0.0,0.0,1.0,0.0,0.12,6,255,1.0,0.0,0.17,0.05,0.0,0.01,0.0,0.0,0,80225.0
0,1,22,9,352,13451,0,0,0,0,0,1,0,0,0,0,0,0,0,0,0,0,8,9,0.0,0.0,0.0,0.0,1.0,0.0,0.22,30,255,1.0,0.0,0.03,0.04,0.0,0.01,0.0,0.0,0,89615.0
8,1,49,9,890,337,0,0,0,0,0,1,0,0,0,0,0,0,0,0,0,0,1,1,0.0,0.0,0.0,0.0,1.0,0.0,0.0,255,174,0.68,0.02,0.0,0.0,0.0,0.0,0.0,0.0,0,111888.0
1,1,49,9,1942,332,0,0,0,0,0,1,0,0,0,0,0,0,0,0,0,0,1,3,0.0,0.0,0.0,0.0,1.0,0.0,1.0,223,143,0.56,0.03,0.0,0.01,0.0,0.0,0.0,0.0,0,55005.0
0,1,22,9,315,2815,0,0,0,0,0,1,0,0,0,0,0,0,0,0,0,0,19,19,0.0,0.0,0.0,0.0,1.0,0.0,0.0,255,255,1.0,0.0,0.0,0.0,0.0,0.0,0.0,0.0,0,123254.0
0,1,44,5,0,0,0,0,0,0,0,0,0,0,0,0,0,0,0,0,0,0,112,10,1.0,1.0,0.0,0.0,0.09,0.07,0.0,255,10,0.04,0.09,0.0,0.0,1.0,1.0,0.0,0.0,1,53238.0
0,2,11,9,46,143,0,0,0,0,0,0,0,0,0,0,0,0,0,0,0,0,69,68,0.0,0.0,0.0,0.0,0.99,0.03,0.0,255,168,0.66,0.01,0.0,0.0,0.0,0.0,0.0,0.0,0,2793.0
0,1,22,9,230,1203,0,0,0,0,0,1,0,0,0,0,0,0,0,0,0,0,4,4,0.0,0.0,0.0,0.0,1.0,0.0,0.0,4,255,1.0,0.0,0.25,0.05,0.0,0.0,0.0,0.0,0,108671.0
0,2,11,9,46,138,0,0,0,0,0,0,0,0,0,0,0,0,0,0,0,0,98,145,0.0,0.0,0.0,0.0,1.0,0.0,0.01,255,253,0.99,0.01,0.0,0.0,0.0,0.0,0.0,0.0,0,42887.0
0,1,30,5,0,0,0,0,0,0,0,0,0,0,0,0,0,0,0,0,0,0,15,8,1.0,1.0,0.0,0.0,0.53,0.13,0.0,255,8,0.03,0.07,0.0,0.0,1.0,1.0,0.0,0.0,1,69910.0
0,1,49,9,906,332,0,0,0,0,0,1,0,0,0,0,0,0,0,0,0,0,2,2,0.0,0.0,0.0,0.0,0.5,1.0,1.0,245,161,0.66,0.02,0.0,0.0,0.01,0.01,0.0,0.0,0,41877.0
0,1,22,9,284,9847,0,0,0,0,0,1,0,0,0,0,0,0,0,0,0,0,2,2,0.0,0.0,0.0,0.0,1.0,0.0,0.0,184,255,1.0,0.0,0.01,0.02,0.0,0.0,0.0,0.0,0,117407.0
0,2,44,9,105,147,0,0,0,0,0,0,0,0,0,0,0,0,0,0,0,0,1,1,0.0,0.0,0.0,0.0,1.0,0.0,0.0,85,84,0.99,0.02,0.01,0.0,0.0,0.0,0.0,0.0,0,116310.0
0,1,35,5,0,0,0,0,0,0,0,0,0,0,0,0,0,0,0,0,0,0,219,10,1.0,1.0,0.0,0.0,0.05,0.06,0.0,255,10,0.04,0.08,0.0,0.0,1.0,1.0,0.0,0.0,1,92344.0
732,1,55,9,575,20378,0,0,0,0,0,1,0,0,0,0,0,0,0,0,0,0,1,1,0.0,0.0,0.0,0.0,1.0,0.0,0.0,255,19,0.07,0.06,0.0,0.0,0.56,0.05,0.01,0.11,0,45170.0
0,1,22,9,294,4295,0,0,0,0,0,1,0,0,0,0,0,0,0,0,0,0,11,11,0.0,0.0,0.0,0.0,1.0,0.0,0.0,49,255,1.0,0.0,0.02,0.05,0.0,0.0,0.0,0.0,0,32383.0
0,1,55,5,0,0,0,0,0,0,0,0,0,0,0,0,0,0,0,0,0,0,56,16,1.0,1.0,0.0,0.0,0.29,0.07,0.0,255,75,0.29,0.02,0.0,0.0,1.0,1.0,0.0,0.0,1,39028.0
0,2,11,9,45,68,0,0,0,0,0,0,0,0,0,0,0,0,0,0,0,0,196,198,0.0,0.0,0.0,0.0,0.99,0.01,0.01,255,255,1.0,0.0,0.0,0.0,0.0,0.0,0.0,0.0,0,34838.0
0,1,44,5,0,0,0,0,0,0,0,0,0,0,0,0,0,0,0,0,0,0,110,8,1.0,1.0,0.0,0.0,0.07,0.06,0.0,255,11,0.04,0.05,0.0,0.0,1.0,1.0,0.0,0.0,1,52115.0
0,2,11,9,45,76,0,0,0,0,0,0,0,0,0,0,0,0,0,0,0,0,189,189,0.0,0.0,0.0,0.0,1.0,0.0,0.0,255,255,1.0,0.0,0.01,0.0,0.0,0.0,0.0,0.0,0,44137.0
0,1,22,9,385,361,0,0,0,0,0,1,0,0,0,0,0,0,0,0,0,0,12,12,0.0,0.0,0.0,0.0,1.0,0.0,0.0,75,231,1.0,0.0,0.01,0.19,0.0,0.0,0.08,0.7,0,22564.0
0,1,44,5,0,0,0,0,0,0,0,0,0,0,0,0,0,0,0,0,0,0,137,15,1.0,1.0,0.0,0.0,0.11,0.06,0.0,255,7,0.03,0.07,0.0,0.0,1.0,1.0,0.0,0.0,1,111160.0
0,1,22,9,342,386,0,0,0,0,0,1,0,0,0,0,0,0,0,0,0,0,2,2,0.0,0.0,0.0,0.0,1.0,0.0,0.0,255,255,1.0,0.0,0.0,0.0,0.0,0.0,0.0,0.0,0,23464.0
0,2,11,9,32,0,0,0,0,0,0,0,0,0,0,0,0,0,0,0,0,0,2,4,0.0,0.0,0.0,0.0,0.5,1.0,0.75,144,47,0.17,0.03,0.17,0.04,0.0,0.0,0.0,0.0,0,71822.0
5051,1,40,9,5135678,0,0,0,0,2,0,1,0,0,0,0,0,0,0,0,0,0,1,1,0.0,0.0,0.0,0.0,1.0,0.0,0.0,7,1,0.14,0.29,1.0,0.0,0.0,0.0,0.0,0.0,1,78000.0
0,1,44,5,0,0,0,0,0,0,0,0,0,0,0,0,0,0,0,0,0,0,47,3,1.0,1.0,0.0,0.0,0.06,0.09,0.0,255,3,0.01,0.05,0.0,0.0,1.0,1.0,0.0,0.0,1,68475.0
0,1,3,1,0,0,0,0,0,0,0,0,0,0,0,0,0,0,0,0,0,0,225,20,0.0,0.0,1.0,1.0,0.09,0.07,0.0,255,20,0.08,0.09,0.0,0.0,0.0,0.0,1.0,1.0,1,66643.0
0,1,55,5,0,0,0,0,0,0,0,0,0,0,0,0,0,0,0,0,0,0,28,7,0.96,1.0,0.04,0.0,0.25,0.11,0.0,255,2,0.01,0.06,0.01,0.0,1.0,1.0,0.0,0.0,1,64837.0
0,1,22,9,239,248,0,0,0,0,0,1,0,0,0,0,0,0,0,0,0,0,4,4,0.0,0.0,0.0,0.0,1.0,0.0,0.0,32,32,1.0,0.0,0.03,0.0,0.0,0.0,0.0,0.0,0,31152.0
0,1,49,9,2844,327,0,0,0,0,0,1,0,0,0,0,0,0,0,0,0,0,1,1,0.0,0.0,0.0,0.0,1.0,0.0,0.0,7,7,1.0,0.0,0.14,0.0,0.0,0.0,0.0,0.0,0,75386.0
0,1,49,9,1264,333,0,0,0,0,0,1,0,0,0,0,0,0,0,0,0,0,1,1,0.0,0.0,0.0,0.0,1.0,0.0,0.0,154,153,0.56,0.03,0.01,0.01,0.0,0.0,0.0,0.0,0,97642.0
0,1,22,9,216,4894,0,0,0,0,0,1,0,0,0,0,0,0,0,0,0,0,1,1,0.0,0.0,0.0,0.0,1.0,0.0,0.0,255,255,1.0,0.0,0.0,0.0,0.0,0.0,0.0,0.0,0,114132.0
3,1,49,9,632,328,0,0,0,0,0,1,0,0,0,0,0,0,0,0,0,0,1,1,0.0,0.0,0.0,0.0,1.0,0.0,0.0,74,241,0.97,0.03,0.01,0.01,0.0,0.0,0.0,0.0,0,46997.0
0,1,19,9,334,0,0,0,0,0,0,1,0,0,0,0,0,0,0,0,0,0,1,1,0.0,0.0,0.0,0.0,1.0,0.0,0.0,6,18,1.0,0.0,1.0,0.22,0.0,0.0,0.0,0.0,1,13996.0
0,1,44,4,0,0,0,0,0,0,0,0,0,0,0,0,0,0,0,0,0,0,1,1,0.0,0.0,1.0,1.0,1.0,0.0,0.0,154,1,0.01,0.37,0.36,0.0,0.0,0.0,0.36,1.0,1,91537.0
0,1,44,5,0,0,0,0,0,0,0,0,0,0,0,0,0,0,0,0,0,0,145,13,1.0,1.0,0.0,0.0,0.09,0.06,0.0,255,23,0.09,0.06,0.0,0.0,1.0,1.0,0.0,0.0,1,53193.0
0,0,13,9,8,0,0,0,0,0,0,0,0,0,0,0,0,0,0,0,0,0,1,37,0.0,0.0,0.0,0.0,1.0,0.0,1.0,1,86,1.0,0.0,1.0,0.51,0.0,0.0,0.0,0.0,1,102677.0
2,1,49,9,630,325,0,0,0,0,0,1,0,0,0,0,0,0,0,0,0,0,1,1,0.0,0.0,0.0,0.0,1.0,0.0,0.0,11,5,0.45,0.18,0.09,0.0,0.0,0.0,0.0,0.0,0,102750.0
0,2,11,9,45,133,0,0,0,0,0,0,0,0,0,0,0,0,0,0,0,0,191,190,0.0,0.0,0.0,0.0,0.99,0.01,0.0,80,47,0.59,0.03,0.01,0.0,0.0,0.0,0.0,0.0,0,112698.0
9015,1,40,4,1,0,0,0,0,0,0,0,0,0,0,0,0,0,0,0,0,0,2,2,0.0,0.0,1.0,1.0,1.0,0.0,0.0,255,2,0.01,0.74,1.0,0.0,0.0,0.0,1.0,1.0,1,165.0
0,1,44,5,0,0,0,0,0,0,0,0,0,0,0,0,0,0,0,0,0,0,196,18,1.0,1.0,0.0,0.0,0.09,0.06,0.0,255,5,0.02,0.07,0.0,0.0,1.0,1.0,0.0,0.0,1,73276.0
0,1,3,9,10,35,0,0,0,0,0,1,1,0,0,1,0,0,0,0,0,0,2,1,0.0,0.0,0.0,0.0,0.5,1.0,0.0,7,2,0.29,0.57,0.14,0.0,0.0,0.0,0.0,0.0,1,72038.0
0,0,14,9,1032,0,0,0,0,0,0,0,0,0,0,0,0,0,0,0,0,0,67,67,0.0,0.0,0.0,0.0,1.0,0.0,0.0,179,85,0.47,0.04,0.47,0.0,0.01,0.0,0.35,0.0,1,42314.0
678,1,55,4,623,2492,0,0,0,1,0,1,0,0,0,0,0,0,0,0,0,0,1,1,0.0,0.0,1.0,1.0,1.0,0.0,0.0,255,3,0.01,0.07,0.0,0.0,0.93,0.33,0.0,0.33,0,54303.0
0,1,22,9,223,1719,0,0,0,0,0,1,0,0,0,0,0,0,0,0,0,0,13,27,0.0,0.0,0.0,0.0,1.0,0.0,0.11,251,255,1.0,0.0,0.0,0.01,0.0,0.0,0.0,0.0,0,51180.0
0,1,25,5,0,0,0,0,0,0,0,0,0,0,0,0,0,0,0,0,0,0,238,11,1.0,1.0,0.0,0.0,0.05,0.06,0.0,255,11,0.04,0.07,0.0,0.0,1.0,1.0,0.0,0.0,1,73885.0
40,1,55,9,118,6401,0,0,0,0,0,1,0,0,0,0,0,0,0,0,0,0,1,1,0.0,0.0,0.0,0.0,1.0,0.0,0.0,90,3,0.01,0.07,0.01,0.67,0.0,0.0,0.0,0.33,0,6094.0
0,1,44,5,0,0,0,0,0,0,0,0,0,0,0,0,0,0,0,0,0,0,163,15,1.0,1.0,0.0,0.0,0.09,0.07,0.0,255,15,0.06,0.08,0.0,0.0,1.0,1.0,0.0,0.0,1,94681.0
0,1,22,9,278,52225,0,0,0,0,0,1,0,0,0,0,0,0,0,0,0,0,16,16,0.0,0.0,0.0,0.0,1.0,0.0,0.0,16,255,1.0,0.0,0.06,0.03,0.0,0.0,0.0,0.0,0,26417.0
0,1,53,1,0,0,0,0,0,0,0,0,0,0,0,0,0,0,0,0,0,0,245,19,0.0,0.0,1.0,1.0,0.08,0.07,0.0,255,19,0.07,0.08,0.0,0.0,0.0,0.0,1.0,1.0,1,103363.0
0,1,57,5,0,0,0,0,0,0,0,0,0,0,0,0,0,0,0,0,0,0,261,8,1.0,1.0,0.0,0.0,0.03,0.05,0.0,255,8,0.03,0.05,0.0,0.0,1.0,1.0,0.0,0.0,1,36746.0
0,1,22,9,218,2672,0,0,0,0,0,1,0,0,0,0,0,0,0,0,0,0,25,26,0.0,0.0,0.0,0.0,1.0,0.0,0.08,255,255,1.0,0.0,0.0,0.0,0.0,0.0,0.0,0.0,0,34246.0
0,1,22,9,54540,8314,0,0,0,2,0,1,1,0,0,0,0,0,0,0,0,0,3,3,0.0,0.0,0.0,0.0,1.0,0.0,0.0,81,81,1.0,0.0,0.01,0.0,0.01,0.01,0.01,0.01,1,113304.0
0,0,13,9,8,0,0,0,0,0,0,0,0,0,0,0,0,0,0,0,0,0,1,10,0.0,0.0,0.0,0.0,1.0,0.0,1.0,2,220,1.0,0.0,1.0,0.5,0.0,0.0,0.0,0.0,1,101440.0
0,1,21,5,0,0,0,0,0,0,0,0,0,0,0,0,0,0,0,0,0,0,284,19,1.0,1.0,0.0,0.0,0.07,0.06,0.0,255,19,0.07,0.07,0.0,0.0,1.0,1.0,0.0,0.0,1,1045.0
0,1,22,9,210,2904,0,0,0,0,0,1,0,0,0,0,0,0,0,0,0,0,5,5,0.0,0.0,0.0,0.0,1.0,0.0,0.0,71,255,1.0,0.0,0.01,0.05,0.0,0.0,0.0,0.0,0,70556.0
0,1,22,9,234,886,0,0,0,0,0,1,0,0,0,0,0,0,0,0,0,0,5,5,0.0,0.0,0.0,0.0,1.0,0.0,0.0,5,255,1.0,0.0,0.2,0.04,0.0,0.0,0.0,0.0,0,36887.0
825,1,55,9,65,911,0,0,0,0,0,1,0,0,0,0,0,0,0,0,0,0,1,1,0.0,0.0,0.0,0.0,1.0,0.0,0.0,12,1,0.08,0.17,0.08,0.0,0.0,0.0,0.0,0.0,0,89796.0
0,2,44,9,28,0,0,3,0,0,0,0,0,0,0,0,0,0,0,0,0,0,184,84,0.54,0.0,0.0,0.0,0.46,0.04,0.0,255,84,0.33,0.67,0.33,0.0,0.09,0.0,0.58,0.0,1,77370.0
5,1,49,9,652,329,0,0,0,0,0,1,0,0,0,0,0,0,0,0,0,0,1,2,0.0,0.0,0.0,0.0,1.0,0.0,1.0,138,201,0.78,0.02,0.01,0.01,0.0,0.0,0.0,0.0,0,72662.0
31,1,18,9,283,907,0,0,0,5,0,1,0,0,0,0,0,0,0,0,0,1,1,1,0.0,0.0,0.0,0.0,1.0,0.0,0.0,239,59,0.25,0.02,0.0,0.0,0.0,0.0,0.0,0.0,0,23073.0
1985,2,40,9,147,105,0,0,0,0,0,0,0,0,0,0,0,0,0,0,0,0,2,2,0.0,0.0,0.0,0.0,1.0,0.0,0.0,255,2,0.01,0.86,1.0,0.0,0.0,0.0,0.0,0.0,0,40983.0
0,1,22,9,213,1043,0,0,0,0,0,1,0,0,0,0,0,0,0,0,0,0,17,17,0.0,0.0,0.0,0.0,1.0,0.0,0.0,255,255,1.0,0.0,0.0,0.0,0.0,0.0,0.0,0.0,0,96787.0
0,2,44,9,105,0,0,0,0,0,0,0,0,0,0,0,0,0,0,0,0,0,2,2,0.0,0.0,0.0,0.0,1.0,0.0,0.0,255,170,0.67,0.01,0.01,0.0,0.0,0.0,0.0,0.0,0,117516.0
0,1,22,9,218,1719,0,0,0,0,0,1,0,0,0,0,0,0,0,0,0,0,20,20,0.0,0.0,0.0,0.0,1.0,0.0,0.0,255,255,1.0,0.0,0.0,0.0,0.0,0.0,0.0,0.0,0,33279.0
0,1,33,5,0,0,0,0,0,0,0,0,0,0,0,0,0,0,0,0,0,0,264,2,1.0,1.0,0.0,0.0,0.01,0.06,0.0,255,19,0.07,0.07,0.0,0.0,1.0,1.0,0.0,0.0,1,35450.0
0,1,22,9,281,1395,0,0,0,0,0,1,0,0,0,0,0,0,0,0,0,0,21,23,0.0,0.0,0.0,0.0,1.0,0.0,0.13,150,219,1.0,0.0,0.01,0.03,0.0,0.0,0.0,0.0,0,115805.0
0,1,22,9,216,121,0,0,0,0,0,1,0,0,0,0,0,0,0,0,0,0,1,1,0.0,0.0,0.0,0.0,1.0,0.0,0.0,164,255,1.0,0.0,0.01,0.03,0.0,0.0,0.0,0.0,0,48178.0
0,1,22,9,221,571,0,0,0,0,0,1,0,0,0,0,0,0,0,0,0,0,3,5,0.0,0.0,0.0,0.0,1.0,0.0,0.4,40,255,1.0,0.0,0.03,0.02,0.0,0.0,0.0,0.0,0,80465.0
0,1,22,9,491,9127,0,0,0,0,0,1,0,0,0,0,0,0,0,0,0,0,17,17,0.0,0.0,0.0,0.0,1.0,0.0,0.0,255,255,1.0,0.0,0.0,0.0,0.0,0.0,0.0,0.0,0,99242.0
0,1,22,9,323,1680,0,0,0,0,0,1,0,0,0,0,0,0,0,0,0,0,4,4,0.0,0.0,0.0,0.0,1.0,0.0,0.0,194,255,1.0,0.0,0.01,0.02,0.01,0.0,0.0,0.0,0,8803.0
0,1,61,5,0,0,0,0,0,0,0,0,0,0,0,0,0,0,0,0,0,0,266,8,1.0,1.0,0.0,0.0,0.03,0.07,0.0,255,8,0.03,0.08,0.0,0.0,1.0,1.0,0.0,0.0,1,14583.0
0,1,44,5,0,0,0,0,0,0,0,0,0,0,0,0,0,0,0,0,0,0,275,10,1.0,1.0,0.0,0.0,0.04,0.06,0.0,255,11,0.04,0.06,0.0,0.0,1.0,1.0,0.0,0.0,1,31314.0
0,1,44,5,0,0,0,0,0,0,0,0,0,0,0,0,0,0,0,0,0,0,246,2,1.0,1.0,0.0,0.0,0.01,0.05,0.0,106,2,0.02,0.09,0.01,0.0,0.98,1.0,0.0,0.0,1,38699.0
0,1,55,6,89,2832,0,0,0,0,0,1,0,0,0,0,0,0,0,0,0,0,1,1,1.0,1.0,0.0,0.0,1.0,0.0,0.0,123,19,0.15,0.58,0.01,0.0,0.02,0.16,0.54,0.05,0,85150.0
0,1,62,5,0,0,0,0,0,0,0,0,0,0,0,0,0,0,0,0,0,0,294,19,1.0,1.0,0.0,0.0,0.06,0.06,0.0,255,19,0.07,0.07,0.0,0.0,1.0,1.0,0.0,0.0,1,107658.0
0,1,44,5,0,0,0,0,0,0,0,0,0,0,0,0,0,0,0,0,0,0,271,5,1.0,1.0,0.0,0.0,0.02,0.06,0.0,255,19,0.07,0.08,0.0,0.0,1.0,1.0,0.0,0.0,1,63964.0
0,1,54,1,0,0,0,0,0,0,0,0,0,0,0,0,0,0,0,0,0,0,297,20,0.0,0.0,1.0,1.0,0.07,0.06,0.0,255,20,0.08,0.07,0.0,0.0,0.0,0.0,1.0,1.0,1,92386.0
0,2,11,9,44,44,0,0,0,0,0,0,0,0,0,0,0,0,0,0,0,0,105,105,0.0,0.0,0.0,0.0,1.0,0.0,0.0,255,255,1.0,0.0,0.01,0.0,0.0,0.0,0.0,0.0,0,46796.0
0,1,61,5,0,0,0,0,0,0,0,0,0,0,0,0,0,0,0,0,0,0,104,13,1.0,1.0,0.0,0.0,0.12,0.06,0.0,255,12,0.05,0.07,0.0,0.0,1.0,1.0,0.0,0.0,1,54260.0
0,1,22,9,276,487,0,0,0,0,0,1,0,0,0,0,0,0,0,0,0,0,9,11,0.0,0.0,0.0,0.0,1.0,0.0,0.18,36,255,1.0,0.0,0.03,0.06,0.0,0.0,0.0,0.0,0,110665.0
39039,1,44,4,1,0,0,0,0,0,0,0,0,0,0,0,0,0,0,0,0,0,2,2,0.0,0.0,1.0,1.0,1.0,0.0,0.0,255,2,0.01,0.51,1.0,0.0,0.0,0.0,1.0,1.0,1,44317.0
0,2,11,9,45,97,0,0,0,0,0,0,0,0,0,0,0,0,0,0,0,0,256,257,0.0,0.0,0.0,0.0,1.0,0.0,0.01,255,213,0.84,0.01,0.0,0.0,0.0,0.0,0.0,0.0,0,36739.0
0,1,22,9,217,1092,0,0,0,0,0,1,0,0,0,0,0,0,0,0,0,0,4,4,0.0,0.0,0.0,0.0,1.0,0.0,0.0,74,255,1.0,0.0,0.01,0.03,0.0,0.0,0.0,0.0,0,42135.0
0,1,22,9,269,715,0,0,0,0,0,1,0,0,0,0,0,0,0,0,0,0,1,1,0.0,0.0,0.0,0.0,1.0,0.0,0.0,255,254,1.0,0.01,0.0,0.0,0.0,0.0,0.0,0.0,0,74022.0
0,1,22,1,0,0,0,0,0,0,0,0,0,0,0,0,0,0,0,0,0,0,1,3,0.0,0.0,1.0,1.0,1.0,0.0,0.67,19,255,1.0,0.0,0.05,0.03,0.0,0.02,0.26,0.04,0,56653.0
0,1,54,5,0,0,0,0,0,0,0,0,0,0,0,0,0,0,0,0,0,0,101,1,1.0,1.0,0.0,0.0,0.01,0.06,0.0,255,1,0.0,0.07,0.0,0.0,1.0,1.0,0.0,0.0,1,91346.0
0,1,22,9,277,525,0,0,0,0,0,1,0,0,0,0,0,0,0,0,0,0,1,1,0.0,0.0,0.0,0.0,1.0,0.0,0.0,120,255,1.0,0.0,0.01,0.04,0.0,0.01,0.0,0.02,0,56157.0
0,0,13,9,8,0,0,0,0,0,0,0,0,0,0,0,0,0,0,0,0,0,1,1,0.0,0.0,0.0,0.0,1.0,0.0,0.0,1,137,1.0,0.0,1.0,0.5,0.0,0.0,0.0,0.0,1,6609.0
0,1,22,9,294,1214,0,0,0,0,0,1,0,0,0,0,0,0,0,0,0,0,18,18,0.0,0.0,0.0,0.0,1.0,0.0,0.0,73,255,1.0,0.0,0.01,0.03,0.0,0.01,0.0,0.0,0,84608.0
0,1,22,9,309,828,0,0,0,0,0,1,0,0,0,0,0,0,0,0,0,0,11,12,0.0,0.0,0.0,0.0,1.0,0.0,0.17,75,255,1.0,0.0,0.01,0.03,0.0,0.0,0.0,0.0,0,72519.0
0,1,19,9,749,0,0,0,0,0,0,0,0,0,0,0,0,0,0,0,0,0,2,2,0.0,0.0,0.0,0.0,1.0,0.0,0.0,80,42,0.25,0.05,0.25,0.05,0.0,0.0,0.0,0.0,0,125100.0
0,1,22,9,352,8260,0,0,0,0,0,1,0,0,0,0,0,0,0,0,0,0,1,10,0.0,0.0,0.0,0.0,1.0,0.0,0.4,32,255,1.0,0.0,0.03,0.01,0.0,0.0,0.0,0.0,0,87232.0
0,1,44,5,0,0,0,0,0,0,0,0,0,0,0,0,0,0,0,0,0,0,168,18,1.0,1.0,0.0,0.0,0.11,0.05,0.0,255,5,0.02,0.07,0.0,0.0,1.0,1.0,0.0,0.0,1,96067.0
0,1,22,9,221,336,0,0,0,0,0,1,0,0,0,0,0,0,0,0,0,0,6,6,0.0,0.0,0.0,0.0,1.0,0.0,0.0,223,255,1.0,0.0,0.01,0.01,0.0,0.0,0.0,0.0,0,53923.0
0,1,2,1,0,0,0,0,0,0,0,0,0,0,0,0,0,0,0,0,0,0,220,2,0.0,0.0,1.0,1.0,0.01,0.07,0.0,255,2,0.01,0.07,0.0,0.0,0.0,0.0,1.0,1.0,1,2794.0
0,1,60,1,0,0,0,0,0,0,0,0,0,0,0,0,0,0,0,0,0,0,140,10,0.0,0.0,1.0,1.0,0.07,0.07,0.0,255,10,0.04,0.07,0.0,0.0,0.0,0.0,1.0,1.0,1,9009.0
0,1,44,5,0,0,0,0,0,0,0,0,0,0,0,0,0,0,0,0,0,0,131,9,1.0,1.0,0.0,0.0,0.07,0.06,0.0,255,16,0.06,0.06,0.0,0.0,1.0,1.0,0.0,0.0,1,58927.0
0,1,49,5,0,0,0,0,0,0,0,0,0,0,0,0,0,0,0,0,0,0,97,19,1.0,1.0,0.0,0.0,0.2,0.05,0.0,255,3,0.01,0.05,0.0,0.0,1.0,1.0,0.0,0.0,1,58730.0
0,1,22,9,190,296,0,0,0,0,0,1,0,0,0,0,0,0,0,0,0,0,14,18,0.0,0.0,0.0,0.0,1.0,0.0,0.11,255,255,1.0,0.0,0.0,0.0,0.0,0.0,0.0,0.0,0,125198.0
0,2,44,9,28,0,0,3,0,0,0,0,0,0,0,0,0,0,0,0,0,0,23,23,0.0,0.0,0.0,0.0,1.0,0.0,0.0,236,23,0.1,0.69,0.1,0.0,0.03,0.0,0.56,0.0,1,82782.0
0,1,22,9,231,676,0,0,0,0,0,1,0,0,0,0,0,0,0,0,0,0,35,43,0.0,0.0,0.0,0.0,1.0,0.0,0.05,71,255,1.0,0.0,0.01,0.03,0.0,0.0,0.0,0.0,0,13875.0
0,0,14,9,1032,0,0,0,0,0,0,0,0,0,0,0,0,0,0,0,0,0,42,42,0.0,0.0,0.0,0.0,1.0,0.0,0.0,255,255,1.0,0.0,1.0,0.0,0.0,0.0,0.0,0.0,1,68628.0
0,1,19,5,0,0,0,0,0,0,0,0,0,0,0,0,0,0,0,0,0,0,30,8,1.0,1.0,0.0,0.0,0.27,0.13,0.0,255,37,0.15,0.05,0.01,0.0,1.0,1.0,0.0,0.0,1,97466.0
0,1,22,9,401,5454,0,0,0,0,0,1,0,0,0,0,0,0,0,0,0,0,10,10,0.0,0.0,0.0,0.0,1.0,0.0,0.0,112,245,1.0,0.0,0.01,0.16,0.0,0.0,0.11,0.59,0,116575.0
0,1,22,9,233,318,0,0,0,0,0,1,0,0,0,0,0,0,0,0,0,0,2,3,0.0,0.0,0.0,0.0,1.0,0.0,0.67,2,255,1.0,0.0,0.5,0.01,0.0,0.0,0.0,0.0,0,30103.0
28,2,11,9,46,46,0,0,0,0,0,0,0,0,0,0,0,0,0,0,0,0,7,12,0.0,0.0,0.0,0.0,0.29,0.29,0.17,75,72,0.96,0.03,0.01,0.0,0.0,0.0,0.0,0.0,0,21994.0
0,1,22,9,292,3351,0,0,0,0,0,1,0,0,0,0,0,0,0,0,0,0,7,9,0.0,0.0,0.0,0.0,1.0,0.0,0.33,61,255,1.0,0.0,0.02,0.02,0.0,0.0,0.0,0.0,0,105962.0
0,1,19,9,11,0,0,0,0,0,0,1,0,0,0,0,0,0,0,0,0,0,2,2,0.0,0.0,0.0,0.0,1.0,0.0,0.0,21,19,0.19,0.19,0.19,0.11,0.05,0.0,0.1,0.0,0,97910.0
0,1,60,5,0,0,0,0,0,0,0,0,0,0,0,0,0,0,0,0,0,0,230,6,1.0,1.0,0.0,0.0,0.03,0.07,0.0,255,3,0.01,0.07,0.0,0.0,1.0,1.0,0.0,0.0,1,72729.0
0,2,44,9,1,0,0,0,0,0,0,0,0,0,0,0,0,0,0,0,0,0,87,60,0.0,0.0,0.0,0.0,0.69,0.05,0.0,255,121,0.47,0.05,1.0,0.0,0.0,0.0,0.0,0.0,1,56185.0
0,1,22,9,233,4137,0,0,0,0,0,1,0,0,0,0,0,0,0,0,0,0,19,19,0.0,0.0,0.0,0.0,1.0,0.0,0.0,255,255,1.0,0.0,0.0,0.0,0.0,0.0,0.0,0.0,0,39828.0
0,1,44,5,0,0,0,0,0,0,0,0,0,0,0,0,0,0,0,0,0,0,192,5,1.0,1.0,0.0,0.0,0.03,0.06,0.0,255,12,0.05,0.07,0.0,0.0,1.0,1.0,0.0,0.0,1,40471.0
0,1,9,2,0,0,0,0,0,0,0,0,0,0,0,0,0,0,0,0,0,0,275,20,0.0,0.0,1.0,1.0,0.07,0.06,0.0,255,20,0.08,0.07,0.0,0.0,0.0,0.0,1.0,1.0,1,120488.0
0,1,24,5,0,0,0,0,0,0,0,0,0,0,0,0,0,0,0,0,0,0,270,5,1.0,1.0,0.0,0.0,0.02,0.06,0.0,255,5,0.02,0.07,0.0,0.0,1.0,1.0,0.0,0.0,1,55353.0
0,1,31,5,0,0,0,0,0,0,0,0,0,0,0,0,0,0,0,0,0,0,225,20,1.0,1.0,0.0,0.0,0.09,0.06,0.0,255,1,0.0,0.09,0.0,0.0,1.0,1.0,0.0,0.0,1,57444.0
0,1,44,5,0,0,0,0,0,0,0,0,0,0,0,0,0,0,0,0,0,0,86,8,1.0,1.0,0.0,0.0,0.09,0.06,0.0,255,18,0.07,0.06,0.0,0.0,1.0,1.0,0.0,0.0,1,71357.0
1,1,49,9,1219,399,0,0,0,0,0,1,0,0,0,0,0,0,0,0,0,0,1,3,0.0,0.0,0.0,0.0,1.0,0.0,1.0,49,128,0.51,0.08,0.02,0.02,0.0,0.0,0.0,0.0,0,59596.0
0,1,22,9,315,439,0,0,0,0,0,1,0,0,0,0,0,0,0,0,0,0,9,16,0.0,0.0,0.0,0.0,1.0,0.0,0.25,255,255,1.0,0.0,0.0,0.0,0.0,0.0,0.0,0.0,0,39431.0
0,1,37,5,0,0,0,0,0,0,0,0,0,0,0,0,0,0,0,0,0,0,127,3,1.0,1.0,0.0,0.0,0.02,0.07,0.0,255,3,0.01,0.06,0.0,0.0,1.0,1.0,0.0,0.0,1,120072.0
0,0,13,9,8,0,0,0,0,0,0,0,0,0,0,0,0,0,0,0,0,0,1,17,0.0,0.0,0.0,0.0,1.0,0.0,1.0,2,90,1.0,0.0,1.0,0.26,0.0,0.0,0.0,0.0,1,31313.0
0,1,22,9,404,749,0,0,0,0,0,1,0,0,0,0,0,0,0,0,0,0,1,32,0.0,0.0,0.0,0.0,1.0,0.0,0.09,1,255,1.0,0.0,1.0,0.03,0.0,0.0,0.0,0.0,0,12091.0
0,1,22,9,286,1319,0,0,0,0,0,1,0,0,0,0,0,0,0,0,0,0,10,10,0.0,0.0,0.0,0.0,1.0,0.0,0.0,28,255,1.0,0.0,0.04,0.03,0.0,0.01,0.0,0.0,0,95719.0
0,1,22,9,275,432,0,0,0,0,0,1,0,0,0,0,0,0,0,0,0,0,20,24,0.0,0.0,0.0,0.0,1.0,0.0,0.12,255,255,1.0,0.0,0.0,0.0,0.0,0.0,0.0,0.0,0,27979.0
0,1,44,5,0,0,0,0,0,0,0,0,0,0,0,0,0,0,0,0,0,0,74,12,1.0,1.0,0.0,0.0,0.16,0.07,0.0,141,12,0.09,0.06,0.01,0.0,1.0,1.0,0.0,0.0,1,38965.0
4,2,11,9,42,44,0,0,0,0,0,0,0,0,0,0,0,0,0,0,0,0,3,3,0.0,0.0,0.0,0.0,0.67,0.67,0.67,255,234,0.92,0.01,0.08,0.0,0.0,0.0,0.0,0.0,0,58437.0
0,1,44,5,0,0,0,0,0,0,0,0,0,0,0,0,0,0,0,0,0,0,84,13,1.0,1.0,0.0,0.0,0.15,0.06,0.0,255,15,0.06,0.06,0.0,0.0,1.0,1.0,0.0,0.0,1,13560.0
0,1,22,9,238,1633,0,0,0,0,0,1,0,0,0,0,0,0,0,0,0,0,9,9,0.0,0.0,0.0,0.0,1.0,0.0,0.0,9,255,1.0,0.0,0.11,0.04,0.0,0.0,0.0,0.0,0,71057.0
0,1,44,5,0,0,0,0,0,0,0,0,0,0,0,0,0,0,0,0,0,0,211,5,1.0,1.0,0.0,0.0,0.02,0.06,0.0,255,9,0.04,0.07,0.0,0.0,1.0,1.0,0.0,0.0,1,85604.0
0,1,22,9,191,5965,0,0,0,0,0,1,0,0,0,0,0,0,0,0,0,0,5,5,0.0,0.0,0.0,0.0,1.0,0.0,0.0,49,255,1.0,0.0,0.02,0.02,0.0,0.01,0.0,0.0,0,84458.0
0,1,22,9,222,20779,0,0,0,0,0,1,0,0,0,0,0,0,0,0,0,0,14,14,0.0,0.0,0.0,0.0,1.0,0.0,0.0,14,255,1.0,0.0,0.07,0.07,0.0,0.0,0.0,0.0,0,67043.0
0,1,22,9,285,1479,0,0,0,0,0,1,0,0,0,0,0,0,0,0,0,0,1,2,0.0,0.0,0.0,0.0,1.0,0.0,1.0,19,255,1.0,0.0,0.05,0.05,0.0,0.0,0.0,0.0,0,83175.0
14642,1,40,4,1,0,0,0,0,0,0,0,0,0,0,0,0,0,0,0,0,0,2,2,0.0,0.0,1.0,1.0,1.0,0.0,0.0,255,2,0.01,0.67,1.0,0.0,0.0,0.0,1.0,1.0,1,40497.0
0,1,44,1,0,0,0,0,0,0,0,0,0,0,0,0,0,0,0,0,0,0,197,1,0.02,0.0,0.95,1.0,0.01,1.0,0.0,255,1,0.0,0.8,0.0,0.0,0.01,0.0,0.75,1.0,1,114257.0
0,1,25,5,0,0,0,0,0,0,0,0,0,0,0,0,0,0,0,0,0,0,255,16,1.0,1.0,0.0,0.0,0.06,0.07,0.0,255,17,0.07,0.07,0.0,0.0,1.0,1.0,0.0,0.0,1,1009.0
0,1,22,9,282,616,0,0,0,0,0,1,0,0,0,0,0,0,0,0,0,0,8,10,0.0,0.0,0.0,0.0,1.0,0.0,0.2,89,255,1.0,0.0,0.01,0.02,0.0,0.0,0.0,0.0,0,63453.0
0,1,31,5,0,0,0,0,0,0,0,0,0,0,0,0,0,0,0,0,0,0,215,1,1.0,1.0,0.0,0.0,0.0,0.06,0.0,255,1,0.0,0.07,0.0,0.0,1.0,1.0,0.0,0.0,1,10435.0
0,1,22,9,234,1075,0,0,0,0,0,1,0,0,0,0,0,0,0,0,0,0,7,7,0.0,0.0,0.0,0.0,1.0,0.0,0.0,204,181,0.89,0.02,0.0,0.0,0.03,0.0,0.0,0.0,0,97360.0
0,1,49,9,606,323,0,0,0,0,0,1,0,0,0,0,0,0,0,0,0,0,1,1,0.0,0.0,0.0,0.0,1.0,0.0,0.0,221,135,0.6,0.04,0.0,0.01,0.0,0.0,0.0,0.0,0,29736.0
0,1,55,5,0,0,0,0,0,0,0,0,0,0,0,0,0,0,0,0,0,0,232,4,1.0,1.0,0.0,0.0,0.02,0.06,0.0,255,4,0.02,0.07,0.0,0.0,1.0,1.0,0.0,0.0,1,54534.0
0,1,22,5,0,0,0,0,0,0,0,0,0,0,0,0,0,0,0,0,0,0,28,7,0.96,1.0,0.04,0.0,0.25,0.18,0.0,255,35,0.14,0.04,0.01,0.0,1.0,1.0,0.0,0.0,1,67149.0
0,1,22,5,0,0,0,0,0,0,0,0,0,0,0,0,0,0,0,0,0,0,2,2,0.5,0.5,0.0,0.0,1.0,0.0,0.0,50,255,1.0,0.0,0.04,0.01,0.02,0.0,0.0,0.0,0,125777.0
0,1,22,9,179,3925,0,0,0,0,0,1,0,0,0,0,0,0,0,0,0,0,4,4,0.0,0.0,0.0,0.0,1.0,0.0,0.0,116,255,1.0,0.0,0.01,0.03,0.0,0.0,0.0,0.0,0,102410.0
0,1,44,5,0,0,0,0,0,0,0,0,0,0,0,0,0,0,0,0,0,0,119,16,1.0,1.0,0.0,0.0,0.13,0.06,0.0,255,15,0.06,0.06,0.0,0.0,1.0,1.0,0.0,0.0,1,116253.0
0,1,25,5,0,0,0,0,0,0,0,0,0,0,0,0,0,0,0,0,0,0,225,18,1.0,1.0,0.0,0.0,0.08,0.07,0.0,255,18,0.07,0.07,0.0,0.0,1.0,1.0,0.0,0.0,1,80434.0
0,1,22,9,185,19242,0,0,0,0,0,1,0,0,0,0,0,0,0,0,0,0,2,44,0.0,0.0,0.0,0.0,1.0,0.0,0.14,255,255,1.0,0.0,0.0,0.0,0.0,0.0,0.0,0.0,0,101453.0
0,1,49,9,2696,330,0,0,0,0,0,1,0,0,0,0,0,0,0,0,0,0,1,1,0.0,0.0,0.0,0.0,1.0,0.0,0.0,2,178,1.0,0.0,0.5,0.02,0.0,0.0,0.0,0.0,0,28592.0
0,1,27,5,0,0,0,0,0,0,0,0,0,0,0,0,0,0,0,0,0,0,29,13,1.0,1.0,0.0,0.0,0.45,0.1,0.0,255,13,0.05,0.07,0.0,0.0,1.0,1.0,0.0,0.0,1,59876.0
0,0,13,9,8,0,0,0,0,0,0,0,0,0,0,0,0,0,0,0,0,0,1,52,0.0,0.0,0.0,0.0,1.0,0.0,1.0,1,157,1.0,0.0,1.0,0.5,0.0,0.0,0.0,0.0,1,97478.0
0,1,7,4,0,0,0,0,0,0,0,0,0,0,0,0,0,0,0,0,0,0,1,1,0.0,0.0,1.0,1.0,1.0,0.0,0.0,255,1,0.0,1.0,1.0,0.0,0.0,0.0,1.0,1.0,1,97204.0
23,2,11,9,95,39,0,0,0,0,0,0,0,0,0,0,0,0,0,0,0,0,1,1,0.0,0.0,0.0,0.0,1.0,0.0,0.0,38,30,0.79,0.05,0.79,0.0,0.0,0.0,0.0,0.0,0,106473.0
0,1,19,9,1214,0,0,0,0,0,0,0,0,0,0,0,0,0,0,0,0,0,14,14,0.0,0.0,0.0,0.0,1.0,0.0,0.0,174,90,0.46,0.02,0.46,0.02,0.0,0.0,0.0,0.0,0,25845.0
0,1,22,9,215,2528,0,0,0,0,0,1,0,0,0,0,0,0,0,0,0,0,10,19,0.0,0.0,0.0,0.0,1.0,0.0,0.16,74,255,1.0,0.0,0.01,0.04,0.0,0.0,0.0,0.0,0,17272.0
15182,1,55,9,91,1935,0,0,0,0,0,1,0,0,0,0,0,0,0,0,0,0,1,1,0.0,0.0,0.0,0.0,1.0,0.0,0.0,35,5,0.14,0.11,0.03,0.0,0.03,0.0,0.06,0.4,1,34780.0
0,1,53,5,0,0,0,0,0,0,0,0,0,0,0,0,0,0,0,0,0,0,255,24,1.0,1.0,0.0,0.0,0.09,0.05,0.0,255,24,0.09,0.05,0.0,0.0,1.0,1.0,0.0,0.0,1,27724.0
0,1,22,9,272,1005,0,0,0,0,0,1,0,0,0,0,0,0,0,0,0,0,14,14,0.0,0.0,0.0,0.0,1.0,0.0,0.0,255,255,1.0,0.0,0.0,0.0,0.0,0.0,0.0,0.0,0,77874.0
0,1,22,9,221,313,0,0,0,0,0,1,0,0,0,0,0,0,0,0,0,0,5,13,0.0,0.0,0.0,0.0,1.0,0.0,0.15,255,255,1.0,0.0,0.0,0.0,0.0,0.0,0.0,0.0,0,72337.0
0,1,22,9,219,2809,0,0,0,0,0,1,0,0,0,0,0,0,0,0,0,0,2,6,0.0,0.0,0.0,0.0,1.0,0.0,0.33,255,255,1.0,0.0,0.0,0.0,0.0,0.0,0.0,0.0,0,93276.0
0,1,31,5,0,0,0,0,0,0,0,0,0,0,0,0,0,0,0,0,0,0,257,14,1.0,1.0,0.0,0.0,0.05,0.06,0.0,255,7,0.03,0.07,0.0,0.0,1.0,1.0,0.0,0.0,1,40154.0
0,1,22,9,322,2713,0,0,0,0,0,1,0,0,0,0,0,0,0,0,0,0,20,54,0.0,0.0,0.0,0.0,1.0,0.0,0.04,255,255,1.0,0.0,0.0,0.0,0.0,0.0,0.0,0.0,0,91874.0
0,1,22,9,161,9247,0,0,0,0,0,1,0,0,0,0,0,0,0,0,0,0,11,12,0.0,0.0,0.0,0.0,1.0,0.0,0.17,23,255,1.0,0.0,0.04,0.04,0.0,0.0,0.0,0.0,0,78223.0
0,2,11,9,43,136,0,0,0,0,0,0,0,0,0,0,0,0,0,0,0,0,76,154,0.0,0.0,0.0,0.0,1.0,0.0,0.01,252,132,0.52,0.02,0.0,0.0,0.0,0.0,0.0,0.0,0,28041.0
0,2,11,9,86,0,0,0,0,0,0,0,0,0,0,0,0,0,0,0,0,0,1,1,0.0,0.0,0.0,0.0,1.0,0.0,0.0,36,36,1.0,0.0,1.0,0.0,0.0,0.0,0.0,0.0,0,40092.0
0,1,22,9,335,21659,0,0,0,0,0,1,0,0,0,0,0,0,0,0,0,0,1,1,0.0,0.0,0.0,0.0,1.0,0.0,0.0,14,255,1.0,0.0,0.07,0.02,0.0,0.0,0.0,0.0,0,35240.0
0,1,22,9,204,4624,0,0,0,0,0,1,0,0,0,0,0,0,0,0,0,0,36,36,0.0,0.0,0.0,0.0,1.0,0.0,0.0,98,255,1.0,0.0,0.01,0.02,0.0,0.0,0.0,0.0,0,35512.0
0,1,44,1,0,0,0,0,0,0,0,0,0,0,0,0,0,0,0,0,0,0,147,18,0.0,0.0,1.0,1.0,0.12,0.05,0.0,122,18,0.15,0.07,0.01,0.0,0.0,0.0,1.0,1.0,1,40442.0
0,1,22,9,193,1030,0,0,0,0,0,1,0,0,0,0,0,0,0,0,0,0,16,16,0.0,0.0,0.0,0.0,1.0,0.0,0.0,72,255,1.0,0.0,0.01,0.05,0.0,0.0,0.0,0.0,0,123748.0
0,1,22,9,321,2006,0,0,0,0,0,1,0,0,0,0,0,0,0,0,0,0,5,5,0.0,0.0,0.0,0.0,1.0,0.0,0.0,255,255,1.0,0.0,0.0,0.0,0.0,0.0,0.0,0.0,0,13368.0
0,1,3,5,0,0,0,0,0,0,0,0,0,0,0,0,0,0,0,0,0,0,270,14,1.0,1.0,0.0,0.0,0.05,0.04,0.0,255,14,0.05,0.05,0.0,0.0,1.0,1.0,0.0,0.0,1,44792.0
0,1,22,1,0,0,0,0,0,0,0,0,0,0,0,0,0,0,0,0,0,0,1,1,0.0,0.0,1.0,1.0,1.0,0.0,0.0,5,251,1.0,0.0,0.2,0.24,0.0,0.0,1.0,1.0,0,68914.0
0,1,22,1,0,0,0,0,0,0,0,0,0,0,0,0,0,0,0,0,0,0,1,1,0.0,0.0,1.0,1.0,1.0,0.0,0.0,49,91,1.0,0.0,0.02,0.02,0.0,0.0,1.0,1.0,0,62685.0
0,0,14,9,1032,0,0,0,0,0,0,0,0,0,0,0,0,0,0,0,0,0,150,150,0.0,0.0,0.0,0.0,1.0,0.0,0.0,255,150,0.59,0.01,0.59,0.0,0.0,0.0,0.0,0.0,1,24683.0
0,1,19,9,192,0,0,0,0,0,0,1,0,0,0,0,0,0,0,0,0,0,2,2,0.0,0.0,0.0,0.0,1.0,0.0,0.0,255,117,0.46,0.03,0.46,0.0,0.0,0.01,0.0,0.0,0,76620.0
0,1,15,5,0,0,0,0,0,0,0,0,0,0,0,0,0,0,0,0,0,0,94,4,1.0,1.0,0.0,0.0,0.04,0.06,0.0,255,4,0.02,0.06,0.0,0.0,1.0,1.0,0.0,0.0,1,96311.0
0,1,18,9,1222,2451,0,0,0,28,0,1,0,0,0,0,0,0,0,0,0,1,1,1,0.0,0.0,0.0,0.0,1.0,0.0,0.0,255,50,0.2,0.02,0.0,0.0,0.02,0.0,0.0,0.0,1,52632.0
0,1,22,9,256,5277,0,0,0,0,0,1,0,0,0,0,0,0,0,0,0,0,1,4,0.0,0.0,0.0,0.0,1.0,0.0,0.5,4,255,1.0,0.0,0.25,0.04,0.0,0.0,0.0,0.0,0,92234.0
0,1,22,9,335,2566,0,0,0,0,0,1,0,0,0,0,0,0,0,0,0,0,2,2,0.0,0.0,0.0,0.0,1.0,0.0,0.0,50,255,1.0,0.0,0.02,0.02,0.0,0.0,0.0,0.0,0,30228.0
0,1,27,5,0,0,0,0,0,0,0,0,0,0,0,0,0,0,0,0,0,0,141,9,1.0,1.0,0.0,0.0,0.06,0.06,0.0,255,9,0.04,0.06,0.0,0.0,1.0,1.0,0.0,0.0,1,43993.0
0,1,22,9,271,5383,0,0,0,0,0,1,0,0,0,0,0,0,0,0,0,0,7,15,0.0,0.0,0.0,0.0,1.0,0.0,0.13,255,255,1.0,0.0,0.0,0.0,0.01,0.01,0.0,0.0,0,80270.0
0,1,19,9,59,0,0,0,0,0,0,1,0,0,0,0,0,0,0,0,0,0,16,16,0.0,0.0,0.0,0.0,1.0,0.0,0.0,255,112,0.44,0.02,0.44,0.0,0.0,0.0,0.0,0.0,0,34981.0
0,1,22,9,209,2445,0,0,0,0,0,1,0,0,0,0,0,0,0,0,0,0,6,6,0.0,0.0,0.0,0.0,1.0,0.0,0.0,255,255,1.0,0.0,0.0,0.0,0.0,0.0,0.0,0.0,0,74039.0
0,1,22,1,0,0,0,0,0,0,0,0,0,0,0,0,0,0,0,0,0,0,1,2,0.0,0.0,1.0,1.0,1.0,0.0,1.0,19,220,1.0,0.0,0.05,0.14,0.0,0.0,1.0,0.97,0,108066.0
0,1,44,5,0,0,0,0,0,0,0,0,0,0,0,0,0,0,0,0,0,0,123,11,1.0,1.0,0.0,0.0,0.09,0.07,0.0,255,14,0.05,0.07,0.0,0.0,1.0,1.0,0.0,0.0,1,30496.0
0,0,14,9,1480,0,0,1,0,0,0,0,0,0,0,0,0,0,0,0,0,0,2,2,0.0,0.0,0.0,0.0,1.0,0.0,0.0,2,20,1.0,0.0,1.0,0.5,0.0,0.0,0.0,0.0,1,62678.0
0,1,17,5,0,0,0,0,0,0,0,0,0,0,0,0,0,0,0,0,0,0,41,11,1.0,1.0,0.0,0.0,0.27,0.1,0.0,255,44,0.17,0.04,0.02,0.0,1.0,1.0,0.0,0.0,1,89885.0
0,1,29,1,0,0,0,0,0,0,0,0,0,0,0,0,0,0,0,0,0,0,259,1,0.0,0.0,1.0,1.0,0.0,0.06,0.0,255,1,0.0,0.07,0.0,0.0,0.0,0.0,1.0,1.0,1,95822.0
0,1,44,5,0,0,0,0,0,0,0,0,0,0,0,0,0,0,0,0,0,0,104,9,1.0,1.0,0.0,0.0,0.09,0.06,0.0,255,14,0.05,0.07,0.0,0.0,1.0,1.0,0.0,0.0,1,14272.0
0,1,22,9,173,7697,0,0,0,0,0,1,0,0,0,0,0,0,0,0,0,0,23,24,0.0,0.0,0.0,0.0,1.0,0.0,0.08,44,255,1.0,0.0,0.02,0.04,0.0,0.0,0.0,0.0,0,39733.0
0,1,49,5,0,0,0,0,0,0,0,0,0,0,0,0,0,0,0,0,0,0,17,17,1.0,1.0,0.0,0.0,1.0,0.0,0.0,79,140,0.47,0.03,0.01,0.01,0.97,0.26,0.0,0.0,1,5336.0
0,1,52,5,0,0,0,0,0,0,0,0,0,0,0,0,0,0,0,0,0,0,233,22,1.0,1.0,0.0,0.0,0.09,0.05,0.0,255,22,0.09,0.05,0.0,0.0,1.0,1.0,0.0,0.0,1,78226.0
1,1,49,9,1600,327,0,0,0,0,0,1,0,0,0,0,0,0,0,0,0,0,1,2,0.0,0.0,0.0,0.0,1.0,0.0,1.0,255,121,0.47,0.01,0.0,0.0,0.0,0.0,0.0,0.0,0,119101.0
0,1,21,5,0,0,0,0,0,0,0,0,0,0,0,0,0,0,0,0,0,0,219,8,1.0,1.0,0.0,0.0,0.04,0.06,0.0,255,20,0.08,0.07,0.0,0.0,1.0,1.0,0.0,0.0,1,11407.0
3,1,49,9,3665,372,0,0,0,0,0,1,0,0,0,0,0,0,0,0,0,0,2,3,0.0,0.0,0.0,0.0,1.0,0.0,0.67,31,235,0.97,0.06,0.03,0.01,0.0,0.0,0.0,0.0,0,93847.0
0,1,22,9,308,1379,0,0,0,0,0,1,0,0,0,0,0,0,0,0,0,0,3,3,0.0,0.0,0.0,0.0,1.0,0.0,0.0,76,255,1.0,0.0,0.01,0.01,0.0,0.0,0.0,0.0,0,84396.0
0,2,11,9,44,70,0,0,0,0,0,0,0,0,0,0,0,0,0,0,0,0,66,144,0.0,0.0,0.0,0.0,1.0,0.0,0.01,255,211,0.83,0.01,0.0,0.0,0.0,0.0,0.0,0.0,0,2866.0
0,1,44,5,0,0,0,0,0,0,0,0,0,0,0,0,0,0,0,0,0,0,210,20,1.0,1.0,0.0,0.0,0.1,0.06,0.0,255,28,0.11,0.06,0.0,0.0,1.0,1.0,0.0,0.0,1,123311.0
0,1,22,9,298,677,0,0,0,0,0,1,0,0,0,0,0,0,0,0,0,0,28,28,0.0,0.0,0.0,0.0,1.0,0.0,0.0,255,255,1.0,0.0,0.0,0.0,0.0,0.0,0.0,0.0,0,30789.0
0,1,44,1,0,0,0,0,0,0,0,0,0,0,0,0,0,0,0,0,0,0,1,1,0.0,0.0,1.0,1.0,1.0,0.0,0.0,69,2,0.01,1.0,0.01,1.0,0.0,0.0,0.97,1.0,1,118308.0
0,1,22,9,253,1487,0,0,0,0,0,1,0,0,0,0,0,0,0,0,0,0,1,1,0.0,0.0,0.0,0.0,1.0,0.0,0.0,255,250,0.98,0.01,0.0,0.0,0.0,0.0,0.0,0.0,0,121859.0
0,1,22,9,277,2627,0,0,0,0,0,1,0,0,0,0,0,0,0,0,0,0,10,12,0.0,0.0,0.0,0.0,1.0,0.0,0.17,130,255,1.0,0.0,0.01,0.02,0.0,0.0,0.0,0.0,0,40432.0
0,1,22,9,212,1357,0,0,0,0,0,1,0,0,0,0,0,0,0,0,0,0,16,16,0.0,0.0,0.0,0.0,1.0,0.0,0.0,44,255,1.0,0.0,0.02,0.05,0.0,0.0,0.0,0.0,0,27410.0
1766,2,40,9,147,105,0,0,0,0,0,0,0,0,0,0,0,0,0,0,0,0,1,1,0.0,0.0,0.0,0.0,1.0,0.0,0.0,255,1,0.0,0.63,0.9,0.0,0.0,0.0,0.0,0.0,0,64065.0
3,1,49,9,1804,333,0,0,0,0,0,1,0,0,0,0,0,0,0,0,0,0,1,2,0.0,0.0,0.0,0.0,1.0,0.0,1.0,184,128,0.7,0.04,0.01,0.0,0.02,0.01,0.0,0.0,0,101241.0
0,1,19,5,0,0,0,0,0,0,0,0,0,0,0,0,0,0,0,0,0,0,278,19,1.0,1.0,0.0,0.0,0.07,0.06,0.0,255,19,0.07,0.07,0.0,0.0,1.0,1.0,0.0,0.0,1,23751.0
0,1,36,5,0,0,0,0,0,0,0,0,0,0,0,0,0,0,0,0,0,0,157,18,1.0,1.0,0.0,0.0,0.11,0.05,0.0,255,18,0.07,0.05,0.0,0.0,1.0,1.0,0.0,0.0,1,57626.0
0,1,22,9,203,498,0,0,0,0,0,1,0,0,0,0,0,0,0,0,0,0,4,4,0.0,0.0,0.0,0.0,1.0,0.0,0.0,255,255,1.0,0.0,0.0,0.0,0.0,0.0,0.0,0.0,0,39000.0
0,1,32,1,0,0,0,0,0,0,0,0,0,0,0,0,0,0,0,0,0,0,202,2,0.0,0.0,1.0,1.0,0.01,0.06,0.0,255,19,0.07,0.07,0.0,0.0,0.0,0.0,1.0,1.0,1,12512.0
0,0,14,9,1032,0,0,0,0,0,0,0,0,0,0,0,0,0,0,0,0,0,37,37,0.0,0.0,0.0,0.0,1.0,0.0,0.0,255,37,0.15,0.02,0.15,0.0,0.0,0.0,0.0,0.0,1,90505.0
0,1,19,9,16787,0,0,0,0,0,0,1,0,0,0,0,1,0,0,0,0,0,12,12,0.0,0.0,0.0,0.0,1.0,0.0,0.0,22,121,0.82,0.14,0.82,0.02,0.0,0.0,0.0,0.0,0,52970.0
0,0,14,9,520,0,0,0,0,0,0,0,0,0,0,0,0,0,0,0,0,0,144,144,0.0,0.0,0.0,0.0,1.0,0.0,0.0,255,255,1.0,0.0,1.0,0.0,0.0,0.0,0.0,0.0,1,85285.0
0,1,19,9,334,0,0,0,0,0,0,1,0,0,0,0,0,0,0,0,0,0,1,1,0.0,0.0,0.0,0.0,1.0,0.0,0.0,1,39,1.0,0.0,1.0,0.15,0.0,0.0,0.0,0.0,1,82521.0
0,1,44,5,0,0,0,0,0,0,0,0,0,0,0,0,0,0,0,0,0,0,138,6,1.0,1.0,0.0,0.0,0.04,0.06,0.0,255,4,0.02,0.09,0.0,0.0,1.0,1.0,0.0,0.0,1,93556.0
0,1,22,9,188,2711,0,0,0,0,0,1,0,0,0,0,0,0,0,0,0,0,1,25,0.0,0.0,0.0,0.0,1.0,0.0,0.08,255,250,0.98,0.01,0.0,0.0,0.0,0.0,0.0,0.0,0,114541.0
0,1,44,5,0,0,0,0,0,0,0,0,0,0,0,0,0,0,0,0,0,0,154,10,1.0,1.0,0.0,0.0,0.06,0.07,0.0,255,10,0.04,0.08,0.0,0.0,1.0,1.0,0.0,0.0,1,108145.0
0,1,22,9,230,3864,0,0,0,0,0,1,0,0,0,0,0,0,0,0,0,0,6,6,0.0,0.0,0.0,0.0,1.0,0.0,0.0,25,255,1.0,0.0,0.04,0.04,0.0,0.01,0.0,0.01,0,100564.0
0,1,22,9,287,8867,0,0,0,0,0,1,0,0,0,0,0,0,0,0,0,0,11,11,0.0,0.0,0.0,0.0,1.0,0.0,0.0,255,255,1.0,0.0,0.0,0.0,0.0,0.0,0.0,0.0,0,17160.0
0,1,22,9,327,7757,0,0,0,0,0,1,0,0,0,0,0,0,0,0,0,0,1,2,0.0,0.0,0.0,0.0,1.0,0.0,1.0,1,255,1.0,0.0,1.0,0.05,0.0,0.0,0.0,0.0,0,45792.0
0,2,39,9,48,48,0,0,0,0,0,0,0,0,0,0,0,0,0,0,0,0,2,1,0.0,0.0,0.0,0.0,0.5,1.0,0.0,255,17,0.07,0.01,0.07,0.0,0.0,0.0,0.0,0.0,0,38154.0
0,1,22,9,240,4359,0,0,0,0,0,1,0,0,0,0,0,0,0,0,0,0,4,4,0.0,0.0,0.0,0.0,1.0,0.0,0.0,150,255,1.0,0.0,0.01,0.02,0.0,0.01,0.03,0.04,0,14837.0
0,1,44,1,0,0,0,0,0,0,0,0,0,0,0,0,0,0,0,0,0,0,1,1,0.0,0.0,1.0,1.0,1.0,0.0,0.0,29,2,0.03,1.0,0.03,1.0,0.0,0.0,0.93,1.0,1,100706.0
0,1,22,9,291,385,0,0,0,0,0,1,0,0,0,0,0,0,0,0,0,0,5,5,0.0,0.0,0.0,0.0,1.0,0.0,0.0,39,255,1.0,0.0,0.03,0.05,0.0,0.0,0.0,0.0,0,72581.0
0,1,22,9,219,2963,0,0,0,0,0,1,0,0,0,0,0,0,0,0,0,0,3,3,0.0,0.0,0.0,0.0,1.0,0.0,0.0,3,255,1.0,0.0,0.33,0.07,0.0,0.0,0.0,0.0,0,6848.0
0,1,22,5,0,0,0,0,0,0,0,0,0,0,0,0,0,0,0,0,0,0,243,6,1.0,1.0,0.0,0.0,0.02,0.07,0.0,255,6,0.02,0.08,0.0,0.0,1.0,1.0,0.0,0.0,1,121756.0
0,0,13,9,8,0,0,0,0,0,0,0,0,0,0,0,0,0,0,0,0,0,1,26,0.0,0.0,0.0,0.0,1.0,0.0,1.0,4,140,1.0,0.0,1.0,0.25,0.0,0.0,0.0,0.0,1,103437.0
0,2,11,9,45,72,0,0,0,0,0,0,0,0,0,0,0,0,0,0,0,0,242,241,0.0,0.0,0.0,0.0,1.0,0.01,0.0,255,254,1.0,0.01,0.01,0.0,0.0,0.0,0.0,0.0,0,108103.0
0,2,11,9,32,0,0,0,0,0,0,0,0,0,0,0,0,0,0,0,0,0,1,2,0.0,0.0,0.0,0.0,1.0,0.0,1.0,171,22,0.12,0.04,0.12,0.09,0.0,0.0,0.0,0.0,0,59900.0
0,1,22,9,208,2531,0,0,0,0,0,1,0,0,0,0,0,0,0,0,0,0,9,9,0.0,0.0,0.0,0.0,1.0,0.0,0.0,59,59,1.0,0.0,0.02,0.0,0.0,0.0,0.0,0.0,0,64203.0
0,1,7,5,0,0,0,0,0,0,0,0,0,0,0,0,0,0,0,0,0,0,108,6,1.0,1.0,0.0,0.0,0.06,0.07,0.0,78,6,0.08,0.1,0.01,0.0,1.0,1.0,0.0,0.0,1,15241.0
0,1,22,5,0,0,0,0,0,0,0,0,0,0,0,0,0,0,0,0,0,0,2,2,0.5,0.5,0.0,0.0,1.0,0.0,0.0,5,255,1.0,0.0,0.4,0.02,0.2,0.01,0.0,0.0,0,78417.0
0,1,22,2,0,0,0,0,0,0,0,1,0,0,0,0,0,0,0,0,0,0,1,1,0.0,0.0,1.0,1.0,1.0,0.0,0.0,255,246,0.96,0.01,0.0,0.0,0.0,0.0,0.03,0.03,0,66226.0
0,1,9,2,0,0,0,0,0,0,0,0,0,0,0,0,0,0,0,0,0,0,188,6,0.0,0.0,1.0,1.0,0.03,0.06,0.0,255,6,0.02,0.08,0.0,0.0,0.0,0.0,1.0,1.0,1,30488.0
0,2,11,9,29,45,0,0,0,0,0,0,0,0,0,0,0,0,0,0,0,0,3,6,0.0,0.0,0.0,0.0,1.0,0.0,0.5,255,249,0.98,0.01,0.01,0.0,0.0,0.0,0.0,0.0,0,3887.0
0,1,49,9,1834,331,0,0,0,0,0,1,0,0,0,0,0,0,0,0,0,0,1,1,0.0,0.0,0.0,0.0,1.0,0.0,0.0,64,225,0.61,0.05,0.02,0.01,0.0,0.0,0.0,0.0,0,40499.0
0,1,22,9,210,765,0,0,0,0,0,1,0,0,0,0,0,0,0,0,0,0,1,2,0.0,0.0,0.0,0.0,1.0,0.0,1.0,33,255,1.0,0.0,0.03,0.01,0.0,0.0,0.03,0.01,0,58166.0
0,1,61,1,0,0,0,0,0,0,0,0,0,0,0,0,0,0,0,0,0,0,182,20,0.0,0.0,1.0,1.0,0.11,0.06,0.0,255,20,0.08,0.07,0.0,0.0,0.0,0.0,1.0,1.0,1,75077.0
0,1,22,9,231,2222,0,0,0,0,0,1,0,0,0,0,0,0,0,0,0,0,18,18,0.0,0.0,0.0,0.0,1.0,0.0,0.0,255,255,1.0,0.0,0.0,0.0,0.0,0.0,0.0,0.0,0,83834.0
0,2,44,9,1,0,0,0,0,0,0,0,0,0,0,0,0,0,0,0,0,0,101,64,0.0,0.0,0.0,0.0,0.63,0.06,0.0,255,124,0.49,0.06,1.0,0.0,0.0,0.0,0.0,0.0,1,87267.0
0,1,3,9,10,39,0,0,0,0,0,1,0,0,0,0,0,0,0,0,0,0,1,21,0.0,0.95,0.0,0.0,1.0,0.0,0.1,200,3,0.01,0.04,0.0,0.0,0.0,0.0,0.0,0.0,0,33635.0
0,1,22,9,266,1287,0,0,0,0,0,1,0,0,0,0,0,0,0,0,0,0,4,4,0.0,0.0,0.0,0.0,1.0,0.0,0.0,255,255,1.0,0.0,0.0,0.0,0.0,0.0,0.0,0.0,0,54772.0
0,1,22,9,287,2658,0,0,0,0,0,1,0,0,0,0,0,0,0,0,0,0,33,33,0.0,0.0,0.0,0.0,1.0,0.0,0.0,255,255,1.0,0.0,0.0,0.0,0.0,0.0,0.0,0.0,0,73297.0
32,1,18,9,1493,4152,0,0,0,30,0,1,0,0,0,0,0,0,0,0,0,1,2,1,0.0,0.0,0.0,0.0,0.5,1.0,0.0,37,7,0.19,0.11,0.03,0.0,0.0,0.0,0.0,0.0,0,124800.0
0,1,44,5,0,0,0,0,0,0,0,0,0,0,0,0,0,0,0,0,0,0,256,13,1.0,1.0,0.0,0.0,0.05,0.05,0.0,255,9,0.04,0.08,0.0,0.0,1.0,1.0,0.0,0.0,1,7085.0
0,1,24,5,0,0,0,0,0,0,0,0,0,0,0,0,0,0,0,0,0,0,50,14,1.0,1.0,0.0,0.0,0.28,0.12,0.0,255,14,0.05,0.09,0.0,0.0,1.0,1.0,0.0,0.0,1,10516.0
0,2,44,9,1,0,0,0,0,0,0,0,0,0,0,0,0,0,0,0,0,0,20,5,0.0,0.0,0.0,0.0,0.25,0.15,0.0,255,5,0.02,0.91,0.1,0.0,0.16,0.0,0.74,0.0,1,36337.0
0,2,39,9,48,48,0,0,0,0,0,0,0,0,0,0,0,0,0,0,0,0,1,1,0.0,0.0,0.0,0.0,1.0,0.0,0.0,78,68,0.87,0.04,0.87,0.0,0.0,0.0,0.0,0.0,0,102976.0
0,1,22,5,0,0,0,0,0,0,0,0,0,0,0,0,0,0,0,0,0,0,16,7,1.0,1.0,0.0,0.0,0.44,0.25,0.0,255,67,0.26,0.02,0.0,0.0,1.0,1.0,0.0,0.0,1,25099.0
0,1,22,9,303,2239,0,0,0,0,0,1,0,0,0,0,0,0,0,0,0,0,4,32,0.0,0.0,0.0,0.0,1.0,0.0,0.06,255,240,0.94,0.02,0.0,0.0,0.0,0.0,0.0,0.0,0,25753.0
0,1,7,5,0,0,0,0,0,0,0,0,0,0,0,0,0,0,0,0,0,0,201,16,1.0,1.0,0.0,0.0,0.08,0.07,0.0,255,16,0.06,0.07,0.0,0.0,1.0,1.0,0.0,0.0,1,28458.0
0,1,49,9,2664,474,0,0,0,0,0,1,0,0,0,0,0,0,0,0,0,0,1,1,0.0,0.0,0.0,0.0,1.0,0.0,0.0,255,9,0.04,0.01,0.0,0.0,0.0,0.0,0.0,0.0,0,122536.0
0,1,22,1,0,0,0,0,0,0,0,0,0,0,0,0,0,0,0,0,0,0,261,14,0.0,0.0,1.0,1.0,0.05,0.07,0.0,255,14,0.05,0.08,0.0,0.0,0.0,0.0,1.0,1.0,1,62682.0
0,1,49,9,905,326,0,0,0,0,0,1,0,0,0,0,0,0,0,0,0,0,1,1,0.0,0.0,0.0,0.0,1.0,0.0,0.0,206,111,0.46,0.02,0.0,0.02,0.01,0.02,0.0,0.0,0,26092.0
0,1,22,9,302,1728,0,0,0,0,0,1,0,0,0,0,0,0,0,0,0,0,4,4,0.0,0.0,0.0,0.0,1.0,0.0,0.0,169,255,1.0,0.0,0.01,0.02,0.0,0.0,0.0,0.0,0,20181.0
0,1,49,9,781,337,0,0,0,0,0,1,0,0,0,0,0,0,0,0,0,0,1,1,0.0,0.0,0.0,0.0,1.0,0.0,0.0,60,148,0.8,0.05,0.02,0.01,0.0,0.0,0.0,0.0,0,33010.0
0,1,22,9,204,1982,0,0,0,0,0,1,0,0,0,0,0,0,0,0,0,0,15,15,0.0,0.0,0.0,0.0,1.0,0.0,0.0,73,255,1.0,0.0,0.01,0.02,0.0,0.0,0.0,0.0,0,31468.0
0,2,11,9,42,42,0,0,0,0,0,0,0,0,0,0,0,0,0,0,0,0,1,3,0.0,0.0,0.0,0.0,1.0,0.0,0.67,8,241,1.0,0.0,1.0,0.01,0.0,0.0,0.0,0.0,0,21842.0
0,1,44,1,0,0,0,0,0,0,0,0,0,0,0,0,0,0,0,0,0,0,95,10,0.0,0.0,1.0,1.0,0.11,0.06,0.0,255,10,0.04,0.07,0.0,0.0,0.0,0.0,1.0,1.0,1,29261.0
0,1,22,1,0,0,0,0,0,0,0,0,0,0,0,0,0,0,0,0,0,0,5,1,0.0,0.0,0.4,1.0,0.2,1.0,0.0,110,1,0.01,0.07,0.01,0.0,0.0,0.0,0.02,1.0,1,43601.0
0,1,19,9,334,0,0,0,0,0,0,1,0,0,0,0,0,0,0,0,0,0,2,2,0.0,0.0,0.0,0.0,1.0,0.0,0.0,3,3,1.0,0.0,1.0,0.0,0.0,0.0,0.0,0.0,1,47323.0
0,1,22,9,254,1944,0,0,0,0,0,1,0,0,0,0,0,0,0,0,0,0,17,18,0.0,0.0,0.0,0.0,1.0,0.0,0.11,110,255,1.0,0.0,0.01,0.01,0.0,0.0,0.0,0.0,0,108994.0
0,1,22,9,215,337,0,0,0,0,0,1,0,0,0,0,0,0,0,0,0,0,28,28,0.04,0.04,0.0,0.0,1.0,0.0,0.0,27,255,1.0,0.0,0.04,0.02,0.0,0.0,0.0,0.0,0,104813.0
0,2,44,9,1,0,0,0,0,0,0,0,0,0,0,0,0,0,0,0,0,0,3,3,0.0,0.0,0.0,0.0,1.0,0.0,0.0,255,3,0.01,0.76,0.26,0.0,0.03,0.0,0.71,0.0,1,40198.0
0,0,14,9,520,0,0,0,0,0,0,0,0,0,0,0,0,0,0,0,0,0,460,460,0.0,0.0,0.0,0.0,1.0,0.0,0.0,237,237,1.0,0.0,1.0,0.0,0.0,0.0,0.0,0.0,1,12297.0
0,1,19,9,1699,0,0,0,0,0,0,0,0,0,0,0,0,0,0,0,0,0,4,5,0.0,0.0,0.0,0.0,1.0,0.0,0.4,166,71,0.43,0.02,0.43,0.0,0.01,0.01,0.0,0.0,0,52556.0
0,1,22,1,0,0,0,0,0,0,0,0,0,0,0,0,0,0,0,0,0,0,1,1,0.0,0.0,1.0,1.0,1.0,0.0,0.0,1,255,1.0,0.0,1.0,0.06,0.0,0.0,1.0,0.96,0,75658.0
0,1,59,2,0,0,0,0,0,0,0,0,0,0,0,0,0,0,0,0,0,0,108,2,0.0,0.0,1.0,1.0,0.02,0.07,0.0,255,2,0.01,0.06,0.0,0.0,0.0,0.0,1.0,1.0,1,73328.0
0,1,44,5,0,0,0,0,0,0,0,0,0,0,0,0,0,0,0,0,0,0,186,25,1.0,1.0,0.0,0.0,0.13,0.04,0.0,255,25,0.1,0.05,0.0,0.0,1.0,1.0,0.0,0.0,1,100507.0
0,2,44,9,215,0,0,0,0,0,0,0,0,0,0,0,0,0,0,0,0,0,1,1,0.0,0.0,0.0,0.0,1.0,0.0,0.0,149,125,0.84,0.01,0.84,0.0,0.0,0.0,0.0,0.0,1,112996.0
0,0,13,9,8,0,0,0,0,0,0,0,0,0,0,0,0,0,0,0,0,0,1,36,0.0,0.0,0.0,0.0,1.0,0.0,1.0,2,106,1.0,0.0,1.0,0.25,0.0,0.0,0.0,0.0,1,15494.0
0,1,22,9,299,3228,0,0,0,0,0,1,0,0,0,0,0,0,0,0,0,0,13,13,0.0,0.0,0.0,0.0,1.0,0.0,0.0,255,255,1.0,0.0,0.0,0.0,0.0,0.0,0.0,0.0,0,120836.0
0,1,22,9,360,1541,0,0,0,0,0,1,0,0,0,0,0,0,0,0,0,0,1,25,0.0,0.0,0.0,0.0,1.0,0.0,0.2,200,255,1.0,0.0,0.0,0.02,0.0,0.0,0.0,0.0,0,32376.0
0,1,22,5,0,0,0,0,0,0,0,0,0,0,0,0,0,0,0,0,0,0,44,14,1.0,1.0,0.0,0.0,0.32,0.09,0.0,255,46,0.18,0.05,0.01,0.0,1.0,1.0,0.0,0.0,1,111553.0
0,1,17,5,0,0,0,0,0,0,0,0,0,0,0,0,0,0,0,0,0,0,41,10,1.0,1.0,0.0,0.0,0.24,0.1,0.0,255,61,0.24,0.02,0.02,0.0,1.0,1.0,0.0,0.0,1,21530.0
0,1,22,9,316,367,0,0,0,0,0,1,0,0,0,0,0,0,0,0,0,0,22,22,0.0,0.0,0.0,0.0,1.0,0.0,0.0,255,255,1.0,0.0,0.0,0.0,0.0,0.0,0.0,0.0,0,38442.0
0,2,44,9,1,0,0,0,0,0,0,0,0,0,0,0,0,0,0,0,0,0,15,1,0.0,0.0,0.0,0.0,0.07,0.67,0.0,255,1,0.0,0.06,0.09,0.0,0.0,0.0,0.78,0.0,1,21345.0
0,1,22,9,285,47556,0,0,0,0,0,1,0,0,0,0,0,0,0,0,0,0,3,3,0.0,0.0,0.0,0.0,1.0,0.0,0.0,74,255,1.0,0.0,0.01,0.04,0.0,0.0,0.0,0.0,0,28883.0
0,1,22,5,0,0,0,0,0,0,0,0,0,0,0,0,0,0,0,0,0,0,58,16,1.0,1.0,0.0,0.0,0.28,0.07,0.0,138,36,0.26,0.03,0.03,0.0,1.0,1.0,0.0,0.0,1,93237.0
0,1,22,9,314,4816,0,0,0,0,0,1,0,0,0,0,0,0,0,0,0,0,19,20,0.0,0.0,0.0,0.0,1.0,0.0,0.1,206,255,1.0,0.0,0.0,0.02,0.0,0.0,0.0,0.0,0,65386.0
0,1,32,5,0,0,0,0,0,0,0,0,0,0,0,0,0,0,0,0,0,0,296,17,1.0,1.0,0.0,0.0,0.06,0.05,0.0,255,10,0.04,0.07,0.0,0.0,1.0,1.0,0.0,0.0,1,31373.0
0,1,22,9,299,678,0,0,0,0,0,1,0,0,0,0,0,0,0,0,0,0,9,9,0.0,0.0,0.0,0.0,1.0,0.0,0.0,255,255,1.0,0.0,0.01,0.0,0.0,0.0,0.0,0.0,0,70500.0
0,1,44,5,0,0,0,0,0,0,0,0,0,0,0,0,0,0,0,0,0,0,209,6,1.0,1.0,0.0,0.0,0.03,0.08,0.0,255,6,0.02,0.08,0.0,0.0,1.0,1.0,0.0,0.0,1,84768.0
0,1,22,9,257,473,0,0,0,0,0,1,0,0,0,0,0,0,0,0,0,0,28,30,0.0,0.0,0.0,0.0,1.0,0.0,0.1,255,255,1.0,0.0,0.0,0.0,0.0,0.0,0.0,0.0,0,123353.0
0,1,44,1,0,0,0,0,0,0,0,0,0,0,0,0,0,0,0,0,0,0,1,1,0.0,0.0,1.0,1.0,1.0,0.0,0.0,39,2,0.03,1.0,0.03,1.0,0.0,0.0,0.9,1.0,1,15159.0
0,1,22,5,0,0,0,0,0,0,0,0,0,0,0,0,0,0,0,0,0,0,2,2,0.5,0.5,0.0,0.0,1.0,0.0,0.0,4,255,1.0,0.0,0.5,0.02,0.25,0.01,0.0,0.03,0,47355.0
0,1,22,9,271,1569,0,0,0,0,0,1,0,0,0,0,0,0,0,0,0,0,22,23,0.0,0.0,0.0,0.0,1.0,0.0,0.09,40,255,1.0,0.0,0.03,0.01,0.0,0.0,0.0,0.0,0,67515.0
0,1,22,9,159,3991,0,0,0,0,0,1,0,0,0,0,0,0,0,0,0,0,1,1,0.0,0.0,0.0,0.0,1.0,0.0,0.0,15,255,1.0,0.0,0.07,0.04,0.0,0.0,0.0,0.0,0,44556.0
0,1,40,1,0,0,0,0,0,0,0,0,0,0,0,0,0,0,0,0,0,0,430,1,0.08,0.0,0.91,1.0,0.0,1.0,0.0,255,1,0.0,1.0,0.0,0.0,0.07,0.0,0.93,1.0,1,110122.0
0,1,6,5,0,0,0,0,0,0,0,0,0,0,0,0,0,0,0,0,0,0,203,2,1.0,1.0,0.0,0.0,0.01,0.07,0.0,255,5,0.02,0.07,0.0,0.0,1.0,1.0,0.0,0.0,1,123016.0
3519,2,40,9,146,105,0,0,0,0,0,0,0,0,0,0,0,0,0,0,0,0,1,1,0.0,0.0,0.0,0.0,1.0,0.0,0.0,255,2,0.01,0.53,0.87,0.0,0.0,0.0,0.0,0.0,0,67259.0
0,1,44,5,0,0,0,0,0,0,0,0,0,0,0,0,0,0,0,0,0,0,283,10,1.0,1.0,0.0,0.0,0.04,0.05,0.0,255,10,0.04,0.05,0.0,0.0,1.0,1.0,0.0,0.0,1,80168.0
0,1,22,9,243,7332,0,0,0,0,0,1,0,0,0,0,0,0,0,0,0,0,12,12,0.0,0.0,0.0,0.0,1.0,0.0,0.0,255,255,1.0,0.0,0.0,0.0,0.0,0.0,0.0,0.0,0,38908.0
0,1,22,9,238,3307,0,0,0,0,0,1,0,0,0,0,0,0,0,0,0,0,3,3,0.0,0.0,0.0,0.0,1.0,0.0,0.0,3,255,1.0,0.0,0.33,0.05,0.0,0.0,0.0,0.0,0,120041.0
0,2,11,9,45,45,0,0,0,0,0,0,0,0,0,0,0,0,0,0,0,0,120,119,0.0,0.0,0.0,0.0,0.99,0.02,0.0,255,254,1.0,0.01,0.0,0.0,0.0,0.0,0.0,0.0,0,118854.0
0,1,22,9,211,310,0,0,0,0,0,1,0,0,0,0,0,0,0,0,0,0,5,5,0.0,0.0,0.0,0.0,1.0,0.0,0.0,255,255,1.0,0.0,0.0,0.0,0.0,0.0,0.0,0.0,0,117280.0
0,1,22,9,233,29122,0,0,0,0,0,1,0,0,0,0,0,0,0,0,0,0,13,32,0.0,0.0,0.0,0.0,1.0,0.0,0.06,255,255,1.0,0.0,0.0,0.0,0.0,0.0,0.0,0.0,0,30055.0
0,1,22,9,222,3438,0,0,0,0,0,1,0,0,0,0,0,0,0,0,0,0,13,57,0.0,0.0,0.0,0.0,1.0,0.0,0.09,30,255,1.0,0.0,0.03,0.04,0.0,0.0,0.0,0.0,0,117790.0
0,1,22,9,238,930,0,0,0,0,0,1,0,0,0,0,0,0,0,0,0,0,19,19,0.0,0.0,0.0,0.0,1.0,0.0,0.0,255,255,1.0,0.0,0.0,0.0,0.0,0.0,0.0,0.0,0,62914.0
0,1,29,5,0,0,0,0,0,0,0,0,0,0,0,0,0,0,0,0,0,0,243,14,1.0,1.0,0.0,0.0,0.06,0.07,0.0,255,14,0.05,0.07,0.0,0.0,1.0,1.0,0.0,0.0,1,70086.0
0,1,22,9,278,19280,0,0,0,0,0,1,0,0,0,0,0,0,0,0,0,0,1,1,0.0,0.0,0.0,0.0,1.0,0.0,0.0,255,255,1.0,0.0,0.0,0.0,0.0,0.0,0.0,0.0,0,121256.0
10,1,22,9,182,34030,0,0,0,2,0,1,0,0,0,0,0,0,0,0,0,0,1,1,0.0,0.0,0.0,0.0,1.0,0.0,0.0,255,255,1.0,0.0,0.0,0.0,0.0,0.0,0.0,0.0,0,113637.0
0,1,44,5,0,0,0,0,0,0,0,0,0,0,0,0,0,0,0,0,0,0,159,3,0.99,1.0,0.0,0.0,0.02,0.08,0.0,255,16,0.06,0.07,0.0,0.0,1.0,1.0,0.0,0.0,1,63551.0
0,1,10,5,0,0,0,0,0,0,0,0,0,0,0,0,0,0,0,0,0,0,285,10,1.0,1.0,0.0,0.0,0.04,0.05,0.0,255,10,0.04,0.05,0.0,0.0,1.0,1.0,0.0,0.0,1,71901.0
0,1,49,9,11926,1564,0,0,0,0,0,1,0,0,0,0,0,0,0,0,0,0,1,2,0.0,0.0,0.0,0.0,1.0,0.0,1.0,255,101,0.4,0.04,0.0,0.0,0.19,0.0,0.02,0.0,0,113655.0
0,1,22,9,224,26956,0,0,0,0,0,1,0,0,0,0,0,0,0,0,0,0,20,26,0.0,0.0,0.0,0.0,1.0,0.0,0.08,20,255,1.0,0.0,0.05,0.05,0.0,0.0,0.0,0.0,0,35586.0
8,1,49,9,634,328,0,0,0,0,0,1,0,0,0,0,0,0,0,0,0,0,1,1,0.0,0.0,0.0,0.0,1.0,0.0,0.0,216,136,0.58,0.02,0.0,0.01,0.0,0.0,0.0,0.0,0,76471.0
0,2,11,9,45,131,0,0,0,0,0,0,0,0,0,0,0,0,0,0,0,0,305,304,0.0,0.0,0.0,0.0,1.0,0.01,0.0,255,225,0.88,0.01,0.0,0.0,0.0,0.0,0.0,0.0,0,68965.0
0,1,22,9,221,311,0,0,0,0,0,1,0,0,0,0,0,0,0,0,0,0,11,11,0.0,0.0,0.0,0.0,1.0,0.0,0.0,28,132,1.0,0.0,0.04,0.02,0.0,0.0,0.11,0.03,0,92502.0
0,1,22,9,329,2833,0,0,0,0,0,1,0,0,0,0,0,0,0,0,0,0,1,9,0.0,0.0,0.0,0.0,1.0,0.0,0.33,21,255,1.0,0.0,0.05,0.04,0.0,0.0,0.0,0.0,0,84976.0
0,1,2,5,0,0,0,0,0,0,0,0,0,0,0,0,0,0,0,0,0,0,229,6,1.0,1.0,0.0,0.0,0.03,0.07,0.0,255,6,0.02,0.08,0.0,0.0,1.0,1.0,0.0,0.0,1,25325.0
0,1,36,5,0,0,0,0,0,0,0,0,0,0,0,0,0,0,0,0,0,0,205,20,1.0,1.0,0.0,0.0,0.1,0.06,0.0,255,14,0.05,0.09,0.0,0.0,1.0,1.0,0.0,0.0,1,107564.0
0,0,13,9,8,0,0,0,0,0,0,0,0,0,0,0,0,0,0,0,0,0,1,19,0.0,0.0,0.0,0.0,1.0,0.0,1.0,2,58,1.0,0.0,1.0,0.5,0.0,0.0,0.0,0.0,1,24060.0
42068,1,44,4,1,0,0,0,0,0,0,0,0,0,0,0,0,0,0,0,0,0,2,2,0.0,0.0,1.0,1.0,1.0,0.0,0.0,192,2,0.01,0.19,0.38,0.0,0.0,0.0,0.38,1.0,1,51741.0
0,2,44,9,105,147,0,0,0,0,0,0,0,0,0,0,0,0,0,0,0,0,11,2,0.0,0.0,0.0,0.0,0.18,0.18,0.0,255,240,0.94,0.01,0.01,0.0,0.0,0.0,0.0,0.0,0,73425.0
0,1,17,5,0,0,0,0,0,0,0,0,0,0,0,0,0,0,0,0,0,0,51,13,1.0,1.0,0.0,0.0,0.25,0.08,0.0,255,40,0.16,0.05,0.0,0.0,1.0,1.0,0.0,0.0,1,11439.0
0,1,44,5,0,0,0,0,0,0,0,0,0,0,0,0,0,0,0,0,0,0,185,7,1.0,1.0,0.0,0.0,0.04,0.06,0.0,255,7,0.03,0.06,0.0,0.0,1.0,1.0,0.0,0.0,1,25396.0
0,1,49,9,763,329,0,0,0,0,0,1,0,0,0,0,0,0,0,0,0,0,4,2,0.0,0.0,0.0,0.0,0.5,0.5,0.0,69,143,0.78,0.06,0.01,0.01,0.0,0.0,0.0,0.0,0,53676.0
0,1,19,9,71,0,0,0,0,0,0,0,0,0,0,0,0,0,0,0,0,0,1,17,0.0,0.0,0.0,0.0,1.0,0.0,0.18,255,25,0.1,0.07,0.1,0.0,0.83,0.0,0.0,0.0,0,96744.0
0,1,22,9,209,1863,0,0,0,0,0,1,0,0,0,0,0,0,0,0,0,0,11,11,0.0,0.0,0.0,0.0,1.0,0.0,0.0,255,255,1.0,0.0,0.0,0.0,0.0,0.0,0.0,0.0,0,3595.0
10,1,49,9,5688,331,0,0,0,0,0,1,0,0,0,0,0,0,0,0,0,0,1,1,0.0,0.0,0.0,0.0,1.0,0.0,0.0,208,122,0.45,0.01,0.0,0.02,0.0,0.0,0.0,0.0,0,68499.0
17,1,55,9,104,2124,0,0,0,0,0,1,0,0,0,0,0,0,0,0,0,0,1,1,0.0,0.0,0.0,0.0,1.0,0.0,0.0,187,1,0.01,0.03,0.01,0.0,0.0,0.0,0.0,0.0,0,93005.0
0,1,25,5,0,0,0,0,0,0,0,0,0,0,0,0,0,0,0,0,0,0,198,1,1.0,1.0,0.0,0.0,0.01,0.07,0.0,255,1,0.0,0.08,0.0,0.0,1.0,1.0,0.0,0.0,1,64755.0
0,0,14,9,520,0,0,0,0,0,0,0,0,0,0,0,0,0,0,0,0,0,441,441,0.0,0.0,0.0,0.0,1.0,0.0,0.0,183,183,1.0,0.0,1.0,0.0,0.0,0.0,0.0,0.0,1,4927.0
0,1,4,1,0,0,0,0,0,0,0,0,0,0,0,0,0,0,0,0,0,0,119,6,0.0,0.0,1.0,1.0,0.05,0.08,0.0,255,6,0.02,0.07,0.0,0.0,0.0,0.0,1.0,1.0,1,43734.0
0,0,13,9,8,0,0,0,0,0,0,0,0,0,0,0,0,0,0,0,0,0,1,11,0.0,0.0,0.0,0.0,1.0,0.0,1.0,2,52,1.0,0.0,1.0,0.5,0.0,0.0,0.0,0.0,1,111213.0
0,1,17,5,0,0,0,0,0,0,0,0,0,0,0,0,0,0,0,0,0,0,16,5,1.0,1.0,0.0,0.0,0.31,0.25,0.0,255,64,0.25,0.02,0.01,0.0,1.0,1.0,0.0,0.0,1,7284.0
0,1,22,9,220,451,0,0,0,0,0,1,0,0,0,0,0,0,0,0,0,0,35,37,0.0,0.0,0.0,0.0,1.0,0.0,0.05,93,255,1.0,0.0,0.01,0.03,0.0,0.0,0.0,0.0,0,21935.0
0,2,11,9,43,71,0,0,0,0,0,0,0,0,0,0,0,0,0,0,0,0,129,129,0.0,0.0,0.0,0.0,1.0,0.0,0.0,255,255,1.0,0.0,0.0,0.0,0.0,0.0,0.0,0.0,0,102968.0
0,0,13,9,8,0,0,0,0,0,0,0,0,0,0,0,0,0,0,0,0,0,1,46,0.0,0.0,0.0,0.0,1.0,0.0,1.0,1,113,1.0,0.0,1.0,0.5,0.0,0.0,0.0,0.0,1,48157.0
0,0,14,9,1032,0,0,0,0,0,0,0,0,0,0,0,0,0,0,0,0,0,511,511,0.0,0.0,0.0,0.0,1.0,0.0,0.0,255,122,0.48,0.02,0.48,0.0,0.02,0.0,0.0,0.0,1,52373.0
0,2,11,9,46,74,0,0,0,0,0,0,0,0,0,0,0,0,0,0,0,0,182,182,0.0,0.0,0.0,0.0,1.0,0.0,0.0,255,255,1.0,0.0,0.01,0.0,0.0,0.0,0.0,0.0,0,6273.0
0,0,58,9,78,0,0,0,0,0,0,0,0,0,0,0,0,0,0,0,0,0,31,1,0.0,0.0,0.0,0.0,0.03,0.06,0.0,255,19,0.07,0.01,0.07,0.0,0.0,0.0,0.0,0.0,0,58104.0
0,1,19,9,383,0,0,0,0,0,0,1,0,0,0,0,0,0,0,0,0,0,1,1,0.0,0.0,0.0,0.0,1.0,0.0,0.0,29,9,0.31,0.1,0.31,0.0,0.0,0.0,0.0,0.0,0,23643.0
0,1,22,9,301,480,0,0,0,0,0,1,0,0,0,0,0,0,0,0,0,0,13,14,0.0,0.0,0.0,0.0,1.0,0.0,0.14,216,255,1.0,0.0,0.0,0.01,0.0,0.0,0.0,0.0,0,23927.0
0,1,52,2,0,0,0,0,0,0,0,0,0,0,0,0,0,0,0,0,0,0,232,16,0.0,0.0,1.0,1.0,0.07,0.07,0.0,255,16,0.06,0.07,0.0,0.0,0.0,0.0,1.0,1.0,1,57835.0
0,1,27,5,0,0,0,0,0,0,0,0,0,0,0,0,0,0,0,0,0,0,74,13,1.0,1.0,0.0,0.0,0.18,0.05,0.0,255,13,0.05,0.05,0.0,0.0,1.0,1.0,0.0,0.0,1,79428.0
0,1,44,5,0,0,0,0,0,0,0,0,0,0,0,0,0,0,0,0,0,0,183,3,1.0,1.0,0.0,0.0,0.02,0.05,0.0,255,3,0.01,0.06,0.0,0.0,1.0,1.0,0.0,0.0,1,71125.0
0,2,11,9,44,74,0,0,0,0,0,0,0,0,0,0,0,0,0,0,0,0,124,125,0.0,0.0,0.0,0.0,0.99,0.02,0.02,255,241,0.95,0.01,0.0,0.0,0.0,0.0,0.0,0.0,0,81995.0
0,1,19,5,0,0,0,0,0,0,0,0,0,0,0,0,0,0,0,0,0,0,218,4,1.0,1.0,0.0,0.0,0.02,0.07,0.0,255,4,0.02,0.08,0.0,0.0,1.0,1.0,0.0,0.0,1,87629.0
0,1,57,9,0,4,0,0,0,0,0,0,0,0,0,0,0,0,0,0,0,0,1,1,0.0,0.0,0.0,0.0,1.0,0.0,0.0,21,21,1.0,0.0,0.05,0.0,0.1,0.1,0.0,0.0,0,105680.0
0,1,19,9,1556,0,0,0,0,0,0,1,0,0,0,0,0,0,0,0,0,0,6,8,0.0,0.0,0.0,0.0,1.0,0.0,0.25,255,94,0.37,0.02,0.37,0.0,0.0,0.0,0.03,0.0,0,86288.0
0,1,44,5,0,0,0,0,0,0,0,0,0,0,0,0,0,0,0,0,0,0,138,20,1.0,1.0,0.0,0.0,0.14,0.06,0.0,139,20,0.14,0.07,0.01,0.0,1.0,1.0,0.0,0.0,1,90364.0
0,1,22,9,352,1010,0,0,0,0,0,1,0,0,0,0,0,0,0,0,0,0,33,33,0.0,0.0,0.0,0.0,1.0,0.0,0.0,255,255,1.0,0.0,0.0,0.0,0.0,0.0,0.0,0.0,0,5732.0
0,1,32,1,0,0,0,0,0,0,0,0,0,0,0,0,0,0,0,0,0,0,253,19,0.0,0.0,1.0,1.0,0.08,0.06,0.0,255,31,0.12,0.07,0.0,0.0,0.0,0.0,1.0,1.0,1,43856.0
0,1,22,9,205,27280,0,0,0,0,0,1,0,0,0,0,0,0,0,0,0,0,2,3,0.0,0.0,0.0,0.0,1.0,0.0,0.67,2,255,1.0,0.0,0.5,0.02,0.0,0.0,0.0,0.0,0,111317.0
0,1,22,9,288,2055,0,0,0,0,0,1,0,0,0,0,0,0,0,0,0,0,17,35,0.0,0.0,0.0,0.0,1.0,0.0,0.06,255,255,1.0,0.0,0.0,0.0,0.0,0.0,0.0,0.0,0,1913.0
0,2,11,9,44,74,0,0,0,0,0,0,0,0,0,0,0,0,0,0,0,0,215,215,0.0,0.0,0.0,0.0,1.0,0.0,0.0,255,254,1.0,0.01,0.0,0.0,0.0,0.0,0.0,0.0,0,107595.0
0,1,22,5,0,0,0,0,0,0,0,0,0,0,0,0,0,0,0,0,0,0,1,1,1.0,1.0,0.0,0.0,1.0,0.0,0.0,255,39,0.15,0.04,0.0,0.0,1.0,1.0,0.0,0.0,1,52863.0
0,1,22,9,302,2507,0,0,0,0,0,1,0,0,0,0,0,0,0,0,0,0,5,16,0.0,0.0,0.0,0.0,1.0,0.0,0.19,169,159,0.94,0.02,0.01,0.0,0.01,0.0,0.0,0.0,0,122841.0
0,1,22,5,0,0,0,0,0,0,0,0,0,0,0,0,0,0,0,0,0,0,265,19,1.0,1.0,0.0,0.0,0.07,0.05,0.0,255,19,0.07,0.07,0.0,0.0,1.0,1.0,0.0,0.0,1,70741.0
0,1,22,9,231,2698,0,0,0,0,0,1,0,0,0,0,0,0,1,0,0,0,5,5,0.0,0.0,0.0,0.0,1.0,0.0,0.0,255,251,0.98,0.01,0.0,0.0,0.0,0.0,0.0,0.0,0,11454.0
0,0,13,9,30,0,0,0,0,0,0,0,0,0,0,0,0,0,0,0,0,0,2,2,0.0,0.0,0.0,0.0,1.0,0.0,0.0,139,139,1.0,0.0,1.0,0.0,0.0,0.0,0.0,0.0,0,84449.0
0,2,40,9,516,4,0,0,0,0,0,0,0,0,0,0,0,0,0,0,0,0,455,455,0.0,0.0,0.0,0.0,1.0,0.0,0.0,255,255,1.0,0.0,1.0,0.0,0.0,0.0,0.0,0.0,0,104204.0
0,1,19,9,8325,0,0,0,0,0,0,0,0,0,0,0,0,0,0,0,0,0,18,18,0.0,0.0,0.0,0.0,1.0,0.0,0.0,255,56,0.22,0.02,0.22,0.0,0.0,0.0,0.0,0.0,0,93540.0
0,1,22,9,284,1179,0,0,0,0,0,1,0,0,0,0,0,0,0,0,0,0,6,6,0.0,0.0,0.0,0.0,1.0,0.0,0.0,6,255,1.0,0.0,0.17,0.09,0.0,0.0,0.0,0.0,0,46829.0
0,1,9,5,0,0,0,0,0,0,0,0,0,0,0,0,0,0,0,0,0,0,239,5,1.0,1.0,0.0,0.0,0.02,0.05,0.0,255,5,0.02,0.06,0.0,0.0,1.0,1.0,0.0,0.0,1,84786.0
0,1,60,1,0,0,0,0,0,0,0,0,0,0,0,0,0,0,0,0,0,0,268,9,0.0,0.0,1.0,1.0,0.03,0.06,0.0,255,9,0.04,0.08,0.0,0.0,0.0,0.0,1.0,1.0,1,112714.0
0,1,22,9,284,2812,0,0,0,0,0,1,0,0,0,0,0,0,0,0,0,0,7,7,0.0,0.0,0.0,0.0,1.0,0.0,0.0,46,255,1.0,0.0,0.02,0.02,0.0,0.0,0.0,0.0,0,85306.0
0,1,44,5,0,0,0,0,0,0,0,0,0,0,0,0,0,0,0,0,0,0,113,14,1.0,1.0,0.0,0.0,0.12,0.05,0.0,255,12,0.05,0.07,0.0,0.0,1.0,1.0,0.0,0.0,1,74059.0
0,1,22,1,0,0,0,0,0,0,0,0,0,0,0,0,0,0,0,0,0,0,1,1,0.0,0.0,1.0,1.0,1.0,0.0,0.0,7,254,1.0,0.0,0.14,0.09,0.0,0.0,1.0,1.0,0,71987.0
0,1,22,9,346,258,0,0,0,0,0,1,0,0,0,0,0,0,0,0,0,0,12,13,0.0,0.0,0.0,0.0,1.0,0.0,0.15,255,255,1.0,0.0,0.0,0.0,0.0,0.0,0.0,0.0,0,64716.0
0,1,44,1,0,0,0,0,0,0,0,0,0,0,0,0,0,0,0,0,0,0,1,1,0.0,0.0,1.0,1.0,1.0,0.0,0.0,25,1,0.04,1.0,0.04,0.0,0.0,0.0,0.88,1.0,1,120606.0
0,1,5,5,0,0,0,0,0,0,0,0,0,0,0,0,0,0,0,0,0,0,98,5,1.0,1.0,0.0,0.0,0.05,0.05,0.0,255,5,0.02,0.05,0.0,0.0,1.0,1.0,0.0,0.0,1,87716.0
0,2,11,9,30,0,0,0,0,0,0,0,0,0,0,0,0,0,0,0,0,0,1,2,0.0,0.0,0.0,0.0,1.0,0.0,1.0,20,27,0.2,0.15,0.2,0.07,0.0,0.0,0.0,0.0,0,14028.0
0,1,22,9,54540,8314,0,0,0,2,0,1,1,0,0,0,0,0,0,0,0,0,2,2,0.0,0.0,0.0,0.0,1.0,0.0,0.0,80,80,1.0,0.0,0.01,0.0,0.0,0.0,0.01,0.01,1,42628.0
0,2,11,9,45,77,0,0,0,0,0,0,0,0,0,0,0,0,0,0,0,0,115,115,0.0,0.0,0.0,0.0,1.0,0.0,0.0,255,254,1.0,0.01,0.01,0.0,0.0,0.0,0.0,0.0,0,125383.0
62,1,49,9,1545,334,0,0,0,0,0,1,0,0,0,0,0,0,0,0,0,0,2,2,0.0,0.0,0.0,0.0,1.0,0.0,0.0,209,186,0.89,0.02,0.0,0.0,0.0,0.0,0.0,0.0,0,114321.0
0,1,22,9,318,664,0,0,0,0,0,1,0,0,0,0,0,0,0,0,0,0,20,21,0.0,0.0,0.0,0.0,1.0,0.0,0.1,220,255,1.0,0.0,0.0,0.03,0.0,0.0,0.0,0.0,0,34091.0
0,1,44,5,0,0,0,0,0,0,0,0,0,0,0,0,0,0,0,0,0,0,138,20,1.0,1.0,0.0,0.0,0.14,0.06,0.0,255,14,0.05,0.06,0.0,0.0,1.0,1.0,0.0,0.0,1,68474.0
0,1,25,5,0,0,0,0,0,0,0,0,0,0,0,0,0,0,0,0,0,0,219,16,1.0,1.0,0.0,0.0,0.07,0.05,0.0,255,16,0.06,0.06,0.0,0.0,1.0,1.0,0.0,0.0,1,83132.0
2,1,49,9,1546,336,0,0,0,0,0,1,0,0,0,0,0,0,0,0,0,0,1,2,0.0,0.0,0.0,0.0,1.0,0.0,1.0,193,168,0.58,0.02,0.01,0.01,0.0,0.0,0.0,0.0,0,38810.0
0,1,19,9,334,0,0,0,0,0,0,1,0,0,0,0,0,0,0,0,0,0,1,1,0.0,0.0,0.0,0.0,1.0,0.0,0.0,7,17,1.0,0.0,1.0,0.24,0.0,0.0,0.0,0.0,1,53039.0
0,1,17,9,6,0,0,0,0,0,0,0,0,0,0,0,0,0,0,0,0,0,1,1,0.0,0.0,0.0,0.0,1.0,0.0,0.0,44,10,0.07,0.05,0.02,0.2,0.0,0.0,0.0,0.0,0,96337.0
5040,1,19,9,5135678,0,0,0,0,3,0,1,0,0,0,0,0,0,0,0,0,0,1,1,0.0,0.0,0.0,0.0,1.0,0.0,0.0,5,37,1.0,0.0,1.0,0.14,0.0,0.0,0.0,0.0,1,97456.0
0,1,22,9,307,1925,0,0,0,0,0,1,0,0,0,0,0,0,0,0,0,0,17,25,0.0,0.0,0.0,0.0,1.0,0.0,0.12,255,255,1.0,0.0,0.0,0.0,0.0,0.0,0.0,0.0,0,80087.0
0,1,22,1,0,0,0,0,0,0,0,0,0,0,0,0,0,0,0,0,0,0,1,1,0.0,0.0,1.0,1.0,1.0,0.0,0.0,70,255,1.0,0.0,0.01,0.08,0.0,0.0,1.0,0.79,0,30945.0
8,1,49,9,1630,335,0,0,0,0,0,1,0,0,0,0,0,0,0,0,0,0,1,2,0.0,0.0,0.0,0.0,1.0,0.0,1.0,27,187,1.0,0.0,0.04,0.02,0.0,0.0,0.0,0.0,0,7270.0
1,1,49,9,1923,332,0,0,0,0,0,1,0,0,0,0,0,0,0,0,0,0,1,1,0.0,0.0,0.0,0.0,1.0,0.0,0.0,153,157,0.63,0.05,0.01,0.01,0.0,0.0,0.0,0.0,0,92763.0
0,0,13,9,8,0,0,0,0,0,0,0,0,0,0,0,0,0,0,0,0,0,1,36,0.0,0.0,0.0,0.0,1.0,0.0,1.0,1,55,1.0,0.0,1.0,0.51,0.0,0.0,0.0,0.0,1,43748.0
0,1,44,5,0,0,0,0,0,0,0,0,0,0,0,0,0,0,0,0,0,0,119,12,1.0,1.0,0.0,0.0,0.1,0.06,0.0,255,12,0.05,0.05,0.0,0.0,1.0,1.0,0.0,0.0,1,81272.0
0,0,14,9,1032,0,0,0,0,0,0,0,0,0,0,0,0,0,0,0,0,0,511,511,0.0,0.0,0.0,0.0,1.0,0.0,0.0,255,126,0.49,0.02,0.49,0.0,0.01,0.0,0.02,0.0,1,27983.0
1,1,49,9,1330,331,0,0,0,0,0,1,0,0,0,0,0,0,0,0,0,0,1,4,0.0,0.0,0.0,0.0,1.0,0.0,1.0,71,137,0.38,0.07,0.01,0.02,0.0,0.0,0.0,0.0,0,115763.0
47,1,55,9,2402,3816,0,0,0,3,0,1,2,1,0,0,0,0,0,0,0,0,1,1,0.0,0.0,0.0,0.0,1.0,0.0,0.0,10,10,1.0,0.0,0.1,0.0,0.0,0.0,0.1,0.1,1,76815.0
0,1,17,9,7,268,0,0,0,0,0,0,0,0,0,0,0,0,0,0,0,0,1,1,0.0,0.0,0.0,0.0,1.0,0.0,0.0,157,8,0.05,0.04,0.01,0.0,0.0,0.0,0.0,0.0,0,56464.0
0,1,19,9,383,0,0,0,0,0,0,1,0,0,0,0,0,0,0,0,0,0,2,3,0.0,0.0,0.0,0.0,1.0,0.0,0.67,143,57,0.38,0.03,0.38,0.04,0.0,0.0,0.0,0.0,0,18753.0
0,1,61,5,0,0,0,0,0,0,0,0,0,0,0,0,0,0,0,0,0,0,297,20,1.0,1.0,0.0,0.0,0.07,0.05,0.0,255,20,0.08,0.07,0.0,0.0,1.0,1.0,0.0,0.0,1,90558.0
0,1,44,5,0,0,0,0,0,0,0,0,0,0,0,0,0,0,0,0,0,0,215,19,1.0,1.0,0.0,0.0,0.09,0.05,0.0,255,17,0.07,0.07,0.0,0.0,1.0,1.0,0.0,0.0,1,49906.0
0,0,13,9,8,0,0,0,0,0,0,0,0,0,0,0,0,0,0,0,0,0,1,35,0.0,0.0,0.0,0.0,1.0,0.0,1.0,3,95,1.0,0.0,1.0,0.25,0.0,0.0,0.0,0.0,1,64263.0
0,0,14,9,1480,0,0,1,0,0,0,0,0,0,0,0,0,0,0,0,0,0,18,18,0.0,0.0,0.0,0.0,1.0,0.0,0.0,102,18,0.18,0.04,0.18,0.0,0.0,0.0,0.0,0.0,1,93569.0
0,0,14,9,8,0,0,0,0,0,0,0,0,0,0,0,0,0,0,0,0,0,3,3,0.0,0.0,0.0,0.0,1.0,0.0,0.0,4,4,1.0,0.0,1.0,0.0,0.0,0.0,0.0,0.0,1,55227.0
0,1,27,5,0,0,0,0,0,0,0,0,0,0,0,0,0,0,0,0,0,0,99,15,1.0,1.0,0.0,0.0,0.15,0.08,0.0,255,15,0.06,0.07,0.0,0.0,1.0,1.0,0.0,0.0,1,70803.0
0,1,44,5,0,0,0,0,0,0,0,0,0,0,0,0,0,0,0,0,0,0,135,18,1.0,1.0,0.0,0.0,0.13,0.06,0.0,255,18,0.07,0.05,0.0,0.0,1.0,1.0,0.0,0.0,1,29876.0
0,1,35,1,0,0,0,0,0,0,0,0,0,0,0,0,0,0,0,0,0,0,158,16,0.0,0.0,1.0,1.0,0.1,0.07,0.0,255,16,0.06,0.07,0.0,0.0,0.0,0.0,1.0,1.0,1,32487.0
4625,2,40,9,146,105,0,0,0,0,0,0,0,0,0,0,0,0,0,0,0,0,5,2,0.0,0.0,0.0,0.0,0.4,0.6,0.0,255,2,0.01,0.83,1.0,0.0,0.0,0.0,0.0,0.0,0,77141.0
0,2,44,9,28,0,0,3,0,0,0,0,0,0,0,0,0,0,0,0,0,0,53,53,0.0,0.0,0.0,0.0,1.0,0.0,0.0,255,53,0.21,0.04,0.21,0.0,0.02,0.0,0.0,0.0,1,25888.0
0,1,49,9,861,331,0,0,0,0,0,1,0,0,0,0,0,0,0,0,0,0,1,1,0.0,0.0,0.0,0.0,1.0,0.0,0.0,161,197,0.76,0.03,0.01,0.01,0.0,0.0,0.0,0.0,0,5612.0
0,1,19,9,194,0,0,0,0,0,0,0,0,0,0,0,0,0,0,0,0,0,1,1,0.0,0.0,0.0,0.0,1.0,0.0,0.0,26,22,0.85,0.12,0.85,0.0,0.0,0.0,0.0,0.0,0,46028.0
0,1,22,9,223,4712,0,0,0,0,0,1,0,0,0,0,0,0,0,0,0,0,11,12,0.0,0.0,0.0,0.0,1.0,0.0,0.17,96,255,1.0,0.0,0.01,0.02,0.0,0.0,0.03,0.01,0,85395.0
0,1,44,5,0,0,0,0,0,0,0,0,0,0,0,0,0,0,0,0,0,0,101,11,1.0,1.0,0.0,0.0,0.11,0.06,0.0,255,6,0.02,0.07,0.0,0.0,1.0,1.0,0.0,0.0,1,69329.0
0,1,22,9,226,2531,0,0,0,0,0,1,0,0,0,0,0,0,0,0,0,0,5,5,0.0,0.0,0.0,0.0,1.0,0.0,0.0,30,30,1.0,0.0,0.03,0.0,0.0,0.0,0.0,0.0,0,124724.0
0,1,22,9,205,2424,0,0,0,0,0,1,0,0,0,0,0,0,0,0,0,0,5,5,0.0,0.0,0.0,0.0,1.0,0.0,0.0,98,255,1.0,0.0,0.01,0.03,0.0,0.0,0.0,0.0,0,75707.0
0,1,44,5,0,0,0,0,0,0,0,0,0,0,0,0,0,0,0,0,0,0,23,4,1.0,1.0,0.0,0.0,0.17,0.13,0.0,255,17,0.07,0.07,0.0,0.0,1.0,1.0,0.0,0.0,1,19695.0
0,1,22,9,265,608,0,0,0,0,0,1,0,0,0,0,0,0,0,0,0,0,1,1,0.0,0.0,0.0,0.0,1.0,0.0,0.0,19,255,1.0,0.0,0.05,0.02,0.0,0.0,0.0,0.0,0,108112.0
0,1,32,5,0,0,0,0,0,0,0,0,0,0,0,0,0,0,0,0,0,0,204,18,1.0,1.0,0.0,0.0,0.09,0.06,0.0,255,18,0.07,0.07,0.0,0.0,1.0,1.0,0.0,0.0,1,33797.0
0,1,44,5,0,0,0,0,0,0,0,0,0,0,0,0,0,0,0,0,0,0,64,14,1.0,1.0,0.0,0.0,0.22,0.06,0.0,255,14,0.05,0.06,0.0,0.0,1.0,1.0,0.0,0.0,1,38334.0
0,0,13,9,8,0,0,0,0,0,0,0,0,0,0,0,0,0,0,0,0,0,1,31,0.0,0.0,0.0,0.0,1.0,0.0,1.0,3,115,1.0,0.0,1.0,0.25,0.0,0.0,0.0,0.0,1,89145.0
0,1,22,9,229,2701,0,0,0,0,0,1,0,0,0,0,0,0,0,0,0,0,3,22,0.33,0.09,0.0,0.0,1.0,0.0,0.14,59,255,1.0,0.0,0.02,0.03,0.03,0.01,0.0,0.0,0,49400.0
0,1,22,9,244,1088,0,0,0,0,0,1,0,0,0,0,0,0,0,0,0,0,24,40,0.0,0.0,0.0,0.0,1.0,0.0,0.05,255,255,1.0,0.0,0.0,0.0,0.0,0.0,0.0,0.0,0,4444.0
0,1,5,5,0,0,0,0,0,0,0,0,0,0,0,0,0,0,0,0,0,0,101,1,1.0,1.0,0.0,0.0,0.01,0.07,0.0,255,1,0.0,0.07,0.0,0.0,1.0,1.0,0.0,0.0,1,68482.0
0,1,8,2,0,0,0,0,0,0,0,0,0,0,0,0,0,0,0,0,0,0,149,20,0.0,0.0,1.0,1.0,0.13,0.05,0.0,255,14,0.05,0.06,0.0,0.0,0.0,0.0,1.0,1.0,1,120661.0
0,1,22,9,224,5260,0,0,0,0,0,1,0,0,0,0,0,0,0,0,0,0,13,22,0.0,0.0,0.0,0.0,1.0,0.0,0.14,255,255,1.0,0.0,0.0,0.0,0.0,0.0,0.0,0.0,0,65235.0
0,1,22,9,238,1471,0,0,0,0,0,1,0,0,0,0,0,0,0,0,0,0,7,7,0.0,0.0,0.0,0.0,1.0,0.0,0.0,241,255,1.0,0.0,0.0,0.01,0.0,0.0,0.0,0.0,0,125166.0
10125,1,18,9,1018,2197,0,0,0,19,0,1,0,0,0,0,0,0,0,0,0,1,1,1,0.0,0.0,0.0,0.0,1.0,0.0,0.0,255,9,0.04,0.02,0.0,0.0,0.18,0.0,0.0,0.0,1,50571.0
0,1,22,9,278,2241,0,0,0,0,0,1,0,0,0,0,0,0,0,0,0,0,2,4,0.0,0.0,0.0,0.0,1.0,0.0,0.5,255,255,1.0,0.0,0.0,0.0,0.0,0.0,0.0,0.0,0,84106.0
0,1,22,9,455,296,0,0,0,0,0,1,0,0,0,0,0,0,0,0,0,0,4,4,0.0,0.0,0.0,0.0,1.0,0.0,0.0,255,255,1.0,0.0,0.01,0.0,0.0,0.0,0.0,0.0,0,116842.0
0,1,22,5,0,0,0,0,0,0,0,0,0,0,0,0,0,0,0,0,0,0,176,9,1.0,1.0,0.0,0.0,0.05,0.06,0.0,255,9,0.04,0.05,0.0,0.0,1.0,1.0,0.0,0.0,1,111983.0
0,1,22,9,204,601,0,0,0,0,0,1,0,0,0,0,0,0,0,0,0,0,32,32,0.0,0.0,0.0,0.0,1.0,0.0,0.0,255,255,1.0,0.0,0.0,0.0,0.0,0.0,0.0,0.0,0,83962.0
0,1,22,9,320,15080,0,0,0,0,0,1,0,0,0,0,0,0,0,0,0,0,3,3,0.0,0.0,0.0,0.0,1.0,0.0,0.0,255,255,1.0,0.0,0.0,0.0,0.0,0.0,0.0,0.0,0,116259.0
0,1,5,1,0,0,0,0,0,0,0,0,0,0,0,0,0,0,0,0,0,0,146,17,0.0,0.0,1.0,1.0,0.12,0.05,0.0,255,17,0.07,0.05,0.0,0.0,0.0,0.0,1.0,1.0,1,113654.0
0,1,44,1,0,0,0,0,0,0,0,0,0,0,0,0,0,0,0,0,0,0,258,10,0.0,0.0,1.0,1.0,0.04,0.07,0.0,255,10,0.04,0.09,0.0,0.0,0.0,0.0,1.0,1.0,1,97120.0
0,1,34,5,0,0,0,0,0,0,0,0,0,0,0,0,0,0,0,0,0,0,125,10,1.0,1.0,0.0,0.0,0.08,0.06,0.0,255,10,0.04,0.07,0.0,0.0,1.0,1.0,0.0,0.0,1,77044.0
0,1,22,9,304,2507,0,0,0,0,0,1,0,0,0,0,0,0,0,0,0,0,5,6,0.0,0.0,0.0,0.17,1.0,0.0,0.33,255,248,0.97,0.01,0.0,0.0,0.0,0.0,0.0,0.0,0,19050.0
0,1,22,9,276,313,0,0,0,0,0,1,0,0,0,0,0,0,0,0,0,0,4,40,0.25,0.05,0.0,0.0,1.0,0.0,0.2,255,255,1.0,0.0,0.0,0.0,0.0,0.0,0.0,0.0,0,107147.0
0,1,22,9,181,10333,0,0,0,0,0,1,0,0,0,0,0,0,0,0,0,0,5,5,0.0,0.0,0.0,0.0,1.0,0.0,0.0,153,255,1.0,0.0,0.01,0.03,0.01,0.01,0.0,0.0,0,86926.0
0,2,44,9,105,146,0,0,0,0,0,0,0,0,0,0,0,0,0,0,0,0,1,1,0.0,0.0,0.0,0.0,1.0,0.0,0.0,14,10,0.71,0.14,0.07,0.0,0.0,0.0,0.0,0.0,0,102609.0
0,1,44,10,0,0,0,0,0,0,0,0,0,0,0,0,0,0,0,0,0,0,1,1,1.0,1.0,0.0,0.0,1.0,0.0,0.0,78,1,0.01,0.87,0.9,0.0,0.9,1.0,0.0,0.0,1,102258.0
0,1,22,9,204,255,0,0,0,0,0,1,0,0,0,0,0,0,0,0,0,0,4,12,0.0,0.0,0.0,0.0,1.0,0.0,0.17,130,255,1.0,0.0,0.01,0.03,0.0,0.01,0.0,0.01,0,119152.0
0,1,44,5,0,0,0,0,0,0,0,0,0,0,0,0,0,0,0,0,0,0,189,1,1.0,1.0,0.0,0.0,0.01,0.07,0.0,255,18,0.07,0.07,0.0,0.0,1.0,1.0,0.0,0.0,1,56251.0
0,1,40,1,0,0,0,0,0,0,0,0,0,0,0,0,0,0,0,0,0,0,511,1,0.18,0.0,0.82,1.0,0.0,1.0,0.0,255,1,0.0,1.0,0.0,0.0,0.17,0.0,0.83,1.0,1,101221.0
0,1,22,9,209,4173,0,0,0,0,0,1,0,0,0,0,0,0,0,0,0,0,16,16,0.0,0.0,0.0,0.0,1.0,0.0,0.0,16,255,1.0,0.0,0.06,0.02,0.0,0.0,0.0,0.0,0,74797.0
0,2,11,9,45,45,0,0,0,0,0,0,0,0,0,0,0,0,0,0,0,0,128,127,0.0,0.0,0.0,0.0,0.99,0.02,0.0,255,254,1.0,0.01,0.0,0.0,0.0,0.0,0.0,0.0,0,47960.0
0,1,4,5,0,0,0,0,0,0,0,0,0,0,0,0,0,0,0,0,0,0,236,7,1.0,1.0,0.0,0.0,0.03,0.06,0.0,255,7,0.03,0.06,0.0,0.0,1.0,1.0,0.0,0.0,1,121491.0
0,1,22,9,302,18308,0,0,0,0,0,1,0,0,0,0,0,0,0,0,0,0,2,2,0.0,0.0,0.0,0.0,1.0,0.0,0.0,127,255,1.0,0.0,0.01,0.01,0.0,0.0,0.0,0.0,0,9570.0
26,1,18,9,343,1063,0,0,0,6,0,1,0,0,0,0,0,0,0,0,0,1,1,1,0.0,0.0,0.0,0.0,1.0,0.0,0.0,97,25,0.26,0.05,0.01,0.0,0.0,0.0,0.01,0.04,0,1580.0
0,1,44,1,0,0,0,0,0,0,0,0,0,0,0,0,0,0,0,0,0,0,146,18,0.0,0.0,1.0,1.0,0.12,0.05,0.0,255,10,0.04,0.08,0.0,0.0,0.0,0.0,1.0,1.0,1,93.0
0,1,22,9,211,305,0,0,0,0,0,1,0,0,0,0,0,0,0,0,0,0,15,15,0.0,0.0,0.0,0.0,1.0,0.0,0.0,255,255,1.0,0.0,0.0,0.0,0.0,0.0,0.0,0.0,0,7246.0
0,1,24,5,0,0,0,0,0,0,0,0,0,0,0,0,0,0,0,0,0,0,256,2,1.0,1.0,0.0,0.0,0.01,0.05,0.0,255,3,0.01,0.08,0.0,0.0,1.0,1.0,0.0,0.0,1,27298.0
0,1,54,1,0,0,0,0,0,0,0,0,0,0,0,0,0,0,0,0,0,0,133,7,0.0,0.0,1.0,1.0,0.05,0.07,0.0,255,5,0.02,0.06,0.0,0.0,0.0,0.0,1.0,1.0,1,64245.0
0,1,22,9,303,2239,0,0,0,0,0,1,0,0,0,0,0,0,0,0,0,0,2,2,0.0,0.0,0.0,0.0,1.0,0.0,0.0,255,245,0.96,0.01,0.0,0.0,0.0,0.0,0.0,0.0,0,7416.0
0,1,22,9,360,255,0,0,0,0,0,1,0,0,0,0,0,0,0,0,0,0,7,8,0.0,0.0,0.0,0.0,1.0,0.0,0.25,47,255,1.0,0.0,0.02,0.04,0.0,0.0,0.0,0.0,0,47419.0
0,1,22,1,0,0,0,0,0,0,0,0,0,0,0,0,0,0,0,0,0,0,1,2,0.0,0.0,1.0,1.0,1.0,0.0,1.0,1,255,1.0,0.0,1.0,0.19,0.0,0.01,1.0,0.99,0,20346.0
0,1,19,5,0,0,0,0,0,0,0,0,0,0,0,0,0,0,0,0,0,0,214,4,1.0,1.0,0.0,0.0,0.02,0.07,0.0,255,4,0.02,0.08,0.0,0.0,1.0,1.0,0.0,0.0,1,31624.0
0,1,17,9,9,174,0,0,0,0,0,0,0,0,0,0,0,0,0,0,0,0,1,1,0.0,0.0,0.0,0.0,1.0,0.0,0.0,1,3,1.0,0.0,1.0,0.67,0.0,0.0,0.0,0.0,0,87277.0
0,1,22,1,0,0,0,0,0,0,0,0,0,0,0,0,0,0,0,0,0,0,1,1,0.0,0.0,1.0,1.0,1.0,0.0,0.0,79,232,1.0,0.0,0.01,0.13,0.0,0.0,0.95,0.98,0,7719.0
0,1,32,5,0,0,0,0,0,0,0,0,0,0,0,0,0,0,0,0,0,0,288,15,1.0,1.0,0.0,0.0,0.05,0.06,0.0,255,6,0.02,0.08,0.0,0.0,1.0,1.0,0.0,0.0,1,14887.0
0,1,22,9,249,346,0,0,0,0,0,1,0,0,0,0,0,0,0,0,0,0,1,14,0.0,0.0,0.0,0.0,1.0,0.0,0.21,5,255,1.0,0.0,0.2,0.02,0.0,0.0,0.0,0.0,0,91488.0
1,1,19,9,501760,0,0,0,0,0,0,1,0,0,0,0,0,0,0,0,0,0,1,1,0.0,0.0,0.0,0.0,1.0,0.0,0.0,45,32,0.6,0.04,0.6,0.06,0.0,0.0,0.0,0.0,0,119913.0
0,1,19,9,276,0,0,0,0,0,0,0,0,0,0,0,0,0,0,0,0,0,1,1,0.0,0.0,0.0,0.0,1.0,0.0,0.0,166,25,0.13,0.04,0.13,0.08,0.0,0.0,0.0,0.0,0,98971.0
0,1,44,5,0,0,0,0,0,0,0,0,0,0,0,0,0,0,0,0,0,0,123,17,1.0,1.0,0.0,0.0,0.14,0.07,0.0,255,8,0.03,0.06,0.0,0.0,1.0,1.0,0.0,0.0,1,70075.0
0,1,44,5,0,0,0,0,0,0,0,0,0,0,0,0,0,0,0,0,0,0,217,17,1.0,1.0,0.0,0.0,0.08,0.06,0.0,255,8,0.03,0.06,0.0,0.0,1.0,1.0,0.0,0.0,1,54823.0
0,1,22,9,275,1418,0,0,0,0,0,1,0,0,0,0,0,0,0,0,0,0,10,14,0.0,0.0,0.0,0.0,1.0,0.0,0.29,18,255,1.0,0.0,0.06,0.04,0.0,0.01,0.0,0.0,0,88622.0
0,1,44,1,0,0,0,0,0,0,0,0,0,0,0,0,0,0,0,0,0,0,500,1,0.06,0.0,0.93,1.0,0.0,1.0,0.0,255,1,0.0,1.0,0.0,0.0,0.08,0.0,0.91,1.0,1,12265.0
0,1,44,5,0,0,0,0,0,0,0,0,0,0,0,0,0,0,0,0,0,0,210,2,1.0,1.0,0.0,0.0,0.01,0.07,0.0,255,19,0.07,0.09,0.0,0.0,1.0,1.0,0.0,0.0,1,112269.0
0,1,19,9,12,0,0,0,0,0,0,0,0,0,0,0,0,0,0,0,0,0,1,1,0.0,0.0,0.0,0.0,1.0,0.0,0.0,255,5,0.02,0.01,0.02,0.0,0.0,0.0,0.0,0.0,0,97064.0
0,1,22,9,197,10257,0,0,0,0,0,1,0,0,0,0,0,0,0,0,0,0,46,46,0.0,0.0,0.0,0.0,1.0,0.0,0.0,203,255,1.0,0.0,0.01,0.01,0.0,0.0,0.0,0.0,0,63015.0
0,1,22,9,326,1285,0,0,0,0,0,1,0,0,0,0,0,0,0,0,0,0,20,20,0.0,0.0,0.0,0.0,1.0,0.0,0.0,255,255,1.0,0.0,0.0,0.0,0.0,0.0,0.0,0.0,0,80757.0
0,1,22,9,293,5540,0,0,0,0,0,1,0,0,0,0,0,0,0,0,0,0,2,2,0.5,0.5,0.0,0.0,1.0,0.0,0.0,4,255,1.0,0.0,0.25,0.04,0.25,0.0,0.0,0.0,0,75054.0
0,1,20,5,0,0,0,0,0,0,0,0,0,0,0,0,0,0,0,0,0,0,32,5,1.0,1.0,0.0,0.0,0.16,0.12,0.0,255,5,0.02,0.08,0.0,0.0,1.0,1.0,0.0,0.0,1,18035.0
0,1,22,9,234,4073,0,0,0,0,0,1,0,0,0,0,0,0,0,0,0,0,2,5,0.0,0.0,0.0,0.0,1.0,0.0,0.4,255,255,1.0,0.0,0.0,0.0,0.0,0.0,0.0,0.0,0,84245.0
0,1,22,9,311,7656,0,0,0,0,0,1,0,0,0,0,0,0,0,0,0,0,14,14,0.0,0.0,0.0,0.0,1.0,0.0,0.0,14,255,1.0,0.0,0.07,0.07,0.0,0.0,0.0,0.0,0,48443.0
0,1,44,5,0,0,0,0,0,0,0,0,0,0,0,0,0,0,0,0,0,0,87,10,1.0,1.0,0.0,0.0,0.11,0.07,0.0,255,12,0.05,0.06,0.0,0.0,1.0,1.0,0.0,0.0,1,111464.0
0,1,19,1,0,0,0,0,0,0,0,0,0,0,0,0,0,0,0,0,0,0,1,1,0.0,0.0,1.0,1.0,1.0,0.0,0.0,1,1,1.0,0.0,1.0,0.0,0.0,0.0,1.0,1.0,0,100281.0
0,1,22,1,0,0,0,0,0,0,0,0,0,0,0,0,0,0,0,0,0,0,1,1,0.0,0.0,1.0,1.0,1.0,0.0,0.0,10,255,1.0,0.0,0.1,0.06,0.0,0.0,0.6,0.54,0,81119.0
0,1,62,5,0,0,0,0,0,0,0,0,0,0,0,0,0,0,0,0,0,0,260,14,1.0,1.0,0.0,0.0,0.05,0.05,0.0,255,14,0.05,0.05,0.0,0.0,1.0,1.0,0.0,0.0,1,16439.0
135,1,55,9,73,1718,0,0,0,0,0,1,0,0,0,0,0,0,0,0,0,0,1,1,0.0,0.0,0.0,0.0,1.0,0.0,0.0,158,27,0.17,0.03,0.01,0.0,0.0,0.0,0.01,0.04,0,123415.0
0,1,61,1,0,0,0,0,0,0,0,0,0,0,0,0,0,0,0,0,0,0,263,4,0.0,0.0,1.0,1.0,0.02,0.06,0.0,255,4,0.02,0.07,0.0,0.0,0.0,0.0,1.0,1.0,1,118794.0
0,1,61,5,0,0,0,0,0,0,0,0,0,0,0,0,0,0,0,0,0,0,120,9,1.0,1.0,0.0,0.0,0.08,0.06,0.0,255,9,0.04,0.05,0.0,0.0,1.0,1.0,0.0,0.0,1,71591.0
0,1,22,9,296,2507,0,0,0,0,0,1,0,0,0,0,0,0,0,0,0,0,6,6,0.0,0.0,0.0,0.0,1.0,0.0,0.0,255,252,0.99,0.01,0.0,0.0,0.0,0.0,0.0,0.0,0,58511.0
0,1,44,1,0,0,0,0,0,0,0,0,0,0,0,0,0,0,0,0,0,0,1,1,0.0,0.0,1.0,1.0,1.0,0.0,0.0,14,2,0.07,1.0,0.07,1.0,0.0,0.0,0.93,1.0,1,11517.0
0,2,44,9,207,0,0,0,0,0,0,0,0,0,0,0,0,0,0,0,0,0,2,2,0.0,0.0,0.0,0.0,1.0,0.0,0.0,46,38,0.83,0.04,0.83,0.0,0.0,0.0,0.0,0.0,1,37661.0
0,1,44,1,0,0,0,0,0,0,0,0,0,0,0,0,0,0,0,0,0,0,222,11,0.0,0.0,1.0,1.0,0.05,0.06,0.0,255,11,0.04,0.06,0.0,0.0,0.0,0.0,1.0,1.0,1,86645.0
0,0,13,9,8,0,0,0,0,0,0,0,0,0,0,0,0,0,0,0,0,0,1,43,0.0,0.0,0.0,0.0,1.0,0.0,1.0,2,100,1.0,0.0,1.0,0.5,0.0,0.0,0.0,0.0,1,99589.0
0,1,23,5,0,0,0,0,0,0,0,0,0,0,0,0,0,0,0,0,0,0,128,20,1.0,1.0,0.0,0.0,0.16,0.07,0.0,255,20,0.08,0.07,0.0,0.0,1.0,1.0,0.0,0.0,1,21192.0
0,1,19,9,192,0,0,0,0,0,0,1,0,0,0,0,0,0,0,0,0,0,2,2,0.0,0.0,0.0,0.0,1.0,0.0,0.0,255,116,0.45,0.03,0.45,0.0,0.0,0.0,0.0,0.0,0,83492.0
12774,2,40,9,147,105,0,0,0,0,0,0,0,0,0,0,0,0,0,0,0,0,1,1,0.0,0.0,0.0,0.0,1.0,0.0,0.0,255,3,0.01,0.52,0.95,0.0,0.0,0.0,0.0,0.0,0,3738.0
0,0,14,9,1480,0,0,1,0,0,0,0,0,0,0,0,0,0,0,0,0,0,2,4,0.0,0.0,0.0,0.0,1.0,0.0,0.5,4,151,1.0,0.0,1.0,0.08,0.0,0.0,0.0,0.0,1,105677.0
0,2,11,9,45,129,0,0,0,0,0,0,0,0,0,0,0,0,0,0,0,0,70,142,0.0,0.0,0.0,0.0,1.0,0.0,0.01,255,255,1.0,0.0,0.0,0.0,0.0,0.0,0.0,0.0,0,10231.0
0,1,22,9,298,290,0,0,0,0,0,1,0,0,0,0,0,0,0,0,0,0,16,28,0.0,0.0,0.0,0.0,1.0,0.0,0.11,255,255,1.0,0.0,0.0,0.0,0.0,0.0,0.0,0.0,0,23605.0
0,1,22,5,0,0,0,0,0,0,0,0,0,0,0,0,0,0,0,0,0,0,7,6,1.0,1.0,0.0,0.0,0.86,0.29,0.0,255,58,0.23,0.04,0.0,0.0,1.0,1.0,0.0,0.0,1,25577.0
0,1,44,1,0,0,0,0,0,0,0,0,0,0,0,0,0,0,0,0,0,0,132,20,0.0,0.0,1.0,1.0,0.15,0.07,0.0,57,5,0.09,0.11,0.02,0.0,0.0,0.0,1.0,1.0,1,106586.0
0,1,22,9,245,2096,0,0,0,0,0,1,0,0,0,0,0,0,0,0,0,0,7,14,0.0,0.0,0.0,0.0,1.0,0.0,0.29,255,255,1.0,0.0,0.0,0.0,0.0,0.0,0.0,0.0,0,110792.0
0,1,22,2,257,0,0,0,0,2,0,1,0,0,0,0,0,0,0,0,0,0,1,1,0.0,0.0,1.0,1.0,1.0,0.0,0.0,142,255,1.0,0.0,0.01,0.03,0.0,0.0,0.01,0.01,0,13024.0
0,1,19,9,11,0,0,0,0,0,0,1,0,0,0,0,0,0,0,0,0,0,2,3,0.0,0.0,0.0,0.0,1.0,0.0,0.67,255,26,0.1,0.05,0.1,0.0,0.53,0.0,0.02,0.0,0,45583.0
0,2,40,9,1,0,0,0,0,0,0,0,0,0,0,0,0,0,0,0,0,0,6,6,0.0,0.0,0.0,0.0,1.0,0.0,0.0,255,6,0.02,0.15,0.42,0.0,0.0,0.0,0.51,0.0,1,81686.0
0,1,22,6,305,29200,0,0,0,0,0,1,0,0,0,0,0,0,0,0,0,0,1,1,1.0,1.0,0.0,0.0,1.0,0.0,0.0,255,255,1.0,0.0,0.0,0.0,0.0,0.0,0.0,0.0,0,30807.0
0,0,13,9,8,0,0,0,0,0,0,0,0,0,0,0,0,0,0,0,0,0,1,25,0.0,0.0,0.0,0.0,1.0,0.0,1.0,2,255,1.0,0.0,1.0,0.5,0.0,0.0,0.0,0.0,1,69800.0
0,1,22,9,212,1227,0,0,0,0,0,1,0,0,0,0,0,0,0,0,0,0,3,4,0.0,0.0,0.0,0.0,1.0,0.0,0.5,81,81,1.0,0.0,0.01,0.0,0.0,0.0,0.0,0.0,0,96672.0
0,1,22,9,221,3048,0,0,0,0,0,1,0,0,0,0,0,0,0,0,0,0,1,22,0.0,0.0,0.0,0.0,1.0,0.0,0.09,21,255,1.0,0.0,0.05,0.09,0.0,0.0,0.0,0.0,0,116658.0
0,1,22,9,297,498,0,0,0,0,0,1,0,0,0,0,0,0,0,0,0,0,12,30,0.0,0.0,0.0,0.0,1.0,0.0,0.13,255,255,1.0,0.0,0.0,0.0,0.0,0.0,0.0,0.0,0,18502.0
0,1,22,9,291,3643,0,0,0,0,0,1,0,0,0,0,0,0,0,0,0,0,16,16,0.0,0.0,0.0,0.0,1.0,0.0,0.0,16,255,1.0,0.0,0.06,0.02,0.0,0.0,0.0,0.0,0,10610.0
0,1,5,1,0,0,0,0,0,0,0,0,0,0,0,0,0,0,0,0,0,0,144,15,0.0,0.0,1.0,1.0,0.1,0.06,0.0,255,15,0.06,0.06,0.0,0.0,0.0,0.0,1.0,1.0,1,124497.0
0,1,22,9,215,337,0,0,0,0,0,1,0,0,0,0,0,0,0,0,0,0,21,22,0.0,0.0,0.0,0.0,1.0,0.0,0.09,255,255,1.0,0.0,0.0,0.0,0.0,0.0,0.0,0.0,0,57570.0
0,1,19,9,1030,0,0,0,0,0,0,1,0,0,0,0,0,0,0,0,0,0,2,2,0.0,0.0,0.0,0.0,1.0,0.0,0.0,255,47,0.18,0.05,0.18,0.0,0.39,0.0,0.02,0.0,0,77023.0
0,1,49,9,1052,284,0,0,0,0,0,1,0,0,0,0,0,0,0,0,0,0,1,1,0.0,0.0,0.0,0.0,1.0,0.0,0.0,127,174,0.66,0.04,0.01,0.01,0.0,0.0,0.0,0.0,0,15205.0
0,2,11,9,44,85,0,0,0,0,0,0,0,0,0,0,0,0,0,0,0,0,301,301,0.0,0.0,0.0,0.0,1.0,0.0,0.0,255,254,1.0,0.01,0.0,0.0,0.0,0.0,0.0,0.0,0,76370.0
0,1,42,9,35,130,0,0,0,0,0,1,0,0,0,0,0,0,0,0,0,0,1,1,0.0,0.0,0.0,0.0,1.0,0.0,0.0,71,3,0.03,0.07,0.01,0.67,0.0,0.0,0.0,0.0,0,124911.0
0,1,22,9,227,1971,0,0,0,0,0,1,0,0,0,0,0,0,0,0,0,0,2,4,0.0,0.0,0.0,0.0,1.0,0.0,0.75,126,255,1.0,0.0,0.01,0.01,0.0,0.0,0.0,0.0,0,11404.0
0,1,22,9,218,522,0,0,0,0,0,1,0,0,0,0,0,0,0,0,0,0,27,27,0.0,0.0,0.0,0.0,1.0,0.0,0.0,255,255,1.0,0.0,0.0,0.0,0.0,0.0,0.0,0.0,0,118461.0
0,1,57,4,0,0,0,0,0,0,0,0,0,0,0,0,0,0,0,0,0,0,1,1,0.0,0.0,1.0,1.0,1.0,0.0,0.0,255,1,0.0,0.16,0.15,0.0,0.0,0.0,0.15,1.0,1,308.0
0,1,21,5,0,0,0,0,0,0,0,0,0,0,0,0,0,0,0,0,0,0,26,8,1.0,1.0,0.0,0.0,0.31,0.19,0.0,255,9,0.04,0.08,0.0,0.0,1.0,1.0,0.0,0.0,1,65297.0
0,1,22,9,310,259,0,0,0,0,0,1,0,0,0,0,0,0,0,0,0,0,6,6,0.0,0.0,0.0,0.0,1.0,0.0,0.0,69,142,1.0,0.0,0.01,0.06,0.0,0.0,0.0,0.01,0,91549.0
0,1,44,1,0,0,0,0,0,0,0,0,0,0,0,0,0,0,0,0,0,0,105,6,0.0,0.0,1.0,1.0,0.06,0.07,0.0,6,6,1.0,0.0,0.17,0.0,0.0,0.0,1.0,1.0,1,103594.0
0,1,44,5,0,0,0,0,0,0,0,0,0,0,0,0,0,0,0,0,0,0,140,12,1.0,1.0,0.0,0.0,0.09,0.06,0.0,255,29,0.11,0.06,0.0,0.0,1.0,1.0,0.0,0.0,1,1534.0
0,1,22,9,350,13336,0,0,0,0,0,1,0,0,0,0,0,0,0,0,0,0,12,12,0.0,0.0,0.0,0.0,1.0,0.0,0.0,34,255,1.0,0.0,0.03,0.03,0.0,0.0,0.0,0.0,0,13509.0
0,1,44,5,0,0,0,0,0,0,0,0,0,0,0,0,0,0,0,0,0,0,244,18,1.0,1.0,0.0,0.0,0.07,0.07,0.0,255,18,0.07,0.09,0.0,0.0,1.0,1.0,0.0,0.0,1,14113.0
0,1,44,1,0,0,0,0,0,0,0,0,0,0,0,0,0,0,0,0,0,0,93,4,0.0,0.0,1.0,1.0,0.04,0.06,0.0,255,2,0.01,0.06,0.0,0.0,0.0,0.0,1.0,1.0,1,23510.0
0,1,7,5,0,0,0,0,0,0,0,0,0,0,0,0,0,0,0,0,0,0,219,17,1.0,1.0,0.0,0.0,0.08,0.06,0.0,255,17,0.07,0.07,0.0,0.0,1.0,1.0,0.0,0.0,1,19664.0
0,1,44,5,0,0,0,0,0,0,0,0,0,0,0,0,0,0,0,0,0,0,178,25,1.0,1.0,0.0,0.0,0.14,0.04,0.0,255,25,0.1,0.05,0.0,0.0,1.0,1.0,0.0,0.0,1,124378.0
0,0,14,9,1032,0,0,0,0,0,0,0,0,0,0,0,0,0,0,0,0,0,511,511,0.0,0.0,0.0,0.0,1.0,0.0,0.0,255,120,0.47,0.17,0.47,0.0,0.0,0.0,0.0,0.0,1,27273.0
0,1,22,9,252,6673,0,0,0,0,0,1,0,0,0,0,0,0,0,0,0,0,6,9,0.0,0.0,0.0,0.0,1.0,0.0,0.33,255,255,1.0,0.0,0.0,0.0,0.0,0.0,0.0,0.0,0,37420.0
0,0,13,9,8,0,0,0,0,0,0,0,0,0,0,0,0,0,0,0,0,0,1,3,0.0,0.0,0.0,0.0,1.0,0.0,1.0,2,82,1.0,0.0,1.0,0.5,0.0,0.0,0.0,0.0,1,39753.0
0,1,22,9,193,4826,0,0,0,0,0,1,0,0,0,0,0,0,0,0,0,0,7,7,0.0,0.0,0.0,0.0,1.0,0.0,0.0,40,255,1.0,0.0,0.03,0.05,0.0,0.0,0.0,0.0,0,92380.0
0,1,42,5,0,0,0,0,0,0,0,0,0,0,0,0,0,0,0,0,0,0,222,2,1.0,1.0,0.0,0.0,0.01,0.07,0.0,255,2,0.01,0.08,0.0,0.0,1.0,1.0,0.0,0.0,1,116931.0
0,2,11,9,53,119,0,0,0,0,0,0,0,0,0,0,0,0,0,0,0,0,1,1,0.0,0.0,0.0,0.0,1.0,0.0,0.0,255,251,0.98,0.01,0.0,0.0,0.0,0.0,0.0,0.0,0,106196.0
0,1,37,5,0,0,0,0,0,0,0,0,0,0,0,0,0,0,0,0,0,0,129,5,1.0,1.0,0.0,0.0,0.04,0.07,0.0,255,5,0.02,0.06,0.0,0.0,1.0,1.0,0.0,0.0,1,84818.0
0,2,11,9,44,76,0,0,0,0,0,0,0,0,0,0,0,0,0,0,0,0,176,176,0.0,0.0,0.0,0.0,1.0,0.0,0.0,255,255,1.0,0.0,0.01,0.0,0.0,0.0,0.0,0.0,0,123329.0
0,1,44,5,0,0,0,0,0,0,0,0,0,0,0,0,0,0,0,0,0,0,66,6,1.0,1.0,0.0,0.0,0.09,0.06,0.0,255,17,0.07,0.07,0.0,0.0,1.0,1.0,0.0,0.0,1,116845.0
0,1,44,5,0,0,0,0,0,0,0,0,0,0,0,0,0,0,0,0,0,0,144,16,1.0,1.0,0.0,0.0,0.11,0.08,0.0,255,16,0.06,0.08,0.0,0.0,1.0,1.0,0.0,0.0,1,111622.0
0,1,22,9,241,750,0,0,0,0,0,1,0,0,0,0,0,0,0,0,0,0,9,15,0.0,0.0,0.0,0.0,1.0,0.0,0.2,95,255,1.0,0.0,0.01,0.04,0.0,0.0,0.0,0.0,0,53280.0
0,1,40,1,0,0,0,0,0,0,0,0,0,0,0,0,0,0,0,0,0,0,511,1,0.14,0.0,0.85,1.0,0.0,1.0,0.0,255,1,0.0,1.0,0.0,0.0,0.11,0.0,0.89,1.0,1,87387.0
0,1,52,5,0,0,0,0,0,0,0,0,0,0,0,0,0,0,0,0,0,0,146,21,1.0,1.0,0.0,0.0,0.14,0.04,0.0,255,21,0.08,0.05,0.0,0.0,1.0,1.0,0.0,0.0,1,20983.0
0,1,44,1,0,0,0,0,0,0,0,0,0,0,0,0,0,0,0,0,0,0,314,1,0.07,0.0,0.89,1.0,0.0,1.0,0.0,255,1,0.0,1.0,0.0,0.0,0.08,0.0,0.89,1.0,1,124847.0
0,2,40,9,147,0,0,0,0,0,0,0,0,0,0,0,0,0,0,0,0,0,1,1,0.0,0.0,0.0,0.0,1.0,0.0,0.0,255,2,0.01,0.45,0.83,0.0,0.0,0.0,0.0,0.0,0,111247.0
0,1,22,9,221,2367,0,0,0,0,0,1,0,0,0,0,0,0,0,0,0,0,2,2,0.0,0.0,0.0,0.0,1.0,0.0,0.0,222,255,1.0,0.0,0.0,0.02,0.0,0.0,0.0,0.0,0,89076.0
0,2,44,9,1,0,0,0,0,0,0,0,0,0,0,0,0,0,0,0,0,0,61,23,0.0,0.0,0.0,0.0,0.38,0.08,0.0,255,57,0.22,0.18,1.0,0.0,0.0,0.0,0.0,0.0,1,73092.0
0,1,22,9,229,6341,0,0,0,0,0,1,0,0,0,0,0,0,0,0,0,0,10,10,0.0,0.0,0.0,0.0,1.0,0.0,0.0,16,255,1.0,0.0,0.06,0.07,0.0,0.0,0.0,0.0,0,17253.0
0,1,19,9,1363,0,0,0,0,0,0,1,0,0,0,0,0,0,0,0,0,0,23,23,0.0,0.0,0.0,0.0,1.0,0.0,0.0,139,105,0.57,0.04,0.57,0.02,0.0,0.0,0.0,0.0,0,101924.0
0,1,19,5,0,0,0,0,0,0,0,0,0,0,0,0,0,0,0,0,0,0,50,11,1.0,1.0,0.0,0.0,0.22,0.08,0.0,255,63,0.25,0.02,0.01,0.0,1.0,1.0,0.0,0.0,1,40.0
0,1,22,9,229,2239,0,0,0,0,0,1,0,0,0,0,0,0,0,0,0,0,5,5,0.0,0.0,0.0,0.0,1.0,0.0,0.0,255,247,0.97,0.01,0.0,0.0,0.0,0.0,0.0,0.0,0,61671.0
0,1,22,9,335,8275,0,0,0,0,0,1,0,0,0,0,0,0,0,0,0,0,5,5,0.0,0.0,0.0,0.0,1.0,0.0,0.0,41,255,1.0,0.0,0.02,0.04,0.02,0.0,0.0,0.0,0,14077.0
0,1,22,9,234,5280,0,0,0,0,0,1,0,0,0,0,0,0,0,0,0,0,3,3,0.0,0.0,0.0,0.0,1.0,0.0,0.0,255,255,1.0,0.0,0.0,0.0,0.0,0.0,0.0,0.0,0,10350.0
0,2,44,9,1,0,0,0,0,0,0,0,0,0,0,0,0,0,0,0,0,0,15,1,0.0,0.0,0.0,0.0,0.07,0.47,0.0,255,1,0.0,0.74,0.31,0.0,0.03,0.0,0.67,0.0,1,103574.0
0,1,44,5,0,0,0,0,0,0,0,0,0,0,0,0,0,0,0,0,0,0,284,7,1.0,1.0,0.0,0.0,0.02,0.06,0.0,255,9,0.04,0.08,0.0,0.0,1.0,1.0,0.0,0.0,1,91402.0
0,1,50,5,0,0,0,0,0,0,0,0,0,0,0,0,0,0,0,0,0,0,292,17,1.0,1.0,0.0,0.0,0.06,0.05,0.0,255,17,0.07,0.06,0.0,0.0,1.0,1.0,0.0,0.0,1,5250.0
0,1,44,5,0,0,0,0,0,0,0,0,0,0,0,0,0,0,0,0,0,0,243,10,1.0,1.0,0.0,0.0,0.04,0.05,0.0,104,10,0.1,0.1,0.01,0.0,0.87,1.0,0.01,0.0,1,95032.0
0,1,19,9,63,0,0,0,0,0,0,0,0,0,0,0,0,0,0,0,0,0,1,1,0.0,0.0,0.0,0.0,1.0,0.0,0.0,210,7,0.0,0.01,0.0,0.29,0.95,0.0,0.0,0.0,0,7463.0
0,1,54,5,0,0,0,0,0,0,0,0,0,0,0,0,0,0,0,0,0,0,123,1,1.0,1.0,0.0,0.0,0.01,0.07,0.0,255,1,0.0,0.09,0.0,0.0,1.0,1.0,0.0,0.0,1,110751.0
0,1,44,5,0,0,0,0,0,0,0,0,0,0,0,0,0,0,0,0,0,0,129,18,1.0,1.0,0.0,0.0,0.14,0.05,0.0,89,5,0.06,0.12,0.01,0.0,1.0,1.0,0.0,0.0,1,55757.0
0,1,22,9,221,21761,0,0,0,0,0,1,0,0,0,0,0,0,0,0,0,0,8,8,0.0,0.0,0.0,0.0,1.0,0.0,0.0,69,255,1.0,0.0,0.01,0.04,0.0,0.0,0.0,0.0,0,6761.0
0,2,11,9,46,129,0,0,0,0,0,0,0,0,0,0,0,0,0,0,0,0,119,185,0.0,0.0,0.0,0.0,0.99,0.02,0.01,255,214,0.84,0.02,0.0,0.0,0.0,0.0,0.0,0.0,0,61098.0
0,1,22,9,336,1352,0,0,0,0,0,1,0,0,0,0,0,0,0,0,0,0,9,35,0.0,0.0,0.0,0.0,1.0,0.0,0.06,75,255,1.0,0.0,0.01,0.04,0.0,0.0,0.0,0.0,0,7010.0
0,1,25,5,0,0,0,0,0,0,0,0,0,0,0,0,0,0,0,0,0,0,254,19,1.0,1.0,0.0,0.0,0.07,0.06,0.0,255,19,0.07,0.08,0.0,0.0,1.0,1.0,0.0,0.0,1,77659.0
0,2,11,9,44,142,0,0,0,0,0,0,0,0,0,0,0,0,0,0,0,0,71,149,0.0,0.0,0.0,0.0,1.0,0.0,0.01,255,232,0.91,0.01,0.01,0.0,0.0,0.0,0.0,0.0,0,106897.0
0,1,22,1,0,0,0,0,0,0,0,0,0,0,0,0,0,0,0,0,0,0,1,1,0.0,0.0,1.0,1.0,1.0,0.0,0.0,6,255,1.0,0.0,0.17,0.19,0.0,0.0,1.0,0.82,0,25825.0
0,1,22,5,0,0,0,0,0,0,0,0,0,0,0,0,0,0,0,0,0,0,280,8,1.0,1.0,0.0,0.0,0.03,0.06,0.0,255,7,0.03,0.06,0.0,0.0,1.0,1.0,0.0,0.0,1,51671.0
0,1,19,9,6601,0,0,0,0,0,0,0,0,0,0,0,0,0,0,0,0,0,12,24,0.0,0.0,0.0,0.0,1.0,0.0,0.08,255,78,0.31,0.03,0.31,0.0,0.0,0.0,0.0,0.0,0,77845.0
2,1,18,2,0,133,0,0,0,0,0,0,0,0,0,0,0,0,0,0,0,0,1,1,0.0,0.0,1.0,1.0,1.0,0.0,0.0,2,41,0.5,1.0,0.5,0.07,0.0,0.0,1.0,0.05,1,88724.0
0,1,22,9,247,760,0,0,0,0,0,1,0,0,0,0,0,0,0,0,0,0,7,7,0.0,0.0,0.0,0.0,1.0,0.0,0.0,56,255,1.0,0.0,0.02,0.01,0.0,0.0,0.0,0.0,0,73949.0
0,1,22,8,199,10449,0,0,0,0,0,1,0,0,0,0,0,0,0,0,0,0,5,5,0.2,0.2,0.0,0.0,1.0,0.0,0.0,13,255,1.0,0.0,0.08,0.05,0.08,0.0,0.0,0.0,0,18834.0
0,1,59,5,0,0,0,0,0,0,0,0,0,0,0,0,0,0,0,0,0,0,126,8,1.0,1.0,0.0,0.0,0.06,0.06,0.0,255,10,0.04,0.06,0.0,0.0,1.0,1.0,0.0,0.0,1,64306.0
0,1,44,5,0,0,0,0,0,0,0,0,0,0,0,0,0,0,0,0,0,0,133,17,1.0,1.0,0.0,0.0,0.13,0.05,0.0,255,7,0.03,0.07,0.0,0.0,1.0,1.0,0.0,0.0,1,32436.0
0,1,22,9,302,2143,0,0,0,0,0,1,0,0,0,0,0,0,0,0,0,0,1,1,0.0,0.0,0.0,0.0,1.0,0.0,0.0,255,255,1.0,0.0,0.0,0.0,0.0,0.0,0.0,0.0,0,88367.0
0,1,44,1,0,0,0,0,0,0,0,0,0,0,0,0,0,0,0,0,0,0,144,14,0.0,0.0,1.0,1.0,0.1,0.06,0.0,255,29,0.11,0.05,0.0,0.0,0.0,0.0,1.0,1.0,1,1036.0
0,1,3,5,0,0,0,0,0,0,0,0,0,0,0,0,0,0,0,0,0,0,277,25,1.0,1.0,0.0,0.0,0.09,0.04,0.0,255,25,0.1,0.05,0.0,0.0,1.0,1.0,0.0,0.0,1,84113.0
0,1,44,5,0,0,0,0,0,0,0,0,0,0,0,0,0,0,0,0,0,0,113,8,1.0,1.0,0.0,0.0,0.07,0.06,0.0,255,15,0.06,0.07,0.0,0.0,1.0,1.0,0.0,0.0,1,106904.0
0,1,22,9,297,1343,0,0,0,0,0,1,0,0,0,0,0,0,0,0,0,0,3,3,0.0,0.0,0.0,0.0,1.0,0.0,0.0,14,255,1.0,0.0,0.07,0.02,0.0,0.0,0.0,0.0,0,80962.0
0,1,22,1,0,0,0,0,0,0,0,0,0,0,0,0,0,0,0,0,0,0,11,11,0.0,0.0,0.82,0.82,1.0,0.0,0.0,45,255,1.0,0.0,0.02,0.17,0.0,0.0,0.93,0.99,0,53362.0
0,1,22,9,302,509,0,0,0,0,0,1,0,0,0,0,0,0,0,0,0,0,6,6,0.0,0.0,0.0,0.0,1.0,0.0,0.0,18,255,1.0,0.0,0.06,0.05,0.0,0.0,0.0,0.0,0,46018.0
0,0,14,9,520,0,0,0,0,0,0,0,0,0,0,0,0,0,0,0,0,0,459,459,0.0,0.0,0.0,0.0,1.0,0.0,0.0,216,216,1.0,0.0,1.0,0.0,0.0,0.0,0.0,0.0,1,111378.0
0,1,22,9,353,2251,0,0,0,0,0,1,0,0,0,0,0,0,0,0,0,0,2,2,0.0,0.0,0.0,0.0,1.0,0.0,0.0,255,255,1.0,0.0,0.0,0.0,0.0,0.0,0.0,0.0,0,17687.0
0,1,8,2,0,0,0,0,0,0,0,0,0,0,0,0,0,0,0,0,0,0,263,12,0.0,0.0,1.0,1.0,0.05,0.06,0.0,255,12,0.05,0.06,0.0,0.0,0.0,0.0,1.0,1.0,1,63234.0
0,1,22,9,233,886,0,0,0,0,0,1,0,0,0,0,0,0,0,0,0,0,4,6,0.0,0.0,0.0,0.0,1.0,0.0,0.33,255,255,1.0,0.0,0.0,0.0,0.0,0.0,0.0,0.0,0,109694.0
0,1,17,5,0,0,0,0,0,0,0,0,0,0,0,0,0,0,0,0,0,0,284,21,1.0,1.0,0.0,0.0,0.07,0.05,0.0,255,21,0.08,0.05,0.0,0.0,1.0,1.0,0.0,0.0,1,45402.0
0,1,44,5,0,0,0,0,0,0,0,0,0,0,0,0,0,0,0,0,0,0,122,2,1.0,1.0,0.0,0.0,0.02,0.07,0.0,70,2,0.03,0.1,0.01,0.0,1.0,1.0,0.0,0.0,1,3359.0
0,1,35,5,0,0,0,0,0,0,0,0,0,0,0,0,0,0,0,0,0,0,108,3,1.0,1.0,0.0,0.0,0.03,0.07,0.0,255,3,0.01,0.08,0.0,0.0,1.0,1.0,0.0,0.0,1,115665.0
0,1,22,9,239,2431,0,0,0,0,0,1,0,0,0,0,0,0,0,0,0,0,4,11,0.0,0.0,0.0,0.0,1.0,0.0,0.45,177,255,1.0,0.0,0.01,0.01,0.0,0.0,0.0,0.0,0,116687.0
0,1,34,5,0,0,0,0,0,0,0,0,0,0,0,0,0,0,0,0,0,0,235,8,1.0,1.0,0.0,0.0,0.03,0.06,0.0,255,8,0.03,0.05,0.0,0.0,1.0,1.0,0.0,0.0,1,38991.0
0,1,44,1,0,0,0,0,0,0,0,0,0,0,0,0,0,0,0,0,0,0,1,1,0.0,0.0,1.0,1.0,1.0,0.0,0.0,53,1,0.02,1.0,0.02,0.0,0.0,0.0,0.91,1.0,1,4631.0
91,1,49,9,6979,328,0,0,0,0,0,1,0,0,0,0,0,0,0,0,0,0,1,1,0.0,0.0,0.0,0.0,1.0,0.0,0.0,161,77,0.16,0.44,0.01,0.03,0.0,0.0,0.41,0.0,0,45345.0
0,2,11,9,44,130,0,0,0,0,0,0,0,0,0,0,0,0,0,0,0,0,128,208,0.0,0.0,0.0,0.0,0.99,0.02,0.01,255,254,1.0,0.01,0.0,0.0,0.0,0.0,0.0,0.0,0,39643.0
0,1,19,9,10073,0,0,0,0,0,0,0,0,0,0,0,0,0,0,0,0,0,15,15,0.0,0.0,0.0,0.0,1.0,0.0,0.0,244,67,0.27,0.02,0.27,0.0,0.0,0.0,0.0,0.0,0,1705.0
0,1,20,1,0,0,0,0,0,0,0,0,0,0,0,0,0,0,0,0,0,0,111,18,0.0,0.0,1.0,1.0,0.16,0.05,0.0,255,18,0.07,0.09,0.0,0.0,0.0,0.0,1.0,1.0,1,36081.0
0,1,22,9,237,3119,0,0,0,0,0,1,0,0,0,0,0,0,0,0,0,0,7,7,0.0,0.0,0.0,0.0,1.0,0.0,0.0,46,255,1.0,0.0,0.02,0.02,0.0,0.0,0.0,0.0,0,14157.0
0,1,22,9,266,7782,0,0,0,0,0,1,0,0,0,0,0,0,0,0,0,0,15,15,0.0,0.0,0.0,0.0,1.0,0.0,0.0,87,221,1.0,0.0,0.01,0.02,0.0,0.0,0.0,0.0,0,49012.0
0,1,19,5,0,0,0,0,0,0,0,0,0,0,0,0,0,0,0,0,0,0,2,1,1.0,1.0,0.0,0.0,0.5,1.0,0.0,255,70,0.27,0.02,0.0,0.0,1.0,1.0,0.0,0.0,1,59005.0
0,1,44,5,0,0,0,0,0,0,0,0,0,0,0,0,0,0,0,0,0,0,145,6,1.0,1.0,0.0,0.0,0.04,0.06,0.0,95,6,0.06,0.07,0.01,0.0,1.0,1.0,0.0,0.0,1,1625.0
1,1,18,9,1257,2451,0,0,0,28,0,1,0,0,0,0,0,0,0,0,0,1,1,1,0.0,0.0,0.0,0.0,1.0,0.0,0.0,255,80,0.31,0.02,0.0,0.0,0.0,0.0,0.0,0.0,1,46276.0
0,2,11,9,147,46,0,0,0,0,0,0,0,0,0,0,0,0,0,0,0,0,248,247,0.0,0.0,0.0,0.0,1.0,0.01,0.0,137,104,0.76,0.01,0.22,0.0,0.0,0.0,0.0,0.0,0,40587.0
0,1,22,9,248,9309,0,0,0,0,0,1,0,0,0,0,0,0,0,0,0,0,5,11,0.0,0.0,0.0,0.0,1.0,0.0,0.18,255,255,1.0,0.0,0.0,0.0,0.0,0.0,0.0,0.0,0,25596.0
38404,1,44,4,1,0,0,0,0,0,0,0,0,0,0,0,0,0,0,0,0,0,2,2,0.0,0.0,1.0,1.0,1.0,0.0,0.0,255,2,0.01,0.51,1.0,0.0,0.0,0.0,1.0,1.0,1,13159.0
0,1,22,9,274,4841,0,0,0,0,0,1,0,0,0,0,0,0,0,0,0,0,2,3,0.0,0.0,0.0,0.0,1.0,0.0,0.67,109,255,1.0,0.0,0.01,0.03,0.0,0.0,0.0,0.0,0,63065.0
0,1,40,1,0,0,0,0,0,0,0,0,0,0,0,0,0,0,0,0,0,0,509,1,0.21,0.0,0.78,1.0,0.0,1.0,0.0,255,1,0.0,1.0,0.0,0.0,0.15,0.0,0.85,1.0,1,62585.0
0,0,14,9,1032,0,0,0,0,0,0,0,0,0,0,0,0,0,0,0,0,0,53,53,0.0,0.0,0.0,0.0,1.0,0.0,0.0,171,77,0.45,0.04,0.45,0.0,0.01,0.0,0.37,0.0,1,10409.0
0,1,22,9,210,3754,0,0,0,0,0,1,0,0,0,0,0,0,0,0,0,0,18,18,0.0,0.0,0.0,0.0,1.0,0.0,0.0,62,255,1.0,0.0,0.02,0.02,0.0,0.01,0.0,0.0,0,361.0
0,2,11,9,45,135,0,0,0,0,0,0,0,0,0,0,0,0,0,0,0,0,153,233,0.0,0.0,0.0,0.0,1.0,0.0,0.01,255,255,1.0,0.0,0.0,0.0,0.0,0.0,0.0,0.0,0,113186.0
0,1,22,9,327,369,0,0,0,0,0,1,0,0,0,0,0,0,0,0,0,0,3,3,0.0,0.0,0.0,0.0,1.0,0.0,0.0,16,255,1.0,0.0,0.06,0.01,0.0,0.0,0.0,0.0,0,105195.0
0,1,55,5,0,0,0,0,0,0,0,0,0,0,0,0,0,0,0,0,0,0,61,14,1.0,1.0,0.0,0.0,0.23,0.07,0.0,255,61,0.24,0.02,0.01,0.0,1.0,1.0,0.0,0.0,1,70146.0
0,1,22,9,410,10161,0,0,0,0,0,1,0,0,0,0,0,0,0,0,0,0,23,23,0.0,0.0,0.0,0.0,1.0,0.0,0.0,67,245,1.0,0.0,0.01,0.2,0.0,0.0,0.18,0.78,0,21299.0
0,1,22,9,305,313,0,0,0,0,0,1,0,0,0,0,0,0,0,0,0,0,15,19,0.0,0.0,0.0,0.0,1.0,0.0,0.11,255,255,1.0,0.0,0.0,0.0,0.0,0.0,0.0,0.0,0,52788.0
0,1,44,1,0,0,0,0,0,0,0,0,0,0,0,0,0,0,0,0,0,0,1,1,0.0,0.0,1.0,1.0,1.0,0.0,0.0,40,1,0.03,1.0,0.03,0.0,0.0,0.0,0.9,1.0,1,115315.0
2,1,49,9,1335,327,0,0,0,0,0,1,0,0,0,0,0,0,0,0,0,0,1,3,0.0,0.0,0.0,0.0,1.0,0.0,1.0,31,27,0.87,0.13,0.03,0.0,0.0,0.0,0.0,0.0,0,52423.0
0,1,41,1,0,0,0,0,0,0,0,0,0,0,0,0,0,0,0,0,0,0,196,6,0.0,0.0,1.0,1.0,0.03,0.07,0.0,255,6,0.02,0.09,0.0,0.0,0.0,0.0,1.0,1.0,1,75064.0
0,1,19,9,637,0,0,0,0,0,0,1,0,0,0,0,0,0,0,0,0,0,5,5,0.0,0.0,0.0,0.0,1.0,0.0,0.0,255,103,0.4,0.02,0.4,0.0,0.0,0.0,0.0,0.0,0,112396.0
0,2,44,9,1,0,0,0,0,0,0,0,0,0,0,0,0,0,0,0,0,0,17,6,0.0,0.0,0.0,0.0,0.35,0.41,0.0,255,6,0.02,0.22,1.0,0.0,0.0,0.0,0.0,0.0,1,15783.0
0,1,44,5,0,0,0,0,0,0,0,0,0,0,0,0,0,0,0,0,0,0,111,6,1.0,1.0,0.0,0.0,0.05,0.07,0.0,255,4,0.02,0.07,0.0,0.0,1.0,1.0,0.0,0.0,1,23237.0
0,1,44,4,0,0,0,0,0,0,0,0,0,0,0,0,0,0,0,0,0,0,1,1,0.0,0.0,1.0,1.0,1.0,0.0,0.0,102,1,0.01,0.08,0.04,0.0,0.0,0.0,0.03,1.0,1,103392.0
0,1,22,9,148,14602,0,0,0,2,0,1,0,0,0,0,0,0,0,0,0,0,2,3,0.0,0.0,0.0,0.0,1.0,0.0,0.67,255,255,1.0,0.0,0.0,0.0,0.0,0.0,0.0,0.0,0,34353.0
0,1,22,9,159,33208,0,0,0,0,0,1,0,0,0,0,0,0,0,0,0,0,7,7,0.0,0.0,0.0,0.0,1.0,0.0,0.0,255,255,1.0,0.0,0.0,0.0,0.0,0.0,0.0,0.0,0,41416.0
0,1,34,5,0,0,0,0,0,0,0,0,0,0,0,0,0,0,0,0,0,0,285,16,1.0,1.0,0.0,0.0,0.06,0.06,0.0,255,1,0.0,0.08,0.0,0.0,1.0,1.0,0.0,0.0,1,71372.0
0,1,22,9,306,607,0,0,0,0,0,1,0,0,0,0,0,0,0,0,0,0,14,14,0.0,0.0,0.0,0.0,1.0,0.0,0.0,255,255,1.0,0.0,0.0,0.0,0.01,0.01,0.02,0.02,0,19364.0
0,1,22,9,223,923,0,0,0,0,0,1,0,0,0,0,0,0,0,0,0,0,4,5,0.0,0.0,0.0,0.0,1.0,0.0,0.4,205,255,1.0,0.0,0.0,0.02,0.0,0.0,0.0,0.0,0,1454.0
0,0,13,9,8,0,0,0,0,0,0,0,0,0,0,0,0,0,0,0,0,0,1,15,0.0,0.0,0.0,0.0,1.0,0.0,1.0,2,98,1.0,0.0,1.0,0.5,0.0,0.0,0.0,0.0,1,86694.0
0,1,22,9,206,511,0,0,0,0,0,1,0,0,0,0,0,0,0,0,0,0,27,29,0.0,0.0,0.0,0.0,1.0,0.0,0.1,255,255,1.0,0.0,0.0,0.0,0.0,0.0,0.0,0.0,0,99593.0
0,1,44,5,0,0,0,0,0,0,0,0,0,0,0,0,0,0,0,0,0,0,165,12,1.0,1.0,0.0,0.0,0.07,0.06,0.0,255,12,0.05,0.05,0.0,0.0,1.0,1.0,0.0,0.0,1,103212.0
0,0,14,9,30,0,0,0,0,0,0,0,0,0,0,0,0,0,0,0,0,0,1,1,0.0,0.0,0.0,0.0,1.0,0.0,0.0,10,11,1.0,0.0,1.0,0.18,0.0,0.0,0.0,0.0,0,89484.0
0,1,18,2,0,0,0,0,0,0,0,0,0,0,0,0,0,0,0,0,0,0,1,1,0.0,0.0,1.0,1.0,1.0,0.0,0.0,126,27,0.21,0.04,0.01,0.0,0.0,0.0,0.04,0.07,0,122258.0
0,1,17,5,0,0,0,0,0,0,0,0,0,0,0,0,0,0,0,0,0,0,49,12,1.0,1.0,0.0,0.0,0.24,0.08,0.0,255,56,0.22,0.02,0.01,0.0,1.0,1.0,0.0,0.0,1,104605.0
0,1,22,9,351,484,0,0,0,0,0,1,0,0,0,0,0,0,0,0,0,0,5,6,0.0,0.0,0.0,0.0,1.0,0.0,0.33,255,255,1.0,0.0,0.0,0.0,0.0,0.0,0.0,0.0,0,35729.0
0,1,44,5,0,0,0,0,0,0,0,0,0,0,0,0,0,0,0,0,0,0,170,15,1.0,1.0,0.0,0.0,0.09,0.06,0.0,255,15,0.06,0.05,0.0,0.0,1.0,1.0,0.0,0.0,1,8129.0
0,1,19,1,0,0,0,0,0,0,0,0,0,0,0,0,0,0,0,0,0,0,219,10,0.0,0.0,1.0,1.0,0.05,0.07,0.0,255,10,0.04,0.07,0.0,0.0,0.0,0.0,1.0,1.0,1,109377.0
0,1,19,9,19,0,0,0,0,0,0,1,0,0,0,0,0,0,0,0,0,0,1,1,0.0,0.0,0.0,0.0,1.0,0.0,0.0,255,60,0.24,0.02,0.06,0.0,0.61,0.65,0.0,0.0,0,110214.0
1,1,49,9,768,331,0,0,0,0,0,1,0,0,0,0,0,0,0,0,0,0,1,1,0.0,0.0,0.0,0.0,1.0,0.0,0.0,114,113,0.57,0.04,0.01,0.02,0.0,0.0,0.0,0.0,0,5431.0
0,1,22,9,228,1451,0,0,0,0,0,1,0,0,0,0,0,0,0,0,0,0,9,9,0.11,0.11,0.0,0.0,1.0,0.0,0.0,255,255,1.0,0.0,0.0,0.0,0.0,0.0,0.0,0.0,0,85209.0
0,1,37,5,0,0,0,0,0,0,0,0,0,0,0,0,0,0,0,0,0,0,287,22,1.0,1.0,0.0,0.0,0.08,0.05,0.0,255,22,0.09,0.07,0.0,0.0,1.0,1.0,0.0,0.0,1,76922.0
0,1,59,2,0,0,0,0,0,0,0,0,0,0,0,0,0,0,0,0,0,0,112,7,0.0,0.0,1.0,1.0,0.06,0.08,0.0,255,7,0.03,0.07,0.0,0.0,0.0,0.0,1.0,1.0,1,74278.0
0,2,11,9,44,44,0,0,0,0,0,0,0,0,0,0,0,0,0,0,0,0,80,141,0.0,0.0,0.0,0.0,1.0,0.0,0.03,255,255,1.0,0.0,0.01,0.0,0.0,0.0,0.0,0.0,0,78247.0
0,1,44,5,0,0,0,0,0,0,0,0,0,0,0,0,0,0,0,0,0,0,116,9,1.0,1.0,0.0,0.0,0.08,0.07,0.0,255,9,0.04,0.06,0.0,0.0,1.0,1.0,0.0,0.0,1,119151.0
0,1,2,1,0,0,0,0,0,0,0,0,0,0,0,0,0,0,0,0,0,0,209,6,0.0,0.0,1.0,1.0,0.03,0.07,0.0,255,6,0.02,0.07,0.0,0.0,0.0,0.0,1.0,1.0,1,121847.0
0,1,44,5,0,0,0,0,0,0,0,0,0,0,0,0,0,0,0,0,0,0,208,8,1.0,1.0,0.0,0.0,0.04,0.06,0.0,255,8,0.03,0.05,0.0,0.0,1.0,1.0,0.0,0.0,1,96221.0
0,1,22,9,202,2295,0,0,0,0,0,1,0,0,0,0,0,0,0,0,0,0,1,1,0.0,0.0,0.0,0.0,1.0,0.0,0.0,10,255,1.0,0.0,0.1,0.01,0.0,0.0,0.0,0.0,0,86895.0
0,1,19,9,11,0,0,0,0,0,0,1,0,0,0,0,0,0,0,0,0,0,2,2,0.0,0.0,0.0,0.0,1.0,0.0,0.0,112,107,0.31,0.63,0.3,0.02,0.0,0.0,0.61,0.01,0,103231.0
0,2,11,9,44,131,0,0,0,0,0,0,0,0,0,0,0,0,0,0,0,0,238,318,0.0,0.0,0.0,0.0,1.0,0.0,0.01,255,253,0.99,0.01,0.0,0.0,0.0,0.0,0.0,0.0,0,60289.0
21003,1,44,4,1,0,0,0,0,0,0,0,0,0,0,0,0,0,0,0,0,0,2,2,0.0,0.0,1.0,1.0,1.0,0.0,0.0,255,2,0.01,0.63,1.0,0.0,0.0,0.0,1.0,1.0,1,96035.0
0,1,22,9,270,6824,0,0,0,0,0,1,0,0,0,0,0,0,0,0,0,0,1,1,0.0,0.0,0.0,0.0,1.0,0.0,0.0,4,255,1.0,0.0,0.25,0.03,0.0,0.0,0.0,0.0,0,35116.0
0,2,11,9,46,128,0,0,0,0,0,0,0,0,0,0,0,0,0,0,0,0,53,203,0.0,0.0,0.0,0.0,1.0,0.0,0.02,193,196,0.79,0.02,0.7,0.01,0.0,0.0,0.07,0.0,0,43609.0
0,1,19,9,4753,0,0,0,0,0,0,1,0,0,0,0,0,1,0,0,0,0,17,16,0.0,0.0,0.0,0.0,0.94,0.12,0.0,115,47,0.19,0.06,0.19,0.04,0.0,0.0,0.0,0.0,0,98618.0
0,0,14,9,1032,0,0,0,0,0,0,0,0,0,0,0,0,0,0,0,0,0,510,510,0.0,0.0,0.0,0.0,1.0,0.0,0.0,255,248,0.97,0.01,0.97,0.0,0.0,0.0,0.0,0.0,1,9145.0
0,1,44,5,0,0,0,0,0,0,0,0,0,0,0,0,0,0,0,0,0,0,75,2,1.0,1.0,0.0,0.0,0.03,0.07,0.0,255,12,0.05,0.05,0.0,0.0,1.0,1.0,0.0,0.0,1,49303.0
6,1,3,9,10,37,0,0,0,0,0,0,0,0,0,0,0,0,0,0,0,0,3,1,0.0,0.0,0.0,0.0,0.33,0.67,0.0,255,8,0.03,0.03,0.0,0.0,0.0,0.0,0.0,0.0,0,75921.0
0,1,49,9,3439,327,0,0,0,0,0,1,0,0,0,0,0,0,0,0,0,0,1,4,0.0,0.0,0.0,0.0,1.0,0.0,1.0,96,111,0.53,0.15,0.01,0.02,0.03,0.02,0.0,0.0,0,33182.0
0,1,51,5,0,0,0,0,0,0,0,0,0,0,0,0,0,0,0,0,0,0,132,17,1.0,1.0,0.0,0.0,0.13,0.06,0.0,255,29,0.11,0.07,0.0,0.0,1.0,1.0,0.0,0.0,1,15011.0
101,1,22,9,305,4254,0,0,0,0,0,1,0,0,0,0,0,0,0,0,0,0,26,26,0.0,0.0,0.0,0.0,1.0,0.0,0.0,80,255,1.0,0.0,0.01,0.01,0.0,0.0,0.0,0.0,0,18349.0
0,1,22,9,196,1368,0,0,0,0,0,1,0,0,0,0,0,0,0,0,0,0,5,5,0.0,0.0,0.0,0.0,1.0,0.0,0.0,25,255,1.0,0.0,0.04,0.04,0.0,0.0,0.0,0.0,0,30572.0
0,1,29,5,0,0,0,0,0,0,0,0,0,0,0,0,0,0,0,0,0,0,247,20,1.0,1.0,0.0,0.0,0.08,0.05,0.0,255,20,0.08,0.05,0.0,0.0,1.0,1.0,0.0,0.0,1,44934.0
0,1,44,5,0,0,0,0,0,0,0,0,0,0,0,0,0,0,0,0,0,0,150,15,1.0,1.0,0.0,0.0,0.1,0.06,0.0,255,15,0.06,0.06,0.0,0.0,1.0,1.0,0.0,0.0,1,118996.0
0,1,19,9,383,0,0,0,0,0,0,0,0,0,0,0,0,0,0,0,0,0,2,2,0.0,0.0,0.0,0.0,1.0,0.0,0.0,47,3,0.06,0.09,0.06,0.0,0.0,0.0,0.0,0.0,0,115012.0
0,1,44,5,0,0,0,0,0,0,0,0,0,0,0,0,0,0,0,0,0,0,90,18,1.0,1.0,0.0,0.0,0.2,0.06,0.0,255,3,0.01,0.07,0.0,0.0,1.0,1.0,0.0,0.0,1,98032.0
0,1,34,5,0,0,0,0,0,0,0,0,0,0,0,0,0,0,0,0,0,0,265,11,1.0,1.0,0.0,0.0,0.04,0.05,0.0,255,11,0.04,0.05,0.0,0.0,1.0,1.0,0.0,0.0,1,23853.0
0,1,51,5,0,0,0,0,0,0,0,0,0,0,0,0,0,0,0,0,0,0,237,25,1.0,1.0,0.0,0.0,0.11,0.05,0.0,255,25,0.1,0.05,0.0,0.0,1.0,1.0,0.0,0.0,1,101982.0
0,1,44,5,0,0,0,0,0,0,0,0,0,0,0,0,0,0,0,0,0,0,135,13,1.0,1.0,0.0,0.0,0.1,0.06,0.0,255,11,0.04,0.07,0.0,0.0,1.0,1.0,0.0,0.0,1,77757.0
0,1,22,6,167,65590,0,0,0,0,0,1,0,0,0,0,0,0,0,0,0,0,1,1,1.0,1.0,0.0,0.0,1.0,0.0,0.0,255,255,1.0,0.0,0.0,0.0,0.0,0.0,0.0,0.0,0,108171.0
0,1,49,9,1562,331,0,0,0,0,0,1,0,0,0,0,0,0,0,0,0,0,2,3,0.0,0.0,0.0,0.0,1.0,0.0,0.67,244,171,0.67,0.03,0.01,0.01,0.0,0.0,0.0,0.0,0,44430.0
0,1,49,9,763,284,0,0,0,0,0,1,0,0,0,0,0,0,0,0,0,0,1,1,0.0,0.0,0.0,0.0,1.0,0.0,0.0,13,87,0.46,0.31,0.08,0.02,0.0,0.0,0.0,0.0,0,83119.0
0,1,31,5,0,0,0,0,0,0,0,0,0,0,0,0,0,0,0,0,0,0,38,7,1.0,1.0,0.0,0.0,0.18,0.13,0.0,255,14,0.05,0.07,0.0,0.0,1.0,1.0,0.0,0.0,1,72214.0
0,1,22,9,225,2750,0,0,0,0,0,1,0,0,0,0,0,0,0,0,0,0,10,10,0.0,0.0,0.0,0.0,1.0,0.0,0.0,255,255,1.0,0.0,0.0,0.0,0.0,0.0,0.0,0.0,0,46659.0
0,1,55,5,0,0,0,0,0,0,0,0,0,0,0,0,0,0,0,0,0,0,269,20,1.0,1.0,0.0,0.0,0.07,0.04,0.0,255,20,0.08,0.05,0.0,0.0,1.0,1.0,0.0,0.0,1,52725.0
11,1,22,4,26280,1460,0,0,0,1,0,1,0,0,0,0,0,0,0,0,0,0,5,5,0.0,0.0,1.0,1.0,1.0,0.0,0.0,5,5,1.0,0.0,0.2,0.0,0.0,0.0,1.0,1.0,0,35738.0
0,1,22,1,0,0,0,0,0,0,0,0,0,0,0,0,0,0,0,0,0,0,1,1,0.0,0.0,1.0,1.0,1.0,0.0,0.0,123,201,1.0,0.0,0.01,0.04,0.0,0.0,1.0,0.99,0,39984.0
0,1,44,5,0,0,0,0,0,0,0,0,0,0,0,0,0,0,0,0,0,0,126,20,0.99,1.0,0.0,0.0,0.16,0.06,0.0,255,4,0.02,0.06,0.0,0.0,1.0,1.0,0.0,0.0,1,20955.0
0,1,22,4,41772,2920,0,0,0,1,0,1,0,0,0,0,0,0,0,0,0,0,6,6,0.0,0.0,0.17,0.17,1.0,0.0,0.0,255,255,1.0,0.0,0.0,0.0,0.0,0.0,0.05,0.05,1,108765.0
0,1,22,9,326,600,0,0,0,0,0,1,0,0,0,0,0,0,0,0,0,0,8,8,0.0,0.0,0.0,0.0,1.0,0.0,0.0,84,255,1.0,0.0,0.01,0.04,0.0,0.0,0.0,0.0,0,123235.0
0,2,44,9,1,0,0,0,0,0,0,0,0,0,0,0,0,0,0,0,0,0,143,106,0.0,0.0,0.0,0.0,0.74,0.04,0.0,255,146,0.57,0.05,1.0,0.0,0.0,0.0,0.0,0.0,1,48456.0
0,1,19,9,334,0,0,0,0,0,0,1,0,0,0,0,0,0,0,0,0,0,2,2,0.0,0.0,0.0,0.0,1.0,0.0,0.0,14,25,1.0,0.0,1.0,0.08,0.0,0.0,0.0,0.0,1,3616.0
226,1,55,9,163,4726,0,0,0,0,0,1,2,0,0,0,0,0,0,0,0,0,1,1,0.0,0.0,0.0,0.0,1.0,0.0,0.0,255,79,0.31,0.02,0.0,0.0,0.45,0.7,0.0,0.01,0,113546.0
0,2,44,9,28,0,0,3,0,0,0,0,0,0,0,0,0,0,0,0,0,0,27,27,0.0,0.0,0.0,0.0,1.0,0.0,0.0,255,127,0.5,0.51,0.5,0.0,0.09,0.0,0.42,0.0,1,32557.0
0,1,44,10,0,0,0,0,0,0,0,0,0,0,0,0,0,0,0,0,0,0,1,1,1.0,1.0,0.0,0.0,1.0,0.0,0.0,54,1,0.02,0.81,0.85,0.0,0.85,1.0,0.0,0.0,1,104694.0
0,1,22,9,382,3755,0,0,0,0,0,1,0,0,0,0,0,0,0,0,0,0,28,28,0.0,0.0,0.0,0.0,1.0,0.0,0.0,255,255,1.0,0.0,0.0,0.0,0.0,0.0,0.0,0.0,0,19252.0
0,1,35,5,0,0,0,0,0,0,0,0,0,0,0,0,0,0,0,0,0,0,295,13,1.0,1.0,0.0,0.0,0.04,0.05,0.0,255,3,0.01,0.09,0.0,0.0,1.0,1.0,0.0,0.0,1,122804.0
0,1,22,9,202,259,0,0,0,0,0,1,0,0,0,0,0,0,0,0,0,0,23,23,0.0,0.0,0.0,0.0,1.0,0.0,0.0,255,255,1.0,0.0,0.0,0.0,0.0,0.0,0.0,0.0,0,62021.0
0,1,18,2,0,0,0,0,0,0,0,0,0,0,0,0,0,0,0,0,0,0,256,6,0.0,0.0,1.0,1.0,0.02,0.06,0.0,255,6,0.02,0.06,0.0,0.0,0.0,0.0,1.0,1.0,1,102554.0
0,1,16,2,0,0,0,0,0,0,0,0,0,0,0,0,0,0,0,0,0,0,99,6,0.0,0.0,1.0,1.0,0.06,0.07,0.0,255,6,0.02,0.06,0.0,0.0,0.0,0.0,1.0,1.0,1,56429.0
0,1,17,5,0,0,0,0,0,0,0,0,0,0,0,0,0,0,0,0,0,0,285,22,1.0,1.0,0.0,0.0,0.08,0.05,0.0,255,22,0.09,0.05,0.0,0.0,1.0,1.0,0.0,0.0,1,103460.0
0,1,44,5,0,0,0,0,0,0,0,0,0,0,0,0,0,0,0,0,0,0,209,9,1.0,1.0,0.0,0.0,0.04,0.06,0.0,255,4,0.02,0.09,0.0,0.0,1.0,1.0,0.0,0.0,1,99465.0
37,2,11,9,87,44,0,0,0,0,0,0,0,0,0,0,0,0,0,0,0,0,1,1,0.0,0.0,0.0,0.0,1.0,0.0,0.0,21,13,0.62,0.1,0.62,0.0,0.0,0.0,0.0,0.0,0,70713.0
0,2,11,9,45,45,0,0,0,0,0,0,0,0,0,0,0,0,0,0,0,0,64,66,0.0,0.0,0.0,0.0,1.0,0.0,0.05,184,119,0.65,0.02,0.01,0.0,0.0,0.0,0.0,0.0,0,81431.0
0,1,22,9,224,546,0,0,0,0,0,1,0,0,0,0,0,0,0,0,0,0,21,21,0.0,0.0,0.0,0.0,1.0,0.0,0.0,21,255,1.0,0.0,0.05,0.06,0.0,0.01,0.0,0.0,0,486.0
0,1,22,1,0,0,0,0,0,0,0,0,0,0,0,0,0,0,0,0,0,0,1,1,0.0,0.0,1.0,1.0,1.0,0.0,0.0,86,251,1.0,0.0,0.01,0.08,0.0,0.0,0.99,0.78,0,74443.0
0,1,19,9,334,0,0,0,0,0,0,1,0,0,0,0,0,0,0,0,0,0,2,2,0.0,0.0,0.0,0.0,1.0,0.0,0.0,4,14,1.0,0.0,1.0,0.29,0.0,0.0,0.0,0.0,1,49287.0
0,1,44,1,0,0,0,0,0,0,0,0,0,0,0,0,0,0,0,0,0,0,368,1,0.0,0.0,1.0,1.0,0.0,0.52,0.0,255,1,0.0,0.52,1.0,0.0,0.0,0.0,1.0,1.0,1,124242.0
0,1,62,5,0,0,0,0,0,0,0,0,0,0,0,0,0,0,0,0,0,0,206,20,1.0,1.0,0.0,0.0,0.1,0.05,0.0,255,20,0.08,0.05,0.0,0.0,1.0,1.0,0.0,0.0,1,26884.0
0,1,44,1,0,0,0,0,0,0,0,0,0,0,0,0,0,0,0,0,0,0,135,10,0.0,0.0,1.0,1.0,0.07,0.07,0.0,255,6,0.02,0.07,0.0,0.0,0.0,0.0,1.0,1.0,1,119478.0
0,2,44,9,28,0,0,3,0,0,0,0,0,0,0,0,0,0,0,0,0,0,19,19,0.0,0.0,0.0,0.0,1.0,0.0,0.0,255,19,0.07,0.01,0.07,0.0,0.0,0.0,0.0,0.0,1,31060.0
0,1,20,1,0,0,0,0,0,0,0,0,0,0,0,0,0,0,0,0,0,0,148,6,0.0,0.0,1.0,1.0,0.04,0.06,0.0,255,6,0.02,0.07,0.0,0.0,0.0,0.0,1.0,1.0,1,72734.0
0,1,2,5,0,0,0,0,0,0,0,0,0,0,0,0,0,0,0,0,0,0,270,17,1.0,1.0,0.0,0.0,0.06,0.07,0.0,255,17,0.07,0.08,0.0,0.0,1.0,1.0,0.0,0.0,1,54644.0
0,0,13,9,8,0,0,0,0,0,0,0,0,0,0,0,0,0,0,0,0,0,1,39,0.0,0.0,0.0,0.0,1.0,0.0,1.0,2,36,1.0,0.0,1.0,0.53,0.0,0.0,0.0,0.0,1,102900.0
0,1,22,1,0,0,0,0,0,0,0,0,0,0,0,0,0,0,0,0,0,0,1,1,0.0,0.0,1.0,1.0,1.0,0.0,0.0,34,251,1.0,0.0,0.03,0.06,0.0,0.0,1.0,0.98,0,55296.0
0,1,44,5,0,0,0,0,0,0,0,0,0,0,0,0,0,0,0,0,0,0,222,13,1.0,1.0,0.0,0.0,0.06,0.05,0.0,255,8,0.03,0.08,0.0,0.0,1.0,1.0,0.0,0.0,1,97888.0
0,1,44,1,0,0,0,0,0,0,0,0,0,0,0,0,0,0,0,0,0,0,272,1,0.03,0.0,0.94,1.0,0.0,1.0,0.0,255,1,0.0,0.97,0.0,0.0,0.04,0.0,0.92,1.0,1,105675.0
0,1,57,2,0,0,0,0,0,0,0,0,0,0,0,0,0,0,0,0,0,0,232,16,0.0,0.0,1.0,1.0,0.07,0.07,0.0,255,16,0.06,0.07,0.0,0.0,0.0,0.0,1.0,1.0,1,70070.0
0,0,58,9,78,0,0,0,0,0,0,0,0,0,0,0,0,0,0,0,0,0,25,2,0.0,0.0,0.0,0.0,0.08,0.08,0.0,255,3,0.01,0.01,0.01,0.0,0.0,0.0,0.0,0.0,0,6225.0
0,1,22,9,198,3176,0,0,0,0,0,1,0,0,0,0,0,0,0,0,0,0,7,7,0.0,0.0,0.0,0.0,1.0,0.0,0.0,219,255,1.0,0.0,0.0,0.01,0.0,0.0,0.0,0.0,0,80627.0
0,1,44,1,0,0,0,0,0,0,0,0,0,0,0,0,0,0,0,0,0,0,74,18,0.0,0.0,1.0,1.0,0.24,0.07,0.0,255,7,0.03,0.07,0.0,0.0,0.0,0.0,1.0,1.0,1,106755.0
0,1,19,9,31207,0,0,0,0,0,0,1,0,0,0,0,0,0,0,0,0,0,1,1,0.0,0.0,0.0,0.0,1.0,0.0,0.0,152,68,0.22,0.02,0.22,0.03,0.0,0.0,0.68,0.0,0,96483.0
0,2,11,9,43,74,0,0,0,0,0,0,0,0,0,0,0,0,0,0,0,0,140,145,0.0,0.0,0.0,0.0,1.0,0.0,0.01,255,254,1.0,0.01,0.0,0.0,0.0,0.0,0.0,0.0,0,22325.0
0,1,22,9,199,30328,0,0,0,0,0,1,0,0,0,0,0,0,0,0,0,0,2,2,0.0,0.0,0.0,0.0,1.0,0.0,0.0,255,255,1.0,0.0,0.0,0.0,0.0,0.0,0.0,0.0,0,23055.0
0,1,49,9,1580,331,0,0,0,0,0,1,0,0,0,0,0,0,0,0,0,0,1,2,0.0,0.0,0.0,0.0,1.0,0.0,1.0,88,165,0.73,0.05,0.01,0.01,0.0,0.0,0.0,0.0,0,43511.0
30815,1,44,4,1,0,0,0,0,0,0,0,0,0,0,0,0,0,0,0,0,0,2,2,0.0,0.0,1.0,1.0,1.0,0.0,0.0,255,2,0.01,0.75,1.0,0.0,0.0,0.0,1.0,1.0,1,104234.0
0,1,22,9,208,364,0,0,0,0,0,1,0,0,0,0,0,0,0,0,0,0,16,16,0.0,0.0,0.0,0.0,1.0,0.0,0.0,67,255,1.0,0.0,0.01,0.06,0.0,0.0,0.0,0.0,0,98310.0
0,1,22,9,310,1556,0,0,0,0,0,1,0,0,0,0,0,0,0,0,0,0,3,20,0.0,0.0,0.0,0.0,1.0,0.0,0.3,20,255,1.0,0.0,0.05,0.04,0.0,0.0,0.0,0.0,0,46890.0
0,1,44,5,0,0,0,0,0,0,0,0,0,0,0,0,0,0,0,0,0,0,187,17,1.0,1.0,0.0,0.0,0.09,0.06,0.0,255,4,0.02,0.07,0.0,0.0,1.0,1.0,0.0,0.0,1,39128.0
0,1,17,5,0,0,0,0,0,0,0,0,0,0,0,0,0,0,0,0,0,0,17,5,1.0,1.0,0.0,0.0,0.29,0.18,0.0,255,64,0.25,0.02,0.01,0.0,1.0,1.0,0.0,0.0,1,75167.0
0,1,44,5,0,0,0,0,0,0,0,0,0,0,0,0,0,0,0,0,0,0,160,2,1.0,1.0,0.0,0.0,0.01,0.07,0.0,255,16,0.06,0.07,0.0,0.0,1.0,1.0,0.0,0.0,1,12464.0
0,1,40,9,3468,0,0,0,0,0,0,1,0,0,0,0,0,0,0,0,0,0,18,1,0.06,0.0,0.0,0.0,0.06,0.22,0.0,65,1,0.02,0.09,0.66,0.0,0.02,0.0,0.0,0.0,0,8873.0
0,1,22,9,292,3543,0,0,0,0,0,1,0,0,0,0,0,0,0,0,0,0,7,7,0.0,0.0,0.0,0.0,1.0,0.0,0.0,47,255,1.0,0.0,0.02,0.02,0.0,0.0,0.0,0.0,0,14800.0
0,1,22,9,54540,8314,0,0,0,2,0,1,1,0,0,0,0,0,0,0,0,0,5,5,0.0,0.0,0.2,0.2,1.0,0.0,0.0,135,135,1.0,0.0,0.01,0.0,0.0,0.0,0.05,0.05,1,12905.0
0,1,44,5,0,0,0,0,0,0,0,0,0,0,0,0,0,0,0,0,0,0,106,16,1.0,1.0,0.0,0.0,0.15,0.06,0.0,255,28,0.11,0.07,0.0,0.0,1.0,1.0,0.0,0.0,1,86025.0
0,1,19,5,0,0,0,0,0,0,0,0,0,0,0,0,0,0,0,0,0,0,222,1,1.0,1.0,0.0,0.0,0.0,0.06,0.0,255,1,0.0,0.06,0.0,0.0,1.0,1.0,0.0,0.0,1,112299.0
0,2,44,9,28,0,0,3,0,0,0,0,0,0,0,0,0,0,0,0,0,0,47,47,0.0,0.0,0.0,0.0,1.0,0.0,0.0,250,47,0.19,0.04,0.19,0.0,0.02,0.0,0.0,0.0,1,62034.0
0,1,19,9,334,0,0,0,0,0,0,1,0,0,0,0,0,0,0,0,0,0,2,2,0.0,0.0,0.0,0.0,1.0,0.0,0.0,4,38,0.5,0.5,0.5,0.16,0.0,0.0,0.0,0.0,1,50266.0
0,1,19,5,0,0,0,0,0,0,0,0,0,0,0,0,0,0,0,0,0,0,68,16,1.0,1.0,0.0,0.0,0.24,0.06,0.0,255,67,0.26,0.02,0.01,0.0,1.0,1.0,0.0,0.0,1,6585.0
0,1,54,1,0,0,0,0,0,0,0,0,0,0,0,0,0,0,0,0,0,0,264,18,0.0,0.0,1.0,1.0,0.07,0.06,0.0,255,18,0.07,0.06,0.0,0.0,0.0,0.0,1.0,1.0,1,52881.0
0,1,7,5,0,0,0,0,0,0,0,0,0,0,0,0,0,0,0,0,0,0,283,1,1.0,1.0,0.0,0.0,0.0,0.06,0.0,255,2,0.01,0.07,0.0,0.0,1.0,1.0,0.0,0.0,1,48447.0
0,1,6,5,0,0,0,0,0,0,0,0,0,0,0,0,0,0,0,0,0,0,223,18,1.0,1.0,0.0,0.0,0.08,0.07,0.0,255,18,0.07,0.08,0.0,0.0,1.0,1.0,0.0,0.0,1,88351.0
0,0,14,9,520,0,0,0,0,0,0,0,0,0,0,0,0,0,0,0,0,0,478,478,0.0,0.0,0.0,0.0,1.0,0.0,0.0,84,84,1.0,0.0,1.0,0.0,0.0,0.0,0.0,0.0,1,48837.0
0,1,5,5,0,0,0,0,0,0,0,0,0,0,0,0,0,0,0,0,0,0,107,7,1.0,1.0,0.0,0.0,0.07,0.06,0.0,255,7,0.03,0.05,0.0,0.0,1.0,1.0,0.0,0.0,1,13710.0
0,1,22,9,198,659,0,0,0,0,0,1,0,0,0,0,0,0,0,0,0,0,20,20,0.0,0.0,0.0,0.0,1.0,0.0,0.0,255,255,1.0,0.0,0.0,0.0,0.0,0.0,0.0,0.0,0,89775.0
12,1,22,4,33580,1460,0,0,0,1,0,1,0,0,0,0,0,0,0,0,0,0,3,3,0.0,0.0,1.0,1.0,1.0,0.0,0.0,16,16,1.0,0.0,0.06,0.0,0.0,0.0,0.5,0.5,1,111182.0
1925,2,40,9,146,105,0,0,0,0,0,0,0,0,0,0,0,0,0,0,0,0,5,2,0.0,0.0,0.0,0.0,0.4,0.6,0.0,255,2,0.01,0.76,0.99,0.0,0.0,0.0,0.0,0.0,0,115630.0
0,1,22,9,230,488,0,0,0,0,0,1,0,0,0,0,0,0,0,0,0,0,6,6,0.17,0.17,0.0,0.0,1.0,0.0,0.0,255,255,1.0,0.0,0.0,0.0,0.0,0.0,0.02,0.02,0,51728.0
0,1,44,5,0,0,0,0,0,0,0,0,0,0,0,0,0,0,0,0,0,0,232,14,1.0,1.0,0.0,0.0,0.06,0.06,0.0,255,14,0.05,0.05,0.0,0.0,1.0,1.0,0.0,0.0,1,101811.0
0,1,60,1,0,0,0,0,0,0,0,0,0,0,0,0,0,0,0,0,0,0,217,9,0.0,0.0,1.0,1.0,0.04,0.06,0.0,255,9,0.04,0.07,0.0,0.0,0.0,0.0,1.0,1.0,1,112625.0
0,1,22,9,244,397,0,0,0,0,0,1,0,0,0,0,0,0,0,0,0,0,16,16,0.0,0.0,0.0,0.0,1.0,0.0,0.0,112,255,1.0,0.0,0.01,0.02,0.0,0.0,0.0,0.0,0,3169.0
0,1,22,9,186,1259,0,0,0,0,0,1,0,0,0,0,0,0,0,0,0,0,10,31,0.0,0.0,0.0,0.0,1.0,0.0,0.1,255,255,1.0,0.0,0.0,0.0,0.0,0.0,0.0,0.0,0,90589.0
0,1,22,9,312,3817,0,0,0,0,0,1,0,0,0,0,0,0,0,0,0,0,5,5,0.0,0.0,0.0,0.0,1.0,0.0,0.0,255,255,1.0,0.0,0.0,0.0,0.01,0.01,0.0,0.0,0,49609.0
0,1,22,9,220,3336,0,0,0,0,0,1,0,0,0,0,0,0,0,0,0,0,3,4,0.0,0.0,0.0,0.0,1.0,0.0,0.5,8,255,1.0,0.0,0.12,0.02,0.0,0.0,0.0,0.0,0,113469.0
0,1,49,9,1109,332,0,0,0,0,0,1,0,0,0,0,0,0,0,0,0,0,1,1,0.0,0.0,0.0,0.0,1.0,0.0,0.0,120,138,0.39,0.04,0.01,0.01,0.0,0.0,0.0,0.0,0,99217.0
0,1,23,5,0,0,0,0,0,0,0,0,0,0,0,0,0,0,0,0,0,0,132,14,1.0,1.0,0.0,0.0,0.11,0.05,0.0,255,6,0.02,0.07,0.0,0.0,1.0,1.0,0.0,0.0,1,91958.0
0,1,15,5,0,0,0,0,0,0,0,0,0,0,0,0,0,0,0,0,0,0,141,15,1.0,1.0,0.0,0.0,0.11,0.06,0.0,255,15,0.06,0.06,0.0,0.0,1.0,1.0,0.0,0.0,1,22291.0
0,1,22,9,203,851,0,0,0,0,0,1,0,0,0,0,0,0,0,0,0,0,3,4,0.33,0.25,0.0,0.0,1.0,0.0,0.5,50,255,1.0,0.0,0.02,0.05,0.02,0.01,0.0,0.0,0,120723.0
0,1,37,5,0,0,0,0,0,0,0,0,0,0,0,0,0,0,0,0,0,0,138,20,1.0,1.0,0.0,0.0,0.14,0.06,0.0,249,20,0.08,0.06,0.0,0.0,1.0,1.0,0.0,0.0,1,31345.0
0,1,3,5,0,0,0,0,0,0,0,0,0,0,0,0,0,0,0,0,0,0,148,16,1.0,1.0,0.0,0.0,0.11,0.05,0.0,255,1,0.0,0.07,0.0,0.0,1.0,1.0,0.0,0.0,1,92688.0
0,1,44,5,0,0,0,0,0,0,0,0,0,0,0,0,0,0,0,0,0,0,114,4,1.0,1.0,0.0,0.0,0.04,0.07,0.0,255,6,0.02,0.05,0.0,0.0,1.0,1.0,0.0,0.0,1,85477.0
0,1,22,9,332,2238,0,0,0,0,0,1,0,0,0,0,0,0,0,0,0,0,13,13,0.0,0.0,0.0,0.0,1.0,0.0,0.0,80,255,1.0,0.0,0.01,0.01,0.0,0.0,0.01,0.0,0,100285.0
0,1,22,9,289,406,0,0,0,0,0,1,0,0,0,0,0,0,0,0,0,0,2,3,0.0,0.0,0.0,0.0,1.0,0.0,0.67,255,255,1.0,0.0,0.0,0.0,0.0,0.0,0.0,0.0,0,84569.0
0,1,22,9,339,2784,0,0,0,0,0,1,0,0,0,0,0,0,0,0,0,0,2,2,0.0,0.0,0.0,0.0,1.0,0.0,0.0,26,255,1.0,0.0,0.04,0.03,0.04,0.01,0.04,0.01,0,113182.0
0,1,5,5,0,0,0,0,0,0,0,0,0,0,0,0,0,0,0,0,0,0,142,18,1.0,1.0,0.0,0.0,0.13,0.05,0.0,255,18,0.07,0.06,0.0,0.0,1.0,1.0,0.0,0.0,1,47593.0
0,1,22,9,220,337,0,0,0,0,0,1,0,0,0,0,0,0,0,0,0,0,3,3,0.0,0.0,0.0,0.0,1.0,0.0,0.0,255,255,1.0,0.0,0.0,0.0,0.0,0.0,0.0,0.0,0,27458.0
0,1,18,2,0,0,0,0,0,0,0,0,0,0,0,0,0,0,0,0,0,0,274,10,0.0,0.0,1.0,1.0,0.04,0.06,0.0,255,10,0.04,0.07,0.0,0.0,0.0,0.0,1.0,1.0,1,39351.0
0,1,22,9,197,5790,0,0,0,0,0,1,0,0,0,0,0,0,0,0,0,0,8,8,0.0,0.0,0.0,0.0,1.0,0.0,0.0,255,255,1.0,0.0,0.0,0.0,0.0,0.0,0.0,0.0,0,70332.0
0,1,3,9,10,39,0,0,0,0,0,1,0,0,0,0,0,0,0,0,0,0,1,1,0.0,0.0,0.0,0.0,1.0,0.0,0.0,188,4,0.02,0.03,0.01,0.0,0.0,0.0,0.0,0.0,0,16392.0
0,1,20,5,0,0,0,0,0,0,0,0,0,0,0,0,0,0,0,0,0,0,213,16,1.0,1.0,0.0,0.0,0.08,0.06,0.0,255,18,0.07,0.07,0.0,0.0,1.0,1.0,0.0,0.0,1,44685.0
0,1,16,5,0,0,0,0,0,0,0,0,0,0,0,0,0,0,0,0,0,0,101,18,1.0,1.0,0.0,0.0,0.18,0.07,0.0,255,18,0.07,0.06,0.0,0.0,1.0,1.0,0.0,0.0,1,39944.0
0,2,11,9,44,73,0,0,0,0,0,0,0,0,0,0,0,0,0,0,0,0,82,82,0.0,0.0,0.0,0.0,1.0,0.0,0.0,255,252,0.99,0.01,0.01,0.0,0.0,0.0,0.0,0.0,0,110173.0
0,1,26,5,0,0,0,0,0,0,0,0,0,0,0,0,0,0,0,0,0,0,141,9,1.0,1.0,0.0,0.0,0.06,0.06,0.0,255,8,0.03,0.07,0.0,0.0,1.0,1.0,0.0,0.0,1,76937.0
0,1,22,9,235,406,0,0,0,0,0,1,0,0,0,0,0,0,0,0,0,0,6,6,0.0,0.0,0.0,0.0,1.0,0.0,0.0,255,255,1.0,0.0,0.0,0.0,0.0,0.0,0.0,0.0,0,92367.0
0,1,5,1,0,0,0,0,0,0,0,0,0,0,0,0,0,0,0,0,0,0,126,13,0.0,0.0,1.0,1.0,0.1,0.06,0.0,255,13,0.05,0.07,0.0,0.0,0.0,0.0,1.0,1.0,1,43980.0
10,1,49,9,637,332,0,0,0,0,0,1,0,0,0,0,0,0,0,0,0,0,1,2,0.0,0.0,0.0,0.0,1.0,0.0,1.0,142,205,0.75,0.03,0.01,0.01,0.0,0.0,0.0,0.0,0,25476.0
0,1,44,5,0,0,0,0,0,0,0,0,0,0,0,0,0,0,0,0,0,0,136,20,1.0,1.0,0.0,0.0,0.15,0.05,0.0,255,7,0.03,0.07,0.0,0.0,1.0,1.0,0.0,0.0,1,51081.0
0,0,14,9,1032,0,0,0,0,0,0,0,0,0,0,0,0,0,0,0,0,0,123,123,0.0,0.0,0.0,0.0,1.0,0.0,0.0,255,123,0.48,0.01,0.48,0.0,0.0,0.0,0.0,0.0,1,97122.0
0,1,27,1,0,0,0,0,0,0,0,0,0,0,0,0,0,0,0,0,0,0,147,20,0.0,0.0,1.0,1.0,0.14,0.05,0.0,255,20,0.08,0.06,0.0,0.0,0.0,0.0,1.0,1.0,1,28669.0
0,1,8,5,0,0,0,0,0,0,0,0,0,0,0,0,0,0,0,0,0,0,142,4,1.0,1.0,0.0,0.0,0.03,0.08,0.0,255,4,0.02,0.07,0.0,0.0,1.0,1.0,0.0,0.0,1,117259.0
0,1,57,2,0,0,0,0,0,0,0,0,0,0,0,0,0,0,0,0,0,0,296,19,0.0,0.0,1.0,1.0,0.06,0.06,0.0,255,19,0.07,0.07,0.0,0.0,0.0,0.0,1.0,1.0,1,59756.0
0,1,22,9,240,416,0,0,0,0,0,1,0,0,0,0,0,0,0,0,0,0,1,1,0.0,0.0,0.0,0.0,1.0,0.0,0.0,5,255,1.0,0.0,0.2,0.03,0.0,0.0,0.0,0.01,0,12820.0
5,2,44,9,105,146,0,0,0,0,0,0,0,0,0,0,0,0,0,0,0,0,2,2,0.0,0.0,0.0,0.0,1.0,0.0,0.0,255,219,0.86,0.01,0.01,0.0,0.0,0.0,0.0,0.0,0,119280.0
0,0,14,9,1032,0,0,0,0,0,0,0,0,0,0,0,0,0,0,0,0,0,480,480,0.0,0.0,0.0,0.0,1.0,0.0,0.0,255,255,1.0,0.0,1.0,0.0,0.0,0.0,0.0,0.0,1,47029.0
0,1,22,9,248,373,0,0,0,0,0,1,0,0,0,0,0,0,0,0,0,0,1,1,0.0,0.0,0.0,0.0,1.0,0.0,0.0,4,255,1.0,0.0,0.25,0.04,0.25,0.0,0.0,0.0,0,21265.0
0,2,11,9,43,128,0,0,0,0,0,0,0,0,0,0,0,0,0,0,0,0,306,305,0.0,0.0,0.0,0.0,1.0,0.01,0.0,255,251,0.98,0.01,0.0,0.0,0.0,0.0,0.0,0.0,0,45630.0
1,1,49,9,1788,337,0,0,0,0,0,1,0,0,0,0,0,0,0,0,0,0,1,2,0.0,0.0,0.0,0.0,1.0,0.0,1.0,114,139,0.62,0.04,0.01,0.01,0.0,0.0,0.0,0.0,0,96505.0
0,0,13,9,8,0,0,0,0,0,0,0,0,0,0,0,0,0,0,0,0,0,1,44,0.0,0.0,0.0,0.0,1.0,0.0,1.0,2,52,1.0,0.0,1.0,0.5,0.0,0.0,0.0,0.0,1,38615.0
0,1,19,9,209,0,0,0,0,0,0,1,0,0,0,1,0,0,0,0,0,0,1,1,0.0,0.0,0.0,0.0,1.0,0.0,0.0,86,86,0.24,0.03,0.24,0.02,0.0,0.0,0.0,0.0,0,65467.0
0,2,11,9,44,135,0,0,0,0,0,0,0,0,0,0,0,0,0,0,0,0,65,145,0.0,0.0,0.0,0.0,1.0,0.0,0.01,255,242,0.95,0.01,0.0,0.0,0.0,0.0,0.0,0.0,0,124096.0
0,1,44,5,0,0,0,0,0,0,0,0,0,0,0,0,0,0,0,0,0,0,170,3,1.0,1.0,0.0,0.0,0.02,0.08,0.0,255,4,0.02,0.06,0.0,0.0,1.0,1.0,0.0,0.0,1,20455.0
0,1,19,9,334,0,0,0,0,0,0,1,0,0,0,0,0,0,0,0,0,0,1,1,0.0,0.0,0.0,0.0,1.0,0.0,0.0,11,22,1.0,0.0,1.0,0.09,0.0,0.0,0.0,0.0,1,31046.0
0,1,49,9,19749,394,0,0,0,0,0,1,0,0,0,0,0,0,0,0,0,0,1,1,0.0,0.0,0.0,0.0,1.0,0.0,0.0,255,13,0.05,0.89,0.0,0.0,0.87,0.0,0.0,0.0,0,102438.0
0,1,49,9,917,337,0,0,0,0,0,1,0,0,0,0,0,0,0,0,0,0,1,1,0.0,0.0,0.0,0.0,1.0,0.0,0.0,98,144,0.67,0.05,0.01,0.01,0.0,0.0,0.0,0.0,0,79154.0
0,0,13,9,8,0,0,0,0,0,0,0,0,0,0,0,0,0,0,0,0,0,1,46,0.0,0.0,0.0,0.0,1.0,0.0,1.0,1,73,1.0,0.0,1.0,0.26,0.0,0.0,0.0,0.0,1,40700.0
0,1,22,9,342,659,0,0,0,0,0,1,0,0,0,0,0,0,0,0,0,0,4,5,0.0,0.0,0.0,0.0,1.0,0.0,0.4,255,255,1.0,0.0,0.0,0.0,0.0,0.0,0.0,0.0,0,7224.0
0,1,24,5,0,0,0,0,0,0,0,0,0,0,0,0,0,0,0,0,0,0,140,7,1.0,1.0,0.0,0.0,0.05,0.07,0.0,255,7,0.03,0.07,0.0,0.0,1.0,1.0,0.0,0.0,1,1470.0
0,1,24,5,0,0,0,0,0,0,0,0,0,0,0,0,0,0,0,0,0,0,298,20,1.0,1.0,0.0,0.0,0.07,0.06,0.0,255,20,0.08,0.07,0.0,0.0,1.0,1.0,0.0,0.0,1,102674.0
0,1,22,9,182,5814,0,0,0,0,0,1,0,0,0,0,0,0,0,0,0,0,1,2,0.0,0.0,0.0,0.0,1.0,0.0,1.0,4,1,0.25,0.5,0.25,0.0,0.0,0.0,0.0,0.0,0,81502.0
0,1,44,1,0,0,0,0,0,0,0,0,0,0,0,0,0,0,0,0,0,0,432,1,0.05,0.0,0.93,1.0,0.0,1.0,0.0,255,1,0.0,1.0,0.0,0.0,0.08,0.0,0.92,1.0,1,1020.0
0,1,8,2,0,0,0,0,0,0,0,0,0,0,0,0,0,0,0,0,0,0,278,10,0.0,0.0,1.0,1.0,0.04,0.06,0.0,255,10,0.04,0.07,0.0,0.0,0.0,0.0,1.0,1.0,1,29223.0
0,1,54,5,0,0,0,0,0,0,0,0,0,0,0,0,0,0,0,0,0,0,293,1,1.0,1.0,0.0,0.0,0.0,0.06,0.0,255,1,0.0,0.07,0.0,0.0,1.0,1.0,0.0,0.0,1,62004.0
0,1,22,9,312,18241,0,0,0,0,0,1,0,0,0,0,0,0,0,0,0,0,1,1,0.0,0.0,0.0,0.0,1.0,0.0,0.0,76,255,1.0,0.0,0.01,0.04,0.0,0.0,0.0,0.0,0,74766.0
0,2,11,9,36,101,0,0,0,0,0,0,0,0,0,0,0,0,0,0,0,0,2,2,0.0,0.0,0.0,0.0,1.0,0.0,0.0,255,236,0.93,0.01,0.0,0.0,0.0,0.0,0.02,0.0,0,101192.0
0,1,44,5,0,0,0,0,0,0,0,0,0,0,0,0,0,0,0,0,0,0,205,6,1.0,1.0,0.0,0.0,0.03,0.06,0.0,255,14,0.05,0.05,0.0,0.0,1.0,1.0,0.0,0.0,1,39101.0
0,1,44,10,0,0,0,0,0,0,0,0,0,0,0,0,0,0,0,0,0,0,1,1,1.0,1.0,0.0,0.0,1.0,0.0,0.0,37,1,0.03,0.76,0.78,0.0,0.78,1.0,0.0,0.0,1,119411.0
0,2,44,9,100,0,0,0,0,0,0,0,0,0,0,0,0,0,0,0,0,0,2,2,0.0,0.0,0.0,0.0,1.0,0.0,0.0,224,34,0.15,0.01,0.15,0.0,0.0,0.0,0.0,0.0,1,125729.0
0,2,11,9,45,154,0,0,0,0,0,0,0,0,0,0,0,0,0,0,0,0,79,159,0.0,0.0,0.0,0.0,1.0,0.0,0.01,255,235,0.92,0.01,0.0,0.0,0.0,0.0,0.0,0.0,0,31594.0
0,1,19,9,3909,0,0,0,0,0,0,1,0,0,0,0,0,0,0,0,0,0,11,11,0.0,0.0,0.0,0.0,1.0,0.0,0.0,84,113,0.39,0.05,0.39,0.02,0.0,0.0,0.0,0.0,0,13884.0
0,1,49,9,1378,328,0,0,0,0,0,1,0,0,0,0,0,0,0,0,0,0,1,1,0.0,0.0,0.0,0.0,1.0,0.0,0.0,70,176,0.81,0.06,0.01,0.02,0.0,0.01,0.0,0.0,0,119980.0
0,1,19,9,9,0,0,0,0,0,0,1,0,0,0,0,0,0,0,0,0,0,2,2,0.0,0.0,0.0,0.0,1.0,0.0,0.0,182,99,0.49,0.02,0.49,0.02,0.0,0.0,0.0,0.0,0,111674.0
0,2,11,9,42,42,0,0,0,0,0,0,0,0,0,0,0,0,0,0,0,0,8,18,0.0,0.0,0.0,0.0,1.0,0.0,0.28,255,255,1.0,0.0,0.0,0.0,0.0,0.0,0.0,0.0,0,90982.0
0,1,22,9,313,4597,0,0,0,0,0,1,0,0,0,0,0,0,0,0,0,0,8,8,0.0,0.0,0.0,0.0,1.0,0.0,0.0,255,255,1.0,0.0,0.0,0.0,0.0,0.0,0.0,0.0,0,59127.0
0,1,44,5,0,0,0,0,0,0,0,0,0,0,0,0,0,0,0,0,0,0,219,19,1.0,1.0,0.0,0.0,0.09,0.06,0.0,255,18,0.07,0.05,0.0,0.0,1.0,1.0,0.0,0.0,1,73834.0
0,1,24,5,0,0,0,0,0,0,0,0,0,0,0,0,0,0,0,0,0,0,254,6,1.0,1.0,0.0,0.0,0.02,0.06,0.0,255,6,0.02,0.07,0.0,0.0,1.0,1.0,0.0,0.0,1,39647.0
0,1,22,9,203,1330,0,0,0,0,0,1,0,0,0,0,0,0,0,0,0,0,3,3,0.0,0.0,0.0,0.0,1.0,0.0,0.0,13,255,1.0,0.0,0.08,0.04,0.0,0.0,0.0,0.0,0,19369.0
0,1,22,9,330,1210,0,0,0,0,0,1,0,0,0,0,0,0,0,0,0,0,8,8,0.0,0.0,0.0,0.0,1.0,0.0,0.0,31,255,1.0,0.0,0.03,0.02,0.0,0.0,0.0,0.0,0,64701.0
0,1,38,5,0,0,0,0,0,0,0,0,0,0,0,0,0,0,0,0,0,0,120,20,1.0,1.0,0.0,0.0,0.17,0.04,0.0,255,20,0.08,0.04,0.0,0.0,1.0,1.0,0.0,0.0,1,96613.0
0,1,19,9,74,0,0,0,0,0,0,0,0,0,0,0,0,0,0,0,0,0,2,2,0.0,0.0,0.0,0.0,1.0,0.0,0.0,255,40,0.16,0.02,0.16,0.0,0.55,0.0,0.0,0.0,0,53637.0
0,1,44,5,0,0,0,0,0,0,0,0,0,0,0,0,0,0,0,0,0,0,240,4,1.0,1.0,0.0,0.0,0.02,0.06,0.0,255,9,0.04,0.07,0.0,0.0,1.0,1.0,0.0,0.0,1,8186.0
0,2,44,9,1,0,0,0,0,0,0,0,0,0,0,0,0,0,0,0,0,0,2,1,0.0,0.0,0.0,0.0,0.5,1.0,0.0,146,1,0.01,0.05,0.01,0.0,0.01,0.0,0.0,0.0,1,6023.0
0,1,44,10,0,0,0,0,0,0,0,0,0,0,0,0,0,0,0,0,0,0,1,1,1.0,1.0,0.0,0.0,1.0,0.0,0.0,139,1,0.01,0.93,0.94,0.0,0.94,1.0,0.0,0.0,1,3013.0
0,1,59,2,0,0,0,0,0,0,0,0,0,0,0,0,0,0,0,0,0,0,86,15,0.0,0.0,1.0,1.0,0.17,0.07,0.0,255,15,0.06,0.06,0.0,0.0,0.0,0.0,1.0,1.0,1,20294.0
0,1,9,2,0,0,0,0,0,0,0,0,0,0,0,0,0,0,0,0,0,0,244,4,0.0,0.0,1.0,1.0,0.02,0.07,0.0,255,4,0.02,0.07,0.0,0.0,0.0,0.0,1.0,1.0,1,84448.0
0,1,5,1,0,0,0,0,0,0,0,0,0,0,0,0,0,0,0,0,0,0,110,10,0.0,0.0,1.0,1.0,0.09,0.06,0.0,255,10,0.04,0.05,0.0,0.0,0.0,0.0,1.0,1.0,1,82984.0
0,0,14,9,1032,0,0,0,0,0,0,0,0,0,0,0,0,0,0,0,0,0,196,196,0.0,0.0,0.0,0.0,1.0,0.0,0.0,255,255,1.0,0.0,1.0,0.0,0.0,0.0,0.0,0.0,1,21850.0
0,0,13,9,8,0,0,0,0,0,0,0,0,0,0,0,0,0,0,0,0,0,1,45,0.0,0.0,0.0,0.0,1.0,0.0,1.0,1,129,1.0,0.0,1.0,0.51,0.0,0.0,0.0,0.0,1,74263.0
0,1,22,9,257,707,0,0,0,0,0,1,0,0,0,0,0,0,0,0,0,0,20,20,0.0,0.0,0.0,0.0,1.0,0.0,0.0,254,255,1.0,0.0,0.0,0.01,0.0,0.0,0.0,0.0,0,88750.0
0,1,44,5,0,0,0,0,0,0,0,0,0,0,0,0,0,0,0,0,0,0,171,1,1.0,1.0,0.0,0.0,0.01,0.06,0.0,255,1,0.0,0.05,0.0,0.0,1.0,1.0,0.0,0.0,1,2299.0
23,1,18,9,231,767,0,0,0,4,0,1,0,0,0,0,0,0,0,0,0,1,1,1,0.0,0.0,0.0,0.0,1.0,0.0,0.0,2,2,1.0,0.0,0.5,0.0,0.0,0.0,0.0,0.0,0,77052.0
0,1,26,1,0,0,0,0,0,0,0,0,0,0,0,0,0,0,0,0,0,0,101,20,0.0,0.0,1.0,1.0,0.2,0.06,0.0,255,1,0.0,0.07,0.0,0.0,0.0,0.0,1.0,1.0,1,85244.0
0,1,22,9,229,2307,0,0,0,0,0,1,0,0,0,0,0,0,0,0,0,0,1,2,0.0,0.0,0.0,0.0,1.0,0.0,1.0,44,255,1.0,0.0,0.02,0.05,0.0,0.0,0.0,0.0,0,108766.0
0,1,22,9,304,1046,0,0,0,0,0,1,0,0,0,0,0,0,0,0,0,0,11,15,0.0,0.0,0.0,0.0,1.0,0.0,0.13,255,255,1.0,0.0,0.0,0.0,0.0,0.0,0.0,0.0,0,119837.0
0,1,61,5,0,0,0,0,0,0,0,0,0,0,0,0,0,0,0,0,0,0,287,15,1.0,1.0,0.0,0.0,0.05,0.06,0.0,255,15,0.06,0.06,0.0,0.0,1.0,1.0,0.0,0.0,1,70092.0
0,2,11,9,44,116,0,0,0,0,0,0,0,0,0,0,0,0,0,0,0,0,177,177,0.0,0.0,0.0,0.0,1.0,0.0,0.0,255,250,0.98,0.01,0.0,0.0,0.0,0.0,0.0,0.0,0,42618.0
0,2,11,9,33,87,0,0,0,0,0,0,0,0,0,0,0,0,0,0,0,0,1,3,0.0,0.0,0.0,0.0,1.0,0.0,1.0,255,245,0.96,0.01,0.01,0.0,0.0,0.0,0.0,0.0,0,2130.0
0,1,57,5,0,0,0,0,0,0,0,0,0,0,0,0,0,0,0,0,0,0,284,2,1.0,1.0,0.0,0.0,0.01,0.06,0.0,255,2,0.01,0.06,0.0,0.0,1.0,1.0,0.0,0.0,1,38369.0
0,1,22,9,200,654,0,0,0,0,0,1,0,0,0,0,0,0,0,0,0,0,21,34,0.0,0.0,0.0,0.0,1.0,0.0,0.06,63,255,1.0,0.0,0.02,0.03,0.0,0.0,0.0,0.0,0,84188.0
0,1,22,9,242,2445,0,0,0,0,0,1,0,0,0,0,0,0,0,0,0,0,14,14,0.0,0.0,0.0,0.0,1.0,0.0,0.0,255,255,1.0,0.0,0.0,0.0,0.0,0.0,0.0,0.0,0,63574.0
0,0,14,9,1032,0,0,0,0,0,0,0,0,0,0,0,0,0,0,0,0,0,510,510,0.0,0.0,0.0,0.0,1.0,0.0,0.0,255,40,0.16,0.18,0.16,0.0,0.0,0.0,0.0,0.0,1,71921.0
0,1,22,9,335,3200,0,0,0,0,0,1,0,0,0,0,0,0,0,0,0,0,11,11,0.0,0.0,0.0,0.0,1.0,0.0,0.0,255,255,1.0,0.0,0.0,0.0,0.0,0.0,0.0,0.0,0,119563.0
0,1,22,9,334,2840,0,0,0,0,0,1,0,0,0,0,0,0,0,0,0,0,8,8,0.0,0.0,0.0,0.0,1.0,0.0,0.0,8,255,1.0,0.0,0.12,0.02,0.0,0.0,0.0,0.01,0,1803.0
0,1,44,4,0,0,0,0,0,0,0,0,0,0,0,0,0,0,0,0,0,0,1,1,0.0,0.0,1.0,1.0,1.0,0.0,0.0,125,1,0.01,0.05,0.04,0.0,0.0,0.0,0.04,1.0,1,21570.0
28,1,18,9,1488,4152,0,0,0,30,0,1,0,0,0,0,0,0,0,0,0,1,1,1,0.0,0.0,0.0,0.0,1.0,0.0,0.0,246,67,0.27,0.03,0.0,0.0,0.0,0.0,0.0,0.0,0,60733.0
0,1,44,5,0,0,0,0,0,0,0,0,0,0,0,0,0,0,0,0,0,0,291,15,1.0,1.0,0.0,0.0,0.05,0.05,0.0,255,6,0.02,0.09,0.0,0.0,1.0,1.0,0.0,0.0,1,88378.0
0,1,22,9,344,1452,0,0,0,0,0,1,0,0,0,0,0,0,0,0,0,0,2,2,0.0,0.0,0.0,0.0,1.0,0.0,0.0,255,255,1.0,0.0,0.0,0.0,0.0,0.0,0.0,0.0,0,47318.0
0,1,22,9,157,4278,0,0,0,0,0,1,0,0,0,0,0,0,0,0,0,0,8,9,0.0,0.0,0.0,0.0,1.0,0.0,0.22,100,255,1.0,0.0,0.01,0.02,0.0,0.0,0.0,0.0,0,50291.0
0,0,13,9,8,0,0,0,0,0,0,0,0,0,0,0,0,0,0,0,0,0,1,6,0.0,0.0,0.0,0.0,1.0,0.0,1.0,2,82,1.0,0.0,1.0,0.5,0.0,0.0,0.0,0.0,1,96643.0
0,0,13,9,18,0,0,0,0,0,0,0,0,0,0,0,0,0,0,0,0,0,1,1,0.0,0.0,0.0,0.0,1.0,0.0,0.0,1,233,1.0,0.0,1.0,0.25,0.0,0.0,0.0,0.0,1,23311.0
0,2,11,9,44,76,0,0,0,0,0,0,0,0,0,0,0,0,0,0,0,0,81,80,0.0,0.0,0.0,0.0,0.99,0.02,0.0,255,255,1.0,0.0,0.0,0.0,0.0,0.0,0.0,0.0,0,28753.0
0,1,55,5,0,0,0,0,0,0,0,0,0,0,0,0,0,0,0,0,0,0,16,3,1.0,1.0,0.0,0.0,0.19,0.25,0.0,255,63,0.25,0.02,0.0,0.0,1.0,1.0,0.0,0.0,1,18520.0
0,1,44,5,0,0,0,0,0,0,0,0,0,0,0,0,0,0,0,0,0,0,56,3,1.0,1.0,0.0,0.0,0.05,0.09,0.0,255,3,0.01,0.06,0.0,0.0,1.0,1.0,0.0,0.0,1,11321.0
0,1,19,1,0,0,0,0,0,0,0,0,0,0,0,0,0,0,0,0,0,0,115,1,0.0,0.0,1.0,1.0,0.01,0.07,0.0,255,1,0.0,0.07,0.0,0.0,0.0,0.0,1.0,1.0,1,69775.0
3,1,49,9,1362,328,0,0,0,0,0,1,0,0,0,0,0,0,0,0,0,0,1,1,0.0,0.0,0.0,0.0,1.0,0.0,0.0,132,88,0.67,0.05,0.01,0.0,0.0,0.0,0.0,0.0,0,21113.0
39,1,18,9,1530,4152,0,0,0,30,0,1,0,0,0,0,0,0,0,0,0,1,2,1,0.0,0.0,0.0,0.0,0.5,1.0,0.0,169,30,0.18,0.04,0.01,0.0,0.01,0.0,0.0,0.0,0,94437.0
0,1,22,9,242,715,0,0,0,0,0,1,0,0,0,0,0,0,0,0,0,0,15,15,0.0,0.0,0.0,0.0,1.0,0.0,0.0,15,255,1.0,0.0,0.07,0.06,0.0,0.0,0.0,0.0,0,97780.0
0,1,21,1,0,0,0,0,0,0,0,0,0,0,0,0,0,0,0,0,0,0,218,8,0.0,0.0,1.0,1.0,0.04,0.06,0.0,255,8,0.03,0.08,0.0,0.0,0.0,0.0,1.0,1.0,1,65151.0
0,1,17,5,0,0,0,0,0,0,0,0,0,0,0,0,0,0,0,0,0,0,12,3,1.0,1.0,0.0,0.0,0.25,0.33,0.0,255,63,0.25,0.02,0.01,0.0,1.0,1.0,0.0,0.0,1,115426.0
0,1,44,5,0,0,0,0,0,0,0,0,0,0,0,0,0,0,0,0,0,0,91,3,1.0,1.0,0.0,0.0,0.03,0.08,0.0,142,3,0.02,0.08,0.01,0.0,1.0,1.0,0.0,0.0,1,57725.0
0,1,22,9,220,365,0,0,0,0,0,1,0,0,0,0,0,0,0,0,0,0,10,10,0.0,0.0,0.0,0.0,1.0,0.0,0.0,10,255,1.0,0.0,0.1,0.02,0.0,0.0,0.0,0.0,0,122026.0
0,0,14,9,1032,0,0,0,0,0,0,0,0,0,0,0,0,0,0,0,0,0,510,510,0.0,0.0,0.0,0.0,1.0,0.0,0.0,255,86,0.34,0.2,0.34,0.0,0.0,0.0,0.0,0.0,1,57796.0
0,2,11,9,45,128,0,0,0,0,0,0,0,0,0,0,0,0,0,0,0,0,270,270,0.0,0.0,0.0,0.0,1.0,0.0,0.0,255,251,0.98,0.01,0.0,0.0,0.0,0.0,0.0,0.0,0,30088.0
0,2,11,9,43,43,0,0,0,0,0,0,0,0,0,0,0,0,0,0,0,0,147,147,0.0,0.0,0.0,0.0,1.0,0.0,0.0,255,255,1.0,0.0,0.01,0.0,0.0,0.0,0.0,0.0,0,36427.0
0,1,44,1,0,0,0,0,0,0,0,0,0,0,0,0,0,0,0,0,0,0,132,2,0.0,0.0,1.0,1.0,0.02,0.09,0.0,255,2,0.01,0.08,0.0,0.0,0.0,0.0,1.0,1.0,1,92388.0
0,1,22,9,275,4302,0,0,0,0,0,1,0,0,0,0,0,0,0,0,0,0,3,3,0.0,0.0,0.0,0.0,1.0,0.0,0.0,12,15,1.0,0.0,0.08,0.13,0.0,0.13,0.0,0.07,0,123059.0
0,1,55,5,0,0,0,0,0,0,0,0,0,0,0,0,0,0,0,0,0,0,65,16,1.0,1.0,0.0,0.0,0.25,0.06,0.0,227,58,0.26,0.02,0.01,0.0,0.99,0.97,0.0,0.0,1,105023.0
0,1,22,9,184,18418,0,0,0,0,0,1,0,0,0,0,0,0,0,0,0,0,1,1,0.0,0.0,0.0,0.0,1.0,0.0,0.0,61,255,1.0,0.0,0.02,0.03,0.0,0.0,0.0,0.0,0,88895.0
0,1,22,9,314,1043,0,0,0,0,0,1,0,0,0,0,0,0,0,0,0,0,22,22,0.0,0.0,0.0,0.0,1.0,0.0,0.0,255,255,1.0,0.0,0.0,0.0,0.0,0.0,0.0,0.0,0,104932.0
0,0,58,9,552,0,0,0,0,0,0,0,0,0,0,0,0,0,0,0,0,0,1,1,0.0,0.0,0.0,0.0,1.0,0.0,0.0,255,1,0.0,0.02,0.0,0.0,0.0,0.0,0.0,0.0,0,45925.0
0,1,44,5,0,0,0,0,0,0,0,0,0,0,0,0,0,0,0,0,0,0,259,20,1.0,1.0,0.0,0.0,0.08,0.06,0.0,255,1,0.0,0.07,0.0,0.0,1.0,1.0,0.0,0.0,1,72211.0
0,1,4,5,0,0,0,0,0,0,0,0,0,0,0,0,0,0,0,0,0,0,274,11,1.0,1.0,0.0,0.0,0.04,0.05,0.0,255,11,0.04,0.07,0.0,0.0,1.0,1.0,0.0,0.0,1,122533.0
0,2,11,9,44,72,0,0,0,0,0,0,0,0,0,0,0,0,0,0,0,0,218,222,0.0,0.0,0.0,0.0,1.0,0.0,0.01,255,217,0.85,0.01,0.01,0.0,0.0,0.0,0.0,0.0,0,57619.0
0,2,11,9,32,32,0,0,0,0,0,0,0,0,0,0,0,0,0,0,0,0,2,9,0.0,0.0,0.0,0.0,1.0,0.0,0.22,173,130,0.75,0.02,0.01,0.0,0.0,0.0,0.0,0.0,0,80247.0
168,1,22,9,344,430,0,0,0,0,0,1,0,0,0,0,0,0,0,0,0,0,1,5,0.0,0.0,0.0,0.0,1.0,0.0,0.6,2,255,1.0,0.0,0.5,0.02,0.0,0.0,0.0,0.0,0,62332.0
0,1,44,4,0,0,0,0,0,0,0,0,0,0,0,0,0,0,0,0,0,0,1,1,0.0,0.0,1.0,1.0,1.0,0.0,0.0,129,1,0.01,0.63,0.63,0.0,0.05,0.0,0.61,1.0,1,103567.0
0,1,18,5,0,0,0,0,0,0,0,0,0,0,0,0,0,0,0,0,0,0,239,2,1.0,1.0,0.0,0.0,0.01,0.07,0.0,255,13,0.05,0.07,0.0,0.0,1.0,1.0,0.0,0.0,1,53141.0
0,1,44,1,0,0,0,0,0,0,0,0,0,0,0,0,0,0,0,0,0,0,162,14,0.0,0.0,1.0,1.0,0.09,0.07,0.0,255,14,0.05,0.08,0.0,0.0,0.0,0.0,1.0,1.0,1,85355.0
0,1,51,5,0,0,0,0,0,0,0,0,0,0,0,0,0,0,0,0,0,0,276,24,1.0,1.0,0.0,0.0,0.09,0.04,0.0,255,24,0.09,0.05,0.0,0.0,1.0,1.0,0.0,0.0,1,93302.0
0,1,22,9,299,2209,0,0,0,0,0,1,0,0,0,0,0,0,0,0,0,0,37,37,0.0,0.0,0.0,0.0,1.0,0.0,0.0,37,255,1.0,0.0,0.03,0.04,0.0,0.0,0.0,0.0,0,116342.0
0,1,22,9,279,3101,0,0,0,0,0,1,0,0,0,0,0,0,0,0,0,0,24,27,0.0,0.0,0.0,0.0,1.0,0.0,0.15,252,255,1.0,0.0,0.0,0.01,0.0,0.0,0.0,0.0,0,83046.0
0,2,11,9,46,142,0,0,0,0,0,0,0,0,0,0,0,0,0,0,0,0,76,156,0.0,0.0,0.0,0.0,1.0,0.0,0.01,255,239,0.94,0.01,0.0,0.0,0.0,0.0,0.0,0.0,0,57248.0
0,1,16,5,0,0,0,0,0,0,0,0,0,0,0,0,0,0,0,0,0,0,114,2,1.0,1.0,0.0,0.0,0.02,0.06,0.0,255,17,0.07,0.06,0.0,0.0,1.0,1.0,0.0,0.0,1,93013.0
0,1,18,5,0,0,0,0,0,0,0,0,0,0,0,0,0,0,0,0,0,0,247,1,1.0,1.0,0.0,0.0,0.0,0.07,0.0,255,1,0.0,0.07,0.0,0.0,1.0,1.0,0.0,0.0,1,51525.0
2,1,42,9,35,130,0,0,0,0,0,1,0,0,0,0,0,0,0,0,0,0,2,1,0.0,0.0,0.0,0.0,0.5,1.0,0.0,40,4,0.05,0.12,0.03,0.5,0.03,0.0,0.0,0.0,0,61432.0
0,1,22,5,0,0,0,0,0,0,0,0,0,0,0,0,0,0,0,0,0,0,132,3,1.0,1.0,0.0,0.0,0.02,0.06,0.0,255,3,0.01,0.07,0.0,0.0,1.0,1.0,0.0,0.0,1,110368.0
0,1,22,9,217,790,0,0,0,0,0,1,0,0,0,0,0,0,0,0,0,0,51,51,0.0,0.0,0.0,0.0,1.0,0.0,0.0,169,255,1.0,0.0,0.01,0.01,0.0,0.0,0.0,0.0,0,20139.0
0,1,52,5,0,0,0,0,0,0,0,0,0,0,0,0,0,0,0,0,0,0,147,22,1.0,1.0,0.0,0.0,0.15,0.04,0.0,255,22,0.09,0.05,0.0,0.0,1.0,1.0,0.0,0.0,1,28214.0
0,1,22,9,233,782,0,0,0,0,0,1,0,0,0,0,0,0,0,0,0,0,1,5,0.0,0.0,0.0,0.0,1.0,0.0,0.4,1,255,1.0,0.0,1.0,0.04,0.0,0.0,0.0,0.0,0,92585.0
0,0,13,9,8,0,0,0,0,0,0,0,0,0,0,0,0,0,0,0,0,0,1,16,0.0,0.0,0.0,0.0,1.0,0.0,1.0,4,8,1.0,0.0,1.0,0.25,0.0,0.0,0.0,0.0,1,96568.0
0,1,22,9,235,3222,0,0,0,0,0,1,0,0,0,0,0,0,0,0,0,0,7,18,0.0,0.0,0.0,0.0,1.0,0.0,0.11,255,248,0.97,0.01,0.0,0.0,0.0,0.0,0.0,0.0,0,100201.0
0,1,20,5,0,0,0,0,0,0,0,0,0,0,0,0,0,0,0,0,0,0,212,6,1.0,1.0,0.0,0.0,0.03,0.08,0.0,255,6,0.02,0.08,0.0,0.0,1.0,1.0,0.0,0.0,1,4172.0
0,1,44,1,0,0,0,0,0,0,0,0,0,0,0,0,0,0,0,0,0,0,186,18,0.0,0.0,1.0,1.0,0.1,0.06,0.0,255,18,0.07,0.07,0.0,0.0,0.0,0.0,1.0,1.0,1,90246.0
0,2,44,9,215,0,0,0,0,0,0,0,0,0,0,0,0,0,0,0,0,0,1,1,0.0,0.0,0.0,0.0,1.0,0.0,0.0,103,87,0.84,0.02,0.84,0.0,0.0,0.0,0.0,0.0,1,101143.0
0,1,22,9,309,1837,0,0,0,0,0,1,0,0,0,0,0,0,0,0,0,0,5,6,0.0,0.0,0.0,0.0,1.0,0.0,0.33,15,255,1.0,0.0,0.07,0.03,0.0,0.0,0.0,0.0,0,56533.0
0,1,62,5,0,0,0,0,0,0,0,0,0,0,0,0,0,0,0,0,0,0,205,3,1.0,1.0,0.0,0.0,0.01,0.07,0.0,255,3,0.01,0.08,0.0,0.0,1.0,1.0,0.0,0.0,1,48352.0
0,1,22,9,260,1160,0,0,0,0,0,1,0,0,0,0,0,0,0,0,0,0,18,18,0.0,0.0,0.0,0.0,1.0,0.0,0.0,35,255,1.0,0.0,0.03,0.02,0.0,0.0,0.0,0.0,0,10480.0
0,1,44,1,0,0,0,0,0,0,0,0,0,0,0,0,0,0,0,0,0,0,180,1,0.11,0.0,0.88,1.0,0.01,1.0,0.0,255,1,0.0,0.85,0.0,0.0,0.07,0.0,0.64,1.0,1,80694.0
16,1,55,9,107,3981,0,0,0,0,0,1,0,0,0,0,0,0,0,0,0,0,1,1,0.0,0.0,0.0,0.0,1.0,0.0,0.0,150,3,0.02,0.04,0.01,0.0,0.0,0.0,0.0,0.0,0,122569.0
0,1,44,5,0,0,0,0,0,0,0,0,0,0,0,0,0,0,0,0,0,0,278,3,1.0,1.0,0.0,0.0,0.01,0.06,0.0,255,3,0.01,0.09,0.0,0.0,1.0,1.0,0.0,0.0,1,25626.0
0,1,44,5,0,0,0,0,0,0,0,0,0,0,0,0,0,0,0,0,0,0,277,9,1.0,1.0,0.0,0.0,0.03,0.06,0.0,255,2,0.01,0.08,0.0,0.0,1.0,1.0,0.0,0.0,1,119172.0
1530,2,40,9,145,105,0,0,0,0,0,0,0,0,0,0,0,0,0,0,0,0,1,1,0.0,0.0,0.0,0.0,1.0,0.0,0.0,255,1,0.0,0.61,0.82,0.0,0.0,0.0,0.0,0.0,0,17035.0
0,1,49,9,1165,441,0,0,0,0,0,1,0,0,0,0,0,0,0,0,0,0,1,2,0.0,0.0,0.0,0.0,1.0,0.0,1.0,255,71,0.28,0.05,0.0,0.0,0.49,0.0,0.02,0.0,0,36961.0
0,1,5,5,0,0,0,0,0,0,0,0,0,0,0,0,0,0,0,0,0,0,133,6,1.0,1.0,0.0,0.0,0.05,0.07,0.0,255,6,0.02,0.06,0.0,0.0,1.0,1.0,0.0,0.0,1,6535.0
0,1,44,5,0,0,0,0,0,0,0,0,0,0,0,0,0,0,0,0,0,0,78,1,1.0,1.0,0.0,0.0,0.01,0.08,0.0,255,15,0.06,0.07,0.0,0.0,1.0,1.0,0.0,0.0,1,4320.0
0,1,44,5,0,0,0,0,0,0,0,0,0,0,0,0,0,0,0,0,0,0,81,20,1.0,1.0,0.0,0.0,0.25,0.06,0.0,255,3,0.01,0.07,0.0,0.0,1.0,1.0,0.0,0.0,1,107431.0
1,1,49,9,1418,333,0,0,0,0,0,1,0,0,0,0,2,0,0,0,0,0,1,1,0.0,0.0,0.0,0.0,1.0,0.0,0.0,255,138,0.54,0.04,0.0,0.0,0.0,0.0,0.0,0.0,0,37426.0
5,1,49,9,1443,366,0,0,0,0,0,1,0,0,0,0,0,0,0,0,0,0,1,2,0.0,0.0,0.0,0.0,1.0,0.0,1.0,79,196,0.7,0.06,0.03,0.01,0.0,0.0,0.0,0.0,0,102825.0
0,1,22,5,0,0,0,0,0,0,0,0,0,0,0,0,0,0,0,0,0,0,246,24,1.0,0.71,0.0,0.0,0.07,0.07,0.08,255,17,0.07,0.06,0.0,0.0,1.0,1.0,0.0,0.0,1,121185.0
0,1,22,9,309,398,0,0,0,0,0,1,0,0,0,0,0,0,0,0,0,0,5,16,0.0,0.0,0.0,0.0,1.0,0.0,0.12,255,255,1.0,0.0,0.0,0.0,0.0,0.0,0.0,0.0,0,122422.0
0,1,54,5,0,0,0,0,0,0,0,0,0,0,0,0,0,0,0,0,0,0,263,23,1.0,1.0,0.0,0.0,0.09,0.05,0.0,255,23,0.09,0.05,0.0,0.0,1.0,1.0,0.0,0.0,1,110815.0
0,2,11,9,44,137,0,0,0,0,0,0,0,0,0,0,0,0,0,0,0,0,64,144,0.0,0.0,0.0,0.0,1.0,0.0,0.01,255,254,1.0,0.01,0.0,0.0,0.0,0.0,0.0,0.0,0,26769.0
0,1,51,5,0,0,0,0,0,0,0,0,0,0,0,0,0,0,0,0,0,0,223,12,1.0,1.0,0.0,0.0,0.05,0.06,0.0,255,1,0.0,0.06,0.0,0.0,1.0,1.0,0.0,0.0,1,110588.0
0,1,44,5,0,0,0,0,0,0,0,0,0,0,0,0,0,0,0,0,0,0,200,15,1.0,1.0,0.0,0.0,0.08,0.06,0.0,255,1,0.0,0.09,0.0,0.0,1.0,1.0,0.0,0.0,1,124779.0
0,1,32,5,0,0,0,0,0,0,0,0,0,0,0,0,0,0,0,0,0,0,273,3,1.0,1.0,0.0,0.0,0.01,0.06,0.0,255,16,0.06,0.07,0.0,0.0,1.0,1.0,0.0,0.0,1,124088.0
0,0,14,9,1032,0,0,0,0,0,0,0,0,0,0,0,0,0,0,0,0,0,511,511,0.0,0.0,0.0,0.0,1.0,0.0,0.0,237,92,0.39,0.01,0.39,0.0,0.0,0.0,0.0,0.0,1,79485.0
0,1,10,5,0,0,0,0,0,0,0,0,0,0,0,0,0,0,0,0,0,0,104,14,1.0,1.0,0.0,0.0,0.13,0.06,0.0,255,6,0.02,0.07,0.0,0.0,1.0,1.0,0.0,0.0,1,124927.0
1,1,42,9,35,130,0,0,0,0,0,1,0,0,0,0,0,0,0,0,0,0,1,1,0.0,0.0,0.0,0.0,1.0,0.0,0.0,139,8,0.03,0.04,0.01,0.25,0.0,0.0,0.0,0.0,0,44806.0
0,1,3,5,0,0,0,0,0,0,0,0,0,0,0,0,0,0,0,0,0,0,257,3,1.0,1.0,0.0,0.0,0.01,0.07,0.0,255,3,0.01,0.08,0.0,0.0,1.0,1.0,0.0,0.0,1,5421.0
0,0,13,9,8,0,0,0,0,0,0,0,0,0,0,0,0,0,0,0,0,0,1,25,0.0,0.0,0.0,0.0,1.0,0.0,1.0,2,10,1.0,0.0,1.0,0.5,0.0,0.0,0.0,0.0,1,31471.0
0,2,44,9,1,0,0,0,0,0,0,0,0,0,0,0,0,0,0,0,0,0,35,6,0.0,0.0,0.0,0.0,0.17,0.11,0.0,255,35,0.14,0.56,0.58,0.0,0.0,0.0,0.42,0.0,1,89113.0
31,1,18,9,1000,3074,0,0,0,22,0,1,0,0,0,0,0,0,0,0,0,1,1,1,0.0,0.0,0.0,0.0,1.0,0.0,0.0,192,42,0.22,0.04,0.01,0.0,0.0,0.0,0.01,0.02,0,3273.0
0,1,22,9,309,909,0,0,0,0,0,1,0,0,0,0,0,0,0,0,0,0,9,9,0.0,0.0,0.0,0.0,1.0,0.0,0.0,128,255,1.0,0.0,0.01,0.02,0.0,0.0,0.0,0.0,0,67014.0
0,1,20,5,0,0,0,0,0,0,0,0,0,0,0,0,0,0,0,0,0,0,251,9,1.0,1.0,0.0,0.0,0.04,0.06,0.0,255,9,0.04,0.08,0.0,0.0,1.0,1.0,0.0,0.0,1,46726.0
1,1,49,9,2045,357,0,0,0,0,0,1,0,0,0,0,0,0,0,0,0,0,1,3,0.0,0.0,0.0,0.0,1.0,0.0,1.0,98,230,0.81,0.02,0.01,0.01,0.0,0.0,0.0,0.0,0,51647.0
0,1,44,5,0,0,0,0,0,0,0,0,0,0,0,0,0,0,0,0,0,0,83,16,1.0,1.0,0.0,0.0,0.19,0.07,0.0,255,4,0.02,0.06,0.0,0.0,1.0,1.0,0.0,0.0,1,26480.0
0,0,13,9,8,0,0,0,0,0,0,0,0,0,0,0,0,0,0,0,0,0,1,25,0.0,0.0,0.0,0.0,1.0,0.0,1.0,1,73,1.0,0.0,1.0,0.51,0.0,0.0,0.0,0.0,1,17512.0
30,1,18,9,1213,3380,0,0,0,24,0,1,0,0,0,0,0,0,0,0,0,1,2,2,0.0,0.0,0.0,0.0,1.0,0.0,0.0,252,57,0.23,0.02,0.0,0.0,0.0,0.0,0.0,0.0,0,94108.0
0,1,44,5,0,0,0,0,0,0,0,0,0,0,0,0,0,0,0,0,0,0,157,4,1.0,1.0,0.0,0.0,0.03,0.05,0.0,255,4,0.02,0.05,0.0,0.0,1.0,1.0,0.0,0.0,1,7280.0
0,1,22,9,217,312,0,0,0,0,0,1,0,0,0,0,0,0,0,0,0,0,7,21,0.0,0.0,0.0,0.0,1.0,0.0,0.14,255,255,1.0,0.0,0.0,0.0,0.0,0.0,0.0,0.0,0,13128.0
0,1,44,5,0,0,0,0,0,0,0,0,0,0,0,0,0,0,0,0,0,0,121,15,1.0,1.0,0.0,0.0,0.12,0.05,0.0,255,15,0.06,0.05,0.0,0.0,1.0,1.0,0.0,0.0,1,24085.0
0,1,61,5,0,0,0,0,0,0,0,0,0,0,0,0,0,0,0,0,0,0,266,5,1.0,1.0,0.0,0.0,0.02,0.06,0.0,255,5,0.02,0.06,0.0,0.0,1.0,1.0,0.0,0.0,1,106028.0
0,1,22,9,306,2128,0,0,0,0,0,1,0,0,0,0,0,0,0,0,0,0,10,11,0.0,0.0,0.0,0.0,1.0,0.0,0.18,255,255,1.0,0.0,0.0,0.0,0.0,0.0,0.0,0.0,0,103379.0
0,1,22,9,291,46138,0,0,0,0,0,1,0,0,0,0,0,0,0,0,0,0,4,4,0.25,0.25,0.0,0.0,1.0,0.0,0.0,4,255,1.0,0.0,0.25,0.05,0.25,0.0,0.0,0.0,0,94676.0
0,1,22,9,185,4841,0,0,0,0,0,1,0,0,0,0,0,0,0,0,0,0,3,4,0.0,0.0,0.0,0.0,1.0,0.0,0.5,176,255,1.0,0.0,0.01,0.03,0.0,0.0,0.0,0.0,0,1661.0
0,1,22,9,308,3672,0,0,0,0,0,1,0,0,0,0,0,0,0,0,0,0,2,3,0.0,0.0,0.0,0.0,1.0,0.0,0.67,128,255,1.0,0.0,0.01,0.02,0.0,0.0,0.0,0.0,0,30984.0
0,1,10,5,0,0,0,0,0,0,0,0,0,0,0,0,0,0,0,0,0,0,283,5,1.0,1.0,0.0,0.0,0.02,0.06,0.0,255,5,0.02,0.07,0.0,0.0,1.0,1.0,0.0,0.0,1,85456.0
0,1,22,9,307,321,0,0,0,0,0,1,0,0,0,0,0,0,0,0,0,0,8,8,0.0,0.0,0.0,0.0,1.0,0.0,0.0,255,255,1.0,0.0,0.0,0.0,0.0,0.0,0.0,0.0,0,1212.0
0,1,44,5,0,0,0,0,0,0,0,0,0,0,0,0,0,0,0,0,0,0,119,20,1.0,1.0,0.0,0.0,0.17,0.08,0.0,255,20,0.08,0.07,0.0,0.0,1.0,1.0,0.0,0.0,1,112857.0
31621,1,44,4,1,0,0,0,0,0,0,0,0,0,0,0,0,0,0,0,0,0,2,2,0.0,0.0,1.0,1.0,1.0,0.0,0.0,255,2,0.01,0.82,1.0,0.0,0.0,0.0,1.0,1.0,1,25653.0
0,1,22,9,3744,4026,0,0,0,0,0,1,0,0,0,0,0,0,0,0,0,0,14,14,0.0,0.0,0.0,0.0,1.0,0.0,0.0,38,255,1.0,0.0,0.03,0.05,0.0,0.01,0.0,0.0,0,108844.0
0,1,53,5,0,0,0,0,0,0,0,0,0,0,0,0,0,0,0,0,0,0,58,13,1.0,1.0,0.0,0.0,0.22,0.1,0.0,255,14,0.05,0.08,0.0,0.0,1.0,1.0,0.0,0.0,1,88427.0
0,1,17,5,0,0,0,0,0,0,0,0,0,0,0,0,0,0,0,0,0,0,75,20,1.0,1.0,0.0,0.0,0.27,0.05,0.0,255,65,0.25,0.02,0.01,0.0,1.0,1.0,0.0,0.0,1,100145.0
0,1,22,9,229,1340,0,0,0,0,0,1,0,0,0,0,0,0,0,0,0,0,3,15,0.0,0.0,0.0,0.0,1.0,0.0,0.2,15,255,1.0,0.0,0.07,0.01,0.0,0.0,0.0,0.0,0,95442.0
0,0,13,9,8,0,0,0,0,0,0,0,0,0,0,0,0,0,0,0,0,0,1,36,0.0,0.0,0.0,0.0,1.0,0.0,1.0,1,86,1.0,0.0,1.0,0.51,0.0,0.0,0.0,0.0,1,89332.0
0,1,18,5,0,0,0,0,0,0,0,0,0,0,0,0,0,0,0,0,0,0,250,8,1.0,1.0,0.0,0.0,0.03,0.06,0.0,255,8,0.03,0.06,0.0,0.0,1.0,1.0,0.0,0.0,1,74360.0
0,1,22,9,355,833,0,0,0,0,0,1,0,0,0,0,0,0,0,0,0,0,22,22,0.0,0.0,0.0,0.0,1.0,0.0,0.0,22,255,1.0,0.0,0.05,0.04,0.0,0.0,0.0,0.0,0,8022.0
0,1,54,5,0,0,0,0,0,0,0,0,0,0,0,0,0,0,0,0,0,0,251,20,1.0,1.0,0.0,0.0,0.08,0.06,0.0,255,20,0.08,0.07,0.0,0.0,1.0,1.0,0.0,0.0,1,23266.0
0,2,11,9,43,127,0,0,0,0,0,0,0,0,0,0,0,0,0,0,0,0,8,89,0.0,0.0,0.0,0.0,1.0,0.0,0.02,142,94,0.66,0.02,0.01,0.0,0.0,0.0,0.0,0.0,0,102518.0
0,1,22,9,293,24602,0,0,0,0,0,1,0,0,0,0,0,0,0,0,0,0,6,6,0.0,0.0,0.0,0.0,1.0,0.0,0.0,31,255,1.0,0.0,0.03,0.03,0.0,0.0,0.0,0.0,0,104779.0
0,1,22,9,213,301,0,0,0,0,0,1,0,0,0,0,0,0,0,0,0,0,21,23,0.0,0.0,0.0,0.0,1.0,0.0,0.09,204,255,1.0,0.0,0.0,0.01,0.0,0.0,0.0,0.0,0,84887.0
0,1,19,9,2878,0,0,0,0,0,0,1,0,0,0,0,0,0,0,0,0,0,2,1,0.0,0.0,0.0,0.0,0.5,1.0,0.0,30,28,0.93,0.1,0.93,0.0,0.0,0.0,0.0,0.0,0,117994.0
0,1,22,9,239,3276,0,0,0,0,0,1,0,0,0,0,0,0,0,0,0,0,2,24,0.0,0.0,0.0,0.04,1.0,0.0,0.21,66,255,1.0,0.0,0.02,0.06,0.0,0.0,0.0,0.0,0,114632.0
15,1,49,9,1896,446,0,0,0,0,0,1,0,0,0,0,0,0,0,0,0,0,1,1,0.0,0.0,0.0,0.0,1.0,0.0,0.0,151,138,0.62,0.02,0.01,0.01,0.0,0.0,0.0,0.0,0,22091.0
0,2,11,9,44,132,0,0,0,0,0,0,0,0,0,0,0,0,0,0,0,0,31,109,0.0,0.0,0.0,0.0,1.0,0.0,0.02,255,235,0.92,0.01,0.0,0.0,0.0,0.0,0.0,0.0,0,118287.0
0,0,13,9,18,0,0,0,0,0,0,0,0,0,0,0,0,0,0,0,0,0,1,1,0.0,0.0,0.0,0.0,1.0,0.0,0.0,3,80,0.33,0.67,0.33,1.0,0.0,0.0,0.0,0.0,1,94351.0
0,1,49,9,1729,279,0,0,0,0,0,1,0,0,0,0,1,0,0,0,0,0,2,1,0.0,0.0,0.0,0.0,0.5,1.0,0.0,205,156,0.76,0.03,0.0,0.0,0.0,0.0,0.0,0.0,0,96792.0
0,1,44,5,0,0,0,0,0,0,0,0,0,0,0,0,0,0,0,0,0,0,198,20,1.0,1.0,0.0,0.0,0.1,0.06,0.0,255,3,0.01,0.08,0.0,0.0,1.0,1.0,0.0,0.0,1,10834.0
0,1,22,9,251,1917,0,0,0,0,0,1,0,0,0,0,0,0,0,0,0,0,2,47,0.0,0.0,0.0,0.0,1.0,0.0,0.11,43,255,1.0,0.0,0.02,0.05,0.02,0.01,0.0,0.0,0,4816.0
0,1,19,5,0,0,0,0,0,0,0,0,0,0,0,0,0,0,0,0,0,0,76,18,1.0,1.0,0.0,0.0,0.24,0.05,0.0,255,64,0.25,0.02,0.0,0.0,1.0,1.0,0.0,0.0,1,99468.0
0,1,19,5,0,0,0,0,0,0,0,0,0,0,0,0,0,0,0,0,0,0,42,10,1.0,1.0,0.0,0.0,0.24,0.1,0.0,255,67,0.26,0.02,0.01,0.0,1.0,1.0,0.0,0.0,1,108743.0
4,1,49,9,1468,333,0,0,0,0,0,1,0,0,0,0,0,0,0,0,0,0,1,1,0.0,0.0,0.0,0.0,1.0,0.0,0.0,48,100,0.65,0.08,0.02,0.02,0.0,0.0,0.0,0.0,0,80532.0
0,1,19,9,501760,0,0,0,0,0,0,1,0,0,0,0,0,0,0,0,0,0,2,2,0.0,0.0,0.0,0.0,1.0,0.0,0.0,51,12,0.24,0.06,0.24,0.0,0.0,0.0,0.0,0.0,0,9200.0
0,1,44,5,0,0,0,0,0,0,0,0,0,0,0,0,0,0,0,0,0,0,137,4,1.0,1.0,0.0,0.0,0.03,0.06,0.0,255,7,0.03,0.05,0.0,0.0,1.0,1.0,0.0,0.0,1,35522.0
20,1,49,9,853,330,0,0,0,0,0,1,0,0,0,0,0,0,0,0,0,0,1,2,0.0,0.0,0.0,0.0,1.0,0.0,1.0,151,198,0.83,0.02,0.01,0.01,0.0,0.0,0.0,0.0,0,34469.0
0,1,26,5,0,0,0,0,0,0,0,0,0,0,0,0,0,0,0,0,0,0,56,20,1.0,1.0,0.0,0.0,0.36,0.05,0.0,255,20,0.08,0.04,0.0,0.0,1.0,1.0,0.0,0.0,1,13425.0
0,1,52,5,0,0,0,0,0,0,0,0,0,0,0,0,0,0,0,0,0,0,133,4,1.0,1.0,0.0,0.0,0.03,0.06,0.0,255,4,0.02,0.06,0.0,0.0,1.0,1.0,0.0,0.0,1,14932.0
0,1,22,9,224,667,0,0,0,0,0,1,0,0,0,0,0,0,0,0,0,0,23,23,0.0,0.0,0.0,0.0,1.0,0.0,0.0,23,255,1.0,0.0,0.04,0.06,0.0,0.01,0.0,0.0,0,29029.0
0,1,40,9,5891,0,0,0,0,0,0,1,0,0,0,0,0,0,0,0,0,0,15,1,0.07,0.0,0.0,0.0,0.07,0.33,0.0,128,1,0.01,0.07,0.16,0.0,0.03,0.0,0.0,0.0,0,57011.0
855,2,40,9,146,105,0,0,0,0,0,0,0,0,0,0,0,0,0,0,0,0,1,1,0.0,0.0,0.0,0.0,1.0,0.0,0.0,112,2,0.02,0.55,0.79,0.0,0.0,0.0,0.0,0.0,0,98137.0
0,1,22,9,316,267,0,0,0,0,0,1,0,0,0,0,0,0,0,0,0,0,6,6,0.0,0.0,0.0,0.0,1.0,0.0,0.0,255,255,1.0,0.0,0.0,0.0,0.0,0.0,0.0,0.0,0,63568.0
0,1,9,2,0,0,0,0,0,0,0,0,0,0,0,0,0,0,0,0,0,0,257,17,0.0,0.0,1.0,1.0,0.07,0.06,0.0,255,17,0.07,0.07,0.0,0.0,0.0,0.0,1.0,1.0,1,60096.0
0,1,22,9,313,1508,0,0,0,0,0,1,0,0,0,0,0,0,0,0,0,0,3,3,0.0,0.0,0.0,0.0,1.0,0.0,0.0,70,255,1.0,0.0,0.01,0.04,0.01,0.0,0.0,0.0,0,70123.0
0,1,22,9,326,2510,0,0,0,0,0,1,0,0,0,0,0,0,0,0,0,0,6,25,0.0,0.0,0.0,0.0,1.0,0.0,0.2,6,255,1.0,0.0,0.17,0.04,0.0,0.0,0.0,0.0,0,21489.0
2,1,49,9,891,333,0,0,0,0,0,1,0,0,0,1,0,0,0,0,0,0,1,1,0.0,0.0,0.0,0.0,1.0,0.0,0.0,99,141,0.21,0.05,0.01,0.01,0.0,0.0,0.0,0.0,0,78666.0
0,1,5,5,0,0,0,0,0,0,0,0,0,0,0,0,0,0,0,0,0,0,111,10,1.0,1.0,0.0,0.0,0.09,0.06,0.0,255,10,0.04,0.06,0.0,0.0,1.0,1.0,0.0,0.0,1,36789.0
0,0,14,9,8,0,0,0,0,0,0,0,0,0,0,0,0,0,0,0,0,0,1,1,0.0,0.0,0.0,0.0,1.0,0.0,0.0,5,5,1.0,0.0,1.0,0.0,0.0,0.0,0.0,0.0,1,106599.0
0,1,12,5,0,0,0,0,0,0,0,0,0,0,0,0,0,0,0,0,0,0,205,21,1.0,1.0,0.0,0.0,0.1,0.06,0.0,255,21,0.08,0.06,0.0,0.0,1.0,1.0,0.0,0.0,1,99385.0
0,1,22,9,318,3355,0,0,0,0,0,1,0,0,0,0,0,0,0,0,0,0,21,21,0.0,0.0,0.0,0.0,1.0,0.0,0.0,154,255,1.0,0.0,0.01,0.02,0.01,0.0,0.0,0.0,0,105096.0
0,1,5,5,0,0,0,0,0,0,0,0,0,0,0,0,0,0,0,0,0,0,104,4,1.0,1.0,0.0,0.0,0.04,0.07,0.0,255,4,0.02,0.06,0.0,0.0,1.0,1.0,0.0,0.0,1,61877.0
0,1,19,5,0,0,0,0,0,0,0,0,0,0,0,0,0,0,0,0,0,0,16,5,1.0,1.0,0.0,0.0,0.31,0.19,0.0,255,5,0.02,0.08,0.0,0.0,1.0,1.0,0.0,0.0,1,55188.0
0,2,11,9,28,88,0,0,0,0,0,0,0,0,0,0,0,0,0,0,0,0,1,1,0.0,0.0,0.0,0.0,1.0,0.0,0.0,255,251,0.98,0.01,0.01,0.0,0.0,0.0,0.0,0.0,0,56012.0
0,1,22,9,300,6487,0,0,0,0,0,1,0,0,0,0,0,0,0,0,0,0,1,4,0.0,0.0,0.0,0.0,1.0,0.0,0.5,28,255,1.0,0.0,0.04,0.06,0.0,0.0,0.0,0.0,0,100965.0
0,1,44,5,0,0,0,0,0,0,0,0,0,0,0,0,0,0,0,0,0,0,230,17,1.0,1.0,0.0,0.0,0.07,0.04,0.0,34,17,0.5,0.09,0.03,0.0,0.94,1.0,0.0,0.0,1,45238.0
0,1,44,5,0,0,0,0,0,0,0,0,0,0,0,0,0,0,0,0,0,0,101,15,1.0,1.0,0.0,0.0,0.15,0.06,0.0,255,12,0.05,0.06,0.0,0.0,1.0,1.0,0.0,0.0,1,65898.0
0,1,22,9,333,1688,0,0,0,0,0,1,0,0,0,0,0,0,0,0,0,0,6,19,0.0,0.0,0.0,0.0,1.0,0.0,0.21,80,255,1.0,0.0,0.01,0.02,0.0,0.0,0.0,0.0,0,24974.0
0,1,22,9,244,3262,0,0,0,0,0,1,0,0,0,0,0,0,0,0,0,0,1,1,0.0,0.0,0.0,0.0,1.0,0.0,0.0,255,255,1.0,0.0,0.0,0.0,0.0,0.0,0.0,0.0,0,81107.0
0,0,13,9,8,0,0,0,0,0,0,0,0,0,0,0,0,0,0,0,0,0,1,19,0.0,0.0,0.0,0.0,1.0,0.0,1.0,1,23,1.0,0.0,1.0,0.52,0.0,0.0,0.0,0.0,1,71095.0
0,1,44,1,0,0,0,0,0,0,0,0,0,0,0,0,0,0,0,0,0,0,288,16,0.0,0.0,1.0,1.0,0.06,0.06,0.0,255,33,0.13,0.06,0.0,0.0,0.0,0.0,1.0,1.0,1,91907.0
0,1,32,5,0,0,0,0,0,0,0,0,0,0,0,0,0,0,0,0,0,0,243,5,1.0,1.0,0.0,0.0,0.02,0.06,0.0,255,5,0.02,0.06,0.0,0.0,1.0,1.0,0.0,0.0,1,69355.0
0,1,22,9,310,513,0,0,0,0,0,1,0,0,0,0,0,0,0,0,0,0,30,35,0.0,0.0,0.0,0.0,1.0,0.0,0.09,255,255,1.0,0.0,0.0,0.0,0.0,0.0,0.0,0.0,0,75639.0
0,1,19,9,334,0,0,0,0,0,0,1,0,0,0,0,0,0,0,0,0,0,2,2,0.0,0.0,0.0,0.0,1.0,0.0,0.0,14,49,1.0,0.0,1.0,0.12,0.0,0.02,0.0,0.0,1,58412.0
0,2,44,9,105,147,0,0,0,0,0,0,0,0,0,0,0,0,0,0,0,0,7,1,0.0,0.0,0.0,0.0,0.14,0.29,0.0,255,240,0.94,0.01,0.0,0.0,0.0,0.0,0.0,0.0,0,51548.0
0,0,13,9,18,0,0,0,0,0,0,0,0,0,0,0,0,0,0,0,0,0,1,1,0.0,0.0,0.0,0.0,1.0,0.0,0.0,4,208,1.0,0.0,1.0,0.25,0.0,0.0,0.0,0.0,1,5346.0
0,1,52,5,0,0,0,0,0,0,0,0,0,0,0,0,0,0,0,0,0,0,111,5,1.0,1.0,0.0,0.0,0.05,0.07,0.0,255,5,0.02,0.07,0.0,0.0,1.0,1.0,0.0,0.0,1,27043.0
0,1,16,5,0,0,0,0,0,0,0,0,0,0,0,0,0,0,0,0,0,0,110,20,1.0,1.0,0.0,0.0,0.18,0.05,0.0,255,7,0.03,0.07,0.0,0.0,1.0,1.0,0.0,0.0,1,9598.0
0,1,22,9,299,711,0,0,0,0,0,1,0,0,0,0,0,0,0,0,0,0,4,32,0.0,0.0,0.0,0.0,1.0,0.0,0.06,185,255,1.0,0.0,0.01,0.02,0.0,0.0,0.0,0.0,0,35129.0
0,1,22,9,54540,8314,0,0,0,2,0,1,1,0,0,0,0,0,0,0,0,0,4,4,0.0,0.0,0.0,0.0,1.0,0.0,0.0,71,71,1.0,0.0,0.01,0.0,0.01,0.01,0.01,0.01,1,89547.0
0,1,19,9,63,0,0,0,0,0,0,0,0,0,0,0,0,0,0,0,0,0,1,1,0.0,0.0,0.0,0.0,1.0,0.0,0.0,255,51,0.2,0.02,0.2,0.0,0.41,0.0,0.0,0.0,0,94592.0
0,1,22,9,214,289,0,0,0,0,0,1,0,0,0,0,0,0,0,0,0,0,7,30,0.0,0.0,0.0,0.0,1.0,0.0,0.17,200,255,1.0,0.0,0.0,0.01,0.0,0.0,0.0,0.0,0,112274.0
0,1,44,5,0,0,0,0,0,0,0,0,0,0,0,0,0,0,0,0,0,0,128,11,1.0,1.0,0.0,0.0,0.09,0.06,0.0,45,10,0.22,0.16,0.02,0.0,1.0,1.0,0.0,0.0,1,105885.0
0,0,14,9,1480,0,0,1,0,0,0,0,0,0,0,0,0,0,0,0,0,0,18,18,0.0,0.0,0.0,0.0,1.0,0.0,0.0,255,19,0.07,0.08,0.07,0.0,0.54,0.0,0.01,0.0,1,97101.0
0,1,22,9,229,986,0,0,0,0,0,1,0,0,0,0,0,0,0,0,0,0,21,22,0.0,0.0,0.05,0.05,1.0,0.0,0.09,255,255,1.0,0.0,0.0,0.0,0.0,0.0,0.0,0.0,0,119299.0
0,0,13,9,8,0,0,0,0,0,0,0,0,0,0,0,0,0,0,0,0,0,1,19,0.0,0.0,0.0,0.0,1.0,0.0,1.0,1,28,1.0,0.0,1.0,0.54,0.0,0.0,0.0,0.0,1,26518.0
0,1,22,9,280,9544,0,0,0,0,0,1,0,0,0,0,0,0,0,0,0,0,1,4,0.0,0.0,0.0,0.0,1.0,0.0,0.5,169,255,1.0,0.0,0.01,0.03,0.0,0.0,0.01,0.0,0,1145.0
0,1,22,9,0,18407,0,0,0,0,0,0,0,0,0,0,0,0,0,0,0,0,10,10,0.1,0.1,0.0,0.0,1.0,0.0,0.0,255,255,1.0,0.0,0.0,0.0,0.0,0.0,0.0,0.0,0,27393.0
0,1,44,5,0,0,0,0,0,0,0,0,0,0,0,0,0,0,0,0,0,0,242,8,1.0,1.0,0.0,0.0,0.03,0.06,0.0,255,16,0.06,0.07,0.0,0.0,1.0,1.0,0.0,0.0,1,111839.0
0,1,22,9,318,1099,0,0,0,0,0,1,0,0,0,0,0,0,0,0,0,0,3,4,0.0,0.0,0.0,0.0,1.0,0.0,0.5,45,255,1.0,0.0,0.02,0.03,0.0,0.0,0.0,0.0,0,67441.0
0,1,44,5,0,0,0,0,0,0,0,0,0,0,0,0,0,0,0,0,0,0,195,16,1.0,1.0,0.0,0.0,0.08,0.06,0.0,255,2,0.01,0.06,0.0,0.0,1.0,1.0,0.0,0.0,1,102233.0
0,1,30,5,0,0,0,0,0,0,0,0,0,0,0,0,0,0,0,0,0,0,132,3,1.0,1.0,0.0,0.0,0.02,0.06,0.0,255,3,0.01,0.06,0.0,0.0,1.0,1.0,0.0,0.0,1,69214.0
0,2,11,9,42,42,0,0,0,0,0,0,0,0,0,0,0,0,0,0,0,0,6,9,0.0,0.0,0.0,0.0,1.0,0.0,0.22,255,214,0.84,0.01,0.0,0.0,0.0,0.0,0.0,0.0,0,115116.0
0,1,44,5,0,0,0,0,0,0,0,0,0,0,0,0,0,0,0,0,0,0,106,17,1.0,1.0,0.0,0.0,0.16,0.06,0.0,255,5,0.02,0.07,0.0,0.0,1.0,1.0,0.0,0.0,1,61115.0
0,1,22,9,218,4073,0,0,0,0,0,1,0,0,0,0,0,0,0,0,0,0,2,9,0.0,0.0,0.0,0.11,1.0,0.0,0.33,21,255,1.0,0.0,0.05,0.06,0.1,0.01,0.0,0.0,0,67001.0
0,1,44,5,0,0,0,0,0,0,0,0,0,0,0,0,0,0,0,0,0,0,226,14,1.0,1.0,0.0,0.0,0.06,0.06,0.0,255,14,0.05,0.06,0.0,0.0,1.0,1.0,0.0,0.0,1,116197.0
0,1,5,5,0,0,0,0,0,0,0,0,0,0,0,0,0,0,0,0,0,0,103,3,1.0,1.0,0.0,0.0,0.03,0.07,0.0,255,3,0.01,0.07,0.0,0.0,1.0,1.0,0.0,0.0,1,125762.0
0,1,19,9,1342,0,0,0,0,0,0,1,0,0,0,0,0,0,0,0,0,0,4,4,0.0,0.0,0.0,0.0,1.0,0.0,0.0,53,34,0.64,0.06,0.64,0.0,0.0,0.0,0.0,0.0,0,107158.0
0,1,44,1,0,0,0,0,0,0,0,0,0,0,0,0,0,0,0,0,0,0,272,19,0.0,0.0,1.0,1.0,0.07,0.06,0.0,255,29,0.11,0.07,0.0,0.0,0.0,0.0,1.0,1.0,1,64917.0
0,1,52,5,0,0,0,0,0,0,0,0,0,0,0,0,0,0,0,0,0,0,229,11,1.0,1.0,0.0,0.0,0.05,0.06,0.0,255,11,0.04,0.07,0.0,0.0,1.0,1.0,0.0,0.0,1,34810.0
0,1,44,4,0,0,0,0,0,0,0,0,0,0,0,0,0,0,0,0,0,0,1,1,0.0,0.0,1.0,1.0,1.0,0.0,0.0,72,1,0.01,0.36,0.33,0.0,0.08,0.0,0.32,1.0,1,117647.0
0,1,37,5,0,0,0,0,0,0,0,0,0,0,0,0,0,0,0,0,0,0,102,2,1.0,1.0,0.0,0.0,0.02,0.09,0.0,255,2,0.01,0.07,0.0,0.0,1.0,1.0,0.0,0.0,1,63280.0
0,1,5,5,0,0,0,0,0,0,0,0,0,0,0,0,0,0,0,0,0,0,129,20,1.0,1.0,0.0,0.0,0.16,0.05,0.0,255,20,0.08,0.05,0.0,0.0,1.0,1.0,0.0,0.0,1,38338.0
27,1,18,9,1471,4152,0,0,0,30,0,1,0,0,0,0,0,0,0,0,0,1,1,1,0.0,0.0,0.0,0.0,1.0,0.0,0.0,2,1,0.5,1.0,0.5,0.0,0.0,0.0,0.0,0.0,0,103511.0
0,1,44,1,0,0,0,0,0,0,0,0,0,0,0,0,0,0,0,0,0,0,143,4,0.0,0.0,1.0,1.0,0.03,0.06,0.0,255,22,0.09,0.07,0.0,0.0,0.0,0.0,1.0,1.0,1,49715.0
0,2,11,9,44,72,0,0,0,0,0,0,0,0,0,0,0,0,0,0,0,0,197,197,0.0,0.0,0.0,0.0,0.99,0.01,0.01,255,254,1.0,0.01,0.0,0.0,0.0,0.0,0.0,0.0,0,96691.0
0,1,35,5,0,0,0,0,0,0,0,0,0,0,0,0,0,0,0,0,0,0,216,19,1.0,1.0,0.0,0.0,0.09,0.06,0.0,255,19,0.07,0.08,0.0,0.0,1.0,1.0,0.0,0.0,1,101731.0
0,1,22,9,139,29859,0,0,0,0,0,1,0,0,0,0,0,0,0,0,0,0,1,1,0.0,0.0,0.0,0.0,1.0,0.0,0.0,102,255,1.0,0.0,0.01,0.06,0.0,0.0,0.0,0.0,0,114352.0
0,1,59,5,0,0,0,0,0,0,0,0,0,0,0,0,0,0,0,0,0,0,114,14,1.0,1.0,0.0,0.0,0.12,0.06,0.0,255,4,0.02,0.06,0.0,0.0,1.0,1.0,0.0,0.0,1,16677.0
0,1,22,9,249,1976,0,0,0,0,0,1,0,0,0,0,0,0,0,0,0,0,2,2,0.0,0.0,0.0,0.0,1.0,0.0,0.0,255,255,1.0,0.0,0.0,0.0,0.0,0.0,0.0,0.0,0,100869.0
0,2,11,9,43,77,0,0,0,0,0,0,0,0,0,0,0,0,0,0,0,0,149,149,0.0,0.0,0.0,0.0,1.0,0.0,0.0,255,188,0.74,0.01,0.0,0.0,0.0,0.0,0.0,0.0,0,56127.0
0,1,52,2,0,0,0,0,0,0,0,0,0,0,0,0,0,0,0,0,0,0,142,16,0.0,0.0,1.0,1.0,0.11,0.06,0.0,255,16,0.06,0.07,0.0,0.0,0.0,0.0,1.0,1.0,1,62849.0
0,1,44,1,0,0,0,0,0,0,0,0,0,0,0,0,0,0,0,0,0,0,117,9,0.0,0.0,1.0,1.0,0.08,0.06,0.0,255,9,0.04,0.07,0.0,0.0,0.0,0.0,1.0,1.0,1,119933.0
0,1,16,5,0,0,0,0,0,0,0,0,0,0,0,0,0,0,0,0,0,0,148,18,1.0,1.0,0.0,0.0,0.12,0.05,0.0,255,18,0.07,0.05,0.0,0.0,1.0,1.0,0.0,0.0,1,72877.0
0,0,14,9,1032,0,0,0,0,0,0,0,0,0,0,0,0,0,0,0,0,0,511,511,0.0,0.0,0.0,0.0,1.0,0.0,0.0,255,52,0.2,0.02,0.2,0.0,0.02,0.0,0.0,0.0,1,17125.0
0,1,22,9,213,454,0,0,0,0,0,1,0,0,0,0,0,0,0,0,0,0,65,65,0.0,0.0,0.0,0.0,1.0,0.0,0.0,65,255,1.0,0.0,0.02,0.01,0.0,0.0,0.0,0.0,0,108134.0
0,1,2,5,0,0,0,0,0,0,0,0,0,0,0,0,0,0,0,0,0,0,132,21,1.0,1.0,0.0,0.0,0.16,0.05,0.0,255,21,0.08,0.05,0.0,0.0,1.0,1.0,0.0,0.0,1,80849.0
0,1,22,9,233,607,0,0,0,0,0,1,0,0,0,0,0,0,0,0,0,0,32,32,0.0,0.0,0.0,0.0,1.0,0.0,0.0,255,255,1.0,0.0,0.0,0.0,0.0,0.0,0.0,0.0,0,53111.0
0,1,22,9,188,13450,0,0,0,0,0,1,0,0,0,0,0,0,0,0,0,0,1,1,0.0,0.0,0.0,0.0,1.0,0.0,0.0,40,255,1.0,0.0,0.03,0.02,0.0,0.0,0.0,0.0,0,1058.0
0,1,44,5,0,0,0,0,0,0,0,0,0,0,0,0,0,0,0,0,0,0,111,9,1.0,1.0,0.0,0.0,0.08,0.07,0.0,255,3,0.01,0.08,0.0,0.0,1.0,1.0,0.0,0.0,1,115680.0
0,2,11,9,44,120,0,0,0,0,0,0,0,0,0,0,0,0,0,0,0,0,118,118,0.0,0.0,0.0,0.0,0.99,0.02,0.02,255,253,0.99,0.01,0.0,0.0,0.0,0.0,0.0,0.0,0,92876.0
0,1,55,5,0,0,0,0,0,0,0,0,0,0,0,0,0,0,0,0,0,0,250,4,1.0,1.0,0.0,0.0,0.02,0.06,0.0,255,17,0.07,0.07,0.0,0.0,1.0,1.0,0.0,0.0,1,3153.0
0,1,22,9,207,15789,0,0,0,0,0,1,0,0,0,0,0,0,0,0,0,0,5,5,0.0,0.0,0.0,0.0,1.0,0.0,0.0,5,255,1.0,0.0,0.2,0.06,0.0,0.0,0.0,0.01,0,73655.0
0,1,49,9,690,333,0,0,0,0,0,1,0,0,0,0,0,0,0,0,0,0,1,2,0.0,0.0,0.0,0.0,1.0,0.0,1.0,9,2,0.22,0.33,0.11,0.0,0.0,0.0,0.0,0.0,0,111068.0
0,2,11,9,44,133,0,0,0,0,0,0,0,0,0,0,0,0,0,0,0,0,283,282,0.0,0.0,0.0,0.0,1.0,0.01,0.0,248,213,0.86,0.01,0.0,0.0,0.0,0.0,0.0,0.0,0,85666.0
0,1,44,1,0,0,0,0,0,0,0,0,0,0,0,0,0,0,0,0,0,0,163,5,0.0,0.0,1.0,1.0,0.03,0.09,0.0,255,5,0.02,0.08,0.0,0.0,0.0,0.0,1.0,1.0,1,95771.0
0,1,12,5,0,0,0,0,0,0,0,0,0,0,0,0,0,0,0,0,0,0,207,16,1.0,1.0,0.0,0.0,0.08,0.05,0.0,255,16,0.06,0.05,0.0,0.0,1.0,1.0,0.0,0.0,1,28000.0
0,1,22,9,317,1637,0,0,0,0,0,1,0,0,0,0,0,0,0,0,0,0,4,5,0.0,0.0,0.0,0.0,1.0,0.0,0.4,12,103,1.0,0.0,0.08,0.12,0.0,0.0,0.0,0.0,0,54505.0
0,1,19,9,334,0,0,0,0,0,0,1,0,0,0,0,0,0,0,0,0,0,2,2,0.0,0.0,0.0,0.0,1.0,0.0,0.0,9,46,1.0,0.0,1.0,0.11,0.0,0.0,0.0,0.0,1,31504.0
0,1,44,1,0,0,0,0,0,0,0,0,0,0,0,0,0,0,0,0,0,0,119,10,0.0,0.0,1.0,1.0,0.08,0.06,0.0,255,10,0.04,0.06,0.0,0.0,0.0,0.0,1.0,1.0,1,116403.0
29,1,18,9,336,1063,0,0,0,6,0,1,0,0,0,0,0,0,0,0,0,1,1,1,0.0,0.0,0.0,0.0,1.0,0.0,0.0,213,58,0.27,0.02,0.01,0.0,0.0,0.0,0.0,0.0,0,76490.0
0,0,58,9,181,0,0,0,0,0,0,0,0,0,0,0,0,0,0,0,0,0,2,1,0.0,0.0,0.0,0.0,0.5,1.0,0.0,2,1,0.5,1.0,1.0,0.0,0.0,0.0,0.0,0.0,0,18522.0
0,1,22,9,332,6999,0,0,0,0,0,1,0,0,0,0,0,0,0,0,0,0,17,17,0.0,0.0,0.0,0.0,1.0,0.0,0.0,41,255,1.0,0.0,0.02,0.05,0.0,0.0,0.0,0.0,0,103605.0
0,1,22,9,222,314,0,0,0,0,0,1,0,0,0,0,0,0,0,0,0,0,2,2,0.0,0.0,0.0,0.0,1.0,0.0,0.0,2,255,1.0,0.0,0.5,0.04,0.0,0.0,0.0,0.0,0,10564.0
0,1,40,1,0,0,0,0,0,0,0,0,0,0,0,0,0,0,0,0,0,0,361,1,0.06,0.0,0.91,1.0,0.0,1.0,0.0,255,1,0.0,1.0,0.0,0.0,0.08,0.0,0.9,1.0,1,2341.0
0,1,21,5,0,0,0,0,0,0,0,0,0,0,0,0,0,0,0,0,0,0,280,16,1.0,1.0,0.0,0.0,0.06,0.05,0.0,255,16,0.06,0.05,0.0,0.0,1.0,1.0,0.0,0.0,1,80207.0
0,1,22,9,217,940,0,0,0,0,0,1,0,0,0,0,0,0,0,0,0,0,10,14,0.0,0.0,0.0,0.0,1.0,0.0,0.21,255,255,1.0,0.0,0.0,0.0,0.0,0.0,0.0,0.0,0,107710.0
0,1,16,5,0,0,0,0,0,0,0,0,0,0,0,0,0,0,0,0,0,0,149,19,1.0,1.0,0.0,0.0,0.13,0.06,0.0,255,19,0.07,0.05,0.0,0.0,1.0,1.0,0.0,0.0,1,124614.0
0,1,22,9,300,9433,0,0,0,0,0,1,0,0,0,0,0,0,0,0,0,0,16,23,0.0,0.0,0.0,0.0,1.0,0.0,0.09,155,255,1.0,0.0,0.01,0.02,0.0,0.0,0.0,0.0,0,108055.0
0,1,22,9,221,592,0,0,0,0,0,1,0,0,0,0,0,0,0,0,0,0,2,6,0.0,0.0,0.0,0.0,1.0,0.0,0.5,68,255,1.0,0.0,0.01,0.13,0.0,0.0,0.44,0.75,0,74509.0
0,1,44,1,0,0,0,0,0,0,0,0,0,0,0,0,0,0,0,0,0,0,139,19,0.0,0.0,1.0,1.0,0.14,0.06,0.0,255,17,0.07,0.06,0.0,0.0,0.0,0.0,1.0,1.0,1,103663.0
0,1,44,5,0,0,0,0,0,0,0,0,0,0,0,0,0,0,0,0,0,0,274,13,1.0,1.0,0.0,0.0,0.05,0.06,0.0,255,7,0.03,0.08,0.0,0.0,1.0,1.0,0.0,0.0,1,113862.0
0,0,14,9,1032,0,0,0,0,0,0,0,0,0,0,0,0,0,0,0,0,0,188,188,0.0,0.0,0.0,0.0,1.0,0.0,0.0,223,129,0.58,0.03,0.58,0.0,0.01,0.0,0.28,0.0,1,84954.0
0,1,19,9,567,0,0,0,0,0,0,1,0,0,0,6,0,0,0,0,0,0,1,1,0.0,0.0,0.0,0.0,1.0,0.0,0.0,55,48,0.09,0.13,0.09,0.04,0.0,0.02,0.0,0.0,0,56619.0
0,1,17,5,0,0,0,0,0,0,0,0,0,0,0,0,0,0,0,0,0,0,280,16,1.0,1.0,0.0,0.0,0.06,0.05,0.0,255,16,0.06,0.05,0.0,0.0,1.0,1.0,0.0,0.0,1,14618.0
0,1,55,5,0,0,0,0,0,0,0,0,0,0,0,0,0,0,0,0,0,0,4,3,0.75,1.0,0.0,0.0,0.75,0.5,0.0,3,4,1.0,0.0,0.33,0.5,1.0,0.75,0.0,0.0,1,80998.0
0,1,44,4,0,0,0,0,0,0,0,0,0,0,0,0,0,0,0,0,0,0,1,1,0.0,0.0,1.0,1.0,1.0,0.0,0.0,255,1,0.0,0.97,0.96,0.0,0.0,0.0,0.96,1.0,1,37523.0
0,1,22,9,225,704,0,0,0,0,0,1,0,0,0,0,0,0,0,0,0,0,17,17,0.0,0.0,0.0,0.0,1.0,0.0,0.0,58,255,1.0,0.0,0.02,0.04,0.0,0.0,0.0,0.0,0,111829.0
0,0,14,9,1032,0,0,0,0,0,0,0,0,0,0,0,0,0,0,0,0,0,403,403,0.0,0.0,0.0,0.0,1.0,0.0,0.0,255,255,1.0,0.0,1.0,0.0,0.0,0.0,0.0,0.0,1,59739.0
0,1,19,9,383,0,0,0,0,0,0,1,0,0,0,0,0,0,0,0,0,0,3,2,0.0,0.0,0.0,0.0,0.67,0.67,0.0,255,97,0.38,0.02,0.38,0.0,0.0,0.0,0.0,0.0,0,114062.0
0,1,22,9,315,7613,0,0,0,0,0,1,0,0,0,0,0,0,0,0,0,0,6,6,0.0,0.0,0.0,0.0,1.0,0.0,0.0,6,255,1.0,0.0,0.17,0.02,0.0,0.0,0.0,0.0,0,40941.0
0,1,22,9,233,7578,0,0,0,0,0,1,0,0,0,0,0,0,0,0,0,0,1,12,0.0,0.0,0.0,0.0,1.0,0.0,0.25,37,255,1.0,0.0,0.03,0.02,0.0,0.01,0.0,0.0,0,39385.0
0,1,22,9,357,1469,0,0,0,0,0,1,0,0,0,0,0,0,0,0,0,0,6,27,0.0,0.0,0.0,0.0,1.0,0.0,0.22,30,255,1.0,0.0,0.03,0.05,0.0,0.0,0.0,0.0,0,64244.0
0,1,19,5,0,0,0,0,0,0,0,0,0,0,0,0,0,0,0,0,0,0,14,6,1.0,1.0,0.0,0.0,0.43,0.14,0.0,255,56,0.22,0.02,0.01,0.0,1.0,1.0,0.0,0.0,1,68123.0
0,1,22,9,323,8763,0,0,0,0,0,1,0,0,0,0,0,0,0,0,0,0,2,5,0.0,0.0,0.0,0.0,1.0,0.0,0.8,145,255,1.0,0.0,0.01,0.02,0.0,0.0,0.0,0.0,0,68382.0
0,2,11,9,42,76,0,0,0,0,0,0,0,0,0,0,0,0,0,0,0,0,24,24,0.0,0.0,0.0,0.0,1.0,0.0,0.0,255,253,0.99,0.01,0.0,0.0,0.0,0.0,0.0,0.0,0,96383.0
0,1,44,5,0,0,0,0,0,0,0,0,0,0,0,0,0,0,0,0,0,0,26,7,1.0,1.0,0.0,0.0,0.27,0.23,0.0,255,7,0.03,0.09,0.0,0.0,1.0,1.0,0.0,0.0,1,30575.0
0,1,49,9,1769,331,0,0,0,0,0,1,0,0,0,0,0,0,0,0,0,0,1,1,0.0,0.0,0.0,0.0,1.0,0.0,0.0,221,167,0.63,0.03,0.0,0.01,0.0,0.01,0.0,0.0,0,3735.0
3,1,49,9,798,329,0,0,0,0,0,1,0,0,0,0,0,0,0,0,0,0,1,3,0.0,0.0,0.0,0.0,1.0,0.0,1.0,234,169,0.65,0.02,0.0,0.01,0.0,0.0,0.0,0.0,0,57031.0
0,1,22,1,0,0,0,0,0,0,0,0,0,0,0,0,0,0,0,0,0,0,31,31,0.0,0.0,0.84,0.84,1.0,0.0,0.0,66,253,1.0,0.0,0.02,0.15,0.0,0.0,0.92,0.98,0,34258.0
0,1,22,9,271,343,0,0,0,0,0,1,0,0,0,0,0,0,0,0,0,0,11,11,0.0,0.0,0.0,0.0,1.0,0.0,0.0,54,255,1.0,0.0,0.02,0.01,0.02,0.0,0.0,0.0,0,42772.0
0,1,22,1,0,0,0,0,0,0,0,0,0,0,0,0,0,0,0,0,0,0,1,1,0.0,0.0,1.0,1.0,1.0,0.0,0.0,8,255,1.0,0.0,0.12,0.14,0.0,0.0,1.0,0.98,0,20844.0
0,1,4,5,0,0,0,0,0,0,0,0,0,0,0,0,0,0,0,0,0,0,198,4,1.0,1.0,0.0,0.0,0.02,0.07,0.0,255,4,0.02,0.09,0.0,0.0,1.0,1.0,0.0,0.0,1,31366.0
1,1,49,9,1679,333,0,0,0,0,0,1,0,0,0,0,0,0,0,0,0,0,1,1,0.0,0.0,0.0,0.0,1.0,0.0,0.0,23,175,1.0,0.0,0.04,0.02,0.0,0.0,0.0,0.0,0,49301.0
2583,2,40,9,146,105,0,0,0,0,0,0,0,0,0,0,0,0,0,0,0,0,4,2,0.0,0.0,0.0,0.0,0.5,0.5,0.0,255,2,0.01,0.88,1.0,0.0,0.0,0.0,0.0,0.0,0,102785.0
0,1,44,5,0,0,0,0,0,0,0,0,0,0,0,0,0,0,0,0,0,0,190,11,1.0,1.0,0.0,0.0,0.06,0.06,0.0,255,10,0.04,0.07,0.0,0.0,1.0,1.0,0.0,0.0,1,57423.0
0,1,44,1,0,0,0,0,0,0,0,0,0,0,0,0,0,0,0,0,0,0,112,5,0.0,0.0,1.0,1.0,0.04,0.08,0.0,255,5,0.02,0.08,0.0,0.0,0.0,0.0,1.0,1.0,1,68227.0
0,1,22,9,228,2402,0,0,0,0,0,1,0,0,0,0,0,0,0,0,0,0,30,49,0.0,0.0,0.0,0.0,1.0,0.0,0.06,255,255,1.0,0.0,0.0,0.0,0.0,0.0,0.0,0.0,0,112978.0
0,1,22,9,250,538,0,0,0,0,0,1,0,0,0,0,0,0,0,0,0,0,1,4,0.0,0.0,0.0,0.0,1.0,0.0,0.5,43,255,1.0,0.0,0.02,0.05,0.02,0.0,0.0,0.0,0,55307.0
0,1,44,1,0,0,0,0,0,0,0,0,0,0,0,0,0,0,0,0,0,0,248,14,0.0,0.0,1.0,1.0,0.06,0.06,0.0,255,14,0.05,0.07,0.0,0.0,0.0,0.0,1.0,1.0,1,17729.0
0,1,9,1,0,0,0,0,0,0,0,0,0,0,0,0,0,0,0,0,0,0,165,1,0.13,0.0,0.87,1.0,0.01,0.58,0.0,255,1,0.0,0.38,0.65,0.0,0.08,0.0,0.56,1.0,1,73968.0
0,1,44,5,0,0,0,0,0,0,0,0,0,0,0,0,0,0,0,0,0,0,23,1,1.0,1.0,0.0,0.0,0.04,0.22,0.0,255,14,0.05,0.08,0.0,0.0,1.0,1.0,0.0,0.0,1,65905.0
0,1,44,1,0,0,0,0,0,0,0,0,0,0,0,0,0,0,0,0,0,0,1,1,0.0,0.0,1.0,1.0,1.0,0.0,0.0,49,1,0.02,1.0,0.02,0.0,0.0,0.0,0.92,1.0,1,23166.0
0,1,22,9,289,594,0,0,0,0,0,1,0,0,0,0,0,0,0,0,0,0,1,3,0.0,0.33,0.0,0.0,1.0,0.0,0.67,19,255,1.0,0.0,0.05,0.04,0.0,0.02,0.0,0.0,0,81957.0
0,1,22,9,216,1930,0,0,0,0,0,1,0,0,0,0,0,0,0,0,0,0,1,2,0.0,0.0,0.0,0.0,1.0,0.0,1.0,255,255,1.0,0.0,0.0,0.0,0.0,0.0,0.0,0.0,0,104152.0
0,1,17,5,0,0,0,0,0,0,0,0,0,0,0,0,0,0,0,0,0,0,39,20,1.0,1.0,0.0,0.0,0.51,0.05,0.0,255,20,0.08,0.07,0.0,0.0,1.0,1.0,0.0,0.0,1,92418.0
0,1,48,5,0,0,0,0,0,0,0,0,0,0,0,0,0,0,0,0,0,0,56,8,1.0,1.0,0.0,0.0,0.14,0.07,0.0,255,8,0.03,0.06,0.0,0.0,1.0,1.0,0.0,0.0,1,57430.0
0,1,19,9,5558,0,0,0,0,0,0,0,0,0,0,0,0,0,0,0,0,0,14,14,0.0,0.0,0.0,0.0,1.0,0.0,0.0,52,103,0.69,0.13,0.73,0.02,0.0,0.0,0.0,0.0,0,91218.0
0,1,31,5,0,0,0,0,0,0,0,0,0,0,0,0,0,0,0,0,0,0,300,20,1.0,1.0,0.0,0.0,0.07,0.05,0.0,255,20,0.08,0.08,0.0,0.0,1.0,1.0,0.0,0.0,1,11111.0
0,1,22,9,241,397,0,0,0,0,0,1,0,0,0,0,0,0,0,0,0,0,10,10,0.0,0.0,0.0,0.0,1.0,0.0,0.0,101,255,1.0,0.0,0.01,0.02,0.0,0.01,0.04,0.04,0,31116.0
0,1,62,5,0,0,0,0,0,0,0,0,0,0,0,0,0,0,0,0,0,0,136,17,1.0,1.0,0.0,0.0,0.12,0.06,0.0,255,17,0.07,0.06,0.0,0.0,1.0,1.0,0.0,0.0,1,81535.0
0,1,44,1,0,0,0,0,0,0,0,0,0,0,0,0,0,0,0,0,0,0,103,13,0.0,0.0,1.0,1.0,0.13,0.07,0.0,255,25,0.1,0.05,0.0,0.0,0.0,0.0,1.0,1.0,1,54629.0
0,1,22,9,299,2239,0,0,0,0,0,1,0,0,0,0,0,0,0,0,0,0,4,4,0.0,0.0,0.0,0.0,1.0,0.0,0.0,255,235,0.92,0.02,0.0,0.0,0.0,0.0,0.0,0.0,0,63448.0
0,1,22,9,226,396,0,0,0,0,0,1,0,0,0,0,0,0,0,0,0,0,8,8,0.0,0.0,0.0,0.0,1.0,0.0,0.0,255,255,1.0,0.0,0.0,0.0,0.01,0.01,0.02,0.02,0,109978.0
0,1,8,2,0,0,0,0,0,0,0,0,0,0,0,0,0,0,0,0,0,0,238,17,0.0,0.0,1.0,1.0,0.07,0.07,0.0,255,17,0.07,0.08,0.0,0.0,0.0,0.0,1.0,1.0,1,10325.0
0,1,44,5,0,0,0,0,0,0,0,0,0,0,0,0,0,0,0,0,0,0,163,10,1.0,1.0,0.0,0.0,0.06,0.07,0.0,255,10,0.04,0.09,0.0,0.0,1.0,1.0,0.0,0.0,1,100237.0
0,1,16,5,0,0,0,0,0,0,0,0,0,0,0,0,0,0,0,0,0,0,29,7,1.0,1.0,0.0,0.0,0.24,0.1,0.0,255,7,0.03,0.07,0.0,0.0,1.0,1.0,0.0,0.0,1,79643.0
0,1,19,9,383,0,0,0,0,0,0,0,0,0,0,0,0,0,0,0,0,0,1,1,0.0,0.0,0.0,0.0,1.0,0.0,0.0,62,118,0.84,0.05,0.84,0.02,0.0,0.0,0.0,0.0,0,65298.0
0,0,13,9,18,0,0,0,0,0,0,0,0,0,0,0,0,0,0,0,0,0,1,1,0.0,0.0,0.0,0.0,1.0,0.0,0.0,4,36,1.0,0.0,1.0,0.25,0.0,0.0,0.0,0.0,1,113636.0
0,1,3,9,10,39,0,0,0,0,0,0,0,0,0,0,0,0,0,0,0,0,1,1,0.0,0.0,0.0,0.0,1.0,0.0,0.0,241,12,0.05,0.02,0.0,0.0,0.0,0.0,0.05,0.0,0,91704.0
0,1,55,5,0,0,0,0,0,0,0,0,0,0,0,0,0,0,0,0,0,0,33,15,1.0,1.0,0.0,0.0,0.45,0.06,0.0,57,19,0.3,0.05,0.02,0.11,0.96,0.79,0.0,0.0,1,121129.0
0,1,23,5,0,0,0,0,0,0,0,0,0,0,0,0,0,0,0,0,0,0,121,2,1.0,1.0,0.0,0.0,0.02,0.07,0.0,255,2,0.01,0.07,0.0,0.0,1.0,1.0,0.0,0.0,1,68720.0
12,1,49,9,1313,336,0,0,0,0,0,1,0,0,0,0,0,0,0,0,0,0,1,1,0.0,0.0,0.0,0.0,1.0,0.0,0.0,195,187,0.68,0.02,0.01,0.01,0.0,0.0,0.0,0.0,0,9628.0
21561,1,44,4,1,0,0,0,0,0,0,0,0,0,0,0,0,0,0,0,0,0,2,2,0.0,0.0,1.0,1.0,1.0,0.0,0.0,255,2,0.01,0.71,1.0,0.0,0.0,0.0,1.0,1.0,1,92366.0
0,1,22,9,261,339,0,0,0,0,0,1,0,0,0,0,0,0,0,0,0,0,9,9,0.0,0.0,0.0,0.0,1.0,0.0,0.0,35,255,1.0,0.0,0.03,0.02,0.0,0.0,0.0,0.0,0,110712.0
0,1,22,9,251,1678,0,0,0,0,0,1,0,0,0,0,0,0,0,0,0,0,3,3,0.0,0.0,0.0,0.0,1.0,0.0,0.0,223,217,0.97,0.01,0.0,0.0,0.0,0.0,0.0,0.0,0,122320.0
0,1,22,9,281,1951,0,0,0,0,0,1,0,0,0,0,0,0,0,0,0,0,30,31,0.0,0.0,0.0,0.0,1.0,0.0,0.06,77,255,1.0,0.0,0.01,0.03,0.0,0.01,0.0,0.0,0,283.0
0,1,49,9,1163,340,0,0,0,0,0,1,0,0,0,0,0,0,0,0,0,0,1,1,0.0,0.0,0.0,0.0,1.0,0.0,0.0,19,208,0.84,0.16,0.05,0.01,0.0,0.0,0.0,0.0,0,25541.0
0,1,22,9,54540,8314,0,0,0,2,0,1,1,0,0,0,0,0,0,0,0,0,3,3,0.0,0.0,0.0,0.0,1.0,0.0,0.0,109,109,1.0,0.0,0.01,0.0,0.0,0.0,0.01,0.01,1,10560.0
0,1,62,5,0,0,0,0,0,0,0,0,0,0,0,0,0,0,0,0,0,0,232,7,1.0,1.0,0.0,0.0,0.03,0.06,0.0,255,7,0.03,0.07,0.0,0.0,1.0,1.0,0.0,0.0,1,79608.0
0,1,33,5,0,0,0,0,0,0,0,0,0,0,0,0,0,0,0,0,0,0,200,20,1.0,1.0,0.0,0.0,0.1,0.05,0.0,255,20,0.08,0.06,0.0,0.0,1.0,1.0,0.0,0.0,1,8639.0
0,1,22,9,311,936,0,0,0,0,0,1,0,0,0,0,0,0,0,0,0,0,1,1,0.0,0.0,0.0,0.0,1.0,0.0,0.0,12,241,1.0,0.0,0.08,0.12,0.0,0.0,0.0,0.95,0,121765.0
0,0,13,9,8,0,0,0,0,0,0,0,0,0,0,0,0,0,0,0,0,0,1,1,0.0,0.0,0.0,0.0,1.0,0.0,0.0,4,116,1.0,0.0,1.0,0.25,0.0,0.0,0.0,0.0,1,72451.0
0,1,57,5,0,0,0,0,0,0,0,0,0,0,0,0,0,0,0,0,0,0,230,7,1.0,1.0,0.0,0.0,0.03,0.07,0.0,255,7,0.03,0.07,0.0,0.0,1.0,1.0,0.0,0.0,1,58618.0
0,0,13,9,8,0,0,0,0,0,0,0,0,0,0,0,0,0,0,0,0,0,1,28,0.0,0.0,0.0,0.0,1.0,0.0,1.0,2,74,1.0,0.0,1.0,0.5,0.0,0.0,0.0,0.0,1,38456.0
0,2,44,9,1,0,0,0,0,0,0,0,0,0,0,0,0,0,0,0,0,0,12,1,0.0,0.0,0.0,0.0,0.08,0.75,0.0,255,1,0.0,0.32,1.0,0.0,0.0,0.0,0.0,0.0,1,17533.0
0,1,44,5,0,0,0,0,0,0,0,0,0,0,0,0,0,0,0,0,0,0,233,11,1.0,1.0,0.0,0.0,0.05,0.05,0.0,255,11,0.04,0.05,0.0,0.0,1.0,1.0,0.0,0.0,1,66356.0
1,1,49,9,637,390,0,0,0,0,0,1,0,0,0,0,0,0,0,0,0,0,1,1,0.0,0.0,0.0,0.0,1.0,0.0,0.0,255,24,0.09,0.06,0.0,0.0,0.0,0.0,0.88,0.0,0,31676.0
0,1,22,9,244,515,0,0,0,0,0,1,0,0,0,0,0,0,0,0,0,0,22,22,0.0,0.0,0.0,0.0,1.0,0.0,0.0,143,255,1.0,0.0,0.01,0.05,0.0,0.0,0.0,0.0,0,111060.0
1,1,18,9,1238,2449,0,0,0,28,0,1,0,0,0,0,0,0,0,0,0,1,1,1,0.0,0.0,0.0,0.0,1.0,0.0,0.0,255,99,0.39,0.02,0.0,0.0,0.0,0.0,0.01,0.0,1,82302.0
0,1,22,9,222,664,0,0,0,0,0,1,0,0,0,0,0,0,0,0,0,0,4,15,0.0,0.0,0.0,0.0,1.0,0.0,0.2,23,255,1.0,0.0,0.09,0.04,0.0,0.0,0.0,0.0,0,118415.0
0,1,49,9,1475,387,0,0,0,0,0,1,0,0,0,0,0,0,0,0,0,0,2,1,0.0,0.0,0.0,0.0,0.5,1.0,0.0,255,19,0.07,0.06,0.0,0.0,0.85,0.0,0.01,0.0,0,51317.0
0,0,13,9,30,0,0,0,0,0,0,0,0,0,0,0,0,0,0,0,0,0,1,1,0.0,0.0,0.0,0.0,1.0,0.0,0.0,66,90,0.98,0.03,0.98,0.16,0.0,0.0,0.0,0.0,0,99389.0
0,1,6,1,0,0,0,0,0,0,0,0,0,0,0,0,0,0,0,0,0,0,242,13,0.0,0.0,1.0,1.0,0.05,0.07,0.0,255,13,0.05,0.07,0.0,0.0,0.0,0.0,1.0,1.0,1,27893.0
0,2,11,9,43,43,0,0,0,0,0,0,0,0,0,0,0,0,0,0,0,0,72,152,0.0,0.0,0.0,0.0,1.0,0.0,0.01,255,254,1.0,0.01,0.01,0.0,0.0,0.0,0.0,0.0,0,47001.0
0,1,44,5,0,0,0,0,0,0,0,0,0,0,0,0,0,0,0,0,0,0,130,7,1.0,1.0,0.0,0.0,0.05,0.06,0.0,255,2,0.01,0.07,0.0,0.0,1.0,1.0,0.0,0.0,1,60643.0
25,1,18,9,335,1063,0,0,0,6,0,1,0,0,0,0,0,0,0,0,0,1,1,1,0.0,0.0,0.0,0.0,1.0,0.0,0.0,79,6,0.06,0.9,0.01,0.33,0.0,0.0,0.82,0.33,0,34394.0
0,1,44,4,0,0,0,0,0,0,0,0,0,0,0,0,0,0,0,0,0,0,1,1,0.0,0.0,1.0,1.0,1.0,0.0,0.0,186,1,0.01,0.12,0.1,0.0,0.0,0.0,0.11,1.0,1,32030.0
0,1,19,9,11,0,0,0,0,0,0,1,0,0,0,0,0,0,0,0,0,0,2,2,0.0,0.0,0.0,0.0,1.0,0.0,0.0,45,89,0.09,0.09,0.09,0.02,0.0,0.0,0.0,0.0,0,81704.0
0,1,22,9,251,702,0,0,0,0,0,1,0,0,0,0,0,0,0,0,0,0,2,2,0.0,0.0,0.0,0.0,1.0,0.0,0.0,255,255,1.0,0.0,0.0,0.0,0.0,0.0,0.0,0.0,0,51953.0
0,0,14,9,1480,0,0,1,0,0,0,0,0,0,0,0,0,0,0,0,0,0,4,4,0.0,0.0,0.0,0.0,1.0,0.0,0.0,255,5,0.02,0.08,0.02,0.0,0.6,0.0,0.01,0.0,1,108078.0
0,1,59,5,0,0,0,0,0,0,0,0,0,0,0,0,0,0,0,0,0,0,131,5,1.0,1.0,0.0,0.0,0.04,0.06,0.0,255,15,0.06,0.07,0.0,0.0,1.0,1.0,0.0,0.0,1,6183.0
0,1,22,9,226,5866,0,0,0,0,0,1,0,0,0,0,0,0,0,0,0,0,9,24,0.0,0.0,0.0,0.0,1.0,0.0,0.08,31,255,1.0,0.0,0.03,0.05,0.0,0.0,0.0,0.0,0,54646.0
0,1,22,9,343,5109,0,0,0,0,0,1,0,0,0,0,0,0,0,0,0,0,33,33,0.0,0.0,0.0,0.0,1.0,0.0,0.0,94,255,1.0,0.0,0.01,0.02,0.01,0.0,0.0,0.0,0,13194.0
0,0,58,9,70,0,0,0,0,0,0,0,0,0,0,0,0,0,0,0,0,0,23,7,0.0,0.0,0.0,0.0,0.3,0.13,0.0,255,26,0.1,0.01,0.1,0.0,0.0,0.0,0.0,0.0,0,93090.0
0,1,38,5,0,0,0,0,0,0,0,0,0,0,0,0,0,0,0,0,0,0,297,8,1.0,1.0,0.0,0.0,0.03,0.05,0.0,255,3,0.01,0.07,0.0,0.0,1.0,1.0,0.0,0.0,1,15247.0
0,1,4,5,0,0,0,0,0,0,0,0,0,0,0,0,0,0,0,0,0,0,293,5,1.0,1.0,0.0,0.0,0.02,0.05,0.0,255,7,0.03,0.07,0.0,0.0,1.0,1.0,0.0,0.0,1,117611.0
0,2,44,9,1,0,0,0,0,0,0,0,0,0,0,0,0,0,0,0,0,0,110,73,0.0,0.0,0.0,0.0,0.66,0.05,0.0,255,132,0.52,0.05,1.0,0.0,0.0,0.0,0.0,0.0,1,104835.0
0,1,22,5,0,0,0,0,0,0,0,0,0,0,0,0,0,0,0,0,0,0,12,11,0.83,0.91,0.17,0.09,0.83,0.25,0.18,255,50,0.2,0.04,0.0,0.0,1.0,1.0,0.0,0.0,1,81276.0
0,1,10,5,0,0,0,0,0,0,0,0,0,0,0,0,0,0,0,0,0,0,201,13,1.0,1.0,0.0,0.0,0.06,0.06,0.0,255,20,0.08,0.06,0.0,0.0,1.0,1.0,0.0,0.0,1,87266.0
0,1,62,1,0,0,0,0,0,0,0,0,0,0,0,0,0,0,0,0,0,0,142,12,0.0,0.0,1.0,1.0,0.08,0.06,0.0,255,12,0.05,0.08,0.0,0.0,0.0,0.0,1.0,1.0,1,24850.0
0,1,22,9,203,2557,0,0,0,0,0,1,0,0,0,0,0,0,0,0,0,0,16,30,0.0,0.0,0.0,0.0,1.0,0.0,0.13,85,255,1.0,0.0,0.01,0.01,0.0,0.0,0.0,0.0,0,22956.0
0,1,19,9,12,0,0,0,0,0,0,0,0,0,0,0,0,0,0,0,0,0,1,2,0.0,0.0,0.0,0.0,1.0,0.0,1.0,207,71,0.25,0.02,0.25,0.03,0.0,0.01,0.0,0.0,1,12434.0
0,1,37,5,0,0,0,0,0,0,0,0,0,0,0,0,0,0,0,0,0,0,149,19,1.0,1.0,0.0,0.0,0.13,0.06,0.0,255,7,0.03,0.07,0.0,0.0,1.0,1.0,0.0,0.0,1,47002.0
0,1,17,5,0,0,0,0,0,0,0,0,0,0,0,0,0,0,0,0,0,0,292,9,1.0,1.0,0.0,0.0,0.03,0.05,0.0,255,9,0.04,0.05,0.0,0.0,1.0,1.0,0.0,0.0,1,78705.0
4,1,49,9,12150,1390,0,0,0,0,0,1,0,0,0,0,0,0,0,0,0,0,1,1,0.0,0.0,0.0,0.0,1.0,0.0,0.0,162,122,0.75,0.02,0.01,0.0,0.0,0.0,0.0,0.0,0,115417.0
0,1,22,9,202,616,0,0,0,0,0,1,0,0,0,0,0,0,0,0,0,0,8,8,0.12,0.12,0.0,0.0,1.0,0.0,0.0,37,255,1.0,0.0,0.03,0.04,0.03,0.0,0.0,0.0,0,48862.0
0,1,1,1,0,0,0,0,0,0,0,0,0,0,0,0,0,0,0,0,0,0,4,3,0.0,0.0,0.75,1.0,0.75,0.5,0.0,119,5,0.04,0.03,0.01,0.0,0.0,0.0,0.04,1.0,0,76861.0
0,1,22,9,213,12863,0,0,0,0,0,1,0,0,0,0,0,0,0,0,0,0,1,2,0.0,0.0,0.0,0.0,1.0,0.0,1.0,19,255,1.0,0.0,0.05,0.06,0.0,0.0,0.0,0.0,0,108471.0
0,1,22,9,226,1125,0,0,0,0,0,1,0,0,0,0,0,0,0,0,0,0,35,36,0.0,0.0,0.0,0.0,1.0,0.0,0.06,96,255,1.0,0.0,0.01,0.02,0.01,0.0,0.0,0.0,0,22539.0
0,1,19,9,1690,0,0,0,0,0,0,0,0,0,0,0,0,0,0,0,0,0,4,4,0.0,0.0,0.0,0.0,1.0,0.0,0.0,44,10,0.23,0.07,0.23,0.0,0.0,0.0,0.0,0.0,0,97982.0
0,1,44,5,0,0,0,0,0,0,0,0,0,0,0,0,0,0,0,0,0,0,291,9,1.0,1.0,0.0,0.0,0.03,0.06,0.0,255,9,0.04,0.07,0.0,0.0,1.0,1.0,0.0,0.0,1,40156.0
0,0,14,9,1032,0,0,0,0,0,0,0,0,0,0,0,0,0,0,0,0,0,511,511,0.0,0.0,0.0,0.0,1.0,0.0,0.0,247,102,0.41,0.01,0.41,0.0,0.0,0.0,0.0,0.0,1,87895.0
0,1,22,9,277,14496,0,0,0,0,0,1,0,0,0,0,0,0,0,0,0,0,7,11,0.0,0.0,0.0,0.0,1.0,0.0,0.18,255,255,1.0,0.0,0.0,0.0,0.0,0.0,0.0,0.0,0,112924.0
0,1,19,9,1556,0,0,0,0,0,0,0,0,0,0,0,0,0,0,0,0,0,21,21,0.0,0.0,0.0,0.0,1.0,0.0,0.0,249,125,0.5,0.02,0.5,0.0,0.0,0.0,0.0,0.0,0,41902.0
0,0,14,9,520,0,0,0,0,0,0,0,0,0,0,0,0,0,0,0,0,0,360,360,0.0,0.0,0.0,0.0,1.0,0.0,0.0,255,255,1.0,0.0,1.0,0.0,0.0,0.0,0.0,0.0,1,60412.0
0,1,25,5,0,0,0,0,0,0,0,0,0,0,0,0,0,0,0,0,0,0,246,18,1.0,1.0,0.0,0.0,0.07,0.05,0.0,255,5,0.02,0.07,0.0,0.0,1.0,1.0,0.0,0.0,1,95039.0
0,1,44,5,0,0,0,0,0,0,0,0,0,0,0,0,0,0,0,0,0,0,118,17,1.0,1.0,0.0,0.0,0.14,0.06,0.0,255,36,0.14,0.06,0.0,0.0,1.0,1.0,0.0,0.0,1,125200.0
0,1,22,9,247,3892,0,0,0,0,0,1,0,0,0,0,0,0,0,0,0,0,25,40,0.0,0.0,0.0,0.0,1.0,0.0,0.05,255,255,1.0,0.0,0.0,0.0,0.0,0.0,0.0,0.0,0,28446.0
0,1,22,9,276,308,0,0,0,0,0,1,0,0,0,0,0,0,0,0,0,0,7,25,0.0,0.0,0.0,0.0,1.0,0.0,0.12,255,255,1.0,0.0,0.0,0.0,0.0,0.0,0.0,0.0,0,122220.0
0,1,59,5,0,0,0,0,0,0,0,0,0,0,0,0,0,0,0,0,0,0,141,16,1.0,1.0,0.0,0.0,0.11,0.06,0.0,255,16,0.06,0.06,0.0,0.0,1.0,1.0,0.0,0.0,1,66292.0
0,1,18,5,0,0,0,0,0,0,0,0,0,0,0,0,0,0,0,0,0,0,279,2,1.0,1.0,0.0,0.0,0.01,0.06,0.0,255,1,0.0,0.08,0.0,0.0,1.0,1.0,0.0,0.0,1,13847.0
0,1,22,1,0,0,0,0,0,0,0,0,0,0,0,0,0,0,0,0,0,0,1,1,0.0,0.0,1.0,1.0,1.0,0.0,0.0,46,197,1.0,0.0,0.02,0.02,0.0,0.0,1.0,0.94,0,114531.0
0,1,2,1,0,0,0,0,0,0,0,0,0,0,0,0,0,0,0,0,0,0,278,18,0.0,0.0,1.0,1.0,0.06,0.06,0.0,255,18,0.07,0.07,0.0,0.0,0.0,0.0,1.0,1.0,1,47290.0
0,2,11,9,46,135,0,0,0,0,0,0,0,0,0,0,0,0,0,0,0,0,78,158,0.0,0.0,0.0,0.0,1.0,0.0,0.01,255,218,0.85,0.01,0.0,0.0,0.0,0.0,0.0,0.0,0,45736.0
0,0,13,9,8,0,0,0,0,0,0,0,0,0,0,0,0,0,0,0,0,0,1,7,0.0,0.0,0.0,0.0,1.0,0.0,1.0,2,70,1.0,0.0,1.0,0.5,0.0,0.0,0.0,0.0,1,119265.0
0,1,22,9,294,16407,0,0,0,0,0,1,0,0,0,0,0,0,0,0,0,0,3,32,0.0,0.0,0.0,0.0,1.0,0.0,0.06,21,253,1.0,0.0,0.05,0.05,0.0,0.0,0.0,0.0,0,20644.0
0,2,11,9,43,69,0,0,0,0,0,0,0,0,0,0,0,0,0,0,0,0,254,254,0.0,0.0,0.0,0.0,1.0,0.0,0.0,255,254,1.0,0.01,0.0,0.0,0.0,0.0,0.0,0.0,0,45530.0
0,1,33,5,0,0,0,0,0,0,0,0,0,0,0,0,0,0,0,0,0,0,298,2,1.0,1.0,0.0,0.0,0.01,0.06,0.0,255,2,0.01,0.08,0.0,0.0,1.0,1.0,0.0,0.0,1,34094.0
0,1,44,1,0,0,0,0,0,0,0,0,0,0,0,0,0,0,0,0,0,0,253,8,0.0,0.0,1.0,1.0,0.03,0.07,0.0,255,8,0.03,0.08,0.0,0.0,0.0,0.0,1.0,1.0,1,26969.0
0,1,22,5,0,0,0,0,0,0,0,0,0,0,0,0,0,0,0,0,0,0,2,2,0.5,0.5,0.0,0.0,1.0,0.0,0.0,101,255,1.0,0.0,0.02,0.01,0.01,0.0,0.0,0.0,0,111599.0
0,1,19,1,0,0,0,0,0,0,0,0,0,0,0,0,0,0,0,0,0,0,117,3,0.0,0.0,1.0,1.0,0.03,0.07,0.0,255,3,0.01,0.07,0.0,0.0,0.0,0.0,1.0,1.0,1,60335.0
0,1,44,5,0,0,0,0,0,0,0,0,0,0,0,0,0,0,0,0,0,0,135,14,1.0,1.0,0.0,0.0,0.1,0.06,0.0,255,8,0.03,0.06,0.0,0.0,1.0,1.0,0.0,0.0,1,122655.0
0,1,55,5,0,0,0,0,0,0,0,0,0,0,0,0,0,0,0,0,0,0,3,2,0.67,1.0,0.0,0.0,0.67,0.67,0.0,2,3,1.0,0.0,0.5,0.67,1.0,0.67,0.0,0.0,1,120387.0
0,1,40,1,0,0,0,0,0,0,0,0,0,0,0,0,0,0,0,0,0,0,511,1,0.05,0.0,0.94,1.0,0.0,0.96,0.0,255,1,0.0,0.92,0.0,0.0,0.03,0.0,0.97,1.0,1,65381.0
0,1,20,1,0,0,0,0,0,0,0,0,0,0,0,0,0,0,0,0,0,0,235,12,0.0,0.0,1.0,1.0,0.05,0.07,0.0,255,12,0.05,0.07,0.0,0.0,0.0,0.0,1.0,1.0,1,61643.0
0,1,22,9,215,651,0,0,0,0,0,1,0,0,0,0,0,0,0,0,0,0,3,13,0.0,0.0,0.0,0.0,1.0,0.0,0.23,204,255,1.0,0.0,0.0,0.01,0.0,0.0,0.0,0.0,0,60696.0
0,1,59,5,0,0,0,0,0,0,0,0,0,0,0,0,0,0,0,0,0,0,104,3,1.0,1.0,0.0,0.0,0.03,0.08,0.0,255,3,0.01,0.08,0.0,0.0,1.0,1.0,0.0,0.0,1,103925.0
0,1,44,1,0,0,0,0,0,0,0,0,0,0,0,0,0,0,0,0,0,0,162,2,0.0,0.0,1.0,1.0,0.01,0.07,0.0,255,2,0.01,0.07,0.0,0.0,0.0,0.0,1.0,1.0,1,72123.0
6,1,40,4,0,0,0,0,0,0,0,0,0,0,0,0,0,0,0,0,0,0,2,2,0.0,0.0,1.0,1.0,1.0,0.0,0.0,255,2,0.01,0.68,1.0,0.0,0.0,0.0,1.0,1.0,1,91046.0
0,1,22,9,310,3222,0,0,0,0,0,1,0,0,0,0,0,0,0,0,0,0,7,7,0.0,0.0,0.0,0.0,1.0,0.0,0.0,255,252,0.99,0.01,0.0,0.0,0.0,0.0,0.0,0.0,0,64031.0
0,1,22,1,0,0,0,0,0,0,0,0,0,0,0,0,0,0,0,0,0,0,1,1,0.0,0.0,1.0,1.0,1.0,0.0,0.0,2,232,1.0,0.0,0.5,0.03,0.0,0.0,1.0,1.0,0,112251.0
0,1,22,9,325,2006,0,0,0,0,0,1,0,0,0,0,0,0,0,0,0,0,12,15,0.0,0.0,0.0,0.0,1.0,0.0,0.2,255,255,1.0,0.0,0.0,0.0,0.0,0.0,0.01,0.01,0,93492.0
0,1,60,5,0,0,0,0,0,0,0,0,0,0,0,0,0,0,0,0,0,0,166,16,1.0,1.0,0.0,0.0,0.1,0.05,0.0,255,16,0.06,0.05,0.0,0.0,1.0,1.0,0.0,0.0,1,54525.0
0,1,22,9,301,1075,0,0,0,0,0,1,0,0,0,0,0,0,0,0,0,0,4,4,0.0,0.0,0.0,0.0,1.0,0.0,0.0,255,249,0.98,0.01,0.0,0.0,0.0,0.0,0.0,0.0,0,69883.0
0,1,22,9,222,8502,0,0,0,0,0,1,0,0,0,0,0,0,0,0,0,0,3,3,0.33,0.33,0.0,0.0,1.0,0.0,0.0,87,123,1.0,0.0,0.01,0.07,0.01,0.01,0.0,0.0,0,83108.0
1,1,49,9,878,327,0,0,0,0,0,1,0,0,0,0,0,0,0,0,0,0,1,2,0.0,0.0,0.0,0.0,1.0,0.0,1.0,79,110,0.46,0.35,0.01,0.03,0.0,0.0,0.0,0.0,0,42781.0
0,1,22,9,259,1269,0,0,0,0,0,1,0,0,0,0,0,0,0,0,0,0,4,15,0.0,0.07,0.0,0.0,1.0,0.0,0.2,8,255,1.0,0.0,0.12,0.05,0.0,0.0,0.0,0.0,0,88917.0
0,1,22,9,309,731,0,0,0,0,0,1,0,0,0,0,0,0,0,0,0,0,20,42,0.0,0.0,0.0,0.0,1.0,0.0,0.07,40,255,1.0,0.0,0.03,0.03,0.0,0.0,0.0,0.0,0,101921.0
0,1,37,5,0,0,0,0,0,0,0,0,0,0,0,0,0,0,0,0,0,0,134,16,1.0,1.0,0.0,0.0,0.12,0.06,0.0,255,16,0.06,0.07,0.0,0.0,1.0,1.0,0.0,0.0,1,118116.0
0,1,22,9,307,819,0,0,0,0,0,1,0,0,0,0,0,0,0,0,0,0,14,36,0.0,0.0,0.0,0.0,1.0,0.0,0.11,255,255,1.0,0.0,0.0,0.0,0.0,0.0,0.0,0.0,0,92436.0
0,1,54,5,0,0,0,0,0,0,0,0,0,0,0,0,0,0,0,0,0,0,186,3,1.0,1.0,0.0,0.0,0.02,0.08,0.0,255,3,0.01,0.07,0.0,0.0,1.0,1.0,0.0,0.0,1,85365.0
0,1,44,5,0,0,0,0,0,0,0,0,0,0,0,0,0,0,0,0,0,0,140,10,1.0,1.0,0.0,0.0,0.07,0.06,0.0,255,7,0.03,0.08,0.0,0.0,1.0,1.0,0.0,0.0,1,45623.0
0,1,22,9,235,1721,0,0,0,0,0,1,0,0,0,0,0,0,0,0,0,0,9,35,0.0,0.0,0.0,0.0,1.0,0.0,0.06,189,255,1.0,0.0,0.01,0.02,0.01,0.01,0.0,0.0,0,55488.0
0,1,22,9,258,4294,0,0,0,0,0,1,0,0,0,0,0,0,0,0,0,0,13,14,0.0,0.0,0.0,0.0,1.0,0.0,0.14,193,255,1.0,0.0,0.01,0.02,0.0,0.0,0.0,0.0,0,81800.0
0,2,40,9,145,0,0,0,0,0,0,0,0,0,0,0,0,0,0,0,0,0,3,1,0.0,0.0,0.0,0.0,0.33,0.67,0.0,255,1,0.0,0.2,0.33,0.0,0.0,0.0,0.0,0.0,0,29541.0
0,1,22,9,362,9375,0,0,0,0,0,1,0,0,0,0,0,0,0,0,0,0,1,6,0.0,0.0,0.0,0.0,1.0,0.0,0.33,255,255,1.0,0.0,0.0,0.0,0.0,0.0,0.0,0.0,0,124502.0
0,1,19,9,567,0,0,0,0,0,0,1,0,0,0,6,0,0,0,0,0,0,1,1,0.0,0.0,0.0,0.0,1.0,0.0,0.0,233,47,0.2,0.02,0.2,0.0,0.0,0.0,0.0,0.0,0,98227.0
0,0,13,9,8,0,0,0,0,0,0,0,0,0,0,0,0,0,0,0,0,0,1,52,0.0,0.0,0.0,0.0,1.0,0.0,1.0,4,32,1.0,0.0,1.0,0.25,0.0,0.0,0.0,0.0,1,24641.0
0,1,6,5,0,0,0,0,0,0,0,0,0,0,0,0,0,0,0,0,0,0,239,2,1.0,1.0,0.0,0.0,0.01,0.07,0.0,255,2,0.01,0.07,0.0,0.0,1.0,1.0,0.0,0.0,1,106632.0
0,1,22,9,193,307,0,0,0,0,0,1,0,0,0,0,0,0,0,0,0,0,18,22,0.0,0.0,0.0,0.0,1.0,0.0,0.09,255,255,1.0,0.0,0.0,0.0,0.0,0.0,0.0,0.0,0,120801.0
0,1,40,1,0,0,0,0,0,0,0,0,0,0,0,0,0,0,0,0,0,0,511,1,0.23,0.0,0.77,1.0,0.0,1.0,0.0,255,1,0.0,1.0,0.0,0.0,0.2,0.0,0.8,1.0,1,71881.0
0,1,44,5,0,0,0,0,0,0,0,0,0,0,0,0,0,0,0,0,0,0,271,10,1.0,1.0,0.0,0.0,0.04,0.06,0.0,255,13,0.05,0.07,0.0,0.0,1.0,1.0,0.0,0.0,1,61531.0
0,1,44,5,0,0,0,0,0,0,0,0,0,0,0,0,0,0,0,0,0,0,285,7,1.0,1.0,0.0,0.0,0.02,0.06,0.0,255,1,0.0,0.07,0.0,0.0,1.0,1.0,0.0,0.0,1,92377.0
0,0,13,9,8,0,0,0,0,0,0,0,0,0,0,0,0,0,0,0,0,0,1,39,0.0,0.0,0.0,0.0,1.0,0.0,1.0,2,136,1.0,0.0,1.0,0.5,0.0,0.0,0.0,0.0,1,72686.0
0,1,0,6,45056,48484,0,0,0,0,0,1,0,0,0,0,0,0,0,0,0,0,1,1,1.0,1.0,0.0,0.0,1.0,0.0,0.0,48,7,0.15,0.04,0.02,0.0,0.1,0.71,0.0,0.0,0,37685.0
0,1,22,9,1952,2234,0,0,0,0,0,1,0,0,0,0,0,0,0,0,0,0,3,3,0.0,0.0,0.0,0.0,1.0,0.0,0.0,27,255,1.0,0.0,0.04,0.06,0.0,0.01,0.0,0.0,0,90159.0
0,2,11,9,45,87,0,0,0,0,0,0,0,0,0,0,0,0,0,0,0,0,203,207,0.0,0.0,0.0,0.0,1.0,0.0,0.01,255,216,0.85,0.01,0.0,0.0,0.0,0.0,0.0,0.0,0,60757.0
2426,1,19,4,2500058,0,0,0,0,0,0,1,0,0,0,0,0,0,0,0,0,0,1,1,0.0,0.0,1.0,1.0,1.0,0.0,0.0,3,43,1.0,0.0,1.0,0.09,0.0,0.0,0.33,0.02,0,68560.0
0,2,40,9,146,0,0,0,0,0,0,0,0,0,0,0,0,0,0,0,0,0,1,1,0.0,0.0,0.0,0.0,1.0,0.0,0.0,255,1,0.0,0.47,0.81,0.0,0.0,0.0,0.0,0.0,0,122969.0
0,1,22,1,0,0,0,0,0,0,0,0,0,0,0,0,0,0,0,0,0,0,1,2,0.0,0.0,1.0,1.0,1.0,0.0,1.0,6,249,1.0,0.0,0.17,0.18,0.0,0.0,1.0,1.0,0,65007.0
0,1,40,1,0,0,0,0,0,0,0,0,0,0,0,0,0,0,0,0,0,0,509,1,0.09,0.0,0.91,1.0,0.0,1.0,0.0,255,1,0.0,1.0,0.0,0.0,0.08,0.0,0.92,1.0,1,39117.0
0,1,22,9,382,1503,0,0,0,0,0,1,0,0,0,0,0,0,0,0,0,0,11,11,0.0,0.0,0.0,0.0,1.0,0.0,0.0,255,255,1.0,0.0,0.0,0.0,0.0,0.0,0.0,0.0,0,18155.0
3,1,49,9,1761,331,0,0,0,0,0,1,0,0,0,0,0,0,0,0,0,0,1,1,0.0,0.0,0.0,0.0,1.0,0.0,0.0,69,149,0.48,0.06,0.01,0.01,0.0,0.0,0.0,0.0,0,67461.0
0,1,22,9,410,3616,0,0,0,0,0,1,0,0,0,0,0,0,0,0,0,0,3,3,0.0,0.0,0.0,0.0,1.0,0.0,0.0,255,255,1.0,0.0,0.0,0.0,0.0,0.0,0.0,0.0,0,64229.0
0,1,17,5,0,0,0,0,0,0,0,0,0,0,0,0,0,0,0,0,0,0,24,7,1.0,1.0,0.0,0.0,0.29,0.17,0.0,255,63,0.25,0.02,0.01,0.0,1.0,1.0,0.0,0.0,1,33349.0
0,1,34,1,0,0,0,0,0,0,0,0,0,0,0,0,0,0,0,0,0,0,167,8,0.0,0.0,1.0,1.0,0.05,0.07,0.0,255,8,0.03,0.07,0.0,0.0,0.0,0.0,1.0,1.0,1,4208.0
0,1,22,9,318,947,0,0,0,0,0,1,0,0,0,0,0,0,0,0,0,0,3,3,0.0,0.0,0.0,0.0,1.0,0.0,0.0,18,255,1.0,0.0,0.06,0.02,0.06,0.01,0.0,0.0,0,92430.0
0,1,44,1,0,0,0,0,0,0,0,0,0,0,0,0,0,0,0,0,0,0,48,1,0.15,0.0,0.85,1.0,0.02,1.0,0.0,255,1,0.0,0.48,0.0,0.0,0.03,0.0,0.17,1.0,1,43922.0
0,1,44,0,0,0,0,0,0,0,0,0,0,0,0,0,0,0,0,0,0,0,1,1,0.0,0.0,0.0,0.0,1.0,0.0,0.0,174,1,0.01,0.72,0.72,0.0,0.03,0.0,0.63,0.0,1,69738.0
1,1,49,9,1442,334,0,0,0,0,0,1,0,0,0,0,0,0,0,0,0,0,1,4,0.0,0.0,0.0,0.0,1.0,0.0,1.0,252,99,0.38,0.02,0.0,0.02,0.0,0.0,0.0,0.0,0,16835.0
0,2,11,9,45,134,0,0,0,0,0,0,0,0,0,0,0,0,0,0,0,0,35,115,0.0,0.0,0.0,0.0,1.0,0.0,0.02,255,254,1.0,0.01,0.0,0.0,0.0,0.0,0.0,0.0,0,109360.0
0,1,22,9,193,1395,0,0,0,0,0,1,0,0,0,0,0,0,0,0,0,0,27,28,0.0,0.0,0.0,0.0,1.0,0.0,0.07,255,255,1.0,0.0,0.0,0.0,0.0,0.0,0.0,0.0,0,53098.0
0,1,44,5,0,0,0,0,0,0,0,0,0,0,0,0,0,0,0,0,0,0,185,5,1.0,1.0,0.0,0.0,0.03,0.07,0.0,255,16,0.06,0.07,0.0,0.0,1.0,1.0,0.0,0.0,1,58352.0
0,1,29,5,0,0,0,0,0,0,0,0,0,0,0,0,0,0,0,0,0,0,33,1,0.79,1.0,0.21,0.0,0.03,0.42,0.0,255,1,0.0,0.06,0.13,0.0,0.1,1.0,0.03,0.0,1,29141.0
0,1,22,1,0,0,0,0,0,0,0,0,0,0,0,0,0,0,0,0,0,0,2,2,0.0,0.0,1.0,1.0,1.0,0.0,0.0,95,255,1.0,0.0,0.02,0.1,0.0,0.0,0.45,0.71,0,1894.0
0,1,44,5,0,0,0,0,0,0,0,0,0,0,0,0,0,0,0,0,0,0,107,19,1.0,1.0,0.0,0.0,0.18,0.07,0.0,255,18,0.07,0.08,0.0,0.0,1.0,1.0,0.0,0.0,1,31381.0
0,1,22,5,0,0,0,0,0,0,0,0,0,0,0,0,0,0,0,0,0,0,17,10,1.0,0.9,0.0,0.1,0.53,0.12,0.2,177,49,0.28,0.02,0.01,0.0,1.0,1.0,0.0,0.0,1,53587.0
0,1,22,9,258,278,0,0,0,0,0,1,0,0,0,0,0,0,0,0,0,0,4,17,0.0,0.0,0.0,0.0,1.0,0.0,0.12,255,250,0.98,0.01,0.0,0.0,0.0,0.0,0.0,0.0,0,23582.0
1,1,22,9,258,7770,0,0,0,0,0,1,0,0,0,0,0,0,0,0,0,0,1,1,0.0,0.0,0.0,0.0,1.0,0.0,0.0,255,253,0.99,0.01,0.0,0.0,0.0,0.0,0.03,0.03,0,57391.0
0,1,22,9,231,481,0,0,0,0,0,1,0,0,0,0,0,0,0,0,0,0,1,19,0.0,0.0,0.0,0.0,1.0,0.0,0.21,255,255,1.0,0.0,0.0,0.0,0.0,0.0,0.0,0.0,0,28950.0
0,1,22,9,198,1108,0,0,0,0,0,1,0,0,0,0,0,0,0,0,0,0,4,27,0.0,0.0,0.0,0.0,1.0,0.0,0.07,122,255,1.0,0.0,0.01,0.03,0.0,0.0,0.0,0.0,0,122738.0
0,1,15,5,0,0,0,0,0,0,0,0,0,0,0,0,0,0,0,0,0,0,146,18,1.0,1.0,0.0,0.0,0.12,0.05,0.0,255,18,0.07,0.05,0.0,0.0,1.0,1.0,0.0,0.0,1,60004.0
0,1,33,1,0,0,0,0,0,0,0,0,0,0,0,0,0,0,0,0,0,0,247,1,0.0,0.0,1.0,1.0,0.0,0.07,0.0,255,1,0.0,0.07,0.0,0.0,0.0,0.0,1.0,1.0,1,5676.0
0,2,44,9,105,0,0,0,0,0,0,0,0,0,0,0,0,0,0,0,0,0,1,1,0.0,0.0,0.0,0.0,1.0,0.0,0.0,255,133,0.52,0.01,0.0,0.0,0.0,0.0,0.0,0.0,0,32761.0
0,1,22,9,226,1151,0,0,0,0,0,1,0,0,0,0,0,0,0,0,0,0,12,12,0.0,0.0,0.0,0.0,1.0,0.0,0.0,156,255,1.0,0.0,0.01,0.03,0.0,0.0,0.0,0.0,0,18049.0
0,1,22,9,293,868,0,0,0,0,0,1,0,0,0,0,0,0,0,0,0,0,9,9,0.0,0.0,0.0,0.0,1.0,0.0,0.0,255,255,1.0,0.0,0.0,0.0,0.0,0.0,0.0,0.0,0,34695.0
0,1,22,1,0,0,0,0,0,0,0,0,0,0,0,0,0,0,0,0,0,0,1,1,0.0,0.0,1.0,1.0,1.0,0.0,0.0,7,212,1.0,0.0,0.14,0.11,0.0,0.0,1.0,0.99,0,87291.0
0,1,26,5,0,0,0,0,0,0,0,0,0,0,0,0,0,0,0,0,0,0,141,1,1.0,1.0,0.0,0.0,0.01,0.06,0.0,255,1,0.0,0.06,0.0,0.0,1.0,1.0,0.0,0.0,1,5347.0
0,1,25,1,0,0,0,0,0,0,0,0,0,0,0,0,0,0,0,0,0,0,229,10,0.0,0.0,1.0,1.0,0.04,0.07,0.0,255,10,0.04,0.08,0.0,0.0,0.0,0.0,1.0,1.0,1,57168.0
0,1,22,9,233,636,0,0,0,0,0,1,0,0,0,0,0,0,0,0,0,0,3,4,0.0,0.0,0.0,0.0,1.0,0.0,0.5,83,255,1.0,0.0,0.01,0.02,0.0,0.0,0.0,0.0,0,34297.0
0,1,22,9,315,855,0,0,0,0,0,1,0,0,0,0,0,0,0,0,0,0,11,14,0.0,0.0,0.0,0.0,1.0,0.0,0.21,255,255,1.0,0.0,0.0,0.0,0.0,0.0,0.0,0.0,0,39401.0
0,2,44,9,105,145,0,0,0,0,0,0,0,0,0,0,0,0,0,0,0,0,4,1,0.0,0.0,0.0,0.0,0.25,0.5,0.0,255,233,0.91,0.01,0.0,0.0,0.0,0.0,0.0,0.0,0,121634.0
0,1,44,5,0,0,0,0,0,0,0,0,0,0,0,0,0,0,0,0,0,0,104,4,1.0,1.0,0.0,0.0,0.04,0.07,0.0,255,3,0.01,0.07,0.0,0.0,1.0,1.0,0.0,0.0,1,83223.0
0,1,49,9,1616,334,0,0,0,0,0,1,0,0,0,0,0,0,0,0,0,0,1,1,0.0,0.0,0.0,0.0,1.0,0.0,0.0,222,166,0.69,0.02,0.0,0.01,0.0,0.0,0.0,0.0,0,82873.0
0,1,22,9,364,1158,0,0,0,0,0,1,0,0,0,0,0,0,0,0,0,0,24,28,0.0,0.0,0.0,0.0,1.0,0.0,0.14,152,255,1.0,0.0,0.01,0.02,0.0,0.0,0.02,0.03,0,106316.0
0,2,11,9,45,139,0,0,0,0,0,0,0,0,0,0,0,0,0,0,0,0,70,150,0.0,0.0,0.0,0.0,1.0,0.0,0.01,255,245,0.96,0.01,0.0,0.0,0.0,0.0,0.0,0.0,0,114837.0
0,1,49,9,1619,334,0,0,0,0,0,1,0,0,0,0,0,0,0,0,0,0,1,1,0.0,0.0,0.0,0.0,1.0,0.0,0.0,183,244,0.97,0.01,0.01,0.01,0.0,0.0,0.0,0.0,0,125080.0
0,1,22,1,0,0,0,0,0,0,0,0,0,0,0,0,0,0,0,0,0,0,1,2,0.0,0.0,1.0,1.0,1.0,0.0,1.0,10,91,1.0,0.0,0.1,0.05,0.0,0.0,1.0,0.57,0,44936.0
0,2,11,9,45,127,0,0,0,0,0,0,0,0,0,0,0,0,0,0,0,0,79,159,0.0,0.0,0.0,0.0,1.0,0.0,0.01,255,255,1.0,0.0,0.0,0.0,0.0,0.0,0.0,0.0,0,97154.0
0,2,11,9,46,129,0,0,0,0,0,0,0,0,0,0,0,0,0,0,0,0,64,144,0.0,0.0,0.0,0.0,1.0,0.0,0.01,255,228,0.89,0.01,0.0,0.0,0.0,0.0,0.0,0.0,0,91208.0
4,2,44,9,105,147,0,0,0,0,0,0,0,0,0,0,0,0,0,0,0,0,2,2,0.0,0.0,0.0,0.0,1.0,0.0,0.0,255,247,0.97,0.01,0.01,0.0,0.0,0.0,0.0,0.0,0,64680.0
0,2,11,9,46,46,0,0,0,0,0,0,0,0,0,0,0,0,0,0,0,0,4,219,0.0,0.0,0.0,0.0,1.0,0.0,0.01,255,255,1.0,0.0,0.13,0.0,0.0,0.0,0.0,0.0,0,86962.0
0,1,44,5,0,0,0,0,0,0,0,0,0,0,0,0,0,0,0,0,0,0,168,1,0.84,1.0,0.0,0.0,0.01,0.06,0.0,255,10,0.04,0.06,0.0,0.0,1.0,1.0,0.0,0.0,1,111048.0
0,1,44,5,0,0,0,0,0,0,0,0,0,0,0,0,0,0,0,0,0,0,183,5,1.0,1.0,0.0,0.0,0.03,0.06,0.0,255,15,0.06,0.07,0.0,0.0,1.0,1.0,0.0,0.0,1,100983.0
0,1,22,9,292,3480,0,0,0,0,0,1,0,0,0,0,0,0,0,0,0,0,2,3,0.0,0.0,0.0,0.0,1.0,0.0,0.67,255,255,1.0,0.0,0.0,0.0,0.0,0.0,0.0,0.0,0,15750.0
0,2,44,9,207,0,0,0,0,0,0,0,0,0,0,0,0,0,0,0,0,0,2,2,0.0,0.0,0.0,0.0,1.0,0.0,0.0,24,24,1.0,0.0,1.0,0.0,0.0,0.0,0.0,0.0,1,113194.0
0,1,55,2,0,0,0,0,0,0,0,0,0,0,0,0,0,0,0,0,0,0,149,20,0.0,0.0,1.0,1.0,0.13,0.05,0.0,255,13,0.05,0.06,0.0,0.0,0.0,0.0,1.0,1.0,1,1122.0
0,1,44,5,0,0,0,0,0,0,0,0,0,0,0,0,0,0,0,0,0,0,99,3,1.0,1.0,0.0,0.0,0.03,0.06,0.0,255,4,0.02,0.06,0.0,0.0,1.0,1.0,0.0,0.0,1,56864.0
0,1,59,5,0,0,0,0,0,0,0,0,0,0,0,0,0,0,0,0,0,0,146,16,1.0,1.0,0.0,0.0,0.11,0.06,0.0,255,9,0.04,0.07,0.0,0.0,1.0,1.0,0.0,0.0,1,120778.0
0,1,19,9,192,0,0,0,0,0,0,1,0,0,0,0,0,0,0,0,0,0,2,2,0.0,0.0,0.0,0.0,1.0,0.0,0.0,64,57,0.19,0.09,0.19,0.05,0.0,0.0,0.02,0.0,0,80497.0
0,1,3,9,13,38,0,0,0,0,0,1,0,0,0,0,0,0,0,0,0,0,1,1,0.0,0.0,0.0,0.0,1.0,0.0,0.0,100,2,0.01,0.1,0.01,1.0,0.01,0.0,0.0,0.0,0,86953.0
0,1,40,9,59,0,0,0,0,0,0,1,0,0,0,0,0,0,0,0,0,0,10,1,0.3,0.0,0.0,0.0,0.1,0.8,0.0,182,1,0.01,0.05,0.09,0.0,0.02,0.0,0.0,0.0,0,62729.0
0,1,22,1,0,0,0,0,0,0,0,0,0,0,0,0,0,0,0,0,0,0,1,1,0.0,0.0,1.0,1.0,1.0,0.0,0.0,45,255,1.0,0.0,0.02,0.18,0.0,0.0,1.0,1.0,0,48442.0
0,0,13,9,8,0,0,0,0,0,0,0,0,0,0,0,0,0,0,0,0,0,1,39,0.0,0.0,0.0,0.0,1.0,0.0,1.0,1,42,1.0,0.0,1.0,0.29,0.0,0.0,0.0,0.0,1,16810.0
0,1,44,2,0,0,0,0,0,0,0,0,0,0,0,0,0,0,0,0,0,0,114,11,0.0,0.0,1.0,1.0,0.1,0.07,0.0,255,11,0.04,0.07,0.0,0.0,0.0,0.0,1.0,1.0,1,34498.0
0,1,62,5,0,0,0,0,0,0,0,0,0,0,0,0,0,0,0,0,0,0,273,21,1.0,1.0,0.0,0.0,0.08,0.05,0.0,255,21,0.08,0.05,0.0,0.0,1.0,1.0,0.0,0.0,1,71052.0
0,1,22,9,214,388,0,0,0,0,0,1,0,0,0,0,0,0,0,0,0,0,1,3,0.0,0.0,0.0,0.0,1.0,0.0,0.67,5,255,1.0,0.0,0.2,0.02,0.0,0.0,0.0,0.0,0,115921.0
0,1,22,9,338,776,0,0,0,0,0,1,0,0,0,0,0,0,0,0,0,0,11,11,0.0,0.0,0.0,0.0,1.0,0.0,0.0,11,111,1.0,0.0,0.09,0.14,0.0,0.0,0.0,0.0,0,19989.0
0,1,44,4,0,0,0,0,0,0,0,0,0,0,0,0,0,0,0,0,0,0,1,1,0.0,0.0,1.0,1.0,1.0,0.0,0.0,255,1,0.0,0.55,0.54,0.0,0.0,0.0,0.55,1.0,1,41901.0
0,1,22,9,210,754,0,0,0,0,0,1,0,0,0,0,0,0,0,0,0,0,4,4,0.0,0.0,0.0,0.0,1.0,0.0,0.0,4,255,1.0,0.0,0.25,0.03,0.0,0.0,0.0,0.0,0,48629.0
0,1,33,5,0,0,0,0,0,0,0,0,0,0,0,0,0,0,0,0,0,0,234,1,1.0,1.0,0.0,0.0,0.0,0.06,0.0,255,8,0.03,0.07,0.0,0.0,1.0,1.0,0.0,0.0,1,61379.0
0,1,44,5,0,0,0,0,0,0,0,0,0,0,0,0,0,0,0,0,0,0,227,2,1.0,1.0,0.0,0.0,0.01,0.07,0.0,255,7,0.03,0.07,0.0,0.0,1.0,1.0,0.0,0.0,1,78779.0
0,2,11,9,44,44,0,0,0,0,0,0,0,0,0,0,0,0,0,0,0,0,130,210,0.0,0.0,0.0,0.0,1.0,0.0,0.01,255,255,1.0,0.0,0.01,0.0,0.0,0.0,0.0,0.0,0,34669.0
4545,2,40,9,146,105,0,0,0,0,0,0,0,0,0,0,0,0,0,0,0,0,5,2,0.0,0.0,0.0,0.0,0.4,0.6,0.0,255,2,0.01,0.85,1.0,0.0,0.0,0.0,0.0,0.0,0,78522.0
0,1,22,5,0,0,0,0,0,0,0,0,0,0,0,0,0,0,0,0,0,0,41,9,1.0,1.0,0.0,0.0,0.22,0.1,0.0,255,18,0.07,0.05,0.0,0.0,1.0,1.0,0.0,0.0,1,116781.0
0,0,14,9,1480,0,0,1,0,0,0,0,0,0,0,0,0,0,0,0,0,0,2,4,0.0,0.0,0.0,0.0,1.0,0.0,0.5,2,10,1.0,0.0,1.0,0.5,0.0,0.0,0.0,0.0,1,61746.0
0,1,19,5,0,0,0,0,0,0,0,0,0,0,0,0,0,0,0,0,0,0,212,19,1.0,1.0,0.0,0.0,0.09,0.07,0.0,255,19,0.07,0.07,0.0,0.0,1.0,1.0,0.0,0.0,1,115245.0
0,1,25,5,0,0,0,0,0,0,0,0,0,0,0,0,0,0,0,0,0,0,213,12,1.0,1.0,0.0,0.0,0.06,0.07,0.0,255,12,0.05,0.07,0.0,0.0,1.0,1.0,0.0,0.0,1,85298.0
0,1,44,5,0,0,0,0,0,0,0,0,0,0,0,0,0,0,0,0,0,0,202,12,1.0,1.0,0.0,0.0,0.06,0.06,0.0,63,10,0.16,0.16,0.02,0.0,0.78,1.0,0.02,0.0,1,44758.0
37120,1,44,4,1,0,0,0,0,0,0,0,0,0,0,0,0,0,0,0,0,0,2,2,0.0,0.0,1.0,1.0,1.0,0.0,0.0,255,2,0.01,0.5,1.0,0.0,0.0,0.0,1.0,1.0,1,50071.0
0,1,22,9,238,1527,0,0,0,0,0,1,0,0,0,0,0,0,0,0,0,0,13,15,0.0,0.0,0.0,0.0,1.0,0.0,0.2,89,255,1.0,0.0,0.01,0.03,0.0,0.0,0.0,0.0,0,58550.0
0,0,13,9,8,0,0,0,0,0,0,0,0,0,0,0,0,0,0,0,0,0,1,4,0.0,0.0,0.0,0.0,1.0,0.0,1.0,2,22,1.0,0.0,1.0,0.5,0.0,0.0,0.0,0.0,1,106733.0
0,1,22,9,235,8183,0,0,0,0,0,1,0,0,0,0,0,0,0,0,0,0,15,15,0.0,0.0,0.0,0.0,1.0,0.0,0.0,69,255,1.0,0.0,0.01,0.01,0.0,0.0,0.0,0.0,0,121767.0
0,1,22,9,354,2225,0,0,0,0,0,1,0,0,0,0,0,0,0,0,0,0,2,3,0.0,0.0,0.0,0.0,1.0,0.0,0.67,178,255,1.0,0.0,0.01,0.02,0.01,0.01,0.1,0.08,0,59825.0
0,1,7,5,0,0,0,0,0,0,0,0,0,0,0,0,0,0,0,0,0,0,224,20,1.0,1.0,0.0,0.0,0.09,0.06,0.0,255,20,0.08,0.06,0.0,0.0,1.0,1.0,0.0,0.0,1,93221.0
0,1,53,5,0,0,0,0,0,0,0,0,0,0,0,0,0,0,0,0,0,0,115,9,1.0,1.0,0.0,0.0,0.08,0.09,0.0,255,9,0.04,0.07,0.0,0.0,1.0,1.0,0.0,0.0,1,120834.0
0,1,19,9,192,0,0,0,0,0,0,1,0,0,0,0,0,0,0,0,0,0,1,1,0.0,0.0,0.0,0.0,1.0,0.0,0.0,198,29,0.1,0.06,0.14,0.07,0.02,0.07,0.0,0.0,0,103144.0
1,1,49,9,3119,333,0,0,0,0,0,1,0,0,0,0,0,0,0,0,0,0,1,3,0.0,0.0,0.0,0.0,1.0,0.0,1.0,222,181,0.82,0.02,0.0,0.0,0.0,0.0,0.0,0.0,0,120678.0
0,1,22,5,0,0,0,0,0,0,0,0,0,0,0,0,0,0,0,0,0,0,2,4,0.5,0.25,0.0,0.25,1.0,0.0,0.5,9,255,1.0,0.0,0.22,0.05,0.11,0.0,0.0,0.0,0,63383.0
0,2,44,9,28,0,0,3,0,0,0,0,0,0,0,0,0,0,0,0,0,0,53,53,0.0,0.0,0.0,0.0,1.0,0.0,0.0,255,20,0.08,0.01,0.08,0.0,0.0,0.0,0.0,0.0,1,106348.0
0,1,9,2,0,0,0,0,0,0,0,0,0,0,0,0,0,0,0,0,0,0,254,4,0.0,0.0,1.0,1.0,0.02,0.07,0.0,255,4,0.02,0.07,0.0,0.0,0.0,0.0,1.0,1.0,1,107890.0
0,1,22,9,291,2669,0,0,0,0,0,1,0,0,0,0,0,0,0,0,0,0,18,18,0.0,0.0,0.0,0.0,1.0,0.0,0.0,255,255,1.0,0.0,0.0,0.0,0.0,0.0,0.0,0.0,0,65053.0
0,0,13,9,8,0,0,0,0,0,0,0,0,0,0,0,0,0,0,0,0,0,1,51,0.0,0.0,0.0,0.0,1.0,0.0,1.0,2,116,1.0,0.0,1.0,0.5,0.0,0.0,0.0,0.0,1,40067.0
0,1,28,5,0,0,0,0,0,0,0,0,0,0,0,0,0,0,0,0,0,0,124,14,1.0,1.0,0.0,0.0,0.11,0.06,0.0,255,11,0.04,0.06,0.0,0.0,1.0,1.0,0.0,0.0,1,20423.0
0,1,22,9,245,30881,0,0,0,1,0,1,1,0,0,0,0,0,0,0,0,0,12,12,0.0,0.0,0.0,0.0,1.0,0.0,0.0,255,255,1.0,0.0,0.0,0.0,0.0,0.0,0.0,0.0,0,106376.0
0,1,3,5,0,0,0,0,0,0,0,0,0,0,0,0,0,0,0,0,0,0,290,13,1.0,1.0,0.0,0.0,0.04,0.06,0.0,255,11,0.04,0.07,0.0,0.0,1.0,1.0,0.0,0.0,1,119470.0
0,1,40,1,0,0,0,0,0,0,0,0,0,0,0,0,0,0,0,0,0,0,491,1,0.08,0.0,0.89,1.0,0.0,0.95,0.0,255,1,0.0,0.91,0.0,0.0,0.09,0.0,0.91,1.0,1,24708.0
0,1,49,9,681,317,0,0,0,0,0,1,0,0,0,0,0,0,0,0,0,0,1,1,0.0,0.0,0.0,0.0,1.0,0.0,0.0,17,127,0.59,0.24,0.06,0.02,0.0,0.0,0.0,0.0,0,111550.0
0,1,22,9,201,1828,0,0,0,0,0,1,0,0,0,0,0,0,0,0,0,0,7,12,0.0,0.0,0.0,0.0,1.0,0.0,0.25,25,255,1.0,0.0,0.04,0.01,0.0,0.0,0.0,0.0,0,71556.0
0,1,22,9,142,13258,0,0,0,0,0,1,0,0,0,0,0,0,0,0,0,0,13,15,0.0,0.0,0.0,0.0,1.0,0.0,0.13,13,255,1.0,0.0,0.08,0.03,0.0,0.0,0.0,0.0,0,11477.0
0,1,22,9,169,2227,0,0,0,0,0,1,0,0,0,0,0,0,0,0,0,0,8,8,0.0,0.0,0.0,0.0,1.0,0.0,0.0,8,255,1.0,0.0,0.12,0.05,0.0,0.0,0.0,0.0,0,80219.0
0,1,22,9,213,259,0,0,0,0,0,1,0,0,0,0,0,0,0,0,0,0,21,21,0.0,0.0,0.0,0.0,1.0,0.0,0.0,255,255,1.0,0.0,0.0,0.0,0.0,0.0,0.0,0.0,0,19387.0
3,2,44,9,105,146,0,0,0,0,0,0,0,0,0,0,0,0,0,0,0,0,2,2,0.0,0.0,0.0,0.0,1.0,0.0,0.0,117,113,0.97,0.03,0.03,0.0,0.0,0.0,0.0,0.0,0,91597.0
0,1,10,5,0,0,0,0,0,0,0,0,0,0,0,0,0,0,0,0,0,0,270,12,1.0,1.0,0.0,0.0,0.04,0.07,0.0,255,12,0.05,0.07,0.0,0.0,1.0,1.0,0.0,0.0,1,48613.0
0,1,22,9,232,534,0,0,0,0,0,1,0,0,0,0,0,0,0,0,0,0,9,11,0.0,0.0,0.0,0.0,1.0,0.0,0.27,12,52,1.0,0.0,0.08,0.13,0.0,0.0,0.0,0.0,0,30335.0
0,1,55,5,0,0,0,0,0,0,0,0,0,0,0,0,0,0,0,0,0,0,78,15,1.0,1.0,0.0,0.0,0.19,0.06,0.0,255,15,0.06,0.06,0.0,0.0,1.0,1.0,0.0,0.0,1,21109.0
0,1,29,5,0,0,0,0,0,0,0,0,0,0,0,0,0,0,0,0,0,0,267,19,1.0,1.0,0.0,0.0,0.07,0.04,0.0,255,19,0.07,0.05,0.0,0.0,1.0,1.0,0.0,0.0,1,58390.0
279,1,22,9,232,260,0,0,0,0,0,1,0,0,0,0,0,0,0,0,0,0,7,7,0.0,0.0,0.0,0.0,1.0,0.0,0.0,255,243,0.95,0.01,0.0,0.0,0.03,0.03,0.0,0.0,0,112764.0
0,1,22,9,296,554,0,0,0,0,0,1,0,0,0,0,0,0,0,0,0,0,1,8,0.0,0.0,0.0,0.0,1.0,0.0,0.25,14,255,1.0,0.0,0.07,0.06,0.0,0.0,0.0,0.0,0,17349.0
0,1,10,5,0,0,0,0,0,0,0,0,0,0,0,0,0,0,0,0,0,0,136,5,1.0,1.0,0.0,0.0,0.04,0.05,0.0,255,4,0.02,0.06,0.0,0.0,1.0,1.0,0.0,0.0,1,53345.0
0,1,44,1,0,0,0,0,0,0,0,0,0,0,0,0,0,0,0,0,0,0,113,6,0.0,0.0,1.0,1.0,0.05,0.08,0.0,138,6,0.04,0.08,0.01,0.0,0.0,0.0,1.0,1.0,1,30247.0
0,1,19,9,637,0,0,0,0,0,0,1,0,0,0,0,0,0,0,0,0,0,8,8,0.0,0.0,0.0,0.0,1.0,0.0,0.0,180,78,0.41,0.02,0.41,0.03,0.0,0.0,0.0,0.0,0,13779.0
0,1,44,5,0,0,0,0,0,0,0,0,0,0,0,0,0,0,0,0,0,0,76,1,1.0,1.0,0.0,0.0,0.01,0.08,0.0,255,14,0.05,0.07,0.0,0.0,1.0,1.0,0.0,0.0,1,15442.0
0,1,52,2,0,0,0,0,0,0,0,0,0,0,0,0,0,0,0,0,0,0,138,12,0.0,0.0,1.0,1.0,0.09,0.06,0.0,255,12,0.05,0.07,0.0,0.0,0.0,0.0,1.0,1.0,1,53015.0
0,1,9,2,0,0,0,0,0,0,0,0,0,0,0,0,0,0,0,0,0,0,266,9,0.0,0.0,1.0,1.0,0.03,0.06,0.0,255,9,0.04,0.07,0.0,0.0,0.0,0.0,1.0,1.0,1,26279.0
0,1,44,1,0,0,0,0,0,0,0,0,0,0,0,0,0,0,0,0,0,0,239,11,0.0,0.0,1.0,1.0,0.05,0.07,0.0,255,11,0.04,0.08,0.0,0.0,0.0,0.0,1.0,1.0,1,40463.0
0,1,25,5,0,0,0,0,0,0,0,0,0,0,0,0,0,0,0,0,0,0,279,18,1.0,1.0,0.0,0.0,0.06,0.05,0.0,255,18,0.07,0.07,0.0,0.0,1.0,1.0,0.0,0.0,1,50789.0
0,1,44,5,0,0,0,0,0,0,0,0,0,0,0,0,0,0,0,0,0,0,267,19,1.0,1.0,0.0,0.0,0.07,0.06,0.0,255,18,0.07,0.06,0.0,0.0,1.0,1.0,0.0,0.0,1,66171.0
0,2,11,9,46,139,0,0,0,0,0,0,0,0,0,0,0,0,0,0,0,0,236,312,0.0,0.0,0.0,0.0,1.0,0.01,0.01,255,244,0.96,0.01,0.0,0.0,0.0,0.0,0.0,0.0,0,75591.0
0,1,18,5,0,0,0,0,0,0,0,0,0,0,0,0,0,0,0,0,0,0,198,17,1.0,1.0,0.0,0.0,0.09,0.06,0.0,255,17,0.07,0.09,0.0,0.0,1.0,1.0,0.0,0.0,1,92751.0
0,1,22,9,282,1745,0,0,0,0,0,1,0,0,0,0,0,0,0,0,0,0,3,3,0.0,0.0,0.0,0.0,1.0,0.0,0.0,35,255,1.0,0.0,0.03,0.04,0.0,0.0,0.0,0.0,0,42843.0
0,0,13,9,8,0,0,0,0,0,0,0,0,0,0,0,0,0,0,0,0,0,1,15,0.0,0.0,0.0,0.0,1.0,0.0,1.0,2,11,1.0,0.0,1.0,0.55,0.0,0.0,0.0,0.0,1,34832.0
0,1,19,5,0,0,0,0,0,0,0,0,0,0,0,0,0,0,0,0,0,0,76,18,1.0,1.0,0.0,0.0,0.24,0.05,0.0,255,47,0.18,0.04,0.01,0.0,1.0,1.0,0.0,0.0,1,7492.0
0,1,17,2,0,0,0,0,0,0,0,0,0,0,0,0,0,0,0,0,0,0,1,1,0.0,0.0,1.0,1.0,1.0,0.0,0.0,191,10,0.04,0.02,0.01,0.2,0.0,0.0,0.03,0.1,0,101622.0
0,1,54,5,0,0,0,0,0,0,0,0,0,0,0,0,0,0,0,0,0,0,262,22,1.0,1.0,0.0,0.0,0.08,0.05,0.0,255,22,0.09,0.05,0.0,0.0,1.0,1.0,0.0,0.0,1,27137.0
0,1,44,1,0,0,0,0,0,0,0,0,0,0,0,0,0,0,0,0,0,0,1,1,0.0,0.0,1.0,1.0,1.0,0.0,0.0,8,2,0.12,1.0,0.12,1.0,0.0,0.0,0.62,1.0,1,26335.0
0,2,11,9,45,139,0,0,0,0,0,0,0,0,0,0,0,0,0,0,0,0,125,205,0.0,0.0,0.0,0.0,1.0,0.0,0.01,255,255,1.0,0.0,0.0,0.0,0.0,0.0,0.0,0.0,0,59519.0
0,1,22,9,246,2524,0,0,0,0,0,1,0,0,0,0,0,0,0,0,0,0,9,26,0.0,0.0,0.0,0.04,1.0,0.0,0.12,255,255,1.0,0.0,0.0,0.0,0.0,0.0,0.0,0.0,0,42737.0
0,1,55,5,0,0,0,0,0,0,0,0,0,0,0,0,0,0,0,0,0,0,70,16,1.0,1.0,0.0,0.0,0.23,0.06,0.0,150,37,0.24,0.03,0.02,0.05,1.0,0.97,0.0,0.0,1,10992.0
14482,1,40,4,1,0,0,0,0,0,0,0,0,0,0,0,0,0,0,0,0,0,2,2,0.0,0.0,1.0,1.0,1.0,0.0,0.0,255,2,0.01,0.68,1.0,0.0,0.0,0.0,1.0,1.0,1,115639.0
0,1,22,5,0,0,0,0,0,0,0,0,0,0,0,0,0,0,0,0,0,0,2,6,0.5,0.17,0.0,0.0,1.0,0.0,0.33,255,255,1.0,0.0,0.01,0.0,0.01,0.01,0.0,0.0,0,5726.0
0,1,22,1,0,0,0,0,0,0,0,0,0,0,0,0,0,0,0,0,0,0,225,10,0.0,0.0,1.0,1.0,0.04,0.07,0.0,255,10,0.04,0.08,0.0,0.0,0.0,0.0,1.0,1.0,1,121614.0
0,1,40,9,6601,0,0,0,0,0,0,1,0,0,0,0,0,0,0,0,0,0,18,1,0.06,0.0,0.0,0.0,0.06,0.28,0.0,55,1,0.02,0.15,0.55,0.0,0.02,0.0,0.0,0.0,0,52501.0
0,2,11,9,45,45,0,0,0,0,0,0,0,0,0,0,0,0,0,0,0,0,113,113,0.0,0.0,0.0,0.0,0.99,0.02,0.02,255,253,0.99,0.01,0.0,0.0,0.0,0.0,0.0,0.0,0,12605.0
0,1,3,5,0,0,0,0,0,0,0,0,0,0,0,0,0,0,0,0,0,0,246,15,1.0,1.0,0.0,0.0,0.06,0.06,0.0,255,8,0.03,0.07,0.0,0.0,1.0,1.0,0.0,0.0,1,50346.0
2,1,49,9,1243,366,0,0,0,0,0,1,0,0,0,0,0,0,0,0,0,0,1,1,0.0,0.0,0.0,0.0,1.0,0.0,0.0,163,115,0.71,0.02,0.01,0.0,0.0,0.0,0.0,0.0,0,1242.0
0,1,22,9,306,2507,0,0,0,0,0,1,0,0,0,0,0,0,0,0,0,0,6,6,0.0,0.0,0.0,0.0,1.0,0.0,0.0,255,246,0.96,0.02,0.0,0.0,0.0,0.0,0.01,0.01,0,29550.0
14,1,55,9,141,2713,0,0,0,0,0,1,0,0,0,0,0,0,0,0,0,0,1,1,0.0,0.0,0.0,0.0,1.0,0.0,0.0,21,18,0.05,0.14,0.05,0.22,0.0,0.11,0.0,0.0,0,40333.0
1,1,49,9,1576,330,0,0,0,0,0,1,0,0,0,0,0,0,0,0,0,0,1,1,0.0,0.0,0.0,0.0,1.0,0.0,0.0,172,165,0.72,0.03,0.01,0.01,0.0,0.01,0.0,0.0,0,24280.0
0,1,62,5,0,0,0,0,0,0,0,0,0,0,0,0,0,0,0,0,0,0,116,9,1.0,1.0,0.0,0.0,0.08,0.06,0.0,255,9,0.04,0.06,0.0,0.0,1.0,1.0,0.0,0.0,1,23861.0
0,1,8,5,0,0,0,0,0,0,0,0,0,0,0,0,0,0,0,0,0,0,106,17,1.0,1.0,0.0,0.0,0.16,0.06,0.0,255,6,0.02,0.07,0.0,0.0,1.0,1.0,0.0,0.0,1,85164.0
0,1,40,1,0,0,0,0,0,0,0,0,0,0,0,0,0,0,0,0,0,0,412,1,0.07,0.0,0.9,1.0,0.0,1.0,0.0,255,1,0.0,1.0,0.0,0.0,0.08,0.0,0.91,1.0,1,57565.0
0,1,44,5,0,0,0,0,0,0,0,0,0,0,0,0,0,0,0,0,0,0,126,15,1.0,1.0,0.0,0.0,0.12,0.06,0.0,255,35,0.14,0.05,0.0,0.0,1.0,1.0,0.0,0.0,1,3560.0
0,1,22,9,304,307,0,0,0,0,0,1,0,0,0,0,0,0,0,0,0,0,3,4,0.0,0.0,0.0,0.0,1.0,0.0,0.5,255,255,1.0,0.0,0.0,0.0,0.0,0.0,0.0,0.0,0,35111.0
0,1,44,5,0,0,0,0,0,0,0,0,0,0,0,0,0,0,0,0,0,0,42,15,1.0,1.0,0.0,0.0,0.36,0.12,0.0,255,15,0.06,0.07,0.0,0.0,1.0,1.0,0.0,0.0,1,16974.0
0,1,22,9,304,1722,0,0,0,0,0,1,0,0,0,0,0,0,0,0,0,0,31,32,0.0,0.0,0.0,0.0,1.0,0.0,0.06,255,255,1.0,0.0,0.0,0.0,0.0,0.0,0.0,0.0,0,115915.0
0,1,2,5,0,0,0,0,0,0,0,0,0,0,0,0,0,0,0,0,0,0,205,11,1.0,1.0,0.0,0.0,0.05,0.05,0.0,255,11,0.04,0.06,0.0,0.0,1.0,1.0,0.0,0.0,1,17482.0
0,1,7,5,0,0,0,0,0,0,0,0,0,0,0,0,0,0,0,0,0,0,248,6,1.0,1.0,0.0,0.0,0.02,0.06,0.0,255,18,0.07,0.07,0.0,0.0,1.0,1.0,0.0,0.0,1,84318.0
0,1,16,5,0,0,0,0,0,0,0,0,0,0,0,0,0,0,0,0,0,0,142,12,1.0,1.0,0.0,0.0,0.08,0.06,0.0,255,12,0.05,0.05,0.0,0.0,1.0,1.0,0.0,0.0,1,39913.0
0,1,22,9,238,31067,0,0,0,0,0,1,0,0,0,0,0,0,0,0,0,0,4,4,0.0,0.0,0.0,0.0,1.0,0.0,0.0,255,255,1.0,0.0,0.0,0.0,0.0,0.0,0.0,0.0,0,88563.0
0,1,22,9,296,2472,0,0,0,0,0,1,0,0,0,0,0,0,0,0,0,0,11,11,0.0,0.0,0.0,0.0,1.0,0.0,0.0,37,255,1.0,0.0,0.03,0.01,0.0,0.0,0.0,0.0,0,55020.0
0,1,57,5,0,0,0,0,0,0,0,0,0,0,0,0,0,0,0,0,0,0,149,20,1.0,1.0,0.0,0.0,0.13,0.05,0.0,255,3,0.01,0.07,0.0,0.0,1.0,1.0,0.0,0.0,1,51087.0
0,0,14,9,1032,0,0,0,0,0,0,0,0,0,0,0,0,0,0,0,0,0,382,382,0.0,0.0,0.0,0.0,1.0,0.0,0.0,255,173,0.68,0.02,0.68,0.0,0.0,0.0,0.25,0.0,1,100577.0
0,2,11,9,46,46,0,0,0,0,0,0,0,0,0,0,0,0,0,0,0,0,92,174,0.0,0.0,0.0,0.0,1.0,0.0,0.02,255,254,1.0,0.01,0.01,0.0,0.0,0.0,0.0,0.0,0,5462.0
0,1,53,5,0,0,0,0,0,0,0,0,0,0,0,0,0,0,0,0,0,0,126,1,1.0,1.0,0.0,0.0,0.01,0.06,0.0,255,1,0.0,0.07,0.0,0.0,1.0,1.0,0.0,0.0,1,92466.0
0,1,8,5,0,0,0,0,0,0,0,0,0,0,0,0,0,0,0,0,0,0,277,7,1.0,1.0,0.0,0.0,0.03,0.05,0.0,255,14,0.05,0.07,0.0,0.0,1.0,1.0,0.0,0.0,1,102215.0
0,1,44,5,0,0,0,0,0,0,0,0,0,0,0,0,0,0,0,0,0,0,238,20,1.0,1.0,0.0,0.0,0.08,0.05,0.0,255,20,0.08,0.07,0.0,0.0,1.0,1.0,0.0,0.0,1,24304.0
0,1,22,9,240,435,0,0,0,0,0,1,0,0,0,0,0,0,0,0,0,0,1,1,0.0,0.0,0.0,0.0,1.0,0.0,0.0,28,255,1.0,0.0,0.04,0.02,0.04,0.01,0.0,0.0,0,121870.0
1,1,49,9,1414,329,0,0,0,0,0,1,0,0,0,0,0,0,0,0,0,0,1,2,0.0,0.0,0.0,0.0,1.0,0.0,1.0,12,159,0.92,0.17,0.08,0.01,0.0,0.0,0.0,0.0,0,100597.0
0,1,17,5,0,0,0,0,0,0,0,0,0,0,0,0,0,0,0,0,0,0,58,15,1.0,1.0,0.0,0.0,0.26,0.07,0.0,255,40,0.16,0.05,0.01,0.0,1.0,1.0,0.0,0.0,1,106996.0
0,1,22,9,238,6344,0,0,0,0,0,1,0,0,0,0,0,0,0,0,0,0,3,7,0.0,0.0,0.0,0.0,1.0,0.0,0.29,68,255,1.0,0.0,0.01,0.04,0.0,0.02,0.0,0.0,0,73357.0
0,1,6,5,0,0,0,0,0,0,0,0,0,0,0,0,0,0,0,0,0,0,235,4,1.0,1.0,0.0,0.0,0.02,0.07,0.0,255,4,0.02,0.08,0.0,0.0,1.0,1.0,0.0,0.0,1,19124.0
0,1,44,5,0,0,0,0,0,0,0,0,0,0,0,0,0,0,0,0,0,0,147,8,1.0,1.0,0.0,0.0,0.05,0.05,0.0,97,8,0.08,0.07,0.01,0.0,1.0,1.0,0.0,0.0,1,20883.0
0,1,22,9,228,774,0,0,0,0,0,1,0,0,0,0,0,0,0,0,0,0,11,11,0.0,0.0,0.0,0.0,1.0,0.0,0.0,53,255,1.0,0.0,0.02,0.02,0.0,0.0,0.0,0.0,0,77466.0
0,1,44,5,0,0,0,0,0,0,0,0,0,0,0,0,0,0,0,0,0,0,116,5,1.0,1.0,0.0,0.0,0.04,0.06,0.0,194,8,0.04,0.09,0.01,0.0,1.0,1.0,0.0,0.0,1,32504.0
0,1,38,5,0,0,0,0,0,0,0,0,0,0,0,0,0,0,0,0,0,0,204,4,1.0,1.0,0.0,0.0,0.02,0.06,0.0,255,20,0.08,0.06,0.0,0.0,1.0,1.0,0.0,0.0,1,54884.0
0,1,44,5,0,0,0,0,0,0,0,0,0,0,0,0,0,0,0,0,0,0,146,18,1.0,1.0,0.0,0.0,0.12,0.06,0.0,255,1,0.0,0.07,0.0,0.0,1.0,1.0,0.0,0.0,1,8349.0
0,1,55,5,0,0,0,0,0,0,0,0,0,0,0,0,0,0,0,0,0,0,260,17,1.0,1.0,0.0,0.0,0.07,0.07,0.0,255,17,0.07,0.07,0.0,0.0,1.0,1.0,0.0,0.0,1,61091.0
0,2,11,9,45,73,0,0,0,0,0,0,0,0,0,0,0,0,0,0,0,0,281,281,0.0,0.0,0.0,0.0,1.0,0.0,0.0,255,245,0.96,0.01,0.0,0.0,0.0,0.0,0.0,0.0,0,32019.0
0,1,22,9,249,1453,0,0,0,0,0,1,0,0,0,0,0,0,0,0,0,0,16,16,0.0,0.0,0.0,0.0,1.0,0.0,0.0,35,255,1.0,0.0,0.03,0.02,0.0,0.0,0.0,0.0,0,76169.0
0,1,55,6,91,2830,0,0,0,0,0,1,0,0,0,0,0,0,0,0,0,0,1,1,1.0,1.0,0.0,0.0,1.0,0.0,0.0,124,20,0.16,0.57,0.01,0.0,0.03,0.2,0.53,0.05,0,86377.0
0,1,21,5,0,0,0,0,0,0,0,0,0,0,0,0,0,0,0,0,0,0,231,2,1.0,1.0,0.0,0.0,0.01,0.06,0.0,255,1,0.0,0.07,0.0,0.0,1.0,1.0,0.0,0.0,1,110773.0
0,1,3,5,0,0,0,0,0,0,0,0,0,0,0,0,0,0,0,0,0,0,242,14,1.0,1.0,0.0,0.0,0.06,0.06,0.0,255,15,0.06,0.07,0.0,0.0,1.0,1.0,0.0,0.0,1,97425.0
0,1,22,9,230,6085,0,0,0,0,0,1,0,0,0,0,0,0,0,0,0,0,7,12,0.14,0.08,0.0,0.08,1.0,0.0,0.17,55,255,1.0,0.0,0.02,0.01,0.02,0.0,0.0,0.0,0,67667.0
0,1,44,5,0,0,0,0,0,0,0,0,0,0,0,0,0,0,0,0,0,0,100,9,1.0,1.0,0.0,0.0,0.09,0.06,0.0,255,13,0.05,0.06,0.0,0.0,1.0,1.0,0.0,0.0,1,39832.0
0,1,22,9,217,19127,0,0,0,0,0,1,0,0,0,0,0,0,0,0,0,0,1,1,0.0,0.0,0.0,0.0,1.0,0.0,0.0,11,255,1.0,0.0,0.09,0.07,0.0,0.01,0.0,0.0,0,72873.0
0,1,17,5,0,0,0,0,0,0,0,0,0,0,0,0,0,0,0,0,0,0,9,3,1.0,1.0,0.0,0.0,0.33,0.33,0.0,255,54,0.21,0.02,0.0,0.0,1.0,1.0,0.0,0.0,1,74642.0
0,1,53,5,0,0,0,0,0,0,0,0,0,0,0,0,0,0,0,0,0,0,263,7,1.0,1.0,0.0,0.0,0.03,0.06,0.0,255,14,0.05,0.07,0.0,0.0,1.0,1.0,0.0,0.0,1,34129.0
0,1,22,9,196,1344,0,0,0,0,0,1,0,0,0,0,0,0,0,0,0,0,1,1,0.0,0.0,0.0,0.0,1.0,0.0,0.0,1,255,1.0,0.0,1.0,0.04,0.0,0.0,0.0,0.0,0,13050.0
0,1,44,1,0,0,0,0,0,0,0,0,0,0,0,0,0,0,0,0,0,0,241,3,0.0,0.0,1.0,1.0,0.01,0.07,0.0,255,3,0.01,0.08,0.0,0.0,0.0,0.0,1.0,1.0,1,7599.0
0,2,11,9,44,44,0,0,0,0,0,0,0,0,0,0,0,0,0,0,0,0,213,213,0.0,0.0,0.0,0.0,1.0,0.0,0.0,255,255,1.0,0.0,0.0,0.0,0.0,0.0,0.0,0.0,0,9692.0
2410,2,40,9,145,105,0,0,0,0,0,0,0,0,0,0,0,0,0,0,0,0,4,2,0.0,0.0,0.0,0.0,0.5,0.5,0.0,219,2,0.01,0.55,0.91,0.0,0.0,0.0,0.0,0.0,0,67960.0
0,1,22,9,211,1857,0,0,0,0,0,1,0,0,0,0,0,0,0,0,0,0,29,29,0.0,0.0,0.0,0.0,1.0,0.0,0.0,68,255,1.0,0.0,0.01,0.01,0.0,0.0,0.0,0.0,0,55316.0
0,1,36,5,0,0,0,0,0,0,0,0,0,0,0,0,0,0,0,0,0,0,47,6,1.0,1.0,0.0,0.0,0.13,0.13,0.0,255,6,0.02,0.09,0.0,0.0,1.0,1.0,0.0,0.0,1,10293.0
0,1,44,5,0,0,0,0,0,0,0,0,0,0,0,0,0,0,0,0,0,0,219,8,1.0,1.0,0.0,0.0,0.04,0.06,0.0,255,5,0.02,0.08,0.0,0.0,1.0,1.0,0.0,0.0,1,7748.0
10485,2,40,9,147,105,0,0,0,0,0,0,0,0,0,0,0,0,0,0,0,0,1,1,0.0,0.0,0.0,0.0,1.0,0.0,0.0,212,2,0.01,0.48,0.85,0.0,0.0,0.0,0.0,0.0,0,80986.0
0,1,17,5,0,0,0,0,0,0,0,0,0,0,0,0,0,0,0,0,0,0,268,16,1.0,1.0,0.0,0.0,0.06,0.07,0.0,255,16,0.06,0.06,0.0,0.0,1.0,1.0,0.0,0.0,1,26484.0
0,1,22,9,209,8514,0,0,0,0,0,1,0,0,0,0,0,0,0,0,0,0,14,14,0.0,0.0,0.0,0.0,1.0,0.0,0.0,26,255,1.0,0.0,0.04,0.01,0.0,0.0,0.0,0.0,0,47145.0
0,1,49,9,3025,331,0,0,0,0,0,1,0,0,0,0,0,0,0,0,0,0,1,1,0.0,0.0,0.0,0.0,1.0,0.0,0.0,4,226,1.0,0.0,0.25,0.01,0.0,0.0,0.0,0.0,0,5628.0
1,1,49,9,1230,328,0,0,0,0,0,1,0,0,0,0,0,0,0,0,0,0,1,2,0.0,0.0,0.0,0.0,1.0,0.0,1.0,22,19,0.86,0.14,0.05,0.0,0.0,0.0,0.0,0.0,0,1429.0
0,1,22,9,246,1344,0,0,0,0,0,1,0,0,0,0,0,0,0,0,0,0,7,11,0.0,0.0,0.0,0.0,1.0,0.0,0.27,255,255,1.0,0.0,0.0,0.0,0.0,0.0,0.0,0.0,0,3258.0
0,2,11,9,46,72,0,0,0,0,0,0,0,0,0,0,0,0,0,0,0,0,66,147,0.0,0.0,0.0,0.0,1.0,0.0,0.01,255,244,0.96,0.01,0.0,0.0,0.0,0.0,0.0,0.0,0,46869.0
2,1,49,9,125,242,0,0,0,0,0,1,0,0,0,0,0,0,0,0,0,0,1,1,0.0,0.0,0.0,0.0,1.0,0.0,0.0,104,59,0.1,0.68,0.01,0.03,0.0,0.0,0.63,0.0,0,64775.0
0,1,9,5,0,0,0,0,0,0,0,0,0,0,0,0,0,0,0,0,0,0,199,11,1.0,1.0,0.0,0.0,0.06,0.07,0.0,255,11,0.04,0.06,0.0,0.0,1.0,1.0,0.0,0.0,1,114453.0
0,1,22,9,212,7203,0,0,0,0,0,1,0,0,0,0,0,0,0,0,0,0,15,15,0.0,0.0,0.0,0.0,1.0,0.0,0.0,176,255,1.0,0.0,0.01,0.01,0.01,0.0,0.0,0.0,0,85334.0
4,1,49,9,11961,1391,0,0,0,0,0,1,0,0,0,0,0,0,0,0,0,0,1,2,0.0,0.0,0.0,0.0,1.0,0.0,1.0,205,128,0.62,0.01,0.0,0.0,0.0,0.0,0.0,0.0,0,67500.0
0,1,44,1,0,0,0,0,0,0,0,0,0,0,0,0,0,0,0,0,0,0,201,1,0.09,0.0,0.9,1.0,0.0,1.0,0.0,255,1,0.0,0.9,0.0,0.0,0.07,0.0,0.72,1.0,1,19335.0
0,1,22,9,266,486,0,0,0,0,0,1,0,0,0,0,0,0,0,0,0,0,2,2,0.0,0.0,0.0,0.0,1.0,0.0,0.0,255,255,1.0,0.0,0.0,0.0,0.0,0.0,0.0,0.0,0,15660.0
0,1,44,5,0,0,0,0,0,0,0,0,0,0,0,0,0,0,0,0,0,0,138,20,1.0,1.0,0.0,0.0,0.14,0.07,0.0,255,20,0.08,0.06,0.0,0.0,1.0,1.0,0.0,0.0,1,91747.0
0,1,22,9,54540,8314,0,0,0,2,0,1,1,0,0,0,0,0,0,0,0,0,4,4,0.0,0.0,0.0,0.0,1.0,0.0,0.0,236,236,1.0,0.0,0.0,0.0,0.0,0.0,0.06,0.06,1,80981.0
0,1,44,5,0,0,0,0,0,0,0,0,0,0,0,0,0,0,0,0,0,0,80,2,1.0,1.0,0.0,0.0,0.03,0.09,0.0,255,2,0.01,0.07,0.0,0.0,1.0,1.0,0.0,0.0,1,26637.0
0,2,44,9,215,0,0,0,0,0,0,0,0,0,0,0,0,0,0,0,0,0,1,1,0.0,0.0,0.0,0.0,1.0,0.0,0.0,165,141,0.85,0.01,0.85,0.0,0.0,0.0,0.0,0.0,1,14569.0
0,1,22,9,326,10931,0,0,0,0,0,1,0,0,0,0,0,0,0,0,0,0,8,8,0.0,0.0,0.0,0.0,1.0,0.0,0.0,86,255,1.0,0.0,0.01,0.02,0.0,0.0,0.0,0.0,0,102384.0
0,1,22,9,199,461,0,0,0,0,0,1,0,0,0,0,0,0,0,0,0,0,2,2,0.0,0.0,0.0,0.0,1.0,0.0,0.0,255,255,1.0,0.0,0.0,0.0,0.0,0.0,0.0,0.0,0,17861.0
0,1,19,5,0,0,0,0,0,0,0,0,0,0,0,0,0,0,0,0,0,0,74,17,0.99,1.0,0.01,0.0,0.23,0.07,0.0,255,37,0.15,0.05,0.01,0.0,1.0,1.0,0.0,0.0,1,123754.0
1,1,49,9,1807,454,0,0,0,0,0,1,0,0,0,0,0,0,0,0,0,0,1,3,0.0,0.0,0.0,0.0,1.0,0.0,1.0,145,148,0.66,0.02,0.01,0.01,0.0,0.0,0.0,0.0,0,24163.0
0,1,4,5,0,0,0,0,0,0,0,0,0,0,0,0,0,0,0,0,0,0,259,11,1.0,1.0,0.0,0.0,0.04,0.05,0.0,255,11,0.04,0.05,0.0,0.0,1.0,1.0,0.0,0.0,1,64326.0
39,1,18,9,334,1063,0,0,0,6,0,1,0,0,0,0,0,0,0,0,0,1,1,1,0.0,0.0,0.0,0.0,1.0,0.0,0.0,234,34,0.15,0.02,0.0,0.0,0.0,0.0,0.0,0.0,0,17176.0
0,1,9,5,0,0,0,0,0,0,0,0,0,0,0,0,0,0,0,0,0,0,234,4,1.0,1.0,0.0,0.0,0.02,0.07,0.0,255,6,0.02,0.08,0.0,0.0,1.0,1.0,0.0,0.0,1,111971.0
0,1,22,9,220,796,0,0,0,0,0,1,0,0,0,0,0,0,0,0,0,0,6,6,0.0,0.0,0.0,0.0,1.0,0.0,0.0,6,255,1.0,0.0,0.17,0.01,0.0,0.0,0.0,0.0,0,92399.0
41065,1,22,4,1,0,0,0,0,0,0,0,0,0,0,0,0,0,0,0,0,0,2,3,0.0,0.0,1.0,1.0,1.0,0.0,0.67,255,2,0.01,0.32,0.62,0.0,0.0,0.0,0.62,1.0,1,39378.0
0,1,22,9,316,293,0,0,0,0,0,1,0,0,0,0,0,0,0,0,0,0,11,14,0.0,0.0,0.0,0.0,1.0,0.0,0.14,255,255,1.0,0.0,0.0,0.0,0.0,0.0,0.01,0.01,0,29661.0
1,1,49,9,754,337,0,0,0,0,0,1,0,0,0,0,0,0,0,0,0,0,1,2,0.0,0.0,0.0,0.0,1.0,0.0,1.0,12,109,1.0,0.0,0.08,0.02,0.0,0.0,0.0,0.0,0,94868.0
0,1,49,9,906,335,0,0,0,0,0,1,0,0,0,0,0,0,0,0,0,0,1,1,0.0,0.0,0.0,0.0,1.0,0.0,0.0,19,57,0.95,0.11,0.05,0.04,0.0,0.0,0.0,0.0,0,48780.0
1,1,49,9,16661,390,0,0,0,0,0,1,0,0,0,0,0,0,0,0,0,0,1,3,0.0,0.0,0.0,0.0,1.0,0.0,1.0,20,210,0.85,0.15,0.1,0.01,0.0,0.0,0.0,0.0,0,109995.0
0,2,44,9,1,0,0,0,0,0,0,0,0,0,0,0,0,0,0,0,0,0,135,115,0.0,0.0,0.0,0.0,0.85,0.03,0.0,255,157,0.62,0.05,1.0,0.0,0.0,0.0,0.0,0.0,1,85088.0
0,1,22,9,190,5847,0,0,0,0,0,1,0,0,0,0,0,0,0,0,0,0,5,6,0.0,0.0,0.0,0.0,1.0,0.0,0.33,189,255,1.0,0.0,0.01,0.04,0.0,0.0,0.0,0.0,0,27290.0
0,1,22,9,210,495,0,0,0,0,0,1,0,0,0,0,0,0,0,0,0,0,3,3,0.0,0.0,0.0,0.0,1.0,0.0,0.0,255,255,1.0,0.0,0.0,0.0,0.0,0.0,0.0,0.0,0,75240.0
0,1,18,5,0,0,0,0,0,0,0,0,0,0,0,0,0,0,0,0,0,0,285,20,1.0,1.0,0.0,0.0,0.07,0.06,0.0,255,20,0.08,0.06,0.0,0.0,1.0,1.0,0.0,0.0,1,55610.0
0,1,23,5,0,0,0,0,0,0,0,0,0,0,0,0,0,0,0,0,0,0,113,19,1.0,1.0,0.0,0.0,0.17,0.05,0.0,255,19,0.07,0.07,0.0,0.0,1.0,1.0,0.0,0.0,1,63521.0
0,1,22,9,323,1215,0,0,0,0,0,1,0,0,0,0,0,0,0,0,0,0,17,17,0.0,0.0,0.0,0.0,1.0,0.0,0.0,255,255,1.0,0.0,0.0,0.0,0.0,0.0,0.0,0.0,0,62591.0
0,1,44,1,0,0,0,0,0,0,0,0,0,0,0,0,0,0,0,0,0,0,375,1,0.06,0.0,0.92,1.0,0.0,1.0,0.0,255,1,0.0,1.0,0.0,0.0,0.09,0.0,0.91,1.0,1,57125.0
0,2,11,9,46,46,0,0,0,0,0,0,0,0,0,0,0,0,0,0,0,0,150,150,0.0,0.0,0.0,0.0,1.0,0.0,0.0,255,224,0.88,0.01,0.0,0.0,0.0,0.0,0.0,0.0,0,62259.0
0,1,22,9,244,2202,0,0,0,0,0,1,0,0,0,0,0,0,0,0,0,0,2,2,0.0,0.0,0.0,0.0,1.0,0.0,0.0,2,255,1.0,0.0,0.5,0.04,0.0,0.0,0.0,0.0,0,7230.0
0,1,22,9,238,7391,0,0,0,0,0,1,0,0,0,0,0,0,0,0,0,0,12,13,0.0,0.0,0.0,0.0,1.0,0.0,0.15,25,255,1.0,0.0,0.04,0.03,0.0,0.0,0.0,0.0,0,29799.0
0,1,22,9,394,5643,0,0,0,0,0,1,0,0,0,0,0,0,0,0,0,0,3,3,0.0,0.0,0.0,0.0,1.0,0.0,0.0,98,255,1.0,0.0,0.01,0.05,0.0,0.0,0.0,0.0,0,14748.0
0,1,49,9,973,327,0,0,0,0,0,1,0,0,0,0,0,0,0,0,0,0,1,1,0.0,0.0,0.0,0.0,1.0,0.0,0.0,255,104,0.41,0.03,0.0,0.0,0.0,0.0,0.0,0.0,0,73254.0
0,1,40,9,3468,0,0,0,0,0,0,1,0,0,0,0,0,0,0,0,0,0,24,1,0.04,0.0,0.0,0.0,0.04,0.42,0.0,206,1,0.0,0.12,0.41,0.0,0.02,0.0,0.0,0.0,0,22424.0
0,1,22,9,234,1705,0,0,0,0,0,1,0,0,0,0,0,0,0,0,0,0,3,3,0.0,0.0,0.0,0.0,1.0,0.0,0.0,124,255,1.0,0.0,0.01,0.01,0.0,0.0,0.0,0.0,0,118233.0
0,2,11,9,44,112,0,0,0,0,0,0,0,0,0,0,0,0,0,0,0,0,65,65,0.0,0.0,0.0,0.0,1.0,0.0,0.0,255,162,0.64,0.01,0.0,0.0,0.0,0.0,0.0,0.0,0,46624.0
11,1,49,9,1196,493,0,0,0,0,0,1,0,0,0,0,0,0,0,0,0,0,1,2,0.0,0.0,0.0,0.0,1.0,0.0,1.0,10,182,1.0,0.0,0.1,0.01,0.0,0.0,0.0,0.0,0,33174.0
0,1,22,9,352,3327,0,0,0,0,0,1,0,0,0,0,0,0,0,0,0,0,19,19,0.0,0.0,0.0,0.0,1.0,0.0,0.0,255,255,1.0,0.0,0.0,0.0,0.0,0.0,0.0,0.0,0,67658.0
0,1,27,5,0,0,0,0,0,0,0,0,0,0,0,0,0,0,0,0,0,0,112,10,1.0,1.0,0.0,0.0,0.09,0.06,0.0,255,10,0.04,0.07,0.0,0.0,1.0,1.0,0.0,0.0,1,75017.0
0,1,22,9,234,5292,0,0,0,0,0,1,0,0,0,0,0,0,0,0,0,0,7,7,0.0,0.0,0.0,0.0,1.0,0.0,0.0,24,255,1.0,0.0,0.04,0.05,0.0,0.0,0.0,0.0,0,30704.0
0,1,22,9,248,343,0,0,0,0,0,1,0,0,0,0,0,0,0,0,0,0,19,21,0.0,0.0,0.0,0.0,1.0,0.0,0.1,19,255,1.0,0.0,0.05,0.03,0.0,0.0,0.0,0.0,0,85386.0
0,1,22,9,292,1370,0,0,0,0,0,1,0,0,0,0,0,0,0,0,0,0,8,8,0.0,0.0,0.0,0.0,1.0,0.0,0.0,20,255,1.0,0.0,0.05,0.05,0.0,0.0,0.0,0.0,0,25911.0
3,1,49,9,697,329,0,0,0,0,0,1,0,0,0,0,0,0,0,0,0,0,1,1,0.0,0.0,0.0,0.0,1.0,0.0,0.0,197,127,0.64,0.06,0.01,0.0,0.01,0.01,0.0,0.0,0,99135.0
0,1,19,9,172,0,0,0,0,0,0,1,0,0,0,0,0,0,0,0,0,0,1,1,0.0,0.0,0.0,0.0,1.0,0.0,0.0,25,75,0.52,0.08,0.52,0.03,0.0,0.0,0.0,0.0,0,46305.0
0,1,19,9,749,0,0,0,0,0,0,1,0,0,0,0,0,0,0,0,0,0,1,1,0.0,0.0,0.0,0.0,1.0,0.0,0.0,255,83,0.33,0.02,0.33,0.0,0.0,0.0,0.0,0.0,0,114045.0
0,1,22,1,0,0,0,0,0,0,0,0,0,0,0,0,0,0,0,0,0,0,1,1,0.0,0.0,1.0,1.0,1.0,0.0,0.0,2,255,1.0,0.0,0.5,0.16,0.0,0.0,1.0,0.89,0,3363.0
0,1,23,1,0,0,0,0,0,0,0,0,0,0,0,0,0,0,0,0,0,0,85,19,0.0,0.0,1.0,1.0,0.22,0.07,0.0,255,19,0.07,0.06,0.0,0.0,0.0,0.0,1.0,1.0,1,19166.0
0,1,22,9,54540,8314,0,0,0,2,0,1,1,0,0,0,0,0,0,0,0,0,4,4,0.0,0.0,0.0,0.0,1.0,0.0,0.0,88,88,1.0,0.0,0.01,0.0,0.0,0.0,0.16,0.16,1,75481.0
0,1,22,9,289,1745,0,0,0,0,0,1,0,0,0,0,0,0,0,0,0,0,17,54,0.0,0.0,0.0,0.0,1.0,0.0,0.09,203,255,1.0,0.0,0.0,0.01,0.0,0.0,0.0,0.0,0,24868.0
0,1,19,9,334,0,0,0,0,0,0,1,0,0,0,0,0,0,0,0,0,0,2,2,0.0,0.0,0.0,0.0,1.0,0.0,0.0,7,46,1.0,0.0,1.0,0.04,0.0,0.02,0.0,0.0,1,71381.0
0,1,22,9,329,2317,0,0,0,0,0,1,0,0,0,0,0,0,0,0,0,0,6,6,0.0,0.0,0.0,0.0,1.0,0.0,0.0,16,255,1.0,0.0,0.06,0.01,0.0,0.0,0.0,0.0,0,62217.0
0,0,13,9,8,0,0,0,0,0,0,0,0,0,0,0,0,0,0,0,0,0,1,19,0.0,0.0,0.0,0.0,1.0,0.0,1.0,4,41,1.0,0.0,1.0,0.27,0.0,0.0,0.0,0.0,1,36243.0
0,1,33,5,0,0,0,0,0,0,0,0,0,0,0,0,0,0,0,0,0,0,184,19,1.0,1.0,0.0,0.0,0.1,0.08,0.0,255,19,0.07,0.07,0.0,0.0,1.0,1.0,0.0,0.0,1,50913.0
0,1,22,9,337,658,0,0,0,0,0,1,0,0,0,0,0,0,0,0,0,0,9,9,0.0,0.0,0.0,0.0,1.0,0.0,0.0,17,255,1.0,0.0,0.06,0.02,0.0,0.0,0.0,0.01,0,31794.0
11,1,16,9,6,0,0,0,0,0,0,0,0,0,0,0,0,0,0,0,0,0,510,1,0.2,0.0,0.79,0.0,0.0,1.0,0.0,255,1,0.0,1.0,0.0,0.0,0.19,0.0,0.8,0.0,1,124599.0
0,1,22,9,334,5430,0,0,0,0,0,1,0,0,0,0,0,0,0,0,0,0,3,3,0.0,0.0,0.0,0.0,1.0,0.0,0.0,18,255,1.0,0.0,0.06,0.03,0.0,0.0,0.0,0.0,0,101771.0
0,1,19,5,0,0,0,0,0,0,0,0,0,0,0,0,0,0,0,0,0,0,38,9,1.0,1.0,0.0,0.0,0.24,0.11,0.0,255,66,0.26,0.02,0.01,0.0,1.0,1.0,0.0,0.0,1,68622.0
0,1,22,9,290,14183,0,0,0,0,0,1,0,0,0,0,0,0,0,0,0,0,4,4,0.0,0.0,0.0,0.0,1.0,0.0,0.0,240,255,1.0,0.0,0.0,0.01,0.0,0.0,0.0,0.0,0,106269.0
0,1,19,9,16115,0,0,0,0,0,0,1,0,0,0,0,0,0,0,0,0,0,12,12,0.0,0.0,0.0,0.0,1.0,0.0,0.0,80,91,0.29,0.06,0.29,0.02,0.0,0.0,0.0,0.0,0,65190.0
0,1,19,9,5558,0,0,0,0,0,0,1,0,0,0,0,0,0,0,0,0,0,16,16,0.0,0.0,0.0,0.0,1.0,0.0,0.0,174,106,0.32,0.02,0.32,0.02,0.0,0.0,0.0,0.0,0,50394.0
0,0,13,9,8,0,0,0,0,0,0,0,0,0,0,0,0,0,0,0,0,0,1,40,0.0,0.0,0.0,0.0,1.0,0.0,1.0,1,64,1.0,0.0,1.0,0.52,0.0,0.0,0.0,0.0,1,64561.0
0,1,22,9,228,2676,0,0,0,0,0,1,0,0,0,0,0,0,0,0,0,0,33,34,0.0,0.0,0.0,0.0,1.0,0.0,0.06,94,255,1.0,0.0,0.01,0.02,0.01,0.0,0.0,0.0,0,14141.0
0,1,40,9,59,0,0,0,0,0,0,1,0,0,0,0,0,0,0,0,0,0,12,1,0.08,0.0,0.0,0.0,0.08,0.42,0.0,255,1,0.0,0.08,0.38,0.0,0.02,0.0,0.0,0.0,0,38817.0
0,2,11,9,43,128,0,0,0,0,0,0,0,0,0,0,0,0,0,0,0,0,219,296,0.0,0.0,0.0,0.0,1.0,0.0,0.01,144,105,0.73,0.02,0.01,0.0,0.0,0.0,0.0,0.0,0,80510.0
0,1,22,9,312,1423,0,0,0,0,0,1,0,0,0,0,0,0,0,0,0,0,13,13,0.0,0.0,0.0,0.0,1.0,0.0,0.0,255,255,1.0,0.0,0.0,0.0,0.0,0.0,0.0,0.0,0,91197.0
0,1,44,1,0,0,0,0,0,0,0,0,0,0,0,0,0,0,0,0,0,0,281,11,0.0,0.0,1.0,1.0,0.04,0.06,0.0,255,11,0.04,0.09,0.0,0.0,0.0,0.0,1.0,1.0,1,69633.0
0,1,22,9,329,337,0,0,0,0,0,1,0,0,0,0,0,0,0,0,0,0,11,11,0.0,0.0,0.0,0.0,1.0,0.0,0.0,255,255,1.0,0.0,0.0,0.0,0.0,0.0,0.0,0.0,0,14232.0
0,1,22,9,217,2536,0,0,0,0,0,1,0,0,0,0,0,0,0,0,0,0,18,18,0.0,0.0,0.0,0.0,1.0,0.0,0.0,255,255,1.0,0.0,0.0,0.0,0.0,0.0,0.0,0.0,0,38601.0
0,1,44,5,0,0,0,0,0,0,0,0,0,0,0,0,0,0,0,0,0,0,132,11,1.0,1.0,0.0,0.0,0.08,0.06,0.0,243,9,0.04,0.08,0.0,0.0,1.0,1.0,0.0,0.0,1,76339.0
0,1,19,9,245,0,0,0,0,0,0,1,0,0,0,1,0,0,0,0,0,0,2,2,0.0,0.0,0.0,0.0,1.0,0.0,0.0,2,89,1.0,0.0,1.0,0.02,0.0,0.01,0.0,0.0,0,99336.0
0,1,22,9,240,1475,0,0,0,0,0,1,0,0,0,0,0,0,0,0,0,0,12,12,0.0,0.0,0.0,0.0,1.0,0.0,0.0,255,255,1.0,0.0,0.0,0.0,0.0,0.0,0.0,0.0,0,499.0
0,1,22,9,231,1702,0,0,0,0,0,1,0,0,0,0,0,0,0,0,0,0,10,11,0.0,0.0,0.0,0.0,1.0,0.0,0.18,25,255,1.0,0.0,0.04,0.03,0.0,0.0,0.0,0.0,0,107881.0
0,1,44,5,0,0,0,0,0,0,0,0,0,0,0,0,0,0,0,0,0,0,150,21,1.0,1.0,0.0,0.0,0.14,0.06,0.0,255,21,0.08,0.05,0.0,0.0,1.0,1.0,0.0,0.0,1,10331.0
0,2,44,9,207,0,0,0,0,0,0,0,0,0,0,0,0,0,0,0,0,0,2,2,0.0,0.0,0.0,0.0,1.0,0.0,0.0,168,144,0.86,0.01,0.86,0.0,0.0,0.0,0.0,0.0,1,55623.0
0,1,22,9,373,1408,0,0,0,0,0,1,0,0,0,0,0,0,0,0,0,0,2,4,0.0,0.0,0.0,0.0,1.0,0.0,0.75,24,255,1.0,0.0,0.04,0.05,0.0,0.01,0.0,0.0,0,104372.0
36,1,49,9,1375,330,0,0,0,0,0,1,0,0,0,0,0,0,0,0,0,0,1,1,0.0,0.0,0.0,0.0,1.0,0.0,0.0,112,183,0.7,0.03,0.01,0.01,0.0,0.01,0.0,0.0,0,36418.0
0,1,44,5,0,0,0,0,0,0,0,0,0,0,0,0,0,0,0,0,0,0,8,5,1.0,1.0,0.0,0.0,0.62,0.25,0.0,255,10,0.04,0.08,0.0,0.0,1.0,1.0,0.0,0.0,1,111659.0
0,1,52,5,0,0,0,0,0,0,0,0,0,0,0,0,0,0,0,0,0,0,286,7,1.0,1.0,0.0,0.0,0.02,0.06,0.0,255,14,0.05,0.08,0.0,0.0,1.0,1.0,0.0,0.0,1,26089.0
0,1,22,9,337,3830,0,0,0,0,0,1,0,0,0,0,0,0,0,0,0,0,4,4,0.0,0.0,0.0,0.0,1.0,0.0,0.0,40,255,1.0,0.0,0.03,0.01,0.0,0.0,0.0,0.0,0,33822.0
0,1,22,9,242,336,0,0,0,0,0,1,0,0,0,0,0,0,0,0,0,0,8,8,0.0,0.0,0.0,0.0,1.0,0.0,0.0,255,255,1.0,0.0,0.0,0.0,0.0,0.0,0.0,0.0,0,37848.0
0,1,22,9,289,12640,0,0,0,0,0,1,0,0,0,0,0,0,0,0,0,0,2,12,0.0,0.0,0.0,0.0,1.0,0.0,0.25,84,255,1.0,0.0,0.01,0.03,0.0,0.0,0.0,0.0,0,24651.0
0,1,22,1,0,0,0,0,0,0,0,0,0,0,0,0,0,0,0,0,0,0,1,1,0.0,0.0,1.0,1.0,1.0,0.0,0.0,11,203,1.0,0.0,0.09,0.17,0.0,0.0,1.0,0.97,0,42491.0
0,1,22,9,54540,8314,0,0,0,2,0,1,1,0,0,0,0,0,0,0,0,0,2,4,0.0,0.0,0.0,0.5,1.0,0.0,0.75,255,255,1.0,0.0,0.0,0.0,0.0,0.0,0.05,0.05,1,2691.0
0,1,51,5,0,0,0,0,0,0,0,0,0,0,0,0,0,0,0,0,0,0,28,11,1.0,1.0,0.0,0.0,0.39,0.14,0.0,255,11,0.04,0.08,0.0,0.0,1.0,1.0,0.0,0.0,1,69686.0
0,1,22,9,293,1405,0,0,0,0,0,1,0,0,0,0,0,0,0,0,0,0,28,29,0.0,0.0,0.0,0.0,1.0,0.0,0.07,63,255,1.0,0.0,0.02,0.04,0.0,0.0,0.0,0.0,0,44034.0
0,1,60,5,0,0,0,0,0,0,0,0,0,0,0,0,0,0,0,0,0,0,108,4,1.0,1.0,0.0,0.0,0.04,0.07,0.0,255,4,0.02,0.08,0.0,0.0,1.0,1.0,0.0,0.0,1,43852.0
0,2,11,9,45,45,0,0,0,0,0,0,0,0,0,0,0,0,0,0,0,0,147,147,0.0,0.0,0.0,0.0,1.0,0.0,0.0,255,255,1.0,0.0,0.0,0.0,0.0,0.0,0.0,0.0,0,101081.0
1721,2,40,9,147,105,0,0,0,0,0,0,0,0,0,0,0,0,0,0,0,0,1,1,0.0,0.0,0.0,0.0,1.0,0.0,0.0,255,1,0.0,0.64,0.89,0.0,0.0,0.0,0.0,0.0,0,23338.0
0,0,13,9,8,0,0,0,0,0,0,0,0,0,0,0,0,0,0,0,0,0,1,11,0.0,0.0,0.0,0.0,1.0,0.0,1.0,2,182,1.0,0.0,1.0,0.25,0.0,0.0,0.0,0.0,1,11927.0
0,1,44,5,0,0,0,0,0,0,0,0,0,0,0,0,0,0,0,0,0,0,108,19,1.0,1.0,0.0,0.0,0.18,0.07,0.0,255,17,0.07,0.07,0.0,0.0,1.0,1.0,0.0,0.0,1,6416.0
0,1,40,1,0,0,0,0,0,0,0,0,0,0,0,0,0,0,0,0,0,0,503,1,0.07,0.0,0.93,1.0,0.0,1.0,0.0,255,1,0.0,1.0,0.0,0.0,0.04,0.0,0.96,1.0,1,43697.0
0,2,44,9,215,0,0,0,0,0,0,0,0,0,0,0,0,0,0,0,0,0,1,1,0.0,0.0,0.0,0.0,1.0,0.0,0.0,55,47,0.85,0.04,0.85,0.0,0.0,0.0,0.0,0.0,1,90955.0
0,1,22,9,238,306,0,0,0,0,0,1,0,0,0,0,0,0,0,0,0,0,65,66,0.0,0.0,0.0,0.0,1.0,0.0,0.03,255,255,1.0,0.0,0.0,0.0,0.0,0.0,0.0,0.0,0,22272.0
0,1,24,5,0,0,0,0,0,0,0,0,0,0,0,0,0,0,0,0,0,0,228,20,1.0,1.0,0.0,0.0,0.09,0.06,0.0,255,19,0.07,0.07,0.0,0.0,1.0,1.0,0.0,0.0,1,14682.0
35196,1,44,4,1,0,0,0,0,0,0,0,0,0,0,0,0,0,0,0,0,0,2,2,0.0,0.0,1.0,1.0,1.0,0.0,0.0,255,2,0.01,0.58,1.0,0.0,0.0,0.0,1.0,1.0,1,62929.0
0,1,10,5,0,0,0,0,0,0,0,0,0,0,0,0,0,0,0,0,0,0,131,6,1.0,1.0,0.0,0.0,0.05,0.06,0.0,255,4,0.02,0.06,0.0,0.0,1.0,1.0,0.0,0.0,1,37944.0
0,1,22,9,244,16162,0,0,0,0,0,1,0,0,0,0,0,0,0,0,0,0,18,26,0.0,0.0,0.0,0.0,1.0,0.0,0.08,39,254,1.0,0.0,0.03,0.03,0.0,0.0,0.0,0.0,0,25387.0
0,1,22,9,228,484,0,0,0,0,0,1,0,0,0,0,0,0,0,0,0,0,12,15,0.0,0.0,0.0,0.0,1.0,0.0,0.2,255,255,1.0,0.0,0.0,0.0,0.0,0.0,0.0,0.0,0,34442.0
0,1,22,9,273,4200,0,0,0,0,0,1,0,0,0,0,0,0,0,0,0,0,1,1,0.0,0.0,0.0,0.0,1.0,0.0,0.0,15,230,1.0,0.0,0.07,0.08,0.0,0.0,0.0,0.0,0,75469.0
0,1,22,9,168,9551,0,0,0,0,0,1,0,0,0,0,0,0,0,0,0,0,1,2,0.0,0.0,0.0,0.0,1.0,0.0,1.0,230,255,1.0,0.0,0.01,0.01,0.0,0.0,0.0,0.0,0,256.0
0,1,22,9,387,349,0,0,0,0,0,1,0,0,0,0,0,0,0,0,0,0,7,7,0.0,0.0,0.0,0.0,1.0,0.0,0.0,70,231,1.0,0.0,0.01,0.2,0.0,0.0,0.09,0.72,0,88060.0
0,1,51,5,0,0,0,0,0,0,0,0,0,0,0,0,0,0,0,0,0,0,230,19,1.0,1.0,0.0,0.0,0.08,0.06,0.0,255,18,0.07,0.06,0.0,0.0,1.0,1.0,0.0,0.0,1,99069.0
0,1,25,1,0,0,0,0,0,0,0,0,0,0,0,0,0,0,0,0,0,0,234,14,0.0,0.0,1.0,1.0,0.06,0.07,0.0,255,14,0.05,0.09,0.0,0.0,0.0,0.0,1.0,1.0,1,40305.0
0,2,11,9,88,0,0,0,0,0,0,0,0,0,0,0,0,0,0,0,0,0,1,2,0.0,0.0,0.0,0.0,1.0,0.0,1.0,85,31,0.36,0.05,0.36,0.0,0.0,0.0,0.0,0.0,0,52999.0
0,1,22,9,239,13553,0,0,0,0,0,1,0,0,0,0,0,0,0,0,0,0,16,18,0.0,0.0,0.0,0.0,1.0,0.0,0.17,255,255,1.0,0.0,0.0,0.0,0.0,0.0,0.0,0.0,0,45420.0
0,1,22,9,323,2483,0,0,0,0,0,1,0,0,0,0,0,0,0,0,0,0,27,27,0.04,0.04,0.0,0.0,1.0,0.0,0.0,155,255,1.0,0.0,0.01,0.01,0.01,0.0,0.0,0.0,0,43581.0
0,1,22,9,298,5121,0,0,0,0,0,1,0,0,0,0,0,0,0,0,0,0,32,52,0.0,0.0,0.0,0.0,1.0,0.0,0.04,32,255,1.0,0.0,0.03,0.04,0.0,0.0,0.0,0.0,0,39302.0
0,2,11,9,42,68,0,0,0,0,0,0,0,0,0,0,0,0,0,0,0,0,162,162,0.0,0.0,0.0,0.0,1.0,0.0,0.0,255,203,0.8,0.01,0.0,0.0,0.0,0.0,0.0,0.0,0,34938.0
0,1,34,1,0,0,0,0,0,0,0,0,0,0,0,0,0,0,0,0,0,0,140,11,0.0,0.0,1.0,1.0,0.08,0.06,0.0,255,3,0.01,0.07,0.0,0.0,0.0,0.0,1.0,1.0,1,78698.0
0,2,11,9,46,46,0,0,0,0,0,0,0,0,0,0,0,0,0,0,0,0,5,9,0.0,0.0,0.0,0.0,1.0,0.0,0.33,167,163,0.98,0.01,0.01,0.0,0.0,0.0,0.0,0.0,0,23764.0
0,1,40,1,0,0,0,0,0,0,0,0,0,0,0,0,0,0,0,0,0,0,511,1,0.15,0.0,0.85,1.0,0.0,1.0,0.0,255,1,0.0,1.0,0.0,0.0,0.27,0.0,0.73,1.0,1,95497.0
23,1,18,9,293,903,0,0,0,5,0,1,0,0,0,0,0,0,0,0,0,1,1,1,0.0,0.0,0.0,0.0,1.0,0.0,0.0,231,37,0.16,0.01,0.0,0.0,0.0,0.0,0.0,0.0,0,94314.0
0,0,13,9,8,0,0,0,0,0,0,0,0,0,0,0,0,0,0,0,0,0,1,27,0.0,0.0,0.0,0.0,1.0,0.0,1.0,1,31,1.0,0.0,1.0,0.52,0.0,0.0,0.0,0.0,1,60531.0
0,1,22,9,147,425,0,0,0,0,0,1,0,0,0,0,0,0,0,0,0,0,1,1,0.0,0.0,0.0,0.0,1.0,0.0,0.0,246,246,1.0,0.0,0.0,0.0,0.0,0.0,0.0,0.0,0,36948.0
0,1,22,9,204,930,0,0,0,0,0,1,0,0,0,0,0,0,0,0,0,0,2,3,0.0,0.0,0.0,0.0,1.0,0.0,0.67,255,255,1.0,0.0,0.0,0.0,0.0,0.0,0.0,0.0,0,95438.0
0,1,62,5,0,0,0,0,0,0,0,0,0,0,0,0,0,0,0,0,0,0,107,7,1.0,1.0,0.0,0.0,0.07,0.07,0.0,255,7,0.03,0.08,0.0,0.0,1.0,1.0,0.0,0.0,1,5785.0
0,1,22,9,185,4926,0,0,0,0,0,1,0,0,0,0,0,0,0,0,0,0,1,1,0.0,0.0,0.0,0.0,1.0,0.0,0.0,255,251,0.98,0.01,0.0,0.0,0.0,0.0,0.0,0.0,0,57727.0
0,1,3,9,10,39,0,0,0,0,0,1,0,0,0,0,0,0,0,0,0,0,2,1,0.0,0.0,0.0,0.0,0.5,1.0,0.0,74,11,0.03,0.05,0.01,0.18,0.0,0.0,0.0,0.0,0,9808.0
0,2,44,9,28,0,0,3,0,0,0,0,0,0,0,0,0,0,0,0,0,0,67,67,0.0,0.0,0.0,0.0,1.0,0.0,0.0,255,67,0.26,0.04,0.26,0.0,0.02,0.0,0.0,0.0,1,111326.0
0,2,44,9,28,0,0,3,0,0,0,0,0,0,0,0,0,0,0,0,0,0,28,28,0.0,0.0,0.0,0.0,1.0,0.0,0.0,231,28,0.12,0.05,0.12,0.0,0.02,0.0,0.0,0.0,1,23521.0
5,1,22,9,180,1977,0,0,0,1,0,1,0,0,0,0,0,0,0,0,0,0,1,1,0.0,0.0,0.0,0.0,1.0,0.0,0.0,255,244,0.96,0.02,0.0,0.0,0.0,0.0,0.0,0.0,0,23757.0
0,1,22,9,345,3413,0,0,0,0,0,1,0,0,0,0,0,0,0,0,0,0,2,11,0.0,0.0,0.0,0.0,1.0,0.0,0.18,72,255,1.0,0.0,0.01,0.02,0.01,0.0,0.0,0.0,0,125540.0
0,0,13,9,8,0,0,0,0,0,0,0,0,0,0,0,0,0,0,0,0,0,1,9,0.0,0.0,0.0,0.0,1.0,0.0,1.0,2,18,1.0,0.0,1.0,0.28,0.0,0.0,0.0,0.0,1,70612.0
0,1,44,5,0,0,0,0,0,0,0,0,0,0,0,0,0,0,0,0,0,0,15,7,1.0,1.0,0.0,0.0,0.47,0.2,0.0,255,16,0.06,0.07,0.0,0.0,1.0,1.0,0.0,0.0,1,26423.0
0,2,11,9,44,127,0,0,0,0,0,0,0,0,0,0,0,0,0,0,0,0,179,179,0.0,0.0,0.0,0.0,1.0,0.0,0.0,104,65,0.62,0.03,0.01,0.0,0.0,0.0,0.0,0.0,0,86124.0
0,1,22,9,234,1931,0,0,0,0,0,1,0,0,0,0,0,0,0,0,0,0,8,8,0.0,0.0,0.0,0.0,1.0,0.0,0.0,255,255,1.0,0.0,0.0,0.0,0.0,0.0,0.0,0.0,0,27894.0
0,1,19,9,1342,0,0,0,0,0,0,0,0,0,0,0,0,0,0,0,0,0,7,9,0.0,0.0,0.0,0.0,1.0,0.0,0.22,187,82,0.34,0.03,0.34,0.02,0.01,0.0,0.0,0.0,0,98941.0
0,2,40,9,146,0,0,0,0,0,0,0,0,0,0,0,0,0,0,0,0,0,2,1,0.0,0.0,0.0,0.0,0.5,1.0,0.0,255,1,0.0,0.82,0.98,0.0,0.0,0.0,0.0,0.0,0,20360.0
0,2,44,9,1,0,0,0,0,0,0,0,0,0,0,0,0,0,0,0,0,0,12,2,0.0,0.0,0.0,0.0,0.17,0.67,0.0,255,2,0.01,0.26,1.0,0.0,0.0,0.0,0.0,0.0,1,2230.0
0,1,44,5,0,0,0,0,0,0,0,0,0,0,0,0,0,0,0,0,0,0,292,16,1.0,1.0,0.0,0.0,0.05,0.05,0.0,255,9,0.04,0.07,0.0,0.0,1.0,1.0,0.0,0.0,1,5210.0
0,1,22,1,0,0,0,0,0,0,0,0,0,0,0,0,0,0,0,0,0,0,1,1,0.0,0.0,1.0,1.0,1.0,0.0,0.0,9,251,1.0,0.0,0.11,0.17,0.0,0.0,1.0,1.0,0,11163.0
0,1,22,1,0,0,0,0,0,0,0,0,0,0,0,0,0,0,0,0,0,0,1,1,0.0,0.0,1.0,1.0,1.0,0.0,0.0,22,255,1.0,0.0,0.05,0.02,0.0,0.0,0.09,0.01,0,63555.0
0,1,22,9,206,34661,0,0,0,0,0,1,0,0,0,0,0,0,0,0,0,0,18,27,0.0,0.07,0.06,0.04,1.0,0.0,0.11,18,255,1.0,0.0,0.06,0.05,0.0,0.01,0.06,0.0,0,68616.0
0,1,25,10,0,0,0,0,0,0,0,0,0,0,0,0,0,0,0,0,0,0,1,1,1.0,1.0,0.0,0.0,1.0,0.0,0.0,255,1,0.0,1.0,1.0,0.0,1.0,1.0,0.0,0.0,1,30421.0
0,1,18,5,0,0,0,0,0,0,0,0,0,0,0,0,0,0,0,0,0,0,244,3,1.0,1.0,0.0,0.0,0.01,0.06,0.0,255,4,0.02,0.06,0.0,0.0,1.0,1.0,0.0,0.0,1,91757.0
0,1,4,5,0,0,0,0,0,0,0,0,0,0,0,0,0,0,0,0,0,0,100,20,1.0,1.0,0.0,0.0,0.2,0.06,0.0,255,8,0.03,0.06,0.0,0.0,1.0,1.0,0.0,0.0,1,56414.0
0,1,15,5,0,0,0,0,0,0,0,0,0,0,0,0,0,0,0,0,0,0,134,17,1.0,1.0,0.0,0.0,0.13,0.05,0.0,255,17,0.07,0.06,0.0,0.0,1.0,1.0,0.0,0.0,1,17227.0
0,1,57,5,0,0,0,0,0,0,0,0,0,0,0,0,0,0,0,0,0,0,199,18,1.0,1.0,0.0,0.0,0.09,0.05,0.0,255,18,0.07,0.05,0.0,0.0,1.0,1.0,0.0,0.0,1,30187.0
0,1,22,9,220,2159,0,0,0,0,0,1,0,0,0,0,0,0,0,0,0,0,37,38,0.0,0.0,0.0,0.0,1.0,0.0,0.05,122,255,1.0,0.0,0.01,0.02,0.0,0.0,0.0,0.0,0,11631.0
0,1,31,5,0,0,0,0,0,0,0,0,0,0,0,0,0,0,0,0,0,0,208,20,1.0,1.0,0.0,0.0,0.1,0.07,0.0,255,19,0.07,0.07,0.0,0.0,1.0,1.0,0.0,0.0,1,87036.0
0,1,44,5,0,0,0,0,0,0,0,0,0,0,0,0,0,0,0,0,0,0,108,17,1.0,1.0,0.0,0.0,0.16,0.06,0.0,185,17,0.09,0.1,0.01,0.0,1.0,1.0,0.0,0.0,1,25071.0
0,1,10,5,0,0,0,0,0,0,0,0,0,0,0,0,0,0,0,0,0,0,271,13,1.0,1.0,0.0,0.0,0.05,0.06,0.0,255,4,0.02,0.08,0.0,0.0,1.0,1.0,0.0,0.0,1,31588.0
0,2,44,9,28,0,0,3,0,0,0,0,0,0,0,0,0,0,0,0,0,0,53,53,0.0,0.0,0.0,0.0,1.0,0.0,0.0,255,53,0.21,0.02,0.21,0.0,0.0,0.0,0.0,0.0,1,85320.0
0,1,33,1,0,0,0,0,0,0,0,0,0,0,0,0,0,0,0,0,0,0,286,20,0.0,0.0,1.0,1.0,0.07,0.06,0.0,255,20,0.08,0.07,0.0,0.0,0.0,0.0,1.0,1.0,1,76584.0
0,1,40,1,0,0,0,0,0,0,0,0,0,0,0,0,0,0,0,0,0,0,510,1,0.22,0.0,0.78,1.0,0.0,1.0,0.0,255,1,0.0,1.0,0.0,0.0,0.22,0.0,0.78,1.0,1,91297.0
0,1,23,1,0,0,0,0,0,0,0,0,0,0,0,0,0,0,0,0,0,0,105,14,0.0,0.0,1.0,1.0,0.13,0.08,0.0,255,14,0.05,0.07,0.0,0.0,0.0,0.0,1.0,1.0,1,34866.0
0,1,22,9,257,1791,0,0,0,0,0,1,0,0,0,0,0,0,0,0,0,0,18,19,0.0,0.0,0.0,0.0,1.0,0.0,0.11,255,255,1.0,0.0,0.01,0.0,0.0,0.0,0.0,0.0,0,108551.0
1,1,17,9,8,138,0,0,0,0,0,0,0,0,0,0,0,0,0,0,0,0,1,1,0.0,0.0,0.0,0.0,1.0,0.0,0.0,73,4,0.05,0.04,0.01,0.0,0.0,0.0,0.0,0.0,0,60008.0
0,1,22,9,54540,8314,0,0,0,2,0,1,1,0,0,0,0,0,0,0,0,0,2,3,0.0,0.0,0.0,0.33,1.0,0.0,0.67,255,255,1.0,0.0,0.0,0.0,0.0,0.0,0.03,0.03,1,82327.0
0,1,22,9,339,381,0,0,0,0,0,1,0,0,0,0,0,0,0,0,0,0,1,49,0.0,0.0,0.0,0.0,1.0,0.0,0.1,21,255,1.0,0.0,0.05,0.04,0.0,0.0,0.0,0.0,0,84303.0
0,1,61,5,0,0,0,0,0,0,0,0,0,0,0,0,0,0,0,0,0,0,272,15,1.0,1.0,0.0,0.0,0.06,0.06,0.0,255,6,0.02,0.07,0.0,0.0,1.0,1.0,0.0,0.0,1,94783.0
0,1,22,9,192,499,0,0,0,0,0,1,0,0,0,0,0,0,0,0,0,0,69,71,0.0,0.0,0.0,0.0,1.0,0.0,0.03,255,255,1.0,0.0,0.0,0.0,0.0,0.0,0.0,0.0,0,51948.0
0,1,22,9,243,261,0,0,0,0,0,1,0,0,0,0,0,0,0,0,0,0,2,3,0.5,0.33,0.0,0.0,1.0,0.0,0.67,255,255,1.0,0.0,0.01,0.0,0.0,0.0,0.0,0.0,0,2458.0
0,1,19,9,374,0,0,0,0,0,0,1,0,0,0,0,0,0,0,0,0,0,8,8,0.0,0.0,0.0,0.0,1.0,0.0,0.0,163,52,0.32,0.44,0.31,0.0,0.0,0.0,0.41,0.02,0,76289.0
0,1,44,5,0,0,0,0,0,0,0,0,0,0,0,0,0,0,0,0,0,0,293,24,1.0,1.0,0.0,0.0,0.08,0.05,0.0,255,24,0.09,0.06,0.0,0.0,1.0,1.0,0.0,0.0,1,8900.0
0,1,22,9,316,1373,0,0,0,0,0,1,0,0,0,0,0,0,0,0,0,0,3,3,0.0,0.0,0.0,0.0,1.0,0.0,0.0,33,255,1.0,0.0,0.03,0.05,0.0,0.0,0.0,0.0,0,72447.0
0,1,22,9,229,849,0,0,0,0,0,1,0,0,0,0,0,0,0,0,0,0,41,62,0.0,0.0,0.0,0.0,1.0,0.0,0.03,255,255,1.0,0.0,0.0,0.0,0.0,0.0,0.02,0.02,0,85610.0
0,1,22,9,310,1585,0,0,0,0,0,1,0,0,0,0,0,0,0,0,0,0,5,13,0.0,0.0,0.0,0.0,1.0,0.0,0.23,136,255,1.0,0.0,0.01,0.02,0.0,0.0,0.0,0.0,0,57994.0
0,2,11,9,46,76,0,0,0,0,0,0,0,0,0,0,0,0,0,0,0,0,147,147,0.0,0.0,0.0,0.0,0.99,0.01,0.01,255,255,1.0,0.0,0.0,0.0,0.0,0.0,0.0,0.0,0,56760.0
0,1,22,9,173,438,0,0,0,0,0,1,0,0,0,0,0,0,0,0,0,0,1,1,0.0,0.0,0.0,0.0,1.0,0.0,0.0,120,255,1.0,0.0,0.01,0.01,0.0,0.0,0.02,0.01,0,1797.0
0,1,44,5,0,0,0,0,0,0,0,0,0,0,0,0,0,0,0,0,0,0,219,7,1.0,1.0,0.0,0.0,0.03,0.06,0.0,255,9,0.04,0.07,0.0,0.0,1.0,1.0,0.0,0.0,1,28980.0
2,1,49,9,9418,331,0,0,0,0,0,1,0,0,0,0,0,0,0,0,0,0,1,1,0.0,0.0,0.0,0.0,1.0,0.0,0.0,4,135,1.0,0.0,0.25,0.02,0.0,0.0,0.0,0.0,0,99637.0
0,1,44,4,0,0,0,0,0,0,0,0,0,0,0,0,0,0,0,0,0,0,1,1,0.0,0.0,1.0,1.0,1.0,0.0,0.0,241,1,0.0,0.26,0.5,0.0,0.0,0.0,0.5,1.0,1,65697.0
38890,1,44,4,1,0,0,0,0,0,0,0,0,0,0,0,0,0,0,0,0,0,2,2,0.0,0.0,1.0,1.0,1.0,0.0,0.0,255,2,0.01,0.51,1.0,0.0,0.0,0.0,1.0,1.0,1,42232.0
0,1,22,9,238,336,0,0,0,0,0,1,0,0,0,0,0,0,0,0,0,0,6,7,0.0,0.0,0.0,0.0,1.0,0.0,0.29,255,255,1.0,0.0,0.0,0.0,0.0,0.0,0.03,0.03,0,109499.0
27,1,18,9,1494,4152,0,0,0,30,0,1,0,0,0,0,0,0,0,0,0,1,1,1,0.0,0.0,0.0,0.0,1.0,0.0,0.0,78,28,0.36,0.04,0.01,0.0,0.0,0.0,0.0,0.0,0,28363.0
0,1,59,5,0,0,0,0,0,0,0,0,0,0,0,0,0,0,0,0,0,0,108,1,1.0,1.0,0.0,0.0,0.01,0.07,0.0,255,1,0.0,0.07,0.0,0.0,1.0,1.0,0.0,0.0,1,89868.0
0,1,22,9,338,392,0,0,0,0,0,1,0,0,0,0,0,0,0,0,0,0,15,15,0.0,0.0,0.0,0.0,1.0,0.0,0.0,255,255,1.0,0.0,0.0,0.0,0.01,0.01,0.0,0.0,0,1652.0
0,1,22,9,319,838,0,0,0,0,0,1,0,0,0,0,0,0,0,0,0,0,3,3,0.0,0.0,0.0,0.0,1.0,0.0,0.0,7,255,1.0,0.0,0.14,0.03,0.0,0.01,0.0,0.0,0,30761.0
0,1,23,5,0,0,0,0,0,0,0,0,0,0,0,0,0,0,0,0,0,0,150,23,1.0,1.0,0.0,0.0,0.15,0.05,0.0,255,23,0.09,0.05,0.0,0.0,1.0,1.0,0.0,0.0,1,107736.0
0,2,11,9,46,134,0,0,0,0,0,0,0,0,0,0,0,0,0,0,0,0,224,223,0.0,0.0,0.0,0.0,1.0,0.01,0.0,113,80,0.71,0.02,0.01,0.0,0.0,0.0,0.0,0.0,0,84194.0
0,1,44,1,0,0,0,0,0,0,0,0,0,0,0,0,0,0,0,0,0,0,1,1,0.0,0.0,1.0,1.0,1.0,0.0,0.0,9,1,0.11,1.0,0.11,0.0,0.0,0.0,0.78,1.0,1,125068.0
0,1,31,5,0,0,0,0,0,0,0,0,0,0,0,0,0,0,0,0,0,0,262,21,1.0,1.0,0.0,0.0,0.08,0.05,0.0,255,21,0.08,0.05,0.0,0.0,1.0,1.0,0.0,0.0,1,58777.0
0,1,44,1,0,0,0,0,0,0,0,0,0,0,0,0,0,0,0,0,0,0,119,8,0.0,0.0,1.0,1.0,0.07,0.08,0.0,255,8,0.03,0.06,0.0,0.0,0.0,0.0,1.0,1.0,1,1595.0
0,1,22,9,229,855,0,0,0,0,0,1,0,0,0,0,0,0,0,0,0,0,15,17,0.0,0.0,0.0,0.0,1.0,0.0,0.12,255,255,1.0,0.0,0.0,0.0,0.0,0.0,0.0,0.0,0,49624.0
0,2,44,9,1,0,0,0,0,0,0,0,0,0,0,0,0,0,0,0,0,0,127,107,0.0,0.0,0.0,0.0,0.84,0.03,0.0,255,155,0.61,0.05,1.0,0.0,0.0,0.0,0.0,0.0,1,120454.0
1,1,49,9,1115,332,0,0,0,0,0,1,0,0,0,0,0,0,0,0,0,0,1,3,0.0,0.0,0.0,0.0,1.0,0.0,1.0,11,182,0.91,0.18,0.09,0.01,0.0,0.0,0.0,0.0,0,98404.0
0,1,22,9,226,9703,0,0,0,0,0,1,0,0,0,0,0,0,0,0,0,0,11,31,0.0,0.0,0.0,0.0,1.0,0.0,0.06,255,255,1.0,0.0,0.0,0.0,0.0,0.0,0.0,0.0,0,12016.0
0,1,22,9,229,255,0,0,0,0,0,1,0,0,0,0,0,0,0,0,0,0,3,3,0.33,0.33,0.0,0.0,1.0,0.0,0.0,3,255,1.0,0.0,0.33,0.04,0.33,0.01,0.0,0.0,0,65221.0
22,1,18,9,322,1054,0,0,0,6,0,1,0,0,0,0,0,0,0,0,0,1,1,1,0.0,0.0,0.0,0.0,1.0,0.0,0.0,120,33,0.28,0.04,0.01,0.0,0.0,0.0,0.01,0.03,0,33399.0
0,1,44,5,0,0,0,0,0,0,0,0,0,0,0,0,0,0,0,0,0,0,74,1,1.0,1.0,0.0,0.0,0.01,0.08,0.0,255,16,0.06,0.06,0.0,0.0,1.0,1.0,0.0,0.0,1,63622.0
0,1,22,9,313,3132,0,0,0,0,0,1,0,0,0,0,0,0,0,0,0,0,13,13,0.0,0.0,0.0,0.0,1.0,0.0,0.0,13,255,1.0,0.0,0.08,0.04,0.0,0.0,0.0,0.0,0,41228.0
0,2,11,9,44,131,0,0,0,0,0,0,0,0,0,0,0,0,0,0,0,0,84,163,0.0,0.0,0.0,0.0,1.0,0.0,0.01,255,255,1.0,0.0,0.0,0.0,0.0,0.0,0.0,0.0,0,36757.0
0,1,44,5,0,0,0,0,0,0,0,0,0,0,0,0,0,0,0,0,0,0,225,20,1.0,1.0,0.0,0.0,0.09,0.07,0.0,255,10,0.04,0.07,0.0,0.0,1.0,1.0,0.0,0.0,1,5082.0
0,1,36,5,0,0,0,0,0,0,0,0,0,0,0,0,0,0,0,0,0,0,291,16,1.0,1.0,0.0,0.0,0.05,0.05,0.0,255,16,0.06,0.06,0.0,0.0,1.0,1.0,0.0,0.0,1,72767.0
0,1,22,9,148,292,0,0,0,0,0,1,0,0,0,0,0,0,0,0,0,0,1,1,0.0,0.0,0.0,0.0,1.0,0.0,0.0,3,255,1.0,0.0,0.33,0.04,0.33,0.01,0.0,0.0,0,14194.0
0,2,11,9,29,0,0,0,0,0,0,0,0,0,0,0,0,0,0,0,0,0,1,2,0.0,0.0,0.0,0.0,1.0,0.0,1.0,54,37,0.13,0.07,0.13,0.08,0.0,0.0,0.0,0.0,0,16361.0
0,1,42,9,35,130,0,0,0,0,0,1,0,0,0,0,0,0,0,0,0,0,2,1,0.0,0.0,0.0,0.0,0.5,1.0,0.0,222,3,0.01,0.03,0.01,0.0,0.0,0.0,0.0,0.0,0,23904.0
0,2,11,9,44,70,0,0,0,0,0,0,0,0,0,0,0,0,0,0,0,0,27,27,0.0,0.0,0.0,0.0,1.0,0.0,0.0,255,217,0.85,0.01,0.0,0.0,0.0,0.0,0.0,0.0,0,6830.0
0,1,22,9,286,672,0,0,0,0,0,1,0,0,0,0,0,0,0,0,0,0,2,4,0.0,0.0,0.0,0.0,1.0,0.0,0.75,15,248,1.0,0.0,0.07,0.06,0.0,0.01,0.0,0.0,0,125324.0
0,2,40,9,516,4,0,0,0,0,0,0,0,0,0,0,0,0,0,0,0,0,207,207,0.0,0.0,0.0,0.0,1.0,0.0,0.0,207,207,1.0,0.0,1.0,0.0,0.0,0.0,0.0,0.0,0,117120.0
0,0,58,9,181,0,0,0,0,0,0,0,0,0,0,0,0,0,0,0,0,0,2,1,0.0,0.0,0.0,0.0,0.5,1.0,0.0,255,15,0.06,0.01,0.08,0.0,0.0,0.0,0.0,0.0,0,13745.0
0,1,8,5,0,0,0,0,0,0,0,0,0,0,0,0,0,0,0,0,0,0,224,17,1.0,1.0,0.0,0.0,0.08,0.06,0.0,255,17,0.07,0.07,0.0,0.0,1.0,1.0,0.0,0.0,1,43923.0
0,1,22,9,327,729,0,0,0,0,0,1,0,0,0,0,0,0,0,0,0,0,1,5,0.0,0.0,0.0,0.0,1.0,0.0,0.6,1,255,1.0,0.0,1.0,0.02,0.0,0.0,0.0,0.0,0,108098.0
0,1,22,9,344,795,0,0,0,0,0,1,0,0,0,0,0,0,0,0,0,0,2,3,0.0,0.0,0.0,0.0,1.0,0.0,0.67,234,255,1.0,0.0,0.0,0.01,0.0,0.0,0.0,0.0,0,66805.0
0,1,22,9,210,1242,0,0,0,0,0,1,0,0,0,0,0,0,0,0,0,0,2,11,0.0,0.09,0.0,0.0,1.0,0.0,0.27,24,255,1.0,0.0,0.08,0.04,0.0,0.02,0.0,0.0,0,57493.0
0,1,44,5,0,0,0,0,0,0,0,0,0,0,0,0,0,0,0,0,0,0,284,18,1.0,1.0,0.0,0.0,0.06,0.05,0.0,255,18,0.07,0.06,0.0,0.0,1.0,1.0,0.0,0.0,1,12270.0
0,1,44,5,0,0,0,0,0,0,0,0,0,0,0,0,0,0,0,0,0,0,134,3,1.0,1.0,0.0,0.0,0.02,0.06,0.0,84,17,0.2,0.13,0.01,0.0,1.0,1.0,0.0,0.0,1,19473.0
0,1,22,9,209,1958,0,0,0,0,0,1,0,0,0,0,0,0,0,0,0,0,2,22,0.0,0.0,0.0,0.0,1.0,0.0,0.09,104,255,1.0,0.0,0.01,0.02,0.0,0.0,0.01,0.0,0,11145.0
0,1,12,2,0,0,0,0,0,0,0,0,0,0,0,0,0,0,0,0,0,0,125,18,0.0,0.0,1.0,1.0,0.14,0.06,0.0,255,18,0.07,0.07,0.0,0.0,0.0,0.0,1.0,1.0,1,73883.0
0,1,22,9,194,15965,0,0,0,0,0,1,0,0,0,0,0,0,0,0,0,0,22,22,0.0,0.0,0.0,0.0,1.0,0.0,0.0,96,255,1.0,0.0,0.01,0.02,0.0,0.0,0.0,0.0,0,18870.0
0,1,44,5,0,0,0,0,0,0,0,0,0,0,0,0,0,0,0,0,0,0,83,13,1.0,1.0,0.0,0.0,0.16,0.06,0.0,255,1,0.0,0.07,0.0,0.0,1.0,1.0,0.0,0.0,1,14434.0
0,1,44,5,0,0,0,0,0,0,0,0,0,0,0,0,0,0,0,0,0,0,136,20,1.0,1.0,0.0,0.0,0.15,0.06,0.0,255,20,0.08,0.05,0.0,0.0,1.0,1.0,0.0,0.0,1,35855.0
0,1,44,5,0,0,0,0,0,0,0,0,0,0,0,0,0,0,0,0,0,0,230,11,1.0,1.0,0.0,0.0,0.05,0.07,0.0,255,11,0.04,0.09,0.0,0.0,1.0,1.0,0.0,0.0,1,101158.0
7790,2,40,9,147,105,0,0,0,0,0,0,0,0,0,0,0,0,0,0,0,0,1,1,0.0,0.0,0.0,0.0,1.0,0.0,0.0,255,1,0.0,0.86,1.0,0.0,0.0,0.0,0.0,0.0,0,17394.0
0,1,22,9,292,2828,0,0,0,0,0,1,0,0,0,0,0,0,0,0,0,0,12,37,0.0,0.0,0.0,0.0,1.0,0.0,0.08,44,255,1.0,0.0,0.02,0.06,0.0,0.0,0.0,0.0,0,38520.0
0,1,22,9,278,345,0,0,0,0,0,1,0,0,0,0,0,0,0,0,0,0,1,1,0.0,0.0,0.0,0.0,1.0,0.0,0.0,74,255,1.0,0.0,0.01,0.01,0.0,0.0,0.0,0.0,0,33448.0
0,1,22,5,0,0,0,0,0,0,0,0,0,0,0,0,0,0,0,0,0,0,14,3,1.0,1.0,0.0,0.0,0.21,0.29,0.0,255,63,0.25,0.02,0.01,0.0,1.0,1.0,0.0,0.0,1,72165.0
0,0,13,9,8,0,0,0,0,0,0,0,0,0,0,0,0,0,0,0,0,0,1,3,0.0,0.0,0.0,0.0,1.0,0.0,1.0,2,58,1.0,0.0,1.0,0.5,0.0,0.0,0.0,0.0,1,37779.0
0,1,22,9,366,1386,0,0,0,0,0,1,0,0,0,0,0,0,0,0,0,0,9,11,0.0,0.0,0.0,0.0,1.0,0.0,0.27,111,255,1.0,0.0,0.01,0.03,0.0,0.0,0.0,0.0,0,68775.0
0,1,33,5,0,0,0,0,0,0,0,0,0,0,0,0,0,0,0,0,0,0,205,10,1.0,1.0,0.0,0.0,0.05,0.07,0.0,255,10,0.04,0.07,0.0,0.0,1.0,1.0,0.0,0.0,1,34703.0
0,1,22,9,265,22189,0,0,0,0,0,1,0,0,0,0,0,0,0,0,0,0,1,1,0.0,0.0,0.0,0.0,1.0,0.0,0.0,13,255,1.0,0.0,0.08,0.02,0.0,0.0,0.0,0.0,0,27697.0
0,1,44,5,0,0,0,0,0,0,0,0,0,0,0,0,0,0,0,0,0,0,259,9,1.0,1.0,0.0,0.0,0.03,0.06,0.0,255,9,0.04,0.07,0.0,0.0,1.0,1.0,0.0,0.0,1,10212.0
0,1,22,9,254,20731,0,0,0,0,0,1,0,0,0,0,0,0,0,0,0,0,5,5,0.0,0.0,0.0,0.0,1.0,0.0,0.0,57,255,1.0,0.0,0.02,0.08,0.0,0.0,0.0,0.0,0,97297.0
0,1,44,5,0,0,0,0,0,0,0,0,0,0,0,0,0,0,0,0,0,0,146,17,1.0,1.0,0.0,0.0,0.12,0.06,0.0,255,7,0.03,0.06,0.0,0.0,1.0,1.0,0.0,0.0,1,12766.0
0,1,17,9,7,225,0,0,0,0,0,0,0,0,0,0,0,0,0,0,0,0,1,1,0.0,0.0,0.0,0.0,1.0,0.0,0.0,75,13,0.07,0.07,0.01,0.15,0.04,0.15,0.0,0.0,0,15985.0
0,1,44,5,0,0,0,0,0,0,0,0,0,0,0,0,0,0,0,0,0,0,284,2,1.0,1.0,0.0,0.0,0.01,0.06,0.0,255,17,0.07,0.08,0.0,0.0,1.0,1.0,0.0,0.0,1,7925.0
0,0,14,9,1032,0,0,0,0,0,0,0,0,0,0,0,0,0,0,0,0,0,65,65,0.0,0.0,0.0,0.0,1.0,0.0,0.0,255,255,1.0,0.0,1.0,0.0,0.0,0.0,0.0,0.0,1,896.0
0,0,13,9,8,0,0,0,0,0,0,0,0,0,0,0,0,0,0,0,0,0,1,4,0.0,0.0,0.0,0.0,1.0,0.0,1.0,2,4,1.0,0.0,1.0,0.5,0.0,0.0,0.0,0.0,1,66566.0
0,1,60,1,0,0,0,0,0,0,0,0,0,0,0,0,0,0,0,0,0,0,300,20,0.0,0.0,1.0,1.0,0.07,0.06,0.0,255,20,0.08,0.06,0.0,0.0,0.0,0.0,1.0,1.0,1,28442.0
0,1,22,5,0,0,0,0,0,0,0,0,0,0,0,0,0,0,0,0,0,0,2,2,0.5,0.5,0.0,0.0,1.0,0.0,0.0,2,255,1.0,0.0,1.0,0.02,0.5,0.01,0.0,0.03,0,115819.0
0,2,11,9,34,88,0,0,0,0,0,0,0,0,0,0,0,0,0,0,0,0,4,12,0.0,0.0,0.0,0.0,1.0,0.0,0.25,255,236,0.93,0.01,0.0,0.0,0.0,0.0,0.0,0.0,0,95518.0
5063,1,19,9,5133876,0,0,0,0,5,0,1,0,0,0,0,0,0,0,0,0,0,1,1,0.0,0.0,0.0,0.0,1.0,0.0,0.0,4,12,1.0,0.0,1.0,0.17,0.0,0.0,0.0,0.0,1,16451.0
0,1,51,5,0,0,0,0,0,0,0,0,0,0,0,0,0,0,0,0,0,0,213,18,1.0,1.0,0.0,0.0,0.08,0.06,0.0,255,18,0.07,0.06,0.0,0.0,1.0,1.0,0.0,0.0,1,98697.0
0,1,19,5,0,0,0,0,0,0,0,0,0,0,0,0,0,0,0,0,0,0,222,7,1.0,0.86,0.0,0.0,0.03,0.07,0.29,255,15,0.06,0.06,0.0,0.0,1.0,1.0,0.0,0.0,1,28004.0
0,1,22,9,217,7956,0,0,0,0,0,1,0,0,0,0,0,0,0,0,0,0,2,2,0.0,0.0,0.0,0.0,1.0,0.0,0.0,22,255,1.0,0.0,0.05,0.05,0.0,0.0,0.0,0.0,0,40507.0
0,1,44,1,0,0,0,0,0,0,0,0,0,0,0,0,0,0,0,0,0,0,88,1,0.08,0.0,0.92,1.0,0.01,1.0,0.0,255,1,0.0,0.62,0.0,0.0,0.03,0.0,0.33,1.0,1,46674.0
24,1,22,7,197,0,0,0,0,0,0,0,0,0,0,0,0,0,0,0,0,0,5,5,0.2,0.2,0.2,0.2,1.0,0.0,0.0,40,255,1.0,0.0,0.03,0.05,0.03,0.01,0.32,0.53,0,69297.0
0,1,22,9,219,482,0,0,0,0,0,1,0,0,0,0,0,0,0,0,0,0,17,31,0.0,0.0,0.0,0.0,1.0,0.0,0.13,255,255,1.0,0.0,0.0,0.0,0.0,0.0,0.0,0.0,0,51621.0
0,2,40,9,147,0,0,0,0,0,0,0,0,0,0,0,0,0,0,0,0,0,5,1,0.0,0.0,0.0,0.0,0.2,0.6,0.0,255,1,0.0,0.52,0.93,0.0,0.0,0.0,0.0,0.0,0,49971.0
0,1,22,9,243,17313,0,0,0,0,0,1,0,0,0,0,0,0,0,0,0,0,9,9,0.0,0.0,0.0,0.0,1.0,0.0,0.0,23,255,1.0,0.0,0.04,0.03,0.0,0.0,0.0,0.0,0,124596.0
0,1,5,5,0,0,0,0,0,0,0,0,0,0,0,0,0,0,0,0,0,0,104,8,1.0,1.0,0.0,0.0,0.08,0.06,0.0,255,8,0.03,0.06,0.0,0.0,1.0,1.0,0.0,0.0,1,10182.0
3,1,49,9,1267,340,0,0,0,0,0,1,0,0,0,0,0,0,0,0,0,0,1,3,0.0,0.0,0.0,0.0,1.0,0.0,1.0,140,189,0.56,0.03,0.01,0.01,0.01,0.0,0.0,0.0,0,51340.0
0,1,16,2,0,0,0,0,0,0,0,0,0,0,0,0,0,0,0,0,0,0,134,18,0.0,0.0,1.0,1.0,0.13,0.06,0.0,255,18,0.07,0.07,0.0,0.0,0.0,0.0,1.0,1.0,1,91345.0
0,2,11,9,44,113,0,0,0,0,0,0,0,0,0,0,0,0,0,0,0,0,4,15,0.0,0.0,0.0,0.0,1.0,0.0,0.2,255,248,0.97,0.01,0.0,0.0,0.0,0.0,0.0,0.0,0,93818.0
0,1,22,9,209,9282,0,0,0,0,0,1,0,0,0,0,0,0,0,0,0,0,22,22,0.0,0.0,0.0,0.0,1.0,0.0,0.0,22,255,1.0,0.0,0.05,0.04,0.0,0.0,0.0,0.0,0,94695.0
1,1,55,9,138,3029,0,0,0,0,0,1,0,0,0,0,0,0,0,0,0,0,1,1,0.0,0.0,0.0,0.0,1.0,0.0,0.0,1,2,1.0,0.0,1.0,1.0,0.0,0.0,0.0,0.0,0,97464.0
0,1,44,5,0,0,0,0,0,0,0,0,0,0,0,0,0,0,0,0,0,0,239,19,1.0,1.0,0.0,0.0,0.08,0.06,0.0,255,2,0.01,0.07,0.0,0.0,1.0,1.0,0.0,0.0,1,45503.0
0,1,49,9,535,385,0,0,0,0,0,1,0,0,0,0,0,0,0,0,0,0,1,1,0.0,0.0,0.0,0.0,1.0,0.0,0.0,255,87,0.34,0.02,0.0,0.0,0.46,0.0,0.0,0.0,0,68763.0
0,1,22,9,250,700,0,0,0,0,0,1,0,0,0,0,0,0,0,0,0,0,31,31,0.0,0.0,0.0,0.0,1.0,0.0,0.0,255,255,1.0,0.0,0.0,0.0,0.0,0.0,0.0,0.0,0,61323.0
0,1,22,9,302,5501,0,0,0,0,0,1,0,0,0,0,0,0,0,0,0,0,18,18,0.0,0.0,0.0,0.0,1.0,0.0,0.0,40,255,1.0,0.0,0.03,0.03,0.0,0.0,0.0,0.0,0,48980.0
0,2,40,9,113,0,0,0,0,0,0,0,0,0,0,0,0,0,0,0,0,0,25,24,0.0,0.0,0.0,0.0,0.96,0.08,0.0,255,24,0.09,0.54,0.09,0.0,0.0,0.0,0.0,0.0,0,93145.0
0,1,17,2,0,0,0,0,0,0,0,0,0,0,0,0,0,0,0,0,0,0,251,1,0.0,0.0,1.0,1.0,0.0,0.07,0.0,255,1,0.0,0.08,0.0,0.0,0.0,0.0,1.0,1.0,1,2202.0
0,1,22,9,320,6250,0,0,0,0,0,1,0,0,0,0,0,0,0,0,0,0,2,3,0.0,0.0,0.0,0.0,1.0,0.0,0.67,62,255,1.0,0.0,0.02,0.02,0.0,0.0,0.0,0.0,0,6361.0
0,1,22,9,308,405,0,0,0,0,0,1,0,0,0,0,0,0,0,0,0,0,13,13,0.0,0.0,0.0,0.0,1.0,0.0,0.0,255,255,1.0,0.0,0.0,0.0,0.0,0.0,0.0,0.0,0,92609.0
0,1,44,1,0,0,0,0,0,0,0,0,0,0,0,0,0,0,0,0,0,0,2,1,0.0,0.0,1.0,1.0,0.5,1.0,0.0,255,1,0.0,0.69,0.67,0.0,0.0,0.0,0.67,1.0,1,42480.0
0,1,44,1,0,0,0,0,0,0,0,0,0,0,0,0,0,0,0,0,0,0,123,10,0.0,0.0,1.0,1.0,0.08,0.06,0.0,255,10,0.04,0.06,0.0,0.0,0.0,0.0,1.0,1.0,1,9085.0
21,1,18,9,240,773,0,0,0,4,0,1,0,0,0,0,0,0,0,0,0,1,1,1,0.0,0.0,0.0,0.0,1.0,0.0,0.0,255,58,0.23,0.02,0.0,0.0,0.0,0.0,0.0,0.0,0,82997.0
0,1,44,5,0,0,0,0,0,0,0,0,0,0,0,0,0,0,0,0,0,0,250,10,1.0,1.0,0.0,0.0,0.04,0.06,0.0,255,10,0.04,0.05,0.0,0.0,1.0,1.0,0.0,0.0,1,49406.0
0,1,22,9,226,4323,0,0,0,0,0,1,0,0,0,0,0,0,0,0,0,0,40,40,0.0,0.0,0.0,0.0,1.0,0.0,0.0,40,255,1.0,0.0,0.03,0.05,0.0,0.0,0.0,0.0,0,93121.0
0,1,44,5,0,0,0,0,0,0,0,0,0,0,0,0,0,0,0,0,0,0,96,13,1.0,1.0,0.0,0.0,0.14,0.07,0.0,255,13,0.05,0.06,0.0,0.0,1.0,1.0,0.0,0.0,1,41194.0
0,1,44,10,0,0,0,0,0,0,0,0,0,0,0,0,0,0,0,0,0,0,1,1,1.0,1.0,0.0,0.0,1.0,0.0,0.0,232,1,0.0,0.96,0.97,0.0,0.97,1.0,0.0,0.0,1,125037.0
0,1,22,9,217,1891,0,0,0,0,0,1,0,0,0,0,0,0,0,0,0,0,5,5,0.0,0.0,0.0,0.0,1.0,0.0,0.0,5,255,1.0,0.0,0.2,0.04,0.0,0.0,0.0,0.0,0,98294.0
0,2,11,9,44,44,0,0,0,0,0,0,0,0,0,0,0,0,0,0,0,0,194,194,0.0,0.0,0.0,0.0,1.0,0.0,0.0,255,255,1.0,0.0,0.01,0.0,0.0,0.0,0.0,0.0,0,59495.0
2440,2,40,9,147,105,0,0,0,0,0,0,0,0,0,0,0,0,0,0,0,0,4,2,0.0,0.0,0.0,0.0,0.5,0.5,0.0,255,2,0.01,0.85,1.0,0.0,0.0,0.0,0.0,0.0,0,91985.0
0,1,44,5,0,0,0,0,0,0,0,0,0,0,0,0,0,0,0,0,0,0,95,11,1.0,1.0,0.0,0.0,0.12,0.06,0.0,255,11,0.04,0.05,0.0,0.0,1.0,1.0,0.0,0.0,1,2603.0
0,1,44,5,0,0,0,0,0,0,0,0,0,0,0,0,0,0,0,0,0,0,18,4,1.0,1.0,0.0,0.0,0.22,0.22,0.0,255,4,0.02,0.07,0.0,0.0,1.0,1.0,0.0,0.0,1,51645.0
0,2,11,9,46,149,0,0,0,0,0,0,0,0,0,0,0,0,0,0,0,0,71,151,0.0,0.0,0.0,0.0,1.0,0.0,0.01,227,177,0.78,0.01,0.0,0.0,0.0,0.0,0.0,0.0,0,82585.0
0,1,5,5,0,0,0,0,0,0,0,0,0,0,0,0,0,0,0,0,0,0,125,6,1.0,1.0,0.0,0.0,0.05,0.06,0.0,255,6,0.02,0.06,0.0,0.0,1.0,1.0,0.0,0.0,1,1439.0
0,1,57,5,0,0,0,0,0,0,0,0,0,0,0,0,0,0,0,0,0,0,122,19,1.0,1.0,0.0,0.0,0.16,0.07,0.0,255,4,0.02,0.07,0.0,0.0,1.0,1.0,0.0,0.0,1,39088.0
0,1,22,9,302,2348,0,0,0,0,0,1,0,0,0,0,0,0,0,0,0,0,41,41,0.0,0.0,0.0,0.0,1.0,0.0,0.0,41,255,1.0,0.0,0.02,0.04,0.0,0.0,0.0,0.0,0,23555.0
0,1,44,5,0,0,0,0,0,0,0,0,0,0,0,0,0,0,0,0,0,0,240,8,1.0,1.0,0.0,0.0,0.03,0.06,0.0,255,7,0.03,0.08,0.0,0.0,1.0,1.0,0.0,0.0,1,122614.0
0,1,44,5,0,0,0,0,0,0,0,0,0,0,0,0,0,0,0,0,0,0,182,4,1.0,1.0,0.0,0.0,0.02,0.06,0.0,255,16,0.06,0.07,0.0,0.0,1.0,1.0,0.0,0.0,1,62920.0
0,1,44,5,0,0,0,0,0,0,0,0,0,0,0,0,0,0,0,0,0,0,111,13,1.0,1.0,0.0,0.0,0.12,0.06,0.0,255,33,0.13,0.05,0.0,0.0,1.0,1.0,0.0,0.0,1,117219.0
0,1,22,9,302,6717,0,0,0,0,0,1,0,0,0,0,0,0,0,0,0,0,1,1,0.0,0.0,0.0,0.0,1.0,0.0,0.0,4,255,1.0,0.0,0.25,0.03,0.0,0.0,0.0,0.0,0,10286.0
0,1,49,5,0,0,0,0,0,0,0,0,0,0,0,0,0,0,0,0,0,0,280,21,1.0,0.95,0.0,0.0,0.07,0.06,0.1,255,1,0.0,0.07,0.0,0.0,1.0,1.0,0.0,0.0,1,90666.0
0,1,18,5,0,0,0,0,0,0,0,0,0,0,0,0,0,0,0,0,0,0,243,2,1.0,1.0,0.0,0.0,0.01,0.06,0.0,255,2,0.01,0.06,0.0,0.0,1.0,1.0,0.0,0.0,1,118405.0
0,1,22,1,0,0,0,0,0,0,0,0,0,0,0,0,0,0,0,0,0,0,1,1,0.0,0.0,1.0,1.0,1.0,0.0,0.0,21,47,1.0,0.0,0.05,0.28,0.0,0.0,1.0,1.0,0,99833.0
0,1,22,9,201,458,0,0,0,0,0,1,0,0,0,0,0,0,0,0,0,0,35,37,0.0,0.0,0.0,0.0,1.0,0.0,0.05,255,255,1.0,0.0,0.0,0.0,0.0,0.0,0.0,0.0,0,108714.0
0,1,22,9,227,5131,0,0,0,0,0,1,0,0,0,0,0,0,0,0,0,0,5,5,0.0,0.0,0.0,0.0,1.0,0.0,0.0,37,255,1.0,0.0,0.03,0.05,0.0,0.0,0.0,0.0,0,11723.0
0,1,17,5,0,0,0,0,0,0,0,0,0,0,0,0,0,0,0,0,0,0,245,19,1.0,1.0,0.0,0.0,0.08,0.06,0.0,255,19,0.07,0.06,0.0,0.0,1.0,1.0,0.0,0.0,1,84830.0
33,2,11,9,30,30,0,0,0,0,0,0,0,0,0,0,0,0,0,0,0,0,1,1,0.0,0.0,0.0,0.0,1.0,0.0,0.0,132,90,0.68,0.02,0.64,0.0,0.0,0.0,0.0,0.0,0,48466.0
0,1,22,9,308,1374,0,0,0,0,0,1,0,0,0,0,0,0,0,0,0,0,17,17,0.0,0.0,0.0,0.0,1.0,0.0,0.0,255,255,1.0,0.0,0.0,0.0,0.0,0.0,0.0,0.0,0,73758.0
0,1,22,9,220,1849,0,0,0,0,0,1,0,0,0,0,0,0,0,0,0,0,16,16,0.0,0.0,0.0,0.0,1.0,0.0,0.0,16,255,1.0,0.0,0.06,0.02,0.0,0.0,0.0,0.01,0,58833.0
0,1,57,5,0,0,0,0,0,0,0,0,0,0,0,0,0,0,0,0,0,0,295,14,1.0,1.0,0.0,0.0,0.05,0.05,0.0,255,4,0.02,0.09,0.0,0.0,1.0,1.0,0.0,0.0,1,85958.0
0,1,55,5,0,0,0,0,0,0,0,0,0,0,0,0,0,0,0,0,0,0,15,1,1.0,1.0,0.0,0.0,0.07,0.27,0.0,255,61,0.24,0.02,0.01,0.0,1.0,1.0,0.0,0.0,1,30927.0
0,1,44,5,0,0,0,0,0,0,0,0,0,0,0,0,0,0,0,0,0,0,179,5,1.0,1.0,0.0,0.0,0.03,0.08,0.0,255,5,0.02,0.07,0.0,0.0,1.0,1.0,0.0,0.0,1,37904.0
0,1,4,5,0,0,0,0,0,0,0,0,0,0,0,0,0,0,0,0,0,0,121,13,1.0,1.0,0.0,0.0,0.11,0.06,0.0,255,13,0.05,0.05,0.0,0.0,1.0,1.0,0.0,0.0,1,77802.0
0,0,13,9,8,0,0,0,0,0,0,0,0,0,0,0,0,0,0,0,0,0,1,1,0.0,0.0,0.0,0.0,1.0,0.0,0.0,1,86,1.0,0.0,1.0,0.51,0.0,0.0,0.0,0.0,1,43282.0
0,1,22,1,0,0,0,0,0,0,0,0,0,0,0,0,0,0,0,0,0,0,1,1,0.0,0.0,1.0,1.0,1.0,0.0,0.0,3,58,1.0,0.0,0.33,0.14,0.0,0.0,1.0,1.0,0,3052.0
0,1,22,9,225,2117,0,0,0,0,0,1,0,0,0,0,0,0,0,0,0,0,2,2,0.0,0.0,0.0,0.0,1.0,0.0,0.0,7,255,1.0,0.0,0.14,0.06,0.0,0.0,0.0,0.0,0,10127.0
0,2,11,9,46,126,0,0,0,0,0,0,0,0,0,0,0,0,0,0,0,0,69,149,0.0,0.0,0.0,0.0,1.0,0.0,0.01,255,240,0.94,0.02,0.0,0.0,0.0,0.0,0.0,0.0,0,83820.0
0,1,23,5,0,0,0,0,0,0,0,0,0,0,0,0,0,0,0,0,0,0,274,22,1.0,1.0,0.0,0.0,0.08,0.05,0.0,255,22,0.09,0.07,0.0,0.0,1.0,1.0,0.0,0.0,1,96147.0
0,1,22,9,149,1873,0,0,0,0,0,1,0,0,0,0,0,0,0,0,0,0,1,1,0.0,0.0,0.0,0.0,1.0,0.0,0.0,255,255,1.0,0.0,0.0,0.0,0.0,0.0,0.0,0.0,0,73103.0
0,1,60,5,0,0,0,0,0,0,0,0,0,0,0,0,0,0,0,0,0,0,258,8,1.0,1.0,0.0,0.0,0.03,0.06,0.0,255,8,0.03,0.07,0.0,0.0,1.0,1.0,0.0,0.0,1,85203.0
0,1,22,9,217,6297,0,0,0,0,0,1,0,0,0,0,0,0,0,0,0,0,7,7,0.0,0.0,0.0,0.0,1.0,0.0,0.0,113,255,1.0,0.0,0.01,0.02,0.0,0.0,0.08,0.06,0,39527.0
0,1,22,9,350,3874,0,0,0,0,0,1,0,0,0,0,0,0,0,0,0,0,12,12,0.0,0.0,0.0,0.0,1.0,0.0,0.0,65,248,1.0,0.0,0.02,0.03,0.0,0.0,0.0,0.0,0,30973.0
0,1,44,5,0,0,0,0,0,0,0,0,0,0,0,0,0,0,0,0,0,0,112,9,1.0,1.0,0.0,0.0,0.08,0.06,0.0,255,3,0.01,0.08,0.0,0.0,1.0,1.0,0.0,0.0,1,57705.0
0,1,44,1,0,0,0,0,0,0,0,0,0,0,0,0,0,0,0,0,0,0,1,1,0.0,0.0,1.0,1.0,1.0,0.0,0.0,57,2,0.02,1.0,0.02,1.0,0.0,0.0,0.91,1.0,1,39326.0
0,1,44,5,0,0,0,0,0,0,0,0,0,0,0,0,0,0,0,0,0,0,197,24,1.0,1.0,0.0,0.0,0.12,0.06,0.0,58,18,0.31,0.16,0.02,0.0,0.76,1.0,0.02,0.0,1,8536.0
0,1,22,9,222,1378,0,0,0,0,0,1,0,0,0,0,0,0,0,0,0,0,6,42,0.0,0.0,0.0,0.0,1.0,0.0,0.14,18,255,1.0,0.0,0.06,0.04,0.0,0.0,0.0,0.0,0,26108.0
0,1,7,5,0,0,0,0,0,0,0,0,0,0,0,0,0,0,0,0,0,0,237,19,1.0,1.0,0.0,0.0,0.08,0.06,0.0,255,19,0.07,0.07,0.0,0.0,1.0,1.0,0.0,0.0,1,22429.0
0,1,22,9,221,1607,0,0,0,0,0,1,0,0,0,0,0,0,0,0,0,0,3,4,0.0,0.0,0.0,0.0,1.0,0.0,0.5,10,255,1.0,0.0,0.1,0.01,0.0,0.0,0.0,0.0,0,103657.0
0,0,14,9,1032,0,0,0,0,0,0,0,0,0,0,0,0,0,0,0,0,0,511,511,0.0,0.0,0.0,0.0,1.0,0.0,0.0,255,141,0.55,0.02,0.55,0.0,0.01,0.0,0.0,0.0,1,96938.0
0,1,44,5,0,0,0,0,0,0,0,0,0,0,0,0,0,0,0,0,0,0,233,5,1.0,1.0,0.0,0.0,0.02,0.06,0.0,255,14,0.05,0.08,0.0,0.0,1.0,1.0,0.0,0.0,1,42352.0
26271,1,44,4,1,0,0,0,0,0,0,0,0,0,0,0,0,0,0,0,0,0,2,2,0.0,0.0,1.0,1.0,1.0,0.0,0.0,255,2,0.01,0.74,1.0,0.0,0.0,0.0,1.0,1.0,1,59312.0
0,1,22,9,261,1153,0,0,0,0,0,1,0,0,0,0,0,0,0,0,0,0,1,1,0.0,0.0,0.0,0.0,1.0,0.0,0.0,3,255,1.0,0.0,0.33,0.02,0.0,0.0,0.0,0.0,0,113480.0
0,1,44,5,0,0,0,0,0,0,0,0,0,0,0,0,0,0,0,0,0,0,10,5,1.0,1.0,0.0,0.0,0.5,0.2,0.0,255,6,0.02,0.09,0.0,0.0,1.0,1.0,0.0,0.0,1,13430.0
0,1,19,5,0,0,0,0,0,0,0,0,0,0,0,0,0,0,0,0,0,0,46,3,1.0,1.0,0.0,0.0,0.07,0.09,0.0,255,63,0.25,0.02,0.02,0.0,1.0,1.0,0.0,0.0,1,40721.0
0,1,44,5,0,0,0,0,0,0,0,0,0,0,0,0,0,0,0,0,0,0,97,7,1.0,1.0,0.0,0.0,0.07,0.06,0.0,255,23,0.09,0.07,0.0,0.0,1.0,1.0,0.0,0.0,1,94870.0
0,1,44,5,0,0,0,0,0,0,0,0,0,0,0,0,0,0,0,0,0,0,260,9,1.0,1.0,0.0,0.0,0.03,0.06,0.0,255,20,0.08,0.05,0.0,0.0,1.0,1.0,0.0,0.0,1,10236.0
0,1,44,5,0,0,0,0,0,0,0,0,0,0,0,0,0,0,0,0,0,0,121,1,1.0,1.0,0.0,0.0,0.01,0.07,0.0,255,1,0.0,0.09,0.0,0.0,1.0,1.0,0.0,0.0,1,15173.0
0,2,11,9,43,69,0,0,0,0,0,0,0,0,0,0,0,0,0,0,0,0,238,238,0.0,0.0,0.0,0.0,1.0,0.0,0.0,255,255,1.0,0.0,0.01,0.0,0.0,0.0,0.0,0.0,0,117757.0
0,1,34,1,0,0,0,0,0,0,0,0,0,0,0,0,0,0,0,0,0,0,232,8,0.0,0.0,1.0,1.0,0.03,0.06,0.0,255,8,0.03,0.07,0.0,0.0,0.0,0.0,1.0,1.0,1,55465.0
0,1,22,9,299,187,0,0,0,0,0,1,0,0,0,0,0,0,0,0,0,0,2,17,0.0,0.0,0.0,0.0,1.0,0.0,0.12,2,255,1.0,0.0,0.5,0.02,0.0,0.0,0.0,0.0,0,105290.0
0,2,11,9,32,0,0,0,0,0,0,0,0,0,0,0,0,0,0,0,0,0,1,6,0.0,0.0,0.0,0.0,1.0,0.0,0.5,182,23,0.13,0.04,0.13,0.0,0.0,0.0,0.0,0.0,0,101242.0
0,1,22,5,0,0,0,0,0,0,0,0,0,0,0,0,0,0,0,0,0,0,234,10,1.0,1.0,0.0,0.0,0.04,0.06,0.0,255,10,0.04,0.06,0.0,0.0,1.0,1.0,0.0,0.0,1,77442.0
0,0,13,9,8,0,0,0,0,0,0,0,0,0,0,0,0,0,0,0,0,0,1,23,0.0,0.0,0.0,0.0,1.0,0.0,1.0,1,97,1.0,0.0,1.0,0.26,0.0,0.0,0.0,0.0,1,98931.0
0,1,44,1,0,0,0,0,0,0,0,0,0,0,0,0,0,0,0,0,0,0,137,7,0.0,0.0,1.0,1.0,0.05,0.07,0.0,62,7,0.11,0.1,0.02,0.0,0.0,0.0,1.0,1.0,1,112532.0
0,1,4,1,0,0,0,0,0,0,0,0,0,0,0,0,0,0,0,0,0,0,275,10,0.0,0.0,1.0,1.0,0.04,0.06,0.0,255,10,0.04,0.07,0.0,0.0,0.0,0.0,1.0,1.0,1,84920.0
0,1,44,5,0,0,0,0,0,0,0,0,0,0,0,0,0,0,0,0,0,0,133,15,1.0,1.0,0.0,0.0,0.11,0.06,0.0,255,4,0.02,0.06,0.0,0.0,1.0,1.0,0.0,0.0,1,40828.0
0,1,22,9,255,455,0,0,0,0,0,1,0,0,0,0,0,0,0,0,0,0,4,6,0.0,0.0,0.0,0.0,1.0,0.0,0.5,255,255,1.0,0.0,0.0,0.0,0.0,0.0,0.0,0.0,0,114010.0
0,1,50,5,0,0,0,0,0,0,0,0,0,0,0,0,0,0,0,0,0,0,91,18,1.0,1.0,0.0,0.0,0.2,0.07,0.0,255,3,0.01,0.07,0.0,0.0,1.0,1.0,0.0,0.0,1,11569.0
0,2,44,9,105,0,0,0,0,0,0,0,0,0,0,0,0,0,0,0,0,0,2,2,0.0,0.0,0.0,0.0,1.0,0.0,0.0,54,53,0.98,0.04,0.04,0.0,0.0,0.0,0.0,0.0,0,102547.0
0,2,44,9,28,0,0,3,0,0,0,0,0,0,0,0,0,0,0,0,0,0,41,41,0.0,0.0,0.0,0.0,1.0,0.0,0.0,255,41,0.16,0.02,0.16,0.0,0.0,0.0,0.0,0.0,1,97416.0
0,1,22,9,218,4950,0,0,0,0,0,1,0,0,0,0,0,0,0,0,0,0,1,1,0.0,0.0,0.0,0.0,1.0,0.0,0.0,1,255,1.0,0.0,1.0,0.08,0.0,0.0,0.0,0.0,0,60476.0
0,1,44,5,0,0,0,0,0,0,0,0,0,0,0,0,0,0,0,0,0,0,121,11,1.0,1.0,0.0,0.0,0.09,0.07,0.0,175,11,0.06,0.07,0.01,0.0,1.0,1.0,0.0,0.0,1,52847.0
0,1,44,10,0,0,0,0,0,0,0,0,0,0,0,0,0,0,0,0,0,0,1,1,1.0,1.0,0.0,0.0,1.0,0.0,0.0,121,1,0.01,0.92,0.93,0.0,0.93,1.0,0.0,0.0,1,98033.0
0,1,22,9,376,892,0,0,0,0,0,1,0,0,0,0,0,0,0,0,0,0,17,17,0.0,0.0,0.0,0.0,1.0,0.0,0.0,255,255,1.0,0.0,0.0,0.0,0.0,0.0,0.0,0.0,0,68309.0
0,1,22,5,0,0,0,0,0,0,0,0,0,0,0,0,0,0,0,0,0,0,4,4,0.25,0.25,0.0,0.0,1.0,0.0,0.0,4,255,1.0,0.0,0.5,0.02,0.25,0.0,0.0,0.01,0,103830.0
0,1,22,9,0,8081,0,0,0,0,0,0,0,0,0,0,0,0,0,0,0,0,7,7,0.0,0.0,0.0,0.0,1.0,0.0,0.0,7,255,1.0,0.0,0.14,0.05,0.0,0.0,0.0,0.0,0,39440.0
0,2,11,9,46,129,0,0,0,0,0,0,0,0,0,0,0,0,0,0,0,0,19,234,0.0,0.0,0.0,0.0,1.0,0.0,0.01,77,200,0.81,0.03,0.81,0.01,0.0,0.0,0.14,0.0,0,95125.0
4269,1,40,4,1,0,0,0,0,0,0,0,0,0,0,0,0,0,0,0,0,0,2,2,0.0,0.0,1.0,1.0,1.0,0.0,0.0,255,2,0.01,0.73,1.0,0.0,0.0,0.0,1.0,1.0,1,44953.0
0,1,22,9,312,2698,0,0,0,0,0,1,0,0,0,0,0,0,1,0,0,0,5,10,0.0,0.0,0.2,0.0,0.8,0.4,0.2,255,248,0.97,0.01,0.0,0.0,0.0,0.0,0.0,0.0,0,103526.0
0,0,14,9,1480,0,0,1,0,0,0,0,0,0,0,0,0,0,0,0,0,0,5,5,0.0,0.0,0.0,0.0,1.0,0.0,0.0,255,5,0.02,0.02,0.02,0.0,0.0,0.0,0.0,0.0,1,11673.0
0,1,44,5,0,0,0,0,0,0,0,0,0,0,0,0,0,0,0,0,0,0,176,4,1.0,1.0,0.0,0.0,0.02,0.07,0.0,255,15,0.06,0.06,0.0,0.0,1.0,1.0,0.0,0.0,1,34582.0
0,1,57,5,0,0,0,0,0,0,0,0,0,0,0,0,0,0,0,0,0,0,107,2,1.0,1.0,0.0,0.0,0.02,0.07,0.0,255,2,0.01,0.08,0.0,0.0,1.0,1.0,0.0,0.0,1,71327.0
0,1,44,5,0,0,0,0,0,0,0,0,0,0,0,0,0,0,0,0,0,0,88,1,1.0,1.0,0.0,0.0,0.01,0.07,0.0,255,19,0.07,0.06,0.0,0.0,1.0,1.0,0.0,0.0,1,39298.0
13308,1,40,4,1,0,0,0,0,0,0,0,0,0,0,0,0,0,0,0,0,0,2,2,0.0,0.0,1.0,1.0,1.0,0.0,0.0,255,2,0.01,0.68,1.0,0.0,0.0,0.0,1.0,1.0,1,13599.0
0,1,44,5,0,0,0,0,0,0,0,0,0,0,0,0,0,0,0,0,0,0,288,17,1.0,1.0,0.0,0.0,0.06,0.06,0.0,255,15,0.06,0.09,0.0,0.0,1.0,1.0,0.0,0.0,1,40302.0
0,2,11,9,43,43,0,0,0,0,0,0,0,0,0,0,0,0,0,0,0,0,118,200,0.0,0.0,0.0,0.0,1.0,0.0,0.02,255,254,1.0,0.01,0.01,0.0,0.0,0.0,0.0,0.0,0,75287.0
0,1,19,9,1470,0,0,0,0,0,0,1,0,0,0,0,0,0,0,0,0,0,3,5,0.0,0.0,0.0,0.0,1.0,0.0,0.4,255,91,0.36,0.02,0.36,0.0,0.0,0.0,0.03,0.0,0,125074.0
0,1,32,1,0,0,0,0,0,0,0,0,0,0,0,0,0,0,0,0,0,0,207,4,0.0,0.0,1.0,1.0,0.02,0.07,0.0,255,20,0.08,0.07,0.0,0.0,0.0,0.0,1.0,1.0,1,75713.0
0,0,14,9,30,0,0,0,0,0,0,0,0,0,0,0,0,0,0,0,0,0,1,1,0.0,0.0,0.0,0.0,1.0,0.0,0.0,5,6,1.0,0.0,1.0,0.33,0.0,0.0,0.0,0.0,0,78272.0
0,1,22,5,0,0,0,0,0,0,0,0,0,0,0,0,0,0,0,0,0,0,268,2,1.0,1.0,0.0,0.0,0.01,0.06,0.0,255,3,0.01,0.07,0.0,0.0,1.0,1.0,0.0,0.0,1,29305.0
0,1,44,5,0,0,0,0,0,0,0,0,0,0,0,0,0,0,0,0,0,0,133,3,1.0,1.0,0.0,0.0,0.02,0.06,0.0,255,14,0.05,0.07,0.0,0.0,1.0,1.0,0.0,0.0,1,76081.0
0,1,3,1,0,0,0,0,0,0,0,0,0,0,0,0,0,0,0,0,0,0,220,10,0.0,0.0,1.0,1.0,0.05,0.06,0.0,255,10,0.04,0.08,0.0,0.0,0.0,0.0,1.0,1.0,1,34607.0
23,1,18,9,248,774,0,0,0,4,0,1,0,0,0,0,0,0,0,0,0,1,1,1,0.0,0.0,0.0,0.0,1.0,0.0,0.0,217,58,0.27,0.02,0.0,0.0,0.0,0.0,0.0,0.0,0,2925.0
0,2,11,9,44,73,0,0,0,0,0,0,0,0,0,0,0,0,0,0,0,0,250,251,0.0,0.0,0.0,0.0,1.0,0.0,0.01,255,207,0.81,0.01,0.0,0.0,0.0,0.0,0.0,0.0,0,49809.0
0,1,2,5,0,0,0,0,0,0,0,0,0,0,0,0,0,0,0,0,0,0,219,19,1.0,1.0,0.0,0.0,0.09,0.05,0.0,255,19,0.07,0.07,0.0,0.0,1.0,1.0,0.0,0.0,1,55366.0
0,2,11,9,43,126,0,0,0,0,0,0,0,0,0,0,0,0,0,0,0,0,69,151,0.0,0.0,0.0,0.0,1.0,0.0,0.03,255,254,1.0,0.01,0.0,0.0,0.0,0.0,0.0,0.0,0,56297.0
0,1,44,1,0,0,0,0,0,0,0,0,0,0,0,0,0,0,0,0,0,0,80,7,0.0,0.0,1.0,1.0,0.09,0.08,0.0,255,7,0.03,0.06,0.0,0.0,0.0,0.0,1.0,1.0,1,38849.0
0,2,11,9,42,108,0,0,0,0,0,0,0,0,0,0,0,0,0,0,0,0,2,3,0.0,0.0,0.0,0.0,1.0,0.0,0.67,255,248,0.97,0.01,0.0,0.0,0.0,0.0,0.0,0.0,0,65949.0
0,1,44,1,0,0,0,0,0,0,0,0,0,0,0,0,0,0,0,0,0,0,135,4,0.0,0.0,1.0,1.0,0.03,0.06,0.0,255,1,0.0,0.07,0.0,0.0,0.0,0.0,1.0,1.0,1,69607.0
0,1,57,2,0,0,0,0,0,0,0,0,0,0,0,0,0,0,0,0,0,0,299,19,0.0,0.0,1.0,1.0,0.06,0.06,0.0,255,19,0.07,0.06,0.0,0.0,0.0,0.0,1.0,1.0,1,107445.0
0,1,7,5,0,0,0,0,0,0,0,0,0,0,0,0,0,0,0,0,0,0,42,9,1.0,1.0,0.0,0.0,0.21,0.12,0.0,255,9,0.04,0.08,0.0,0.0,1.0,1.0,0.0,0.0,1,15119.0
0,1,44,5,0,0,0,0,0,0,0,0,0,0,0,0,0,0,0,0,0,0,223,21,1.0,1.0,0.0,0.0,0.09,0.04,0.0,255,21,0.08,0.05,0.0,0.0,1.0,1.0,0.0,0.0,1,47298.0
0,1,44,5,0,0,0,0,0,0,0,0,0,0,0,0,0,0,0,0,0,0,171,4,1.0,1.0,0.0,0.0,0.02,0.07,0.0,255,4,0.02,0.09,0.0,0.0,1.0,1.0,0.0,0.0,1,122235.0
0,1,49,9,125,239,0,0,0,0,0,1,0,0,0,0,0,0,0,0,0,0,2,1,0.0,0.0,0.0,0.0,0.5,1.0,0.0,118,92,0.31,0.6,0.01,0.02,0.0,0.0,0.56,0.0,0,53876.0
0,1,44,5,0,0,0,0,0,0,0,0,0,0,0,0,0,0,0,0,0,0,100,2,1.0,1.0,0.0,0.0,0.02,0.08,0.0,255,2,0.01,0.06,0.0,0.0,1.0,1.0,0.0,0.0,1,30792.0
0,1,17,9,13,229,0,0,0,0,0,0,0,0,0,0,0,0,0,0,0,0,1,1,0.0,0.0,0.0,0.0,1.0,0.0,0.0,57,16,0.11,0.07,0.02,0.19,0.0,0.0,0.0,0.0,0,42532.0
0,1,22,5,0,0,0,0,0,0,0,0,0,0,0,0,0,0,0,0,0,0,2,14,0.5,0.07,0.0,0.0,1.0,0.0,0.29,5,255,1.0,0.0,0.4,0.01,0.2,0.01,0.0,0.0,0,48970.0
0,1,22,9,229,12240,0,0,0,0,0,1,0,0,0,0,0,0,0,0,0,0,4,26,0.0,0.0,0.0,0.0,1.0,0.0,0.08,118,255,1.0,0.0,0.01,0.02,0.0,0.0,0.01,0.0,0,116022.0
0,1,22,9,294,1773,0,0,0,0,0,1,0,0,0,0,0,0,0,0,0,0,22,36,0.0,0.0,0.0,0.0,1.0,0.0,0.06,133,255,1.0,0.0,0.01,0.05,0.0,0.0,0.0,0.0,0,48768.0
0,1,38,5,0,0,0,0,0,0,0,0,0,0,0,0,0,0,0,0,0,0,249,19,1.0,1.0,0.0,0.0,0.08,0.06,0.0,255,2,0.01,0.07,0.0,0.0,1.0,1.0,0.0,0.0,1,54294.0
0,0,13,9,8,0,0,0,0,0,0,0,0,0,0,0,0,0,0,0,0,0,1,7,0.0,0.0,0.0,0.0,1.0,0.0,1.0,2,8,1.0,0.0,1.0,0.5,0.0,0.0,0.0,0.0,1,71573.0
0,2,44,9,105,147,0,0,0,0,0,0,0,0,0,0,0,0,0,0,0,0,6,1,0.0,0.0,0.0,0.0,0.17,0.33,0.0,255,238,0.93,0.01,0.0,0.0,0.0,0.0,0.0,0.0,0,69040.0
0,1,44,5,0,0,0,0,0,0,0,0,0,0,0,0,0,0,0,0,0,0,28,2,1.0,1.0,0.0,0.0,0.07,0.11,0.0,255,11,0.04,0.07,0.0,0.0,1.0,1.0,0.0,0.0,1,103871.0
0,1,22,9,207,669,0,0,0,0,0,1,0,0,0,0,0,0,0,0,0,0,1,2,0.0,0.0,0.0,0.0,1.0,0.0,1.0,255,255,1.0,0.0,0.0,0.0,0.0,0.0,0.0,0.0,0,122810.0
0,1,22,9,230,627,0,0,0,0,0,1,0,0,0,0,0,0,0,0,0,0,18,18,0.0,0.0,0.0,0.0,1.0,0.0,0.0,83,255,1.0,0.0,0.01,0.04,0.0,0.0,0.0,0.0,0,119941.0
0,0,13,9,8,0,0,0,0,0,0,0,0,0,0,0,0,0,0,0,0,0,1,21,0.0,0.0,0.0,0.0,1.0,0.0,1.0,1,29,1.0,0.0,1.0,0.52,0.0,0.0,0.0,0.0,1,108424.0
0,1,44,5,0,0,0,0,0,0,0,0,0,0,0,0,0,0,0,0,0,0,131,12,1.0,1.0,0.0,0.0,0.09,0.05,0.0,255,1,0.0,0.07,0.0,0.0,1.0,1.0,0.0,0.0,1,54205.0
0,1,44,5,0,0,0,0,0,0,0,0,0,0,0,0,0,0,0,0,0,0,124,12,1.0,1.0,0.0,0.0,0.1,0.07,0.0,255,14,0.05,0.07,0.0,0.0,1.0,1.0,0.0,0.0,1,15971.0
0,1,44,5,0,0,0,0,0,0,0,0,0,0,0,0,0,0,0,0,0,0,139,3,0.99,1.0,0.0,0.0,0.02,0.06,0.0,255,4,0.02,0.06,0.0,0.0,1.0,1.0,0.0,0.0,1,95897.0
0,1,62,5,0,0,0,0,0,0,0,0,0,0,0,0,0,0,0,0,0,0,226,16,1.0,1.0,0.0,0.0,0.07,0.05,0.0,255,16,0.06,0.07,0.0,0.0,1.0,1.0,0.0,0.0,1,119666.0
0,1,22,9,216,3166,0,0,0,0,0,1,0,0,0,0,0,0,0,0,0,0,30,30,0.0,0.0,0.0,0.0,1.0,0.0,0.0,255,255,1.0,0.0,0.0,0.0,0.0,0.0,0.0,0.0,0,20143.0
0,1,52,5,0,0,0,0,0,0,0,0,0,0,0,0,0,0,0,0,0,0,238,2,1.0,1.0,0.0,0.0,0.01,0.06,0.0,255,11,0.04,0.07,0.0,0.0,1.0,1.0,0.0,0.0,1,97394.0
0,1,22,9,318,716,0,0,0,0,0,1,0,0,0,0,0,0,0,0,0,0,6,6,0.0,0.0,0.0,0.0,1.0,0.0,0.0,148,255,1.0,0.0,0.01,0.04,0.0,0.0,0.0,0.0,0,40168.0
0,1,42,9,38,130,0,0,0,0,0,1,0,0,0,0,0,0,0,0,0,0,1,1,0.0,0.0,0.0,0.0,1.0,0.0,0.0,130,4,0.02,0.05,0.01,0.5,0.0,0.0,0.01,0.0,0,2453.0
0,2,44,9,28,0,0,3,0,0,0,0,0,0,0,0,0,0,0,0,0,0,2,2,0.0,0.0,0.0,0.0,1.0,0.0,0.0,205,2,0.01,0.05,0.01,0.0,0.02,0.0,0.0,0.0,1,24531.0
0,1,62,5,0,0,0,0,0,0,0,0,0,0,0,0,0,0,0,0,0,0,254,20,1.0,1.0,0.0,0.0,0.08,0.06,0.0,255,20,0.08,0.07,0.0,0.0,1.0,1.0,0.0,0.0,1,39833.0
0,1,22,9,54540,8314,0,0,0,2,0,1,1,0,0,0,0,0,0,0,0,0,2,2,0.0,0.0,0.0,0.0,1.0,0.0,0.0,37,37,1.0,0.0,0.03,0.0,0.0,0.0,0.0,0.0,1,125736.0
0,1,22,9,291,1229,0,0,0,0,0,1,0,0,0,0,0,0,0,0,0,0,16,16,0.0,0.0,0.0,0.0,1.0,0.0,0.0,46,255,1.0,0.0,0.02,0.07,0.0,0.0,0.0,0.0,0,50861.0
0,1,10,5,0,0,0,0,0,0,0,0,0,0,0,0,0,0,0,0,0,0,241,3,1.0,1.0,0.0,0.0,0.01,0.05,0.0,255,3,0.01,0.05,0.0,0.0,1.0,1.0,0.0,0.0,1,114659.0
0,0,14,9,1032,0,0,0,0,0,0,0,0,0,0,0,0,0,0,0,0,0,511,511,0.0,0.0,0.0,0.0,1.0,0.0,0.0,255,58,0.23,0.04,0.23,0.0,0.19,0.0,0.02,0.0,1,106974.0
3,1,49,9,741,330,0,0,0,0,0,1,0,0,0,0,0,0,0,0,0,0,1,2,0.0,0.0,0.0,0.0,1.0,0.0,1.0,230,148,0.58,0.02,0.0,0.01,0.0,0.0,0.0,0.0,0,53203.0
0,0,14,9,1480,0,0,1,0,0,0,0,0,0,0,0,0,0,0,0,0,0,2,4,0.0,0.0,0.0,0.0,1.0,0.0,0.5,5,151,0.8,0.4,0.8,0.04,0.2,0.0,0.0,0.0,1,5625.0
0,1,22,1,0,0,0,0,0,0,0,0,0,0,0,0,0,0,0,0,0,0,1,2,0.0,0.0,1.0,1.0,1.0,0.0,1.0,4,152,1.0,0.0,0.25,0.15,0.0,0.0,1.0,0.86,0,98476.0
0,0,13,9,30,0,0,0,0,0,0,0,0,0,0,0,0,0,0,0,0,0,7,1,0.0,0.0,0.0,0.0,0.14,0.29,0.0,255,3,0.01,0.01,0.1,0.0,0.0,0.0,0.0,0.0,0,37067.0
9319,2,40,9,147,105,0,0,0,0,0,0,0,0,0,0,0,0,0,0,0,0,1,1,0.0,0.0,0.0,0.0,1.0,0.0,0.0,255,1,0.0,0.85,0.99,0.0,0.0,0.0,0.0,0.0,0,75357.0
0,1,44,5,0,0,0,0,0,0,0,0,0,0,0,0,0,0,0,0,0,0,263,12,1.0,1.0,0.0,0.0,0.05,0.06,0.0,255,1,0.0,0.06,0.0,0.0,1.0,1.0,0.0,0.0,1,67897.0
0,1,22,5,0,0,0,0,0,0,0,0,0,0,0,0,0,0,0,0,0,0,12,11,0.92,1.0,0.08,0.0,0.92,0.17,0.0,255,51,0.2,0.04,0.0,0.0,1.0,1.0,0.0,0.0,1,77574.0
0,1,44,5,0,0,0,0,0,0,0,0,0,0,0,0,0,0,0,0,0,0,256,15,1.0,1.0,0.0,0.0,0.06,0.06,0.0,255,6,0.02,0.09,0.0,0.0,1.0,1.0,0.0,0.0,1,95468.0
0,1,44,5,0,0,0,0,0,0,0,0,0,0,0,0,0,0,0,0,0,0,126,15,1.0,1.0,0.0,0.0,0.12,0.06,0.0,255,17,0.07,0.07,0.0,0.0,1.0,1.0,0.0,0.0,1,106260.0
0,1,4,5,0,0,0,0,0,0,0,0,0,0,0,0,0,0,0,0,0,0,202,8,1.0,1.0,0.0,0.0,0.04,0.07,0.0,255,7,0.03,0.07,0.0,0.0,1.0,1.0,0.0,0.0,1,77991.0
0,1,40,1,0,0,0,0,0,0,0,0,0,0,0,0,0,0,0,0,0,0,1,1,0.0,0.0,1.0,1.0,1.0,0.0,0.0,25,25,1.0,0.0,0.04,0.0,0.0,0.0,1.0,1.0,0,77646.0
12666,1,0,4,1921,10470,0,0,0,0,0,0,0,0,0,0,0,0,0,0,0,0,1,1,0.0,0.0,1.0,1.0,1.0,0.0,0.0,8,2,0.25,0.25,0.12,0.0,0.0,0.0,0.25,1.0,0,9224.0
0,1,19,9,334,0,0,0,0,0,0,1,0,0,0,0,0,0,0,0,0,0,1,1,0.0,0.0,0.0,0.0,1.0,0.0,0.0,178,57,0.19,0.06,0.2,0.04,0.01,0.04,0.0,0.0,1,71553.0
0,1,22,9,158,8549,0,0,0,0,0,1,0,0,0,0,0,0,0,0,0,0,1,1,0.0,0.0,0.0,0.0,1.0,0.0,0.0,1,255,1.0,0.0,1.0,0.01,0.0,0.0,0.0,0.0,0,123394.0
0,1,19,9,175337,0,0,0,0,0,0,1,0,0,0,0,0,0,0,0,0,0,1,1,0.0,0.0,0.0,0.0,1.0,0.0,0.0,166,110,0.47,0.04,0.47,0.02,0.0,0.0,0.0,0.0,0,4194.0
0,1,22,9,294,1815,0,0,0,0,0,1,0,0,0,0,0,0,0,0,0,0,10,10,0.0,0.0,0.0,0.0,1.0,0.0,0.0,10,255,1.0,0.0,0.1,0.06,0.0,0.0,0.0,0.0,0,42439.0
0,1,44,5,0,0,0,0,0,0,0,0,0,0,0,0,0,0,0,0,0,0,184,16,1.0,1.0,0.0,0.0,0.09,0.07,0.0,255,16,0.06,0.07,0.0,0.0,1.0,1.0,0.0,0.0,1,115019.0
0,1,44,1,0,0,0,0,0,0,0,0,0,0,0,0,0,0,0,0,0,0,38,1,0.0,0.0,0.97,1.0,0.03,1.0,0.0,156,1,0.01,0.33,0.01,0.0,0.0,0.0,0.26,1.0,1,105234.0
0,1,49,5,0,0,0,0,0,0,0,0,0,0,0,0,0,0,0,0,0,0,2,2,0.5,0.5,0.0,0.0,1.0,0.0,0.0,151,129,0.59,0.05,0.01,0.02,0.01,0.02,0.0,0.0,1,49581.0
0,1,19,9,13239,0,0,0,0,0,0,0,0,0,0,0,0,0,0,0,0,0,3,3,0.0,0.0,0.0,0.0,1.0,0.0,0.0,81,70,0.64,0.07,0.64,0.03,0.01,0.0,0.0,0.0,0,104776.0
0,1,22,9,189,4766,0,0,0,0,0,1,0,0,0,0,0,0,0,0,0,0,5,5,0.0,0.0,0.0,0.0,1.0,0.0,0.0,29,184,1.0,0.0,0.03,0.05,0.0,0.0,0.0,0.0,0,22518.0
0,1,22,9,54540,8314,0,0,0,2,0,1,1,0,0,0,0,0,0,0,0,0,5,7,0.0,0.0,0.0,0.29,1.0,0.0,0.43,255,255,1.0,0.0,0.0,0.0,0.0,0.0,0.05,0.05,1,83570.0
0,1,22,1,0,0,0,0,0,0,0,0,0,0,0,0,0,0,0,0,0,0,1,1,0.0,0.0,1.0,1.0,1.0,0.0,0.0,2,243,1.0,0.0,0.5,0.02,0.0,0.0,1.0,0.19,0,107789.0
0,1,22,9,54540,8314,0,0,0,2,0,1,1,0,0,0,0,0,0,0,0,0,7,8,0.0,0.0,0.14,0.25,1.0,0.0,0.25,255,255,1.0,0.0,0.0,0.0,0.0,0.0,0.05,0.05,1,63350.0
0,1,42,9,35,130,0,0,0,0,0,1,0,0,0,0,0,0,0,0,0,0,1,1,0.0,0.0,0.0,0.0,1.0,0.0,0.0,255,5,0.02,0.03,0.0,0.0,0.0,0.0,0.0,0.0,0,6565.0
0,1,44,5,0,0,0,0,0,0,0,0,0,0,0,0,0,0,0,0,0,0,233,2,1.0,1.0,0.0,0.0,0.01,0.06,0.0,255,2,0.01,0.05,0.0,0.0,1.0,1.0,0.0,0.0,1,93193.0
0,2,44,9,28,0,0,3,0,0,0,0,0,0,0,0,0,0,0,0,0,0,97,97,0.0,0.0,0.0,0.0,1.0,0.0,0.0,255,97,0.38,0.01,0.38,0.0,0.0,0.0,0.0,0.0,1,87306.0
0,2,11,9,46,135,0,0,0,0,0,0,0,0,0,0,0,0,0,0,0,0,93,154,0.0,0.0,0.0,0.0,1.0,0.0,0.03,255,255,1.0,0.0,0.0,0.0,0.0,0.0,0.0,0.0,0,67761.0
6,1,55,9,116,1193,0,0,0,0,0,1,0,0,0,0,0,0,0,0,0,0,1,1,0.0,0.0,0.0,0.0,1.0,0.0,0.0,255,1,0.0,0.07,0.0,0.0,0.94,0.0,0.0,0.0,0,8852.0
0,0,13,9,8,0,0,0,0,0,0,0,0,0,0,0,0,0,0,0,0,0,1,13,0.0,0.0,0.0,0.0,1.0,0.0,1.0,2,50,1.0,0.0,1.0,0.5,0.0,0.0,0.0,0.0,1,122854.0
0,2,11,9,45,137,0,0,0,0,0,0,0,0,0,0,0,0,0,0,0,0,273,272,0.0,0.0,0.0,0.0,1.0,0.01,0.0,236,203,0.86,0.01,0.0,0.0,0.0,0.0,0.0,0.0,0,81885.0
15,1,49,9,803,330,0,0,0,0,0,1,0,0,0,0,0,0,0,0,0,0,1,1,0.0,0.0,0.0,0.0,1.0,0.0,0.0,139,129,0.63,0.03,0.01,0.02,0.0,0.0,0.0,0.0,0,77485.0
0,1,22,9,309,2728,0,0,0,0,0,1,0,0,0,0,0,0,0,0,0,0,5,5,0.0,0.0,0.0,0.0,1.0,0.0,0.0,32,230,1.0,0.0,0.03,0.03,0.0,0.0,0.0,0.0,0,4619.0
0,1,44,5,0,0,0,0,0,0,0,0,0,0,0,0,0,0,0,0,0,0,130,13,1.0,1.0,0.0,0.0,0.1,0.05,0.0,255,1,0.0,0.08,0.0,0.0,1.0,1.0,0.0,0.0,1,35052.0
0,1,44,5,0,0,0,0,0,0,0,0,0,0,0,0,0,0,0,0,0,0,234,21,1.0,1.0,0.0,0.0,0.09,0.04,0.0,255,21,0.08,0.05,0.0,0.0,1.0,1.0,0.0,0.0,1,95271.0
0,1,22,9,332,1167,0,0,0,0,0,1,0,0,0,0,0,0,0,0,0,0,32,32,0.0,0.0,0.0,0.0,1.0,0.0,0.0,182,255,1.0,0.0,0.01,0.02,0.0,0.0,0.0,0.0,0,8506.0
0,1,53,5,0,0,0,0,0,0,0,0,0,0,0,0,0,0,0,0,0,0,265,8,1.0,1.0,0.0,0.0,0.03,0.06,0.0,255,13,0.05,0.07,0.0,0.0,1.0,1.0,0.0,0.0,1,68365.0
0,1,44,5,0,0,0,0,0,0,0,0,0,0,0,0,0,0,0,0,0,0,214,10,1.0,1.0,0.0,0.0,0.05,0.06,0.0,255,10,0.04,0.05,0.0,0.0,1.0,1.0,0.0,0.0,1,82520.0
0,1,44,5,0,0,0,0,0,0,0,0,0,0,0,0,0,0,0,0,0,0,296,5,1.0,1.0,0.0,0.0,0.02,0.06,0.0,255,5,0.02,0.09,0.0,0.0,1.0,1.0,0.0,0.0,1,117772.0
0,1,15,5,0,0,0,0,0,0,0,0,0,0,0,0,0,0,0,0,0,0,150,25,1.0,1.0,0.0,0.0,0.17,0.05,0.0,255,25,0.1,0.05,0.0,0.0,1.0,1.0,0.0,0.0,1,20337.0
0,1,44,5,0,0,0,0,0,0,0,0,0,0,0,0,0,0,0,0,0,0,243,5,1.0,1.0,0.0,0.0,0.02,0.06,0.0,255,5,0.02,0.05,0.0,0.0,1.0,1.0,0.0,0.0,1,57651.0
0,0,13,9,8,0,0,0,0,0,0,0,0,0,0,0,0,0,0,0,0,0,1,52,0.0,0.0,0.0,0.0,1.0,0.0,1.0,2,138,1.0,0.0,1.0,0.5,0.0,0.0,0.0,0.0,1,78588.0
19,2,44,9,105,147,0,0,0,0,0,0,0,0,0,0,0,0,0,0,0,0,2,2,0.0,0.0,0.0,0.0,1.0,0.0,0.0,255,244,0.96,0.01,0.01,0.0,0.0,0.0,0.0,0.0,0,16880.0
0,0,14,9,1032,0,0,0,0,0,0,0,0,0,0,0,0,0,0,0,0,0,59,59,0.0,0.0,0.0,0.0,1.0,0.0,0.0,255,59,0.23,0.02,0.23,0.0,0.0,0.0,0.0,0.0,1,122511.0
0,1,22,9,307,1075,0,0,0,0,0,1,0,0,0,0,0,0,0,0,0,0,8,8,0.0,0.0,0.12,0.0,0.88,0.25,0.25,255,246,0.96,0.01,0.0,0.0,0.0,0.0,0.0,0.0,0,47986.0
0,1,22,9,165,456,0,0,0,0,0,1,0,0,0,0,0,0,0,0,0,0,1,1,0.0,0.0,0.0,0.0,1.0,0.0,0.0,5,255,1.0,0.0,0.2,0.04,0.0,0.0,0.0,0.0,0,78836.0
0,1,16,5,0,0,0,0,0,0,0,0,0,0,0,0,0,0,0,0,0,0,141,17,1.0,1.0,0.0,0.0,0.12,0.05,0.0,255,17,0.07,0.05,0.0,0.0,1.0,1.0,0.0,0.0,1,44702.0
0,0,13,9,8,0,0,0,0,0,0,0,0,0,0,0,0,0,0,0,0,0,1,31,0.0,0.0,0.0,0.0,1.0,0.0,1.0,1,86,1.0,0.0,1.0,0.51,0.0,0.0,0.0,0.0,1,90645.0
0,1,22,9,197,412,0,0,0,0,0,1,0,0,0,0,0,0,0,0,0,0,6,6,0.0,0.0,0.0,0.0,1.0,0.0,0.0,164,255,1.0,0.0,0.01,0.05,0.0,0.0,0.0,0.0,0,62734.0
0,1,22,9,307,5280,0,0,0,0,0,1,0,0,0,0,0,0,0,0,0,0,7,19,0.0,0.0,0.0,0.0,1.0,0.0,0.21,255,255,1.0,0.0,0.0,0.0,0.0,0.0,0.0,0.0,0,44664.0
0,1,22,9,338,3584,0,0,0,0,0,1,0,0,0,0,0,0,0,0,0,0,47,47,0.0,0.0,0.0,0.0,1.0,0.0,0.0,255,255,1.0,0.0,0.01,0.0,0.0,0.0,0.0,0.0,0,56699.0
0,1,44,10,0,0,0,0,0,0,0,0,0,0,0,0,0,0,0,0,0,0,1,1,1.0,1.0,0.0,0.0,1.0,0.0,0.0,192,1,0.01,0.95,0.96,0.0,0.96,1.0,0.0,0.0,1,103288.0
1,1,49,9,1262,334,0,0,0,0,0,1,0,0,0,0,0,0,0,0,0,0,2,4,0.0,0.0,0.0,0.0,1.0,0.0,0.75,187,141,0.51,0.02,0.01,0.01,0.0,0.0,0.0,0.0,0,97002.0
0,1,24,5,0,0,0,0,0,0,0,0,0,0,0,0,0,0,0,0,0,0,277,15,1.0,1.0,0.0,0.0,0.05,0.06,0.0,255,15,0.06,0.06,0.0,0.0,1.0,1.0,0.0,0.0,1,23389.0
0,1,22,9,147,6195,0,0,0,0,0,1,0,0,0,0,0,0,0,0,0,0,2,2,0.0,0.0,0.0,0.0,1.0,0.0,0.0,165,255,1.0,0.0,0.01,0.02,0.01,0.0,0.0,0.0,0,56798.0
0,0,58,9,78,0,0,0,0,0,0,0,0,0,0,0,0,0,0,0,0,0,7,2,0.0,0.0,0.0,0.0,0.29,0.29,0.0,255,23,0.09,0.01,0.09,0.0,0.0,0.0,0.0,0.0,0,38382.0
0,1,44,5,0,0,0,0,0,0,0,0,0,0,0,0,0,0,0,0,0,0,294,17,1.0,1.0,0.0,0.0,0.06,0.06,0.0,255,19,0.07,0.08,0.0,0.0,1.0,1.0,0.0,0.0,1,78224.0
0,0,58,9,78,0,0,0,0,0,0,0,0,0,0,0,0,0,0,0,0,0,25,3,0.0,0.0,0.0,0.0,0.12,0.08,0.0,255,13,0.05,0.01,0.05,0.0,0.0,0.0,0.0,0.0,0,92641.0
0,1,44,5,0,0,0,0,0,0,0,0,0,0,0,0,0,0,0,0,0,0,270,25,1.0,1.0,0.0,0.0,0.09,0.05,0.0,211,25,0.12,0.07,0.0,0.0,0.93,1.0,0.0,0.0,1,124202.0
0,1,44,5,0,0,0,0,0,0,0,0,0,0,0,0,0,0,0,0,0,0,129,17,1.0,1.0,0.0,0.0,0.13,0.05,0.0,255,2,0.01,0.09,0.0,0.0,1.0,1.0,0.0,0.0,1,22245.0
0,1,44,5,0,0,0,0,0,0,0,0,0,0,0,0,0,0,0,0,0,0,194,13,1.0,1.0,0.0,0.0,0.07,0.07,0.0,255,11,0.04,0.06,0.0,0.0,1.0,1.0,0.0,0.0,1,124302.0
0,1,17,5,0,0,0,0,0,0,0,0,0,0,0,0,0,0,0,0,0,0,18,5,1.0,1.0,0.0,0.0,0.28,0.22,0.0,255,65,0.25,0.02,0.01,0.0,1.0,1.0,0.0,0.0,1,24731.0
0,1,44,5,0,0,0,0,0,0,0,0,0,0,0,0,0,0,0,0,0,0,208,18,1.0,1.0,0.0,0.0,0.09,0.06,0.0,255,18,0.07,0.07,0.0,0.0,1.0,1.0,0.0,0.0,1,19982.0
5,1,49,9,1603,404,0,0,0,0,0,1,0,0,0,0,0,0,0,0,0,0,1,2,0.0,0.0,0.0,0.0,1.0,0.0,1.0,91,174,0.73,0.12,0.01,0.01,0.01,0.01,0.0,0.0,0,76262.0
0,1,22,9,226,3127,0,0,0,0,0,1,0,0,0,0,0,0,0,0,0,0,20,20,0.0,0.0,0.0,0.0,1.0,0.0,0.0,65,255,1.0,0.0,0.02,0.04,0.0,0.0,0.0,0.0,0,83334.0
220,2,40,9,147,105,0,0,0,0,0,0,0,0,0,0,0,0,0,0,0,0,1,1,0.0,0.0,0.0,0.0,1.0,0.0,0.0,255,1,0.0,0.69,0.95,0.0,0.0,0.0,0.0,0.0,0,123078.0
0,1,22,9,263,243,0,0,0,0,0,1,0,0,0,0,0,0,0,0,0,0,12,13,0.0,0.0,0.0,0.0,1.0,0.0,0.15,88,255,1.0,0.0,0.01,0.03,0.0,0.0,0.0,0.0,0,25315.0
0,1,22,9,322,1938,0,0,0,0,0,1,0,0,0,0,0,0,0,0,0,0,2,5,0.0,0.0,0.0,0.0,1.0,0.0,0.8,36,255,1.0,0.0,0.03,0.06,0.0,0.0,0.0,0.0,0,124264.0
0,1,22,9,317,2186,0,0,0,0,0,1,0,0,0,0,0,0,0,0,0,0,22,23,0.0,0.0,0.0,0.0,1.0,0.0,0.09,255,255,1.0,0.0,0.0,0.0,0.0,0.0,0.0,0.0,0,21693.0
0,1,22,9,309,942,0,0,0,0,0,1,0,0,0,0,0,0,0,0,0,0,14,14,0.0,0.0,0.0,0.0,1.0,0.0,0.0,14,255,1.0,0.0,0.07,0.02,0.0,0.0,0.0,0.0,0,95995.0
0,1,22,9,360,259,0,0,0,0,0,1,0,0,0,0,0,0,0,0,0,0,1,1,0.0,0.0,0.0,0.0,1.0,0.0,0.0,15,255,1.0,0.0,0.07,0.05,0.0,0.0,0.0,0.0,0,30145.0
0,1,19,9,10044,0,0,0,0,0,0,0,0,0,0,0,0,0,0,0,0,0,2,2,0.0,0.0,0.0,0.0,1.0,0.0,0.0,253,74,0.29,0.02,0.29,0.0,0.0,0.0,0.0,0.0,0,81593.0
0,1,44,1,0,0,0,0,0,0,0,0,0,0,0,0,0,0,0,0,0,0,292,18,0.0,0.0,1.0,1.0,0.06,0.06,0.0,255,36,0.14,0.06,0.0,0.0,0.0,0.0,1.0,1.0,1,81594.0
0,1,22,9,218,327,0,0,0,0,0,1,0,0,0,0,0,0,0,0,0,0,7,30,0.0,0.0,0.0,0.0,1.0,0.0,0.2,255,255,1.0,0.0,0.01,0.0,0.0,0.0,0.0,0.0,0,102181.0
0,1,24,1,0,0,0,0,0,0,0,0,0,0,0,0,0,0,0,0,0,0,235,4,0.0,0.0,1.0,1.0,0.02,0.07,0.0,255,4,0.02,0.07,0.0,0.0,0.0,0.0,1.0,1.0,1,111950.0
0,1,22,9,221,4116,0,0,0,0,0,1,0,0,0,0,0,0,0,0,0,0,26,26,0.0,0.0,0.0,0.0,1.0,0.0,0.0,61,105,1.0,0.0,0.02,0.04,0.0,0.0,0.0,0.0,0,18284.0
0,1,15,5,0,0,0,0,0,0,0,0,0,0,0,0,0,0,0,0,0,0,127,2,1.0,1.0,0.0,0.0,0.02,0.06,0.0,255,19,0.07,0.07,0.0,0.0,1.0,1.0,0.0,0.0,1,72688.0
0,2,11,9,45,45,0,0,0,0,0,0,0,0,0,0,0,0,0,0,0,0,241,240,0.0,0.0,0.0,0.0,1.0,0.01,0.0,255,254,1.0,0.01,0.0,0.0,0.0,0.0,0.0,0.0,0,11521.0
0,1,22,1,0,0,0,0,0,0,0,0,0,0,0,0,0,0,0,0,0,0,1,5,0.0,0.0,1.0,1.0,1.0,0.0,0.8,2,255,1.0,0.0,0.5,0.24,0.0,0.0,1.0,1.0,0,10627.0
0,1,22,9,217,1748,0,0,0,0,0,1,0,0,0,0,0,0,0,0,0,0,23,23,0.0,0.0,0.0,0.0,1.0,0.0,0.0,23,255,1.0,0.0,0.04,0.05,0.0,0.0,0.0,0.0,0,26844.0
0,2,11,9,44,44,0,0,0,0,0,0,0,0,0,0,0,0,0,0,0,0,113,113,0.0,0.0,0.0,0.0,1.0,0.0,0.0,255,252,0.99,0.01,0.0,0.0,0.0,0.0,0.0,0.0,0,6317.0
0,1,57,5,0,0,0,0,0,0,0,0,0,0,0,0,0,0,0,0,0,0,228,16,1.0,1.0,0.0,0.0,0.07,0.05,0.0,255,16,0.06,0.06,0.0,0.0,1.0,1.0,0.0,0.0,1,101423.0
0,1,4,5,0,0,0,0,0,0,0,0,0,0,0,0,0,0,0,0,0,0,240,2,1.0,1.0,0.0,0.0,0.01,0.06,0.0,255,2,0.01,0.05,0.0,0.0,1.0,1.0,0.0,0.0,1,44407.0
0,1,22,9,330,373,0,0,0,0,0,1,0,0,0,0,0,0,0,0,0,0,20,20,0.0,0.0,0.0,0.0,1.0,0.0,0.0,255,255,1.0,0.0,0.0,0.0,0.0,0.0,0.0,0.0,0,113199.0
0,0,13,9,8,0,0,0,0,0,0,0,0,0,0,0,0,0,0,0,0,0,1,39,0.0,0.0,0.0,0.0,1.0,0.0,1.0,1,73,1.0,0.0,1.0,0.51,0.0,0.0,0.0,0.0,1,113474.0
0,1,22,9,219,788,0,0,0,0,0,1,0,0,0,0,0,0,0,0,0,0,4,4,0.0,0.0,0.0,0.0,1.0,0.0,0.0,46,255,1.0,0.0,0.02,0.05,0.0,0.0,0.0,0.0,0,25336.0
0,1,22,9,223,343,0,0,0,0,0,1,0,0,0,0,0,0,0,0,0,0,2,48,0.0,0.0,0.0,0.0,1.0,0.0,0.1,19,255,1.0,0.0,0.05,0.01,0.0,0.0,0.0,0.0,0,117885.0
0,1,23,1,0,0,0,0,0,0,0,0,0,0,0,0,0,0,0,0,0,0,137,8,0.0,0.0,1.0,1.0,0.06,0.06,0.0,255,8,0.03,0.06,0.0,0.0,0.0,0.0,1.0,1.0,1,67258.0
0,0,13,9,8,0,0,0,0,0,0,0,0,0,0,0,0,0,0,0,0,0,1,13,0.0,0.0,0.0,0.0,1.0,0.0,1.0,2,58,1.0,0.0,1.0,0.5,0.0,0.0,0.0,0.0,1,12274.0
0,1,22,9,195,679,0,0,0,0,0,1,0,0,0,0,0,0,0,0,0,0,2,2,0.0,0.0,0.0,0.0,1.0,0.0,0.0,54,255,1.0,0.0,0.02,0.07,0.0,0.01,0.02,0.01,0,84952.0
0,1,22,9,298,316,0,0,0,0,0,1,0,0,0,0,0,0,0,0,0,0,10,12,0.0,0.0,0.0,0.0,1.0,0.0,0.25,255,255,1.0,0.0,0.0,0.0,0.0,0.0,0.0,0.0,0,83316.0
0,1,54,4,0,0,0,0,0,0,0,0,0,0,0,0,0,0,0,0,0,0,1,1,0.0,0.0,1.0,1.0,1.0,0.0,0.0,141,1,0.01,0.1,0.15,0.0,0.0,0.0,0.15,1.0,1,28030.0
0,1,19,9,1376,0,0,0,0,0,0,1,0,0,0,0,0,0,0,0,0,0,17,17,0.0,0.0,0.0,0.0,1.0,0.0,0.0,38,36,0.61,0.08,0.61,0.06,0.0,0.03,0.0,0.0,0,14732.0
0,1,22,9,230,611,0,0,0,0,0,1,0,0,0,0,0,0,0,0,0,0,7,12,0.0,0.0,0.0,0.0,1.0,0.0,0.17,7,255,1.0,0.0,0.14,0.01,0.0,0.0,0.0,0.0,0,76312.0
0,1,16,5,0,0,0,0,0,0,0,0,0,0,0,0,0,0,0,0,0,0,140,15,1.0,1.0,0.0,0.0,0.11,0.06,0.0,255,15,0.06,0.07,0.0,0.0,1.0,1.0,0.0,0.0,1,11327.0
0,1,44,5,0,0,0,0,0,0,0,0,0,0,0,0,0,0,0,0,0,0,77,2,1.0,1.0,0.0,0.0,0.03,0.09,0.0,255,2,0.01,0.07,0.0,0.0,1.0,1.0,0.0,0.0,1,62094.0
0,1,44,5,0,0,0,0,0,0,0,0,0,0,0,0,0,0,0,0,0,0,136,6,1.0,1.0,0.0,0.0,0.04,0.06,0.0,255,7,0.03,0.08,0.0,0.0,1.0,1.0,0.0,0.0,1,86221.0
0,0,13,9,8,0,0,0,0,0,0,0,0,0,0,0,0,0,0,0,0,0,1,41,0.0,0.0,0.0,0.0,1.0,0.0,1.0,2,58,1.0,0.0,1.0,0.5,0.0,0.0,0.0,0.0,1,55845.0
0,1,19,9,740,0,0,0,0,0,0,1,0,0,0,9,0,0,0,0,0,0,2,4,0.0,0.0,0.0,0.0,1.0,0.0,0.5,232,45,0.19,0.02,0.19,0.0,0.0,0.0,0.0,0.0,0,43028.0
0,1,62,5,0,0,0,0,0,0,0,0,0,0,0,0,0,0,0,0,0,0,202,2,1.0,1.0,0.0,0.0,0.01,0.06,0.0,255,2,0.01,0.08,0.0,0.0,1.0,1.0,0.0,0.0,1,116495.0
0,1,18,5,0,0,0,0,0,0,0,0,0,0,0,0,0,0,0,0,0,0,212,13,1.0,1.0,0.0,0.0,0.06,0.06,0.0,255,13,0.05,0.05,0.0,0.0,1.0,1.0,0.0,0.0,1,120462.0
0,1,33,5,0,0,0,0,0,0,0,0,0,0,0,0,0,0,0,0,0,0,249,25,1.0,1.0,0.0,0.0,0.1,0.05,0.0,255,25,0.1,0.06,0.0,0.0,1.0,1.0,0.0,0.0,1,15008.0
0,2,11,9,45,111,0,0,0,0,0,0,0,0,0,0,0,0,0,0,0,0,66,146,0.0,0.0,0.0,0.0,1.0,0.0,0.01,255,255,1.0,0.0,0.0,0.0,0.0,0.0,0.0,0.0,0,53381.0
0,2,11,9,44,44,0,0,0,0,0,0,0,0,0,0,0,0,0,0,0,0,150,232,0.0,0.0,0.0,0.0,1.0,0.0,0.02,255,255,1.0,0.0,0.01,0.0,0.0,0.0,0.0,0.0,0,30599.0
13,1,55,9,141,2851,0,0,0,0,0,1,0,0,0,0,0,0,0,0,0,0,1,1,0.0,0.0,0.0,0.0,1.0,0.0,0.0,1,6,1.0,0.0,1.0,1.0,0.0,0.0,0.0,0.0,0,37641.0
0,1,55,5,0,0,0,0,0,0,0,0,0,0,0,0,0,0,0,0,0,0,244,13,1.0,1.0,0.0,0.0,0.05,0.06,0.0,255,19,0.07,0.07,0.0,0.0,1.0,1.0,0.0,0.0,1,75388.0
0,0,14,9,30,0,0,0,0,0,0,0,0,0,0,0,0,0,0,0,0,0,1,1,0.0,0.0,0.0,0.0,1.0,0.0,0.0,251,251,1.0,0.0,1.0,0.0,0.0,0.0,0.0,0.0,0,22509.0
0,1,49,9,676,328,0,0,0,0,0,1,0,0,0,0,0,0,0,0,0,0,1,1,0.0,0.0,0.0,0.0,1.0,0.0,0.0,119,187,0.73,0.04,0.01,0.01,0.0,0.0,0.0,0.0,0,562.0
571,1,55,9,477,2196,0,0,0,0,0,1,7,0,0,0,0,0,0,0,0,0,1,1,0.0,0.0,0.0,0.0,1.0,0.0,0.0,86,21,0.23,0.03,0.01,0.1,0.0,0.05,0.0,0.0,0,6622.0
0,1,22,9,218,27331,0,0,0,0,0,1,0,0,0,0,0,0,0,0,0,0,6,6,0.0,0.0,0.0,0.0,1.0,0.0,0.0,6,255,1.0,0.0,0.17,0.04,0.0,0.0,0.0,0.0,0,44045.0
1,1,49,9,821,368,0,0,0,0,0,1,0,0,0,0,0,0,0,0,0,0,1,2,0.0,0.0,0.0,0.0,1.0,0.0,1.0,173,122,0.59,0.03,0.01,0.02,0.0,0.0,0.0,0.0,0,125379.0
0,1,22,9,307,334,0,0,0,0,0,1,0,0,0,0,0,0,0,0,0,0,10,23,0.0,0.0,0.0,0.0,1.0,0.0,0.26,255,255,1.0,0.0,0.0,0.0,0.0,0.0,0.0,0.0,0,111631.0
0,1,61,5,0,0,0,0,0,0,0,0,0,0,0,0,0,0,0,0,0,0,298,20,1.0,1.0,0.0,0.0,0.07,0.05,0.0,255,20,0.08,0.07,0.0,0.0,1.0,1.0,0.0,0.0,1,61870.0
0,1,44,1,0,0,0,0,0,0,0,0,0,0,0,0,0,0,0,0,0,0,374,1,0.0,0.0,1.0,1.0,0.0,0.52,0.0,255,1,0.0,0.52,1.0,0.0,0.0,0.0,1.0,1.0,1,121153.0
0,1,19,9,1363,0,0,0,0,0,0,0,0,0,0,0,0,0,0,0,0,0,17,17,0.0,0.0,0.0,0.0,1.0,0.0,0.0,246,69,0.28,0.02,0.28,0.0,0.0,0.0,0.0,0.0,0,18249.0
0,2,11,9,44,110,0,0,0,0,0,0,0,0,0,0,0,0,0,0,0,0,150,230,0.0,0.0,0.0,0.0,0.99,0.01,0.01,255,254,1.0,0.01,0.0,0.0,0.0,0.0,0.0,0.0,0,107536.0
0,1,44,5,0,0,0,0,0,0,0,0,0,0,0,0,0,0,0,0,0,0,106,2,1.0,1.0,0.0,0.0,0.02,0.07,0.0,255,9,0.04,0.07,0.0,0.0,1.0,1.0,0.0,0.0,1,92056.0
0,1,44,5,0,0,0,0,0,0,0,0,0,0,0,0,0,0,0,0,0,0,256,10,1.0,1.0,0.0,0.0,0.04,0.05,0.0,255,17,0.07,0.07,0.0,0.0,1.0,1.0,0.0,0.0,1,113482.0
0,1,19,9,4539,0,0,0,0,0,0,0,0,0,0,0,0,0,0,0,0,0,21,21,0.0,0.0,0.0,0.0,1.0,0.0,0.0,255,112,0.44,0.03,0.44,0.0,0.0,0.0,0.0,0.0,0,33376.0
0,1,44,5,0,0,0,0,0,0,0,0,0,0,0,0,0,0,0,0,0,0,239,23,1.0,1.0,0.0,0.0,0.1,0.05,0.0,255,23,0.09,0.07,0.0,0.0,1.0,1.0,0.0,0.0,1,4162.0
0,1,44,5,0,0,0,0,0,0,0,0,0,0,0,0,0,0,0,0,0,0,194,10,1.0,1.0,0.0,0.0,0.05,0.06,0.0,255,19,0.07,0.07,0.0,0.0,1.0,1.0,0.0,0.0,1,26536.0
0,1,22,5,0,0,0,0,0,0,0,0,0,0,0,0,0,0,0,0,0,0,2,2,0.5,0.5,0.0,0.0,1.0,0.0,0.0,205,255,1.0,0.0,0.01,0.01,0.0,0.0,0.0,0.0,0,94043.0
0,1,22,9,205,465,0,0,0,0,0,1,0,0,0,0,0,0,0,0,0,0,3,4,0.0,0.0,0.0,0.0,1.0,0.0,0.5,3,255,1.0,0.0,0.33,0.03,0.0,0.0,0.0,0.0,0,5495.0
0,1,49,9,698,331,0,0,0,0,0,1,0,0,0,0,0,0,0,0,0,0,1,1,0.0,0.0,0.0,0.0,1.0,0.0,0.0,73,204,0.7,0.08,0.01,0.01,0.01,0.0,0.0,0.0,0,37003.0
0,1,60,1,0,0,0,0,0,0,0,0,0,0,0,0,0,0,0,0,0,0,145,20,0.0,0.0,1.0,1.0,0.14,0.06,0.0,255,8,0.03,0.07,0.0,0.0,0.0,0.0,1.0,1.0,1,70143.0
0,1,22,5,0,0,0,0,0,0,0,0,0,0,0,0,0,0,0,0,0,0,10,10,1.0,1.0,0.0,0.0,1.0,0.0,0.0,12,10,0.83,0.17,0.08,0.0,0.83,1.0,0.0,0.0,1,55647.0
0,1,44,5,0,0,0,0,0,0,0,0,0,0,0,0,0,0,0,0,0,0,252,3,1.0,1.0,0.0,0.0,0.01,0.06,0.0,255,5,0.02,0.07,0.0,0.0,1.0,1.0,0.0,0.0,1,52390.0
0,1,44,1,0,0,0,0,0,0,0,0,0,0,0,0,0,0,0,0,0,0,1,1,0.0,0.0,1.0,1.0,1.0,0.0,0.0,9,2,0.11,1.0,0.11,1.0,0.0,0.0,0.67,1.0,1,71500.0
0,1,17,5,0,0,0,0,0,0,0,0,0,0,0,0,0,0,0,0,0,0,208,2,1.0,1.0,0.0,0.0,0.01,0.07,0.0,255,20,0.08,0.07,0.0,0.0,1.0,1.0,0.0,0.0,1,83887.0
30057,1,44,4,1,0,0,0,0,0,0,0,0,0,0,0,0,0,0,0,0,0,2,2,0.0,0.0,1.0,1.0,1.0,0.0,0.0,255,2,0.01,0.62,1.0,0.0,0.0,0.0,1.0,1.0,1,24686.0
0,1,40,1,0,0,0,0,0,0,0,0,0,0,0,0,0,0,0,0,0,0,510,1,0.13,0.0,0.87,1.0,0.0,1.0,0.0,255,1,0.0,1.0,0.0,0.0,0.19,0.0,0.81,1.0,1,91980.0
0,1,22,9,296,682,0,0,0,0,0,1,0,0,0,0,0,0,0,0,0,0,2,2,0.5,0.5,0.0,0.0,1.0,0.0,0.0,255,255,1.0,0.0,0.01,0.0,0.0,0.0,0.0,0.0,0,92387.0
12,1,22,9,54540,8314,0,0,0,2,0,1,1,0,0,0,0,0,0,0,0,0,4,4,0.0,0.0,0.25,0.25,1.0,0.0,0.0,19,19,1.0,0.0,0.05,0.0,0.0,0.0,0.42,0.42,1,20600.0
0,1,22,1,0,0,0,0,0,0,0,0,0,0,0,0,0,0,0,0,0,0,1,1,0.0,0.0,1.0,1.0,1.0,0.0,0.0,12,229,1.0,0.0,0.08,0.19,0.0,0.0,1.0,1.0,0,55506.0
0,1,33,5,0,0,0,0,0,0,0,0,0,0,0,0,0,0,0,0,0,0,209,6,1.0,1.0,0.0,0.0,0.03,0.08,0.0,255,6,0.02,0.09,0.0,0.0,1.0,1.0,0.0,0.0,1,60417.0
0,1,44,5,0,0,0,0,0,0,0,0,0,0,0,0,0,0,0,0,0,0,158,2,1.0,1.0,0.0,0.0,0.01,0.06,0.0,255,18,0.07,0.09,0.0,0.0,1.0,1.0,0.0,0.0,1,6669.0
0,1,4,5,0,0,0,0,0,0,0,0,0,0,0,0,0,0,0,0,0,0,265,9,1.0,1.0,0.0,0.0,0.03,0.06,0.0,255,9,0.04,0.06,0.0,0.0,1.0,1.0,0.0,0.0,1,875.0
0,1,22,9,320,520,0,0,0,0,0,1,0,0,0,0,0,0,0,0,0,0,23,43,0.0,0.0,0.0,0.0,1.0,0.0,0.12,255,255,1.0,0.0,0.0,0.0,0.0,0.0,0.0,0.0,0,979.0
0,2,11,9,134,44,0,0,0,0,0,0,0,0,0,0,0,0,0,0,0,0,273,272,0.0,0.0,0.0,0.0,1.0,0.01,0.0,162,129,0.8,0.01,0.34,0.0,0.0,0.0,0.0,0.0,0,11945.0
0,1,7,5,0,0,0,0,0,0,0,0,0,0,0,0,0,0,0,0,0,0,147,8,1.0,1.0,0.0,0.0,0.05,0.05,0.0,255,5,0.02,0.06,0.0,0.0,1.0,1.0,0.0,0.0,1,67037.0
0,1,44,5,0,0,0,0,0,0,0,0,0,0,0,0,0,0,0,0,0,0,267,8,1.0,1.0,0.0,0.0,0.03,0.06,0.0,255,5,0.02,0.07,0.0,0.0,1.0,1.0,0.0,0.0,1,91915.0
0,1,22,9,288,2596,0,0,0,0,0,1,0,0,0,0,0,0,0,0,0,0,37,37,0.0,0.0,0.0,0.0,1.0,0.0,0.0,255,255,1.0,0.0,0.0,0.0,0.0,0.0,0.0,0.0,0,92290.0
0,2,11,9,46,142,0,0,0,0,0,0,0,0,0,0,0,0,0,0,0,0,95,175,0.0,0.0,0.0,0.0,1.0,0.0,0.01,255,255,1.0,0.0,0.0,0.0,0.0,0.0,0.0,0.0,0,4933.0
0,1,22,9,286,227,0,0,0,0,0,1,0,0,0,0,0,0,0,0,0,0,2,2,0.0,0.0,0.0,0.0,1.0,0.0,0.0,95,255,1.0,0.0,0.01,0.01,0.0,0.0,0.0,0.0,0,56479.0
0,1,22,9,210,678,0,0,0,0,0,1,0,0,0,0,0,0,0,0,0,0,12,39,0.0,0.0,0.0,0.0,1.0,0.0,0.08,255,255,1.0,0.0,0.0,0.0,0.0,0.0,0.0,0.0,0,50578.0
0,1,32,5,0,0,0,0,0,0,0,0,0,0,0,0,0,0,0,0,0,0,287,6,1.0,1.0,0.0,0.0,0.02,0.06,0.0,255,13,0.05,0.07,0.0,0.0,1.0,1.0,0.0,0.0,1,27856.0
0,1,22,9,251,1973,0,0,0,0,0,1,0,0,0,0,0,0,0,0,0,0,2,11,0.0,0.0,0.0,0.0,1.0,0.0,0.36,255,255,1.0,0.0,0.0,0.0,0.0,0.0,0.0,0.0,0,38131.0
0,1,22,9,287,420,0,0,0,0,0,1,0,0,0,0,0,0,0,0,0,0,8,8,0.0,0.0,0.0,0.0,1.0,0.0,0.0,255,255,1.0,0.0,0.0,0.0,0.0,0.0,0.0,0.0,0,54445.0
0,1,28,1,0,0,0,0,0,0,0,0,0,0,0,0,0,0,0,0,0,0,132,20,0.0,0.0,1.0,1.0,0.15,0.06,0.0,255,20,0.08,0.06,0.0,0.0,0.0,0.0,1.0,1.0,1,125476.0
0,1,22,9,312,3275,0,0,0,0,0,1,0,0,0,0,0,0,0,0,0,0,6,6,0.0,0.0,0.0,0.0,1.0,0.0,0.0,25,255,1.0,0.0,0.04,0.01,0.0,0.0,0.0,0.0,0,39867.0
0,0,13,9,8,0,0,0,0,0,0,0,0,0,0,0,0,0,0,0,0,0,1,37,0.0,0.0,0.0,0.0,1.0,0.0,1.0,1,165,1.0,0.0,1.0,0.25,0.0,0.0,0.0,0.0,1,47307.0
0,1,44,5,0,0,0,0,0,0,0,0,0,0,0,0,0,0,0,0,0,0,231,3,1.0,1.0,0.0,0.0,0.01,0.06,0.0,255,3,0.01,0.07,0.0,0.0,1.0,1.0,0.0,0.0,1,60518.0
0,0,13,9,8,0,0,0,0,0,0,0,0,0,0,0,0,0,0,0,0,0,1,47,0.0,0.0,0.0,0.0,1.0,0.0,1.0,2,18,1.0,0.0,1.0,0.28,0.0,0.0,0.0,0.0,1,43529.0
0,2,44,9,28,0,0,3,0,0,0,0,0,0,0,0,0,0,0,0,0,0,16,16,0.0,0.0,0.0,0.0,1.0,0.0,0.0,255,16,0.06,0.02,0.06,0.0,0.0,0.0,0.73,0.0,1,7887.0
0,1,22,9,450,5369,0,0,0,0,0,1,0,0,0,0,0,0,0,0,0,0,3,3,0.0,0.0,0.0,0.0,1.0,0.0,0.0,255,255,1.0,0.0,0.0,0.0,0.0,0.0,0.0,0.0,0,64388.0
0,1,31,5,0,0,0,0,0,0,0,0,0,0,0,0,0,0,0,0,0,0,144,18,1.0,1.0,0.0,0.0,0.12,0.06,0.0,255,9,0.04,0.07,0.0,0.0,1.0,1.0,0.0,0.0,1,24811.0
4,1,49,9,3245,330,0,0,0,0,0,1,0,0,0,0,0,0,0,0,0,0,1,2,0.0,0.0,0.0,0.0,1.0,0.0,1.0,168,171,0.67,0.02,0.01,0.01,0.0,0.0,0.0,0.0,0,52193.0
0,1,22,1,0,0,0,0,0,0,0,0,0,0,0,0,0,0,0,0,0,0,1,1,0.0,0.0,1.0,1.0,1.0,0.0,0.0,124,255,1.0,0.0,0.01,0.08,0.0,0.0,1.0,0.97,0,14341.0
0,0,14,9,520,0,0,0,0,0,0,0,0,0,0,0,0,0,0,0,0,0,480,480,0.0,0.0,0.0,0.0,1.0,0.0,0.0,61,61,1.0,0.0,1.0,0.0,0.0,0.0,0.0,0.0,1,7655.0
0,1,22,9,200,2568,0,0,0,0,0,1,0,0,0,0,0,0,0,0,0,0,3,3,0.0,0.0,0.0,0.0,1.0,0.0,0.0,158,255,1.0,0.0,0.01,0.03,0.0,0.0,0.0,0.0,0,10604.0
0,1,32,5,0,0,0,0,0,0,0,0,0,0,0,0,0,0,0,0,0,0,290,16,1.0,1.0,0.0,0.0,0.06,0.06,0.0,255,5,0.02,0.07,0.0,0.0,1.0,1.0,0.0,0.0,1,54053.0
0,2,11,9,45,136,0,0,0,0,0,0,0,0,0,0,0,0,0,0,0,0,68,148,0.0,0.0,0.0,0.0,1.0,0.0,0.01,255,254,1.0,0.01,0.0,0.0,0.0,0.0,0.0,0.0,0,23548.0
0,1,12,5,0,0,0,0,0,0,0,0,0,0,0,0,0,0,0,0,0,0,217,2,1.0,1.0,0.0,0.0,0.01,0.07,0.0,255,2,0.01,0.09,0.0,0.0,1.0,1.0,0.0,0.0,1,93711.0
0,1,22,9,247,7340,0,0,0,0,0,1,0,0,0,0,0,0,0,0,0,0,1,1,0.0,0.0,0.0,0.0,1.0,0.0,0.0,255,255,1.0,0.0,0.0,0.0,0.0,0.0,0.0,0.0,0,71925.0
0,1,22,9,310,422,0,0,0,0,0,1,0,0,0,0,0,0,0,0,0,0,5,5,0.0,0.0,0.0,0.0,1.0,0.0,0.0,255,255,1.0,0.0,0.0,0.0,0.0,0.0,0.0,0.0,0,10824.0
0,1,22,9,265,14496,0,0,0,0,0,1,0,0,0,0,0,0,0,0,0,0,4,4,0.0,0.0,0.0,0.0,1.0,0.0,0.0,255,255,1.0,0.0,0.0,0.0,0.0,0.0,0.0,0.0,0,116037.0
0,2,11,9,89,0,0,0,0,0,0,0,0,0,0,0,0,0,0,0,0,0,1,1,0.0,0.0,0.0,0.0,1.0,0.0,0.0,115,44,0.38,0.02,0.38,0.0,0.0,0.0,0.0,0.0,0,37588.0
0,2,11,9,46,485,0,0,0,0,0,0,0,0,0,0,0,0,0,0,0,0,114,181,0.0,0.0,0.0,0.0,1.0,0.0,0.01,250,210,0.84,0.01,0.0,0.0,0.0,0.0,0.0,0.0,0,46340.0
0,0,13,9,18,0,0,0,0,0,0,0,0,0,0,0,0,0,0,0,0,0,1,1,0.0,0.0,0.0,0.0,1.0,0.0,0.0,1,174,1.0,0.0,1.0,1.0,0.0,0.0,0.0,0.0,1,122876.0
0,2,44,9,105,0,0,0,0,0,0,0,0,0,0,0,0,0,0,0,0,0,1,1,0.0,0.0,0.0,0.0,1.0,0.0,0.0,40,4,0.1,0.05,0.03,0.0,0.0,0.0,0.0,0.0,0,12430.0
0,1,22,5,0,0,0,0,0,0,0,0,0,0,0,0,0,0,0,0,0,0,10,5,1.0,1.0,0.0,0.0,0.5,0.4,0.0,255,65,0.25,0.02,0.0,0.0,1.0,1.0,0.0,0.0,1,75822.0
0,1,24,5,0,0,0,0,0,0,0,0,0,0,0,0,0,0,0,0,0,0,218,3,1.0,1.0,0.0,0.0,0.01,0.08,0.0,255,3,0.01,0.08,0.0,0.0,1.0,1.0,0.0,0.0,1,42141.0
0,1,19,9,212,0,0,0,0,0,0,0,0,0,0,0,0,0,0,0,0,0,2,2,0.0,0.0,0.0,0.0,1.0,0.0,0.0,255,89,0.35,0.02,0.35,0.0,0.0,0.0,0.0,0.0,0,105443.0
0,0,13,9,8,0,0,0,0,0,0,0,0,0,0,0,0,0,0,0,0,0,1,21,0.0,0.0,0.0,0.0,1.0,0.0,1.0,1,99,1.0,0.0,1.0,0.51,0.0,0.0,0.0,0.0,1,63341.0
0,1,22,9,257,2555,0,0,0,0,0,1,0,0,0,0,0,0,0,0,0,0,7,7,0.0,0.0,0.0,0.0,1.0,0.0,0.0,255,255,1.0,0.0,0.0,0.0,0.0,0.0,0.0,0.0,0,3952.0
0,1,22,9,303,3404,0,0,0,0,0,1,0,0,0,0,0,0,0,0,0,0,7,7,0.0,0.0,0.0,0.0,1.0,0.0,0.0,53,255,1.0,0.0,0.02,0.05,0.0,0.0,0.0,0.0,0,78019.0
0,1,49,9,1227,332,0,0,0,0,0,1,0,0,0,0,0,0,0,0,0,0,1,1,0.0,0.0,0.0,0.0,1.0,0.0,0.0,203,123,0.44,0.01,0.0,0.02,0.0,0.0,0.0,0.0,0,95489.0
0,2,44,9,1,0,0,0,0,0,0,0,0,0,0,0,0,0,0,0,0,0,28,6,0.0,0.0,0.0,0.0,0.21,0.11,0.0,255,51,0.2,0.33,0.71,0.0,0.12,0.0,0.17,0.0,1,58455.0
22466,2,40,9,146,105,0,0,0,0,0,0,0,0,0,0,0,0,0,0,0,0,1,1,0.0,0.0,0.0,0.0,1.0,0.0,0.0,255,1,0.0,0.85,0.99,0.0,0.0,0.0,0.0,0.0,1,38815.0
0,2,44,9,1,0,0,0,0,0,0,0,0,0,0,0,0,0,0,0,0,0,143,123,0.0,0.0,0.0,0.0,0.86,0.03,0.0,255,165,0.65,0.05,1.0,0.0,0.0,0.0,0.0,0.0,1,101060.0
0,1,62,5,0,0,0,0,0,0,0,0,0,0,0,0,0,0,0,0,0,0,283,17,1.0,1.0,0.0,0.0,0.06,0.06,0.0,255,17,0.07,0.07,0.0,0.0,1.0,1.0,0.0,0.0,1,90277.0
0,1,22,9,240,535,0,0,0,0,0,1,0,0,0,0,0,0,0,0,0,0,30,39,0.0,0.0,0.0,0.0,1.0,0.0,0.1,255,255,1.0,0.0,0.0,0.0,0.0,0.0,0.0,0.0,0,51727.0
0,1,44,5,0,0,0,0,0,0,0,0,0,0,0,0,0,0,0,0,0,0,237,1,1.0,1.0,0.0,0.0,0.0,0.06,0.0,255,20,0.08,0.07,0.0,0.0,1.0,1.0,0.0,0.0,1,30123.0
0,1,22,9,293,3923,0,0,0,0,0,1,0,0,0,0,0,0,0,0,0,0,4,34,0.0,0.0,0.0,0.0,1.0,0.0,0.06,17,232,1.0,0.0,0.06,0.03,0.0,0.0,0.0,0.0,0,122098.0
0,1,44,5,0,0,0,0,0,0,0,0,0,0,0,0,0,0,0,0,0,0,150,17,1.0,1.0,0.0,0.0,0.11,0.05,0.0,255,10,0.04,0.07,0.0,0.0,1.0,1.0,0.0,0.0,1,53557.0
0,1,22,9,216,335,0,0,0,0,0,1,0,0,0,0,0,0,0,0,0,0,38,38,0.0,0.0,0.0,0.0,1.0,0.0,0.0,121,255,1.0,0.0,0.01,0.03,0.0,0.0,0.0,0.0,0,66198.0
0,1,24,5,0,0,0,0,0,0,0,0,0,0,0,0,0,0,0,0,0,0,262,3,1.0,1.0,0.0,0.0,0.01,0.07,0.0,255,3,0.01,0.08,0.0,0.0,1.0,1.0,0.0,0.0,1,35281.0
0,1,5,1,0,0,0,0,0,0,0,0,0,0,0,0,0,0,0,0,0,0,142,19,0.0,0.0,1.0,1.0,0.13,0.06,0.0,255,19,0.07,0.06,0.0,0.0,0.0,0.0,1.0,1.0,1,72905.0
6,1,49,9,1349,329,0,0,0,0,0,1,0,0,0,0,0,0,0,0,0,0,1,1,0.0,0.0,0.0,0.0,1.0,0.0,0.0,89,121,0.9,0.04,0.01,0.02,0.0,0.0,0.0,0.0,0,25215.0
0,1,22,9,234,277,0,0,0,0,0,1,0,0,0,0,0,0,0,0,0,0,8,8,0.0,0.0,0.0,0.0,1.0,0.0,0.0,95,255,1.0,0.0,0.01,0.03,0.0,0.0,0.0,0.0,0,31232.0
0,1,5,5,0,0,0,0,0,0,0,0,0,0,0,0,0,0,0,0,0,0,133,7,1.0,1.0,0.0,0.0,0.05,0.06,0.0,255,5,0.02,0.07,0.0,0.0,1.0,1.0,0.0,0.0,1,111013.0
0,2,11,9,44,67,0,0,0,0,0,0,0,0,0,0,0,0,0,0,0,0,253,253,0.0,0.0,0.0,0.0,1.0,0.0,0.0,255,254,1.0,0.01,0.0,0.0,0.0,0.0,0.0,0.0,0,70533.0
0,1,22,9,324,3660,0,0,0,0,0,1,0,0,0,0,0,0,0,0,0,0,4,4,0.0,0.0,0.0,0.0,1.0,0.0,0.0,237,255,1.0,0.0,0.0,0.01,0.01,0.01,0.0,0.0,0,48655.0
0,1,22,9,201,3968,0,0,0,0,0,1,0,0,0,0,0,0,0,0,0,0,22,22,0.0,0.0,0.0,0.0,1.0,0.0,0.0,28,255,1.0,0.0,0.04,0.02,0.0,0.0,0.0,0.0,0,111257.0
0,1,17,5,0,0,0,0,0,0,0,0,0,0,0,0,0,0,0,0,0,0,246,14,1.0,1.0,0.0,0.0,0.06,0.06,0.0,255,2,0.01,0.09,0.0,0.0,1.0,1.0,0.0,0.0,1,96886.0
0,1,22,1,0,0,0,0,0,0,0,0,0,0,0,0,0,0,0,0,0,0,1,2,0.0,0.0,1.0,1.0,1.0,0.0,1.0,30,21,0.7,0.07,0.03,0.0,0.0,0.0,0.7,1.0,0,9989.0
0,1,22,9,311,3721,0,0,0,0,0,1,0,0,0,0,0,0,0,0,0,0,2,3,0.0,0.0,0.0,0.0,1.0,0.0,0.67,40,255,1.0,0.0,0.03,0.05,0.0,0.0,0.0,0.0,0,66321.0
8975,1,40,4,1,0,0,0,0,0,0,0,0,0,0,0,0,0,0,0,0,0,2,2,0.0,0.0,1.0,1.0,1.0,0.0,0.0,255,2,0.01,0.74,1.0,0.0,0.0,0.0,1.0,1.0,1,110423.0
0,1,44,1,0,0,0,0,0,0,0,0,0,0,0,0,0,0,0,0,0,0,49,1,0.02,0.0,0.9,1.0,0.02,1.0,0.0,255,1,0.0,0.22,0.0,0.0,0.0,0.0,0.18,1.0,1,110377.0
0,1,44,5,0,0,0,0,0,0,0,0,0,0,0,0,0,0,0,0,0,0,137,1,1.0,1.0,0.0,0.0,0.01,0.06,0.0,255,6,0.02,0.06,0.0,0.0,1.0,1.0,0.0,0.0,1,22016.0
0,1,44,5,0,0,0,0,0,0,0,0,0,0,0,0,0,0,0,0,0,0,179,5,1.0,1.0,0.0,0.0,0.03,0.06,0.0,255,5,0.02,0.07,0.0,0.0,1.0,1.0,0.0,0.0,1,83553.0
0,1,44,1,0,0,0,0,0,0,0,0,0,0,0,0,0,0,0,0,0,0,370,1,0.0,0.0,1.0,1.0,0.0,0.52,0.0,255,1,0.0,0.52,1.0,0.0,0.0,0.0,1.0,1.0,1,93679.0
0,1,22,9,244,2140,0,0,0,0,0,1,0,0,0,0,0,0,0,0,0,0,15,15,0.0,0.0,0.0,0.0,1.0,0.0,0.0,255,255,1.0,0.0,0.0,0.0,0.0,0.0,0.0,0.0,0,106680.0
0,1,22,1,0,0,0,0,0,0,0,0,0,0,0,0,0,0,0,0,0,0,1,1,0.0,0.0,1.0,1.0,1.0,0.0,0.0,58,255,1.0,0.0,0.02,0.16,0.0,0.0,0.86,0.96,0,58887.0
0,1,50,5,0,0,0,0,0,0,0,0,0,0,0,0,0,0,0,0,0,0,100,14,1.0,1.0,0.0,0.0,0.14,0.06,0.0,255,9,0.04,0.07,0.0,0.0,1.0,1.0,0.0,0.0,1,91727.0
0,1,22,9,216,812,0,0,0,0,0,1,0,0,0,0,0,0,0,0,0,0,14,14,0.07,0.07,0.0,0.0,1.0,0.0,0.0,226,255,1.0,0.0,0.0,0.01,0.0,0.0,0.0,0.0,0,36753.0
0,1,36,5,0,0,0,0,0,0,0,0,0,0,0,0,0,0,0,0,0,0,148,20,1.0,1.0,0.0,0.0,0.14,0.06,0.0,255,1,0.0,0.07,0.0,0.0,1.0,1.0,0.0,0.0,1,2118.0
0,1,31,5,0,0,0,0,0,0,0,0,0,0,0,0,0,0,0,0,0,0,218,15,1.0,1.0,0.0,0.0,0.07,0.06,0.0,255,15,0.06,0.08,0.0,0.0,1.0,1.0,0.0,0.0,1,44876.0
0,1,40,1,0,0,0,0,0,0,0,0,0,0,0,0,0,0,0,0,0,0,439,1,0.08,0.0,0.92,1.0,0.0,1.0,0.0,255,1,0.0,1.0,0.0,0.0,0.06,0.0,0.94,1.0,1,60464.0
0,1,32,5,0,0,0,0,0,0,0,0,0,0,0,0,0,0,0,0,0,0,271,6,1.0,1.0,0.0,0.0,0.02,0.06,0.0,255,6,0.02,0.07,0.0,0.0,1.0,1.0,0.0,0.0,1,98667.0
0,1,22,9,331,924,0,0,0,0,0,1,0,0,0,0,0,0,0,0,0,0,6,8,0.0,0.0,0.0,0.0,1.0,0.0,0.25,94,255,1.0,0.0,0.01,0.05,0.0,0.0,0.0,0.0,0,5552.0
0,2,11,9,44,71,0,0,0,0,0,0,0,0,0,0,0,0,0,0,0,0,24,24,0.0,0.0,0.0,0.0,1.0,0.0,0.0,255,255,1.0,0.0,0.01,0.0,0.0,0.0,0.0,0.0,0,62086.0
0,1,23,5,0,0,0,0,0,0,0,0,0,0,0,0,0,0,0,0,0,0,98,20,1.0,1.0,0.0,0.0,0.2,0.05,0.0,255,20,0.08,0.05,0.0,0.0,1.0,1.0,0.0,0.0,1,24299.0
0,2,11,9,46,84,0,0,0,0,0,0,0,0,0,0,0,0,0,0,0,0,125,125,0.0,0.0,0.0,0.0,1.0,0.0,0.0,255,199,0.78,0.01,0.0,0.0,0.0,0.0,0.0,0.0,0,111938.0
0,1,22,9,340,337,0,0,0,0,0,1,0,0,0,0,0,0,0,0,0,0,8,16,0.0,0.0,0.0,0.0,1.0,0.0,0.12,64,255,1.0,0.0,0.02,0.01,0.0,0.0,0.0,0.0,0,72484.0
0,1,22,9,363,2801,0,0,0,0,0,1,0,0,0,0,0,0,0,0,0,0,3,4,0.0,0.0,0.0,0.0,1.0,0.0,0.5,130,255,1.0,0.0,0.01,0.02,0.0,0.0,0.02,0.03,0,17002.0
0,1,22,9,192,755,0,0,0,0,0,1,0,0,0,0,0,0,0,0,0,0,1,12,0.0,0.0,0.0,0.0,1.0,0.0,0.33,27,255,1.0,0.0,0.04,0.02,0.0,0.0,0.0,0.0,0,71304.0
0,0,14,9,1032,0,0,0,0,0,0,0,0,0,0,0,0,0,0,0,0,0,510,510,0.0,0.0,0.0,0.0,1.0,0.0,0.0,255,218,0.85,0.02,0.85,0.0,0.0,0.0,0.02,0.0,1,30060.0
0,0,13,9,8,0,0,0,0,0,0,0,0,0,0,0,0,0,0,0,0,0,1,17,0.0,0.0,0.0,0.0,1.0,0.0,1.0,3,80,1.0,0.0,1.0,0.26,0.0,0.0,0.0,0.0,1,897.0
0,1,44,1,0,0,0,0,0,0,0,0,0,0,0,0,0,0,0,0,0,0,52,8,0.0,0.0,1.0,1.0,0.15,0.08,0.0,255,8,0.03,0.06,0.0,0.0,0.0,0.0,1.0,1.0,1,27949.0
0,1,22,9,221,2828,0,0,0,0,0,1,0,0,0,0,0,0,0,0,0,0,11,11,0.09,0.09,0.0,0.0,1.0,0.0,0.0,223,255,1.0,0.0,0.0,0.01,0.0,0.0,0.0,0.0,0,45364.0
0,1,22,9,318,1461,0,0,0,0,0,1,0,0,0,0,0,0,0,0,0,0,9,9,0.0,0.0,0.0,0.0,1.0,0.0,0.0,115,255,1.0,0.0,0.01,0.02,0.0,0.01,0.0,0.0,0,56971.0
0,1,22,9,305,466,0,0,0,0,0,1,0,0,0,0,0,0,0,0,0,0,10,11,0.0,0.0,0.0,0.0,1.0,0.0,0.18,88,255,1.0,0.0,0.01,0.02,0.0,0.0,0.0,0.0,0,84999.0
0,1,22,9,261,2566,0,0,0,0,0,1,0,0,0,0,0,0,0,0,0,0,2,5,0.0,0.0,0.0,0.0,1.0,0.0,0.4,255,255,1.0,0.0,0.0,0.0,0.0,0.0,0.0,0.0,0,93402.0
0,1,22,9,338,803,0,0,0,0,0,1,0,0,0,0,0,0,0,0,0,0,2,2,0.0,0.0,0.0,0.0,1.0,0.0,0.0,13,255,1.0,0.0,0.08,0.04,0.0,0.02,0.0,0.0,0,54136.0
0,1,22,9,232,13673,0,0,0,0,0,1,0,0,0,0,0,0,0,0,0,0,5,22,0.0,0.0,0.0,0.0,1.0,0.0,0.09,93,255,1.0,0.0,0.01,0.03,0.0,0.0,0.0,0.0,0,76182.0
0,1,19,9,12,0,0,0,0,0,0,1,0,0,0,0,0,0,0,0,0,0,2,2,0.0,0.0,0.0,0.0,1.0,0.0,0.0,207,34,0.16,0.03,0.16,0.0,0.0,0.0,0.0,0.0,0,66630.0
36674,1,44,4,1,0,0,0,0,0,0,0,0,0,0,0,0,0,0,0,0,0,2,2,0.0,0.0,1.0,1.0,1.0,0.0,0.0,255,2,0.01,0.5,1.0,0.0,0.0,0.0,1.0,1.0,1,96555.0
0,1,22,9,322,2014,0,0,0,0,0,1,0,0,0,0,0,0,0,0,0,0,1,2,0.0,0.0,0.0,0.0,1.0,0.0,1.0,68,255,1.0,0.0,0.01,0.07,0.0,0.0,0.0,0.0,0,27437.0
0,2,44,9,105,0,0,0,0,0,0,0,0,0,0,0,0,0,0,0,0,0,2,2,0.0,0.0,0.0,0.0,1.0,0.0,0.0,29,29,1.0,0.0,0.07,0.0,0.0,0.0,0.0,0.0,0,65057.0
0,1,40,1,0,0,0,0,0,0,0,0,0,0,0,0,0,0,0,0,0,0,509,1,0.1,0.0,0.9,1.0,0.0,1.0,0.0,255,1,0.0,1.0,0.0,0.0,0.11,0.0,0.89,1.0,1,26209.0
0,1,51,5,0,0,0,0,0,0,0,0,0,0,0,0,0,0,0,0,0,0,246,20,1.0,1.0,0.0,0.0,0.08,0.06,0.0,255,2,0.01,0.06,0.0,0.0,1.0,1.0,0.0,0.0,1,98122.0
0,1,23,5,0,0,0,0,0,0,0,0,0,0,0,0,0,0,0,0,0,0,149,9,1.0,1.0,0.0,0.0,0.06,0.05,0.0,255,10,0.04,0.06,0.0,0.0,1.0,1.0,0.0,0.0,1,55633.0
0,1,22,9,196,1292,0,0,0,0,0,1,0,0,0,0,0,0,0,0,0,0,9,9,0.0,0.0,0.0,0.0,1.0,0.0,0.0,29,255,1.0,0.0,0.03,0.03,0.0,0.0,0.0,0.0,0,12742.0
0,1,22,9,306,2750,0,0,0,0,0,1,0,0,0,0,0,0,0,0,0,0,9,9,0.0,0.0,0.0,0.0,1.0,0.0,0.0,255,255,1.0,0.0,0.0,0.0,0.0,0.0,0.0,0.0,0,50771.0
0,2,11,9,45,128,0,0,0,0,0,0,0,0,0,0,0,0,0,0,0,0,66,147,0.0,0.0,0.0,0.0,1.0,0.0,0.01,255,234,0.92,0.01,0.0,0.0,0.0,0.0,0.0,0.0,0,12719.0
0,1,44,5,0,0,0,0,0,0,0,0,0,0,0,0,0,0,0,0,0,0,91,24,1.0,1.0,0.0,0.0,0.26,0.07,0.0,255,24,0.09,0.05,0.0,0.0,1.0,1.0,0.0,0.0,1,95452.0
0,1,52,5,0,0,0,0,0,0,0,0,0,0,0,0,0,0,0,0,0,0,247,21,1.0,1.0,0.0,0.0,0.09,0.05,0.0,255,21,0.08,0.06,0.0,0.0,1.0,1.0,0.0,0.0,1,10167.0
0,1,24,5,0,0,0,0,0,0,0,0,0,0,0,0,0,0,0,0,0,0,254,2,1.0,1.0,0.0,0.0,0.01,0.06,0.0,255,7,0.03,0.06,0.0,0.0,1.0,1.0,0.0,0.0,1,118005.0
0,1,44,5,0,0,0,0,0,0,0,0,0,0,0,0,0,0,0,0,0,0,216,12,1.0,1.0,0.0,0.0,0.06,0.06,0.0,255,12,0.05,0.09,0.0,0.0,1.0,1.0,0.0,0.0,1,102685.0
0,1,27,5,0,0,0,0,0,0,0,0,0,0,0,0,0,0,0,0,0,0,125,22,1.0,1.0,0.0,0.0,0.18,0.06,0.0,255,22,0.09,0.05,0.0,0.0,1.0,1.0,0.0,0.0,1,87864.0
0,1,8,5,0,0,0,0,0,0,0,0,0,0,0,0,0,0,0,0,0,0,201,5,1.0,1.0,0.0,0.0,0.02,0.06,0.0,255,20,0.08,0.08,0.0,0.0,1.0,1.0,0.0,0.0,1,22301.0
0,1,33,5,0,0,0,0,0,0,0,0,0,0,0,0,0,0,0,0,0,0,248,2,1.0,1.0,0.0,0.0,0.01,0.06,0.0,255,2,0.01,0.05,0.0,0.0,1.0,1.0,0.0,0.0,1,65529.0
0,1,22,9,54540,8314,0,0,0,2,0,1,1,0,0,0,0,0,0,0,0,0,3,4,0.0,0.0,0.0,0.25,1.0,0.0,0.5,255,255,1.0,0.0,0.0,0.0,0.01,0.01,0.04,0.04,1,25062.0
0,1,22,9,216,4435,0,0,0,0,0,1,0,0,0,0,0,0,0,0,0,0,4,22,0.0,0.0,0.0,0.0,1.0,0.0,0.18,77,255,1.0,0.0,0.01,0.01,0.0,0.0,0.0,0.0,0,12846.0
0,1,22,9,226,753,0,0,0,0,0,1,0,0,0,0,0,0,0,0,0,0,7,7,0.0,0.0,0.0,0.0,1.0,0.0,0.0,255,255,1.0,0.0,0.0,0.0,0.0,0.0,0.0,0.0,0,113457.0
0,1,25,5,0,0,0,0,0,0,0,0,0,0,0,0,0,0,0,0,0,0,274,1,1.0,1.0,0.0,0.0,0.0,0.05,0.0,255,1,0.0,0.05,0.0,0.0,1.0,1.0,0.0,0.0,1,83383.0
0,1,22,1,0,0,0,0,0,0,0,0,0,0,0,0,0,0,0,0,0,0,1,1,0.0,0.0,1.0,1.0,1.0,0.0,0.0,2,65,1.0,0.0,0.5,0.34,0.0,0.0,1.0,1.0,0,40836.0
0,1,44,5,0,0,0,0,0,0,0,0,0,0,0,0,0,0,0,0,0,0,269,18,1.0,1.0,0.0,0.0,0.07,0.06,0.0,255,4,0.02,0.07,0.0,0.0,1.0,1.0,0.0,0.0,1,73608.0
0,1,22,4,53452,2920,0,0,0,1,0,1,0,0,0,0,0,0,0,0,0,0,3,3,0.0,0.0,0.33,0.33,1.0,0.0,0.0,255,255,1.0,0.0,0.0,0.0,0.0,0.0,0.03,0.03,1,50464.0
0,1,22,9,233,1651,0,0,0,0,0,1,0,0,0,0,0,0,0,0,0,0,11,11,0.0,0.0,0.0,0.0,1.0,0.0,0.0,186,255,1.0,0.0,0.01,0.02,0.0,0.0,0.0,0.0,0,13227.0
0,0,14,9,30,0,0,0,0,0,0,0,0,0,0,0,0,0,0,0,0,0,2,2,0.0,0.0,0.0,0.0,1.0,0.0,0.0,231,231,1.0,0.0,1.0,0.0,0.0,0.0,0.0,0.0,0,63934.0
0,1,22,9,237,329,0,0,0,0,0,1,0,0,0,0,0,0,0,0,0,0,1,12,0.0,0.0,0.0,0.0,1.0,0.0,0.25,1,255,1.0,0.0,1.0,0.02,0.0,0.0,0.0,0.0,0,5234.0
0,1,44,5,0,0,0,0,0,0,0,0,0,0,0,0,0,0,0,0,0,0,127,3,1.0,1.0,0.0,0.0,0.02,0.06,0.0,255,4,0.02,0.06,0.0,0.0,1.0,1.0,0.0,0.0,1,112802.0
0,1,44,5,0,0,0,0,0,0,0,0,0,0,0,0,0,0,0,0,0,0,142,8,1.0,1.0,0.0,0.0,0.06,0.06,0.0,255,6,0.02,0.07,0.0,0.0,1.0,1.0,0.0,0.0,1,73768.0
0,1,22,1,0,0,0,0,0,0,0,0,0,0,0,0,0,0,0,0,0,0,1,2,0.0,0.0,1.0,1.0,1.0,0.0,1.0,2,253,1.0,0.0,0.5,0.16,0.0,0.0,1.0,0.98,0,10008.0
0,1,22,9,325,1817,0,0,0,0,0,1,0,0,0,0,0,0,0,0,0,0,17,17,0.0,0.0,0.0,0.0,1.0,0.0,0.0,129,255,1.0,0.0,0.01,0.04,0.0,0.0,0.0,0.0,0,22423.0
0,1,44,5,0,0,0,0,0,0,0,0,0,0,0,0,0,0,0,0,0,0,292,13,1.0,1.0,0.0,0.0,0.04,0.05,0.0,255,16,0.06,0.07,0.0,0.0,1.0,1.0,0.0,0.0,1,39684.0
0,0,13,9,8,0,0,0,0,0,0,0,0,0,0,0,0,0,0,0,0,0,1,43,0.0,0.0,0.0,0.0,1.0,0.0,1.0,2,61,1.0,0.0,1.0,0.26,0.0,0.0,0.0,0.0,1,69280.0
0,1,49,5,0,0,0,0,0,0,0,0,0,0,0,0,0,0,0,0,0,0,57,9,1.0,0.89,0.0,0.0,0.14,0.09,0.22,255,8,0.03,0.06,0.0,0.0,1.0,1.0,0.0,0.0,1,96696.0
0,1,49,9,1509,330,0,0,0,0,0,1,0,0,0,0,0,0,0,0,0,0,1,1,0.0,0.0,0.0,0.0,1.0,0.0,0.0,215,156,0.73,0.03,0.0,0.0,0.0,0.0,0.0,0.0,0,13627.0
0,1,44,5,0,0,0,0,0,0,0,0,0,0,0,0,0,0,0,0,0,0,146,16,1.0,1.0,0.0,0.0,0.11,0.06,0.0,255,10,0.04,0.06,0.0,0.0,1.0,1.0,0.0,0.0,1,52483.0
0,1,62,5,0,0,0,0,0,0,0,0,0,0,0,0,0,0,0,0,0,0,135,7,1.0,1.0,0.0,0.0,0.05,0.07,0.0,255,4,0.02,0.06,0.0,0.0,1.0,1.0,0.0,0.0,1,88558.0
0,0,13,9,8,0,0,0,0,0,0,0,0,0,0,0,0,0,0,0,0,0,1,29,0.0,0.0,0.0,0.0,1.0,0.0,1.0,4,152,1.0,0.0,1.0,0.25,0.0,0.0,0.0,0.0,1,37132.0
0,0,13,9,30,0,0,0,0,0,0,0,0,0,0,0,0,0,0,0,0,0,2,1,0.0,0.0,0.0,0.0,0.5,1.0,0.0,255,4,0.02,0.01,0.02,0.0,0.0,0.0,0.0,0.0,0,25624.0
0,1,22,9,229,54631,0,0,0,0,0,1,0,0,0,0,0,0,0,0,0,0,3,3,0.0,0.0,0.0,0.0,1.0,0.0,0.0,255,255,1.0,0.0,0.0,0.0,0.0,0.0,0.0,0.0,0,38705.0
0,2,11,9,45,71,0,0,0,0,0,0,0,0,0,0,0,0,0,0,0,0,79,159,0.0,0.0,0.0,0.0,1.0,0.0,0.01,255,218,0.85,0.01,0.0,0.0,0.0,0.0,0.0,0.0,0,111298.0
0,1,10,9,32,4993,0,0,0,0,0,1,0,0,0,0,0,0,0,0,0,0,1,1,0.0,0.0,0.0,0.0,1.0,0.0,0.0,45,1,0.02,0.07,0.02,0.0,0.0,0.0,0.0,0.0,1,98376.0
0,1,44,5,0,0,0,0,0,0,0,0,0,0,0,0,0,0,0,0,0,0,174,15,1.0,1.0,0.0,0.0,0.09,0.06,0.0,255,4,0.02,0.07,0.0,0.0,1.0,1.0,0.0,0.0,1,112910.0
0,1,19,5,0,0,0,0,0,0,0,0,0,0,0,0,0,0,0,0,0,0,278,9,1.0,1.0,0.0,0.0,0.03,0.06,0.0,255,9,0.04,0.06,0.0,0.0,1.0,1.0,0.0,0.0,1,75663.0
0,1,22,9,240,2698,0,0,0,0,0,1,0,0,0,0,0,0,1,0,0,0,9,19,0.0,0.05,0.0,0.0,1.0,0.0,0.37,253,239,0.94,0.02,0.0,0.0,0.0,0.0,0.0,0.0,0,21154.0
0,0,14,9,1032,0,0,0,0,0,0,0,0,0,0,0,0,0,0,0,0,0,215,215,0.0,0.0,0.0,0.0,1.0,0.0,0.0,255,255,1.0,0.0,1.0,0.0,0.0,0.0,0.0,0.0,1,59296.0
0,1,6,5,0,0,0,0,0,0,0,0,0,0,0,0,0,0,0,0,0,0,268,1,1.0,1.0,0.0,0.0,0.0,0.06,0.0,255,1,0.0,0.08,0.0,0.0,1.0,1.0,0.0,0.0,1,40398.0
0,1,49,9,6568,386,0,0,0,0,0,1,0,0,0,0,0,0,0,0,0,0,1,1,0.0,0.0,0.0,0.0,1.0,0.0,0.0,255,124,0.49,0.02,0.0,0.0,0.61,0.65,0.0,0.0,0,111066.0
0,1,61,5,0,0,0,0,0,0,0,0,0,0,0,0,0,0,0,0,0,0,261,11,1.0,1.0,0.0,0.0,0.04,0.05,0.0,255,11,0.04,0.05,0.0,0.0,1.0,1.0,0.0,0.0,1,100286.0
0,1,22,9,301,1842,0,0,0,0,0,1,0,0,0,0,0,0,0,0,0,0,3,3,0.0,0.0,0.0,0.0,1.0,0.0,0.0,29,255,1.0,0.0,0.03,0.03,0.0,0.0,0.0,0.0,0,33928.0
0,1,44,1,0,0,0,0,0,0,0,0,0,0,0,0,0,0,0,0,0,0,140,11,0.0,0.0,1.0,1.0,0.08,0.06,0.0,115,11,0.1,0.07,0.01,0.0,0.0,0.0,1.0,1.0,1,30106.0
0,0,14,9,520,0,0,0,0,0,0,0,0,0,0,0,0,0,0,0,0,0,447,447,0.0,0.0,0.0,0.0,1.0,0.0,0.0,161,161,1.0,0.0,1.0,0.0,0.0,0.0,0.0,0.0,1,69008.0
0,1,30,2,0,0,0,0,0,0,0,0,0,0,0,0,0,0,0,0,0,0,141,12,0.0,0.0,1.0,1.0,0.09,0.06,0.0,255,12,0.05,0.06,0.0,0.0,0.0,0.0,1.0,1.0,1,50976.0
0,1,44,5,0,0,0,0,0,0,0,0,0,0,0,0,0,0,0,0,0,0,134,3,1.0,1.0,0.0,0.0,0.02,0.06,0.0,255,1,0.0,0.08,0.0,0.0,1.0,1.0,0.0,0.0,1,43798.0
0,1,22,9,227,2576,0,0,0,0,0,1,0,0,0,0,0,0,0,0,0,0,9,9,0.0,0.0,0.0,0.0,1.0,0.0,0.0,255,255,1.0,0.0,0.0,0.0,0.0,0.0,0.0,0.0,0,86257.0
0,1,4,1,0,0,0,0,0,0,0,0,0,0,0,0,0,0,0,0,0,0,277,19,0.0,0.0,1.0,1.0,0.07,0.06,0.0,255,19,0.07,0.07,0.0,0.0,0.0,0.0,1.0,1.0,1,105373.0
0,0,14,9,1032,0,0,0,0,0,0,0,0,0,0,0,0,0,0,0,0,0,511,511,0.0,0.0,0.0,0.0,1.0,0.0,0.0,255,180,0.71,0.02,0.71,0.0,0.0,0.0,0.23,0.0,1,42442.0
0,1,22,9,333,280,0,0,0,0,0,1,0,0,0,0,0,0,0,0,0,0,10,10,0.0,0.0,0.0,0.0,1.0,0.0,0.0,249,255,1.0,0.0,0.0,0.01,0.0,0.0,0.0,0.0,0,74376.0
15,1,49,9,2775,328,0,0,0,0,0,1,0,0,0,0,0,0,0,0,0,0,1,2,0.0,0.0,0.0,0.0,1.0,0.0,1.0,105,77,0.73,0.03,0.01,0.0,0.0,0.0,0.0,0.0,0,36288.0
0,1,5,5,0,0,0,0,0,0,0,0,0,0,0,0,0,0,0,0,0,0,105,12,1.0,1.0,0.0,0.0,0.11,0.05,0.0,255,12,0.05,0.04,0.0,0.0,1.0,1.0,0.0,0.0,1,10032.0
0,2,11,9,45,79,0,0,0,0,0,0,0,0,0,0,0,0,0,0,0,0,261,261,0.0,0.0,0.0,0.0,1.0,0.0,0.0,255,254,1.0,0.01,0.0,0.0,0.0,0.0,0.0,0.0,0,32648.0
0,1,4,5,0,0,0,0,0,0,0,0,0,0,0,0,0,0,0,0,0,0,213,22,1.0,1.0,0.0,0.0,0.1,0.06,0.0,255,22,0.09,0.06,0.0,0.0,1.0,1.0,0.0,0.0,1,107839.0
0,1,19,5,0,0,0,0,0,0,0,0,0,0,0,0,0,0,0,0,0,0,240,2,1.0,1.0,0.0,0.0,0.01,0.07,0.0,255,2,0.01,0.07,0.0,0.0,1.0,1.0,0.0,0.0,1,19243.0
0,0,13,9,18,0,0,0,0,0,0,0,0,0,0,0,0,0,0,0,0,0,1,1,0.0,0.0,0.0,0.0,1.0,0.0,0.0,1,155,1.0,0.0,1.0,1.0,0.0,0.0,0.0,0.0,1,75060.0
0,1,22,9,227,406,0,0,0,0,0,1,0,0,0,0,0,0,0,0,0,0,13,20,0.0,0.0,0.0,0.0,1.0,0.0,0.1,41,255,1.0,0.0,0.02,0.02,0.0,0.0,0.0,0.0,0,20169.0
1,1,49,9,1489,340,0,0,0,0,0,1,0,0,0,0,0,0,0,0,0,0,1,3,0.0,0.0,0.0,0.0,1.0,0.0,1.0,240,152,0.63,0.03,0.0,0.0,0.0,0.0,0.04,0.05,0,47072.0
0,1,55,5,0,0,0,0,0,0,0,0,0,0,0,0,0,0,0,0,0,0,71,16,1.0,1.0,0.0,0.0,0.23,0.06,0.0,255,60,0.24,0.02,0.02,0.0,1.0,1.0,0.0,0.0,1,106933.0
0,0,14,9,1032,0,0,0,0,0,0,0,0,0,0,0,0,0,0,0,0,0,511,511,0.0,0.0,0.0,0.0,1.0,0.0,0.0,255,249,0.98,0.01,0.98,0.0,0.0,0.0,0.02,0.0,1,67912.0
0,0,13,9,30,0,0,0,0,0,0,0,0,0,0,0,0,0,0,0,0,0,1,2,0.0,0.0,0.0,0.0,1.0,0.0,1.0,83,32,0.01,0.02,0.01,1.0,0.0,0.0,0.0,0.0,0,65527.0
0,1,5,1,0,0,0,0,0,0,0,0,0,0,0,0,0,0,0,0,0,0,98,1,0.0,0.0,1.0,1.0,0.01,0.07,0.0,255,1,0.0,0.07,0.0,0.0,0.0,0.0,1.0,1.0,1,84843.0
0,1,24,1,0,0,0,0,0,0,0,0,0,0,0,0,0,0,0,0,0,0,238,6,0.0,0.0,1.0,1.0,0.03,0.07,0.0,255,6,0.02,0.07,0.0,0.0,0.0,0.0,1.0,1.0,1,124741.0
0,1,22,9,386,9683,0,0,0,0,0,1,0,0,0,0,0,0,0,0,0,0,1,5,0.0,0.0,0.0,0.0,1.0,0.0,0.4,15,255,1.0,0.0,0.07,0.02,0.0,0.0,0.0,0.0,0,108737.0
0,2,44,9,1,0,0,0,0,0,0,0,0,0,0,0,0,0,0,0,0,0,54,8,0.0,0.0,0.0,0.0,0.15,0.07,0.0,255,8,0.03,0.23,1.0,0.0,0.0,0.0,0.0,0.0,1,26955.0
0,1,22,9,232,1721,0,0,0,0,0,1,0,0,0,0,0,0,0,0,0,0,13,52,0.0,0.0,0.0,0.0,1.0,0.0,0.04,255,255,1.0,0.0,0.0,0.0,0.01,0.01,0.0,0.0,0,120268.0
0,1,44,5,0,0,0,0,0,0,0,0,0,0,0,0,0,0,0,0,0,0,100,11,1.0,1.0,0.0,0.0,0.11,0.07,0.0,255,11,0.04,0.05,0.0,0.0,1.0,1.0,0.0,0.0,1,52934.0
0,1,19,9,2056,0,0,0,0,0,0,1,0,0,0,0,0,0,0,0,0,0,1,1,0.0,0.0,0.0,0.0,1.0,0.0,0.0,105,28,0.27,0.07,0.3,0.0,0.02,0.07,0.0,0.0,0,123243.0
0,1,22,9,332,749,0,0,0,0,0,1,0,0,0,0,0,0,0,0,0,0,1,13,0.0,0.0,0.0,0.0,1.0,0.0,0.15,90,255,1.0,0.0,0.01,0.02,0.0,0.0,0.0,0.0,0,74007.0
0,1,44,1,0,0,0,0,0,0,0,0,0,0,0,0,0,0,0,0,0,0,126,8,0.0,0.0,1.0,1.0,0.06,0.07,0.0,255,8,0.03,0.08,0.0,0.0,0.0,0.0,1.0,1.0,1,100764.0
0,1,22,9,143,9525,0,0,0,0,0,1,0,0,0,0,0,0,0,0,0,0,2,2,0.0,0.0,0.0,0.0,1.0,0.0,0.0,255,255,1.0,0.0,0.0,0.0,0.0,0.0,0.0,0.0,0,97201.0
0,1,44,1,0,0,0,0,0,0,0,0,0,0,0,0,0,0,0,0,0,0,248,11,0.0,0.0,1.0,1.0,0.04,0.06,0.0,255,11,0.04,0.08,0.0,0.0,0.0,0.0,1.0,1.0,1,19282.0
0,1,61,5,0,0,0,0,0,0,0,0,0,0,0,0,0,0,0,0,0,0,146,8,1.0,1.0,0.0,0.0,0.05,0.05,0.0,255,7,0.03,0.07,0.0,0.0,1.0,1.0,0.0,0.0,1,64128.0
0,1,49,9,1061,326,0,0,0,0,0,1,0,0,0,0,0,0,0,0,0,0,1,1,0.0,0.0,0.0,0.0,1.0,0.0,0.0,77,241,0.97,0.03,0.01,0.01,0.0,0.0,0.0,0.0,0,119991.0
0,2,11,9,44,73,0,0,0,0,0,0,0,0,0,0,0,0,0,0,0,0,165,165,0.0,0.0,0.0,0.0,1.0,0.0,0.0,255,234,0.92,0.01,0.0,0.0,0.0,0.0,0.0,0.0,0,76123.0
3,1,49,9,923,335,0,0,0,0,0,1,0,0,0,0,0,0,0,0,0,0,1,1,0.0,0.0,0.0,0.0,1.0,0.0,0.0,67,196,0.57,0.06,0.01,0.01,0.0,0.0,0.0,0.0,0,103344.0
0,1,22,9,309,1075,0,0,0,0,0,1,0,0,0,0,0,0,0,0,0,0,5,5,0.0,0.0,0.0,0.0,1.0,0.0,0.0,255,249,0.98,0.01,0.0,0.0,0.0,0.0,0.0,0.0,0,74167.0
0,1,19,1,0,0,0,0,0,0,0,0,0,0,0,0,0,0,0,0,0,0,462,8,0.07,0.0,0.9,1.0,0.02,0.98,0.0,255,7,0.03,0.98,0.0,0.0,0.08,0.0,0.91,1.0,1,90901.0
0,2,11,9,73,29,0,0,0,0,0,0,0,0,0,0,0,0,0,0,0,0,6,9,0.0,0.0,0.0,0.0,1.0,0.0,0.22,255,250,0.98,0.01,0.31,0.0,0.0,0.0,0.0,0.0,0,99550.0
0,1,44,5,0,0,0,0,0,0,0,0,0,0,0,0,0,0,0,0,0,0,254,5,1.0,1.0,0.0,0.0,0.02,0.06,0.0,255,4,0.02,0.07,0.0,0.0,1.0,1.0,0.0,0.0,1,31520.0
0,1,22,9,272,4841,0,0,0,0,0,1,0,0,0,0,0,0,0,0,0,0,2,3,0.0,0.0,0.0,0.0,1.0,0.0,0.67,183,255,1.0,0.0,0.01,0.03,0.0,0.0,0.0,0.0,0,74489.0
12,1,49,9,893,331,0,0,0,0,0,1,0,0,0,0,0,0,0,0,0,0,1,1,0.0,0.0,0.0,0.0,1.0,0.0,0.0,93,88,0.76,0.05,0.01,0.02,0.0,0.0,0.0,0.0,0,60965.0
0,1,24,5,0,0,0,0,0,0,0,0,0,0,0,0,0,0,0,0,0,0,264,8,1.0,1.0,0.0,0.0,0.03,0.05,0.0,255,8,0.03,0.05,0.0,0.0,1.0,1.0,0.0,0.0,1,5045.0
0,1,22,9,194,1336,0,0,0,0,0,1,0,0,0,0,0,0,0,0,0,0,10,10,0.0,0.0,0.0,0.0,1.0,0.0,0.0,176,255,1.0,0.0,0.01,0.02,0.0,0.0,0.0,0.0,0,68132.0
0,1,22,9,153,362,0,0,0,0,0,1,0,0,0,0,0,0,0,0,0,0,1,2,0.0,0.0,0.0,0.0,1.0,0.0,1.0,2,255,1.0,0.0,0.5,0.04,0.0,0.0,0.0,0.01,0,83333.0
0,1,22,1,0,0,0,0,0,0,0,0,0,0,0,0,0,0,0,0,0,0,1,1,0.0,0.0,1.0,1.0,1.0,0.0,0.0,2,57,1.0,0.0,0.5,0.23,0.0,0.0,1.0,1.0,0,50063.0
0,0,13,9,18,0,0,0,0,0,0,0,0,0,0,0,0,0,0,0,0,0,1,1,0.0,0.0,0.0,0.0,1.0,0.0,0.0,1,158,1.0,0.0,1.0,1.0,0.0,0.0,0.0,0.0,1,11152.0
0,1,44,5,0,0,0,0,0,0,0,0,0,0,0,0,0,0,0,0,0,0,278,7,1.0,1.0,0.0,0.0,0.03,0.06,0.0,255,13,0.05,0.06,0.0,0.0,1.0,1.0,0.0,0.0,1,59175.0
0,1,25,5,0,0,0,0,0,0,0,0,0,0,0,0,0,0,0,0,0,0,241,19,1.0,1.0,0.0,0.0,0.08,0.05,0.0,255,19,0.07,0.06,0.0,0.0,1.0,1.0,0.0,0.0,1,56226.0
0,1,22,9,210,392,0,0,0,0,0,1,0,0,0,0,0,0,0,0,0,0,10,10,0.0,0.0,0.0,0.0,1.0,0.0,0.0,255,255,1.0,0.0,0.0,0.0,0.0,0.0,0.0,0.0,0,89138.0
0,1,22,9,201,14183,0,0,0,0,0,1,0,0,0,0,0,0,0,0,0,0,2,5,0.0,0.0,0.0,0.0,1.0,0.0,0.4,133,255,1.0,0.0,0.01,0.02,0.01,0.0,0.0,0.0,0,36424.0
0,1,22,9,351,3518,0,0,0,0,0,1,0,0,0,0,0,0,0,0,0,0,22,22,0.0,0.0,0.0,0.0,1.0,0.0,0.0,101,255,1.0,0.0,0.01,0.02,0.0,0.0,0.0,0.0,0,26238.0
0,1,44,5,0,0,0,0,0,0,0,0,0,0,0,0,0,0,0,0,0,0,163,2,1.0,1.0,0.0,0.0,0.01,0.07,0.0,255,19,0.07,0.07,0.0,0.0,1.0,1.0,0.0,0.0,1,85567.0
0,1,44,5,0,0,0,0,0,0,0,0,0,0,0,0,0,0,0,0,0,0,213,5,1.0,1.0,0.0,0.0,0.02,0.05,0.0,255,5,0.02,0.06,0.0,0.0,1.0,1.0,0.0,0.0,1,80189.0
0,1,17,5,0,0,0,0,0,0,0,0,0,0,0,0,0,0,0,0,0,0,34,12,0.94,1.0,0.06,0.0,0.35,0.12,0.0,255,12,0.05,0.06,0.0,0.0,1.0,1.0,0.0,0.0,1,121947.0
0,1,22,9,340,880,0,0,0,0,0,1,0,0,0,0,0,0,0,0,0,0,5,5,0.0,0.0,0.0,0.0,1.0,0.0,0.0,35,255,1.0,0.0,0.03,0.05,0.0,0.0,0.0,0.0,0,34602.0
0,1,44,5,0,0,0,0,0,0,0,0,0,0,0,0,0,0,0,0,0,0,140,3,1.0,1.0,0.0,0.0,0.02,0.09,0.0,255,3,0.01,0.08,0.0,0.0,1.0,1.0,0.0,0.0,1,91425.0
0,1,9,5,0,0,0,0,0,0,0,0,0,0,0,0,0,0,0,0,0,0,115,14,1.0,1.0,0.0,0.0,0.12,0.07,0.0,255,11,0.04,0.07,0.0,0.0,1.0,1.0,0.0,0.0,1,58172.0
0,1,60,5,0,0,0,0,0,0,0,0,0,0,0,0,0,0,0,0,0,0,132,4,1.0,1.0,0.0,0.0,0.03,0.08,0.0,255,4,0.02,0.07,0.0,0.0,1.0,1.0,0.0,0.0,1,120437.0
0,2,11,9,36,0,0,0,0,0,0,0,0,0,0,0,0,0,0,0,0,0,11,11,0.0,0.0,0.0,0.0,1.0,0.0,0.0,89,192,1.0,0.0,1.0,0.01,0.0,0.0,0.0,0.0,0,51934.0
0,1,22,9,209,1674,0,0,0,0,0,1,0,0,0,0,0,0,0,0,0,0,43,43,0.0,0.0,0.0,0.0,1.0,0.0,0.0,255,255,1.0,0.0,0.0,0.0,0.0,0.0,0.0,0.0,0,116468.0
0,1,6,1,0,0,0,0,0,0,0,0,0,0,0,0,0,0,0,0,0,0,228,14,0.0,0.0,1.0,1.0,0.06,0.07,0.0,255,14,0.05,0.07,0.0,0.0,0.0,0.0,1.0,1.0,1,31367.0
5,1,49,9,1101,332,0,0,0,0,0,1,0,0,0,0,0,0,0,0,0,0,1,2,0.0,0.0,0.0,0.0,1.0,0.0,1.0,122,225,0.96,0.02,0.01,0.01,0.0,0.0,0.0,0.0,0,15943.0
0,1,19,9,209,0,0,0,0,0,0,1,0,0,0,1,0,0,0,0,0,0,2,2,0.0,0.0,0.0,0.0,1.0,0.0,0.0,51,41,0.08,0.08,0.08,0.07,0.0,0.02,0.0,0.0,0,94772.0
0,1,44,5,0,0,0,0,0,0,0,0,0,0,0,0,0,0,0,0,0,0,192,4,1.0,1.0,0.0,0.0,0.02,0.07,0.0,255,4,0.02,0.09,0.0,0.0,1.0,1.0,0.0,0.0,1,118822.0
0,1,22,9,313,1707,0,0,0,0,0,1,0,0,0,0,0,0,0,0,0,0,7,31,0.0,0.0,0.0,0.0,1.0,0.0,0.13,7,185,1.0,0.0,0.14,0.05,0.0,0.01,0.0,0.0,0,50640.0
3,1,49,9,3507,413,0,0,0,0,0,1,0,0,0,0,0,0,0,0,0,0,1,1,0.0,0.0,0.0,0.0,1.0,0.0,0.0,24,94,0.92,0.08,0.04,0.02,0.0,0.0,0.0,0.0,0,125490.0
0,1,20,5,0,0,0,0,0,0,0,0,0,0,0,0,0,0,0,0,0,0,293,22,1.0,1.0,0.0,0.0,0.08,0.05,0.0,255,22,0.09,0.05,0.0,0.0,1.0,1.0,0.0,0.0,1,47814.0
0,2,11,9,44,131,0,0,0,0,0,0,0,0,0,0,0,0,0,0,0,0,107,189,0.0,0.0,0.0,0.0,1.0,0.0,0.02,255,254,1.0,0.01,0.0,0.0,0.0,0.0,0.0,0.0,0,106836.0
0,1,49,9,885,327,0,0,0,0,0,1,0,0,0,0,0,0,0,0,0,0,2,3,0.0,0.0,0.0,0.0,0.5,1.0,1.0,255,15,0.06,0.6,0.0,0.0,0.0,0.07,0.0,0.0,0,69330.0
0,1,44,5,0,0,0,0,0,0,0,0,0,0,0,0,0,0,0,0,0,0,111,1,1.0,1.0,0.0,0.0,0.01,0.07,0.0,255,5,0.02,0.06,0.0,0.0,1.0,1.0,0.0,0.0,1,86279.0
0,1,27,5,0,0,0,0,0,0,0,0,0,0,0,0,0,0,0,0,0,0,112,14,1.0,1.0,0.0,0.0,0.12,0.05,0.0,255,2,0.01,0.07,0.0,0.0,1.0,1.0,0.0,0.0,1,92800.0
0,1,17,9,8,362,0,0,0,0,0,0,0,0,0,0,0,0,0,0,0,0,1,1,0.0,0.0,0.0,0.0,1.0,0.0,0.0,1,8,1.0,0.0,1.0,0.38,0.0,0.0,0.0,0.0,0,36486.0
0,1,22,9,298,321,0,0,0,0,0,1,0,0,0,0,0,0,0,0,0,0,2,2,0.5,0.5,0.0,0.0,1.0,0.0,0.0,244,255,1.0,0.0,0.0,0.01,0.0,0.0,0.0,0.0,0,3068.0
0,2,11,9,45,131,0,0,0,0,0,0,0,0,0,0,0,0,0,0,0,0,1,1,0.0,0.0,0.0,0.0,1.0,0.0,0.0,128,50,0.39,0.02,0.39,0.0,0.0,0.0,0.0,0.0,0,40157.0
0,1,19,9,501760,0,0,0,0,0,0,1,0,0,0,0,0,0,0,0,0,0,2,2,0.0,0.0,0.0,0.0,1.0,0.0,0.0,129,104,0.32,0.02,0.32,0.02,0.0,0.0,0.0,0.0,0,54359.0
0,1,3,9,14,41,0,0,0,0,0,0,0,0,0,0,0,0,0,0,0,0,1,1,0.0,0.0,0.0,0.0,1.0,0.0,0.0,48,5,0.08,0.08,0.02,0.4,0.0,0.0,0.0,0.0,0,55408.0
0,1,22,9,306,2698,0,0,0,0,0,1,0,0,0,0,0,0,1,0,0,0,4,5,0.0,0.0,0.0,0.2,1.0,0.0,0.4,255,240,0.94,0.01,0.0,0.0,0.0,0.0,0.01,0.0,0,208.0
43,1,49,9,1103,367,0,0,0,0,0,1,0,0,0,0,0,0,0,0,0,0,1,5,0.0,0.0,0.0,0.0,1.0,0.0,1.0,235,154,0.6,0.02,0.0,0.01,0.0,0.0,0.03,0.04,0,65627.0
0,1,20,5,0,0,0,0,0,0,0,0,0,0,0,0,0,0,0,0,0,0,254,1,1.0,1.0,0.0,0.0,0.0,0.07,0.0,255,1,0.0,0.07,0.0,0.0,1.0,1.0,0.0,0.0,1,30168.0
1,1,18,9,6,75,0,0,0,0,0,0,0,0,0,0,0,0,0,0,0,0,6,1,0.0,0.0,0.33,0.0,0.17,0.67,0.0,159,1,0.01,0.08,0.01,0.0,0.01,0.0,0.01,0.0,1,85502.0
0,1,44,5,0,0,0,0,0,0,0,0,0,0,0,0,0,0,0,0,0,0,208,1,1.0,1.0,0.0,0.0,0.0,0.08,0.0,255,1,0.0,0.08,0.0,0.0,1.0,1.0,0.0,0.0,1,66776.0
0,2,11,9,44,70,0,0,0,0,0,0,0,0,0,0,0,0,0,0,0,0,256,256,0.0,0.0,0.0,0.0,1.0,0.0,0.0,255,226,0.89,0.01,0.0,0.0,0.0,0.0,0.0,0.0,0,77607.0
0,1,44,5,0,0,0,0,0,0,0,0,0,0,0,0,0,0,0,0,0,0,270,15,1.0,1.0,0.0,0.0,0.06,0.07,0.0,255,15,0.06,0.09,0.0,0.0,1.0,1.0,0.0,0.0,1,45576.0
0,1,22,9,217,1324,0,0,0,0,0,1,0,0,0,0,0,0,0,0,0,0,2,2,0.0,0.0,0.0,0.0,1.0,0.0,0.0,17,255,1.0,0.0,0.06,0.02,0.0,0.0,0.0,0.0,0,11799.0
0,1,33,1,0,0,0,0,0,0,0,0,0,0,0,0,0,0,0,0,0,0,207,20,0.0,0.0,1.0,1.0,0.1,0.06,0.0,255,20,0.08,0.08,0.0,0.0,0.0,0.0,1.0,1.0,1,78707.0
0,1,22,9,247,4815,0,0,0,0,0,1,0,0,0,0,0,0,0,0,0,0,3,19,0.0,0.0,0.0,0.0,1.0,0.0,0.16,21,255,1.0,0.0,0.05,0.03,0.0,0.0,0.0,0.0,0,29021.0
0,1,22,9,380,1770,0,0,0,0,0,1,0,0,0,0,0,0,0,0,0,0,32,35,0.0,0.0,0.0,0.0,1.0,0.0,0.09,255,255,1.0,0.0,0.0,0.0,0.0,0.0,0.0,0.0,0,2108.0
0,2,44,9,28,0,0,3,0,0,0,0,0,0,0,0,0,0,0,0,0,0,93,93,0.0,0.0,0.0,0.0,1.0,0.0,0.0,255,60,0.24,0.01,0.24,0.0,0.0,0.0,0.0,0.0,1,96603.0
0,0,13,9,8,0,0,0,0,0,0,0,0,0,0,0,0,0,0,0,0,0,1,3,0.0,0.0,0.0,0.0,1.0,0.0,1.0,1,58,1.0,0.0,1.0,0.52,0.0,0.0,0.0,0.0,1,111204.0
0,1,22,9,156,213,0,0,0,0,0,1,0,0,0,0,0,0,0,0,0,0,1,34,0.0,0.0,0.0,0.0,1.0,0.0,0.09,30,255,1.0,0.0,0.03,0.05,0.0,0.0,0.0,0.0,0,81140.0
0,1,49,9,1439,329,0,0,0,0,0,1,0,0,0,0,0,0,0,0,0,0,1,1,0.0,0.0,0.0,0.0,1.0,0.0,0.0,148,195,0.93,0.03,0.01,0.01,0.0,0.0,0.0,0.0,0,71044.0
1,1,49,9,673,331,0,0,0,0,0,1,0,0,0,0,0,0,0,0,0,0,1,3,0.0,0.0,0.0,0.0,1.0,0.0,1.0,77,120,0.64,0.06,0.01,0.03,0.0,0.0,0.0,0.0,0,33249.0
0,0,13,9,8,0,0,0,0,0,0,0,0,0,0,0,0,0,0,0,0,0,1,22,0.0,0.0,0.0,0.0,1.0,0.0,1.0,2,62,1.0,0.0,1.0,0.5,0.0,0.0,0.0,0.0,1,109845.0
0,1,55,5,0,0,0,0,0,0,0,0,0,0,0,0,0,0,0,0,0,0,52,12,1.0,1.0,0.0,0.0,0.23,0.08,0.0,255,52,0.2,0.03,0.01,0.0,1.0,1.0,0.0,0.0,1,68207.0
0,2,11,9,43,76,0,0,0,0,0,0,0,0,0,0,0,0,0,0,0,0,173,175,0.0,0.0,0.0,0.0,1.0,0.0,0.01,255,234,0.92,0.01,0.0,0.0,0.0,0.0,0.0,0.0,0,69086.0
0,1,22,9,294,4201,0,0,0,0,0,1,0,0,0,0,0,0,0,0,0,0,15,21,0.07,0.1,0.0,0.0,1.0,0.0,0.24,47,255,1.0,0.0,0.02,0.01,0.02,0.0,0.0,0.0,0,47453.0
0,1,22,9,286,1399,0,0,0,0,0,1,0,0,0,0,0,0,0,0,0,0,3,3,0.0,0.0,0.0,0.0,1.0,0.0,0.0,143,255,1.0,0.0,0.01,0.02,0.0,0.0,0.0,0.0,0,47679.0
0,1,44,5,0,0,0,0,0,0,0,0,0,0,0,0,0,0,0,0,0,0,194,3,1.0,1.0,0.0,0.0,0.02,0.06,0.0,255,14,0.05,0.07,0.0,0.0,1.0,1.0,0.0,0.0,1,48746.0
0,1,57,5,0,0,0,0,0,0,0,0,0,0,0,0,0,0,0,0,0,0,264,8,1.0,1.0,0.0,0.0,0.03,0.06,0.0,255,8,0.03,0.09,0.0,0.0,1.0,1.0,0.0,0.0,1,68137.0
0,0,14,9,30,0,0,0,0,0,0,0,0,0,0,0,0,0,0,0,0,0,2,2,0.0,0.0,0.0,0.0,1.0,0.0,0.0,200,200,1.0,0.0,1.0,0.0,0.0,0.0,0.0,0.0,0,90730.0
0,1,22,9,368,1856,0,0,0,0,0,1,0,0,0,0,0,0,0,0,0,0,8,27,0.0,0.0,0.0,0.0,1.0,0.0,0.11,8,255,1.0,0.0,0.12,0.01,0.0,0.0,0.0,0.0,0,6270.0
0,1,40,1,0,0,0,0,0,0,0,0,0,0,0,0,0,0,0,0,0,0,511,1,0.21,0.0,0.79,1.0,0.0,1.0,0.0,255,1,0.0,1.0,0.0,0.0,0.21,0.0,0.79,1.0,1,59299.0
0,1,22,9,236,942,0,0,0,0,0,1,0,0,0,0,0,0,0,0,0,0,12,16,0.0,0.0,0.0,0.0,1.0,0.0,0.12,32,255,1.0,0.0,0.03,0.05,0.0,0.0,0.0,0.0,0,87549.0
1,1,42,9,35,130,0,0,0,0,0,1,0,0,0,0,0,0,0,0,0,0,1,1,0.0,0.0,0.0,0.0,1.0,0.0,0.0,47,3,0.04,0.09,0.02,0.67,0.0,0.0,0.0,0.0,0,8000.0
0,1,22,5,0,0,0,0,0,0,0,0,0,0,0,0,0,0,0,0,0,0,6,5,0.83,1.0,0.17,0.0,0.83,0.33,0.0,255,6,0.02,0.06,0.0,0.0,1.0,1.0,0.0,0.0,1,34123.0
0,2,40,9,147,0,0,0,0,0,0,0,0,0,0,0,0,0,0,0,0,0,5,1,0.0,0.0,0.0,0.0,0.2,0.6,0.0,255,2,0.01,0.68,0.98,0.0,0.0,0.0,0.0,0.0,0,76420.0
0,1,22,9,259,7333,0,0,0,0,0,1,0,0,0,0,0,0,0,0,0,0,27,57,0.0,0.02,0.0,0.02,1.0,0.0,0.07,255,255,1.0,0.0,0.0,0.0,0.0,0.0,0.0,0.0,0,71904.0
0,0,13,9,18,0,0,0,0,0,0,0,0,0,0,0,0,0,0,0,0,0,1,1,0.0,0.0,0.0,0.0,1.0,0.0,0.0,1,32,1.0,0.0,1.0,1.0,0.0,0.0,0.0,0.0,1,85536.0
0,2,39,9,48,48,0,0,0,0,0,0,0,0,0,0,0,0,0,0,0,0,1,1,0.0,0.0,0.0,0.0,1.0,0.0,0.0,255,14,0.05,0.01,0.05,0.0,0.0,0.0,0.02,0.0,0,82404.0
0,1,22,9,235,370,0,0,0,0,0,1,0,0,0,0,0,0,0,0,0,0,12,12,0.0,0.0,0.0,0.0,1.0,0.0,0.0,35,255,1.0,0.0,0.03,0.07,0.0,0.0,0.66,0.75,0,27523.0
0,1,17,2,0,0,0,0,0,0,0,0,0,0,0,0,0,0,0,0,0,0,234,10,0.0,0.0,1.0,1.0,0.04,0.06,0.0,255,10,0.04,0.07,0.0,0.0,0.0,0.0,1.0,1.0,1,121589.0
0,1,22,9,161,13614,0,0,0,0,0,1,0,0,0,0,0,0,0,0,0,0,19,19,0.0,0.0,0.0,0.0,1.0,0.0,0.0,19,255,1.0,0.0,0.05,0.03,0.0,0.0,0.0,0.0,0,42211.0
0,1,33,5,0,0,0,0,0,0,0,0,0,0,0,0,0,0,0,0,0,0,132,5,1.0,1.0,0.0,0.0,0.04,0.05,0.0,255,5,0.02,0.05,0.0,0.0,1.0,1.0,0.0,0.0,1,125412.0
0,1,16,5,0,0,0,0,0,0,0,0,0,0,0,0,0,0,0,0,0,0,147,17,1.0,1.0,0.0,0.0,0.12,0.06,0.0,255,14,0.05,0.07,0.0,0.0,1.0,1.0,0.0,0.0,1,18861.0
0,2,11,9,46,46,0,0,0,0,0,0,0,0,0,0,0,0,0,0,0,0,159,159,0.0,0.0,0.0,0.0,1.0,0.0,0.0,255,249,0.98,0.01,0.0,0.0,0.0,0.0,0.0,0.0,0,11175.0
0,1,22,1,0,0,0,0,0,0,0,0,0,0,0,0,0,0,0,0,0,0,1,1,0.0,0.0,1.0,1.0,1.0,0.0,0.0,29,255,1.0,0.0,0.03,0.2,0.0,0.0,1.0,0.99,0,38277.0
0,1,44,5,0,0,0,0,0,0,0,0,0,0,0,0,0,0,0,0,0,0,279,3,1.0,1.0,0.0,0.0,0.01,0.06,0.0,255,17,0.07,0.06,0.0,0.0,1.0,1.0,0.0,0.0,1,53867.0
0,1,61,5,0,0,0,0,0,0,0,0,0,0,0,0,0,0,0,0,0,0,212,23,1.0,1.0,0.0,0.0,0.11,0.05,0.0,255,23,0.09,0.05,0.0,0.0,1.0,1.0,0.0,0.0,1,40219.0
0,1,44,5,0,0,0,0,0,0,0,0,0,0,0,0,0,0,0,0,0,0,218,8,1.0,1.0,0.0,0.0,0.04,0.06,0.0,255,2,0.01,0.08,0.0,0.0,1.0,1.0,0.0,0.0,1,38901.0
0,1,44,5,0,0,0,0,0,0,0,0,0,0,0,0,0,0,0,0,0,0,287,20,1.0,1.0,0.0,0.0,0.07,0.05,0.0,245,20,0.08,0.06,0.0,0.0,0.99,1.0,0.0,0.0,1,107112.0
0,1,22,1,0,0,0,0,0,0,0,0,0,0,0,0,0,0,0,0,0,0,1,1,0.0,0.0,1.0,1.0,1.0,0.0,0.0,1,255,1.0,0.0,1.0,0.22,0.0,0.0,1.0,0.98,0,99203.0
0,1,22,9,302,1113,0,0,0,0,0,1,0,0,0,0,0,0,0,0,0,0,12,12,0.0,0.0,0.0,0.0,1.0,0.0,0.0,36,255,1.0,0.0,0.03,0.04,0.0,0.01,0.0,0.0,0,92783.0
0,2,40,9,147,0,0,0,0,0,0,0,0,0,0,0,0,0,0,0,0,0,5,1,0.0,0.0,0.0,0.0,0.2,0.6,0.0,255,1,0.0,0.67,1.0,0.0,0.0,0.0,0.0,0.0,0,37086.0
0,1,22,9,317,558,0,0,0,0,0,1,0,0,0,0,0,0,0,0,0,0,6,6,0.0,0.0,0.0,0.0,1.0,0.0,0.0,6,255,1.0,0.0,0.17,0.06,0.0,0.0,0.0,0.0,0,34712.0
0,1,44,5,0,0,0,0,0,0,0,0,0,0,0,0,0,0,0,0,0,0,83,13,1.0,1.0,0.0,0.0,0.16,0.06,0.0,255,14,0.05,0.07,0.0,0.0,1.0,1.0,0.0,0.0,1,76716.0
0,1,49,9,49830,385,0,0,0,0,0,1,0,0,0,0,0,0,0,0,0,0,1,1,0.0,0.0,0.0,0.0,1.0,0.0,0.0,255,9,0.04,0.02,0.0,0.0,0.9,0.0,0.0,0.0,0,26515.0
0,2,11,9,42,147,0,0,0,0,0,0,0,0,0,0,0,0,0,0,0,0,76,156,0.0,0.0,0.0,0.0,1.0,0.0,0.01,255,255,1.0,0.0,0.0,0.0,0.0,0.0,0.0,0.0,0,9690.0
0,1,44,1,0,0,0,0,0,0,0,0,0,0,0,0,0,0,0,0,0,0,1,1,0.0,0.0,1.0,1.0,1.0,0.0,0.0,43,2,0.02,1.0,0.02,1.0,0.0,0.0,0.91,1.0,1,57522.0
0,1,44,5,0,0,0,0,0,0,0,0,0,0,0,0,0,0,0,0,0,0,217,18,1.0,1.0,0.0,0.0,0.08,0.06,0.0,255,18,0.07,0.05,0.0,0.0,1.0,1.0,0.0,0.0,1,5151.0
12954,2,40,9,145,105,0,0,0,0,0,0,0,0,0,0,0,0,0,0,0,0,1,1,0.0,0.0,0.0,0.0,1.0,0.0,0.0,255,2,0.01,0.5,0.85,0.0,0.0,0.0,0.0,0.0,0,112288.0
0,1,22,9,226,632,0,0,0,0,0,1,0,0,0,0,0,0,0,0,0,0,4,7,0.0,0.0,0.0,0.0,1.0,0.0,0.43,255,255,1.0,0.0,0.0,0.0,0.0,0.0,0.0,0.0,0,11693.0
0,1,31,1,0,0,0,0,0,0,0,0,0,0,0,0,0,0,0,0,0,0,104,18,0.0,0.0,1.0,1.0,0.17,0.08,0.0,255,1,0.0,0.09,0.0,0.0,0.0,0.0,1.0,1.0,1,13043.0
0,1,22,9,204,28271,0,0,0,0,0,1,0,0,0,0,0,0,0,0,0,0,5,24,0.0,0.0,0.0,0.0,1.0,0.0,0.08,5,255,1.0,0.0,0.2,0.02,0.0,0.0,0.0,0.0,0,110574.0
0,1,22,9,244,406,0,0,0,0,0,1,0,0,0,0,0,0,0,0,0,0,9,9,0.0,0.0,0.0,0.0,1.0,0.0,0.0,255,255,1.0,0.0,0.0,0.0,0.0,0.0,0.0,0.0,0,117297.0
0,1,26,5,0,0,0,0,0,0,0,0,0,0,0,0,0,0,0,0,0,0,147,14,1.0,1.0,0.0,0.0,0.1,0.05,0.0,255,4,0.02,0.06,0.0,0.0,1.0,1.0,0.0,0.0,1,116490.0
0,1,22,9,307,7897,0,0,0,0,0,1,0,0,0,0,0,0,0,0,0,0,21,22,0.0,0.0,0.0,0.0,1.0,0.0,0.09,21,255,1.0,0.0,0.05,0.03,0.0,0.0,0.0,0.0,0,47762.0
0,1,22,1,0,0,0,0,0,0,0,0,0,0,0,0,0,0,0,0,0,0,1,1,0.0,0.0,1.0,1.0,1.0,0.0,0.0,23,29,1.0,0.0,0.04,0.14,0.0,0.0,1.0,1.0,0,14223.0
0,2,11,9,43,78,0,0,0,0,0,0,0,0,0,0,0,0,0,0,0,0,147,147,0.0,0.0,0.0,0.0,1.0,0.0,0.0,255,254,1.0,0.01,0.0,0.0,0.0,0.0,0.0,0.0,0,35823.0
0,1,44,5,0,0,0,0,0,0,0,0,0,0,0,0,0,0,0,0,0,0,198,17,1.0,1.0,0.0,0.0,0.09,0.06,0.0,237,17,0.07,0.07,0.0,0.0,0.94,1.0,0.0,0.0,1,81308.0
0,2,11,9,43,132,0,0,0,0,0,0,0,0,0,0,0,0,0,0,0,0,73,153,0.0,0.0,0.0,0.0,1.0,0.0,0.01,255,254,1.0,0.01,0.0,0.0,0.0,0.0,0.0,0.0,0,52726.0
0,2,11,9,44,127,0,0,0,0,0,0,0,0,0,0,0,0,0,0,0,0,111,191,0.0,0.0,0.0,0.0,1.0,0.0,0.01,255,254,1.0,0.01,0.0,0.0,0.0,0.0,0.0,0.0,0,108389.0
0,1,6,5,0,0,0,0,0,0,0,0,0,0,0,0,0,0,0,0,0,0,144,5,1.0,1.0,0.0,0.0,0.03,0.06,0.0,255,3,0.01,0.08,0.0,0.0,1.0,1.0,0.0,0.0,1,120613.0
0,1,44,5,0,0,0,0,0,0,0,0,0,0,0,0,0,0,0,0,0,0,241,18,1.0,1.0,0.0,0.0,0.07,0.07,0.0,255,18,0.07,0.08,0.0,0.0,1.0,1.0,0.0,0.0,1,53110.0
0,1,22,7,401,0,0,0,0,3,0,1,0,0,0,0,0,0,0,0,0,0,1,3,1.0,0.33,0.0,0.0,1.0,0.0,1.0,35,255,1.0,0.0,0.03,0.14,0.03,0.0,0.11,0.54,0,54790.0
0,1,16,5,0,0,0,0,0,0,0,0,0,0,0,0,0,0,0,0,0,0,105,4,1.0,1.0,0.0,0.0,0.04,0.07,0.0,255,4,0.02,0.06,0.0,0.0,1.0,1.0,0.0,0.0,1,36546.0
0,1,22,9,300,2056,0,0,0,0,0,1,0,0,0,0,0,0,0,0,0,0,4,4,0.0,0.0,0.0,0.0,1.0,0.0,0.0,52,255,1.0,0.0,0.02,0.02,0.0,0.0,0.0,0.0,0,44878.0
0,0,14,9,520,0,0,0,0,0,0,0,0,0,0,0,0,0,0,0,0,0,87,87,0.0,0.0,0.0,0.0,1.0,0.0,0.0,255,255,1.0,0.0,1.0,0.0,0.0,0.0,0.0,0.0,1,96039.0
1473,2,40,9,147,105,0,0,0,0,0,0,0,0,0,0,0,0,0,0,0,0,1,1,0.0,0.0,0.0,0.0,1.0,0.0,0.0,255,1,0.0,0.73,1.0,0.0,0.0,0.0,0.0,0.0,0,42385.0
0,2,11,9,44,131,0,0,0,0,0,0,0,0,0,0,0,0,0,0,0,0,98,177,0.0,0.0,0.0,0.0,1.0,0.0,0.01,255,255,1.0,0.0,0.0,0.0,0.0,0.0,0.0,0.0,0,96969.0
0,0,58,9,182,0,0,0,0,0,0,0,0,0,0,0,0,0,0,0,0,0,2,1,0.0,0.0,0.0,0.0,0.5,1.0,0.0,255,40,0.16,0.01,0.18,0.0,0.0,0.0,0.0,0.0,0,93804.0
0,1,44,5,0,0,0,0,0,0,0,0,0,0,0,0,0,0,0,0,0,0,211,12,1.0,1.0,0.0,0.0,0.06,0.06,0.0,255,16,0.06,0.07,0.0,0.0,1.0,1.0,0.0,0.0,1,97812.0
0,1,22,9,333,3293,0,0,0,0,0,1,0,0,0,0,0,0,0,0,0,0,13,37,0.0,0.0,0.0,0.0,1.0,0.0,0.11,78,255,1.0,0.0,0.01,0.04,0.0,0.0,0.0,0.0,0,18400.0
0,1,22,9,251,1678,0,0,0,0,0,1,0,0,0,0,0,0,0,0,0,0,1,1,0.0,0.0,0.0,0.0,1.0,0.0,0.0,255,237,0.93,0.02,0.0,0.0,0.0,0.0,0.0,0.0,0,76243.0
0,1,22,9,212,416,0,0,0,0,0,1,0,0,0,0,0,0,0,0,0,0,1,1,0.0,0.0,0.0,0.0,1.0,0.0,0.0,20,255,1.0,0.0,0.05,0.04,0.1,0.01,0.0,0.0,0,35877.0
0,1,61,1,0,0,0,0,0,0,0,0,0,0,0,0,0,0,0,0,0,0,143,17,0.0,0.0,1.0,1.0,0.12,0.06,0.0,255,7,0.03,0.07,0.0,0.0,0.0,0.0,1.0,1.0,1,28673.0
0,2,11,9,42,42,0,0,0,0,0,0,0,0,0,0,0,0,0,0,0,0,13,21,0.0,0.0,0.0,0.0,1.0,0.0,0.1,255,243,0.95,0.01,0.01,0.0,0.0,0.0,0.0,0.0,0,54910.0
0,1,22,9,353,7659,0,0,0,0,0,1,0,0,0,0,0,0,0,0,0,0,12,12,0.0,0.0,0.0,0.0,1.0,0.0,0.0,255,255,1.0,0.0,0.0,0.0,0.0,0.0,0.0,0.0,0,79516.0
0,1,44,5,0,0,0,0,0,0,0,0,0,0,0,0,0,0,0,0,0,0,113,3,1.0,1.0,0.0,0.0,0.03,0.06,0.0,255,18,0.07,0.06,0.0,0.0,1.0,1.0,0.0,0.0,1,39476.0
0,1,25,5,0,0,0,0,0,0,0,0,0,0,0,0,0,0,0,0,0,0,209,20,1.0,1.0,0.0,0.0,0.1,0.06,0.0,255,20,0.08,0.06,0.0,0.0,1.0,1.0,0.0,0.0,1,50182.0
0,2,11,9,43,72,0,0,0,0,0,0,0,0,0,0,0,0,0,0,0,0,297,296,0.0,0.0,0.0,0.0,1.0,0.01,0.0,255,254,1.0,0.01,0.0,0.0,0.0,0.0,0.0,0.0,0,65751.0
0,1,22,9,287,5250,0,0,0,0,0,1,0,0,0,0,0,0,0,0,0,0,1,1,0.0,0.0,0.0,0.0,1.0,0.0,0.0,22,255,1.0,0.0,0.05,0.04,0.0,0.0,0.0,0.0,0,67006.0
0,1,47,1,0,0,0,0,0,0,0,0,0,0,0,0,0,0,0,0,0,0,205,3,0.0,0.0,1.0,1.0,0.01,0.07,0.0,255,3,0.01,0.09,0.0,0.0,0.0,0.0,1.0,1.0,1,44463.0
0,1,22,9,314,828,0,0,0,0,0,1,0,0,0,0,0,0,0,0,0,0,2,15,0.0,0.0,0.0,0.0,1.0,0.0,0.27,52,249,1.0,0.0,0.02,0.03,0.0,0.01,0.0,0.0,0,67333.0
0,1,54,5,0,0,0,0,0,0,0,0,0,0,0,0,0,0,0,0,0,0,110,6,1.0,1.0,0.0,0.0,0.05,0.06,0.0,255,8,0.03,0.07,0.0,0.0,1.0,1.0,0.0,0.0,1,35828.0
0,1,44,5,0,0,0,0,0,0,0,0,0,0,0,0,0,0,0,0,0,0,135,4,1.0,1.0,0.0,0.0,0.03,0.06,0.0,255,16,0.06,0.07,0.0,0.0,1.0,1.0,0.0,0.0,1,11066.0
0,1,19,9,960,0,0,0,0,0,0,1,0,0,0,0,0,0,0,0,0,0,2,2,0.0,0.0,0.0,0.0,1.0,0.0,0.0,22,34,0.27,0.23,0.27,0.06,0.0,0.0,0.0,0.0,0,47190.0
0,1,6,1,0,0,0,0,0,0,0,0,0,0,0,0,0,0,0,0,0,0,137,7,0.0,0.0,1.0,1.0,0.05,0.06,0.0,255,2,0.01,0.07,0.0,0.0,0.0,0.0,1.0,1.0,1,22047.0
0,1,22,9,283,39296,0,0,0,0,0,1,0,0,0,0,0,0,0,0,0,0,4,4,0.0,0.0,0.0,0.0,1.0,0.0,0.0,4,255,1.0,0.0,0.25,0.05,0.0,0.0,0.0,0.0,0,88761.0
0,1,44,5,0,0,0,0,0,0,0,0,0,0,0,0,0,0,0,0,0,0,280,14,1.0,1.0,0.0,0.0,0.05,0.05,0.0,255,16,0.06,0.07,0.0,0.0,1.0,1.0,0.0,0.0,1,52134.0
1,1,49,9,1917,335,0,0,0,0,0,1,0,0,0,0,0,0,0,0,0,0,2,6,0.0,0.0,0.0,0.0,1.0,0.0,0.83,167,240,0.96,0.01,0.01,0.01,0.0,0.0,0.0,0.0,0,1847.0
0,1,44,1,0,0,0,0,0,0,0,0,0,0,0,0,0,0,0,0,0,0,198,16,0.0,0.0,1.0,1.0,0.08,0.07,0.0,255,16,0.06,0.07,0.0,0.0,0.0,0.0,1.0,1.0,1,109542.0
0,2,40,9,516,4,0,0,0,0,0,0,0,0,0,0,0,0,0,0,0,0,274,274,0.0,0.0,0.0,0.0,1.0,0.0,0.0,255,255,1.0,0.0,1.0,0.0,0.0,0.0,0.0,0.0,0,11420.0
0,1,37,5,0,0,0,0,0,0,0,0,0,0,0,0,0,0,0,0,0,0,110,15,1.0,1.0,0.0,0.0,0.14,0.06,0.0,255,34,0.13,0.06,0.0,0.0,1.0,1.0,0.0,0.0,1,49571.0
0,1,19,9,26,0,0,0,0,0,0,0,0,0,0,0,0,0,0,0,0,0,2,2,0.0,0.0,0.0,0.0,1.0,0.0,0.0,168,16,0.07,0.02,0.07,0.12,0.0,0.0,0.02,0.0,0,111716.0
0,1,44,5,0,0,0,0,0,0,0,0,0,0,0,0,0,0,0,0,0,0,117,9,1.0,1.0,0.0,0.0,0.08,0.07,0.0,255,13,0.05,0.06,0.0,0.0,1.0,1.0,0.0,0.0,1,29440.0
0,1,22,9,311,15986,0,0,0,0,0,1,0,0,0,0,0,0,0,0,0,0,3,7,0.0,0.0,0.0,0.0,1.0,0.0,0.43,54,255,1.0,0.0,0.02,0.01,0.02,0.01,0.0,0.0,0,26560.0
0,1,59,5,0,0,0,0,0,0,0,0,0,0,0,0,0,0,0,0,0,0,141,20,1.0,1.0,0.0,0.0,0.14,0.06,0.0,255,20,0.08,0.05,0.0,0.0,1.0,1.0,0.0,0.0,1,30532.0
0,1,22,9,287,4177,0,0,0,0,0,1,0,0,0,0,0,0,0,0,0,0,8,8,0.0,0.0,0.0,0.0,1.0,0.0,0.0,8,255,1.0,0.0,0.12,0.02,0.0,0.0,0.0,0.0,0,58453.0
0,1,44,5,0,0,0,0,0,0,0,0,0,0,0,0,0,0,0,0,0,0,101,1,1.0,1.0,0.0,0.0,0.01,0.07,0.0,255,24,0.09,0.06,0.0,0.0,1.0,1.0,0.0,0.0,1,55942.0
0,1,22,9,239,392,0,0,0,0,0,1,0,0,0,0,0,0,0,0,0,0,8,8,0.0,0.0,0.0,0.0,1.0,0.0,0.0,205,255,1.0,0.0,0.0,0.02,0.0,0.01,0.0,0.01,0,18354.0
0,2,40,9,146,0,0,0,0,0,0,0,0,0,0,0,0,0,0,0,0,0,1,1,0.0,0.0,0.0,0.0,1.0,0.0,0.0,255,1,0.0,0.75,0.97,0.0,0.0,0.0,0.0,0.0,0,9038.0
0,0,14,9,520,0,0,0,0,0,0,0,0,0,0,0,0,0,0,0,0,0,336,336,0.0,0.0,0.0,0.0,1.0,0.0,0.0,255,255,1.0,0.0,1.0,0.0,0.0,0.0,0.0,0.0,1,104643.0
3,1,49,9,2083,378,0,0,0,0,0,1,0,0,0,0,0,0,0,0,0,0,1,1,0.0,0.0,0.0,0.0,1.0,0.0,0.0,75,201,0.77,0.04,0.01,0.01,0.01,0.0,0.0,0.0,0,123299.0
0,1,19,9,567,0,0,0,0,0,0,1,0,0,0,6,0,0,0,0,0,0,1,1,0.0,0.0,0.0,0.0,1.0,0.0,0.0,39,88,0.13,0.13,0.13,0.02,0.0,0.0,0.0,0.0,0,103128.0
0,1,22,9,241,2429,0,0,0,0,0,1,0,0,0,0,0,0,0,0,0,0,4,4,0.0,0.0,0.0,0.0,1.0,0.0,0.0,44,255,1.0,0.0,0.02,0.04,0.0,0.0,0.0,0.0,0,82961.0
0,1,40,1,0,0,0,0,0,0,0,0,0,0,0,0,0,0,0,0,0,0,511,1,0.08,0.0,0.92,1.0,0.0,1.0,0.0,255,1,0.0,1.0,0.0,0.0,0.03,0.0,0.97,1.0,1,64816.0
0,1,44,4,0,0,0,0,0,0,0,0,0,0,0,0,0,0,0,0,0,0,1,1,0.0,0.0,1.0,1.0,1.0,0.0,0.0,255,1,0.0,0.34,0.67,0.0,0.0,0.0,0.67,1.0,1,21375.0
0,1,44,1,0,0,0,0,0,0,0,0,0,0,0,0,0,0,0,0,0,0,248,18,0.0,0.0,1.0,1.0,0.07,0.07,0.0,255,18,0.07,0.07,0.0,0.0,0.0,0.0,1.0,1.0,1,2771.0
0,2,11,9,44,44,0,0,0,0,0,0,0,0,0,0,0,0,0,0,0,0,12,18,0.0,0.0,0.0,0.0,1.0,0.0,0.11,96,92,0.96,0.02,0.01,0.0,0.0,0.0,0.0,0.0,0,97817.0
0,1,19,5,0,0,0,0,0,0,0,0,0,0,0,0,0,0,0,0,0,0,36,16,1.0,1.0,0.0,0.0,0.44,0.06,0.0,38,62,0.42,0.08,0.05,0.03,0.95,0.26,0.0,0.0,1,92671.0
0,1,10,9,48,497,0,0,0,0,0,1,0,0,0,0,0,0,0,0,0,0,45,1,0.0,0.0,0.0,0.0,0.02,0.04,0.0,255,1,0.0,0.02,0.0,0.0,0.0,0.0,0.0,0.0,0,29634.0
0,1,44,5,0,0,0,0,0,0,0,0,0,0,0,0,0,0,0,0,0,0,125,9,1.0,1.0,0.0,0.0,0.07,0.08,0.0,255,9,0.04,0.07,0.0,0.0,1.0,1.0,0.0,0.0,1,85309.0
0,1,44,5,0,0,0,0,0,0,0,0,0,0,0,0,0,0,0,0,0,0,56,9,1.0,1.0,0.0,0.0,0.16,0.09,0.0,255,9,0.04,0.07,0.0,0.0,1.0,1.0,0.0,0.0,1,108916.0
23,1,55,9,387,1332438,0,0,0,0,0,1,0,0,0,0,0,0,0,0,0,0,1,1,0.0,0.0,0.0,0.0,1.0,0.0,0.0,180,18,0.1,0.02,0.01,0.0,0.0,0.0,0.0,0.0,0,57066.0
0,0,14,9,520,0,0,0,0,0,0,0,0,0,0,0,0,0,0,0,0,0,448,448,0.0,0.0,0.0,0.0,1.0,0.0,0.0,230,230,1.0,0.0,1.0,0.0,0.0,0.0,0.0,0.0,1,108899.0
0,1,22,9,215,1718,0,0,0,0,0,1,0,0,0,0,0,0,0,0,0,0,9,9,0.0,0.0,0.0,0.0,1.0,0.0,0.0,255,255,1.0,0.0,0.0,0.0,0.0,0.0,0.0,0.0,0,19610.0
0,1,22,9,290,269,0,0,0,0,0,1,0,0,0,0,0,0,0,0,0,0,5,14,0.0,0.0,0.0,0.0,1.0,0.0,0.29,255,255,1.0,0.0,0.0,0.0,0.0,0.0,0.0,0.0,0,41954.0
0,1,22,9,145,1691,0,0,0,0,0,1,0,0,0,0,0,0,0,0,0,0,1,1,0.0,0.0,0.0,0.0,1.0,0.0,0.0,1,255,1.0,0.0,1.0,0.05,0.0,0.0,0.0,0.0,0,54350.0
0,1,22,9,335,11887,0,0,0,0,0,1,0,0,0,0,0,0,0,0,0,0,6,7,0.0,0.0,0.0,0.0,1.0,0.0,0.29,25,255,1.0,0.0,0.04,0.03,0.0,0.0,0.28,0.44,0,55011.0
0,2,11,9,43,76,0,0,0,0,0,0,0,0,0,0,0,0,0,0,0,0,130,130,0.0,0.0,0.0,0.0,1.0,0.0,0.0,255,201,0.79,0.01,0.0,0.0,0.0,0.0,0.0,0.0,0,23765.0
0,1,44,1,0,0,0,0,0,0,0,0,0,0,0,0,0,0,0,0,0,0,1,1,0.0,0.0,1.0,1.0,1.0,0.0,0.0,54,2,0.02,1.0,0.02,1.0,0.0,0.0,0.98,1.0,1,93345.0
0,1,22,9,295,6801,0,0,0,0,0,1,0,0,0,0,0,0,0,0,0,0,6,6,0.0,0.0,0.0,0.0,1.0,0.0,0.0,61,255,1.0,0.0,0.03,0.02,0.0,0.0,0.0,0.0,0,101250.0
0,1,5,5,0,0,0,0,0,0,0,0,0,0,0,0,0,0,0,0,0,0,120,4,1.0,1.0,0.0,0.0,0.03,0.06,0.0,255,4,0.02,0.05,0.0,0.0,1.0,1.0,0.0,0.0,1,76076.0
0,1,44,5,0,0,0,0,0,0,0,0,0,0,0,0,0,0,0,0,0,0,127,7,1.0,1.0,0.0,0.0,0.06,0.06,0.0,255,13,0.05,0.07,0.0,0.0,1.0,1.0,0.0,0.0,1,24351.0
0,1,19,9,245,0,0,0,0,0,0,1,0,0,0,1,0,0,0,0,0,0,2,2,0.0,0.0,0.0,0.0,1.0,0.0,0.0,12,6,0.17,0.17,0.17,0.33,0.0,0.0,0.0,0.0,0,60871.0
7025,2,40,9,147,105,0,0,0,0,0,0,0,0,0,0,0,0,0,0,0,0,2,2,0.0,0.0,0.0,0.0,1.0,0.0,0.0,255,2,0.01,0.83,0.99,0.0,0.0,0.0,0.0,0.0,0,59628.0
0,1,37,5,0,0,0,0,0,0,0,0,0,0,0,0,0,0,0,0,0,0,105,4,1.0,1.0,0.0,0.0,0.04,0.08,0.0,255,5,0.02,0.06,0.0,0.0,1.0,1.0,0.0,0.0,1,88981.0
0,1,22,9,285,1764,0,0,0,0,0,1,0,0,0,0,0,0,0,0,0,0,34,34,0.0,0.0,0.0,0.0,1.0,0.0,0.0,174,255,1.0,0.0,0.01,0.02,0.0,0.0,0.0,0.0,0,39141.0
0,2,11,9,46,115,0,0,0,0,0,0,0,0,0,0,0,0,0,0,0,0,112,113,0.0,0.0,0.0,0.0,1.0,0.0,0.02,255,253,0.99,0.01,0.0,0.0,0.0,0.0,0.0,0.0,0,69130.0
0,0,13,9,30,0,0,0,0,0,0,0,0,0,0,0,0,0,0,0,0,0,2,1,0.0,0.0,0.0,0.0,0.5,1.0,0.0,255,14,0.05,0.01,0.26,0.0,0.0,0.0,0.0,0.0,0,66081.0
0,1,22,9,170,5313,0,0,0,0,0,1,0,0,0,0,0,0,0,0,0,0,3,3,0.0,0.0,0.0,0.0,1.0,0.0,0.0,36,255,1.0,0.0,0.03,0.03,0.0,0.0,0.0,0.0,0,120746.0
0,1,49,9,811,385,0,0,0,0,0,1,0,0,0,0,0,0,0,0,0,0,1,1,0.0,0.0,0.0,0.0,1.0,0.0,0.0,255,75,0.29,0.05,0.0,0.0,0.45,0.0,0.02,0.0,0,64033.0
0,0,14,9,1032,0,0,0,0,0,0,0,0,0,0,0,0,0,0,0,0,0,15,15,0.0,0.0,0.0,0.0,1.0,0.0,0.0,255,15,0.06,0.02,0.06,0.0,0.0,0.0,0.0,0.0,1,66316.0
0,2,44,9,28,0,0,3,0,0,0,0,0,0,0,0,0,0,0,0,0,0,153,53,0.65,0.0,0.0,0.0,0.35,0.05,0.0,255,53,0.21,0.8,0.21,0.0,0.09,0.0,0.71,0.0,1,119833.0
0,1,55,5,0,0,0,0,0,0,0,0,0,0,0,0,0,0,0,0,0,0,8,1,0.88,1.0,0.12,0.0,0.12,0.5,0.0,255,22,0.09,0.06,0.01,0.0,1.0,1.0,0.0,0.0,1,50406.0
0,1,19,9,748,0,0,0,0,0,0,1,0,0,0,9,0,0,0,0,0,0,1,1,0.0,0.0,0.0,0.0,1.0,0.0,0.0,231,79,0.32,0.12,0.42,0.03,0.01,0.01,0.0,0.0,0,109809.0
0,1,22,1,0,0,0,0,0,0,0,0,0,0,0,0,0,0,0,0,0,0,1,2,0.0,0.0,1.0,1.0,1.0,0.0,1.0,1,255,1.0,0.0,1.0,0.18,0.0,0.01,1.0,0.99,0,37878.0
0,1,49,9,2526,325,0,0,0,0,0,1,0,0,0,0,0,0,0,0,0,0,1,1,0.0,0.0,0.0,0.0,1.0,0.0,0.0,159,137,0.59,0.03,0.01,0.01,0.0,0.0,0.01,0.04,0,114306.0
0,1,44,5,0,0,0,0,0,0,0,0,0,0,0,0,0,0,0,0,0,0,113,14,1.0,1.0,0.0,0.0,0.12,0.05,0.0,169,14,0.08,0.06,0.01,0.0,1.0,1.0,0.0,0.0,1,50899.0
0,1,22,6,160,29072,0,0,0,0,0,1,0,0,0,0,0,0,0,0,0,0,1,1,1.0,1.0,0.0,0.0,1.0,0.0,0.0,38,255,1.0,0.0,0.03,0.02,0.03,0.0,0.0,0.0,0,67183.0
0,1,5,5,0,0,0,0,0,0,0,0,0,0,0,0,0,0,0,0,0,0,124,15,1.0,1.0,0.0,0.0,0.12,0.06,0.0,255,15,0.06,0.05,0.0,0.0,1.0,1.0,0.0,0.0,1,114295.0
0,2,11,9,45,75,0,0,0,0,0,0,0,0,0,0,0,0,0,0,0,0,281,281,0.0,0.0,0.0,0.0,1.0,0.0,0.0,255,254,1.0,0.01,0.0,0.0,0.0,0.0,0.0,0.0,0,96222.0
0,1,44,1,0,0,0,0,0,0,0,0,0,0,0,0,0,0,0,0,0,0,191,10,0.0,0.0,1.0,1.0,0.05,0.07,0.0,255,10,0.04,0.08,0.0,0.0,0.0,0.0,1.0,1.0,1,101951.0
0,2,11,9,45,131,0,0,0,0,0,0,0,0,0,0,0,0,0,0,0,0,78,158,0.0,0.0,0.0,0.0,1.0,0.0,0.01,255,254,1.0,0.01,0.0,0.0,0.0,0.0,0.0,0.0,0,94343.0
0,1,40,1,0,0,0,0,0,0,0,0,0,0,0,0,0,0,0,0,0,0,511,1,0.1,0.0,0.89,1.0,0.0,1.0,0.0,255,1,0.0,1.0,0.0,0.0,0.11,0.0,0.89,1.0,1,73898.0
0,1,49,9,1289,392,0,0,0,0,0,1,0,0,0,0,0,0,0,0,0,0,1,1,0.0,0.0,0.0,0.0,1.0,0.0,0.0,255,121,0.47,0.02,0.0,0.0,0.49,0.53,0.0,0.0,0,69834.0
0,1,22,9,234,2263,0,0,0,0,0,1,0,0,0,0,0,0,0,0,0,0,1,9,0.0,0.0,0.0,0.0,1.0,0.0,0.22,255,255,1.0,0.0,0.0,0.0,0.0,0.0,0.0,0.0,0,124759.0
0,1,22,9,232,1394,0,0,0,0,0,1,0,0,0,0,0,0,0,0,0,0,5,37,0.0,0.0,0.0,0.0,1.0,0.0,0.11,214,255,1.0,0.0,0.0,0.01,0.0,0.0,0.0,0.0,0,119199.0
0,1,22,9,298,6515,0,0,0,0,0,1,0,0,0,0,0,0,0,0,0,0,2,3,0.0,0.0,0.0,0.0,1.0,0.0,0.67,255,255,1.0,0.0,0.0,0.0,0.0,0.0,0.01,0.01,0,24263.0
0,1,44,1,0,0,0,0,0,0,0,0,0,0,0,0,0,0,0,0,0,0,144,12,0.0,0.0,1.0,1.0,0.08,0.07,0.0,255,12,0.05,0.07,0.0,0.0,0.0,0.0,1.0,1.0,1,81466.0
169,2,40,9,147,105,0,0,0,0,0,0,0,0,0,0,0,0,0,0,0,0,6,2,0.0,0.0,0.0,0.0,0.33,0.5,0.0,255,2,0.01,0.43,0.93,0.0,0.0,0.0,0.0,0.0,0,97399.0
0,1,22,9,220,2367,0,0,0,0,0,1,0,0,0,0,0,0,0,0,0,0,3,5,0.0,0.0,0.0,0.0,1.0,0.0,0.6,139,255,1.0,0.0,0.01,0.03,0.0,0.0,0.0,0.0,0,64970.0
6938,2,40,9,147,105,0,0,0,0,0,0,0,0,0,0,0,0,0,0,0,0,6,1,0.0,0.0,0.0,0.0,0.17,0.67,0.0,72,1,0.01,0.72,0.96,0.0,0.0,0.0,0.0,0.0,0,81973.0
0,1,22,9,294,185,0,0,0,0,0,1,0,0,0,0,0,0,0,0,0,0,24,24,0.0,0.0,0.0,0.0,1.0,0.0,0.0,128,255,1.0,0.0,0.01,0.01,0.0,0.0,0.0,0.0,0,37805.0
0,1,44,5,0,0,0,0,0,0,0,0,0,0,0,0,0,0,0,0,0,0,212,20,1.0,1.0,0.0,0.0,0.09,0.08,0.0,255,20,0.08,0.08,0.0,0.0,1.0,1.0,0.0,0.0,1,15762.0
0,1,20,5,0,0,0,0,0,0,0,0,0,0,0,0,0,0,0,0,0,0,264,8,1.0,1.0,0.0,0.0,0.03,0.06,0.0,255,8,0.03,0.07,0.0,0.0,1.0,1.0,0.0,0.0,1,110092.0
0,1,22,9,234,765,0,0,0,0,0,1,0,0,0,0,0,0,0,0,0,0,9,9,0.0,0.0,0.0,0.0,1.0,0.0,0.0,10,118,1.0,0.0,0.1,0.14,0.0,0.0,0.1,0.92,0,49819.0
0,1,22,9,205,1761,0,0,0,0,0,1,0,0,0,0,0,0,0,0,0,0,6,7,0.0,0.0,0.0,0.0,1.0,0.0,0.29,54,255,1.0,0.0,0.02,0.06,0.0,0.0,0.0,0.0,0,57548.0
0,1,36,5,0,0,0,0,0,0,0,0,0,0,0,0,0,0,0,0,0,0,229,16,1.0,1.0,0.0,0.0,0.07,0.07,0.0,255,3,0.01,0.08,0.0,0.0,1.0,1.0,0.0,0.0,1,8960.0
0,1,49,9,1354,436,0,0,0,0,0,1,0,0,0,0,0,0,0,0,0,0,1,2,0.0,0.0,0.0,0.0,1.0,0.0,1.0,255,32,0.13,0.06,0.0,0.0,0.0,0.0,0.85,0.0,0,96220.0
3,1,49,9,821,333,0,0,0,0,0,1,0,0,0,0,0,0,0,0,0,0,1,1,0.0,0.0,0.0,0.0,1.0,0.0,0.0,34,127,0.65,0.15,0.03,0.02,0.0,0.02,0.0,0.0,0,27679.0
0,1,49,9,701,285,0,0,0,0,0,1,0,0,0,0,0,0,0,0,0,0,1,1,0.0,0.0,0.0,0.0,1.0,0.0,0.0,139,132,0.51,0.04,0.01,0.02,0.0,0.0,0.0,0.0,0,4995.0
0,1,22,1,0,0,0,0,0,0,0,0,0,0,0,0,0,0,0,0,0,0,1,1,0.0,0.0,1.0,1.0,1.0,0.0,0.0,30,250,1.0,0.0,0.03,0.16,0.0,0.0,1.0,1.0,0,32683.0
0,1,22,1,0,0,0,0,0,0,0,0,0,0,0,0,0,0,0,0,0,0,1,1,0.0,0.0,1.0,1.0,1.0,0.0,0.0,21,6,0.29,0.24,0.05,0.0,0.05,0.0,0.29,1.0,0,9975.0
0,1,44,5,0,0,0,0,0,0,0,0,0,0,0,0,0,0,0,0,0,0,115,10,0.99,1.0,0.0,0.0,0.09,0.08,0.0,255,10,0.04,0.06,0.0,0.0,1.0,1.0,0.0,0.0,1,27072.0
0,1,44,1,0,0,0,0,0,0,0,0,0,0,0,0,0,0,0,0,0,0,435,1,0.05,0.0,0.93,1.0,0.0,1.0,0.0,255,1,0.0,1.0,0.0,0.0,0.08,0.0,0.92,1.0,1,81781.0
0,1,26,5,0,0,0,0,0,0,0,0,0,0,0,0,0,0,0,0,0,0,135,7,1.0,1.0,0.0,0.0,0.05,0.06,0.0,255,2,0.01,0.07,0.0,0.0,1.0,1.0,0.0,0.0,1,61790.0
0,1,22,9,321,4676,0,0,0,0,0,1,0,0,0,0,0,0,0,0,0,0,1,24,0.0,0.0,0.0,0.0,1.0,0.0,0.17,32,255,1.0,0.0,0.03,0.06,0.0,0.0,0.0,0.0,0,93764.0
2,1,44,4,0,0,0,0,0,0,0,0,0,0,0,0,0,0,0,0,0,0,381,2,0.0,0.0,1.0,1.0,0.01,0.52,0.0,255,2,0.01,0.52,1.0,0.0,0.0,0.0,1.0,1.0,1,44765.0
0,1,19,9,501760,0,0,0,0,0,0,0,0,0,0,0,0,0,0,0,0,0,2,2,0.0,0.0,0.0,0.0,1.0,0.0,0.0,255,73,0.29,0.02,0.29,0.0,0.0,0.0,0.0,0.0,0,83584.0
0,1,19,5,0,0,0,0,0,0,0,0,0,0,0,0,0,0,0,0,0,0,228,4,1.0,1.0,0.0,0.0,0.02,0.06,0.0,255,4,0.02,0.07,0.0,0.0,1.0,1.0,0.0,0.0,1,595.0
0,1,44,5,0,0,0,0,0,0,0,0,0,0,0,0,0,0,0,0,0,0,297,5,1.0,1.0,0.0,0.0,0.02,0.05,0.0,255,5,0.02,0.05,0.0,0.0,1.0,1.0,0.0,0.0,1,29923.0
0,1,22,9,168,2944,0,0,0,0,0,1,0,0,0,0,0,0,0,0,0,0,1,1,0.0,0.0,0.0,0.0,1.0,0.0,0.0,98,255,1.0,0.0,0.01,0.05,0.0,0.0,0.0,0.0,0,6617.0
0,1,17,5,0,0,0,0,0,0,0,0,0,0,0,0,0,0,0,0,0,0,4,1,0.75,1.0,0.25,0.0,0.25,0.75,0.0,255,22,0.09,0.06,0.0,0.0,1.0,1.0,0.0,0.0,1,76889.0
0,1,22,1,0,0,0,0,0,0,0,0,0,0,0,0,0,0,0,0,0,0,1,1,0.0,0.0,1.0,1.0,1.0,0.0,0.0,2,255,1.0,0.0,0.5,0.03,0.0,0.02,1.0,0.03,0,10842.0
31,1,1,9,417488,159648,0,0,0,0,0,1,0,0,0,0,0,0,0,0,0,0,1,1,0.0,0.0,0.0,0.0,1.0,0.0,0.0,13,12,0.92,0.15,0.08,0.0,0.08,0.08,0.08,0.08,0,124830.0
0,1,22,9,323,1414,0,0,0,0,0,1,0,0,0,0,0,0,0,0,0,0,14,18,0.0,0.0,0.0,0.0,1.0,0.0,0.11,125,255,1.0,0.0,0.01,0.01,0.0,0.0,0.0,0.0,0,47620.0
30,1,18,9,1431,4152,0,0,0,30,0,1,0,0,0,0,0,0,0,0,0,1,1,1,0.0,0.0,0.0,0.0,1.0,0.0,0.0,137,39,0.28,0.03,0.01,0.0,0.01,0.03,0.0,0.0,0,122816.0
0,1,44,5,0,0,0,0,0,0,0,0,0,0,0,0,0,0,0,0,0,0,261,13,1.0,1.0,0.0,0.0,0.05,0.05,0.0,255,12,0.05,0.08,0.0,0.0,1.0,1.0,0.0,0.0,1,105740.0
0,1,40,1,0,0,0,0,0,0,0,0,0,0,0,0,0,0,0,0,0,0,511,1,0.05,0.0,0.95,1.0,0.0,1.0,0.0,255,1,0.0,1.0,0.0,0.0,0.02,0.0,0.98,1.0,1,9043.0
0,1,55,2,0,0,0,0,0,0,0,0,0,0,0,0,0,0,0,0,0,0,1,1,0.0,0.0,1.0,1.0,1.0,0.0,0.0,255,38,0.15,0.06,0.0,0.0,0.55,0.26,0.04,0.13,0,26561.0
0,1,22,9,292,1718,0,0,0,0,0,1,0,0,0,0,0,0,0,0,0,0,3,3,0.0,0.0,0.0,0.0,1.0,0.0,0.0,255,255,1.0,0.0,0.0,0.0,0.01,0.01,0.0,0.0,0,3137.0
2,1,57,9,0,4,0,0,0,0,0,0,0,0,0,0,0,0,0,0,0,0,1,1,0.0,0.0,0.0,0.0,1.0,0.0,0.0,8,8,1.0,0.0,0.12,0.0,0.0,0.0,0.0,0.0,0,23803.0
0,1,49,9,761,336,0,0,0,0,0,1,0,0,0,0,0,0,0,0,0,0,1,1,0.0,0.0,0.0,0.0,1.0,0.0,0.0,156,140,0.69,0.03,0.01,0.01,0.0,0.0,0.0,0.0,0,52032.0
0,2,11,9,44,67,0,0,0,0,0,0,0,0,0,0,0,0,0,0,0,0,176,176,0.0,0.0,0.0,0.0,1.0,0.0,0.0,255,255,1.0,0.0,0.0,0.0,0.0,0.0,0.0,0.0,0,68870.0
0,1,18,2,0,0,0,0,0,0,0,0,0,0,0,0,0,0,0,0,0,0,238,12,0.0,0.0,1.0,1.0,0.05,0.06,0.0,255,12,0.05,0.07,0.0,0.0,0.0,0.0,1.0,1.0,1,41508.0
0,2,11,9,44,70,0,0,0,0,0,0,0,0,0,0,0,0,0,0,0,0,111,112,0.0,0.0,0.0,0.0,1.0,0.0,0.02,255,253,0.99,0.01,0.0,0.0,0.0,0.0,0.0,0.0,0,50450.0
0,1,17,5,0,0,0,0,0,0,0,0,0,0,0,0,0,0,0,0,0,0,286,7,1.0,1.0,0.0,0.0,0.02,0.05,0.0,255,7,0.03,0.05,0.0,0.0,1.0,1.0,0.0,0.0,1,98220.0
0,1,22,9,209,2552,0,0,0,0,0,1,0,0,0,0,0,0,0,0,0,0,6,8,0.0,0.0,0.0,0.0,1.0,0.0,0.25,132,255,1.0,0.0,0.01,0.02,0.0,0.0,0.0,0.0,0,32642.0
5,1,49,9,1133,336,0,0,0,0,0,1,0,0,0,0,0,0,0,0,0,0,1,1,0.0,0.0,0.0,0.0,1.0,0.0,0.0,105,144,0.67,0.04,0.01,0.02,0.0,0.0,0.05,0.03,0,20379.0
0,1,22,9,336,714,0,0,0,0,0,1,0,0,0,0,0,0,0,0,0,0,8,9,0.0,0.0,0.0,0.0,1.0,0.0,0.22,164,255,1.0,0.0,0.01,0.01,0.0,0.0,0.0,0.0,0,31516.0
0,1,22,9,207,1695,0,0,0,0,0,1,0,0,0,0,0,0,0,0,0,0,16,16,0.0,0.0,0.0,0.0,1.0,0.0,0.0,16,255,1.0,0.0,0.06,0.03,0.0,0.0,0.0,0.0,0,77395.0
0,1,19,9,637,0,0,0,0,0,0,1,0,0,0,0,0,0,0,0,0,0,5,5,0.0,0.0,0.0,0.0,1.0,0.0,0.0,217,55,0.22,0.02,0.22,0.04,0.0,0.0,0.0,0.0,0,38728.0
0,1,24,5,0,0,0,0,0,0,0,0,0,0,0,0,0,0,0,0,0,0,255,7,1.0,1.0,0.0,0.0,0.03,0.05,0.0,255,7,0.03,0.05,0.0,0.0,1.0,1.0,0.0,0.0,1,54745.0
0,1,49,9,800,406,0,0,0,0,0,1,0,0,0,0,0,0,0,0,0,0,1,1,0.0,0.0,0.0,0.0,1.0,0.0,0.0,255,39,0.15,0.06,0.0,0.0,0.61,0.0,0.01,0.0,0,115310.0
0,0,13,9,8,0,0,0,0,0,0,0,0,0,0,0,0,0,0,0,0,0,1,23,0.0,0.0,0.0,0.0,1.0,0.0,1.0,1,33,1.0,0.0,1.0,0.52,0.0,0.0,0.0,0.0,1,93243.0
0,1,22,9,217,1042,0,0,0,0,0,1,0,0,0,0,0,0,0,0,0,0,4,5,0.0,0.0,0.0,0.0,1.0,0.0,0.4,115,255,1.0,0.0,0.01,0.02,0.0,0.0,0.0,0.0,0,98732.0
0,1,19,5,0,0,0,0,0,0,0,0,0,0,0,0,0,0,0,0,0,0,62,15,1.0,1.0,0.0,0.0,0.24,0.06,0.0,144,63,0.24,0.03,0.01,0.03,0.99,0.56,0.0,0.0,1,41840.0
0,1,19,9,7280,0,0,0,0,0,0,1,0,0,0,0,0,0,0,0,0,0,12,12,0.0,0.0,0.0,0.0,1.0,0.0,0.0,93,31,0.19,0.06,0.19,0.06,0.0,0.0,0.0,0.0,0,45604.0
0,1,44,2,0,0,0,0,0,0,0,0,0,0,0,0,0,0,0,0,0,0,127,3,0.0,0.0,1.0,1.0,0.02,0.07,0.0,255,3,0.01,0.08,0.0,0.0,0.0,0.0,1.0,1.0,1,28347.0
0,1,22,9,318,798,0,0,0,0,0,1,0,0,0,0,0,0,0,0,0,0,12,12,0.0,0.0,0.0,0.0,1.0,0.0,0.0,255,255,1.0,0.0,0.0,0.0,0.0,0.0,0.0,0.0,0,15053.0
0,1,29,5,0,0,0,0,0,0,0,0,0,0,0,0,0,0,0,0,0,0,265,4,1.0,1.0,0.0,0.0,0.02,0.06,0.0,255,4,0.02,0.07,0.0,0.0,1.0,1.0,0.0,0.0,1,19301.0
0,1,19,9,5929,0,0,0,0,0,0,1,0,0,0,0,0,0,0,0,0,0,7,7,0.0,0.0,0.0,0.0,1.0,0.0,0.0,75,81,0.25,0.08,0.25,0.02,0.0,0.0,0.0,0.0,0,38101.0
0,0,13,9,30,0,0,0,0,0,0,0,0,0,0,0,0,0,0,0,0,0,1,1,0.0,0.0,0.0,0.0,1.0,0.0,0.0,57,90,0.98,0.04,0.98,0.2,0.0,0.0,0.0,0.0,0,60730.0
0,1,22,9,304,657,0,0,0,0,0,1,0,0,0,0,0,0,0,0,0,0,6,17,0.0,0.0,0.0,0.0,1.0,0.0,0.18,255,255,1.0,0.0,0.0,0.0,0.0,0.0,0.0,0.0,0,57096.0
0,1,49,9,953,386,0,0,0,0,0,1,0,0,0,0,0,0,0,0,0,0,1,1,0.0,0.0,0.0,0.0,1.0,0.0,0.0,255,15,0.06,0.02,0.0,0.0,0.87,0.0,0.0,0.0,0,92389.0
0,2,44,9,1,0,0,0,0,0,0,0,0,0,0,0,0,0,0,0,0,0,22,3,0.0,0.0,0.0,0.0,0.14,0.18,0.0,255,47,0.18,0.21,1.0,0.0,0.0,0.0,0.0,0.0,1,48712.0
0,1,44,5,0,0,0,0,0,0,0,0,0,0,0,0,0,0,0,0,0,0,58,22,1.0,1.0,0.0,0.0,0.38,0.07,0.0,255,22,0.09,0.06,0.0,0.0,1.0,1.0,0.0,0.0,1,78521.0
302,1,55,9,269,7778,0,0,0,0,0,1,2,0,0,0,0,0,1,0,0,0,1,1,0.0,0.0,0.0,0.0,1.0,0.0,0.0,255,22,0.09,0.07,0.0,0.0,0.82,0.73,0.01,0.09,0,49361.0
0,1,22,9,225,9548,0,0,0,0,0,1,0,0,0,0,0,0,0,0,0,0,47,58,0.0,0.0,0.0,0.0,1.0,0.0,0.09,255,255,1.0,0.0,0.0,0.0,0.0,0.0,0.01,0.01,0,102101.0
0,2,11,9,44,128,0,0,0,0,0,0,0,0,0,0,0,0,0,0,0,0,70,150,0.0,0.0,0.0,0.0,1.0,0.0,0.01,255,255,1.0,0.0,0.0,0.0,0.0,0.0,0.0,0.0,0,1732.0
0,1,51,5,0,0,0,0,0,0,0,0,0,0,0,0,0,0,0,0,0,0,204,18,1.0,1.0,0.0,0.0,0.09,0.06,0.0,255,18,0.07,0.07,0.0,0.0,1.0,1.0,0.0,0.0,1,481.0
10914,2,40,9,146,105,0,0,0,0,0,0,0,0,0,0,0,0,0,0,0,0,1,1,0.0,0.0,0.0,0.0,1.0,0.0,0.0,255,1,0.0,0.75,0.99,0.0,0.0,0.0,0.0,0.0,0,34464.0
0,1,19,5,0,0,0,0,0,0,0,0,0,0,0,0,0,0,0,0,0,0,74,16,1.0,1.0,0.0,0.0,0.22,0.05,0.0,255,69,0.27,0.02,0.01,0.0,1.0,1.0,0.0,0.0,1,20821.0
0,2,11,9,42,42,0,0,0,0,0,0,0,0,0,0,0,0,0,0,0,0,4,7,0.0,0.0,0.0,0.0,1.0,0.0,0.43,255,80,0.31,0.01,0.0,0.0,0.0,0.0,0.0,0.0,0,108252.0
0,1,44,5,0,0,0,0,0,0,0,0,0,0,0,0,0,0,0,0,0,0,111,17,1.0,1.0,0.0,0.0,0.15,0.05,0.0,255,17,0.07,0.06,0.0,0.0,1.0,1.0,0.0,0.0,1,78695.0
0,0,13,9,8,0,0,0,0,0,0,0,0,0,0,0,0,0,0,0,0,0,1,45,0.0,0.0,0.0,0.0,1.0,0.0,1.0,2,150,1.0,0.0,1.0,0.5,0.0,0.0,0.0,0.0,1,10966.0
0,0,13,9,8,0,0,0,0,0,0,0,0,0,0,0,0,0,0,0,0,0,1,34,0.0,0.0,0.0,0.0,1.0,0.0,1.0,1,89,1.0,0.0,1.0,0.52,0.0,0.0,0.0,0.0,1,40012.0
2355,2,40,9,146,105,0,0,0,0,0,0,0,0,0,0,0,0,0,0,0,0,5,1,0.0,0.0,0.0,0.0,0.2,0.6,0.0,255,1,0.0,0.65,0.98,0.0,0.0,0.0,0.0,0.0,0,77635.0
0,1,22,1,0,0,0,0,0,0,0,0,0,0,0,0,0,0,0,0,0,0,1,1,0.0,0.0,1.0,1.0,1.0,0.0,0.0,143,255,1.0,0.0,0.01,0.09,0.0,0.0,0.49,0.62,0,111994.0
0,1,57,5,0,0,0,0,0,0,0,0,0,0,0,0,0,0,0,0,0,0,239,17,1.0,1.0,0.0,0.0,0.07,0.07,0.0,255,17,0.07,0.08,0.0,0.0,1.0,1.0,0.0,0.0,1,110491.0
0,1,22,9,260,237,0,0,0,0,0,1,0,0,0,0,0,0,0,0,0,0,1,2,0.0,0.0,0.0,0.0,1.0,0.0,1.0,7,255,1.0,0.0,0.14,0.02,0.0,0.0,0.0,0.0,0,58409.0
0,1,44,1,0,0,0,0,0,0,0,0,0,0,0,0,0,0,0,0,0,0,135,8,0.0,0.0,1.0,1.0,0.06,0.06,0.0,255,8,0.03,0.08,0.0,0.0,0.0,0.0,1.0,1.0,1,40064.0
3,1,49,9,1032,363,0,0,0,0,0,1,0,0,0,0,0,0,0,0,0,0,1,4,0.0,0.0,0.0,0.0,1.0,0.0,1.0,55,154,0.55,0.07,0.02,0.01,0.0,0.0,0.0,0.0,0,17461.0
0,1,22,9,193,1195,0,0,0,0,0,1,0,0,0,0,0,0,0,0,0,0,12,12,0.0,0.0,0.0,0.0,1.0,0.0,0.0,59,255,1.0,0.0,0.02,0.02,0.0,0.0,0.0,0.0,0,75702.0
0,1,23,1,0,0,0,0,0,0,0,0,0,0,0,0,0,0,0,0,0,0,143,14,0.0,0.0,1.0,1.0,0.1,0.06,0.0,255,14,0.05,0.05,0.0,0.0,0.0,0.0,1.0,1.0,1,96464.0
0,0,13,9,8,0,0,0,0,0,0,0,0,0,0,0,0,0,0,0,0,0,1,30,0.0,0.0,0.0,0.0,1.0,0.0,1.0,1,86,1.0,0.0,1.0,0.51,0.0,0.0,0.0,0.0,1,60240.0
0,1,44,1,0,0,0,0,0,0,0,0,0,0,0,0,0,0,0,0,0,0,148,1,0.05,0.0,0.93,1.0,0.01,1.0,0.0,255,1,0.0,0.77,0.0,0.0,0.03,0.0,0.55,1.0,1,35239.0
0,1,22,9,311,1572,0,0,0,0,0,1,0,0,0,0,0,0,0,0,0,0,7,7,0.0,0.0,0.0,0.0,1.0,0.0,0.0,40,255,1.0,0.0,0.03,0.04,0.0,0.0,0.0,0.0,0,40969.0
0,1,17,9,10,147,0,0,0,0,0,0,0,0,0,0,0,0,0,0,0,0,1,1,0.0,0.0,0.0,0.0,1.0,0.0,0.0,105,11,0.05,0.06,0.01,0.18,0.01,0.0,0.0,0.0,0,103353.0
0,1,22,9,295,370,0,0,0,0,0,1,0,0,0,0,0,0,0,0,0,0,3,3,0.0,0.0,0.0,0.0,1.0,0.0,0.0,26,255,1.0,0.0,0.04,0.04,0.0,0.01,0.0,0.0,0,51693.0
0,1,22,9,325,11524,0,0,0,0,0,1,0,0,0,0,0,0,0,0,0,0,20,20,0.0,0.0,0.0,0.0,1.0,0.0,0.0,255,255,1.0,0.0,0.0,0.0,0.0,0.0,0.0,0.0,0,95264.0
0,1,22,9,302,2239,0,0,0,0,0,1,0,0,0,0,0,0,0,0,0,0,6,6,0.0,0.0,0.0,0.0,1.0,0.0,0.0,255,234,0.92,0.02,0.0,0.0,0.0,0.0,0.01,0.0,0,113646.0
0,1,22,9,212,3266,0,0,0,0,0,1,0,0,0,0,0,0,0,0,0,0,15,15,0.0,0.0,0.0,0.0,1.0,0.0,0.0,15,255,1.0,0.0,0.07,0.02,0.0,0.0,0.0,0.0,0,115554.0
0,1,44,5,0,0,0,0,0,0,0,0,0,0,0,0,0,0,0,0,0,0,246,20,1.0,1.0,0.0,0.0,0.08,0.06,0.0,255,20,0.08,0.07,0.0,0.0,1.0,1.0,0.0,0.0,1,113915.0
0,1,22,9,327,6734,0,0,0,0,0,1,0,0,0,0,0,0,0,0,0,0,11,26,0.0,0.0,0.0,0.0,1.0,0.0,0.15,49,255,1.0,0.0,0.02,0.02,0.0,0.0,0.0,0.0,0,26667.0
0,0,13,9,8,0,0,0,0,0,0,0,0,0,0,0,0,0,0,0,0,0,1,44,0.0,0.0,0.0,0.0,1.0,0.0,1.0,2,24,1.0,0.0,1.0,0.54,0.0,0.0,0.0,0.0,1,48080.0
0,1,22,9,466,7303,0,0,0,0,0,1,0,0,0,0,0,0,0,0,0,0,6,6,0.0,0.0,0.0,0.0,1.0,0.0,0.0,25,249,1.0,0.0,0.04,0.12,0.0,0.0,0.36,0.88,0,57084.0
0,1,59,5,0,0,0,0,0,0,0,0,0,0,0,0,0,0,0,0,0,0,116,16,1.0,1.0,0.0,0.0,0.14,0.06,0.0,255,18,0.07,0.05,0.0,0.0,1.0,1.0,0.0,0.0,1,24101.0
0,1,22,9,245,1678,0,0,0,0,0,1,0,0,0,0,0,0,0,0,0,0,16,16,0.0,0.0,0.0,0.0,1.0,0.0,0.0,26,255,1.0,0.0,0.04,0.04,0.0,0.01,0.0,0.0,0,104145.0
0,0,13,9,18,0,0,0,0,0,0,0,0,0,0,0,0,0,0,0,0,0,1,1,0.0,0.0,0.0,0.0,1.0,0.0,0.0,1,106,1.0,0.0,1.0,1.0,0.0,0.0,0.0,0.0,1,27509.0
0,1,22,9,358,684,0,0,0,0,0,1,0,0,0,0,0,0,0,0,0,0,2,25,0.0,0.0,0.0,0.0,1.0,0.0,0.08,197,255,1.0,0.0,0.01,0.01,0.0,0.0,0.0,0.0,0,91158.0
0,1,22,9,399,229,0,0,0,0,0,1,0,0,0,0,0,0,0,0,0,0,1,6,0.0,0.0,0.0,0.0,1.0,0.0,0.5,59,255,1.0,0.0,0.02,0.04,0.0,0.0,0.0,0.0,0,84711.0
10,1,49,9,716,327,0,0,0,0,0,1,0,0,0,0,0,0,0,0,0,0,1,1,0.0,0.0,0.0,0.0,1.0,0.0,0.0,136,71,0.52,0.09,0.01,0.0,0.01,0.01,0.0,0.0,0,74934.0
0,0,14,9,1032,0,0,0,0,0,0,0,0,0,0,0,0,0,0,0,0,0,511,511,0.0,0.0,0.0,0.0,1.0,0.0,0.0,255,102,0.4,0.09,0.4,0.0,0.0,0.0,0.0,0.0,1,3438.0
0,1,62,1,0,0,0,0,0,0,0,0,0,0,0,0,0,0,0,0,0,0,141,11,0.0,0.0,1.0,1.0,0.08,0.06,0.0,255,11,0.04,0.07,0.0,0.0,0.0,0.0,1.0,1.0,1,76143.0
0,1,22,9,288,292,0,0,0,0,0,1,0,0,0,0,0,0,0,0,0,0,7,7,0.0,0.0,0.0,0.0,1.0,0.0,0.0,255,255,1.0,0.0,0.0,0.0,0.0,0.0,0.0,0.0,0,122845.0
0,1,32,5,0,0,0,0,0,0,0,0,0,0,0,0,0,0,0,0,0,0,214,14,1.0,1.0,0.0,0.0,0.07,0.06,0.0,255,14,0.05,0.07,0.0,0.0,1.0,1.0,0.0,0.0,1,2334.0
0,1,52,5,0,0,0,0,0,0,0,0,0,0,0,0,0,0,0,0,0,0,103,3,1.0,1.0,0.0,0.0,0.03,0.05,0.0,255,3,0.01,0.05,0.0,0.0,1.0,1.0,0.0,0.0,1,68770.0
0,1,19,9,5336,0,0,0,0,0,0,1,0,0,0,0,0,0,0,0,0,0,17,17,0.0,0.0,0.0,0.0,1.0,0.0,0.0,23,23,1.0,0.0,1.0,0.0,0.0,0.0,0.0,0.0,0,70522.0
0,1,6,5,0,0,0,0,0,0,0,0,0,0,0,0,0,0,0,0,0,0,280,7,1.0,1.0,0.0,0.0,0.03,0.06,0.0,255,6,0.02,0.07,0.0,0.0,1.0,1.0,0.0,0.0,1,117224.0
0,1,57,5,0,0,0,0,0,0,0,0,0,0,0,0,0,0,0,0,0,0,263,25,1.0,1.0,0.0,0.0,0.1,0.05,0.0,255,25,0.1,0.05,0.0,0.0,1.0,1.0,0.0,0.0,1,58129.0
0,1,49,9,2235,327,0,0,0,0,0,1,0,0,0,0,0,0,0,0,0,0,1,1,0.0,0.0,0.0,0.0,1.0,0.0,0.0,21,180,0.62,0.19,0.05,0.02,0.0,0.0,0.0,0.0,0,121239.0
53,1,55,9,125,9979,0,0,0,0,0,1,0,0,0,0,0,0,0,0,0,0,1,1,0.0,0.0,0.0,0.0,1.0,0.0,0.0,255,2,0.01,0.03,0.0,0.0,0.0,0.0,0.0,0.0,0,82947.0
0,1,44,4,0,0,0,0,0,0,0,0,0,0,0,0,0,0,0,0,0,0,1,1,0.0,0.0,1.0,1.0,1.0,0.0,0.0,255,1,0.0,0.41,0.41,0.0,0.0,0.0,0.41,1.0,1,118703.0
0,1,9,5,0,0,0,0,0,0,0,0,0,0,0,0,0,0,0,0,0,0,291,19,1.0,1.0,0.0,0.0,0.07,0.05,0.0,255,6,0.02,0.08,0.0,0.0,1.0,1.0,0.0,0.0,1,98356.0
0,1,22,9,228,2239,0,0,0,0,0,1,0,0,0,0,0,0,0,0,0,0,1,1,0.0,0.0,0.0,0.0,1.0,0.0,0.0,255,237,0.93,0.02,0.0,0.0,0.01,0.01,0.0,0.0,0,117314.0
1,1,49,9,1223,330,0,0,0,0,0,1,0,0,0,0,0,0,0,0,0,0,1,1,0.0,0.0,0.0,0.0,1.0,0.0,0.0,1,184,1.0,0.0,1.0,0.01,0.0,0.0,0.0,0.0,0,33825.0
0,1,57,5,0,0,0,0,0,0,0,0,0,0,0,0,0,0,0,0,0,0,231,13,1.0,1.0,0.0,0.0,0.06,0.06,0.0,255,13,0.05,0.07,0.0,0.0,1.0,1.0,0.0,0.0,1,68325.0
0,1,22,1,0,0,0,0,0,0,0,0,0,0,0,0,0,0,0,0,0,0,1,2,0.0,0.0,1.0,1.0,1.0,0.0,1.0,4,253,1.0,0.0,0.25,0.17,0.0,0.0,1.0,1.0,0,84678.0
0,1,44,5,0,0,0,0,0,0,0,0,0,0,0,0,0,0,0,0,0,0,256,20,1.0,1.0,0.0,0.0,0.08,0.06,0.0,255,13,0.05,0.08,0.0,0.0,1.0,1.0,0.0,0.0,1,99358.0
0,1,44,5,0,0,0,0,0,0,0,0,0,0,0,0,0,0,0,0,0,0,117,6,1.0,1.0,0.0,0.0,0.05,0.06,0.0,255,16,0.06,0.06,0.0,0.0,1.0,1.0,0.0,0.0,1,83886.0
0,1,22,9,217,2445,0,0,0,0,0,1,0,0,0,0,0,0,0,0,0,0,5,23,0.0,0.0,0.0,0.0,1.0,0.0,0.13,255,255,1.0,0.0,0.0,0.0,0.0,0.0,0.0,0.0,0,105059.0
3,1,18,9,1233,2449,0,0,0,28,0,1,0,0,0,0,0,0,0,0,0,1,1,1,0.0,0.0,0.0,0.0,1.0,0.0,0.0,255,29,0.11,0.02,0.0,0.0,0.11,0.0,0.0,0.0,1,7623.0
0,2,40,9,147,0,0,0,0,0,0,0,0,0,0,0,0,0,0,0,0,0,1,1,0.0,0.0,0.0,0.0,1.0,0.0,0.0,255,1,0.0,0.44,0.91,0.0,0.0,0.0,0.0,0.0,0,42566.0
0,1,22,9,327,397,0,0,0,0,0,1,0,0,0,0,0,0,0,0,0,0,6,6,0.0,0.0,0.0,0.0,1.0,0.0,0.0,255,255,1.0,0.0,0.0,0.0,0.0,0.0,0.0,0.0,0,109299.0
0,1,61,1,0,0,0,0,0,0,0,0,0,0,0,0,0,0,0,0,0,0,300,18,0.0,0.0,1.0,1.0,0.06,0.06,0.0,255,18,0.07,0.06,0.0,0.0,0.0,0.0,1.0,1.0,1,125491.0
0,1,44,5,0,0,0,0,0,0,0,0,0,0,0,0,0,0,0,0,0,0,215,16,1.0,1.0,0.0,0.0,0.07,0.06,0.0,255,15,0.06,0.08,0.0,0.0,1.0,1.0,0.0,0.0,1,34876.0
0,2,11,9,45,131,0,0,0,0,0,0,0,0,0,0,0,0,0,0,0,0,207,208,0.0,0.0,0.0,0.0,1.0,0.0,0.01,255,166,0.65,0.01,0.0,0.0,0.0,0.0,0.0,0.0,0,2129.0
0,0,13,9,8,0,0,0,0,0,0,0,0,0,0,0,0,0,0,0,0,0,1,20,0.0,0.0,0.0,0.0,1.0,0.0,1.0,2,160,1.0,0.0,1.0,0.5,0.0,0.0,0.0,0.0,1,65972.0
0,1,20,9,6,77,0,0,0,0,0,1,0,0,0,0,0,0,0,0,0,0,2,1,0.0,0.0,0.0,0.0,0.5,1.0,0.0,255,1,0.0,0.02,0.0,0.0,0.0,0.0,0.0,0.0,1,101816.0
0,1,8,5,0,0,0,0,0,0,0,0,0,0,0,0,0,0,0,0,0,0,250,2,1.0,1.0,0.0,0.0,0.01,0.07,0.0,255,2,0.01,0.07,0.0,0.0,1.0,1.0,0.0,0.0,1,53847.0
0,1,44,5,0,0,0,0,0,0,0,0,0,0,0,0,0,0,0,0,0,0,248,10,1.0,1.0,0.0,0.0,0.04,0.06,0.0,255,10,0.04,0.09,0.0,0.0,1.0,1.0,0.0,0.0,1,86941.0
0,0,58,9,78,0,0,0,0,0,0,0,0,0,0,0,0,0,0,0,0,0,37,7,0.0,0.0,0.0,0.0,0.16,0.05,0.29,255,30,0.12,0.01,0.12,0.0,0.0,0.0,0.0,0.0,0,6852.0
0,1,44,5,0,0,0,0,0,0,0,0,0,0,0,0,0,0,0,0,0,0,143,8,1.0,1.0,0.0,0.0,0.06,0.06,0.0,255,12,0.05,0.06,0.0,0.0,1.0,1.0,0.0,0.0,1,93542.0
0,1,26,5,0,0,0,0,0,0,0,0,0,0,0,0,0,0,0,0,0,0,102,16,1.0,1.0,0.0,0.0,0.16,0.06,0.0,255,18,0.07,0.07,0.0,0.0,1.0,1.0,0.0,0.0,1,32705.0
0,1,53,1,0,0,0,0,0,0,0,0,0,0,0,0,0,0,0,0,0,0,267,16,0.0,0.0,1.0,1.0,0.06,0.06,0.0,255,16,0.06,0.07,0.0,0.0,0.0,0.0,1.0,1.0,1,65067.0
36721,1,44,4,1,0,0,0,0,0,0,0,0,0,0,0,0,0,0,0,0,0,2,2,0.0,0.0,1.0,1.0,1.0,0.0,0.0,255,2,0.01,0.5,1.0,0.0,0.0,0.0,1.0,1.0,1,32032.0
0,2,11,9,43,134,0,0,0,0,0,0,0,0,0,0,0,0,0,0,0,0,189,188,0.0,0.0,0.0,0.0,0.99,0.01,0.0,220,187,0.85,0.01,0.0,0.0,0.0,0.0,0.0,0.0,0,111744.0
0,1,49,9,2158,328,0,0,0,0,0,1,0,0,0,0,0,0,0,0,0,0,1,1,0.0,0.0,0.0,0.0,1.0,0.0,0.0,255,155,0.61,0.03,0.0,0.0,0.0,0.0,0.0,0.0,0,61574.0
0,1,22,9,202,1271,0,0,0,0,0,1,0,0,0,0,0,0,0,0,0,0,7,7,0.0,0.0,0.0,0.0,1.0,0.0,0.0,151,255,1.0,0.0,0.01,0.02,0.0,0.0,0.0,0.0,0,16336.0
0,1,18,5,0,0,0,0,0,0,0,0,0,0,0,0,0,0,0,0,0,0,300,20,1.0,1.0,0.0,0.0,0.07,0.05,0.0,255,20,0.08,0.07,0.0,0.0,1.0,1.0,0.0,0.0,1,37745.0
0,1,22,9,221,266,0,0,0,0,0,1,0,0,0,0,0,0,0,0,0,0,1,9,0.0,0.0,0.0,0.0,1.0,0.0,0.33,19,34,1.0,0.0,0.05,0.06,0.0,0.0,0.0,0.0,0,120645.0
0,1,22,9,245,2256,0,0,0,0,0,1,0,0,0,0,0,0,0,0,0,0,2,3,0.0,0.0,0.0,0.0,1.0,0.0,0.67,10,255,1.0,0.0,0.1,0.03,0.0,0.02,0.3,0.03,0,39362.0
0,1,22,9,326,5131,0,0,0,0,0,1,0,0,0,0,0,0,0,0,0,0,2,2,0.0,0.0,0.0,0.0,1.0,0.0,0.0,34,255,1.0,0.0,0.03,0.05,0.0,0.0,0.0,0.0,0,42768.0
3,1,44,1,0,0,0,0,0,0,0,0,0,0,0,0,0,0,0,0,0,0,246,1,0.04,0.0,0.94,1.0,0.0,1.0,0.0,255,1,0.0,0.97,0.0,0.0,0.04,0.0,0.91,1.0,1,10526.0
0,1,22,9,304,3514,0,0,0,0,0,1,0,0,0,0,0,0,0,0,0,0,3,3,0.0,0.0,0.0,0.0,1.0,0.0,0.0,73,158,1.0,0.0,0.01,0.02,0.0,0.0,0.0,0.0,0,105974.0
0,1,44,5,0,0,0,0,0,0,0,0,0,0,0,0,0,0,0,0,0,0,220,21,1.0,1.0,0.0,0.0,0.1,0.05,0.0,255,21,0.08,0.06,0.0,0.0,1.0,1.0,0.0,0.0,1,97257.0
0,2,44,9,105,145,0,0,0,0,0,0,0,0,0,0,0,0,0,0,0,0,4,1,0.0,0.0,0.0,0.0,0.25,0.5,0.0,255,246,0.96,0.01,0.0,0.0,0.0,0.0,0.0,0.0,0,43410.0
0,1,49,9,1972,333,0,0,0,0,0,1,0,0,0,0,0,0,0,0,0,0,1,1,0.0,0.0,0.0,0.0,1.0,0.0,0.0,240,150,0.62,0.02,0.0,0.0,0.0,0.0,0.0,0.0,0,72020.0
0,1,9,5,0,0,0,0,0,0,0,0,0,0,0,0,0,0,0,0,0,0,238,3,1.0,1.0,0.0,0.0,0.01,0.07,0.0,255,3,0.01,0.08,0.0,0.0,1.0,1.0,0.0,0.0,1,30104.0
0,1,44,5,0,0,0,0,0,0,0,0,0,0,0,0,0,0,0,0,0,0,270,19,1.0,1.0,0.0,0.0,0.07,0.06,0.0,255,3,0.01,0.07,0.0,0.0,1.0,1.0,0.0,0.0,1,80069.0
0,0,14,9,30,0,0,0,0,0,0,0,0,0,0,0,0,0,0,0,0,0,1,1,0.0,0.0,0.0,0.0,1.0,0.0,0.0,3,4,1.0,0.0,1.0,0.5,0.0,0.0,0.0,0.0,0,19648.0
0,0,14,9,520,0,0,0,0,0,0,0,0,0,0,0,0,0,0,0,0,0,153,153,0.0,0.0,0.0,0.0,1.0,0.0,0.0,255,255,1.0,0.0,1.0,0.0,0.0,0.0,0.0,0.0,1,48452.0
0,1,44,1,0,0,0,0,0,0,0,0,0,0,0,0,0,0,0,0,0,0,179,1,0.0,0.0,1.0,1.0,0.01,0.07,0.0,255,1,0.0,0.07,0.0,0.0,0.0,0.0,1.0,1.0,1,84869.0
0,1,22,9,200,337,0,0,0,0,0,1,0,0,0,0,0,0,0,0,0,0,8,8,0.0,0.0,0.0,0.0,1.0,0.0,0.0,28,255,1.0,0.0,0.04,0.04,0.0,0.0,0.0,0.0,0,125433.0
0,1,19,9,192,0,0,0,0,0,0,0,0,0,0,0,0,0,0,0,0,0,2,2,0.0,0.0,0.0,0.0,1.0,0.0,0.0,255,14,0.05,0.03,0.05,0.0,0.0,0.0,0.01,0.0,0,108631.0
0,1,22,9,153,11361,0,0,0,0,0,1,0,0,0,0,0,0,0,0,0,0,32,32,0.0,0.0,0.0,0.0,1.0,0.0,0.0,255,255,1.0,0.0,0.0,0.0,0.0,0.0,0.0,0.0,0,18567.0
0,1,27,5,0,0,0,0,0,0,0,0,0,0,0,0,0,0,0,0,0,0,127,20,1.0,1.0,0.0,0.0,0.16,0.06,0.0,255,20,0.08,0.06,0.0,0.0,1.0,1.0,0.0,0.0,1,11734.0
0,0,13,9,18,0,0,0,0,0,0,0,0,0,0,0,0,0,0,0,0,0,1,1,0.0,0.0,0.0,0.0,1.0,0.0,0.0,3,7,1.0,0.0,1.0,0.29,0.0,0.0,0.0,0.0,1,79456.0
0,2,40,9,1,0,0,0,0,0,0,0,0,0,0,0,0,0,0,0,0,0,6,1,0.0,0.0,0.0,0.0,0.17,0.5,0.0,255,1,0.0,0.17,1.0,0.0,0.0,0.0,0.0,0.0,1,29724.0
0,1,44,5,0,0,0,0,0,0,0,0,0,0,0,0,0,0,0,0,0,0,100,5,1.0,1.0,0.0,0.0,0.05,0.06,0.0,255,4,0.02,0.07,0.0,0.0,1.0,1.0,0.0,0.0,1,52789.0
0,0,13,9,8,0,0,0,0,0,0,0,0,0,0,0,0,0,0,0,0,0,1,24,0.0,0.0,0.0,0.0,1.0,0.0,1.0,3,123,1.0,0.0,1.0,0.25,0.0,0.0,0.0,0.0,1,104371.0
0,1,22,9,200,354,0,0,0,0,0,1,0,0,0,0,0,0,0,0,0,0,17,17,0.0,0.0,0.0,0.0,1.0,0.0,0.0,17,255,1.0,0.0,0.06,0.05,0.0,0.0,0.0,0.0,0,19250.0
0,1,22,9,347,255,0,0,0,0,0,1,0,0,0,0,0,0,0,0,0,0,21,21,0.0,0.0,0.0,0.0,1.0,0.0,0.0,255,255,1.0,0.0,0.0,0.0,0.0,0.0,0.0,0.0,0,14729.0
0,0,13,9,8,0,0,0,0,0,0,0,0,0,0,0,0,0,0,0,0,0,1,23,0.0,0.0,0.0,0.0,1.0,0.0,1.0,2,88,1.0,0.0,1.0,0.5,0.0,0.0,0.0,0.0,1,107927.0
0,1,44,5,0,0,0,0,0,0,0,0,0,0,0,0,0,0,0,0,0,0,283,18,1.0,1.0,0.0,0.0,0.06,0.06,0.0,255,15,0.06,0.08,0.0,0.0,1.0,1.0,0.0,0.0,1,62963.0
0,1,22,9,296,431,0,0,0,0,0,1,0,0,0,0,0,0,0,0,0,0,16,16,0.0,0.0,0.0,0.0,1.0,0.0,0.0,237,255,1.0,0.0,0.0,0.02,0.0,0.0,0.0,0.0,0,55995.0
0,1,22,9,211,3355,0,0,0,0,0,1,0,0,0,0,0,0,0,0,0,0,1,4,0.0,0.0,0.0,0.0,1.0,0.0,0.75,128,255,1.0,0.0,0.01,0.04,0.0,0.0,0.0,0.0,0,73114.0
0,1,22,9,292,5739,0,0,0,0,0,1,0,0,0,0,0,0,0,0,0,0,7,19,0.0,0.0,0.0,0.0,1.0,0.0,0.11,255,255,1.0,0.0,0.0,0.0,0.0,0.0,0.0,0.0,0,19143.0
0,1,22,9,345,10773,0,0,0,0,0,1,0,0,0,0,0,0,0,0,0,0,24,24,0.0,0.0,0.0,0.0,1.0,0.0,0.0,240,255,1.0,0.0,0.0,0.01,0.0,0.0,0.0,0.0,0,116087.0
0,1,22,9,209,3556,0,0,0,0,0,1,0,0,0,0,0,0,0,0,0,0,11,11,0.0,0.0,0.0,0.0,1.0,0.0,0.0,81,255,1.0,0.0,0.01,0.03,0.0,0.0,0.0,0.0,0,26202.0
0,1,22,1,0,0,0,0,0,0,0,0,0,0,0,0,0,0,0,0,0,0,1,1,0.0,0.0,1.0,1.0,1.0,0.0,0.0,17,249,1.0,0.0,0.06,0.01,0.0,0.0,1.0,0.07,0,15767.0
0,1,18,9,1244,2449,0,0,0,28,0,1,0,0,0,0,0,0,0,0,0,1,1,1,0.0,0.0,0.0,0.0,1.0,0.0,0.0,255,77,0.3,0.02,0.0,0.0,0.0,0.0,0.0,0.0,1,111552.0
0,1,49,9,1348,329,0,0,0,0,0,1,0,0,0,0,0,0,0,0,0,0,2,3,0.0,0.0,0.0,0.0,0.5,1.0,1.0,69,46,0.67,0.07,0.01,0.0,0.0,0.0,0.0,0.0,0,4382.0
0,1,44,5,0,0,0,0,0,0,0,0,0,0,0,0,0,0,0,0,0,0,255,5,1.0,1.0,0.0,0.0,0.02,0.05,0.0,255,5,0.02,0.05,0.0,0.0,1.0,1.0,0.0,0.0,1,33779.0
0,0,14,9,520,0,0,0,0,0,0,0,0,0,0,0,0,0,0,0,0,0,279,279,0.0,0.0,0.0,0.0,1.0,0.0,0.0,255,255,1.0,0.0,1.0,0.0,0.0,0.0,0.0,0.0,1,50500.0
0,1,57,5,0,0,0,0,0,0,0,0,0,0,0,0,0,0,0,0,0,0,291,10,1.0,1.0,0.0,0.0,0.03,0.05,0.0,255,8,0.03,0.09,0.0,0.0,1.0,1.0,0.0,0.0,1,71584.0
27,1,18,9,1503,4152,0,0,0,30,0,1,0,0,0,0,0,0,0,0,0,1,1,1,0.0,0.0,0.0,0.0,1.0,0.0,0.0,229,47,0.21,0.03,0.0,0.0,0.0,0.0,0.0,0.0,0,18647.0
0,1,49,9,1226,330,0,0,0,0,0,1,0,0,0,0,0,0,0,0,0,0,1,1,0.0,0.0,0.0,0.0,1.0,0.0,0.0,255,78,0.31,0.27,0.0,0.0,0.0,0.0,0.0,0.0,0,81364.0
0,1,22,9,203,277,0,0,0,0,0,1,0,0,0,0,0,0,0,0,0,0,9,9,0.0,0.0,0.0,0.0,1.0,0.0,0.0,99,255,1.0,0.0,0.01,0.02,0.01,0.0,0.0,0.0,0,114918.0
0,1,19,9,19,0,0,0,0,0,0,1,0,0,0,0,0,0,0,0,0,0,2,2,0.0,0.0,0.0,0.0,1.0,0.0,0.0,255,131,0.51,0.02,0.51,0.0,0.0,0.0,0.0,0.0,0,93664.0
0,1,22,9,288,26088,0,0,0,0,0,1,0,0,0,0,0,0,0,0,0,0,2,2,0.0,0.0,0.0,0.0,1.0,0.0,0.0,83,255,1.0,0.0,0.01,0.03,0.0,0.0,0.0,0.0,0,98545.0
0,1,4,5,0,0,0,0,0,0,0,0,0,0,0,0,0,0,0,0,0,0,213,19,1.0,1.0,0.0,0.0,0.09,0.07,0.0,255,14,0.05,0.08,0.0,0.0,1.0,1.0,0.0,0.0,1,80959.0
0,1,44,5,0,0,0,0,0,0,0,0,0,0,0,0,0,0,0,0,0,0,133,5,1.0,1.0,0.0,0.0,0.04,0.06,0.0,255,16,0.06,0.07,0.0,0.0,1.0,1.0,0.0,0.0,1,27133.0
0,1,44,5,0,0,0,0,0,0,0,0,0,0,0,0,0,0,0,0,0,0,118,19,1.0,1.0,0.0,0.0,0.16,0.05,0.0,255,2,0.01,0.06,0.0,0.0,1.0,1.0,0.0,0.0,1,2682.0
0,1,44,5,0,0,0,0,0,0,0,0,0,0,0,0,0,0,0,0,0,0,96,19,1.0,1.0,0.0,0.0,0.2,0.06,0.0,255,19,0.07,0.06,0.0,0.0,1.0,1.0,0.0,0.0,1,57315.0
0,0,13,9,8,0,0,0,0,0,0,0,0,0,0,0,0,0,0,0,0,0,1,25,0.0,0.0,0.0,0.0,1.0,0.0,1.0,1,40,1.0,0.0,1.0,0.52,0.0,0.0,0.0,0.0,1,26903.0
0,0,13,9,8,0,0,0,0,0,0,0,0,0,0,0,0,0,0,0,0,0,1,44,0.0,0.0,0.0,0.0,1.0,0.0,1.0,1,255,1.0,0.0,1.0,0.5,0.0,0.0,0.0,0.0,1,58261.0
0,1,44,5,0,0,0,0,0,0,0,0,0,0,0,0,0,0,0,0,0,0,293,1,1.0,1.0,0.0,0.0,0.0,0.04,0.0,255,1,0.0,0.05,0.0,0.0,1.0,1.0,0.0,0.0,1,8893.0
8835,2,40,9,145,105,0,0,0,0,0,0,0,0,0,0,0,0,0,0,0,0,2,2,0.0,0.0,0.0,0.0,1.0,0.0,0.0,255,2,0.01,0.68,0.97,0.0,0.0,0.0,0.0,0.0,0,13216.0
0,1,22,9,218,259,0,0,0,0,0,1,0,0,0,0,0,0,0,0,0,0,17,22,0.0,0.0,0.0,0.0,1.0,0.0,0.18,155,255,1.0,0.0,0.01,0.05,0.0,0.0,0.0,0.0,0,6804.0
0,1,22,5,0,0,0,0,0,0,0,0,0,0,0,0,0,0,0,0,0,0,266,34,1.0,0.59,0.0,0.0,0.08,0.07,0.06,255,20,0.08,0.07,0.0,0.0,1.0,1.0,0.0,0.0,1,40724.0
0,1,30,5,0,0,0,0,0,0,0,0,0,0,0,0,0,0,0,0,0,0,139,6,1.0,1.0,0.0,0.0,0.04,0.05,0.0,255,6,0.02,0.05,0.0,0.0,1.0,1.0,0.0,0.0,1,95523.0
0,1,9,5,0,0,0,0,0,0,0,0,0,0,0,0,0,0,0,0,0,0,233,7,1.0,1.0,0.0,0.0,0.03,0.06,0.0,255,7,0.03,0.07,0.0,0.0,1.0,1.0,0.0,0.0,1,75915.0
0,1,22,9,146,19994,0,0,0,0,0,1,0,0,0,0,0,0,0,0,0,0,1,2,0.0,0.0,0.0,0.0,1.0,0.0,1.0,10,255,1.0,0.0,0.1,0.02,0.0,0.0,0.0,0.0,0,8198.0
0,1,22,9,220,4912,0,0,0,0,0,1,0,0,0,0,0,0,0,0,0,0,2,2,0.0,0.0,0.0,0.0,1.0,0.0,0.0,2,255,1.0,0.0,0.5,0.02,0.0,0.0,0.0,0.0,0,33937.0
0,1,22,9,207,10993,0,0,0,0,0,1,0,0,0,0,0,0,0,0,0,0,2,2,0.0,0.0,0.0,0.0,1.0,0.0,0.0,69,255,1.0,0.0,0.01,0.04,0.0,0.0,0.0,0.0,0,84915.0
0,1,22,9,291,1748,0,0,0,0,0,1,0,0,0,0,0,0,0,0,0,0,25,25,0.0,0.0,0.0,0.0,1.0,0.0,0.0,233,255,1.0,0.0,0.0,0.02,0.0,0.0,0.0,0.0,0,63100.0
0,1,49,9,1207,478,0,0,0,0,0,1,0,0,0,0,0,0,0,0,0,0,1,2,0.0,0.0,0.0,0.0,1.0,0.0,1.0,255,11,0.04,0.02,0.0,0.0,0.0,0.0,0.0,0.0,0,108696.0
0,1,40,5,0,0,0,0,0,0,0,0,0,0,0,0,0,0,0,0,0,0,250,20,1.0,1.0,0.0,0.0,0.08,0.06,0.0,255,20,0.08,0.07,0.0,0.0,1.0,1.0,0.0,0.0,1,19058.0
0,1,40,9,1830,0,0,0,0,0,0,0,0,0,0,0,0,0,0,0,0,0,8,1,0.12,0.0,0.0,0.0,0.12,0.75,0.0,184,1,0.01,0.07,0.34,0.0,0.01,0.0,0.0,0.0,0,116196.0
0,1,49,9,1355,326,0,0,0,0,0,1,0,0,0,0,0,0,0,0,0,0,1,1,0.0,0.0,0.0,0.0,1.0,0.0,0.0,91,183,0.79,0.04,0.01,0.02,0.0,0.0,0.0,0.0,0,35523.0
0,0,14,9,1032,0,0,0,0,0,0,0,0,0,0,0,0,0,0,0,0,0,510,510,0.0,0.0,0.0,0.0,1.0,0.0,0.0,232,87,0.38,0.01,0.38,0.0,0.0,0.0,0.0,0.0,1,86545.0
0,0,14,9,1032,0,0,0,0,0,0,0,0,0,0,0,0,0,0,0,0,0,511,511,0.0,0.0,0.0,0.0,1.0,0.0,0.0,255,187,0.73,0.02,0.73,0.0,0.0,0.0,0.0,0.0,1,100794.0
0,1,6,5,0,0,0,0,0,0,0,0,0,0,0,0,0,0,0,0,0,0,228,19,1.0,1.0,0.0,0.0,0.08,0.07,0.0,255,19,0.07,0.07,0.0,0.0,1.0,1.0,0.0,0.0,1,58379.0
0,1,2,5,0,0,0,0,0,0,0,0,0,0,0,0,0,0,0,0,0,0,139,6,1.0,1.0,0.0,0.0,0.04,0.09,0.0,255,6,0.02,0.07,0.0,0.0,1.0,1.0,0.0,0.0,1,38694.0
0,1,22,9,173,3392,0,0,0,0,0,1,0,0,0,0,0,0,0,0,0,0,1,1,0.0,0.0,0.0,0.0,1.0,0.0,0.0,97,255,1.0,0.0,0.01,0.04,0.0,0.01,0.0,0.0,0,99019.0
0,1,22,9,310,1159,0,0,0,0,0,1,0,0,0,0,0,0,0,0,0,0,17,17,0.0,0.0,0.0,0.0,1.0,0.0,0.0,255,255,1.0,0.0,0.0,0.0,0.0,0.0,0.0,0.0,0,70570.0
0,1,44,1,0,0,0,0,0,0,0,0,0,0,0,0,0,0,0,0,0,0,271,13,0.0,0.0,1.0,1.0,0.05,0.06,0.0,255,13,0.05,0.08,0.0,0.0,0.0,0.0,1.0,1.0,1,28572.0
0,1,22,9,307,263,0,0,0,0,0,1,0,0,0,0,0,0,0,0,0,0,13,13,0.0,0.0,0.0,0.0,1.0,0.0,0.0,255,255,1.0,0.0,0.0,0.0,0.0,0.0,0.0,0.0,0,25263.0
0,1,18,5,0,0,0,0,0,0,0,0,0,0,0,0,0,0,0,0,0,0,279,18,1.0,1.0,0.0,0.0,0.06,0.05,0.0,255,4,0.02,0.09,0.0,0.0,1.0,1.0,0.0,0.0,1,82649.0
0,1,49,9,958,331,0,0,0,0,0,1,0,0,0,0,0,0,0,0,0,0,1,1,0.0,0.0,0.0,0.0,1.0,0.0,0.0,199,148,0.74,0.03,0.01,0.0,0.0,0.0,0.0,0.0,0,43054.0
0,1,22,9,209,263,0,0,0,0,0,1,0,0,0,0,0,0,0,0,0,0,19,20,0.0,0.0,0.0,0.0,1.0,0.0,0.1,255,255,1.0,0.0,0.0,0.0,0.0,0.0,0.0,0.0,0,7800.0
0,1,22,9,339,1471,0,0,0,0,0,1,0,0,0,0,0,0,0,0,0,0,8,8,0.0,0.0,0.0,0.0,1.0,0.0,0.0,247,255,1.0,0.0,0.0,0.01,0.0,0.0,0.0,0.0,0,120459.0
0,1,22,9,262,19886,0,0,0,0,0,1,0,0,0,0,0,0,0,0,0,0,1,1,0.0,0.0,0.0,0.0,1.0,0.0,0.0,46,255,1.0,0.0,0.02,0.04,0.0,0.0,0.0,0.0,0,95470.0
1,1,49,9,13549,1858,0,0,0,0,0,1,0,0,0,0,0,0,0,0,0,0,1,3,0.0,0.0,0.0,0.0,1.0,0.0,1.0,85,176,0.76,0.04,0.01,0.01,0.01,0.0,0.0,0.0,0,8501.0
0,1,52,5,0,0,0,0,0,0,0,0,0,0,0,0,0,0,0,0,0,0,255,25,1.0,1.0,0.0,0.0,0.1,0.05,0.0,255,25,0.1,0.05,0.0,0.0,1.0,1.0,0.0,0.0,1,88223.0
0,2,44,9,1,0,0,0,0,0,0,0,0,0,0,0,0,0,0,0,0,0,52,6,0.0,0.0,0.0,0.0,0.12,0.08,0.0,255,6,0.02,0.23,1.0,0.0,0.0,0.0,0.0,0.0,1,53378.0
0,0,13,9,8,0,0,0,0,0,0,0,0,0,0,0,0,0,0,0,0,0,1,50,0.0,0.0,0.0,0.0,1.0,0.0,1.0,1,89,1.0,0.0,1.0,0.26,0.0,0.0,0.0,0.0,1,68815.0
0,1,22,9,176,4090,0,0,0,0,0,1,0,0,0,0,0,0,0,0,0,0,2,2,0.0,0.0,0.0,0.0,1.0,0.0,0.0,255,255,1.0,0.0,0.0,0.0,0.0,0.0,0.0,0.0,0,122362.0
0,2,11,9,44,140,0,0,0,0,0,0,0,0,0,0,0,0,0,0,0,0,69,147,0.0,0.0,0.0,0.0,1.0,0.0,0.01,255,195,0.76,0.02,0.0,0.0,0.0,0.0,0.0,0.0,0,73234.0
0,1,32,5,0,0,0,0,0,0,0,0,0,0,0,0,0,0,0,0,0,0,207,4,1.0,1.0,0.0,0.0,0.02,0.07,0.0,255,15,0.06,0.08,0.0,0.0,1.0,1.0,0.0,0.0,1,66389.0
0,1,22,9,328,14087,0,0,0,0,0,1,0,0,0,0,0,0,0,0,0,0,3,3,0.0,0.0,0.0,0.0,1.0,0.0,0.0,255,255,1.0,0.0,0.0,0.0,0.0,0.0,0.0,0.0,0,2048.0
0,1,37,5,0,0,0,0,0,0,0,0,0,0,0,0,0,0,0,0,0,0,105,15,1.0,1.0,0.0,0.0,0.14,0.06,0.0,255,18,0.07,0.07,0.0,0.0,1.0,1.0,0.0,0.0,1,34865.0
0,1,22,9,313,1049,0,0,0,0,0,1,0,0,0,0,0,0,0,0,0,0,8,9,0.0,0.0,0.0,0.0,1.0,0.0,0.22,41,255,1.0,0.0,0.02,0.02,0.0,0.0,0.0,0.0,0,39058.0
0,0,58,9,183,0,0,0,0,0,0,0,0,0,0,0,0,0,0,0,0,0,2,1,0.0,0.0,0.0,0.0,0.5,1.0,0.0,255,38,0.15,0.01,0.16,0.0,0.0,0.0,0.0,0.0,0,98837.0
0,0,13,9,8,0,0,0,0,0,0,0,0,0,0,0,0,0,0,0,0,0,1,29,0.0,0.0,0.0,0.0,1.0,0.0,1.0,3,127,1.0,0.0,1.0,0.25,0.0,0.0,0.0,0.0,1,119131.0
0,2,11,9,45,111,0,0,0,0,0,0,0,0,0,0,0,0,0,0,0,0,66,146,0.0,0.0,0.0,0.0,1.0,0.0,0.01,255,254,1.0,0.01,0.0,0.0,0.0,0.0,0.0,0.0,0,102170.0
0,1,62,1,0,0,0,0,0,0,0,0,0,0,0,0,0,0,0,0,0,0,209,5,0.0,0.0,1.0,1.0,0.02,0.07,0.0,255,5,0.02,0.08,0.0,0.0,0.0,0.0,1.0,1.0,1,56523.0
0,1,22,9,324,271,0,0,0,0,0,1,0,0,0,0,0,0,0,0,0,0,3,3,0.0,0.0,0.0,0.0,1.0,0.0,0.0,255,245,0.96,0.01,0.0,0.0,0.0,0.0,0.03,0.03,0,64979.0
0,0,14,9,520,0,0,0,0,0,0,0,0,0,0,0,0,0,0,0,0,0,424,424,0.0,0.0,0.0,0.0,1.0,0.0,0.0,255,255,1.0,0.0,1.0,0.0,0.0,0.0,0.0,0.0,1,108382.0
0,1,49,9,1207,310,0,0,0,0,0,1,0,0,0,0,0,0,0,0,0,0,1,1,0.0,0.0,0.0,0.0,1.0,0.0,0.0,89,74,0.15,0.8,0.01,0.04,0.0,0.0,0.74,0.0,0,36937.0
0,1,49,9,886,330,0,0,0,0,0,1,0,0,0,0,0,0,0,0,0,0,1,1,0.0,0.0,0.0,0.0,1.0,0.0,0.0,48,39,0.81,0.1,0.02,0.0,0.0,0.0,0.0,0.0,0,94498.0
0,1,19,9,852,0,0,0,0,0,0,1,0,0,0,0,0,0,0,0,0,0,2,2,0.0,0.0,0.0,0.0,1.0,0.0,0.0,171,58,0.34,0.02,0.34,0.0,0.0,0.0,0.0,0.0,0,109438.0
0,1,17,9,9,366,0,0,0,0,0,0,0,0,0,0,0,0,0,0,0,0,1,1,0.0,0.0,0.0,0.0,1.0,0.0,0.0,255,11,0.04,0.02,0.0,0.0,0.0,0.0,0.0,0.0,0,103455.0
0,1,22,9,308,2276,0,0,0,0,0,1,0,0,0,0,0,0,0,0,0,0,4,5,0.0,0.0,0.0,0.0,1.0,0.0,0.4,18,255,1.0,0.0,0.06,0.03,0.0,0.0,0.0,0.0,0,42840.0
0,1,22,9,194,26494,0,0,0,0,0,1,0,0,0,0,0,0,0,0,0,0,1,1,0.0,0.0,0.0,0.0,1.0,0.0,0.0,56,255,1.0,0.0,0.02,0.02,0.0,0.0,0.0,0.0,0,70507.0
0,1,22,1,0,0,0,0,0,0,0,0,0,0,0,0,0,0,0,0,0,0,266,17,0.0,0.0,1.0,1.0,0.06,0.06,0.0,255,17,0.07,0.08,0.0,0.0,0.0,0.0,1.0,1.0,1,29667.0
0,0,13,9,8,0,0,0,0,0,0,0,0,0,0,0,0,0,0,0,0,0,1,29,0.0,0.0,0.0,0.0,1.0,0.0,1.0,1,9,1.0,0.0,1.0,0.56,0.0,0.0,0.0,0.0,1,119242.0
0,1,44,1,0,0,0,0,0,0,0,0,0,0,0,0,0,0,0,0,0,0,66,4,0.0,0.0,1.0,1.0,0.06,0.11,0.0,255,4,0.02,0.07,0.0,0.0,0.0,0.0,1.0,1.0,1,83473.0
0,1,25,5,0,0,0,0,0,0,0,0,0,0,0,0,0,0,0,0,0,0,273,18,1.0,1.0,0.0,0.0,0.07,0.06,0.0,255,18,0.07,0.07,0.0,0.0,1.0,1.0,0.0,0.0,1,39841.0
0,1,44,5,0,0,0,0,0,0,0,0,0,0,0,0,0,0,0,0,0,0,286,14,1.0,1.0,0.0,0.0,0.05,0.06,0.0,255,15,0.06,0.07,0.0,0.0,1.0,1.0,0.0,0.0,1,110189.0
0,1,22,5,0,0,0,0,0,0,0,0,0,0,0,0,0,0,0,0,0,0,2,4,0.5,0.25,0.0,0.0,1.0,0.0,0.75,97,255,1.0,0.0,0.02,0.01,0.01,0.0,0.0,0.0,0,30880.0
0,0,13,9,8,0,0,0,0,0,0,0,0,0,0,0,0,0,0,0,0,0,1,14,0.0,0.0,0.0,0.0,1.0,0.0,1.0,2,162,1.0,0.0,1.0,0.25,0.0,0.0,0.0,0.0,1,117194.0
3,1,49,9,1635,410,0,0,0,0,0,1,0,0,0,0,0,0,0,0,0,0,1,2,0.0,0.0,0.0,0.0,1.0,0.0,1.0,40,198,0.9,0.05,0.03,0.01,0.0,0.0,0.0,0.0,0,121115.0
0,1,22,9,294,1600,0,0,0,0,0,1,0,0,0,0,0,0,0,0,0,0,8,8,0.0,0.0,0.0,0.0,1.0,0.0,0.0,251,255,1.0,0.0,0.0,0.01,0.0,0.0,0.0,0.0,0,117687.0
0,2,11,9,46,46,0,0,0,0,0,0,0,0,0,0,0,0,0,0,0,0,16,25,0.0,0.0,0.0,0.0,1.0,0.0,0.08,255,255,1.0,0.0,0.0,0.0,0.0,0.0,0.0,0.0,0,67239.0
0,1,44,5,0,0,0,0,0,0,0,0,0,0,0,0,0,0,0,0,0,0,243,13,1.0,1.0,0.0,0.0,0.05,0.07,0.0,255,20,0.08,0.07,0.0,0.0,1.0,1.0,0.0,0.0,1,71570.0
1,1,19,9,6932,0,0,0,0,0,0,1,0,0,0,0,0,0,0,0,0,0,2,2,0.0,0.0,0.0,0.0,1.0,0.0,0.0,28,10,0.36,0.11,0.36,0.0,0.0,0.0,0.0,0.0,0,103005.0
0,1,22,9,236,3106,0,0,0,0,0,1,0,0,0,0,0,0,0,0,0,0,5,6,0.0,0.0,0.0,0.0,1.0,0.0,0.33,255,255,1.0,0.0,0.0,0.0,0.0,0.0,0.0,0.0,0,108050.0
0,1,22,9,320,2265,0,0,0,0,0,1,0,0,0,0,0,0,0,0,0,0,16,16,0.0,0.0,0.0,0.0,1.0,0.0,0.0,255,255,1.0,0.0,0.0,0.0,0.0,0.0,0.0,0.0,0,29101.0
0,0,13,9,8,0,0,0,0,0,0,0,0,0,0,0,0,0,0,0,0,0,1,25,0.0,0.0,0.0,0.0,1.0,0.0,1.0,2,94,1.0,0.0,1.0,0.5,0.0,0.0,0.0,0.0,1,62327.0
0,1,22,9,207,1215,0,0,0,0,0,1,0,0,0,0,0,0,0,0,0,0,11,20,0.0,0.0,0.0,0.0,1.0,0.0,0.25,80,255,1.0,0.0,0.01,0.18,0.0,0.0,0.19,0.72,0,63628.0
0,1,22,9,296,1497,0,0,0,0,0,1,0,0,0,0,0,0,0,0,0,0,2,3,0.0,0.0,0.0,0.0,1.0,0.0,0.67,2,255,1.0,0.0,0.5,0.03,0.0,0.0,0.0,0.0,0,24635.0
0,1,6,1,0,0,0,0,0,0,0,0,0,0,0,0,0,0,0,0,0,0,204,7,0.0,0.0,1.0,1.0,0.03,0.07,0.0,255,7,0.03,0.08,0.0,0.0,0.0,0.0,1.0,1.0,1,71880.0
0,2,11,9,43,70,0,0,0,0,0,0,0,0,0,0,0,0,0,0,0,0,6,6,0.0,0.0,0.0,0.0,1.0,0.0,0.0,255,250,0.98,0.01,0.01,0.0,0.0,0.0,0.0,0.0,0,36483.0
0,1,44,1,0,0,0,0,0,0,0,0,0,0,0,0,0,0,0,0,0,0,336,1,0.0,0.0,1.0,1.0,0.0,0.52,0.0,255,1,0.0,0.52,1.0,0.0,0.0,0.0,1.0,1.0,1,100283.0
0,1,22,9,298,356,0,0,0,0,0,1,0,0,0,0,0,0,0,0,0,0,19,19,0.0,0.0,0.0,0.0,1.0,0.0,0.0,41,255,1.0,0.0,0.02,0.02,0.0,0.0,0.0,0.0,0,68879.0
0,1,44,5,0,0,0,0,0,0,0,0,0,0,0,0,0,0,0,0,0,0,217,17,1.0,1.0,0.0,0.0,0.08,0.06,0.0,255,30,0.12,0.06,0.0,0.0,1.0,1.0,0.0,0.0,1,16073.0
0,1,60,5,0,0,0,0,0,0,0,0,0,0,0,0,0,0,0,0,0,0,250,4,1.0,1.0,0.0,0.0,0.02,0.06,0.0,255,17,0.07,0.07,0.0,0.0,1.0,1.0,0.0,0.0,1,86320.0
0,2,11,9,45,74,0,0,0,0,0,0,0,0,0,0,0,0,0,0,0,0,315,314,0.0,0.0,0.0,0.0,1.0,0.01,0.0,255,234,0.92,0.01,0.0,0.0,0.0,0.0,0.0,0.0,0,15787.0
0,0,13,9,8,0,0,0,0,0,0,0,0,0,0,0,0,0,0,0,0,0,1,29,0.0,0.0,0.0,0.0,1.0,0.0,1.0,2,40,1.0,0.0,1.0,0.5,0.0,0.0,0.0,0.0,1,4839.0
5628,1,0,4,1573,5844,0,0,0,0,0,1,0,0,0,0,0,0,0,0,0,0,1,1,0.0,0.0,1.0,1.0,1.0,0.0,0.0,2,2,1.0,0.0,0.5,0.0,0.5,0.5,0.5,0.5,0,57664.0
0,1,40,1,0,0,0,0,0,0,0,0,0,0,0,0,0,0,0,0,0,0,510,1,0.17,0.0,0.83,1.0,0.0,1.0,0.0,255,1,0.0,1.0,0.0,0.0,0.19,0.0,0.81,1.0,1,65080.0
0,1,37,1,0,0,0,0,0,0,0,0,0,0,0,0,0,0,0,0,0,0,101,1,0.0,0.0,1.0,1.0,0.01,0.07,0.0,255,1,0.0,0.06,0.0,0.0,0.0,0.0,1.0,1.0,1,13491.0
1,1,49,9,1261,330,0,0,0,0,0,1,0,0,0,0,0,0,0,0,0,0,1,4,0.0,0.0,0.0,0.0,1.0,0.0,1.0,129,80,0.36,0.04,0.01,0.03,0.01,0.01,0.0,0.0,0,53697.0
0,1,29,5,0,0,0,0,0,0,0,0,0,0,0,0,0,0,0,0,0,0,277,24,1.0,1.0,0.0,0.0,0.09,0.05,0.0,255,24,0.09,0.05,0.0,0.0,1.0,1.0,0.0,0.0,1,100130.0
0,1,44,5,0,0,0,0,0,0,0,0,0,0,0,0,0,0,0,0,0,0,235,11,1.0,1.0,0.0,0.0,0.05,0.06,0.0,255,11,0.04,0.08,0.0,0.0,1.0,1.0,0.0,0.0,1,64169.0
0,1,19,9,4892,0,0,0,0,0,0,1,0,0,0,0,0,0,0,0,0,0,12,12,0.0,0.0,0.0,0.0,1.0,0.0,0.0,58,65,0.84,0.03,0.84,0.03,0.0,0.02,0.0,0.0,0,44913.0
0,1,19,9,61298,0,0,0,0,0,0,1,0,0,0,0,0,0,0,0,0,0,8,8,0.0,0.0,0.0,0.0,1.0,0.0,0.0,107,48,0.19,0.04,0.19,0.04,0.0,0.0,0.0,0.0,0,23559.0
0,1,44,5,0,0,0,0,0,0,0,0,0,0,0,0,0,0,0,0,0,0,291,23,1.0,1.0,0.0,0.0,0.08,0.04,0.0,151,23,0.15,0.07,0.01,0.0,0.99,1.0,0.0,0.0,1,91953.0
4,1,19,9,832,0,0,0,0,0,0,1,0,0,0,0,0,0,0,0,0,0,1,1,0.0,0.0,0.0,0.0,1.0,0.0,0.0,3,59,1.0,0.0,1.0,0.12,0.33,0.02,0.0,0.0,1,101703.0
0,1,44,1,0,0,0,0,0,0,0,0,0,0,0,0,0,0,0,0,0,0,170,1,0.04,0.0,0.89,1.0,0.01,0.99,0.0,255,1,0.0,0.67,0.0,0.0,0.02,0.0,0.6,1.0,1,89026.0
0,1,7,1,0,0,0,0,0,0,0,0,0,0,0,0,0,0,0,0,0,0,293,17,0.0,0.0,1.0,1.0,0.06,0.06,0.0,255,17,0.07,0.07,0.0,0.0,0.0,0.0,1.0,1.0,1,57899.0
0,1,44,5,0,0,0,0,0,0,0,0,0,0,0,0,0,0,0,0,0,0,28,22,1.0,1.0,0.0,0.0,0.79,0.07,0.0,255,22,0.09,0.06,0.0,0.0,1.0,1.0,0.0,0.0,1,1234.0
0,1,22,9,159,347,0,0,0,0,0,1,0,0,0,0,0,0,0,0,0,0,8,8,0.0,0.0,0.0,0.0,1.0,0.0,0.0,152,255,1.0,0.0,0.01,0.01,0.0,0.0,0.0,0.0,0,3529.0
4,1,49,9,986,379,0,0,0,0,0,1,0,0,0,0,0,0,0,0,0,0,1,3,0.0,0.0,0.0,0.0,1.0,0.0,1.0,113,215,0.84,0.04,0.01,0.01,0.0,0.0,0.0,0.0,0,83604.0
0,1,22,9,358,442,0,0,0,0,0,1,0,0,0,0,0,0,0,0,0,0,11,11,0.0,0.0,0.0,0.0,1.0,0.0,0.0,255,255,1.0,0.0,0.0,0.0,0.0,0.0,0.0,0.0,0,41811.0
0,1,22,9,213,656,0,0,0,0,0,1,0,0,0,0,0,0,0,0,0,0,3,7,0.33,0.14,0.0,0.14,1.0,0.0,0.43,255,255,1.0,0.0,0.0,0.0,0.0,0.0,0.0,0.0,0,98089.0
0,1,15,5,0,0,0,0,0,0,0,0,0,0,0,0,0,0,0,0,0,0,510,1,0.2,1.0,0.79,0.0,0.0,1.0,0.0,255,1,0.0,1.0,0.0,0.0,0.2,1.0,0.78,0.0,1,16210.0
0,1,22,9,228,12471,0,0,0,0,0,1,0,0,0,0,0,0,0,0,0,0,11,11,0.0,0.0,0.0,0.0,1.0,0.0,0.0,163,255,1.0,0.0,0.01,0.02,0.0,0.0,0.0,0.0,0,63171.0
0,2,44,9,105,105,0,0,0,0,0,0,0,0,0,0,0,0,0,0,0,0,9,1,0.0,0.0,0.0,0.0,0.11,0.22,0.0,255,232,0.91,0.01,0.0,0.0,0.0,0.0,0.0,0.0,0,8264.0
0,1,22,9,218,857,0,0,0,0,0,1,0,0,0,0,0,0,0,0,0,0,16,30,0.0,0.0,0.0,0.0,1.0,0.0,0.13,255,255,1.0,0.0,0.0,0.0,0.0,0.0,0.0,0.0,0,109826.0
0,1,22,9,307,10647,0,0,0,0,0,1,0,0,0,0,0,0,0,0,0,0,4,12,0.0,0.0,0.0,0.0,1.0,0.0,0.25,4,7,1.0,0.0,0.25,0.29,0.0,0.29,0.0,0.14,0,24794.0
0,1,44,5,0,0,0,0,0,0,0,0,0,0,0,0,0,0,0,0,0,0,120,2,1.0,1.0,0.0,0.0,0.02,0.07,0.0,255,17,0.07,0.07,0.0,0.0,1.0,1.0,0.0,0.0,1,27374.0
2,1,49,9,740,321,0,0,0,0,0,1,0,0,0,0,0,0,0,0,0,0,1,2,0.0,0.0,0.0,0.0,1.0,0.0,1.0,16,103,0.38,0.19,0.06,0.02,0.0,0.0,0.0,0.0,0,97565.0
0,1,44,5,0,0,0,0,0,0,0,0,0,0,0,0,0,0,0,0,0,0,201,4,1.0,1.0,0.0,0.0,0.02,0.06,0.0,255,3,0.01,0.06,0.0,0.0,1.0,1.0,0.0,0.0,1,122998.0
0,1,22,9,265,14496,0,0,0,0,0,1,0,0,0,0,0,0,0,0,0,0,4,4,0.0,0.0,0.0,0.0,1.0,0.0,0.0,171,255,1.0,0.0,0.01,0.02,0.01,0.0,0.0,0.0,0,90725.0
0,1,22,9,281,8818,0,0,0,0,0,1,0,0,0,0,0,0,0,0,0,0,5,25,0.0,0.0,0.0,0.0,1.0,0.0,0.16,5,255,1.0,0.0,0.2,0.02,0.0,0.0,0.0,0.0,0,54284.0
0,1,61,1,0,0,0,0,0,0,0,0,0,0,0,0,0,0,0,0,0,0,180,4,0.0,0.0,1.0,1.0,0.02,0.07,0.0,255,4,0.02,0.08,0.0,0.0,0.0,0.0,1.0,1.0,1,84528.0
0,1,44,5,0,0,0,0,0,0,0,0,0,0,0,0,0,0,0,0,0,0,137,11,1.0,1.0,0.0,0.0,0.08,0.07,0.0,255,13,0.05,0.06,0.0,0.0,1.0,1.0,0.0,0.0,1,41398.0
0,1,44,5,0,0,0,0,0,0,0,0,0,0,0,0,0,0,0,0,0,0,264,14,1.0,1.0,0.0,0.0,0.05,0.06,0.0,255,16,0.06,0.07,0.0,0.0,1.0,1.0,0.0,0.0,1,40853.0
0,1,44,1,0,0,0,0,0,0,0,0,0,0,0,0,0,0,0,0,0,0,132,17,0.0,0.0,1.0,1.0,0.13,0.06,0.0,107,17,0.16,0.07,0.01,0.0,0.0,0.0,1.0,1.0,1,74271.0
0,1,36,5,0,0,0,0,0,0,0,0,0,0,0,0,0,0,0,0,0,0,268,11,1.0,1.0,0.0,0.0,0.04,0.06,0.0,255,13,0.05,0.06,0.0,0.0,1.0,1.0,0.0,0.0,1,67950.0
0,2,11,9,45,45,0,0,0,0,0,0,0,0,0,0,0,0,0,0,0,0,155,155,0.0,0.0,0.0,0.0,1.0,0.0,0.0,255,255,1.0,0.0,0.01,0.0,0.0,0.0,0.0,0.0,0,101534.0
0,1,44,5,0,0,0,0,0,0,0,0,0,0,0,0,0,0,0,0,0,0,253,20,1.0,1.0,0.0,0.0,0.08,0.06,0.0,255,18,0.07,0.08,0.0,0.0,1.0,1.0,0.0,0.0,1,117426.0
0,1,44,1,0,0,0,0,0,0,0,0,0,0,0,0,0,0,0,0,0,0,220,11,0.0,0.0,1.0,1.0,0.05,0.06,0.0,255,11,0.04,0.07,0.0,0.0,0.0,0.0,1.0,1.0,1,95419.0
0,0,13,9,8,0,0,0,0,0,0,0,0,0,0,0,0,0,0,0,0,0,1,34,0.0,0.0,0.0,0.0,1.0,0.0,1.0,2,26,1.0,0.0,1.0,0.27,0.0,0.0,0.0,0.0,1,28953.0
0,1,49,9,1841,330,0,0,0,0,0,1,0,0,0,0,0,0,0,0,0,0,1,1,0.0,0.0,0.0,0.0,1.0,0.0,0.0,22,49,0.68,0.23,0.05,0.04,0.05,0.0,0.0,0.0,0,75863.0
0,2,11,9,43,43,0,0,0,0,0,0,0,0,0,0,0,0,0,0,0,0,80,80,0.0,0.0,0.0,0.0,1.0,0.0,0.0,255,194,0.76,0.01,0.01,0.0,0.0,0.0,0.0,0.0,0,34702.0
0,1,18,9,1191,2448,0,0,0,28,0,1,0,0,0,0,0,0,0,0,0,1,1,1,0.0,0.0,0.0,0.0,1.0,0.0,0.0,255,66,0.26,0.02,0.0,0.0,0.0,0.0,0.0,0.0,1,121085.0
0,0,13,9,8,0,0,0,0,0,0,0,0,0,0,0,0,0,0,0,0,0,1,16,0.0,0.0,0.0,0.0,1.0,0.0,1.0,1,61,1.0,0.0,1.0,0.51,0.0,0.0,0.0,0.0,1,44183.0
0,1,22,9,193,383,0,0,0,0,0,1,0,0,0,0,0,0,0,0,0,0,26,26,0.0,0.0,0.0,0.0,1.0,0.0,0.0,26,255,1.0,0.0,0.04,0.03,0.0,0.0,0.0,0.0,0,9945.0
0,1,22,9,221,37127,0,0,0,0,0,1,0,0,0,0,0,0,0,0,0,0,3,13,0.0,0.0,0.0,0.0,1.0,0.0,0.31,11,255,1.0,0.0,0.09,0.03,0.0,0.0,0.0,0.0,0,58256.0
0,1,44,5,0,0,0,0,0,0,0,0,0,0,0,0,0,0,0,0,0,0,145,18,1.0,1.0,0.0,0.0,0.12,0.06,0.0,255,15,0.06,0.06,0.0,0.0,1.0,1.0,0.0,0.0,1,73159.0
0,1,22,9,266,481,0,0,0,0,0,1,0,0,0,0,0,0,0,0,0,0,3,4,0.33,0.25,0.0,0.0,1.0,0.0,0.5,255,255,1.0,0.0,0.0,0.0,0.0,0.0,0.0,0.0,0,109504.0
0,1,15,1,0,0,0,0,0,0,0,0,0,0,0,0,0,0,0,0,0,0,131,5,0.0,0.0,1.0,1.0,0.04,0.06,0.0,255,5,0.02,0.07,0.0,0.0,0.0,0.0,1.0,1.0,1,107935.0
0,1,27,5,0,0,0,0,0,0,0,0,0,0,0,0,0,0,0,0,0,0,135,22,1.0,1.0,0.0,0.0,0.16,0.04,0.0,255,22,0.09,0.05,0.0,0.0,1.0,1.0,0.0,0.0,1,26763.0
0,2,11,9,44,110,0,0,0,0,0,0,0,0,0,0,0,0,0,0,0,0,221,297,0.0,0.0,0.0,0.0,1.0,0.0,0.01,255,253,0.99,0.01,0.0,0.0,0.0,0.0,0.0,0.0,0,100449.0
0,1,17,9,6,309,0,0,0,0,0,0,0,0,0,0,0,0,0,0,0,0,1,1,0.0,0.0,0.0,0.0,1.0,0.0,0.0,228,8,0.03,0.01,0.0,0.25,0.0,0.0,0.0,0.0,0,45891.0
0,1,22,9,409,6033,0,0,0,0,0,1,0,0,0,0,0,0,0,0,0,0,13,13,0.0,0.0,0.0,0.0,1.0,0.0,0.0,139,247,1.0,0.0,0.01,0.12,0.0,0.0,0.09,0.49,0,9480.0
0,1,22,9,309,1338,0,0,0,0,0,1,0,0,0,0,0,0,0,0,0,0,7,7,0.0,0.0,0.0,0.0,1.0,0.0,0.0,55,255,1.0,0.0,0.02,0.04,0.0,0.0,0.0,0.0,0,75342.0
0,2,11,9,43,126,0,0,0,0,0,0,0,0,0,0,0,0,0,0,0,0,71,151,0.0,0.0,0.0,0.0,1.0,0.0,0.01,255,254,1.0,0.01,0.0,0.0,0.0,0.0,0.0,0.0,0,33965.0
5,1,49,9,1338,333,0,0,0,0,0,1,0,0,0,0,0,0,0,0,0,0,1,2,0.0,0.0,0.0,0.0,1.0,0.0,1.0,215,143,0.67,0.02,0.0,0.0,0.0,0.0,0.0,0.0,0,98996.0
0,1,44,5,0,0,0,0,0,0,0,0,0,0,0,0,0,0,0,0,0,0,211,17,1.0,1.0,0.0,0.0,0.08,0.07,0.0,255,16,0.06,0.07,0.0,0.0,1.0,1.0,0.0,0.0,1,13654.0
0,0,14,9,1032,0,0,0,0,0,0,0,0,0,0,0,0,0,0,0,0,0,511,511,0.0,0.0,0.0,0.0,1.0,0.0,0.0,255,167,0.65,0.02,0.65,0.0,0.0,0.0,0.02,0.0,1,30592.0
0,1,60,5,0,0,0,0,0,0,0,0,0,0,0,0,0,0,0,0,0,0,224,1,1.0,1.0,0.0,0.0,0.0,0.07,0.0,255,20,0.08,0.07,0.0,0.0,1.0,1.0,0.0,0.0,1,94428.0
0,2,44,9,1,0,0,0,0,0,0,0,0,0,0,0,0,0,0,0,0,0,12,1,0.0,0.0,0.0,0.0,0.08,0.42,0.0,255,1,0.0,0.7,0.39,0.0,0.0,0.0,0.61,0.0,1,76160.0
0,1,22,9,297,332,0,0,0,0,0,1,0,0,0,0,0,0,0,0,0,0,3,3,0.0,0.0,0.0,0.0,1.0,0.0,0.0,105,255,1.0,0.0,0.01,0.03,0.0,0.0,0.0,0.01,0,90611.0
0,0,13,9,18,0,0,0,0,0,0,0,0,0,0,0,0,0,0,0,0,0,1,1,0.0,0.0,0.0,0.0,1.0,0.0,0.0,1,43,1.0,0.0,1.0,1.0,0.0,0.0,0.0,0.0,1,120642.0
0,1,22,9,54540,8314,0,0,0,2,0,1,1,0,0,0,0,0,0,0,0,0,4,4,0.0,0.0,0.0,0.0,1.0,0.0,0.0,139,139,1.0,0.0,0.01,0.0,0.0,0.0,0.05,0.05,1,125929.0
0,1,19,9,1376,0,0,0,0,0,0,1,0,0,0,0,0,0,0,0,0,0,4,4,0.0,0.0,0.0,0.0,1.0,0.0,0.0,255,53,0.21,0.02,0.11,0.0,0.33,0.42,0.0,0.0,0,95482.0
0,1,44,5,0,0,0,0,0,0,0,0,0,0,0,0,0,0,0,0,0,0,129,8,0.99,1.0,0.0,0.0,0.06,0.07,0.0,255,8,0.03,0.05,0.0,0.0,1.0,1.0,0.0,0.0,1,69696.0
0,0,13,9,8,0,0,0,0,0,0,0,0,0,0,0,0,0,0,0,0,0,1,26,0.0,0.0,0.0,0.0,1.0,0.0,1.0,2,210,1.0,0.0,1.0,0.25,0.0,0.0,0.0,0.0,1,90652.0
0,1,49,9,1701,331,0,0,0,0,0,1,0,0,0,0,0,0,0,0,0,0,1,1,0.0,0.0,0.0,0.0,1.0,0.0,0.0,97,230,0.95,0.02,0.01,0.01,0.0,0.0,0.0,0.0,0,38833.0
0,1,49,9,3391,337,0,0,0,0,0,1,0,0,0,0,0,0,0,0,0,0,1,1,0.0,0.0,0.0,0.0,1.0,0.0,0.0,147,135,0.67,0.05,0.01,0.01,0.01,0.01,0.01,0.0,0,120510.0
0,1,44,5,0,0,0,0,0,0,0,0,0,0,0,0,0,0,0,0,0,0,100,20,1.0,1.0,0.0,0.0,0.2,0.05,0.0,255,20,0.08,0.04,0.0,0.0,1.0,1.0,0.0,0.0,1,45016.0
0,1,22,9,293,1172,0,0,0,0,0,1,0,0,0,0,0,0,0,0,0,0,15,15,0.0,0.0,0.0,0.0,1.0,0.0,0.0,15,255,1.0,0.0,0.07,0.06,0.0,0.0,0.0,0.0,0,81975.0
0,1,6,5,0,0,0,0,0,0,0,0,0,0,0,0,0,0,0,0,0,0,289,11,1.0,1.0,0.0,0.0,0.04,0.06,0.0,255,9,0.04,0.07,0.0,0.0,1.0,1.0,0.0,0.0,1,121719.0
0,1,22,9,281,4770,0,0,0,0,0,1,0,0,0,0,0,0,0,0,0,0,16,19,0.0,0.0,0.0,0.0,1.0,0.0,0.11,16,255,1.0,0.0,0.06,0.05,0.0,0.0,0.0,0.0,0,72899.0
0,1,22,9,206,2483,0,0,0,0,0,1,0,0,0,0,0,0,0,0,0,0,21,21,0.0,0.0,0.0,0.0,1.0,0.0,0.0,255,255,1.0,0.0,0.0,0.0,0.0,0.0,0.0,0.0,0,56462.0
0,2,44,9,105,147,0,0,0,0,0,0,0,0,0,0,0,0,0,0,0,0,10,1,0.0,0.0,0.0,0.0,0.1,0.2,0.0,255,234,0.92,0.01,0.0,0.0,0.0,0.0,0.0,0.0,0,92196.0
2,1,49,9,1529,336,0,0,0,0,0,1,0,0,0,0,0,0,0,0,0,0,1,1,0.0,0.0,0.0,0.0,1.0,0.0,0.0,129,157,0.81,0.04,0.01,0.01,0.0,0.0,0.0,0.0,0,91739.0
27,1,18,9,1463,4152,0,0,0,30,0,1,0,0,0,0,0,0,0,0,0,1,1,1,0.0,0.0,0.0,0.0,1.0,0.0,0.0,208,35,0.17,0.02,0.0,0.0,0.0,0.0,0.0,0.0,0,34614.0
0,1,22,9,241,1931,0,0,0,0,0,1,0,0,0,0,0,0,0,0,0,0,10,10,0.0,0.0,0.0,0.0,1.0,0.0,0.0,255,255,1.0,0.0,0.0,0.0,0.0,0.0,0.0,0.0,0,78276.0
0,2,44,9,1,0,0,0,0,0,0,0,0,0,0,0,0,0,0,0,0,0,6,6,0.0,0.0,0.0,0.0,1.0,0.0,0.0,255,6,0.02,0.28,1.0,0.0,0.0,0.0,0.0,0.0,1,29650.0
0,1,22,9,190,1761,0,0,0,0,0,1,0,0,0,0,0,0,0,0,0,0,7,8,0.0,0.0,0.0,0.0,1.0,0.0,0.25,68,255,1.0,0.0,0.01,0.04,0.0,0.0,0.0,0.0,0,121302.0
0,1,54,5,0,0,0,0,0,0,0,0,0,0,0,0,0,0,0,0,0,0,232,16,1.0,1.0,0.0,0.0,0.07,0.06,0.0,255,16,0.06,0.06,0.0,0.0,1.0,1.0,0.0,0.0,1,19038.0
40593,1,44,4,1,0,0,0,0,0,0,0,0,0,0,0,0,0,0,0,0,0,2,2,0.0,0.0,1.0,1.0,1.0,0.0,0.0,255,2,0.01,0.39,0.77,0.0,0.0,0.0,0.77,1.0,1,70351.0
0,1,44,1,0,0,0,0,0,0,0,0,0,0,0,0,0,0,0,0,0,0,131,2,0.0,0.0,1.0,1.0,0.02,0.07,0.0,255,2,0.01,0.06,0.0,0.0,0.0,0.0,1.0,1.0,1,85462.0
0,0,58,9,181,0,0,0,0,0,0,0,0,0,0,0,0,0,0,0,0,0,2,1,0.0,0.0,0.0,0.0,0.5,1.0,0.0,255,57,0.22,0.01,0.28,0.0,0.0,0.0,0.0,0.0,0,34716.0
0,1,44,5,0,0,0,0,0,0,0,0,0,0,0,0,0,0,0,0,0,0,185,12,1.0,1.0,0.0,0.0,0.06,0.06,0.0,255,12,0.05,0.06,0.0,0.0,1.0,1.0,0.0,0.0,1,52382.0
0,1,22,9,199,3413,0,0,0,0,0,1,0,0,0,0,0,0,0,0,0,0,20,24,0.0,0.0,0.0,0.0,1.0,0.0,0.12,142,255,1.0,0.0,0.01,0.02,0.0,0.0,0.15,0.33,0,58050.0
0,1,22,9,294,869,0,0,0,0,0,1,0,0,0,0,0,0,0,0,0,0,3,3,0.0,0.0,0.0,0.0,1.0,0.0,0.0,3,255,1.0,0.0,0.33,0.05,0.0,0.0,0.0,0.0,0,56620.0
0,1,40,1,0,0,0,0,0,0,0,0,0,0,0,0,0,0,0,0,0,0,511,1,0.18,0.0,0.82,1.0,0.0,1.0,0.0,255,1,0.0,1.0,0.0,0.0,0.15,0.0,0.85,1.0,1,37517.0
0,1,55,5,0,0,0,0,0,0,0,0,0,0,0,0,0,0,0,0,0,0,43,8,1.0,1.0,0.0,0.0,0.19,0.09,0.0,255,55,0.22,0.04,0.02,0.0,1.0,1.0,0.0,0.0,1,60635.0
0,1,19,5,0,0,0,0,0,0,0,0,0,0,0,0,0,0,0,0,0,0,37,6,1.0,1.0,0.0,0.0,0.16,0.11,0.0,255,64,0.25,0.02,0.0,0.0,1.0,1.0,0.0,0.0,1,1263.0
0,1,19,9,35195,0,0,0,0,0,0,1,0,0,0,0,0,0,0,0,0,0,20,20,0.0,0.0,0.0,0.0,1.0,0.0,0.0,34,44,0.76,0.06,0.76,0.05,0.0,0.0,0.0,0.0,0,38743.0
0,1,52,5,0,0,0,0,0,0,0,0,0,0,0,0,0,0,0,0,0,0,225,9,1.0,1.0,0.0,0.0,0.04,0.06,0.0,255,9,0.04,0.07,0.0,0.0,1.0,1.0,0.0,0.0,1,51118.0
0,1,44,5,0,0,0,0,0,0,0,0,0,0,0,0,0,0,0,0,0,0,142,14,1.0,1.0,0.0,0.0,0.1,0.06,0.0,255,11,0.04,0.08,0.0,0.0,1.0,1.0,0.0,0.0,1,122257.0
0,1,22,9,194,255,0,0,0,0,0,1,0,0,0,0,0,0,0,0,0,0,5,5,0.0,0.0,0.0,0.0,1.0,0.0,0.0,41,41,1.0,0.0,0.02,0.0,0.0,0.0,0.0,0.0,0,26661.0
0,1,44,5,0,0,0,0,0,0,0,0,0,0,0,0,0,0,0,0,0,0,221,1,1.0,1.0,0.0,0.0,0.0,0.07,0.0,255,7,0.03,0.07,0.0,0.0,1.0,1.0,0.0,0.0,1,53443.0
0,1,44,4,0,0,0,0,0,0,0,0,0,0,0,0,0,0,0,0,0,0,1,1,0.0,0.0,1.0,1.0,1.0,0.0,0.0,255,1,0.0,0.77,0.77,0.0,0.0,0.0,0.77,1.0,1,124129.0
19,1,22,9,498,264,0,0,0,0,0,1,0,0,0,0,0,0,0,0,0,0,1,10,0.0,0.0,0.0,0.0,1.0,0.0,0.3,27,255,1.0,0.0,0.04,0.03,0.0,0.0,0.0,0.0,0,97773.0
0,0,13,9,8,0,0,0,0,0,0,0,0,0,0,0,0,0,0,0,0,0,1,21,0.0,0.0,0.0,0.0,1.0,0.0,1.0,2,44,1.0,0.0,1.0,0.5,0.0,0.0,0.0,0.0,1,76039.0
0,0,13,9,8,0,0,0,0,0,0,0,0,0,0,0,0,0,0,0,0,0,1,4,0.0,0.0,0.0,0.0,1.0,0.0,1.0,2,86,1.0,0.0,1.0,0.5,0.0,0.0,0.0,0.0,1,72209.0
0,1,44,5,0,0,0,0,0,0,0,0,0,0,0,0,0,0,0,0,0,0,77,7,1.0,1.0,0.0,0.0,0.09,0.06,0.0,255,8,0.03,0.06,0.0,0.0,1.0,1.0,0.0,0.0,1,106980.0
0,2,11,9,45,134,0,0,0,0,0,0,0,0,0,0,0,0,0,0,0,0,80,160,0.0,0.0,0.0,0.0,0.99,0.03,0.01,255,245,0.96,0.01,0.0,0.0,0.0,0.0,0.0,0.0,0,90485.0
0,1,22,9,238,3222,0,0,0,0,0,1,0,0,0,0,0,0,0,0,0,0,4,40,0.0,0.0,0.0,0.0,1.0,0.0,0.05,255,222,0.87,0.02,0.0,0.0,0.0,0.0,0.0,0.0,0,34574.0
0,1,42,9,35,130,0,0,0,0,0,1,0,0,0,0,0,0,0,0,0,0,1,1,0.0,0.0,0.0,0.0,1.0,0.0,0.0,74,5,0.01,0.08,0.01,0.4,0.0,0.0,0.0,0.0,0,52932.0
0,1,19,9,7012,0,0,0,0,0,0,1,0,0,0,0,0,0,0,0,0,0,5,6,0.0,0.0,0.0,0.0,1.0,0.0,0.33,130,34,0.13,0.55,0.12,0.06,0.0,0.0,0.5,0.03,0,46427.0
0,2,44,9,105,147,0,0,0,0,0,0,0,0,0,0,0,0,0,0,0,0,1,1,0.0,0.0,0.0,0.0,1.0,0.0,0.0,27,27,1.0,0.0,0.04,0.0,0.0,0.0,0.0,0.0,0,31463.0
0,1,22,9,227,597,0,0,0,0,0,1,0,0,0,0,0,0,0,0,0,0,19,19,0.0,0.0,0.0,0.0,1.0,0.0,0.0,60,255,1.0,0.0,0.02,0.04,0.0,0.0,0.0,0.0,0,121272.0
0,1,44,5,0,0,0,0,0,0,0,0,0,0,0,0,0,0,0,0,0,0,183,1,1.0,1.0,0.0,0.0,0.01,0.07,0.0,255,16,0.06,0.07,0.0,0.0,1.0,1.0,0.0,0.0,1,74801.0
0,0,14,9,1480,0,0,1,0,0,0,0,0,0,0,0,0,0,0,0,0,0,6,6,0.0,0.0,0.0,0.0,1.0,0.0,0.0,255,8,0.03,0.02,0.03,0.0,0.0,0.0,0.0,0.0,1,99232.0
0,1,44,5,0,0,0,0,0,0,0,0,0,0,0,0,0,0,0,0,0,0,104,3,1.0,1.0,0.0,0.0,0.03,0.06,0.0,255,3,0.01,0.06,0.0,0.0,1.0,1.0,0.0,0.0,1,122163.0
0,1,31,1,0,0,0,0,0,0,0,0,0,0,0,0,0,0,0,0,0,0,287,16,0.0,0.0,1.0,1.0,0.06,0.06,0.0,255,16,0.06,0.07,0.0,0.0,0.0,0.0,1.0,1.0,1,10865.0
0,1,19,9,5891,0,0,0,0,0,0,1,0,0,0,0,0,0,0,0,0,0,18,18,0.0,0.0,0.0,0.0,1.0,0.0,0.0,24,24,1.0,0.0,1.0,0.0,0.0,0.0,0.0,0.0,0,48899.0
0,1,44,5,0,0,0,0,0,0,0,0,0,0,0,0,0,0,0,0,0,0,103,16,1.0,1.0,0.0,0.0,0.16,0.06,0.0,255,11,0.04,0.07,0.01,0.0,1.0,1.0,0.0,0.0,1,84972.0
0,1,19,9,768,0,0,0,0,0,0,1,0,0,0,0,0,0,0,0,0,0,16,16,0.0,0.0,0.0,0.0,1.0,0.0,0.0,189,68,0.36,0.03,0.36,0.0,0.0,0.0,0.0,0.0,0,58988.0
0,1,22,9,253,7309,0,0,0,0,0,1,0,0,0,0,0,0,0,0,0,0,4,5,0.0,0.0,0.0,0.0,1.0,0.0,0.4,74,255,1.0,0.0,0.01,0.03,0.0,0.0,0.0,0.0,0,113569.0
0,1,49,9,1289,394,0,0,0,0,0,1,0,0,0,0,0,0,0,0,0,0,1,1,0.0,0.0,0.0,0.0,1.0,0.0,0.0,255,19,0.07,0.07,0.0,0.0,0.85,0.0,0.01,0.0,0,95835.0
0,1,22,9,286,1251,0,0,0,0,0,1,0,0,0,0,0,0,0,0,0,0,3,7,0.0,0.0,0.0,0.0,1.0,0.0,0.29,33,255,1.0,0.0,0.03,0.04,0.0,0.0,0.0,0.0,0,29051.0
0,2,44,9,28,0,0,3,0,0,0,0,0,0,0,0,0,0,0,0,0,0,19,19,0.0,0.0,0.0,0.0,1.0,0.0,0.0,255,19,0.07,0.02,0.07,0.0,0.0,0.0,0.72,0.0,1,68141.0
0,1,44,5,0,0,0,0,0,0,0,0,0,0,0,0,0,0,0,0,0,0,130,11,1.0,1.0,0.0,0.0,0.08,0.06,0.0,255,4,0.02,0.07,0.0,0.0,1.0,1.0,0.0,0.0,1,37134.0
0,1,19,9,501760,0,0,0,0,0,0,1,0,0,0,0,0,0,0,0,0,0,2,2,0.0,0.0,0.0,0.0,1.0,0.0,0.0,19,6,0.32,0.21,0.32,0.0,0.0,0.0,0.0,0.0,0,109032.0
0,1,22,1,0,0,0,0,0,0,0,0,0,0,0,0,0,0,0,0,0,0,1,1,0.0,0.0,1.0,1.0,1.0,0.0,0.0,8,34,1.0,0.0,0.12,0.15,0.0,0.0,1.0,1.0,0,33818.0
0,1,22,9,300,769,0,0,0,0,0,1,0,0,0,0,0,0,0,0,0,0,12,30,0.0,0.0,0.0,0.0,1.0,0.0,0.13,49,255,1.0,0.0,0.02,0.05,0.0,0.0,0.0,0.0,0,45384.0
0,1,16,5,0,0,0,0,0,0,0,0,0,0,0,0,0,0,0,0,0,0,125,3,1.0,1.0,0.0,0.0,0.02,0.07,0.0,255,3,0.01,0.07,0.0,0.0,1.0,1.0,0.0,0.0,1,40984.0
0,1,22,5,0,0,0,0,0,0,0,0,0,0,0,0,0,0,0,0,0,0,2,7,0.5,0.14,0.0,0.14,1.0,0.0,0.29,117,255,1.0,0.0,0.02,0.02,0.01,0.01,0.0,0.0,0,76970.0
0,1,35,1,0,0,0,0,0,0,0,0,0,0,0,0,0,0,0,0,0,0,150,20,0.0,0.0,1.0,1.0,0.13,0.06,0.0,255,1,0.0,0.07,0.0,0.0,0.0,0.0,1.0,1.0,1,108056.0
30,1,18,9,1494,4152,0,0,0,30,0,1,0,0,0,0,0,0,0,0,0,1,1,1,0.0,0.0,0.0,0.0,1.0,0.0,0.0,2,1,0.5,1.0,0.5,0.0,0.0,0.0,0.0,0.0,0,43456.0
0,0,13,9,8,0,0,0,0,0,0,0,0,0,0,0,0,0,0,0,0,0,1,6,0.0,0.0,0.0,0.0,1.0,0.0,1.0,4,61,1.0,0.0,1.0,0.26,0.0,0.0,0.0,0.0,1,9315.0
0,1,44,5,0,0,0,0,0,0,0,0,0,0,0,0,0,0,0,0,0,0,226,18,1.0,1.0,0.0,0.0,0.08,0.06,0.0,255,18,0.07,0.07,0.0,0.0,1.0,1.0,0.0,0.0,1,12023.0
1,1,49,9,1036,337,0,0,0,0,0,1,0,0,0,0,0,0,0,0,0,0,1,2,0.0,0.0,0.0,0.0,1.0,0.0,1.0,122,100,0.42,0.07,0.01,0.02,0.01,0.01,0.01,0.0,0,50207.0
0,1,22,9,218,342,0,0,0,0,0,1,0,0,0,0,0,0,0,0,0,0,3,3,0.0,0.0,0.0,0.0,1.0,0.0,0.0,255,255,1.0,0.0,0.0,0.0,0.0,0.0,0.0,0.0,0,120519.0
0,1,3,9,10,35,0,0,0,0,0,1,0,0,0,0,0,0,0,0,0,0,1,1,0.0,0.0,0.0,0.0,1.0,0.0,0.0,107,7,0.03,0.05,0.01,0.29,0.0,0.0,0.0,0.0,0,48321.0
0,1,44,5,0,0,0,0,0,0,0,0,0,0,0,0,0,0,0,0,0,0,115,18,1.0,1.0,0.0,0.0,0.16,0.07,0.0,255,6,0.02,0.08,0.0,0.0,1.0,1.0,0.0,0.0,1,36871.0
0,1,22,9,295,8091,0,0,0,0,0,1,0,0,0,0,0,0,0,0,0,0,3,3,0.0,0.0,0.0,0.0,1.0,0.0,0.0,59,255,1.0,0.0,0.02,0.01,0.0,0.0,0.0,0.0,0,16811.0
0,1,22,5,0,0,0,0,0,0,0,0,0,0,0,0,0,0,0,0,0,0,40,20,1.0,1.0,0.0,0.0,0.5,0.05,0.0,255,71,0.28,0.02,0.01,0.0,1.0,1.0,0.0,0.0,1,25056.0
0,1,49,9,2524,389,0,0,0,0,0,1,0,0,0,0,0,0,0,0,0,0,1,1,0.0,0.0,0.0,0.0,1.0,0.0,0.0,255,81,0.32,0.02,0.0,0.0,0.49,0.0,0.0,0.0,0,89372.0
0,2,11,9,45,45,0,0,0,0,0,0,0,0,0,0,0,0,0,0,0,0,110,192,0.0,0.0,0.0,0.0,1.0,0.0,0.02,255,254,1.0,0.01,0.01,0.0,0.0,0.0,0.0,0.0,0,12392.0
0,1,24,5,0,0,0,0,0,0,0,0,0,0,0,0,0,0,0,0,0,0,271,14,1.0,1.0,0.0,0.0,0.05,0.06,0.0,255,14,0.05,0.06,0.0,0.0,1.0,1.0,0.0,0.0,1,1537.0
0,1,22,9,217,1514,0,0,0,0,0,1,0,0,0,0,0,0,0,0,0,0,7,7,0.0,0.0,0.0,0.0,1.0,0.0,0.0,25,255,1.0,0.0,0.04,0.04,0.0,0.0,0.0,0.0,0,71781.0
0,1,49,9,894,477,0,0,0,0,0,1,0,0,0,0,0,0,0,0,0,0,1,3,0.0,0.0,0.0,0.0,1.0,0.0,1.0,168,129,0.39,0.02,0.01,0.02,0.01,0.0,0.29,0.0,0,81048.0
0,1,22,9,331,2514,0,0,0,0,0,1,0,0,0,0,0,0,0,0,0,0,17,17,0.0,0.0,0.0,0.0,1.0,0.0,0.0,255,255,1.0,0.0,0.0,0.0,0.0,0.0,0.0,0.0,0,78409.0
0,1,22,1,0,0,0,0,0,0,0,0,0,0,0,0,0,0,0,0,0,0,1,2,0.0,0.0,1.0,1.0,1.0,0.0,1.0,15,5,0.33,0.2,0.07,0.0,0.0,0.0,0.33,1.0,0,69190.0
0,2,11,9,33,0,0,0,0,0,0,0,0,0,0,0,0,0,0,0,0,0,1,3,0.0,0.0,0.0,0.0,1.0,0.0,0.67,43,38,0.26,0.09,0.26,0.08,0.0,0.0,0.0,0.0,0,8459.0
0,1,17,5,0,0,0,0,0,0,0,0,0,0,0,0,0,0,0,0,0,0,76,20,0.99,1.0,0.01,0.0,0.26,0.07,0.0,255,38,0.15,0.05,0.0,0.0,1.0,1.0,0.0,0.0,1,74998.0
0,0,14,9,1032,0,0,0,0,0,0,0,0,0,0,0,0,0,0,0,0,0,510,510,0.0,0.0,0.0,0.0,1.0,0.0,0.0,255,228,0.89,0.02,0.89,0.0,0.0,0.0,0.0,0.0,1,94155.0
0,1,22,9,244,458,0,0,0,0,0,1,0,0,0,0,0,0,0,0,0,0,3,7,0.0,0.0,0.0,0.0,1.0,0.0,0.43,26,255,1.0,0.0,0.04,0.03,0.0,0.0,0.0,0.0,0,54602.0
0,1,22,9,231,561,0,0,0,0,0,1,0,0,0,0,0,0,0,0,0,0,11,12,0.0,0.0,0.0,0.0,1.0,0.0,0.17,11,251,1.0,0.0,0.09,0.06,0.0,0.0,0.0,0.0,0,51074.0
0,2,11,9,42,42,0,0,0,0,0,0,0,0,0,0,0,0,0,0,0,0,9,16,0.0,0.0,0.0,0.0,1.0,0.0,0.25,250,248,0.99,0.01,0.0,0.0,0.0,0.0,0.0,0.0,0,7638.0
0,0,13,9,18,0,0,0,0,0,0,0,0,0,0,0,0,0,0,0,0,0,1,1,0.0,0.0,0.0,0.0,1.0,0.0,0.0,1,205,1.0,0.0,1.0,1.0,0.0,0.0,0.0,0.0,1,52286.0
0,1,22,9,336,2103,0,0,0,0,0,1,0,0,0,0,0,0,0,0,0,0,6,7,0.17,0.29,0.0,0.0,1.0,0.0,0.29,172,255,1.0,0.0,0.01,0.02,0.01,0.01,0.01,0.0,0,115786.0
619,2,40,9,145,105,0,0,0,0,0,0,0,0,0,0,0,0,0,0,0,0,1,1,0.0,0.0,0.0,0.0,1.0,0.0,0.0,255,1,0.0,0.43,0.8,0.0,0.0,0.0,0.0,0.0,0,25490.0
0,1,44,5,0,0,0,0,0,0,0,0,0,0,0,0,0,0,0,0,0,0,106,16,1.0,1.0,0.0,0.0,0.15,0.07,0.0,255,5,0.02,0.07,0.0,0.0,1.0,1.0,0.0,0.0,1,117151.0
0,1,44,5,0,0,0,0,0,0,0,0,0,0,0,0,0,0,0,0,0,0,20,6,1.0,1.0,0.0,0.0,0.3,0.2,0.0,255,6,0.02,0.08,0.0,0.0,1.0,1.0,0.0,0.0,1,31781.0
0,1,17,5,0,0,0,0,0,0,0,0,0,0,0,0,0,0,0,0,0,0,104,15,1.0,1.0,0.0,0.0,0.14,0.06,0.0,255,4,0.02,0.07,0.0,0.0,1.0,1.0,0.0,0.0,1,124239.0
2625,2,40,9,146,105,0,0,0,0,0,0,0,0,0,0,0,0,0,0,0,0,3,2,0.0,0.0,0.0,0.0,0.67,0.67,0.0,255,2,0.01,0.86,0.98,0.0,0.0,0.0,0.0,0.0,0,35673.0
0,1,60,5,0,0,0,0,0,0,0,0,0,0,0,0,0,0,0,0,0,0,273,15,1.0,1.0,0.0,0.0,0.05,0.06,0.0,255,15,0.06,0.07,0.0,0.0,1.0,1.0,0.0,0.0,1,4257.0
0,1,22,9,402,511,0,0,0,0,0,1,0,0,0,0,0,0,0,0,0,0,15,15,0.0,0.0,0.0,0.0,1.0,0.0,0.0,141,247,1.0,0.0,0.01,0.11,0.0,0.0,0.09,0.48,0,110995.0
0,1,49,9,806,361,0,0,0,0,0,1,0,0,0,0,0,0,0,0,0,0,1,1,0.0,0.0,0.0,0.0,1.0,0.0,0.0,43,19,0.44,0.07,0.02,0.0,0.0,0.0,0.0,0.0,0,103545.0
0,1,44,1,0,0,0,0,0,0,0,0,0,0,0,0,0,0,0,0,0,0,192,12,0.0,0.0,1.0,1.0,0.06,0.07,0.0,255,12,0.05,0.08,0.0,0.0,0.0,0.0,1.0,1.0,1,35292.0
0,1,15,1,0,0,0,0,0,0,0,0,0,0,0,0,0,0,0,0,0,0,75,7,0.0,0.0,1.0,1.0,0.09,0.07,0.0,255,7,0.03,0.07,0.0,0.0,0.0,0.0,1.0,1.0,1,40749.0
0,0,14,9,1032,0,0,0,0,0,0,0,0,0,0,0,0,0,0,0,0,0,255,255,0.0,0.0,0.0,0.0,1.0,0.0,0.0,255,255,1.0,0.0,1.0,0.0,0.0,0.0,0.0,0.0,1,76945.0
0,1,22,9,197,1108,0,0,0,0,0,1,0,0,0,0,0,0,0,0,0,0,4,4,0.0,0.0,0.0,0.0,1.0,0.0,0.0,207,255,1.0,0.0,0.0,0.01,0.0,0.0,0.0,0.0,0,107441.0
0,1,22,9,199,337,0,0,0,0,0,1,0,0,0,0,0,0,0,0,0,0,25,25,0.0,0.0,0.0,0.0,1.0,0.0,0.0,255,255,1.0,0.0,0.0,0.0,0.0,0.0,0.0,0.0,0,92891.0
0,2,11,9,45,135,0,0,0,0,0,0,0,0,0,0,0,0,0,0,0,0,182,181,0.0,0.0,0.0,0.0,0.99,0.01,0.0,213,180,0.85,0.01,0.0,0.0,0.0,0.0,0.0,0.0,0,115776.0
0,1,22,9,301,3748,0,0,0,0,0,1,0,0,0,0,0,0,0,0,0,0,8,8,0.0,0.0,0.0,0.0,1.0,0.0,0.0,8,255,1.0,0.0,0.12,0.01,0.0,0.0,0.0,0.0,0,85924.0
14462,1,40,4,1,0,0,0,0,0,0,0,0,0,0,0,0,0,0,0,0,0,2,2,0.0,0.0,1.0,1.0,1.0,0.0,0.0,255,2,0.01,0.68,1.0,0.0,0.0,0.0,1.0,1.0,1,21740.0
0,1,49,9,1737,333,0,0,0,0,0,1,0,0,0,0,0,0,0,0,0,0,1,1,0.0,0.0,0.0,0.0,1.0,0.0,0.0,91,65,0.71,0.08,0.01,0.0,0.0,0.0,0.0,0.0,0,33856.0
21,1,18,9,245,777,0,0,0,4,0,1,0,0,0,0,0,0,0,0,0,1,1,1,0.0,0.0,0.0,0.0,1.0,0.0,0.0,2,2,1.0,0.0,0.5,0.0,0.0,0.0,0.0,0.0,0,59251.0
0,1,49,9,825,336,0,0,0,0,0,1,0,0,0,0,0,0,0,0,0,0,2,1,0.0,0.0,0.0,0.0,0.5,1.0,0.0,24,134,0.83,0.12,0.04,0.01,0.0,0.0,0.0,0.0,0,34986.0
0,1,22,9,208,431,0,0,0,0,0,1,0,0,0,0,0,0,0,0,0,0,11,20,0.0,0.0,0.0,0.0,1.0,0.0,0.1,255,255,1.0,0.0,0.0,0.0,0.0,0.0,0.0,0.0,0,111142.0
0,1,22,9,215,1425,0,0,0,0,0,1,0,0,0,0,0,0,0,0,0,0,15,15,0.0,0.0,0.0,0.0,1.0,0.0,0.0,255,255,1.0,0.0,0.0,0.0,0.0,0.0,0.0,0.0,0,3139.0
0,1,44,5,0,0,0,0,0,0,0,0,0,0,0,0,0,0,0,0,0,0,154,16,1.0,1.0,0.0,0.0,0.1,0.05,0.0,255,16,0.06,0.05,0.0,0.0,1.0,1.0,0.0,0.0,1,74260.0
0,1,22,9,266,1288,0,0,0,0,0,1,0,0,0,0,0,0,0,0,0,0,5,5,0.0,0.0,0.0,0.0,1.0,0.0,0.0,113,255,1.0,0.0,0.01,0.02,0.0,0.0,0.0,0.0,0,52318.0
0,1,22,9,276,602,0,0,0,0,0,1,0,0,0,0,0,0,0,0,0,0,1,13,0.0,0.0,0.0,0.0,1.0,0.0,0.23,20,255,1.0,0.0,0.05,0.01,0.0,0.0,0.0,0.0,0,65000.0
37770,1,44,4,1,0,0,0,0,0,0,0,0,0,0,0,0,0,0,0,0,0,2,2,0.0,0.0,1.0,1.0,1.0,0.0,0.0,255,2,0.01,0.5,1.0,0.0,0.0,0.0,1.0,1.0,1,44071.0
0,1,44,5,0,0,0,0,0,0,0,0,0,0,0,0,0,0,0,0,0,0,108,20,1.0,1.0,0.0,0.0,0.19,0.06,0.0,255,7,0.03,0.06,0.0,0.0,1.0,1.0,0.0,0.0,1,45145.0
0,2,44,9,1,0,0,0,0,0,0,0,0,0,0,0,0,0,0,0,0,0,25,9,0.0,0.0,0.0,0.0,0.36,0.12,0.0,255,9,0.04,0.63,0.42,0.0,0.05,0.0,0.53,0.0,1,62324.0
0,2,44,9,28,0,0,3,0,0,0,0,0,0,0,0,0,0,0,0,0,0,19,19,0.0,0.0,0.0,0.0,1.0,0.0,0.0,222,19,0.09,0.05,0.09,0.0,0.02,0.0,0.0,0.0,1,33542.0
0,1,59,2,0,0,0,0,0,0,0,0,0,0,0,0,0,0,0,0,0,0,117,12,0.0,0.0,1.0,1.0,0.1,0.08,0.0,255,12,0.05,0.07,0.0,0.0,0.0,0.0,1.0,1.0,1,93809.0
0,1,19,9,35195,0,0,0,0,0,0,0,0,0,0,0,0,0,0,0,0,0,22,22,0.0,0.0,0.0,0.0,1.0,0.0,0.0,207,98,0.47,0.03,0.47,0.0,0.0,0.0,0.0,0.0,0,94521.0
0,1,19,9,15876,0,0,0,0,0,0,0,0,0,0,0,0,0,0,0,0,0,16,16,0.0,0.0,0.0,0.0,1.0,0.0,0.0,245,68,0.28,0.02,0.28,0.0,0.0,0.0,0.0,0.0,0,55230.0
0,0,14,9,1032,0,0,0,0,0,0,0,0,0,0,0,0,0,0,0,0,0,511,511,0.0,0.0,0.0,0.0,1.0,0.0,0.0,255,117,0.46,0.01,0.46,0.0,0.0,0.0,0.0,0.0,1,93104.0
0,1,22,9,223,160,0,0,0,0,0,1,0,0,0,0,0,0,0,0,0,0,1,37,0.0,0.0,0.0,0.0,1.0,0.0,0.05,21,255,1.0,0.0,0.05,0.04,0.0,0.0,0.0,0.0,0,79655.0
0,0,13,9,30,0,0,0,0,0,0,0,0,0,0,0,0,0,0,0,0,0,5,1,0.0,0.0,0.0,0.0,0.2,0.6,0.0,255,4,0.02,0.01,0.11,0.0,0.0,0.0,0.0,0.0,0,51327.0
0,1,26,5,0,0,0,0,0,0,0,0,0,0,0,0,0,0,0,0,0,0,137,24,1.0,1.0,0.0,0.0,0.18,0.05,0.0,255,24,0.09,0.05,0.0,0.0,1.0,1.0,0.0,0.0,1,121707.0
0,1,44,1,0,0,0,0,0,0,0,0,0,0,0,0,0,0,0,0,0,0,111,8,0.0,0.0,1.0,1.0,0.07,0.07,0.0,86,8,0.09,0.09,0.01,0.0,0.0,0.0,1.0,1.0,1,34328.0
9455,1,40,4,1,0,0,0,0,0,0,0,0,0,0,0,0,0,0,0,0,0,2,2,0.0,0.0,1.0,1.0,1.0,0.0,0.0,255,2,0.01,0.74,1.0,0.0,0.0,0.0,1.0,1.0,1,14458.0
0,1,22,9,319,4509,0,0,0,0,0,1,0,0,0,0,0,0,0,0,0,0,6,13,0.0,0.0,0.0,0.0,1.0,0.0,0.23,26,255,1.0,0.0,0.04,0.03,0.0,0.0,0.0,0.0,0,7883.0
0,1,51,1,0,0,0,0,0,0,0,0,0,0,0,0,0,0,0,0,0,0,119,9,0.0,0.0,1.0,1.0,0.08,0.08,0.0,255,9,0.04,0.07,0.0,0.0,0.0,0.0,1.0,1.0,1,31688.0
0,1,44,1,0,0,0,0,0,0,0,0,0,0,0,0,0,0,0,0,0,0,244,14,0.0,0.0,1.0,1.0,0.06,0.06,0.0,255,14,0.05,0.08,0.0,0.0,0.0,0.0,1.0,1.0,1,49398.0
0,2,11,9,35,91,0,0,0,0,0,0,0,0,0,0,0,0,0,0,0,0,1,4,0.0,0.0,0.0,0.0,1.0,0.0,0.75,255,249,0.98,0.01,0.01,0.0,0.0,0.0,0.0,0.0,0,24064.0
0,0,14,9,1480,0,0,1,0,0,0,0,0,0,0,0,0,0,0,0,0,0,1,3,0.0,0.0,0.0,0.0,1.0,0.0,0.67,3,151,1.0,0.0,1.0,0.08,0.0,0.0,0.0,0.0,1,103784.0
0,1,49,9,2372,329,0,0,0,0,0,1,0,0,0,0,0,0,0,0,0,0,1,1,0.0,0.0,0.0,0.0,1.0,0.0,0.0,93,62,0.67,0.05,0.01,0.0,0.0,0.0,0.0,0.0,0,74563.0
0,2,44,9,1,0,0,0,0,0,0,0,0,0,0,0,0,0,0,0,0,0,10,2,0.0,0.0,0.0,0.0,0.2,0.7,0.0,255,2,0.01,0.37,0.8,0.0,0.02,0.0,0.18,0.0,1,105354.0
0,2,11,9,36,0,0,0,0,0,0,0,0,0,0,0,0,0,0,0,0,0,5,5,0.0,0.0,0.0,0.0,1.0,0.0,0.0,44,148,1.0,0.0,1.0,0.01,0.0,0.0,0.0,0.0,0,13761.0
0,1,37,5,0,0,0,0,0,0,0,0,0,0,0,0,0,0,0,0,0,0,122,6,1.0,1.0,0.0,0.0,0.05,0.07,0.0,255,6,0.02,0.08,0.0,0.0,1.0,1.0,0.0,0.0,1,84796.0
0,1,49,9,3312,481,0,0,0,0,0,1,0,0,0,0,0,0,0,0,0,0,1,3,0.0,0.0,0.0,0.0,1.0,0.0,1.0,255,30,0.12,0.02,0.0,0.0,0.0,0.0,0.74,0.0,0,76270.0
0,1,19,5,0,0,0,0,0,0,0,0,0,0,0,0,0,0,0,0,0,0,29,7,1.0,1.0,0.0,0.0,0.24,0.14,0.0,255,47,0.18,0.04,0.01,0.0,1.0,1.0,0.0,0.0,1,18422.0
0,1,35,5,0,0,0,0,0,0,0,0,0,0,0,0,0,0,0,0,0,0,298,15,1.0,1.0,0.0,0.0,0.05,0.05,0.0,255,9,0.04,0.07,0.0,0.0,1.0,1.0,0.0,0.0,1,47576.0
0,1,22,9,208,1415,0,0,0,0,0,1,0,0,0,0,0,0,0,0,0,0,11,11,0.0,0.0,0.0,0.0,1.0,0.0,0.0,234,234,1.0,0.0,0.0,0.0,0.0,0.0,0.0,0.0,0,35639.0
0,1,22,9,301,587,0,0,0,0,0,1,0,0,0,0,0,0,0,0,0,0,40,40,0.0,0.0,0.0,0.0,1.0,0.0,0.0,40,255,1.0,0.0,0.03,0.03,0.0,0.0,0.0,0.0,0,24638.0
0,1,40,1,0,0,0,0,0,0,0,0,0,0,0,0,0,0,0,0,0,0,508,1,0.07,0.0,0.93,1.0,0.0,1.0,0.0,255,1,0.0,1.0,0.0,0.0,0.09,0.0,0.91,1.0,1,19779.0
0,1,44,1,0,0,0,0,0,0,0,0,0,0,0,0,0,0,0,0,0,0,202,11,0.0,0.0,1.0,1.0,0.05,0.07,0.0,255,11,0.04,0.07,0.0,0.0,0.0,0.0,1.0,1.0,1,65662.0
0,1,60,1,0,0,0,0,0,0,0,0,0,0,0,0,0,0,0,0,0,0,247,8,0.0,0.0,1.0,1.0,0.03,0.07,0.0,255,8,0.03,0.07,0.0,0.0,0.0,0.0,1.0,1.0,1,1354.0
0,1,22,9,217,366,0,0,0,0,0,1,0,0,0,0,0,0,0,0,0,0,9,9,0.0,0.0,0.0,0.0,1.0,0.0,0.0,255,255,1.0,0.0,0.0,0.0,0.0,0.0,0.0,0.0,0,101805.0
0,1,44,5,0,0,0,0,0,0,0,0,0,0,0,0,0,0,0,0,0,0,119,9,1.0,1.0,0.0,0.0,0.08,0.06,0.0,255,10,0.04,0.07,0.0,0.0,1.0,1.0,0.0,0.0,1,68121.0
0,1,22,1,0,0,0,0,0,0,0,0,0,0,0,0,0,0,0,0,0,0,1,1,0.0,0.0,1.0,1.0,1.0,0.0,0.0,3,233,1.0,0.0,0.33,0.09,0.0,0.0,1.0,0.98,0,29215.0
0,2,11,9,45,83,0,0,0,0,0,0,0,0,0,0,0,0,0,0,0,0,200,200,0.0,0.0,0.0,0.0,1.0,0.0,0.0,255,254,1.0,0.01,0.0,0.0,0.0,0.0,0.0,0.0,0,97845.0
0,1,40,1,0,0,0,0,0,0,0,0,0,0,0,0,0,0,0,0,0,0,496,1,0.07,0.0,0.93,1.0,0.0,1.0,0.0,255,1,0.0,1.0,0.0,0.0,0.04,0.0,0.96,1.0,1,11133.0
0,1,38,5,0,0,0,0,0,0,0,0,0,0,0,0,0,0,0,0,0,0,225,7,1.0,1.0,0.0,0.0,0.03,0.06,0.0,255,14,0.05,0.07,0.0,0.0,1.0,1.0,0.0,0.0,1,48063.0
17,1,55,9,104,2827,0,0,0,0,0,1,0,0,0,0,0,0,0,0,0,0,1,1,0.0,0.0,0.0,0.0,1.0,0.0,0.0,53,4,0.04,0.08,0.02,0.75,0.0,0.25,0.0,0.0,0,15519.0
0,1,49,9,1252,332,0,0,0,0,0,1,0,0,0,0,0,0,0,0,0,0,2,1,0.0,0.0,0.0,0.0,0.5,1.0,0.0,1,137,1.0,0.0,1.0,0.01,0.0,0.01,0.0,0.0,0,74887.0
0,1,22,9,318,7939,0,0,0,0,0,1,0,0,0,0,0,0,0,0,0,0,3,5,0.0,0.0,0.0,0.0,1.0,0.0,0.4,122,255,1.0,0.0,0.01,0.05,0.0,0.0,0.0,0.0,0,7793.0
0,1,6,5,0,0,0,0,0,0,0,0,0,0,0,0,0,0,0,0,0,0,33,6,1.0,1.0,0.0,0.0,0.18,0.15,0.0,255,7,0.03,0.08,0.0,0.0,1.0,1.0,0.0,0.0,1,20522.0
0,2,11,9,43,131,0,0,0,0,0,0,0,0,0,0,0,0,0,0,0,0,2,2,0.0,0.0,0.0,0.0,1.0,0.0,0.0,124,72,0.58,0.03,0.01,0.0,0.0,0.0,0.0,0.0,0,97500.0
0,1,22,9,236,35870,0,0,0,0,0,1,0,0,0,0,0,0,0,0,0,0,1,1,0.0,0.0,0.0,0.0,1.0,0.0,0.0,190,255,1.0,0.0,0.01,0.02,0.01,0.0,0.0,0.0,0,110160.0
0,1,22,9,145,2438,0,0,0,0,0,1,0,0,0,0,0,0,0,0,0,0,4,11,0.25,0.09,0.0,0.0,1.0,0.0,0.18,2,255,1.0,0.0,0.5,0.04,0.0,0.0,0.0,0.0,0,96163.0
0,1,22,9,311,14952,0,0,0,0,0,1,0,0,0,0,0,0,0,0,0,0,12,12,0.0,0.0,0.0,0.0,1.0,0.0,0.0,118,254,1.0,0.0,0.01,0.02,0.0,0.0,0.0,0.0,0,51921.0
0,2,11,9,45,131,0,0,0,0,0,0,0,0,0,0,0,0,0,0,0,0,109,191,0.0,0.0,0.0,0.0,1.0,0.0,0.02,255,254,1.0,0.01,0.0,0.0,0.0,0.0,0.0,0.0,0,56366.0
0,1,22,9,308,301,0,0,0,0,0,1,0,0,0,0,0,0,0,0,0,0,1,17,0.0,0.0,0.0,0.0,1.0,0.0,0.18,8,255,1.0,0.0,0.12,0.04,0.0,0.01,0.0,0.0,0,104402.0
0,1,38,5,0,0,0,0,0,0,0,0,0,0,0,0,0,0,0,0,0,0,242,17,1.0,1.0,0.0,0.0,0.07,0.07,0.0,255,17,0.07,0.07,0.0,0.0,1.0,1.0,0.0,0.0,1,10798.0
0,1,54,5,0,0,0,0,0,0,0,0,0,0,0,0,0,0,0,0,0,0,266,24,1.0,1.0,0.0,0.0,0.09,0.05,0.0,255,24,0.09,0.05,0.0,0.0,1.0,1.0,0.0,0.0,1,110111.0
0,1,48,5,0,0,0,0,0,0,0,0,0,0,0,0,0,0,0,0,0,0,17,11,1.0,1.0,0.0,0.0,0.65,0.18,0.0,255,11,0.04,0.07,0.0,0.0,1.0,1.0,0.0,0.0,1,86432.0
0,2,11,9,43,75,0,0,0,0,0,0,0,0,0,0,0,0,0,0,0,0,192,192,0.0,0.0,0.0,0.0,0.99,0.01,0.01,255,254,1.0,0.01,0.0,0.0,0.0,0.0,0.0,0.0,0,8432.0
0,1,22,9,54540,8314,0,0,0,2,0,1,1,0,0,0,0,0,0,0,0,0,5,4,0.0,0.0,0.0,0.0,0.8,0.4,0.0,66,66,1.0,0.0,0.02,0.0,0.0,0.0,0.03,0.03,1,116991.0
0,1,19,9,10389,0,0,0,0,0,0,0,0,0,0,0,0,0,0,0,0,0,6,6,0.0,0.0,0.0,0.0,1.0,0.0,0.0,103,63,0.22,0.06,0.22,0.03,0.01,0.02,0.0,0.0,0,1237.0
0,1,49,9,753,326,0,0,0,0,0,1,0,0,0,0,0,0,0,0,0,0,1,1,0.0,0.0,0.0,0.0,1.0,0.0,0.0,37,16,0.43,0.08,0.03,0.0,0.0,0.0,0.0,0.0,0,106909.0
6,1,17,9,0,0,0,0,0,0,0,0,0,0,0,0,0,0,0,0,0,0,1,1,0.0,0.0,0.0,0.0,1.0,0.0,0.0,60,3,0.02,1.0,0.02,0.67,0.0,0.0,0.9,0.0,1,110282.0
0,1,38,2,0,0,0,0,0,0,0,0,0,0,0,0,0,0,0,0,0,0,165,1,0.0,0.0,1.0,1.0,0.01,0.07,0.0,255,1,0.0,0.07,0.0,0.0,0.0,0.0,1.0,1.0,1,114479.0
0,0,13,9,8,0,0,0,0,0,0,0,0,0,0,0,0,0,0,0,0,0,1,17,0.0,0.0,0.0,0.0,1.0,0.0,1.0,1,75,1.0,0.0,1.0,0.51,0.0,0.0,0.0,0.0,1,97841.0
0,1,22,1,0,0,0,0,0,0,0,0,0,0,0,0,0,0,0,0,0,0,1,1,0.0,0.0,1.0,1.0,1.0,0.0,0.0,49,255,1.0,0.0,0.02,0.05,0.0,0.0,0.27,0.79,0,114195.0
0,1,44,10,0,0,0,0,0,0,0,0,0,0,0,0,0,0,0,0,0,0,1,1,1.0,1.0,0.0,0.0,1.0,0.0,0.0,138,1,0.01,0.93,0.94,0.0,0.94,1.0,0.0,0.0,1,54802.0
5,2,44,9,105,147,0,0,0,0,0,0,0,0,0,0,0,0,0,0,0,0,2,2,0.0,0.0,0.0,0.0,1.0,0.0,0.0,255,216,0.85,0.01,0.01,0.0,0.0,0.0,0.0,0.0,0,72758.0
0,1,10,9,48,500,0,0,0,0,0,1,0,0,0,0,0,0,0,0,0,0,27,1,0.0,0.0,0.0,0.0,0.04,0.07,0.0,255,1,0.0,0.01,0.0,0.0,0.0,0.0,0.0,0.0,0,112859.0
29053,1,0,4,3848,6335,0,0,0,0,0,1,0,0,0,0,0,0,0,0,0,0,12,5,0.0,0.0,0.33,0.8,0.42,0.17,0.0,147,25,0.17,0.02,0.01,0.0,0.0,0.0,0.12,0.72,0,3084.0
0,1,49,9,977,327,0,0,0,0,0,1,0,0,0,0,0,0,1,0,0,0,1,1,0.0,0.0,0.0,0.0,1.0,0.0,0.0,255,196,0.77,0.02,0.0,0.0,0.0,0.0,0.0,0.0,0,51986.0
0,1,22,9,231,12212,0,0,0,0,0,1,0,0,0,0,0,0,0,0,0,0,3,3,0.0,0.0,0.0,0.0,1.0,0.0,0.0,255,255,1.0,0.0,0.0,0.0,0.0,0.0,0.0,0.0,0,93359.0
0,1,44,1,0,0,0,0,0,0,0,0,0,0,0,0,0,0,0,0,0,0,156,1,0.05,0.0,0.94,1.0,0.01,1.0,0.0,255,1,0.0,0.8,0.0,0.0,0.03,0.0,0.58,1.0,1,95147.0
0,1,19,9,501760,0,0,0,0,0,0,1,0,0,0,0,0,0,0,0,0,0,2,2,0.0,0.0,0.0,0.0,1.0,0.0,0.0,106,39,0.25,0.04,0.25,0.05,0.0,0.0,0.0,0.0,0,101674.0
0,1,22,9,502,5184,0,0,0,0,0,1,0,0,0,0,0,0,0,0,0,0,2,3,0.0,0.0,0.0,0.0,1.0,0.0,0.67,255,255,1.0,0.0,0.0,0.0,0.0,0.0,0.0,0.0,0,28462.0
2230,2,40,9,146,105,0,0,0,0,0,0,0,0,0,0,0,0,0,0,0,0,3,1,0.0,0.0,0.0,0.0,0.33,0.67,0.0,255,1,0.0,0.86,1.0,0.0,0.0,0.0,0.0,0.0,0,35852.0
0,2,44,9,1,0,0,0,0,0,0,0,0,0,0,0,0,0,0,0,0,0,59,5,0.0,0.0,0.0,0.0,0.08,0.08,0.0,255,5,0.02,0.22,0.83,0.0,0.0,0.0,0.17,0.0,1,117084.0
0,1,44,5,0,0,0,0,0,0,0,0,0,0,0,0,0,0,0,0,0,0,198,8,1.0,1.0,0.0,0.0,0.04,0.07,0.0,255,8,0.03,0.06,0.0,0.0,1.0,1.0,0.0,0.0,1,27845.0
36,2,11,9,45,42,0,0,0,0,0,0,0,0,0,0,0,0,0,0,0,0,1,2,0.0,0.0,0.0,0.0,1.0,0.0,1.0,255,255,1.0,0.0,0.04,0.0,0.0,0.0,0.0,0.0,0,118577.0
0,1,17,5,0,0,0,0,0,0,0,0,0,0,0,0,0,0,0,0,0,0,252,6,1.0,1.0,0.0,0.0,0.02,0.05,0.0,255,6,0.02,0.05,0.0,0.0,1.0,1.0,0.0,0.0,1,53047.0
0,1,49,9,1439,333,0,0,0,0,0,1,0,0,0,0,0,0,0,0,0,0,1,1,0.0,0.0,0.0,0.0,1.0,0.0,0.0,13,8,0.62,0.23,0.08,0.0,0.0,0.0,0.0,0.0,0,107695.0
0,1,22,9,259,3051,0,0,0,0,0,1,0,0,0,0,0,0,0,0,0,0,2,2,0.0,0.0,0.0,0.0,1.0,0.0,0.0,47,255,1.0,0.0,0.02,0.02,0.0,0.0,0.0,0.0,0,75007.0
0,2,11,9,42,117,0,0,0,0,0,0,0,0,0,0,0,0,0,0,0,0,29,29,0.0,0.0,0.0,0.0,1.0,0.0,0.0,255,204,0.8,0.01,0.0,0.0,0.0,0.0,0.0,0.0,0,117210.0
0,1,44,5,0,0,0,0,0,0,0,0,0,0,0,0,0,0,0,0,0,0,237,12,1.0,1.0,0.0,0.0,0.05,0.05,0.0,178,12,0.07,0.07,0.01,0.0,0.92,1.0,0.01,0.0,1,118527.0
0,1,22,9,314,659,0,0,0,0,0,1,0,0,0,0,0,0,0,0,0,0,7,7,0.0,0.0,0.0,0.0,1.0,0.0,0.0,255,255,1.0,0.0,0.0,0.0,0.0,0.0,0.0,0.0,0,114793.0
0,1,40,1,0,0,0,0,0,0,0,0,0,0,0,0,0,0,0,0,0,0,509,1,0.22,0.0,0.78,1.0,0.0,1.0,0.0,255,1,0.0,1.0,0.0,0.0,0.16,0.0,0.84,1.0,1,124837.0
0,1,22,1,0,0,0,0,0,0,0,0,0,0,0,0,0,0,0,0,0,0,1,1,0.0,0.0,1.0,1.0,1.0,0.0,0.0,2,254,1.0,0.0,0.5,0.15,0.0,0.0,1.0,0.98,0,111939.0
0,1,53,5,0,0,0,0,0,0,0,0,0,0,0,0,0,0,0,0,0,0,233,2,1.0,1.0,0.0,0.0,0.01,0.07,0.0,255,2,0.01,0.07,0.0,0.0,1.0,1.0,0.0,0.0,1,75333.0
0,1,22,9,286,1308,0,0,0,0,0,1,0,0,0,0,0,0,0,0,0,0,17,17,0.0,0.0,0.0,0.0,1.0,0.0,0.0,86,255,1.0,0.0,0.01,0.02,0.0,0.0,0.0,0.0,0,122587.0
0,1,44,5,0,0,0,0,0,0,0,0,0,0,0,0,0,0,0,0,0,0,139,25,1.0,1.0,0.0,0.0,0.18,0.05,0.0,255,25,0.1,0.05,0.0,0.0,1.0,1.0,0.0,0.0,1,59727.0
0,1,8,2,0,0,0,0,0,0,0,0,0,0,0,0,0,0,0,0,0,0,146,17,0.0,0.0,1.0,1.0,0.12,0.05,0.0,255,11,0.04,0.06,0.0,0.0,0.0,0.0,1.0,1.0,1,76368.0
0,1,53,1,0,0,0,0,0,0,0,0,0,0,0,0,0,0,0,0,0,0,146,16,0.0,0.0,1.0,1.0,0.11,0.05,0.0,255,11,0.04,0.06,0.0,0.0,0.0,0.0,1.0,1.0,1,112931.0
0,1,22,9,347,1417,0,0,0,0,0,1,0,0,0,0,0,0,0,0,0,0,23,23,0.0,0.0,0.0,0.0,1.0,0.0,0.0,255,255,1.0,0.0,0.0,0.0,0.0,0.0,0.0,0.0,0,944.0
0,1,22,9,226,1066,0,0,0,0,0,1,0,0,0,0,0,0,0,0,0,0,8,37,0.12,0.05,0.0,0.0,1.0,0.0,0.19,43,55,1.0,0.0,0.02,0.09,0.02,0.04,0.0,0.0,0,125531.0
0,1,7,5,0,0,0,0,0,0,0,0,0,0,0,0,0,0,0,0,0,0,290,8,1.0,1.0,0.0,0.0,0.03,0.06,0.0,255,9,0.04,0.08,0.0,0.0,1.0,1.0,0.0,0.0,1,97100.0
0,1,22,9,233,5166,0,0,0,0,0,1,0,0,0,0,0,0,0,0,0,0,5,5,0.0,0.0,0.0,0.0,1.0,0.0,0.0,15,255,1.0,0.0,0.07,0.04,0.0,0.0,0.0,0.0,0,85555.0
0,1,44,5,0,0,0,0,0,0,0,0,0,0,0,0,0,0,0,0,0,0,120,2,1.0,1.0,0.0,0.0,0.02,0.07,0.0,255,13,0.05,0.05,0.0,0.0,1.0,1.0,0.0,0.0,1,18901.0
0,2,44,9,28,0,0,3,0,0,0,0,0,0,0,0,0,0,0,0,0,0,59,58,0.0,0.0,0.02,0.0,0.98,0.03,0.0,255,58,0.23,0.02,0.23,0.0,0.0,0.0,0.58,0.0,1,76455.0
0,1,9,5,0,0,0,0,0,0,0,0,0,0,0,0,0,0,0,0,0,0,214,1,1.0,1.0,0.0,0.0,0.0,0.07,0.0,255,1,0.0,0.07,0.0,0.0,1.0,1.0,0.0,0.0,1,46805.0
0,1,6,5,0,0,0,0,0,0,0,0,0,0,0,0,0,0,0,0,0,0,237,17,1.0,1.0,0.0,0.0,0.07,0.06,0.0,255,17,0.07,0.07,0.0,0.0,1.0,1.0,0.0,0.0,1,34202.0
0,1,22,9,328,413,0,0,0,0,0,1,0,0,0,0,0,0,0,0,0,0,2,2,0.0,0.0,0.0,0.0,1.0,0.0,0.0,2,38,1.0,0.0,0.5,0.24,0.0,0.0,0.0,0.0,0,12585.0
0,1,44,5,0,0,0,0,0,0,0,0,0,0,0,0,0,0,0,0,0,0,125,6,1.0,1.0,0.0,0.0,0.05,0.06,0.0,255,12,0.05,0.07,0.0,0.0,1.0,1.0,0.0,0.0,1,26389.0
0,1,5,5,0,0,0,0,0,0,0,0,0,0,0,0,0,0,0,0,0,0,130,6,1.0,1.0,0.0,0.0,0.05,0.06,0.0,255,6,0.02,0.06,0.0,0.0,1.0,1.0,0.0,0.0,1,123668.0
0,1,24,5,0,0,0,0,0,0,0,0,0,0,0,0,0,0,0,0,0,0,272,15,1.0,1.0,0.0,0.0,0.06,0.06,0.0,255,13,0.05,0.06,0.0,0.0,1.0,1.0,0.0,0.0,1,76425.0
0,1,17,2,0,0,0,0,0,0,0,0,0,0,0,0,0,0,0,0,0,0,141,16,0.0,0.0,1.0,1.0,0.11,0.06,0.0,255,16,0.06,0.07,0.0,0.0,0.0,0.0,1.0,1.0,1,30600.0
0,1,3,9,9,36,0,0,0,0,0,1,0,0,0,0,0,0,0,0,0,0,1,1,0.0,0.0,0.0,0.0,1.0,0.0,0.0,142,9,0.04,0.09,0.01,0.22,0.01,0.0,0.02,0.0,0,98101.0
0,1,22,9,331,13692,0,0,0,0,0,1,0,0,0,0,0,0,0,0,0,0,1,1,0.0,0.0,0.0,0.0,1.0,0.0,0.0,19,255,1.0,0.0,0.05,0.07,0.0,0.01,0.0,0.0,0,7221.0
0,2,44,9,105,145,0,0,0,0,0,0,0,0,0,0,0,0,0,0,0,0,1,1,0.0,0.0,0.0,0.0,1.0,0.0,0.0,31,23,0.74,0.1,0.03,0.0,0.0,0.0,0.0,0.0,0,123325.0
1,1,57,9,0,4,0,0,0,0,0,0,0,0,0,0,0,0,0,0,0,0,1,1,0.0,0.0,0.0,0.0,1.0,0.0,0.0,18,2,0.06,1.0,0.06,1.0,0.0,0.0,0.89,0.0,1,81795.0
0,1,49,9,1117,334,0,0,0,0,0,1,0,0,0,0,0,0,0,0,0,0,1,2,0.0,0.0,0.0,0.0,1.0,0.0,1.0,2,197,1.0,0.0,0.5,0.02,0.0,0.0,0.0,0.0,0,85884.0
0,1,22,9,204,605,0,0,0,0,0,1,0,0,0,0,0,0,0,0,0,0,14,14,0.07,0.07,0.0,0.0,1.0,0.0,0.0,43,255,1.0,0.0,0.02,0.04,0.02,0.0,0.0,0.0,0,58243.0
0,1,59,5,0,0,0,0,0,0,0,0,0,0,0,0,0,0,0,0,0,0,121,5,1.0,1.0,0.0,0.0,0.04,0.06,0.0,255,5,0.02,0.05,0.0,0.0,1.0,1.0,0.0,0.0,1,47409.0
1,1,55,9,106,2089,0,0,0,0,0,1,0,0,0,0,0,0,0,0,0,0,1,1,0.0,0.0,0.0,0.0,1.0,0.0,0.0,73,2,0.03,0.07,0.01,0.0,0.0,0.0,0.0,0.0,0,76866.0
0,0,14,9,520,0,0,0,0,0,0,0,0,0,0,0,0,0,0,0,0,0,446,446,0.0,0.0,0.0,0.0,1.0,0.0,0.0,150,150,1.0,0.0,1.0,0.0,0.0,0.0,0.0,0.0,1,111086.0
0,1,44,5,0,0,0,0,0,0,0,0,0,0,0,0,0,0,0,0,0,0,293,14,1.0,1.0,0.0,0.0,0.05,0.05,0.0,255,12,0.05,0.07,0.0,0.0,1.0,1.0,0.0,0.0,1,62385.0
0,0,13,9,30,0,0,0,0,0,0,0,0,0,0,0,0,0,0,0,0,0,8,1,0.0,0.0,0.0,0.0,0.12,0.38,0.0,255,2,0.01,0.01,0.09,0.0,0.0,0.0,0.0,0.0,0,88394.0
0,1,25,5,0,0,0,0,0,0,0,0,0,0,0,0,0,0,0,0,0,0,233,18,1.0,1.0,0.0,0.0,0.08,0.06,0.0,255,17,0.07,0.06,0.0,0.0,1.0,1.0,0.0,0.0,1,117716.0
0,1,55,5,0,0,0,0,0,0,0,0,0,0,0,0,0,0,0,0,0,0,21,11,1.0,1.0,0.0,0.0,0.52,0.1,0.0,255,62,0.24,0.02,0.01,0.0,1.0,1.0,0.0,0.0,1,43091.0
0,1,22,9,224,907,0,0,0,0,0,1,0,0,0,0,0,0,0,0,0,0,12,12,0.0,0.0,0.0,0.0,1.0,0.0,0.0,12,255,1.0,0.0,0.08,0.03,0.0,0.0,0.0,0.0,0,98268.0
0,1,37,5,0,0,0,0,0,0,0,0,0,0,0,0,0,0,0,0,0,0,33,13,1.0,1.0,0.0,0.0,0.39,0.12,0.0,255,13,0.05,0.08,0.0,0.0,1.0,1.0,0.0,0.0,1,25951.0
0,2,44,9,28,0,0,3,0,0,0,0,0,0,0,0,0,0,0,0,0,0,83,83,0.0,0.0,0.0,0.0,1.0,0.0,0.0,255,83,0.33,0.04,0.33,0.0,0.02,0.0,0.0,0.0,1,109985.0
0,1,17,9,9,269,0,0,0,0,0,0,0,0,0,0,0,0,0,0,0,0,1,1,0.0,0.0,0.0,0.0,1.0,0.0,0.0,254,6,0.02,0.02,0.0,0.0,0.0,0.0,0.05,0.0,0,5949.0
0,2,44,9,28,0,0,3,0,0,0,0,0,0,0,0,0,0,0,0,0,0,10,10,0.0,0.0,0.0,0.0,1.0,0.0,0.0,255,10,0.04,0.01,0.04,0.0,0.0,0.0,0.0,0.0,1,30242.0
0,1,27,5,0,0,0,0,0,0,0,0,0,0,0,0,0,0,0,0,0,0,140,8,1.0,1.0,0.0,0.0,0.06,0.06,0.0,255,8,0.03,0.06,0.0,0.0,1.0,1.0,0.0,0.0,1,97558.0
0,1,22,9,307,888,0,0,0,0,0,1,0,0,0,0,0,0,0,0,0,0,40,40,0.0,0.0,0.0,0.0,1.0,0.0,0.0,40,255,1.0,0.0,0.03,0.02,0.0,0.0,0.0,0.0,0,84481.0
0,1,22,9,237,406,0,0,0,0,0,1,0,0,0,0,0,0,0,0,0,0,1,26,0.0,0.0,0.0,0.0,1.0,0.0,0.15,56,255,1.0,0.0,0.02,0.07,0.0,0.0,0.98,1.0,0,9011.0
0,2,11,9,42,42,0,0,0,0,0,0,0,0,0,0,0,0,0,0,0,0,12,20,0.0,0.0,0.0,0.0,1.0,0.0,0.2,255,243,0.95,0.01,0.0,0.0,0.0,0.0,0.0,0.0,0,12913.0
0,2,11,9,91,0,0,0,0,0,0,0,0,0,0,0,0,0,0,0,0,0,2,2,0.0,0.0,0.0,0.0,1.0,0.0,0.0,71,45,0.63,0.03,0.63,0.0,0.0,0.0,0.0,0.0,0,12083.0
0,1,19,9,748,0,0,0,0,0,0,1,0,0,0,9,0,0,0,0,0,0,1,1,0.0,0.0,0.0,0.0,1.0,0.0,0.0,25,7,0.28,0.08,0.28,0.0,0.0,0.0,0.0,0.0,0,24213.0
0,1,22,9,325,12884,0,0,0,0,0,1,0,0,0,0,0,0,0,0,0,0,5,9,0.0,0.0,0.0,0.0,1.0,0.0,0.22,72,72,1.0,0.0,0.01,0.0,0.0,0.0,0.0,0.0,0,494.0
0,2,11,9,45,45,0,0,0,0,0,0,0,0,0,0,0,0,0,0,0,0,198,200,0.0,0.0,0.0,0.0,1.0,0.0,0.01,255,234,0.92,0.01,0.0,0.0,0.0,0.0,0.0,0.0,0,101865.0
0,1,2,1,0,0,0,0,0,0,0,0,0,0,0,0,0,0,0,0,0,0,249,5,0.0,0.0,1.0,1.0,0.02,0.06,0.0,255,5,0.02,0.07,0.0,0.0,0.0,0.0,1.0,1.0,1,122986.0
0,1,22,9,196,1280,0,0,0,0,0,1,0,0,0,0,0,0,0,0,0,0,28,30,0.0,0.0,0.0,0.0,1.0,0.0,0.1,65,255,1.0,0.0,0.02,0.04,0.0,0.0,0.0,0.0,0,115583.0
0,1,17,5,0,0,0,0,0,0,0,0,0,0,0,0,0,0,0,0,0,0,245,17,1.0,1.0,0.0,0.0,0.07,0.07,0.0,255,17,0.07,0.07,0.0,0.0,1.0,1.0,0.0,0.0,1,121768.0
0,1,22,6,236,14600,0,0,0,0,0,1,0,0,0,0,0,0,0,0,0,0,1,1,1.0,1.0,0.0,0.0,1.0,0.0,0.0,255,255,1.0,0.0,0.0,0.0,0.0,0.0,0.0,0.0,0,120080.0
0,1,36,5,0,0,0,0,0,0,0,0,0,0,0,0,0,0,0,0,0,0,280,5,1.0,1.0,0.0,0.0,0.02,0.06,0.0,255,5,0.02,0.07,0.0,0.0,1.0,1.0,0.0,0.0,1,56086.0
0,1,44,4,0,0,0,0,0,0,0,0,0,0,0,0,0,0,0,0,0,0,1,1,0.0,0.0,1.0,1.0,1.0,0.0,0.0,228,1,0.0,0.29,0.26,0.0,0.0,0.0,0.27,1.0,1,42507.0
5310,1,40,4,1,0,0,0,0,0,0,0,0,0,0,0,0,0,0,0,0,0,2,2,0.0,0.0,1.0,1.0,1.0,0.0,0.0,255,2,0.01,0.74,1.0,0.0,0.0,0.0,1.0,1.0,1,48890.0
13087,1,55,9,120,14731,0,0,0,0,0,1,2,0,0,2,0,0,0,0,0,0,1,1,0.0,0.0,0.0,0.0,1.0,0.0,0.0,43,6,0.14,0.09,0.02,0.0,0.0,0.0,0.0,0.0,0,105334.0
0,1,22,9,223,1540,0,0,0,0,0,1,0,0,0,0,0,0,0,0,0,0,36,41,0.0,0.0,0.0,0.0,1.0,0.0,0.12,255,255,1.0,0.0,0.0,0.0,0.0,0.0,0.0,0.0,0,118499.0
0,1,31,5,0,0,0,0,0,0,0,0,0,0,0,0,0,0,0,0,0,0,296,13,1.0,1.0,0.0,0.0,0.04,0.05,0.0,255,13,0.05,0.05,0.0,0.0,1.0,1.0,0.0,0.0,1,44108.0
0,1,10,5,0,0,0,0,0,0,0,0,0,0,0,0,0,0,0,0,0,0,225,19,1.0,1.0,0.0,0.0,0.08,0.05,0.0,255,19,0.07,0.05,0.0,0.0,1.0,1.0,0.0,0.0,1,48865.0
0,0,14,9,1032,0,0,0,0,0,0,0,0,0,0,0,0,0,0,0,0,0,511,511,0.0,0.0,0.0,0.0,1.0,0.0,0.0,255,232,0.91,0.05,0.91,0.0,0.0,0.0,0.0,0.0,1,120846.0
0,1,40,1,0,0,0,0,0,0,0,0,0,0,0,0,0,0,0,0,0,0,511,1,0.1,0.0,0.89,1.0,0.0,1.0,0.0,255,1,0.0,1.0,0.0,0.0,0.12,0.0,0.88,1.0,1,62237.0
0,1,44,5,0,0,0,0,0,0,0,0,0,0,0,0,0,0,0,0,0,0,141,20,1.0,1.0,0.0,0.0,0.14,0.04,0.0,255,20,0.08,0.04,0.0,0.0,1.0,1.0,0.0,0.0,1,25265.0
0,1,4,5,0,0,0,0,0,0,0,0,0,0,0,0,0,0,0,0,0,0,244,23,1.0,1.0,0.0,0.0,0.09,0.05,0.0,202,23,0.11,0.06,0.0,0.0,0.99,1.0,0.0,0.0,1,49671.0
0,1,22,9,196,6136,0,0,0,0,0,1,0,0,0,0,0,0,0,0,0,0,1,1,0.0,0.0,0.0,0.0,1.0,0.0,0.0,255,249,0.98,0.01,0.0,0.0,0.0,0.0,0.0,0.0,0,102074.0
0,0,13,9,8,0,0,0,0,0,0,0,0,0,0,0,0,0,0,0,0,0,1,2,0.0,0.0,0.0,0.0,1.0,0.0,1.0,2,72,1.0,0.0,1.0,0.5,0.0,0.0,0.0,0.0,1,32082.0
0,1,22,9,231,960,0,0,0,0,0,1,0,0,0,0,0,0,0,0,0,0,11,12,0.0,0.0,0.0,0.0,1.0,0.0,0.17,255,255,1.0,0.0,0.0,0.0,0.0,0.0,0.0,0.0,0,97754.0
0,1,44,5,0,0,0,0,0,0,0,0,0,0,0,0,0,0,0,0,0,0,137,1,1.0,1.0,0.0,0.0,0.01,0.06,0.0,255,10,0.04,0.08,0.0,0.0,1.0,1.0,0.0,0.0,1,101029.0
0,1,49,9,1396,333,0,0,0,0,0,1,0,0,0,0,0,0,0,0,0,0,1,1,0.0,0.0,0.0,0.0,1.0,0.0,0.0,5,143,1.0,0.0,0.2,0.02,0.0,0.0,0.0,0.0,0,61178.0
0,1,22,9,229,796,0,0,0,0,0,1,0,0,0,0,0,0,0,0,0,0,1,44,0.0,0.0,0.0,0.0,1.0,0.0,0.07,18,254,1.0,0.0,0.06,0.06,0.0,0.0,0.0,0.0,0,25565.0
0,1,3,1,0,0,0,0,0,0,0,0,0,0,0,0,0,0,0,0,0,0,280,16,0.0,0.0,1.0,1.0,0.06,0.06,0.0,255,16,0.06,0.07,0.0,0.0,0.0,0.0,1.0,1.0,1,122296.0
0,2,44,9,1,0,0,0,0,0,0,0,0,0,0,0,0,0,0,0,0,0,57,30,0.0,0.0,0.0,0.0,0.53,0.07,0.0,255,95,0.37,0.06,1.0,0.0,0.0,0.0,0.0,0.0,1,114314.0
0,1,22,9,318,762,0,0,0,0,0,1,0,0,0,0,0,0,0,0,0,0,32,32,0.0,0.0,0.0,0.0,1.0,0.0,0.0,255,255,1.0,0.0,0.0,0.0,0.0,0.0,0.0,0.0,0,49661.0
0,1,49,9,542,330,0,0,0,0,0,1,0,0,0,0,0,0,0,0,0,0,1,1,0.0,0.0,0.0,0.0,1.0,0.0,0.0,37,156,0.65,0.16,0.03,0.01,0.0,0.0,0.0,0.0,0,90483.0
0,1,22,9,214,296,0,0,0,0,0,1,0,0,0,0,0,0,0,0,0,0,3,3,0.0,0.0,0.0,0.0,1.0,0.0,0.0,84,137,1.0,0.0,0.01,0.07,0.0,0.0,0.0,0.0,0,11209.0
1,1,49,9,937,330,0,0,0,0,0,1,0,0,0,0,0,0,0,0,0,0,1,2,0.0,0.0,0.0,0.0,1.0,0.0,1.0,165,121,0.73,0.03,0.01,0.0,0.0,0.0,0.0,0.0,0,89475.0
0,1,49,9,2735,327,0,0,0,0,0,1,0,0,0,0,0,0,0,0,0,0,2,1,0.0,0.0,0.0,0.0,0.5,1.0,0.0,255,201,0.79,0.02,0.0,0.0,0.0,0.0,0.0,0.0,0,7825.0
0,1,49,5,0,0,0,0,0,0,0,0,0,0,0,0,0,0,0,0,0,0,2,2,0.5,0.5,0.0,0.0,1.0,0.0,0.0,255,9,0.04,0.64,0.01,0.0,0.0,0.11,0.0,0.0,1,17885.0
17,1,49,9,11975,1384,0,0,0,0,0,1,0,0,0,0,0,0,0,0,0,0,1,2,0.0,0.0,0.0,0.0,1.0,0.0,1.0,198,177,0.69,0.08,0.01,0.01,0.01,0.0,0.0,0.0,0,38961.0
0,1,22,9,205,6692,0,0,0,0,0,1,0,0,0,0,0,0,0,0,0,0,1,1,0.0,0.0,0.0,0.0,1.0,0.0,0.0,255,255,1.0,0.0,0.0,0.0,0.0,0.0,0.0,0.0,0,90915.0
0,1,19,9,13239,0,0,0,0,0,0,0,0,0,0,0,0,0,0,0,0,0,9,9,0.11,0.11,0.0,0.0,1.0,0.0,0.0,225,89,0.4,0.03,0.4,0.0,0.02,0.01,0.0,0.0,0,63262.0
11961,1,40,4,1,0,0,0,0,0,0,0,0,0,0,0,0,0,0,0,0,0,2,2,0.0,0.0,1.0,1.0,1.0,0.0,0.0,255,2,0.01,0.62,1.0,0.0,0.0,0.0,1.0,1.0,1,25851.0
0,1,55,5,0,0,0,0,0,0,0,0,0,0,0,0,0,0,0,0,0,0,1,1,1.0,1.0,0.0,0.0,1.0,0.0,0.0,3,3,1.0,0.0,0.33,0.0,0.33,0.33,0.0,0.0,1,44382.0
0,1,44,5,0,0,0,0,0,0,0,0,0,0,0,0,0,0,0,0,0,0,122,15,1.0,1.0,0.0,0.0,0.12,0.06,0.0,255,14,0.05,0.07,0.0,0.0,1.0,1.0,0.0,0.0,1,57459.0
0,1,44,1,0,0,0,0,0,0,0,0,0,0,0,0,0,0,0,0,0,0,74,1,0.09,0.0,0.91,1.0,0.01,1.0,0.0,255,1,0.0,0.56,0.0,0.0,0.03,0.0,0.27,1.0,1,103689.0
0,2,11,9,45,75,0,0,0,0,0,0,0,0,0,0,0,0,0,0,0,0,310,310,0.0,0.0,0.0,0.0,1.0,0.0,0.0,255,219,0.86,0.01,0.0,0.0,0.0,0.0,0.0,0.0,0,12105.0
3374,2,40,9,147,105,0,0,0,0,0,0,0,0,0,0,0,0,0,0,0,0,1,1,0.0,0.0,0.0,0.0,1.0,0.0,0.0,255,3,0.01,0.65,0.96,0.0,0.0,0.0,0.0,0.0,0,82673.0
0,1,22,9,199,12884,0,0,0,0,0,1,0,0,0,0,0,0,0,0,0,0,1,1,0.0,0.0,0.0,0.0,1.0,0.0,0.0,80,80,1.0,0.0,0.01,0.0,0.0,0.0,0.0,0.0,0,57586.0
0,1,44,5,0,0,0,0,0,0,0,0,0,0,0,0,0,0,0,0,0,0,114,5,1.0,1.0,0.0,0.0,0.04,0.06,0.0,116,5,0.04,0.07,0.01,0.0,1.0,1.0,0.0,0.0,1,33632.0
0,2,11,9,44,113,0,0,0,0,0,0,0,0,0,0,0,0,0,0,0,0,2,4,0.0,0.0,0.0,0.0,1.0,0.0,0.5,255,234,0.92,0.01,0.0,0.0,0.0,0.0,0.02,0.0,0,119489.0
0,1,44,5,0,0,0,0,0,0,0,0,0,0,0,0,0,0,0,0,0,0,276,10,1.0,1.0,0.0,0.0,0.04,0.06,0.0,255,5,0.02,0.07,0.0,0.0,1.0,1.0,0.0,0.0,1,47016.0
0,1,44,1,0,0,0,0,0,0,0,0,0,0,0,0,0,0,0,0,0,0,41,1,0.0,0.0,1.0,1.0,0.02,0.56,0.0,211,1,0.0,0.11,0.19,0.0,0.01,0.0,0.43,1.0,1,112103.0
2,1,49,9,2264,339,0,0,0,0,0,1,0,0,0,0,1,0,0,0,0,0,1,2,0.0,0.0,0.0,0.0,1.0,0.0,1.0,76,131,0.61,0.04,0.01,0.02,0.0,0.0,0.0,0.0,0,61905.0
0,2,11,9,43,43,0,0,0,0,0,0,0,0,0,0,0,0,0,0,0,0,115,195,0.0,0.0,0.0,0.0,0.99,0.02,0.01,255,254,1.0,0.01,0.01,0.0,0.0,0.0,0.0,0.0,0,45285.0
0,1,44,10,0,0,0,0,0,0,0,0,0,0,0,0,0,0,0,0,0,0,1,1,1.0,1.0,0.0,0.0,1.0,0.0,0.0,240,1,0.0,0.95,0.97,0.0,0.97,1.0,0.0,0.0,1,85708.0
0,1,44,5,0,0,0,0,0,0,0,0,0,0,0,0,0,0,0,0,0,0,80,2,1.0,1.0,0.0,0.0,0.03,0.06,0.0,255,19,0.07,0.08,0.0,0.0,1.0,1.0,0.0,0.0,1,100490.0
0,1,22,1,0,0,0,0,0,0,0,0,0,0,0,0,0,0,0,0,0,0,1,1,0.0,0.0,1.0,1.0,1.0,0.0,0.0,21,239,1.0,0.0,0.05,0.01,0.0,0.0,1.0,0.09,0,39359.0
0,1,4,1,0,0,0,0,0,0,0,0,0,0,0,0,0,0,0,0,0,0,279,20,0.0,0.0,1.0,1.0,0.07,0.06,0.0,255,20,0.08,0.07,0.0,0.0,0.0,0.0,1.0,1.0,1,14366.0
0,1,22,5,0,0,0,0,0,0,0,0,0,0,0,0,0,0,0,0,0,0,7,6,0.86,1.0,0.14,0.0,0.86,0.29,0.0,255,7,0.03,0.06,0.0,0.0,1.0,1.0,0.0,0.0,1,103298.0
0,1,44,5,0,0,0,0,0,0,0,0,0,0,0,0,0,0,0,0,0,0,41,7,1.0,1.0,0.0,0.0,0.17,0.15,0.0,255,18,0.07,0.09,0.0,0.0,1.0,1.0,0.0,0.0,1,27875.0
0,1,22,9,281,7355,0,0,0,0,0,1,0,0,0,0,0,0,0,0,0,0,11,15,0.0,0.0,0.0,0.0,1.0,0.0,0.13,255,255,1.0,0.0,0.0,0.0,0.0,0.0,0.0,0.0,0,123744.0
0,2,11,9,44,79,0,0,0,0,0,0,0,0,0,0,0,0,0,0,0,0,110,109,0.0,0.0,0.0,0.0,0.99,0.02,0.0,255,254,1.0,0.01,0.01,0.0,0.0,0.0,0.0,0.0,0,44744.0
0,1,44,5,0,0,0,0,0,0,0,0,0,0,0,0,0,0,0,0,0,0,75,23,1.0,1.0,0.0,0.0,0.31,0.07,0.0,255,23,0.09,0.05,0.0,0.0,1.0,1.0,0.0,0.0,1,124274.0
4,1,49,9,1368,329,0,0,0,0,0,1,0,0,0,0,0,0,0,0,0,0,1,2,0.0,0.0,0.0,0.0,1.0,0.0,1.0,145,168,0.73,0.04,0.01,0.01,0.0,0.0,0.0,0.0,0,25202.0
0,2,11,9,45,131,0,0,0,0,0,0,0,0,0,0,0,0,0,0,0,0,80,160,0.0,0.0,0.0,0.0,1.0,0.0,0.01,255,243,0.95,0.01,0.0,0.0,0.0,0.0,0.0,0.0,0,125386.0
0,1,52,5,0,0,0,0,0,0,0,0,0,0,0,0,0,0,0,0,0,0,146,17,1.0,1.0,0.0,0.0,0.12,0.05,0.0,255,11,0.04,0.07,0.0,0.0,1.0,1.0,0.0,0.0,1,116945.0
0,1,22,9,245,776,0,0,0,0,0,1,0,0,0,0,0,0,0,0,0,0,30,31,0.0,0.0,0.0,0.0,1.0,0.0,0.06,42,255,1.0,0.0,0.02,0.02,0.0,0.0,0.0,0.02,0,1840.0
0,1,60,1,0,0,0,0,0,0,0,0,0,0,0,0,0,0,0,0,0,0,257,11,0.0,0.0,1.0,1.0,0.04,0.06,0.0,255,11,0.04,0.07,0.0,0.0,0.0,0.0,1.0,1.0,1,107984.0
0,1,44,5,0,0,0,0,0,0,0,0,0,0,0,0,0,0,0,0,0,0,281,19,1.0,1.0,0.0,0.0,0.07,0.06,0.0,255,15,0.06,0.07,0.0,0.0,1.0,1.0,0.0,0.0,1,14263.0
0,1,22,9,227,3211,0,0,0,0,0,1,0,0,0,0,0,0,0,0,0,0,2,2,0.0,0.0,0.0,0.0,1.0,0.0,0.0,2,255,1.0,0.0,0.5,0.02,0.0,0.0,0.0,0.0,0,63051.0
0,1,44,1,0,0,0,0,0,0,0,0,0,0,0,0,0,0,0,0,0,0,294,1,0.07,0.0,0.88,1.0,0.0,1.0,0.0,255,1,0.0,1.0,0.0,0.0,0.08,0.0,0.88,1.0,1,35236.0
0,1,19,9,12,0,0,0,0,0,0,1,0,0,0,0,0,0,0,0,0,0,1,1,0.0,0.0,0.0,0.0,1.0,0.0,0.0,34,73,0.15,0.09,0.15,0.03,0.0,0.0,0.0,0.0,0,95314.0
0,1,5,5,0,0,0,0,0,0,0,0,0,0,0,0,0,0,0,0,0,0,115,4,1.0,1.0,0.0,0.0,0.03,0.06,0.0,255,4,0.02,0.05,0.0,0.0,1.0,1.0,0.0,0.0,1,109738.0
0,1,49,9,708,331,0,0,0,0,0,1,0,0,0,0,0,0,0,0,0,0,1,1,0.0,0.0,0.0,0.0,1.0,0.0,0.0,187,188,0.75,0.02,0.01,0.01,0.0,0.0,0.0,0.0,0,65541.0
0,1,49,9,1715,329,0,0,0,0,0,1,0,0,0,0,0,0,0,0,0,0,2,1,0.0,0.0,0.0,0.0,0.5,1.0,0.0,70,188,0.76,0.06,0.01,0.01,0.0,0.0,0.0,0.0,0,68333.0
0,2,11,9,42,42,0,0,0,0,0,0,0,0,0,0,0,0,0,0,0,0,4,7,0.0,0.0,0.0,0.0,1.0,0.0,0.29,255,244,0.96,0.01,0.01,0.0,0.0,0.0,0.0,0.0,0,111474.0
0,1,26,5,0,0,0,0,0,0,0,0,0,0,0,0,0,0,0,0,0,0,144,16,1.0,1.0,0.0,0.0,0.11,0.06,0.0,255,9,0.04,0.07,0.0,0.0,1.0,1.0,0.0,0.0,1,87346.0
0,1,22,9,261,6684,0,0,0,0,0,1,0,0,0,0,0,0,0,0,0,0,1,1,0.0,0.0,0.0,0.0,1.0,0.0,0.0,1,255,1.0,0.0,1.0,0.05,0.0,0.0,0.0,0.0,0,52352.0
0,0,13,9,18,0,0,0,0,0,0,0,0,0,0,0,0,0,0,0,0,0,1,1,0.0,0.0,0.0,0.0,1.0,0.0,0.0,4,20,1.0,0.0,1.0,0.25,0.0,0.0,0.0,0.0,1,116387.0
0,1,27,5,0,0,0,0,0,0,0,0,0,0,0,0,0,0,0,0,0,0,141,12,1.0,1.0,0.0,0.0,0.09,0.06,0.0,255,12,0.05,0.06,0.0,0.0,1.0,1.0,0.0,0.0,1,32254.0
0,1,22,1,0,0,0,0,0,0,0,0,0,0,0,0,0,0,0,0,0,0,1,1,0.0,0.0,1.0,1.0,1.0,0.0,0.0,13,255,1.0,0.0,0.08,0.22,0.0,0.0,1.0,0.9,0,67873.0
0,1,22,9,280,5854,0,0,0,0,0,1,0,0,0,0,0,0,0,0,0,0,20,35,0.0,0.0,0.0,0.0,1.0,0.0,0.09,46,255,1.0,0.0,0.02,0.03,0.0,0.01,0.0,0.01,0,25931.0
0,0,13,9,30,0,0,0,0,0,0,0,0,0,0,0,0,0,0,0,0,0,1,1,0.0,0.0,0.0,0.0,1.0,0.0,0.0,42,90,0.98,0.05,0.98,0.29,0.0,0.0,0.0,0.0,0,79791.0
0,1,22,5,0,0,0,0,0,0,0,0,0,0,0,0,0,0,0,0,0,0,22,10,1.0,1.0,0.0,0.0,0.45,0.14,0.0,255,66,0.26,0.02,0.01,0.0,1.0,1.0,0.0,0.0,1,52741.0
0,1,19,9,748,0,0,0,0,0,0,0,0,0,0,0,0,0,0,0,0,0,1,1,0.0,0.0,0.0,0.0,1.0,0.0,0.0,133,39,0.2,0.03,0.2,0.05,0.0,0.0,0.0,0.0,0,23735.0
0,1,19,9,334,0,0,0,0,0,0,1,0,0,0,0,0,0,0,0,0,0,1,1,0.0,0.0,0.0,0.0,1.0,0.0,0.0,12,44,0.92,0.17,1.0,0.11,0.0,0.0,0.0,0.0,1,120205.0
0,1,22,9,300,1380,0,0,0,0,0,1,0,0,0,0,0,0,0,0,0,0,7,7,0.0,0.0,0.0,0.0,1.0,0.0,0.0,255,240,0.94,0.01,0.0,0.0,0.0,0.0,0.02,0.02,0,76125.0
0,1,22,9,203,1744,0,0,0,0,0,1,0,0,0,0,0,0,0,0,0,0,16,17,0.0,0.0,0.0,0.0,1.0,0.0,0.12,174,255,1.0,0.0,0.01,0.01,0.0,0.0,0.0,0.0,0,9602.0
0,1,49,9,921,327,0,0,0,0,0,1,0,0,0,0,0,0,0,0,0,0,1,1,0.0,0.0,0.0,0.0,1.0,0.0,0.0,7,6,0.86,0.29,0.14,0.0,0.0,0.0,0.0,0.0,0,114746.0
0,1,8,5,0,0,0,0,0,0,0,0,0,0,0,0,0,0,0,0,0,0,275,13,1.0,1.0,0.0,0.0,0.05,0.06,0.0,255,13,0.05,0.07,0.0,0.0,1.0,1.0,0.0,0.0,1,92064.0
0,2,11,9,42,42,0,0,0,0,0,0,0,0,0,0,0,0,0,0,0,0,6,11,0.0,0.0,0.0,0.0,1.0,0.0,0.27,255,233,0.91,0.01,0.01,0.0,0.0,0.0,0.0,0.0,0,39664.0
0,1,17,5,0,0,0,0,0,0,0,0,0,0,0,0,0,0,0,0,0,0,258,6,1.0,1.0,0.0,0.0,0.02,0.07,0.0,255,6,0.02,0.07,0.0,0.0,1.0,1.0,0.0,0.0,1,49798.0
0,1,44,5,0,0,0,0,0,0,0,0,0,0,0,0,0,0,0,0,0,0,219,2,1.0,1.0,0.0,0.0,0.01,0.06,0.0,255,3,0.01,0.06,0.0,0.0,1.0,1.0,0.0,0.0,1,713.0
0,1,22,1,0,0,0,0,0,0,0,0,0,0,0,0,0,0,0,0,0,0,1,1,0.0,0.0,1.0,1.0,1.0,0.0,0.0,13,133,1.0,0.0,0.08,0.2,0.0,0.0,1.0,1.0,0,65411.0
0,1,22,9,152,249,0,0,0,0,0,1,0,0,0,0,0,0,0,0,0,0,1,1,0.0,0.0,0.0,0.0,1.0,0.0,0.0,2,255,1.0,0.0,0.5,0.03,0.0,0.0,0.0,0.0,0,41311.0
0,1,3,9,10,35,0,0,0,0,0,0,0,0,0,0,0,0,0,0,0,0,2,1,0.0,0.0,0.0,0.0,0.5,1.0,0.0,61,11,0.03,0.11,0.02,0.18,0.0,0.0,0.0,0.0,0,108699.0
0,2,11,9,46,132,0,0,0,0,0,0,0,0,0,0,0,0,0,0,0,0,200,277,0.0,0.0,0.0,0.0,1.0,0.01,0.01,202,163,0.81,0.01,0.01,0.0,0.0,0.0,0.0,0.0,0,78306.0
0,2,11,9,43,127,0,0,0,0,0,0,0,0,0,0,0,0,0,0,0,0,179,178,0.0,0.0,0.0,0.0,0.99,0.01,0.0,68,35,0.51,0.03,0.01,0.0,0.0,0.0,0.0,0.0,0,98345.0
0,2,11,9,46,46,0,0,0,0,0,0,0,0,0,0,0,0,0,0,0,0,136,136,0.0,0.0,0.0,0.0,1.0,0.0,0.0,255,255,1.0,0.0,0.01,0.0,0.0,0.0,0.0,0.0,0,118313.0
0,1,51,5,0,0,0,0,0,0,0,0,0,0,0,0,0,0,0,0,0,0,74,16,1.0,1.0,0.0,0.0,0.22,0.05,0.0,255,8,0.03,0.07,0.0,0.0,1.0,1.0,0.0,0.0,1,112347.0
0,0,14,9,1032,0,0,0,0,0,0,0,0,0,0,0,0,0,0,0,0,0,262,262,0.0,0.0,0.0,0.0,1.0,0.0,0.0,255,255,1.0,0.0,1.0,0.0,0.0,0.0,0.0,0.0,1,107926.0
0,1,59,5,0,0,0,0,0,0,0,0,0,0,0,0,0,0,0,0,0,0,102,2,1.0,1.0,0.0,0.0,0.02,0.07,0.0,255,8,0.03,0.05,0.0,0.0,1.0,1.0,0.0,0.0,1,19336.0
0,1,22,9,231,2989,0,0,0,0,0,1,0,0,0,0,0,0,0,0,0,0,2,2,0.0,0.0,0.0,0.0,1.0,0.0,0.0,11,255,1.0,0.0,0.09,0.04,0.0,0.0,0.0,0.0,0,32834.0
0,2,11,9,45,128,0,0,0,0,0,0,0,0,0,0,0,0,0,0,0,0,76,158,0.0,0.0,0.0,0.0,0.99,0.03,0.02,255,198,0.78,0.02,0.0,0.0,0.0,0.0,0.0,0.0,0,76918.0
0,0,13,9,18,0,0,0,0,0,0,0,0,0,0,0,0,0,0,0,0,0,1,1,0.0,0.0,0.0,0.0,1.0,0.0,0.0,4,212,1.0,0.0,1.0,0.25,0.0,0.0,0.0,0.0,1,99148.0
0,1,44,1,0,0,0,0,0,0,0,0,0,0,0,0,0,0,0,0,0,0,281,1,0.03,0.0,0.95,1.0,0.0,1.0,0.0,255,1,0.0,0.97,0.0,0.0,0.04,0.0,0.92,1.0,1,80508.0
0,2,11,9,45,137,0,0,0,0,0,0,0,0,0,0,0,0,0,0,0,0,299,298,0.0,0.0,0.0,0.0,1.0,0.01,0.0,255,223,0.87,0.01,0.0,0.0,0.0,0.0,0.0,0.0,0,87906.0
0,1,62,5,0,0,0,0,0,0,0,0,0,0,0,0,0,0,0,0,0,0,137,7,1.0,1.0,0.0,0.0,0.05,0.08,0.0,255,7,0.03,0.07,0.0,0.0,1.0,1.0,0.0,0.0,1,49754.0
0,1,17,5,0,0,0,0,0,0,0,0,0,0,0,0,0,0,0,0,0,0,26,13,1.0,1.0,0.0,0.0,0.5,0.08,0.0,186,56,0.28,0.02,0.01,0.04,1.0,0.95,0.0,0.0,1,13030.0
1973,2,40,9,146,105,0,0,0,0,0,0,0,0,0,0,0,0,0,0,0,0,1,1,0.0,0.0,0.0,0.0,1.0,0.0,0.0,255,2,0.01,0.61,0.96,0.0,0.0,0.0,0.0,0.0,0,102575.0
0,1,19,9,12,0,0,0,0,0,0,1,0,0,0,0,0,0,0,0,0,0,2,2,0.0,0.0,0.0,0.0,1.0,0.0,0.0,22,57,0.27,0.18,0.27,0.04,0.0,0.02,0.0,0.0,0,12591.0
0,1,22,9,315,885,0,0,0,0,0,1,0,0,0,0,0,0,0,0,0,0,13,22,0.0,0.0,0.0,0.0,1.0,0.0,0.18,255,255,1.0,0.0,0.0,0.0,0.0,0.0,0.0,0.0,0,122268.0
0,0,13,9,8,0,0,0,0,0,0,0,0,0,0,0,0,0,0,0,0,0,1,29,0.0,0.0,0.0,0.0,1.0,0.0,1.0,2,18,1.0,0.0,1.0,0.5,0.0,0.0,0.0,0.0,1,10221.0
29,1,18,9,311,1052,0,0,0,6,0,1,0,0,0,0,0,0,0,0,0,1,1,1,0.0,0.0,0.0,0.0,1.0,0.0,0.0,255,53,0.21,0.03,0.0,0.0,0.0,0.0,0.0,0.0,0,85248.0
31789,1,44,4,1,0,0,0,0,0,0,0,0,0,0,0,0,0,0,0,0,0,2,2,0.0,0.0,1.0,1.0,1.0,0.0,0.0,255,2,0.01,0.82,1.0,0.0,0.0,0.0,1.0,1.0,1,62157.0
27,1,18,9,1201,3380,0,0,0,24,0,1,0,0,0,0,0,0,0,0,0,1,1,1,0.0,0.0,0.0,0.0,1.0,0.0,0.0,70,36,0.51,0.07,0.01,0.0,0.0,0.0,0.0,0.0,0,43481.0
0,1,22,1,0,0,0,0,0,0,0,0,0,0,0,0,0,0,0,0,0,0,1,1,0.0,0.0,1.0,1.0,1.0,0.0,0.0,4,247,1.0,0.0,0.25,0.08,0.0,0.0,1.0,0.64,0,34511.0
0,2,44,9,1,0,0,0,0,0,0,0,0,0,0,0,0,0,0,0,0,0,26,5,0.0,0.0,0.0,0.0,0.19,0.12,0.0,255,5,0.02,0.89,0.13,0.0,0.11,0.0,0.76,0.0,1,5852.0
0,2,11,9,45,114,0,0,0,0,0,0,0,0,0,0,0,0,0,0,0,0,4,11,0.0,0.0,0.0,0.0,1.0,0.0,0.27,255,235,0.92,0.01,0.01,0.0,0.0,0.0,0.0,0.0,0,39392.0
0,1,22,9,220,1735,0,0,0,0,0,1,0,0,0,0,0,0,0,0,0,0,3,3,0.0,0.0,0.0,0.0,1.0,0.0,0.0,255,255,1.0,0.0,0.0,0.0,0.0,0.0,0.0,0.0,0,76739.0
0,1,17,5,0,0,0,0,0,0,0,0,0,0,0,0,0,0,0,0,0,0,27,6,1.0,1.0,0.0,0.0,0.22,0.15,0.0,255,47,0.18,0.03,0.01,0.0,1.0,1.0,0.0,0.0,1,16187.0
0,2,11,9,45,73,0,0,0,0,0,0,0,0,0,0,0,0,0,0,0,0,113,113,0.0,0.0,0.0,0.0,1.0,0.0,0.0,255,255,1.0,0.0,0.01,0.0,0.0,0.0,0.0,0.0,0,32186.0
0,1,44,1,0,0,0,0,0,0,0,0,0,0,0,0,0,0,0,0,0,0,149,7,0.0,0.0,1.0,1.0,0.05,0.08,0.0,255,7,0.03,0.08,0.0,0.0,0.0,0.0,1.0,1.0,1,93425.0
0,1,22,5,0,0,0,0,0,0,0,0,0,0,0,0,0,0,0,0,0,0,274,16,1.0,1.0,0.0,0.0,0.06,0.06,0.0,255,16,0.06,0.06,0.0,0.0,1.0,1.0,0.0,0.0,1,77840.0
0,0,14,9,1032,0,0,0,0,0,0,0,0,0,0,0,0,0,0,0,0,0,307,307,0.0,0.0,0.0,0.0,1.0,0.0,0.0,149,55,0.37,0.05,0.37,0.0,0.01,0.0,0.42,0.0,1,30986.0
0,1,22,9,275,4049,0,0,0,0,0,1,0,0,0,0,0,0,0,0,0,0,1,1,0.0,0.0,0.0,0.0,1.0,0.0,0.0,143,255,1.0,0.0,0.01,0.03,0.01,0.01,0.01,0.0,0,98136.0
0,1,18,5,0,0,0,0,0,0,0,0,0,0,0,0,0,0,0,0,0,0,269,21,1.0,1.0,0.0,0.0,0.08,0.05,0.0,255,21,0.08,0.05,0.0,0.0,1.0,1.0,0.0,0.0,1,53089.0
0,1,60,5,0,0,0,0,0,0,0,0,0,0,0,0,0,0,0,0,0,0,295,16,1.0,1.0,0.0,0.0,0.05,0.06,0.0,255,13,0.05,0.05,0.0,0.0,1.0,1.0,0.0,0.0,1,41070.0
0,1,44,1,0,0,0,0,0,0,0,0,0,0,0,0,0,0,0,0,0,0,187,7,0.0,0.0,1.0,1.0,0.04,0.06,0.0,255,7,0.03,0.08,0.0,0.0,0.0,0.0,1.0,1.0,1,100598.0
11,1,49,9,2224,334,0,0,0,0,0,1,0,0,0,0,0,0,0,0,0,0,1,1,0.0,0.0,0.0,0.0,1.0,0.0,0.0,119,173,0.63,0.04,0.01,0.01,0.0,0.0,0.0,0.0,0,111591.0
0,1,40,1,0,0,0,0,0,0,0,0,0,0,0,0,0,0,0,0,0,0,339,1,0.06,0.0,0.9,1.0,0.0,1.0,0.0,255,1,0.0,1.0,0.0,0.0,0.08,0.0,0.89,1.0,1,50727.0
0,1,22,9,291,11970,0,0,0,0,0,1,0,0,0,0,0,0,0,0,0,0,1,1,0.0,0.0,0.0,0.0,1.0,0.0,0.0,168,178,1.0,0.0,0.01,0.02,0.01,0.01,0.0,0.0,0,27726.0
0,1,4,5,0,0,0,0,0,0,0,0,0,0,0,0,0,0,0,0,0,0,257,8,1.0,1.0,0.0,0.0,0.03,0.07,0.0,255,8,0.03,0.08,0.0,0.0,1.0,1.0,0.0,0.0,1,3085.0
0,2,11,9,45,134,0,0,0,0,0,0,0,0,0,0,0,0,0,0,0,0,269,269,0.0,0.0,0.0,0.0,1.0,0.0,0.0,255,251,0.98,0.01,0.0,0.0,0.0,0.0,0.0,0.0,0,93571.0
0,1,9,5,0,0,0,0,0,0,0,0,0,0,0,0,0,0,0,0,0,0,207,17,1.0,1.0,0.0,0.0,0.08,0.06,0.0,255,20,0.08,0.07,0.0,0.0,1.0,1.0,0.0,0.0,1,58150.0
0,2,11,9,43,126,0,0,0,0,0,0,0,0,0,0,0,0,0,0,0,0,42,120,0.0,0.0,0.0,0.0,1.0,0.0,0.02,220,136,0.62,0.01,0.0,0.0,0.0,0.0,0.0,0.0,0,101862.0
0,2,11,9,42,46,0,0,0,0,0,0,0,0,0,0,0,0,0,0,0,0,1,12,0.0,0.0,0.0,0.0,1.0,0.0,0.17,255,251,0.98,0.01,0.07,0.0,0.0,0.0,0.0,0.0,0,113029.0
0,1,55,5,0,0,0,0,0,0,0,0,0,0,0,0,0,0,0,0,0,0,42,10,1.0,1.0,0.0,0.0,0.24,0.1,0.0,255,50,0.2,0.05,0.01,0.0,1.0,1.0,0.0,0.0,1,57228.0
0,1,22,9,204,564,0,0,0,0,0,1,0,0,0,0,0,0,0,0,0,0,4,16,0.0,0.0,0.0,0.0,1.0,0.0,0.12,4,255,1.0,0.0,0.25,0.01,0.0,0.0,0.0,0.0,0,90100.0
0,1,44,5,0,0,0,0,0,0,0,0,0,0,0,0,0,0,0,0,0,0,141,5,0.99,1.0,0.0,0.0,0.04,0.06,0.0,255,7,0.03,0.06,0.0,0.0,1.0,1.0,0.0,0.0,1,44683.0
12,1,42,9,52,1379,0,0,0,0,0,1,0,0,0,0,0,0,0,0,0,0,2,1,0.0,0.0,0.0,0.0,0.5,1.0,0.0,124,2,0.02,0.05,0.01,0.0,0.01,0.0,0.01,0.0,0,89492.0
0,1,2,5,0,0,0,0,0,0,0,0,0,0,0,0,0,0,0,0,0,0,212,5,1.0,1.0,0.0,0.0,0.02,0.07,0.0,255,5,0.02,0.07,0.0,0.0,1.0,1.0,0.0,0.0,1,39071.0
0,1,22,9,296,2599,0,0,0,0,0,1,0,0,0,0,0,0,0,0,0,0,26,26,0.0,0.0,0.0,0.0,1.0,0.0,0.0,177,255,1.0,0.0,0.01,0.04,0.0,0.0,0.2,0.41,0,63403.0
0,1,22,9,282,4584,0,0,0,0,0,1,0,0,0,0,0,0,0,0,0,0,16,17,0.0,0.0,0.0,0.0,1.0,0.0,0.12,16,255,1.0,0.0,0.06,0.02,0.0,0.0,0.0,0.0,0,113428.0
0,2,11,9,44,125,0,0,0,0,0,0,0,0,0,0,0,0,0,0,0,0,73,150,0.0,0.0,0.0,0.0,1.0,0.0,0.01,255,192,0.75,0.02,0.0,0.0,0.0,0.0,0.0,0.0,0,5776.0
0,1,36,5,0,0,0,0,0,0,0,0,0,0,0,0,0,0,0,0,0,0,205,16,1.0,1.0,0.0,0.0,0.08,0.06,0.0,255,16,0.06,0.07,0.0,0.0,1.0,1.0,0.0,0.0,1,59318.0
0,1,22,9,139,29859,0,0,0,0,0,1,0,0,0,0,0,0,0,0,0,0,1,6,0.0,0.0,0.0,0.0,1.0,0.0,0.33,255,255,1.0,0.0,0.0,0.0,0.0,0.0,0.0,0.0,0,92705.0
0,1,22,9,345,895,0,0,0,0,0,1,0,0,0,0,0,0,0,0,0,0,15,34,0.0,0.03,0.07,0.03,1.0,0.0,0.09,255,255,1.0,0.0,0.0,0.0,0.0,0.0,0.0,0.0,0,66864.0
0,1,7,5,0,0,0,0,0,0,0,0,0,0,0,0,0,0,0,0,0,0,203,20,1.0,1.0,0.0,0.0,0.1,0.05,0.0,255,20,0.08,0.05,0.0,0.0,1.0,1.0,0.0,0.0,1,66223.0
0,1,22,9,325,12884,0,0,0,0,0,1,0,0,0,0,0,0,0,0,0,0,6,6,0.0,0.0,0.0,0.0,1.0,0.0,0.0,183,183,1.0,0.0,0.01,0.0,0.0,0.0,0.0,0.0,0,7567.0
14,2,44,9,105,145,0,0,0,0,0,0,0,0,0,0,0,0,0,0,0,0,2,2,0.0,0.0,0.0,0.0,1.0,0.0,0.0,255,216,0.85,0.01,0.01,0.0,0.0,0.0,0.0,0.0,0,18699.0
0,1,44,5,0,0,0,0,0,0,0,0,0,0,0,0,0,0,0,0,0,0,198,20,1.0,1.0,0.0,0.0,0.1,0.06,0.0,255,4,0.02,0.07,0.0,0.0,1.0,1.0,0.0,0.0,1,86999.0
0,1,22,9,210,2515,0,0,0,0,0,1,0,0,0,0,0,0,0,0,0,0,3,3,0.0,0.0,0.0,0.0,1.0,0.0,0.0,255,255,1.0,0.0,0.0,0.0,0.0,0.0,0.0,0.0,0,112026.0
0,0,14,9,30,0,0,0,0,0,0,0,0,0,0,0,0,0,0,0,0,0,1,1,0.0,0.0,0.0,0.0,1.0,0.0,0.0,255,255,1.0,0.0,1.0,0.0,0.0,0.0,0.0,0.0,0,55400.0
0,0,13,9,8,0,0,0,0,0,0,0,0,0,0,0,0,0,0,0,0,0,1,37,0.0,0.0,0.0,0.0,1.0,0.0,1.0,1,45,1.0,0.0,1.0,0.51,0.0,0.0,0.0,0.0,1,99764.0
0,1,44,10,0,0,0,0,0,0,0,0,0,0,0,0,0,0,0,0,0,0,1,1,1.0,1.0,0.0,0.0,1.0,0.0,0.0,62,1,0.02,0.84,0.87,0.0,0.87,1.0,0.0,0.0,1,73248.0
0,1,22,9,338,1778,0,0,0,0,0,1,0,0,0,0,0,0,0,0,0,0,3,23,0.0,0.0,0.0,0.0,1.0,0.0,0.09,20,255,1.0,0.0,0.05,0.04,0.0,0.0,0.0,0.0,0,39377.0
0,1,44,5,0,0,0,0,0,0,0,0,0,0,0,0,0,0,0,0,0,0,77,4,1.0,1.0,0.0,0.0,0.05,0.06,0.0,255,15,0.06,0.07,0.0,0.0,1.0,1.0,0.0,0.0,1,35179.0
0,1,22,9,203,1762,0,0,0,0,0,1,0,0,0,0,0,0,0,0,0,0,5,5,0.0,0.0,0.0,0.0,1.0,0.0,0.0,35,255,1.0,0.0,0.03,0.03,0.0,0.0,0.0,0.0,0,2241.0
0,1,19,9,854,0,0,0,0,0,0,0,0,0,0,0,0,0,0,0,0,0,2,2,0.0,0.0,0.0,0.0,1.0,0.0,0.0,48,78,0.17,0.08,0.17,0.03,0.0,0.0,0.02,0.0,0,104656.0
0,1,49,9,895,314,0,0,0,0,0,1,0,0,0,0,0,0,0,0,0,0,1,1,0.0,0.0,0.0,0.0,1.0,0.0,0.0,29,159,0.9,0.14,0.03,0.01,0.0,0.0,0.0,0.0,0,59361.0
0,1,61,5,0,0,0,0,0,0,0,0,0,0,0,0,0,0,0,0,0,0,290,11,1.0,1.0,0.0,0.0,0.04,0.06,0.0,255,12,0.05,0.08,0.0,0.0,1.0,1.0,0.0,0.0,1,107856.0
0,1,22,9,200,4028,0,0,0,0,0,1,0,0,0,0,0,0,0,0,0,0,7,36,0.0,0.0,0.0,0.0,1.0,0.0,0.14,7,255,1.0,0.0,0.14,0.03,0.0,0.0,0.0,0.0,0,100928.0
0,1,48,4,0,0,0,0,0,0,0,0,0,0,0,0,0,0,0,0,0,0,1,1,0.0,0.0,1.0,1.0,1.0,0.0,0.0,255,1,0.0,1.0,1.0,0.0,0.0,0.0,1.0,1.0,1,68950.0
0,1,44,5,0,0,0,0,0,0,0,0,0,0,0,0,0,0,0,0,0,0,215,15,1.0,1.0,0.0,0.0,0.07,0.06,0.0,255,19,0.07,0.05,0.0,0.0,1.0,1.0,0.0,0.0,1,27727.0
0,1,44,5,0,0,0,0,0,0,0,0,0,0,0,0,0,0,0,0,0,0,40,4,1.0,1.0,0.0,0.0,0.1,0.12,0.0,255,4,0.02,0.07,0.0,0.0,1.0,1.0,0.0,0.0,1,125720.0
0,1,22,9,316,11609,0,0,0,0,0,1,0,0,0,0,0,0,0,0,0,0,24,24,0.0,0.0,0.0,0.0,1.0,0.0,0.0,255,255,1.0,0.0,0.0,0.0,0.0,0.0,0.0,0.0,0,18014.0
0,1,44,5,0,0,0,0,0,0,0,0,0,0,0,0,0,0,0,0,0,0,224,17,1.0,1.0,0.0,0.0,0.08,0.06,0.0,255,5,0.02,0.07,0.0,0.0,1.0,1.0,0.0,0.0,1,71234.0
0,1,62,5,0,0,0,0,0,0,0,0,0,0,0,0,0,0,0,0,0,0,192,2,1.0,1.0,0.0,0.0,0.01,0.08,0.0,255,2,0.01,0.07,0.0,0.0,1.0,1.0,0.0,0.0,1,47061.0
2,1,44,4,0,0,0,0,0,0,0,0,0,0,0,0,0,0,0,0,0,0,431,2,0.0,0.0,1.0,1.0,0.0,0.52,0.0,255,2,0.01,0.51,1.0,0.0,0.0,0.0,1.0,1.0,1,119876.0
0,1,25,1,0,0,0,0,0,0,0,0,0,0,0,0,0,0,0,0,0,0,250,12,0.0,0.0,1.0,1.0,0.05,0.07,0.0,255,12,0.05,0.07,0.0,0.0,0.0,0.0,1.0,1.0,1,99926.0
0,1,23,5,0,0,0,0,0,0,0,0,0,0,0,0,0,0,0,0,0,0,140,20,1.0,1.0,0.0,0.0,0.14,0.05,0.0,255,20,0.08,0.06,0.0,0.0,1.0,1.0,0.0,0.0,1,10713.0
0,1,21,5,0,0,0,0,0,0,0,0,0,0,0,0,0,0,0,0,0,0,189,11,1.0,1.0,0.0,0.0,0.06,0.07,0.0,255,11,0.04,0.07,0.0,0.0,1.0,1.0,0.0,0.0,1,11682.0
0,1,22,9,219,3248,0,0,0,0,0,1,0,0,0,0,0,0,0,0,0,0,11,11,0.0,0.0,0.0,0.0,1.0,0.0,0.0,255,255,1.0,0.0,0.0,0.0,0.0,0.0,0.0,0.0,0,33405.0
0,2,11,9,43,118,0,0,0,0,0,0,0,0,0,0,0,0,0,0,0,0,202,202,0.0,0.0,0.0,0.0,1.0,0.0,0.0,255,255,1.0,0.0,0.0,0.0,0.0,0.0,0.0,0.0,0,49612.0
0,1,22,9,228,4556,0,0,0,0,0,1,0,0,0,0,0,0,0,0,0,0,5,5,0.0,0.0,0.0,0.0,1.0,0.0,0.0,19,255,1.0,0.0,0.05,0.18,0.0,0.0,0.74,0.97,0,38253.0
0,1,22,1,0,0,0,0,0,0,0,0,0,0,0,0,0,0,0,0,0,0,1,2,0.0,0.0,1.0,1.0,1.0,0.0,1.0,11,43,1.0,0.0,0.09,0.37,0.0,0.0,1.0,1.0,0,13926.0
0,1,22,9,280,16274,0,0,0,0,0,1,0,0,0,0,0,0,0,0,0,0,1,1,0.0,0.0,0.0,0.0,1.0,0.0,0.0,255,255,1.0,0.0,0.0,0.0,0.0,0.0,0.0,0.0,0,90432.0
0,1,22,9,200,364,0,0,0,0,0,1,0,0,0,0,0,0,0,0,0,0,9,9,0.0,0.0,0.0,0.0,1.0,0.0,0.0,73,255,1.0,0.0,0.01,0.01,0.0,0.0,0.0,0.0,0,46215.0
0,2,11,9,45,144,0,0,0,0,0,0,0,0,0,0,0,0,0,0,0,0,20,82,0.0,0.0,0.0,0.0,1.0,0.0,0.02,255,179,0.7,0.01,0.0,0.0,0.0,0.0,0.0,0.0,0,62672.0
0,1,22,9,296,997,0,0,0,0,0,1,0,0,0,0,0,0,0,0,0,0,11,12,0.0,0.0,0.0,0.0,1.0,0.0,0.17,11,255,1.0,0.0,0.09,0.06,0.0,0.0,0.0,0.0,0,79572.0
0,1,19,9,175337,0,0,0,0,0,0,1,0,0,0,0,0,0,0,0,0,0,1,1,0.0,0.0,0.0,0.0,1.0,0.0,0.0,96,61,0.11,0.04,0.11,0.03,0.01,0.0,0.0,0.0,0,83544.0
0,1,44,5,0,0,0,0,0,0,0,0,0,0,0,0,0,0,0,0,0,0,229,25,1.0,1.0,0.0,0.0,0.11,0.05,0.0,255,25,0.1,0.05,0.0,0.0,1.0,1.0,0.0,0.0,1,18000.0
0,1,22,9,194,7880,0,0,0,0,0,1,0,0,0,0,0,0,0,0,0,0,6,9,0.0,0.0,0.0,0.0,1.0,0.0,0.33,10,255,1.0,0.0,0.1,0.03,0.0,0.0,0.0,0.0,0,55069.0
0,1,57,5,0,0,0,0,0,0,0,0,0,0,0,0,0,0,0,0,0,0,119,18,1.0,1.0,0.0,0.0,0.15,0.06,0.0,255,2,0.01,0.06,0.0,0.0,1.0,1.0,0.0,0.0,1,57378.0
0,1,44,1,0,0,0,0,0,0,0,0,0,0,0,0,0,0,0,0,0,0,210,6,0.0,0.0,1.0,1.0,0.03,0.08,0.0,255,6,0.02,0.08,0.0,0.0,0.0,0.0,1.0,1.0,1,61796.0
1318,1,40,4,1,0,0,0,0,0,0,0,0,0,0,0,0,0,0,0,0,0,2,2,0.0,0.0,1.0,1.0,1.0,0.0,0.0,255,2,0.01,0.72,1.0,0.0,0.0,0.0,1.0,1.0,1,107965.0
0,2,44,9,28,0,0,3,0,0,0,0,0,0,0,0,0,0,0,0,0,0,96,94,0.01,0.0,0.01,0.0,0.98,0.03,0.0,255,94,0.37,0.02,0.37,0.0,0.0,0.0,0.47,0.0,1,3782.0
0,1,44,5,0,0,0,0,0,0,0,0,0,0,0,0,0,0,0,0,0,0,52,7,1.0,1.0,0.0,0.0,0.13,0.12,0.0,255,7,0.03,0.09,0.0,0.0,1.0,1.0,0.0,0.0,1,51091.0
0,1,55,5,0,0,0,0,0,0,0,0,0,0,0,0,0,0,0,0,0,0,48,11,1.0,1.0,0.0,0.0,0.23,0.08,0.0,255,51,0.2,0.03,0.01,0.0,1.0,1.0,0.0,0.0,1,93039.0
0,1,22,9,218,20131,0,0,0,0,0,1,0,0,0,0,0,0,0,0,0,0,1,1,0.0,0.0,0.0,0.0,1.0,0.0,0.0,1,255,1.0,0.0,1.0,0.01,0.0,0.0,0.0,0.01,0,24523.0
0,1,44,5,0,0,0,0,0,0,0,0,0,0,0,0,0,0,0,0,0,0,195,1,1.0,1.0,0.0,0.0,0.01,0.09,0.0,255,1,0.0,0.08,0.0,0.0,1.0,1.0,0.0,0.0,1,10467.0
0,2,44,9,1,0,0,0,0,0,0,0,0,0,0,0,0,0,0,0,0,0,2,2,0.0,0.0,0.0,0.0,1.0,0.0,0.0,255,2,0.01,0.32,1.0,0.0,0.0,0.0,0.0,0.0,1,116215.0
0,0,13,9,8,0,0,0,0,0,0,0,0,0,0,0,0,0,0,0,0,0,1,3,0.0,0.0,0.0,0.0,1.0,0.0,1.0,2,100,1.0,0.0,1.0,0.5,0.0,0.0,0.0,0.0,1,73257.0
0,2,11,9,42,42,0,0,0,0,0,0,0,0,0,0,0,0,0,0,0,0,10,15,0.0,0.0,0.0,0.0,1.0,0.0,0.13,255,244,0.96,0.01,0.0,0.0,0.0,0.0,0.0,0.0,0,94146.0
0,1,22,5,0,0,0,0,0,0,0,0,0,0,0,0,0,0,0,0,0,0,282,22,1.0,1.0,0.0,0.0,0.08,0.05,0.0,255,22,0.09,0.05,0.0,0.0,1.0,1.0,0.0,0.0,1,10228.0
0,1,22,9,212,2917,0,0,0,0,0,1,0,0,0,0,0,0,0,0,0,0,6,20,0.0,0.0,0.0,0.0,1.0,0.0,0.1,46,255,1.0,0.0,0.02,0.04,0.0,0.0,0.0,0.0,0,120821.0
0,1,22,9,290,1268,0,0,0,0,0,1,0,0,0,0,0,0,0,0,0,0,18,28,0.0,0.0,0.0,0.0,1.0,0.0,0.14,58,255,1.0,0.0,0.02,0.02,0.0,0.0,0.0,0.0,0,64512.0
1,1,44,3,0,0,0,0,0,0,0,0,0,0,0,0,0,0,0,0,0,0,100,3,0.75,0.67,0.25,0.33,0.03,0.37,0.0,255,3,0.01,0.15,0.39,0.0,0.29,0.67,0.1,0.33,1,83496.0
0,1,44,4,0,0,0,0,0,0,0,0,0,0,0,0,0,0,0,0,0,0,1,1,0.0,0.0,1.0,1.0,1.0,0.0,0.0,255,1,0.0,0.27,0.53,0.0,0.0,0.0,0.53,1.0,1,41234.0
0,1,35,5,0,0,0,0,0,0,0,0,0,0,0,0,0,0,0,0,0,0,130,17,1.0,1.0,0.0,0.0,0.13,0.05,0.0,255,17,0.07,0.05,0.0,0.0,1.0,1.0,0.0,0.0,1,121541.0
0,1,49,9,1504,332,0,0,0,0,0,1,0,0,0,0,0,0,0,0,0,0,1,1,0.0,0.0,0.0,0.0,1.0,0.0,0.0,119,104,0.63,0.04,0.01,0.02,0.0,0.0,0.0,0.0,0,17134.0
0,0,13,9,18,0,0,0,0,0,0,0,0,0,0,0,0,0,0,0,0,0,1,1,0.0,0.0,0.0,0.0,1.0,0.0,0.0,1,91,1.0,0.0,1.0,1.0,0.0,0.0,0.0,0.0,1,62239.0
0,1,49,9,1980,278,0,0,0,0,0,1,0,0,0,0,0,0,0,0,0,0,1,1,0.0,0.0,0.0,0.0,1.0,0.0,0.0,105,125,0.53,0.06,0.01,0.02,0.02,0.0,0.0,0.0,0,77427.0
0,1,22,9,214,1400,0,0,0,0,0,1,0,0,0,0,0,0,0,0,0,0,44,44,0.0,0.0,0.0,0.0,1.0,0.0,0.0,255,255,1.0,0.0,0.0,0.0,0.0,0.0,0.0,0.0,0,79919.0
0,1,18,5,0,0,0,0,0,0,0,0,0,0,0,0,0,0,0,0,0,0,250,9,1.0,1.0,0.0,0.0,0.04,0.06,0.0,255,5,0.02,0.06,0.0,0.0,1.0,1.0,0.0,0.0,1,58499.0
0,1,22,9,343,134175,0,0,0,0,0,1,0,0,0,0,0,0,0,0,0,0,12,12,0.0,0.0,0.0,0.0,1.0,0.0,0.0,245,255,1.0,0.0,0.0,0.01,0.01,0.01,0.0,0.0,0,18977.0
0,1,8,2,0,0,0,0,0,0,0,0,0,0,0,0,0,0,0,0,0,0,103,1,0.0,0.0,1.0,1.0,0.01,0.08,0.0,255,1,0.0,0.07,0.0,0.0,0.0,0.0,1.0,1.0,1,69109.0
0,1,44,5,0,0,0,0,0,0,0,0,0,0,0,0,0,0,0,0,0,0,172,6,1.0,1.0,0.0,0.0,0.03,0.06,0.0,255,17,0.07,0.09,0.0,0.0,1.0,1.0,0.0,0.0,1,84001.0
0,1,22,9,277,15710,0,0,0,0,0,1,0,0,0,0,0,0,0,0,0,0,1,1,0.0,0.0,0.0,0.0,1.0,0.0,0.0,255,255,1.0,0.0,0.0,0.0,0.0,0.0,0.0,0.0,0,92240.0
0,1,22,1,0,0,0,0,0,0,0,0,0,0,0,0,0,0,0,0,0,0,1,1,0.0,0.0,1.0,1.0,1.0,0.0,0.0,2,41,1.0,0.0,0.5,0.24,0.0,0.0,1.0,1.0,0,89545.0
0,1,19,9,12165,0,0,0,0,0,0,0,0,0,0,0,0,0,0,0,0,0,4,4,0.0,0.0,0.0,0.0,1.0,0.0,0.0,132,30,0.23,0.04,0.23,0.0,0.0,0.0,0.03,0.0,0,78812.0
0,1,44,5,0,0,0,0,0,0,0,0,0,0,0,0,0,0,0,0,0,0,72,15,1.0,1.0,0.0,0.0,0.21,0.07,0.0,255,4,0.02,0.09,0.0,0.0,1.0,1.0,0.0,0.0,1,99134.0
0,1,22,9,233,942,0,0,0,0,0,1,0,0,0,0,0,0,0,0,0,0,10,11,0.0,0.0,0.0,0.0,1.0,0.0,0.18,255,255,1.0,0.0,0.0,0.0,0.0,0.0,0.0,0.0,0,60716.0
0,1,22,1,0,0,0,0,0,0,0,0,0,0,0,0,0,0,0,0,0,0,1,1,0.0,0.0,1.0,1.0,1.0,0.0,0.0,1,255,1.0,0.0,1.0,0.19,0.0,0.0,1.0,0.99,0,33590.0
0,1,22,9,206,12884,0,0,0,0,0,1,0,0,0,0,0,0,0,0,0,0,2,2,0.0,0.0,0.0,0.0,1.0,0.0,0.0,255,255,1.0,0.0,0.0,0.0,0.0,0.0,0.0,0.0,0,18071.0
0,1,22,9,214,20414,0,0,0,0,0,1,0,0,0,0,0,0,0,0,0,0,2,2,0.0,0.0,0.0,0.0,1.0,0.0,0.0,2,27,1.0,0.0,0.5,0.15,0.0,0.0,0.0,0.04,0,90001.0
31,1,18,9,1000,3074,0,0,0,22,0,1,0,0,0,0,0,0,0,0,0,1,1,1,0.0,0.0,0.0,0.0,1.0,0.0,0.0,77,26,0.34,0.06,0.03,0.0,0.0,0.0,0.0,0.0,0,83560.0
0,1,49,9,1060,325,0,0,0,0,0,1,0,0,0,0,0,0,0,0,0,0,1,2,0.0,0.0,0.0,0.0,1.0,0.0,1.0,213,146,0.6,0.02,0.0,0.01,0.0,0.0,0.0,0.0,0,122480.0
0,1,21,5,0,0,0,0,0,0,0,0,0,0,0,0,0,0,0,0,0,0,218,16,1.0,1.0,0.0,0.0,0.07,0.06,0.0,255,16,0.06,0.07,0.0,0.0,1.0,1.0,0.0,0.0,1,57932.0
0,2,44,9,1,74,0,0,0,0,0,0,0,0,0,0,0,0,0,0,0,0,26,5,0.0,0.0,0.0,0.0,0.19,0.15,0.0,255,5,0.02,0.79,0.23,0.0,0.16,0.0,0.61,0.0,1,46392.0
0,1,53,5,0,0,0,0,0,0,0,0,0,0,0,0,0,0,0,0,0,0,125,1,1.0,1.0,0.0,0.0,0.01,0.08,0.0,255,1,0.0,0.07,0.0,0.0,1.0,1.0,0.0,0.0,1,53478.0
0,2,11,9,46,117,0,0,0,0,0,0,0,0,0,0,0,0,0,0,0,0,1,2,0.0,0.0,0.0,0.0,1.0,0.0,1.0,255,235,0.92,0.01,0.0,0.0,0.0,0.0,0.02,0.0,0,1316.0
0,1,49,9,1416,383,0,0,0,0,0,1,0,0,0,0,0,0,0,0,0,0,1,1,0.0,0.0,0.0,0.0,1.0,0.0,0.0,38,50,0.55,0.13,0.03,0.04,0.03,0.0,0.03,0.0,0,27907.0
0,0,58,9,78,0,0,0,0,0,0,0,0,0,0,0,0,0,0,0,0,0,10,1,0.0,0.0,0.0,0.0,0.1,0.2,0.0,255,9,0.04,0.01,0.04,0.0,0.0,0.0,0.0,0.0,0,96823.0
0,1,22,9,299,3991,0,0,0,0,0,1,0,0,0,0,0,0,0,0,0,0,19,52,0.05,0.02,0.0,0.0,1.0,0.0,0.12,255,255,1.0,0.0,0.0,0.0,0.0,0.0,0.0,0.0,0,7902.0
0,1,22,9,314,4137,0,0,0,0,0,1,0,0,0,0,0,0,0,0,0,0,7,7,0.0,0.0,0.0,0.0,1.0,0.0,0.0,255,255,1.0,0.0,0.0,0.0,0.0,0.0,0.0,0.0,0,439.0
0,1,19,9,7422,0,0,0,0,0,0,0,0,0,0,0,0,0,0,0,0,0,13,29,0.0,0.0,0.0,0.0,1.0,0.0,0.07,84,51,0.3,0.04,0.3,0.04,0.0,0.0,0.0,0.0,0,112533.0
0,1,25,5,0,0,0,0,0,0,0,0,0,0,0,0,0,0,0,0,0,0,280,11,1.0,1.0,0.0,0.0,0.04,0.06,0.0,255,11,0.04,0.08,0.0,0.0,1.0,1.0,0.0,0.0,1,112224.0
0,0,13,9,8,0,0,0,0,0,0,0,0,0,0,0,0,0,0,0,0,0,1,50,0.0,0.0,0.0,0.0,1.0,0.0,1.0,1,31,1.0,0.0,1.0,0.52,0.0,0.0,0.0,0.0,1,58899.0
0,0,14,9,1032,0,0,0,0,0,0,0,0,0,0,0,0,0,0,0,0,0,240,240,0.0,0.0,0.0,0.0,1.0,0.0,0.0,255,255,1.0,0.0,1.0,0.0,0.0,0.0,0.0,0.0,1,6769.0
0,2,44,9,1,0,0,0,0,0,0,0,0,0,0,0,0,0,0,0,0,0,32,32,0.0,0.0,0.0,0.0,1.0,0.0,0.0,100,32,0.32,0.05,0.35,0.0,0.0,0.0,0.0,0.0,1,5353.0
0,2,11,9,43,71,0,0,0,0,0,0,0,0,0,0,0,0,0,0,0,0,220,220,0.0,0.0,0.0,0.0,1.0,0.0,0.0,255,255,1.0,0.0,0.01,0.0,0.0,0.0,0.0,0.0,0,63295.0
0,1,49,9,761,330,0,0,0,0,0,1,0,0,0,0,0,0,0,0,0,0,1,1,0.0,0.0,0.0,0.0,1.0,0.0,0.0,66,120,0.32,0.05,0.02,0.02,0.0,0.0,0.0,0.0,0,23310.0
0,1,50,5,0,0,0,0,0,0,0,0,0,0,0,0,0,0,0,0,0,0,17,7,1.0,1.0,0.0,0.0,0.41,0.24,0.0,255,7,0.03,0.08,0.0,0.0,1.0,1.0,0.0,0.0,1,56624.0
0,1,57,5,0,0,0,0,0,0,0,0,0,0,0,0,0,0,0,0,0,0,135,17,1.0,1.0,0.0,0.0,0.13,0.05,0.0,255,16,0.06,0.06,0.0,0.0,1.0,1.0,0.0,0.0,1,118589.0
0,1,44,5,0,0,0,0,0,0,0,0,0,0,0,0,0,0,0,0,0,0,284,10,1.0,1.0,0.0,0.0,0.04,0.06,0.0,255,20,0.08,0.07,0.0,0.0,1.0,1.0,0.0,0.0,1,116852.0
0,1,44,5,0,0,0,0,0,0,0,0,0,0,0,0,0,0,0,0,0,0,143,15,1.0,1.0,0.0,0.0,0.1,0.06,0.0,255,9,0.04,0.08,0.0,0.0,1.0,1.0,0.0,0.0,1,71805.0
0,2,11,9,33,0,0,0,0,0,0,0,0,0,0,0,0,0,0,0,0,0,3,14,0.0,0.0,0.0,0.0,1.0,0.0,0.29,203,15,0.05,0.03,0.05,0.13,0.0,0.0,0.0,0.0,0,14235.0
0,1,19,9,88382,0,0,0,0,0,0,1,0,0,0,1,0,0,0,0,0,0,15,16,0.0,0.0,0.0,0.0,1.0,0.0,0.12,255,101,0.4,0.02,0.4,0.0,0.0,0.0,0.02,0.0,0,104401.0
0,1,22,9,297,1334,0,0,0,0,0,1,0,0,0,0,0,0,0,0,0,0,7,8,0.0,0.0,0.0,0.0,1.0,0.0,0.25,20,255,1.0,0.0,0.05,0.02,0.0,0.0,0.0,0.0,0,61470.0
0,2,40,9,516,4,0,0,0,0,0,0,0,0,0,0,0,0,0,0,0,0,258,258,0.0,0.0,0.0,0.0,1.0,0.0,0.0,255,255,1.0,0.0,1.0,0.0,0.0,0.0,0.0,0.0,0,60610.0
0,1,44,5,0,0,0,0,0,0,0,0,0,0,0,0,0,0,0,0,0,0,278,4,1.0,1.0,0.0,0.0,0.01,0.06,0.0,255,3,0.01,0.08,0.0,0.0,1.0,1.0,0.0,0.0,1,12835.0
0,1,22,9,194,1232,0,0,0,0,0,1,0,0,0,0,0,0,0,0,0,0,9,9,0.0,0.0,0.0,0.0,1.0,0.0,0.0,33,255,1.0,0.0,0.03,0.01,0.0,0.0,0.0,0.0,0,44245.0
0,1,22,9,223,267,0,0,0,0,0,1,0,0,0,0,0,0,0,0,0,0,26,66,0.0,0.02,0.0,0.0,1.0,0.0,0.08,255,255,1.0,0.0,0.0,0.0,0.0,0.0,0.0,0.0,0,53341.0
0,1,22,9,335,5280,0,0,0,0,0,1,0,0,0,0,0,0,0,0,0,0,6,6,0.0,0.0,0.0,0.0,1.0,0.0,0.0,255,255,1.0,0.0,0.0,0.0,0.0,0.0,0.0,0.0,0,96380.0
5,1,49,9,688,324,0,0,0,0,0,1,0,0,0,0,0,0,0,0,0,0,1,1,0.0,0.0,0.0,0.0,1.0,0.0,0.0,45,195,0.84,0.07,0.02,0.02,0.0,0.0,0.02,0.06,0,56831.0
0,1,22,9,228,45263,0,0,0,0,0,1,0,0,0,0,0,0,0,0,0,0,43,43,0.0,0.0,0.0,0.0,1.0,0.0,0.0,113,255,1.0,0.0,0.01,0.02,0.0,0.01,0.0,0.0,0,46570.0
0,1,44,5,0,0,0,0,0,0,0,0,0,0,0,0,0,0,0,0,0,0,212,9,1.0,1.0,0.0,0.0,0.04,0.07,0.0,255,15,0.06,0.08,0.0,0.0,1.0,1.0,0.0,0.0,1,30434.0
4689,2,40,9,147,105,0,0,0,0,0,0,0,0,0,0,0,0,0,0,0,0,1,1,0.0,0.0,0.0,0.0,1.0,0.0,0.0,255,1,0.0,0.62,0.96,0.0,0.0,0.0,0.0,0.0,0,97084.0
4,2,44,9,105,146,0,0,0,0,0,0,0,0,0,0,0,0,0,0,0,0,2,2,0.0,0.0,0.0,0.0,1.0,0.0,0.0,255,245,0.96,0.01,0.01,0.0,0.0,0.0,0.0,0.0,0,47208.0
0,1,44,5,0,0,0,0,0,0,0,0,0,0,0,0,0,0,0,0,0,0,58,1,1.0,1.0,0.0,0.0,0.02,0.09,0.0,255,18,0.07,0.07,0.0,0.0,1.0,1.0,0.0,0.0,1,12586.0
0,2,11,9,44,126,0,0,0,0,0,0,0,0,0,0,0,0,0,0,0,0,168,167,0.0,0.0,0.0,0.0,0.99,0.01,0.0,57,24,0.42,0.04,0.02,0.0,0.0,0.0,0.0,0.0,0,73685.0
0,1,19,9,383,0,0,0,0,0,0,0,0,0,0,0,0,0,0,0,0,0,2,2,0.0,0.0,0.0,0.0,1.0,0.0,0.0,255,95,0.37,0.04,0.38,0.0,0.0,0.01,0.01,0.0,0,38284.0
0,1,22,9,222,623,0,0,0,0,0,1,0,0,0,0,0,0,0,0,0,0,5,6,0.0,0.0,0.0,0.0,1.0,0.0,0.33,5,255,1.0,0.0,0.2,0.04,0.0,0.0,0.0,0.0,0,125793.0
0,2,44,9,1,0,0,0,0,0,0,0,0,0,0,0,0,0,0,0,0,0,14,14,0.0,0.0,0.0,0.0,1.0,0.0,0.0,255,85,0.33,0.09,0.96,0.0,0.0,0.0,0.04,0.0,1,103484.0
0,2,11,9,44,127,0,0,0,0,0,0,0,0,0,0,0,0,0,0,0,0,70,150,0.0,0.0,0.0,0.0,1.0,0.0,0.01,255,254,1.0,0.01,0.0,0.0,0.0,0.0,0.0,0.0,0,26862.0
0,1,22,5,0,0,0,0,0,0,0,0,0,0,0,0,0,0,0,0,0,0,259,6,1.0,1.0,0.0,0.0,0.02,0.07,0.0,255,6,0.02,0.07,0.0,0.0,1.0,1.0,0.0,0.0,1,112662.0
32442,1,0,4,4568,14677,0,0,0,0,0,0,0,0,0,0,0,0,0,0,0,0,1,1,0.0,0.0,1.0,1.0,1.0,0.0,0.0,7,3,0.43,0.43,0.14,0.0,0.0,0.0,0.43,1.0,0,103935.0
3,1,49,9,1181,332,0,0,0,0,0,1,0,0,0,0,0,0,0,0,0,0,1,3,0.0,0.0,0.0,0.0,1.0,0.0,1.0,217,120,0.44,0.04,0.0,0.02,0.0,0.0,0.0,0.0,0,71011.0
0,1,22,9,288,2307,0,0,0,0,0,1,0,0,0,0,0,0,0,0,0,0,9,28,0.0,0.0,0.0,0.0,1.0,0.0,0.11,112,255,1.0,0.0,0.01,0.03,0.01,0.01,0.0,0.0,0,100247.0
0,1,22,1,0,0,0,0,0,0,0,0,0,0,0,0,0,0,0,0,0,0,1,1,0.0,0.0,1.0,1.0,1.0,0.0,0.0,6,39,1.0,0.0,0.17,0.26,0.0,0.0,1.0,1.0,0,34907.0
0,1,22,9,280,88287,0,0,0,0,0,1,0,0,0,0,0,0,0,0,0,0,7,7,0.0,0.0,0.0,0.0,1.0,0.0,0.0,7,15,1.0,0.0,0.14,0.2,0.0,0.0,0.0,0.0,0,90350.0
0,2,11,9,44,134,0,0,0,0,0,0,0,0,0,0,0,0,0,0,0,0,79,159,0.0,0.0,0.0,0.0,1.0,0.0,0.01,255,254,1.0,0.01,0.0,0.0,0.0,0.0,0.0,0.0,0,11484.0
0,1,44,5,0,0,0,0,0,0,0,0,0,0,0,0,0,0,0,0,0,0,106,12,1.0,1.0,0.0,0.0,0.11,0.05,0.0,255,12,0.05,0.05,0.0,0.0,1.0,1.0,0.0,0.0,1,67390.0
0,1,4,5,0,0,0,0,0,0,0,0,0,0,0,0,0,0,0,0,0,0,253,3,1.0,1.0,0.0,0.0,0.01,0.07,0.0,255,3,0.01,0.07,0.0,0.0,1.0,1.0,0.0,0.0,1,48541.0
0,1,49,9,1277,330,0,0,0,0,0,1,0,0,0,0,0,0,0,0,0,0,1,1,0.0,0.0,0.0,0.0,1.0,0.0,0.0,50,42,0.84,0.1,0.02,0.0,0.02,0.02,0.0,0.0,0,36708.0
0,1,22,9,225,653,0,0,0,0,0,1,0,0,0,0,0,0,0,0,0,0,3,3,0.0,0.0,0.0,0.0,1.0,0.0,0.0,21,255,1.0,0.0,0.05,0.05,0.0,0.0,0.0,0.0,0,61322.0
0,1,22,9,246,11868,0,0,0,0,0,1,0,0,0,0,0,0,0,0,0,0,8,8,0.0,0.0,0.0,0.0,1.0,0.0,0.0,255,255,1.0,0.0,0.0,0.0,0.0,0.0,0.0,0.0,0,65180.0
0,1,30,5,0,0,0,0,0,0,0,0,0,0,0,0,0,0,0,0,0,0,149,25,1.0,1.0,0.0,0.0,0.17,0.05,0.0,255,25,0.1,0.05,0.0,0.0,1.0,1.0,0.0,0.0,1,2499.0
0,1,38,5,0,0,0,0,0,0,0,0,0,0,0,0,0,0,0,0,0,0,165,17,1.0,1.0,0.0,0.0,0.1,0.05,0.0,255,17,0.07,0.05,0.0,0.0,1.0,1.0,0.0,0.0,1,117595.0
0,1,22,9,298,752,0,0,0,0,0,1,0,0,0,0,0,0,0,0,0,0,9,9,0.0,0.0,0.0,0.0,1.0,0.0,0.0,14,255,1.0,0.0,0.07,0.03,0.0,0.0,0.0,0.0,0,91427.0
0,2,11,9,45,142,0,0,0,0,0,0,0,0,0,0,0,0,0,0,0,0,234,311,0.0,0.0,0.0,0.0,1.0,0.0,0.01,159,120,0.75,0.02,0.01,0.0,0.0,0.0,0.0,0.0,0,45138.0
0,1,55,5,0,0,0,0,0,0,0,0,0,0,0,0,0,0,0,0,0,0,235,17,1.0,1.0,0.0,0.0,0.07,0.06,0.0,255,17,0.07,0.07,0.0,0.0,1.0,1.0,0.0,0.0,1,38310.0
3354,2,40,9,146,105,0,0,0,0,0,0,0,0,0,0,0,0,0,0,0,0,4,2,0.0,0.0,0.0,0.0,0.5,0.5,0.0,255,2,0.01,0.52,0.92,0.0,0.0,0.0,0.0,0.0,0,52460.0
0,1,22,9,302,1548,0,0,0,0,0,1,0,0,0,0,0,0,0,0,0,0,18,18,0.0,0.0,0.0,0.0,1.0,0.0,0.0,18,255,1.0,0.0,0.06,0.04,0.0,0.0,0.0,0.0,0,64682.0
0,1,44,5,0,0,0,0,0,0,0,0,0,0,0,0,0,0,0,0,0,0,27,6,1.0,1.0,0.0,0.0,0.22,0.22,0.0,255,6,0.02,0.08,0.0,0.0,1.0,1.0,0.0,0.0,1,1783.0
0,1,22,9,282,21896,0,0,0,0,0,1,0,0,0,0,0,0,0,0,0,0,6,6,0.0,0.0,0.0,0.0,1.0,0.0,0.0,134,255,1.0,0.0,0.01,0.05,0.0,0.0,0.01,0.01,0,84446.0
0,1,22,9,329,1284,0,0,0,0,0,1,0,0,0,0,0,0,0,0,0,0,2,2,0.0,0.0,0.0,0.0,1.0,0.0,0.0,2,255,1.0,0.0,0.5,0.04,0.0,0.0,0.0,0.0,0,88020.0
9,1,49,9,1293,325,0,0,0,0,0,1,0,0,0,0,0,0,0,0,0,0,1,2,0.0,0.0,0.0,0.0,1.0,0.0,1.0,172,93,0.54,0.03,0.01,0.0,0.0,0.0,0.0,0.0,0,10574.0
0,1,30,5,0,0,0,0,0,0,0,0,0,0,0,0,0,0,0,0,0,0,141,8,1.0,1.0,0.0,0.0,0.06,0.05,0.0,255,8,0.03,0.05,0.0,0.0,1.0,1.0,0.0,0.0,1,35501.0
0,1,22,9,175,4785,0,0,0,0,0,1,0,0,0,0,0,0,0,0,0,0,2,2,0.0,0.0,0.0,0.0,1.0,0.0,0.0,151,255,1.0,0.0,0.01,0.01,0.0,0.0,0.0,0.0,0,98768.0
12693,1,40,4,16980503,0,0,0,0,0,0,0,0,0,0,0,0,0,0,0,0,0,2,2,0.0,0.0,1.0,1.0,1.0,0.0,0.0,255,2,0.01,0.64,1.0,0.0,0.0,0.0,1.0,1.0,1,112162.0
0,2,11,9,44,115,0,0,0,0,0,0,0,0,0,0,0,0,0,0,0,0,2,1,0.0,0.0,0.0,0.0,0.5,1.0,0.0,20,13,0.65,0.15,0.05,0.0,0.0,0.0,0.0,0.0,0,111848.0
0,1,22,9,343,492,0,0,0,0,0,1,0,0,0,0,0,0,0,0,0,0,26,34,0.0,0.0,0.0,0.0,1.0,0.0,0.15,255,255,1.0,0.0,0.0,0.0,0.0,0.0,0.0,0.0,0,93068.0
0,1,22,9,203,171,0,0,0,0,0,1,0,0,0,0,0,0,0,0,0,0,20,20,0.0,0.0,0.0,0.0,1.0,0.0,0.0,236,255,1.0,0.0,0.0,0.01,0.0,0.0,0.0,0.0,0,77410.0
0,1,44,5,0,0,0,0,0,0,0,0,0,0,0,0,0,0,0,0,0,0,220,19,1.0,1.0,0.0,0.0,0.09,0.05,0.0,255,19,0.07,0.06,0.0,0.0,1.0,1.0,0.0,0.0,1,40515.0
0,1,22,9,214,321,0,0,0,0,0,1,0,0,0,0,0,0,0,0,0,0,38,55,0.0,0.0,0.0,0.0,1.0,0.0,0.04,255,255,1.0,0.0,0.0,0.0,0.0,0.0,0.0,0.0,0,65489.0
0,1,49,9,631,328,0,0,0,0,0,1,0,0,0,0,0,0,0,0,0,0,1,1,0.0,0.0,0.0,0.0,1.0,0.0,0.0,14,13,0.93,0.14,0.07,0.0,0.0,0.0,0.0,0.0,0,108724.0
0,1,22,9,253,13838,0,0,0,0,0,1,0,0,0,0,0,0,0,0,0,0,1,1,0.0,0.0,0.0,0.0,1.0,0.0,0.0,8,255,1.0,0.0,0.12,0.04,0.0,0.0,0.0,0.0,0,56928.0
4549,2,40,9,146,105,0,0,0,0,0,0,0,0,0,0,0,0,0,0,0,0,2,2,0.0,0.0,0.0,0.0,1.0,0.0,0.0,255,3,0.01,0.85,0.99,0.0,0.0,0.0,0.0,0.0,0,113696.0
0,1,22,9,287,1616,0,0,0,0,0,1,0,0,0,0,0,0,0,0,0,0,18,43,0.0,0.0,0.0,0.0,1.0,0.0,0.07,50,255,1.0,0.0,0.02,0.06,0.0,0.0,0.0,0.0,0,112911.0
0,1,22,9,323,2462,0,0,0,0,0,1,0,0,0,0,0,0,0,0,0,0,9,9,0.0,0.0,0.0,0.0,1.0,0.0,0.0,9,255,1.0,0.0,0.11,0.05,0.0,0.0,0.0,0.0,0,42218.0
762,1,55,9,605,20848,0,0,0,0,0,1,3,0,0,0,0,0,0,0,0,0,1,1,0.0,0.0,0.0,0.0,1.0,0.0,0.0,255,12,0.05,0.65,0.0,0.0,0.64,0.17,0.0,0.0,0,45311.0
1,1,44,3,0,0,0,0,0,0,0,0,0,0,0,0,0,0,0,0,0,0,157,2,0.69,0.5,0.31,0.5,0.01,0.38,0.0,255,2,0.01,0.24,0.62,0.0,0.43,0.5,0.19,0.5,1,116472.0
0,1,31,5,0,0,0,0,0,0,0,0,0,0,0,0,0,0,0,0,0,0,300,20,1.0,1.0,0.0,0.0,0.07,0.06,0.0,255,20,0.08,0.07,0.0,0.0,1.0,1.0,0.0,0.0,1,10856.0
0,1,22,9,237,3952,0,0,0,0,0,1,0,0,0,0,0,0,0,0,0,0,7,7,0.0,0.0,0.0,0.0,1.0,0.0,0.0,7,255,1.0,0.0,0.14,0.03,0.0,0.0,0.0,0.0,0,35026.0
0,1,22,9,224,7989,0,0,0,0,0,1,0,0,0,0,0,0,0,0,0,0,2,45,0.0,0.0,0.0,0.0,1.0,0.0,0.11,88,255,1.0,0.0,0.01,0.04,0.0,0.0,0.0,0.0,0,88611.0
0,1,22,9,237,801,0,0,0,0,0,1,0,0,0,0,0,0,0,0,0,0,6,6,0.0,0.0,0.0,0.0,1.0,0.0,0.0,112,255,1.0,0.0,0.01,0.02,0.0,0.0,0.0,0.0,0,66341.0
0,1,22,9,295,1680,0,0,0,0,0,1,0,0,0,0,0,0,0,0,0,0,6,6,0.0,0.0,0.0,0.0,1.0,0.0,0.0,152,255,1.0,0.0,0.01,0.02,0.01,0.0,0.0,0.0,0,111819.0
0,1,2,5,0,0,0,0,0,0,0,0,0,0,0,0,0,0,0,0,0,0,103,2,1.0,1.0,0.0,0.0,0.02,0.07,0.0,255,2,0.01,0.05,0.0,0.0,1.0,1.0,0.0,0.0,1,77170.0
0,1,29,5,0,0,0,0,0,0,0,0,0,0,0,0,0,0,0,0,0,0,274,23,1.0,1.0,0.0,0.0,0.08,0.04,0.0,255,23,0.09,0.05,0.0,0.0,1.0,1.0,0.0,0.0,1,51038.0
0,1,44,1,0,0,0,0,0,0,0,0,0,0,0,0,0,0,0,0,0,0,243,7,0.0,0.0,1.0,1.0,0.03,0.06,0.0,255,7,0.03,0.08,0.0,0.0,0.0,0.0,1.0,1.0,1,12735.0
0,1,26,5,0,0,0,0,0,0,0,0,0,0,0,0,0,0,0,0,0,0,104,18,1.0,1.0,0.0,0.0,0.17,0.06,0.0,255,15,0.06,0.07,0.0,0.0,1.0,1.0,0.0,0.0,1,37156.0
0,1,22,9,213,6529,0,0,0,0,0,1,0,0,0,0,0,0,0,0,0,0,3,11,0.0,0.0,0.0,0.0,1.0,0.0,0.27,3,255,1.0,0.0,0.33,0.03,0.0,0.0,0.0,0.0,0,108442.0
0,1,19,9,12286,0,0,0,0,0,0,1,0,0,0,0,0,0,0,0,0,0,3,3,0.0,0.0,0.0,0.0,1.0,0.0,0.0,183,137,0.58,0.03,0.58,0.01,0.0,0.0,0.0,0.0,0,55246.0
0,1,22,9,215,525,0,0,0,0,0,1,0,0,0,0,0,0,0,0,0,0,2,3,0.0,0.0,0.0,0.0,1.0,0.0,0.67,7,255,1.0,0.0,0.14,0.03,0.0,0.0,0.0,0.0,0,88356.0
0,1,22,9,257,259,0,0,0,0,0,1,0,0,0,0,0,0,0,0,0,0,27,27,0.0,0.0,0.0,0.0,1.0,0.0,0.0,255,255,1.0,0.0,0.0,0.0,0.0,0.0,0.0,0.0,0,38897.0
0,1,19,9,15377,0,0,0,0,0,0,1,0,0,0,0,0,0,0,0,0,0,8,8,0.0,0.0,0.0,0.0,1.0,0.0,0.0,205,81,0.3,0.04,0.3,0.02,0.01,0.0,0.0,0.0,0,16700.0
0,1,44,5,0,0,0,0,0,0,0,0,0,0,0,0,0,0,0,0,0,0,194,19,1.0,1.0,0.0,0.0,0.1,0.06,0.0,255,9,0.04,0.07,0.0,0.0,1.0,1.0,0.0,0.0,1,28905.0
0,1,22,9,207,342,0,0,0,0,0,1,0,0,0,0,0,0,0,0,0,0,21,25,0.0,0.0,0.05,0.12,1.0,0.0,0.08,255,255,1.0,0.0,0.0,0.0,0.0,0.0,0.0,0.0,0,10508.0
0,1,12,5,0,0,0,0,0,0,0,0,0,0,0,0,0,0,0,0,0,0,225,25,1.0,1.0,0.0,0.0,0.11,0.05,0.0,255,25,0.1,0.05,0.0,0.0,1.0,1.0,0.0,0.0,1,21928.0
0,0,13,9,8,0,0,0,0,0,0,0,0,0,0,0,0,0,0,0,0,0,1,36,0.0,0.0,0.0,0.0,1.0,0.0,1.0,3,99,1.0,0.0,1.0,0.25,0.0,0.0,0.0,0.0,1,19367.0
0,1,22,9,244,600,0,0,0,0,0,1,0,0,0,0,0,0,0,0,0,0,4,4,0.0,0.0,0.0,0.0,1.0,0.0,0.0,255,255,1.0,0.0,0.0,0.0,0.0,0.0,0.0,0.0,0,27785.0
0,1,22,9,354,398,0,0,0,0,0,1,0,0,0,0,0,0,0,0,0,0,5,5,0.0,0.0,0.0,0.0,1.0,0.0,0.0,255,255,1.0,0.0,0.0,0.0,0.0,0.0,0.0,0.0,0,122840.0
0,0,58,9,70,0,0,0,0,0,0,0,0,0,0,0,0,0,0,0,0,0,17,1,0.0,0.0,0.0,0.0,0.06,0.18,0.0,255,20,0.08,0.01,0.08,0.0,0.0,0.0,0.0,0.0,0,41399.0
27241,1,44,4,1,0,0,0,0,0,0,0,0,0,0,0,0,0,0,0,0,0,2,2,0.0,0.0,1.0,1.0,1.0,0.0,0.0,255,2,0.01,0.74,1.0,0.0,0.0,0.0,1.0,1.0,1,14397.0
0,1,19,9,12,0,0,0,0,0,0,1,0,0,0,0,0,0,0,0,0,0,1,1,0.0,0.0,0.0,0.0,1.0,0.0,0.0,14,5,0.36,0.21,0.36,0.0,0.0,0.0,0.0,0.0,0,100482.0
0,0,14,9,1032,0,0,0,0,0,0,0,0,0,0,0,0,0,0,0,0,0,511,511,0.0,0.0,0.0,0.0,1.0,0.0,0.0,255,43,0.17,0.04,0.17,0.0,0.25,0.0,0.02,0.0,1,120752.0
0,1,22,9,244,261,0,0,0,0,0,1,0,0,0,0,0,0,0,0,0,0,29,29,0.0,0.0,0.0,0.0,1.0,0.0,0.0,107,255,1.0,0.0,0.01,0.05,0.0,0.0,0.0,0.0,0,46941.0
0,1,22,1,0,0,0,0,0,0,0,0,0,0,0,0,0,0,0,0,0,0,1,9,0.0,0.0,1.0,0.33,1.0,0.0,0.44,0,0,0.0,0.0,0.0,0.0,0.0,0.0,0.0,0.0,0,122817.0
0,1,22,9,331,5541,0,0,0,0,0,1,0,0,0,0,0,0,0,0,0,0,1,26,0.0,0.0,0.0,0.0,1.0,0.0,0.12,15,255,1.0,0.0,0.07,0.06,0.0,0.0,0.0,0.0,0,100495.0
0,1,22,9,54540,8314,0,0,0,2,0,1,1,0,0,0,0,0,0,0,0,0,4,4,0.0,0.0,0.0,0.0,1.0,0.0,0.0,189,189,1.0,0.0,0.01,0.0,0.0,0.0,0.05,0.05,1,122628.0
0,1,55,5,0,0,0,0,0,0,0,0,0,0,0,0,0,0,0,0,0,0,12,2,1.0,1.0,0.0,0.0,0.17,0.33,0.0,255,63,0.25,0.02,0.0,0.0,1.0,1.0,0.0,0.0,1,118011.0
0,1,30,5,0,0,0,0,0,0,0,0,0,0,0,0,0,0,0,0,0,0,73,10,1.0,1.0,0.0,0.0,0.14,0.07,0.0,255,10,0.04,0.06,0.0,0.0,1.0,1.0,0.0,0.0,1,17460.0
0,1,22,9,259,14271,0,0,0,0,0,1,0,0,0,0,0,0,0,0,0,0,1,11,0.0,0.0,0.0,0.0,1.0,0.0,0.18,1,255,1.0,0.0,1.0,0.01,0.0,0.0,0.0,0.0,0,34668.0
0,1,44,5,0,0,0,0,0,0,0,0,0,0,0,0,0,0,0,0,0,0,138,1,1.0,1.0,0.0,0.0,0.01,0.07,0.0,255,3,0.01,0.08,0.0,0.0,1.0,1.0,0.0,0.0,1,43443.0
0,1,10,5,0,0,0,0,0,0,0,0,0,0,0,0,0,0,0,0,0,0,287,7,1.0,1.0,0.0,0.0,0.02,0.06,0.0,255,6,0.02,0.08,0.0,0.0,1.0,1.0,0.0,0.0,1,99283.0
0,2,11,9,44,110,0,0,0,0,0,0,0,0,0,0,0,0,0,0,0,0,43,123,0.0,0.0,0.0,0.0,1.0,0.0,0.02,245,191,0.78,0.01,0.0,0.0,0.0,0.0,0.0,0.0,0,102639.0
0,1,3,9,10,38,0,0,0,0,0,0,0,0,0,0,0,0,0,0,0,0,2,1,0.0,0.0,0.0,0.0,0.5,1.0,0.0,57,2,0.04,0.09,0.02,0.0,0.02,0.0,0.0,0.0,0,34348.0
0,1,22,9,309,2861,0,0,0,0,0,1,0,0,0,0,0,0,0,0,0,0,2,3,0.0,0.0,0.0,0.0,1.0,0.0,0.67,40,255,1.0,0.0,0.03,0.06,0.0,0.0,0.0,0.0,0,72109.0
0,1,44,5,0,0,0,0,0,0,0,0,0,0,0,0,0,0,0,0,0,0,127,22,1.0,1.0,0.0,0.0,0.17,0.06,0.0,255,1,0.0,0.06,0.0,0.0,1.0,1.0,0.0,0.0,1,85816.0
0,2,11,9,42,123,0,0,0,0,0,0,0,0,0,0,0,0,0,0,0,0,85,132,0.0,0.0,0.0,0.0,1.0,0.0,0.02,255,253,0.99,0.01,0.0,0.0,0.0,0.0,0.0,0.0,0,105010.0
0,1,23,5,0,0,0,0,0,0,0,0,0,0,0,0,0,0,0,0,0,0,144,4,1.0,1.0,0.0,0.0,0.03,0.06,0.0,255,4,0.02,0.07,0.0,0.0,1.0,1.0,0.0,0.0,1,29973.0
300,1,55,9,92,780,0,0,0,0,1,0,0,0,0,0,0,0,0,0,0,0,1,1,0.0,0.0,0.0,0.0,1.0,0.0,0.0,240,66,0.28,0.02,0.0,0.0,0.0,0.0,0.0,0.0,0,72194.0
0,1,10,1,0,0,0,0,0,0,0,0,0,0,0,0,0,0,0,0,0,0,259,9,0.0,0.0,1.0,1.0,0.03,0.07,0.0,255,9,0.04,0.08,0.0,0.0,0.0,0.0,1.0,1.0,1,64629.0
0,1,22,9,190,1198,0,0,0,0,0,1,0,0,0,0,0,0,0,0,0,0,2,2,0.0,0.0,0.0,0.0,1.0,0.0,0.0,58,255,1.0,0.0,0.02,0.05,0.0,0.0,0.0,0.0,0,28587.0
5,2,44,9,105,146,0,0,0,0,0,0,0,0,0,0,0,0,0,0,0,0,2,2,0.0,0.0,0.0,0.0,1.0,0.0,0.0,255,226,0.89,0.01,0.01,0.0,0.0,0.0,0.0,0.0,0,27721.0
0,2,11,9,45,45,0,0,0,0,0,0,0,0,0,0,0,0,0,0,0,0,84,128,0.0,0.0,0.0,0.0,1.0,0.0,0.02,255,255,1.0,0.0,0.01,0.0,0.0,0.0,0.0,0.0,0,98978.0
0,1,22,9,247,1680,0,0,0,0,0,1,0,0,0,0,0,0,0,0,0,0,3,4,0.0,0.0,0.0,0.0,1.0,0.0,0.5,227,255,1.0,0.0,0.0,0.02,0.0,0.0,0.0,0.0,0,15915.0
0,1,44,5,0,0,0,0,0,0,0,0,0,0,0,0,0,0,0,0,0,0,108,6,1.0,1.0,0.0,0.0,0.06,0.06,0.0,255,1,0.0,0.07,0.0,0.0,1.0,1.0,0.0,0.0,1,23285.0
0,1,22,9,207,16806,0,0,0,0,0,1,0,0,0,0,0,0,0,0,0,0,5,5,0.0,0.0,0.0,0.0,1.0,0.0,0.0,133,255,1.0,0.0,0.01,0.05,0.0,0.0,0.0,0.0,0,50757.0
0,1,22,9,209,1817,0,0,0,0,0,1,0,0,0,0,0,0,0,0,0,0,24,24,0.0,0.0,0.0,0.0,1.0,0.0,0.0,115,255,1.0,0.0,0.01,0.03,0.01,0.0,0.0,0.0,0,9610.0
0,1,26,5,0,0,0,0,0,0,0,0,0,0,0,0,0,0,0,0,0,0,148,3,1.0,1.0,0.0,0.0,0.02,0.05,0.0,255,3,0.01,0.05,0.0,0.0,1.0,1.0,0.0,0.0,1,2408.0
0,1,44,1,0,0,0,0,0,0,0,0,0,0,0,0,0,0,0,0,0,0,85,8,0.0,0.0,1.0,1.0,0.09,0.07,0.0,255,8,0.03,0.06,0.0,0.0,0.0,0.0,1.0,1.0,1,115418.0
0,1,22,9,302,280,0,0,0,0,0,1,0,0,0,0,0,0,0,0,0,0,6,16,0.0,0.0,0.0,0.0,1.0,0.0,0.31,255,255,1.0,0.0,0.0,0.0,0.0,0.0,0.0,0.0,0,62355.0
0,1,22,9,348,1114,0,0,0,0,0,1,0,0,0,0,0,0,0,0,0,0,4,4,0.0,0.0,0.0,0.0,1.0,0.0,0.0,83,255,1.0,0.0,0.01,0.04,0.0,0.01,0.0,0.0,0,74056.0
0,2,11,9,44,44,0,0,0,0,0,0,0,0,0,0,0,0,0,0,0,0,164,164,0.0,0.0,0.0,0.0,1.0,0.0,0.0,255,255,1.0,0.0,0.0,0.0,0.0,0.0,0.0,0.0,0,14912.0
11921,1,55,9,90,927,0,0,0,0,0,1,0,0,0,0,0,0,0,0,0,0,1,1,0.0,0.0,0.0,0.0,1.0,0.0,0.0,104,19,0.18,0.05,0.01,0.0,0.01,0.05,0.0,0.0,0,96029.0
0,1,19,9,1030,0,0,0,0,0,0,1,0,0,0,0,0,0,0,0,0,0,13,13,0.0,0.0,0.0,0.0,1.0,0.0,0.0,204,51,0.25,0.02,0.25,0.0,0.0,0.0,0.0,0.0,0,51019.0
0,1,22,9,207,2055,0,0,0,0,0,1,0,0,0,0,0,0,0,0,0,0,3,3,0.0,0.0,0.0,0.0,1.0,0.0,0.0,255,255,1.0,0.0,0.0,0.0,0.0,0.0,0.0,0.0,0,78411.0
0,1,55,5,0,0,0,0,0,0,0,0,0,0,0,0,0,0,0,0,0,0,277,6,1.0,1.0,0.0,0.0,0.02,0.06,0.0,255,6,0.02,0.07,0.0,0.0,1.0,1.0,0.0,0.0,1,52860.0
0,1,2,5,0,0,0,0,0,0,0,0,0,0,0,0,0,0,0,0,0,0,252,12,1.0,1.0,0.0,0.0,0.05,0.05,0.0,255,12,0.05,0.06,0.0,0.0,1.0,1.0,0.0,0.0,1,124745.0
0,1,25,5,0,0,0,0,0,0,0,0,0,0,0,0,0,0,0,0,0,0,274,18,1.0,1.0,0.0,0.0,0.07,0.07,0.0,255,18,0.07,0.06,0.0,0.0,1.0,1.0,0.0,0.0,1,69136.0
0,1,59,5,0,0,0,0,0,0,0,0,0,0,0,0,0,0,0,0,0,0,107,7,1.0,1.0,0.0,0.0,0.07,0.06,0.0,255,7,0.03,0.05,0.0,0.0,1.0,1.0,0.0,0.0,1,91487.0
0,2,11,9,44,126,0,0,0,0,0,0,0,0,0,0,0,0,0,0,0,0,70,150,0.0,0.0,0.0,0.0,1.0,0.0,0.01,255,233,0.91,0.01,0.0,0.0,0.0,0.0,0.0,0.0,0,77808.0
0,1,22,9,255,488,0,0,0,0,0,1,0,0,0,0,0,0,0,0,0,0,4,7,0.0,0.0,0.0,0.0,1.0,0.0,0.57,113,255,1.0,0.0,0.01,0.03,0.0,0.0,0.0,0.0,0,15646.0
0,1,22,9,311,435,0,0,0,0,0,1,0,0,0,0,0,0,0,0,0,0,26,26,0.0,0.0,0.0,0.0,1.0,0.0,0.0,53,255,1.0,0.0,0.02,0.01,0.0,0.0,0.0,0.0,0,119949.0
0,1,44,5,0,0,0,0,0,0,0,0,0,0,0,0,0,0,0,0,0,0,59,17,1.0,1.0,0.0,0.0,0.29,0.07,0.0,238,17,0.07,0.06,0.0,0.0,1.0,1.0,0.0,0.0,1,58979.0
0,1,22,9,218,454,0,0,0,0,0,1,0,0,0,0,0,0,0,0,0,0,18,18,0.0,0.0,0.0,0.0,1.0,0.0,0.0,255,255,1.0,0.0,0.0,0.0,0.0,0.0,0.0,0.0,0,122909.0
0,1,49,9,129,243,0,0,0,0,0,1,0,0,0,0,0,0,0,0,0,0,1,1,0.0,0.0,0.0,0.0,1.0,0.0,0.0,123,93,0.31,0.58,0.01,0.02,0.0,0.0,0.54,0.0,0,42922.0
0,1,8,5,0,0,0,0,0,0,0,0,0,0,0,0,0,0,0,0,0,0,116,3,1.0,1.0,0.0,0.0,0.03,0.07,0.0,255,1,0.0,0.07,0.0,0.0,1.0,1.0,0.0,0.0,1,5465.0
0,1,55,5,0,0,0,0,0,0,0,0,0,0,0,0,0,0,0,0,0,0,31,16,1.0,1.0,0.0,0.0,0.52,0.06,0.0,255,64,0.25,0.02,0.01,0.0,1.0,1.0,0.0,0.0,1,34017.0
0,1,60,1,0,0,0,0,0,0,0,0,0,0,0,0,0,0,0,0,0,0,202,2,0.0,0.0,1.0,1.0,0.01,0.06,0.0,255,2,0.01,0.07,0.0,0.0,0.0,0.0,1.0,1.0,1,12093.0
0,1,44,1,0,0,0,0,0,0,0,0,0,0,0,0,0,0,0,0,0,0,1,1,0.0,0.0,1.0,1.0,1.0,0.0,0.0,59,1,0.02,1.0,0.02,0.0,0.0,0.0,0.92,1.0,1,69610.0
0,1,44,1,0,0,0,0,0,0,0,0,0,0,0,0,0,0,0,0,0,0,177,16,0.0,0.0,1.0,1.0,0.09,0.06,0.0,255,16,0.06,0.08,0.0,0.0,0.0,0.0,1.0,1.0,1,97410.0
0,1,3,5,0,0,0,0,0,0,0,0,0,0,0,0,0,0,0,0,0,0,217,17,1.0,1.0,0.0,0.0,0.08,0.06,0.0,255,17,0.07,0.07,0.0,0.0,1.0,1.0,0.0,0.0,1,13755.0
0,1,29,5,0,0,0,0,0,0,0,0,0,0,0,0,0,0,0,0,0,0,248,21,1.0,1.0,0.0,0.0,0.08,0.05,0.0,255,21,0.08,0.05,0.0,0.0,1.0,1.0,0.0,0.0,1,62119.0
0,1,49,9,2697,331,0,0,0,0,0,1,0,0,0,0,0,0,0,0,0,0,1,1,0.0,0.0,0.0,0.0,1.0,0.0,0.0,255,87,0.34,0.03,0.0,0.0,0.01,0.02,0.0,0.0,0,850.0
0,1,22,9,254,2467,0,0,0,0,0,1,0,0,0,0,0,0,0,0,0,0,2,2,0.0,0.0,0.0,0.0,1.0,0.0,0.0,255,252,0.99,0.01,0.0,0.0,0.0,0.0,0.0,0.0,0,26130.0
0,2,44,9,1,0,0,0,0,0,0,0,0,0,0,0,0,0,0,0,0,0,123,86,0.0,0.0,0.0,0.0,0.7,0.05,0.0,255,143,0.56,0.05,1.0,0.0,0.0,0.0,0.0,0.0,1,114607.0
0,0,13,9,8,0,0,0,0,0,0,0,0,0,0,0,0,0,0,0,0,0,1,45,0.0,0.0,0.0,0.0,1.0,0.0,1.0,1,58,1.0,0.0,1.0,0.52,0.0,0.0,0.0,0.0,1,125346.0
0,1,22,9,235,1718,0,0,0,0,0,1,0,0,0,0,0,0,0,0,0,0,4,4,0.0,0.0,0.0,0.0,1.0,0.0,0.0,90,255,1.0,0.0,0.01,0.02,0.0,0.0,0.0,0.0,0,100455.0
0,1,59,5,0,0,0,0,0,0,0,0,0,0,0,0,0,0,0,0,0,0,143,11,1.0,1.0,0.0,0.0,0.08,0.06,0.0,255,7,0.03,0.07,0.0,0.0,1.0,1.0,0.0,0.0,1,42971.0
0,1,22,9,251,1721,0,0,0,0,0,1,0,0,0,0,0,0,0,0,0,0,7,7,0.0,0.0,0.0,0.0,1.0,0.0,0.0,255,255,1.0,0.0,0.0,0.0,0.0,0.0,0.0,0.0,0,4633.0
0,1,61,5,0,0,0,0,0,0,0,0,0,0,0,0,0,0,0,0,0,0,202,1,1.0,1.0,0.0,0.0,0.0,0.07,0.0,255,1,0.0,0.08,0.0,0.0,1.0,1.0,0.0,0.0,1,16683.0
0,1,22,9,226,5087,0,0,0,0,0,1,0,0,0,0,0,0,0,0,0,0,18,22,0.0,0.0,0.0,0.0,1.0,0.0,0.09,68,255,1.0,0.0,0.01,0.03,0.0,0.0,0.0,0.0,0,18810.0
0,1,60,5,0,0,0,0,0,0,0,0,0,0,0,0,0,0,0,0,0,0,109,5,1.0,1.0,0.0,0.0,0.05,0.07,0.0,255,5,0.02,0.07,0.0,0.0,1.0,1.0,0.0,0.0,1,42859.0
0,1,22,9,222,2342,0,0,0,0,0,1,0,0,0,0,0,0,0,0,0,0,2,3,0.0,0.0,0.0,0.0,1.0,0.0,0.67,255,255,1.0,0.0,0.0,0.0,0.0,0.0,0.0,0.0,0,37896.0
0,1,22,9,352,6207,0,0,0,0,0,1,0,0,0,0,0,0,0,0,0,0,7,7,0.0,0.0,0.0,0.0,1.0,0.0,0.0,255,255,1.0,0.0,0.0,0.0,0.0,0.0,0.0,0.0,0,83663.0
0,1,22,5,0,0,0,0,0,0,0,0,0,0,0,0,0,0,0,0,0,0,20,10,1.0,1.0,0.0,0.0,0.5,0.1,0.0,255,66,0.26,0.02,0.0,0.0,1.0,1.0,0.0,0.0,1,29788.0
0,1,2,5,0,0,0,0,0,0,0,0,0,0,0,0,0,0,0,0,0,0,296,24,1.0,1.0,0.0,0.0,0.08,0.04,0.0,255,24,0.09,0.05,0.0,0.0,1.0,1.0,0.0,0.0,1,47771.0
0,1,40,1,0,0,0,0,0,0,0,0,0,0,0,0,0,0,0,0,0,0,511,1,0.21,0.0,0.79,1.0,0.0,1.0,0.0,255,1,0.0,1.0,0.0,0.0,0.17,0.0,0.83,1.0,1,97914.0
0,1,22,9,54540,8314,0,0,0,2,0,1,1,0,0,0,0,0,0,0,0,0,2,3,0.0,0.0,0.5,0.67,1.0,0.0,0.67,255,255,1.0,0.0,0.0,0.0,0.0,0.0,0.03,0.03,1,115666.0
5,2,44,9,105,145,0,0,0,0,0,0,0,0,0,0,0,0,0,0,0,0,2,2,0.0,0.0,0.0,0.0,1.0,0.0,0.0,24,16,0.67,0.12,0.12,0.0,0.0,0.0,0.0,0.0,0,55015.0
0,1,22,9,235,1380,0,0,0,0,0,1,0,0,0,0,0,0,0,0,0,0,4,4,0.0,0.0,0.0,0.0,1.0,0.0,0.0,255,255,1.0,0.0,0.0,0.0,0.0,0.0,0.0,0.0,0,106911.0
0,1,44,5,0,0,0,0,0,0,0,0,0,0,0,0,0,0,0,0,0,0,111,6,1.0,1.0,0.0,0.0,0.05,0.06,0.0,255,2,0.01,0.07,0.0,0.0,1.0,1.0,0.0,0.0,1,10422.0
0,1,44,5,0,0,0,0,0,0,0,0,0,0,0,0,0,0,0,0,0,0,46,3,1.0,1.0,0.0,0.0,0.07,0.13,0.0,255,16,0.06,0.08,0.0,0.0,1.0,1.0,0.0,0.0,1,17857.0
0,1,17,5,0,0,0,0,0,0,0,0,0,0,0,0,0,0,0,0,0,0,45,11,1.0,1.0,0.0,0.0,0.24,0.09,0.0,127,34,0.24,0.03,0.02,0.06,0.98,0.91,0.0,0.0,1,119262.0
0,1,44,5,0,0,0,0,0,0,0,0,0,0,0,0,0,0,0,0,0,0,16,1,1.0,1.0,0.0,0.0,0.06,0.31,0.0,255,4,0.02,0.09,0.0,0.0,1.0,1.0,0.0,0.0,1,13659.0
6,2,39,9,48,48,0,0,0,0,0,0,0,0,0,0,0,0,0,0,0,0,1,1,0.0,0.0,0.0,0.0,1.0,0.0,0.0,255,21,0.08,0.01,0.08,0.0,0.0,0.0,0.0,0.0,0,26966.0
0,1,44,5,0,0,0,0,0,0,0,0,0,0,0,0,0,0,0,0,0,0,117,7,1.0,1.0,0.0,0.0,0.06,0.06,0.0,255,8,0.03,0.07,0.0,0.0,1.0,1.0,0.0,0.0,1,102016.0
0,1,22,9,225,1007,0,0,0,0,0,1,0,0,0,0,0,0,0,0,0,0,19,19,0.0,0.0,0.0,0.0,1.0,0.0,0.0,255,255,1.0,0.0,0.0,0.0,0.0,0.0,0.0,0.0,0,100770.0
0,1,38,5,0,0,0,0,0,0,0,0,0,0,0,0,0,0,0,0,0,0,102,2,1.0,1.0,0.0,0.0,0.02,0.05,0.0,255,2,0.01,0.05,0.0,0.0,1.0,1.0,0.0,0.0,1,90383.0
0,1,22,9,219,1262,0,0,0,0,0,1,0,0,0,0,0,0,0,0,0,0,3,8,0.0,0.0,0.0,0.0,1.0,0.0,0.38,10,255,1.0,0.0,0.1,0.05,0.0,0.0,0.0,0.0,0,54214.0
0,2,11,9,44,79,0,0,0,0,0,0,0,0,0,0,0,0,0,0,0,0,143,143,0.0,0.0,0.0,0.0,1.0,0.0,0.0,255,254,1.0,0.01,0.0,0.0,0.0,0.0,0.0,0.0,0,56601.0
0,1,24,1,0,0,0,0,0,0,0,0,0,0,0,0,0,0,0,0,0,0,232,12,0.0,0.0,1.0,1.0,0.05,0.06,0.0,255,12,0.05,0.08,0.0,0.0,0.0,0.0,1.0,1.0,1,56716.0
0,1,8,2,0,0,0,0,0,0,0,0,0,0,0,0,0,0,0,0,0,0,104,2,0.0,0.0,1.0,1.0,0.02,0.08,0.0,255,2,0.01,0.07,0.0,0.0,0.0,0.0,1.0,1.0,1,13815.0
0,1,17,5,0,0,0,0,0,0,0,0,0,0,0,0,0,0,0,0,0,0,144,22,1.0,1.0,0.0,0.0,0.15,0.05,0.0,255,10,0.04,0.06,0.0,0.0,1.0,1.0,0.0,0.0,1,11041.0
0,0,14,9,1032,0,0,0,0,0,0,0,0,0,0,0,0,0,0,0,0,0,359,359,0.0,0.0,0.0,0.0,1.0,0.0,0.0,194,100,0.52,0.04,0.52,0.0,0.01,0.0,0.32,0.0,1,25554.0
0,1,22,2,0,0,0,0,0,0,0,1,0,0,0,0,0,0,0,0,0,0,4,4,0.0,0.0,0.25,0.25,1.0,0.0,0.0,138,255,1.0,0.0,0.01,0.01,0.0,0.0,0.01,0.0,0,24673.0
0,1,19,5,0,0,0,0,0,0,0,0,0,0,0,0,0,0,0,0,0,0,79,20,1.0,1.0,0.0,0.0,0.25,0.05,0.0,255,66,0.26,0.02,0.0,0.0,1.0,1.0,0.0,0.0,1,78327.0
0,1,33,5,0,0,0,0,0,0,0,0,0,0,0,0,0,0,0,0,0,0,82,7,1.0,1.0,0.0,0.0,0.09,0.07,0.0,255,3,0.01,0.07,0.0,0.0,1.0,1.0,0.0,0.0,1,110827.0
0,2,11,9,44,119,0,0,0,0,0,0,0,0,0,0,0,0,0,0,0,0,190,192,0.0,0.0,0.0,0.0,0.99,0.01,0.01,255,255,1.0,0.0,0.0,0.0,0.0,0.0,0.0,0.0,0,57062.0
0,1,22,9,333,2408,0,0,0,0,0,1,0,0,0,0,0,0,0,0,0,0,4,8,0.0,0.0,0.0,0.0,1.0,0.0,0.38,45,255,1.0,0.0,0.02,0.02,0.0,0.0,0.0,0.0,0,84899.0
0,2,11,9,43,129,0,0,0,0,0,0,0,0,0,0,0,0,0,0,0,0,76,156,0.0,0.0,0.0,0.0,1.0,0.0,0.01,255,239,0.94,0.01,0.0,0.0,0.0,0.0,0.0,0.0,0,35343.0
0,2,44,9,105,0,0,0,0,0,0,0,0,0,0,0,0,0,0,0,0,0,1,1,0.0,0.0,0.0,0.0,1.0,0.0,0.0,255,241,0.95,0.01,0.01,0.0,0.0,0.0,0.0,0.0,0,43465.0
0,0,13,9,8,0,0,0,0,0,0,0,0,0,0,0,0,0,0,0,0,0,1,4,0.0,0.0,0.0,0.0,1.0,0.0,1.0,1,197,1.0,0.0,1.0,0.5,0.0,0.0,0.0,0.0,1,110510.0
0,1,44,1,0,0,0,0,0,0,0,0,0,0,0,0,0,0,0,0,0,0,110,4,0.0,0.0,1.0,1.0,0.04,0.08,0.0,255,4,0.02,0.09,0.0,0.0,0.0,0.0,1.0,1.0,1,70390.0
9801,1,40,4,1,0,0,0,0,0,0,0,0,0,0,0,0,0,0,0,0,0,2,2,0.0,0.0,1.0,1.0,1.0,0.0,0.0,255,2,0.01,0.74,1.0,0.0,0.0,0.0,1.0,1.0,1,12343.0
1,1,17,9,10,224,0,0,0,0,0,0,0,0,0,0,0,0,0,0,0,0,1,1,0.0,0.0,0.0,0.0,1.0,0.0,0.0,138,6,0.03,0.03,0.01,0.33,0.0,0.0,0.02,0.0,0,71609.0
0,1,22,9,212,2809,0,0,0,0,0,1,0,0,0,0,0,0,0,0,0,0,3,7,0.0,0.0,0.0,0.0,1.0,0.0,0.29,74,255,1.0,0.0,0.01,0.02,0.0,0.0,0.0,0.0,0,7814.0
0,1,22,9,225,550,0,0,0,0,0,1,0,0,0,0,0,0,0,0,0,0,19,19,0.0,0.0,0.0,0.0,1.0,0.0,0.0,209,255,1.0,0.0,0.0,0.03,0.0,0.0,0.0,0.0,0,6008.0
0,1,61,5,0,0,0,0,0,0,0,0,0,0,0,0,0,0,0,0,0,0,278,5,1.0,1.0,0.0,0.0,0.02,0.05,0.0,255,5,0.02,0.05,0.0,0.0,1.0,1.0,0.0,0.0,1,74113.0
0,2,11,9,44,132,0,0,0,0,0,0,0,0,0,0,0,0,0,0,0,0,168,248,0.0,0.0,0.0,0.0,1.0,0.0,0.01,255,253,0.99,0.01,0.0,0.0,0.0,0.0,0.0,0.0,0,5850.0
0,1,3,9,9,34,0,0,0,0,0,0,0,0,0,0,0,0,0,0,0,0,7,1,0.0,0.0,0.0,0.0,0.14,0.29,0.0,255,1,0.0,0.01,0.0,0.0,0.0,0.0,0.0,0.0,0,44925.0
0,1,7,1,0,0,0,0,0,0,0,0,0,0,0,0,0,0,0,0,0,0,2,1,0.0,0.0,1.0,1.0,0.5,1.0,0.0,255,1,0.0,0.26,0.19,0.0,0.33,0.0,0.2,1.0,1,14205.0
0,2,44,9,105,0,0,0,0,0,0,0,0,0,0,0,0,0,0,0,0,0,2,2,0.0,0.0,0.0,0.0,1.0,0.0,0.0,255,94,0.37,0.01,0.01,0.0,0.0,0.0,0.0,0.0,0,111163.0
0,1,22,9,320,1038,0,0,0,0,0,1,0,0,0,0,0,0,0,0,0,0,2,3,0.0,0.0,0.0,0.0,1.0,0.0,0.67,18,255,1.0,0.0,0.06,0.01,0.0,0.0,0.0,0.0,0,97090.0
0,1,22,9,212,296,0,0,0,0,0,1,0,0,0,0,0,0,0,0,0,0,4,4,0.0,0.0,0.0,0.0,1.0,0.0,0.0,246,255,1.0,0.0,0.0,0.01,0.0,0.0,0.0,0.0,0,117402.0
0,1,44,5,0,0,0,0,0,0,0,0,0,0,0,0,0,0,0,0,0,0,278,10,1.0,1.0,0.0,0.0,0.04,0.06,0.0,255,14,0.05,0.05,0.0,0.0,1.0,1.0,0.0,0.0,1,17601.0
0,2,11,9,45,111,0,0,0,0,0,0,0,0,0,0,0,0,0,0,0,0,201,201,0.0,0.0,0.0,0.0,1.0,0.0,0.0,255,251,0.98,0.01,0.0,0.0,0.0,0.0,0.0,0.0,0,24321.0
0,0,14,9,1032,0,0,0,0,0,0,0,0,0,0,0,0,0,0,0,0,0,511,511,0.0,0.0,0.0,0.0,1.0,0.0,0.0,118,24,0.2,0.06,0.2,0.0,0.02,0.0,0.53,0.0,1,86335.0
0,1,22,9,293,1875,0,0,0,0,0,1,0,0,0,0,0,0,0,0,0,0,11,11,0.0,0.0,0.0,0.0,1.0,0.0,0.0,255,255,1.0,0.0,0.0,0.0,0.0,0.0,0.0,0.0,0,14112.0
0,1,22,9,234,11485,0,0,0,0,0,1,0,0,0,0,0,0,0,0,0,0,17,17,0.0,0.0,0.0,0.0,1.0,0.0,0.0,255,255,1.0,0.0,0.0,0.0,0.0,0.0,0.0,0.0,0,87336.0
0,2,11,9,45,111,0,0,0,0,0,0,0,0,0,0,0,0,0,0,0,0,76,156,0.0,0.0,0.0,0.0,0.99,0.03,0.01,255,241,0.95,0.01,0.0,0.0,0.0,0.0,0.0,0.0,0,38322.0
0,1,44,1,0,0,0,0,0,0,0,0,0,0,0,0,0,0,0,0,0,0,17,1,0.0,0.0,1.0,1.0,0.06,1.0,0.0,255,1,0.0,0.4,0.0,0.0,0.0,0.0,0.11,1.0,1,79218.0
0,1,49,9,866,331,0,0,0,0,0,1,0,0,0,0,0,0,0,0,0,0,1,3,0.0,0.0,0.0,0.0,1.0,0.0,1.0,72,217,0.94,0.03,0.01,0.01,0.0,0.0,0.0,0.0,0,20322.0
0,2,11,9,45,75,0,0,0,0,0,0,0,0,0,0,0,0,0,0,0,0,216,218,0.0,0.0,0.0,0.0,1.0,0.01,0.01,255,255,1.0,0.0,0.0,0.0,0.0,0.0,0.0,0.0,0,72328.0
0,2,44,9,105,146,0,0,0,0,0,0,0,0,0,0,0,0,0,0,0,0,4,1,0.0,0.0,0.0,0.0,0.25,0.5,0.0,255,245,0.96,0.01,0.0,0.0,0.0,0.0,0.0,0.0,0,71339.0
0,1,22,9,240,655,0,0,0,0,0,1,0,0,0,0,0,0,0,0,0,0,15,16,0.0,0.0,0.0,0.0,1.0,0.0,0.12,51,255,1.0,0.0,0.02,0.04,0.0,0.0,0.0,0.0,0,41859.0
0,1,18,5,0,0,0,0,0,0,0,0,0,0,0,0,0,0,0,0,0,0,293,22,1.0,1.0,0.0,0.0,0.08,0.05,0.0,255,22,0.09,0.05,0.0,0.0,1.0,1.0,0.0,0.0,1,43459.0
0,1,19,9,12324,0,0,0,0,0,0,1,0,0,0,0,0,0,1,0,0,0,117,3,0.98,0.0,0.0,0.0,0.02,0.07,0.67,255,20,0.08,0.09,0.1,0.0,0.76,0.0,0.01,0.0,0,18862.0
0,1,22,9,211,576,0,0,0,0,0,1,0,0,0,0,0,0,0,0,0,0,12,12,0.0,0.0,0.0,0.0,1.0,0.0,0.0,12,183,1.0,0.0,0.08,0.05,0.0,0.0,0.0,0.0,0,51055.0
0,1,44,4,0,0,0,0,0,0,0,0,0,0,0,0,0,0,0,0,0,0,1,1,0.0,0.0,1.0,1.0,1.0,0.0,0.0,235,1,0.0,0.25,0.49,0.0,0.0,0.0,0.49,1.0,1,5177.0
0,0,13,9,8,0,0,0,0,0,0,0,0,0,0,0,0,0,0,0,0,0,1,2,0.0,0.0,0.0,0.0,1.0,0.0,1.0,2,80,1.0,0.0,1.0,0.26,0.0,0.0,0.0,0.0,1,54454.0
0,1,19,9,10261,0,0,0,0,0,0,1,0,0,0,0,0,0,0,0,0,0,3,3,0.0,0.0,0.0,0.0,1.0,0.0,0.0,87,50,0.37,0.1,0.43,0.04,0.01,0.02,0.0,0.0,0,21059.0
0,1,49,9,940,328,0,0,0,0,0,1,0,0,0,0,0,0,0,0,0,0,1,2,0.0,0.0,0.0,0.0,1.0,0.0,1.0,144,106,0.74,0.02,0.01,0.0,0.0,0.0,0.0,0.0,0,112069.0
0,1,19,9,7767,0,0,0,0,0,0,0,0,0,0,0,0,0,0,0,0,0,1,1,0.0,0.0,0.0,0.0,1.0,0.0,0.0,143,32,0.17,0.05,0.17,0.06,0.0,0.0,0.0,0.0,0,6561.0
0,1,44,5,0,0,0,0,0,0,0,0,0,0,0,0,0,0,0,0,0,0,42,11,1.0,1.0,0.0,0.0,0.26,0.12,0.0,255,11,0.04,0.08,0.0,0.0,1.0,1.0,0.0,0.0,1,67295.0
0,2,40,9,1,0,0,0,0,0,0,0,0,0,0,0,0,0,0,0,0,0,13,2,0.0,0.0,0.0,0.0,0.15,0.69,0.0,255,2,0.01,0.13,0.37,0.0,0.0,0.0,0.55,0.0,1,110240.0
0,1,32,5,0,0,0,0,0,0,0,0,0,0,0,0,0,0,0,0,0,0,227,4,1.0,1.0,0.0,0.0,0.02,0.06,0.0,255,18,0.07,0.06,0.0,0.0,1.0,1.0,0.0,0.0,1,110669.0
0,1,22,9,263,2245,0,0,0,0,0,1,0,0,0,0,0,0,0,0,0,0,14,15,0.0,0.0,0.0,0.0,1.0,0.0,0.13,81,255,1.0,0.0,0.01,0.03,0.0,0.0,0.0,0.0,0,19579.0
0,1,19,9,7280,0,0,0,0,0,0,1,0,0,0,0,0,0,0,0,0,0,11,11,0.0,0.0,0.0,0.0,1.0,0.0,0.0,136,67,0.49,0.02,0.49,0.0,0.0,0.0,0.0,0.0,0,81844.0
0,2,11,9,43,131,0,0,0,0,0,0,0,0,0,0,0,0,0,0,0,0,320,320,0.0,0.0,0.0,0.0,1.0,0.0,0.0,255,254,1.0,0.01,0.0,0.0,0.0,0.0,0.0,0.0,0,79540.0
0,1,22,9,296,3751,0,0,0,0,0,1,0,0,0,0,0,0,0,0,0,0,3,4,0.0,0.0,0.0,0.0,1.0,0.0,0.5,35,255,1.0,0.0,0.03,0.05,0.0,0.0,0.0,0.0,0,10615.0
0,1,22,9,159,9534,0,0,0,0,0,1,0,0,0,0,0,0,0,0,0,0,1,1,0.0,0.0,0.0,0.0,1.0,0.0,0.0,35,255,1.0,0.0,0.03,0.02,0.0,0.0,0.0,0.0,0,70321.0
0,1,22,9,211,668,0,0,0,0,0,1,0,0,0,0,0,0,0,0,0,0,15,15,0.0,0.0,0.0,0.0,1.0,0.0,0.0,49,255,1.0,0.0,0.02,0.07,0.0,0.0,0.0,0.0,0,71698.0
0,1,49,9,1668,283,0,0,0,0,0,1,0,0,0,0,0,0,0,0,0,0,1,1,0.0,0.0,0.0,0.0,1.0,0.0,0.0,218,129,0.56,0.03,0.0,0.02,0.0,0.0,0.0,0.0,0,53307.0
0,1,25,5,0,0,0,0,0,0,0,0,0,0,0,0,0,0,0,0,0,0,146,16,1.0,1.0,0.0,0.0,0.11,0.05,0.0,255,12,0.05,0.07,0.0,0.0,1.0,1.0,0.0,0.0,1,120289.0
0,1,22,9,304,1380,0,0,0,0,0,1,0,0,0,0,0,0,0,0,0,0,3,3,0.0,0.0,0.0,0.0,1.0,0.0,0.0,255,228,0.89,0.01,0.0,0.0,0.0,0.0,0.0,0.0,0,81944.0
0,1,22,9,286,421,0,0,0,0,0,1,0,0,0,0,0,0,0,0,0,0,2,14,0.0,0.0,0.0,0.0,1.0,0.0,0.14,255,255,1.0,0.0,0.0,0.0,0.0,0.0,0.0,0.0,0,10887.0
3,1,44,4,0,0,0,0,0,0,0,0,0,0,0,0,0,0,0,0,0,0,308,2,0.0,0.0,1.0,1.0,0.01,0.52,0.0,255,2,0.01,0.52,1.0,0.0,0.0,0.0,1.0,1.0,1,47909.0
0,1,22,9,243,317,0,0,0,0,0,1,0,0,0,0,0,0,0,0,0,0,9,9,0.0,0.0,0.0,0.0,1.0,0.0,0.0,255,255,1.0,0.0,0.0,0.0,0.0,0.0,0.0,0.0,0,83521.0
0,1,22,7,198,18897,0,0,0,0,0,1,0,0,0,0,0,0,0,0,0,0,3,3,0.33,0.33,0.0,0.0,1.0,0.0,0.0,226,255,1.0,0.0,0.0,0.01,0.0,0.0,0.0,0.0,0,34948.0
0,1,22,9,219,1758,0,0,0,0,0,1,0,0,0,0,0,0,0,0,0,0,4,4,0.0,0.0,0.0,0.0,1.0,0.0,0.0,22,255,1.0,0.0,0.05,0.05,0.0,0.0,0.0,0.0,0,37020.0
0,1,20,5,0,0,0,0,0,0,0,0,0,0,0,0,0,0,0,0,0,0,250,20,1.0,1.0,0.0,0.0,0.08,0.05,0.0,255,20,0.08,0.05,0.0,0.0,1.0,1.0,0.0,0.0,1,15432.0
0,1,3,1,0,0,0,0,0,0,0,0,0,0,0,0,0,0,0,0,0,0,167,15,0.0,0.0,1.0,1.0,0.09,0.07,0.0,255,15,0.06,0.07,0.0,0.0,0.0,0.0,1.0,1.0,1,82921.0
2,1,49,9,1603,329,0,0,0,0,0,1,0,0,0,0,0,0,0,0,0,0,1,2,0.0,0.0,0.0,0.0,1.0,0.0,1.0,152,110,0.43,0.04,0.01,0.02,0.0,0.0,0.0,0.0,0,86848.0
0,1,44,5,0,0,0,0,0,0,0,0,0,0,0,0,0,0,0,0,0,0,138,8,1.0,1.0,0.0,0.0,0.06,0.07,0.0,255,6,0.02,0.07,0.0,0.0,1.0,1.0,0.0,0.0,1,27366.0
0,1,22,9,198,33509,0,0,0,0,0,1,0,0,0,0,0,0,0,0,0,0,4,4,0.0,0.0,0.0,0.0,1.0,0.0,0.0,17,255,1.0,0.0,0.06,0.05,0.0,0.0,0.0,0.0,0,68592.0
0,1,57,5,0,0,0,0,0,0,0,0,0,0,0,0,0,0,0,0,0,0,118,13,1.0,1.0,0.0,0.0,0.11,0.07,0.0,255,13,0.05,0.06,0.0,0.0,1.0,1.0,0.0,0.0,1,58431.0
0,1,22,4,53168,7300,0,0,0,1,0,1,0,0,0,0,0,0,0,0,0,0,5,5,0.0,0.0,0.2,0.2,1.0,0.0,0.0,255,255,1.0,0.0,0.0,0.0,0.0,0.0,0.06,0.06,1,106392.0
0,1,44,5,0,0,0,0,0,0,0,0,0,0,0,0,0,0,0,0,0,0,218,20,1.0,1.0,0.0,0.0,0.09,0.06,0.0,255,15,0.06,0.07,0.0,0.0,1.0,1.0,0.0,0.0,1,124516.0
0,1,22,5,0,0,0,0,0,0,0,0,0,0,0,0,0,0,0,0,0,0,261,6,1.0,1.0,0.0,0.0,0.02,0.06,0.0,255,6,0.02,0.06,0.0,0.0,1.0,1.0,0.0,0.0,1,121251.0
0,2,11,9,45,45,0,0,0,0,0,0,0,0,0,0,0,0,0,0,0,0,121,120,0.0,0.0,0.0,0.0,0.99,0.02,0.0,255,254,1.0,0.01,0.0,0.0,0.0,0.0,0.0,0.0,0,64969.0
0,1,22,9,218,639,0,0,0,0,0,1,0,0,0,0,0,0,0,0,0,0,1,2,0.0,0.0,0.0,0.0,1.0,0.0,1.0,255,255,1.0,0.0,0.0,0.0,0.0,0.0,0.0,0.0,0,116800.0
0,1,49,9,656,331,0,0,0,0,0,1,0,0,0,0,0,0,0,0,0,0,1,1,0.0,0.0,0.0,0.0,1.0,0.0,0.0,110,170,0.79,0.03,0.01,0.01,0.0,0.0,0.0,0.0,0,8774.0
0,1,22,9,333,458,0,0,0,0,0,1,0,0,0,0,0,0,0,0,0,0,1,3,0.0,0.0,0.0,0.0,1.0,0.0,0.67,6,255,1.0,0.0,0.17,0.06,0.0,0.0,0.0,0.0,0,47489.0
0,1,22,9,207,372,0,0,0,0,0,1,0,0,0,0,0,0,0,0,0,0,4,4,0.0,0.0,0.0,0.0,1.0,0.0,0.0,157,237,1.0,0.0,0.01,0.01,0.01,0.0,0.0,0.0,0,5851.0
0,1,37,5,0,0,0,0,0,0,0,0,0,0,0,0,0,0,0,0,0,0,133,17,1.0,1.0,0.0,0.0,0.13,0.06,0.0,255,17,0.07,0.07,0.0,0.0,1.0,1.0,0.0,0.0,1,2343.0
0,0,58,9,183,0,0,0,0,0,0,0,0,0,0,0,0,0,0,0,0,0,2,1,0.0,0.0,0.0,0.0,0.5,1.0,0.0,255,3,0.01,0.01,0.03,0.0,0.0,0.0,0.0,0.0,0,22953.0
0,1,49,9,1502,333,0,0,0,0,0,1,0,0,0,0,0,0,0,0,0,0,1,1,0.0,0.0,0.0,0.0,1.0,0.0,0.0,207,137,0.66,0.02,0.0,0.0,0.0,0.0,0.0,0.0,0,100385.0
0,2,11,9,45,130,0,0,0,0,0,0,0,0,0,0,0,0,0,0,0,0,315,315,0.0,0.0,0.0,0.0,1.0,0.0,0.0,255,251,0.98,0.01,0.0,0.0,0.0,0.0,0.0,0.0,0,118747.0
0,1,22,9,289,262,0,0,0,0,0,1,0,0,0,0,0,0,0,0,0,0,10,10,0.0,0.0,0.0,0.0,1.0,0.0,0.0,31,255,1.0,0.0,0.03,0.04,0.0,0.0,0.0,0.0,0,122400.0
0,1,4,1,0,0,0,0,0,0,0,0,0,0,0,0,0,0,0,0,0,0,149,12,0.0,0.0,1.0,1.0,0.08,0.05,0.0,255,9,0.04,0.07,0.0,0.0,0.0,0.0,1.0,1.0,1,45671.0
0,1,22,1,0,0,0,0,0,0,0,0,0,0,0,0,0,0,0,0,0,0,1,1,0.0,0.0,1.0,1.0,1.0,0.0,0.0,29,202,1.0,0.0,0.03,0.19,0.0,0.0,1.0,1.0,0,77036.0
0,1,37,5,0,0,0,0,0,0,0,0,0,0,0,0,0,0,0,0,0,0,116,8,1.0,1.0,0.0,0.0,0.07,0.06,0.0,255,8,0.03,0.07,0.0,0.0,1.0,1.0,0.0,0.0,1,11810.0
0,1,61,5,0,0,0,0,0,0,0,0,0,0,0,0,0,0,0,0,0,0,195,17,1.0,1.0,0.0,0.0,0.09,0.07,0.0,255,17,0.07,0.08,0.0,0.0,1.0,1.0,0.0,0.0,1,29115.0
0,1,32,5,0,0,0,0,0,0,0,0,0,0,0,0,0,0,0,0,0,0,274,20,1.0,1.0,0.0,0.0,0.07,0.07,0.0,255,7,0.03,0.05,0.0,0.0,1.0,1.0,0.0,0.0,1,120464.0
0,1,25,5,0,0,0,0,0,0,0,0,0,0,0,0,0,0,0,0,0,0,242,20,1.0,1.0,0.0,0.0,0.08,0.05,0.0,255,20,0.08,0.06,0.0,0.0,1.0,1.0,0.0,0.0,1,109811.0
0,1,22,9,206,5200,0,0,0,0,0,1,0,0,0,0,0,0,0,0,0,0,21,22,0.0,0.0,0.0,0.0,1.0,0.0,0.09,255,255,1.0,0.0,0.0,0.0,0.0,0.0,0.01,0.01,0,87364.0
0,1,40,1,0,0,0,0,0,0,0,0,0,0,0,0,0,0,0,0,0,0,374,1,0.09,0.0,0.9,1.0,0.0,1.0,0.0,255,1,0.0,1.0,0.0,0.0,0.11,0.0,0.89,1.0,1,54130.0
0,2,11,9,40,93,0,0,0,0,0,0,0,0,0,0,0,0,0,0,0,0,8,8,0.0,0.0,0.0,0.0,1.0,0.0,0.0,70,87,0.74,0.03,0.74,0.02,0.01,0.0,0.2,0.0,0,17043.0
0,1,22,9,216,671,0,0,0,0,0,1,0,0,0,0,0,0,0,0,0,0,9,9,0.0,0.0,0.0,0.0,1.0,0.0,0.0,229,255,1.0,0.0,0.0,0.01,0.0,0.0,0.0,0.0,0,106360.0
0,1,29,5,0,0,0,0,0,0,0,0,0,0,0,0,0,0,0,0,0,0,184,13,1.0,1.0,0.0,0.0,0.07,0.06,0.0,255,15,0.06,0.07,0.0,0.0,1.0,1.0,0.0,0.0,1,86992.0
0,1,22,9,192,759,0,0,0,0,0,1,0,0,0,0,0,0,0,0,0,0,1,13,0.0,0.0,0.0,0.0,1.0,0.0,0.23,120,255,1.0,0.0,0.01,0.01,0.0,0.0,0.0,0.0,0,7784.0
0,1,49,5,0,0,0,0,0,0,0,0,0,0,0,0,0,0,0,0,0,0,3,2,0.33,0.5,0.0,0.0,0.67,0.67,0.0,125,57,0.46,0.04,0.02,0.0,0.01,0.02,0.0,0.0,0,94291.0
0,1,22,9,207,313,0,0,0,0,0,1,0,0,0,0,0,0,0,0,0,0,3,3,0.0,0.0,0.0,0.0,1.0,0.0,0.0,255,255,1.0,0.0,0.0,0.0,0.0,0.0,0.33,0.33,0,122708.0
0,1,44,5,0,0,0,0,0,0,0,0,0,0,0,0,0,0,0,0,0,0,220,17,1.0,1.0,0.0,0.0,0.08,0.06,0.0,255,16,0.06,0.07,0.0,0.0,1.0,1.0,0.0,0.0,1,32333.0
0,1,8,2,0,0,0,0,0,0,0,0,0,0,0,0,0,0,0,0,0,0,244,3,0.0,0.0,1.0,1.0,0.01,0.06,0.0,255,3,0.01,0.07,0.0,0.0,0.0,0.0,1.0,1.0,1,123309.0
0,1,22,9,221,19471,0,0,0,0,0,1,0,0,0,0,0,0,0,0,0,0,2,2,0.0,0.0,0.0,0.0,1.0,0.0,0.0,2,255,1.0,0.0,0.5,0.07,0.0,0.0,0.0,0.0,0,20728.0
1,1,49,9,4105,360,0,0,0,0,0,1,0,0,0,0,0,0,0,0,0,0,1,2,0.0,0.0,0.0,0.0,1.0,0.0,1.0,67,48,0.72,0.04,0.01,0.0,0.0,0.0,0.0,0.0,0,48485.0
0,1,22,9,281,7205,0,0,0,0,0,1,0,0,0,0,0,0,0,0,0,0,11,29,0.0,0.03,0.0,0.0,1.0,0.0,0.21,15,255,1.0,0.0,0.07,0.04,0.0,0.0,0.0,0.0,0,85511.0
0,1,44,5,0,0,0,0,0,0,0,0,0,0,0,0,0,0,0,0,0,0,135,8,1.0,1.0,0.0,0.0,0.06,0.06,0.0,255,19,0.07,0.06,0.0,0.0,1.0,1.0,0.0,0.0,1,3190.0
0,2,11,9,44,98,0,0,0,0,0,0,0,0,0,0,0,0,0,0,0,0,210,210,0.0,0.0,0.0,0.0,1.0,0.0,0.0,255,255,1.0,0.0,0.01,0.0,0.0,0.0,0.0,0.0,0,112643.0
0,1,5,5,0,0,0,0,0,0,0,0,0,0,0,0,0,0,0,0,0,0,122,20,1.0,1.0,0.0,0.0,0.16,0.06,0.0,255,20,0.08,0.05,0.0,0.0,1.0,1.0,0.0,0.0,1,118948.0
0,2,11,9,46,157,0,0,0,0,0,0,0,0,0,0,0,0,0,0,0,0,23,66,0.0,0.0,0.0,0.0,1.0,0.0,0.03,255,189,0.74,0.02,0.0,0.0,0.0,0.0,0.0,0.0,0,116963.0
63,2,39,9,48,48,0,0,0,0,0,0,0,0,0,0,0,0,0,0,0,0,1,1,0.0,0.0,0.0,0.0,1.0,0.0,0.0,3,4,1.0,0.0,1.0,0.5,0.0,0.0,0.0,0.0,0,17298.0
0,1,40,1,0,0,0,0,0,0,0,0,0,0,0,0,0,0,0,0,0,0,481,1,0.07,0.0,0.92,1.0,0.0,1.0,0.0,255,1,0.0,1.0,0.0,0.0,0.04,0.0,0.96,1.0,1,70402.0
0,1,21,1,0,0,0,0,0,0,0,0,0,0,0,0,0,0,0,0,0,0,245,1,0.0,0.0,1.0,1.0,0.0,0.07,0.0,255,1,0.0,0.08,0.0,0.0,0.0,0.0,1.0,1.0,1,75039.0
0,2,44,9,28,0,0,3,0,0,0,0,0,0,0,0,0,0,0,0,0,0,7,7,0.0,0.0,0.0,0.0,1.0,0.0,0.0,255,7,0.03,0.01,0.03,0.0,0.0,0.0,0.0,0.0,1,84045.0
0,1,19,5,0,0,0,0,0,0,0,0,0,0,0,0,0,0,0,0,0,0,40,20,1.0,1.0,0.0,0.0,0.5,0.05,0.0,255,57,0.22,0.04,0.01,0.0,1.0,1.0,0.0,0.0,1,58911.0
0,1,49,9,1170,329,0,0,0,0,0,1,0,0,0,0,0,0,0,0,0,0,1,1,0.0,0.0,0.0,0.0,1.0,0.0,0.0,25,21,0.84,0.16,0.04,0.0,0.0,0.0,0.0,0.0,0,15264.0
0,1,44,1,0,0,0,0,0,0,0,0,0,0,0,0,0,0,0,0,0,0,82,1,0.01,0.0,0.91,1.0,0.01,1.0,0.0,207,1,0.0,0.43,0.0,0.0,0.0,0.0,0.38,1.0,1,39989.0
0,1,44,5,0,0,0,0,0,0,0,0,0,0,0,0,0,0,0,0,0,0,82,17,1.0,1.0,0.0,0.0,0.21,0.06,0.0,255,17,0.07,0.07,0.0,0.0,1.0,1.0,0.0,0.0,1,109936.0
2,1,49,9,1696,364,0,0,0,0,0,1,0,0,0,0,0,0,0,0,0,0,1,1,0.0,0.0,0.0,0.0,1.0,0.0,0.0,255,121,0.47,0.02,0.0,0.0,0.0,0.0,0.03,0.02,0,119400.0
0,1,22,9,204,2828,0,0,0,0,0,1,0,0,0,0,0,0,0,0,0,0,14,15,0.0,0.0,0.0,0.0,1.0,0.0,0.13,128,255,1.0,0.0,0.01,0.01,0.0,0.0,0.0,0.0,0,25706.0
0,1,55,5,0,0,0,0,0,0,0,0,0,0,0,0,0,0,0,0,0,0,29,8,0.97,1.0,0.03,0.0,0.28,0.1,0.0,255,20,0.08,0.05,0.01,0.0,1.0,1.0,0.0,0.0,1,59934.0
15,1,22,9,201,8528,0,0,0,1,0,1,0,0,0,0,0,0,0,0,0,0,1,1,0.0,0.0,0.0,0.0,1.0,0.0,0.0,10,255,1.0,0.0,0.1,0.06,0.0,0.01,0.0,0.0,0,8522.0
0,1,22,9,390,901,0,0,0,0,0,1,0,0,0,0,0,0,0,0,0,0,10,11,0.0,0.0,0.0,0.0,1.0,0.0,0.18,63,255,1.0,0.0,0.02,0.01,0.0,0.0,0.0,0.0,0,103606.0
0,1,44,5,0,0,0,0,0,0,0,0,0,0,0,0,0,0,0,0,0,0,127,15,1.0,1.0,0.0,0.0,0.12,0.06,0.0,255,29,0.11,0.07,0.0,0.0,1.0,1.0,0.0,0.0,1,120364.0
0,1,44,4,0,0,0,0,0,0,0,0,0,0,0,0,0,0,0,0,0,0,1,1,0.0,0.0,1.0,1.0,1.0,0.0,0.0,255,1,0.0,0.66,0.66,0.0,0.0,0.0,0.66,1.0,1,10658.0
0,1,20,1,0,0,0,0,0,0,0,0,0,0,0,0,0,0,0,0,0,0,267,20,0.0,0.0,1.0,1.0,0.07,0.05,0.0,255,20,0.08,0.06,0.0,0.0,0.0,0.0,1.0,1.0,1,62615.0
0,1,44,1,0,0,0,0,0,0,0,0,0,0,0,0,0,0,0,0,0,0,65,1,0.0,0.0,0.92,1.0,0.02,1.0,0.0,190,1,0.01,0.4,0.01,0.0,0.0,0.0,0.33,1.0,1,28901.0
0,1,31,5,0,0,0,0,0,0,0,0,0,0,0,0,0,0,0,0,0,0,278,18,1.0,1.0,0.0,0.0,0.06,0.06,0.0,255,1,0.0,0.07,0.0,0.0,1.0,1.0,0.0,0.0,1,81026.0
0,1,22,9,282,449,0,0,0,0,0,1,0,0,0,0,0,0,0,0,0,0,1,2,0.0,0.0,0.0,0.0,1.0,0.0,1.0,187,255,1.0,0.0,0.01,0.01,0.0,0.0,0.0,0.0,0,59949.0
0,2,11,9,73,45,0,0,0,0,0,0,0,0,0,0,0,0,0,0,0,0,129,129,0.0,0.0,0.0,0.0,1.0,0.0,0.0,255,166,0.65,0.01,0.26,0.0,0.0,0.0,0.0,0.0,0,113299.0
0,1,22,9,213,3276,0,0,0,0,0,1,0,0,0,0,0,0,0,0,0,0,8,8,0.0,0.0,0.0,0.0,1.0,0.0,0.0,28,255,1.0,0.0,0.04,0.06,0.0,0.0,0.0,0.0,0,27660.0
1,1,49,9,1274,390,0,0,0,0,0,1,0,0,0,0,0,0,0,0,0,0,1,1,0.0,0.0,0.0,0.0,1.0,0.0,0.0,4,195,1.0,0.0,0.25,0.02,0.0,0.02,0.0,0.0,0,25418.0
0,1,19,9,276,0,0,0,0,0,0,1,0,0,0,0,0,0,0,0,0,0,5,7,0.0,0.0,0.0,0.0,1.0,0.0,0.29,196,85,0.33,0.02,0.33,0.02,0.0,0.0,0.0,0.0,0,38751.0
0,1,44,5,0,0,0,0,0,0,0,0,0,0,0,0,0,0,0,0,0,0,228,4,1.0,1.0,0.0,0.0,0.02,0.07,0.0,255,3,0.01,0.07,0.0,0.0,1.0,1.0,0.0,0.0,1,65163.0
0,1,22,9,54540,8314,0,0,0,2,0,1,1,0,0,0,0,0,0,0,0,0,2,2,0.0,0.0,0.0,0.0,1.0,0.0,0.0,255,255,1.0,0.0,0.0,0.0,0.0,0.0,0.04,0.04,1,86524.0
3,1,49,9,766,338,0,0,0,0,0,1,0,0,0,0,0,0,0,0,0,0,1,1,0.0,0.0,0.0,0.0,1.0,0.0,0.0,207,124,0.52,0.02,0.0,0.02,0.0,0.0,0.0,0.0,0,82629.0
0,1,37,5,0,0,0,0,0,0,0,0,0,0,0,0,0,0,0,0,0,0,109,11,1.0,1.0,0.0,0.0,0.1,0.06,0.0,255,5,0.02,0.06,0.0,0.0,1.0,1.0,0.0,0.0,1,90156.0
0,1,22,9,305,313,0,0,0,0,0,1,0,0,0,0,0,0,0,0,0,0,13,16,0.0,0.0,0.0,0.0,1.0,0.0,0.12,179,255,1.0,0.0,0.01,0.02,0.0,0.0,0.0,0.0,0,79046.0
0,1,22,1,0,0,0,0,0,0,0,0,0,0,0,0,0,0,0,0,0,0,1,1,0.0,0.0,1.0,1.0,1.0,0.0,0.0,8,73,1.0,0.0,0.12,0.21,0.0,0.0,1.0,1.0,0,65858.0
0,1,22,6,231,321,0,0,0,0,0,1,0,0,0,0,0,0,0,0,0,0,3,4,0.33,0.25,0.0,0.0,1.0,0.0,0.5,255,255,1.0,0.0,0.0,0.0,0.0,0.0,0.0,0.0,0,5438.0
0,1,22,9,226,2507,0,0,0,0,0,1,0,0,0,0,0,0,0,0,0,0,6,6,0.0,0.0,0.0,0.0,1.0,0.0,0.0,255,238,0.93,0.01,0.0,0.0,0.0,0.0,0.0,0.0,0,37672.0
0,1,22,9,54540,8314,0,0,0,2,0,1,1,0,0,0,0,0,0,0,0,0,3,3,0.0,0.0,0.0,0.0,1.0,0.0,0.0,21,21,1.0,0.0,0.05,0.0,0.0,0.0,0.05,0.05,1,49226.0
0,1,3,5,0,0,0,0,0,0,0,0,0,0,0,0,0,0,0,0,0,0,105,5,1.0,1.0,0.0,0.0,0.05,0.05,0.0,255,5,0.02,0.04,0.0,0.0,1.0,1.0,0.0,0.0,1,24408.0
0,2,11,9,43,77,0,0,0,0,0,0,0,0,0,0,0,0,0,0,0,0,157,157,0.0,0.0,0.0,0.0,1.0,0.0,0.0,255,191,0.75,0.01,0.0,0.0,0.0,0.0,0.0,0.0,0,79491.0
0,1,22,9,318,1271,0,0,0,0,0,1,0,0,0,0,0,0,0,0,0,0,4,4,0.0,0.0,0.0,0.0,1.0,0.0,0.0,255,255,1.0,0.0,0.0,0.0,0.0,0.0,0.0,0.0,0,28409.0
0,1,40,1,0,0,0,0,0,0,0,0,0,0,0,0,0,0,0,0,0,0,450,1,0.08,0.0,0.92,1.0,0.0,1.0,0.0,255,1,0.0,1.0,0.0,0.0,0.06,0.0,0.94,1.0,1,37924.0
0,1,44,5,0,0,0,0,0,0,0,0,0,0,0,0,0,0,0,0,0,0,145,19,0.99,1.0,0.0,0.0,0.13,0.06,0.0,255,2,0.01,0.06,0.0,0.0,1.0,1.0,0.0,0.0,1,82253.0
0,0,14,9,1032,0,0,0,0,0,0,0,0,0,0,0,0,0,0,0,0,0,440,440,0.0,0.0,0.0,0.0,1.0,0.0,0.0,255,255,1.0,0.0,1.0,0.0,0.0,0.0,0.0,0.0,1,87366.0
0,1,22,9,324,466,0,0,0,0,0,1,0,0,0,0,0,0,0,0,0,0,6,6,0.0,0.0,0.0,0.0,1.0,0.0,0.0,61,255,1.0,0.0,0.02,0.03,0.0,0.0,0.0,0.0,0,76681.0
0,0,13,9,8,0,0,0,0,0,0,0,0,0,0,0,0,0,0,0,0,0,1,6,0.0,0.0,0.0,0.0,1.0,0.0,1.0,1,109,1.0,0.0,1.0,0.5,0.0,0.0,0.0,0.0,1,116075.0
0,1,22,9,253,5372,0,0,0,0,0,1,0,0,0,0,0,0,0,0,0,0,1,1,0.0,0.0,0.0,0.0,1.0,0.0,0.0,3,3,1.0,0.0,0.33,0.0,0.0,0.0,0.0,0.0,0,91355.0
0,0,56,9,564,0,0,0,0,0,0,0,0,0,0,0,0,0,0,0,0,0,1,1,0.0,0.0,0.0,0.0,1.0,0.0,0.0,1,1,1.0,0.0,1.0,0.0,0.0,0.0,0.0,0.0,1,30680.0
15342,1,0,4,2110,12434,0,0,0,0,0,1,0,0,0,0,0,0,0,0,0,0,1,1,0.0,0.0,1.0,1.0,1.0,0.0,0.0,13,8,0.62,0.15,0.08,0.0,0.08,0.12,0.54,0.88,0,60404.0
0,2,11,9,45,79,0,0,0,0,0,0,0,0,0,0,0,0,0,0,0,0,311,310,0.0,0.0,0.0,0.0,1.0,0.01,0.0,255,233,0.91,0.01,0.0,0.0,0.0,0.0,0.0,0.0,0,5071.0
0,2,11,9,46,46,0,0,0,0,0,0,0,0,0,0,0,0,0,0,0,0,211,212,0.0,0.0,0.0,0.0,1.0,0.0,0.01,255,168,0.66,0.01,0.0,0.0,0.0,0.0,0.0,0.0,0,63965.0
0,2,44,9,1,0,0,0,0,0,0,0,0,0,0,0,0,0,0,0,0,0,7,3,0.0,0.0,0.0,0.0,0.43,0.29,0.0,255,3,0.01,0.87,0.15,0.0,0.03,0.0,0.83,0.0,1,55324.0
0,1,22,9,213,7669,0,0,0,0,0,1,0,0,0,0,0,0,0,0,0,0,3,3,0.0,0.0,0.0,0.0,1.0,0.0,0.0,255,255,1.0,0.0,0.0,0.0,0.0,0.0,0.01,0.01,0,34477.0
0,0,13,9,8,0,0,0,0,0,0,0,0,0,0,0,0,0,0,0,0,0,1,42,0.0,0.0,0.0,0.0,1.0,0.0,1.0,2,2,1.0,0.0,1.0,0.0,0.0,0.0,0.0,0.0,1,9733.0
0,1,22,5,0,0,0,0,0,0,0,0,0,0,0,0,0,0,0,0,0,0,148,19,1.0,1.0,0.0,0.0,0.13,0.06,0.0,255,13,0.05,0.06,0.0,0.0,1.0,1.0,0.0,0.0,1,85292.0
0,1,44,5,0,0,0,0,0,0,0,0,0,0,0,0,0,0,0,0,0,0,127,16,1.0,1.0,0.0,0.0,0.13,0.07,0.0,255,14,0.05,0.09,0.0,0.0,1.0,1.0,0.0,0.0,1,11911.0
0,1,22,9,231,399,0,0,0,0,0,1,0,0,0,0,0,0,0,0,0,0,59,59,0.0,0.0,0.0,0.0,1.0,0.0,0.0,114,255,1.0,0.0,0.01,0.02,0.0,0.0,0.0,0.0,0,101426.0
0,1,19,9,334,0,0,0,0,0,0,1,0,0,0,0,0,0,0,0,0,0,1,1,0.0,0.0,0.0,0.0,1.0,0.0,0.0,27,3,0.11,0.07,0.11,0.0,0.0,0.0,0.0,0.0,1,32090.0
0,1,44,5,0,0,0,0,0,0,0,0,0,0,0,0,0,0,0,0,0,0,131,15,1.0,1.0,0.0,0.0,0.11,0.06,0.0,255,17,0.07,0.08,0.0,0.0,1.0,1.0,0.0,0.0,1,125864.0
0,1,19,9,3690,0,0,0,0,0,0,0,0,0,0,0,0,0,0,0,0,0,16,16,0.0,0.0,0.0,0.0,1.0,0.0,0.0,244,120,0.49,0.02,0.49,0.0,0.0,0.0,0.0,0.0,0,15579.0
0,1,22,1,0,0,0,0,0,0,0,0,0,0,0,0,0,0,0,0,0,0,1,1,0.0,0.0,1.0,1.0,1.0,0.0,0.0,3,217,1.0,0.0,0.33,0.12,0.0,0.0,1.0,0.75,0,78288.0
28,1,18,9,701,2070,0,0,0,14,0,1,0,0,0,0,0,0,0,0,0,1,1,1,0.0,0.0,0.0,0.0,1.0,0.0,0.0,169,44,0.26,0.04,0.01,0.0,0.01,0.0,0.0,0.0,0,6241.0
0,1,22,1,0,0,0,0,0,0,0,0,0,0,0,0,0,0,0,0,0,0,1,1,0.0,0.0,1.0,1.0,1.0,0.0,0.0,9,8,0.89,0.22,0.11,0.0,0.0,0.0,0.89,1.0,0,41310.0
0,2,11,9,34,34,0,0,0,0,0,0,0,0,0,0,0,0,0,0,0,0,2,5,0.0,0.0,0.0,0.0,1.0,0.0,0.6,255,242,0.95,0.01,0.01,0.0,0.0,0.0,0.0,0.0,0,32260.0
0,0,13,9,8,0,0,0,0,0,0,0,0,0,0,0,0,0,0,0,0,0,1,7,0.0,0.0,0.0,0.0,1.0,0.0,1.0,2,30,1.0,0.0,1.0,0.5,0.0,0.0,0.0,0.0,1,97354.0
0,1,49,9,593,330,0,0,0,0,0,1,0,0,0,0,0,0,0,0,0,0,1,3,0.0,0.0,0.0,0.0,1.0,0.0,1.0,231,162,0.63,0.02,0.0,0.01,0.0,0.0,0.0,0.0,0,34698.0
0,1,32,1,0,0,0,0,0,0,0,0,0,0,0,0,0,0,0,0,0,0,212,6,0.0,0.0,1.0,1.0,0.03,0.07,0.0,255,22,0.09,0.07,0.0,0.0,0.0,0.0,1.0,1.0,1,53888.0
0,1,22,9,220,1158,0,0,0,0,0,1,0,0,0,0,0,0,0,0,0,0,7,7,0.0,0.0,0.0,0.0,1.0,0.0,0.0,255,255,1.0,0.0,0.0,0.0,0.0,0.0,0.0,0.0,0,24597.0
0,1,22,9,222,1537,0,0,0,0,0,1,0,0,0,0,0,0,0,0,0,0,21,21,0.0,0.0,0.0,0.0,1.0,0.0,0.0,21,255,1.0,0.0,0.05,0.04,0.0,0.0,0.0,0.0,0,4052.0
0,1,32,5,0,0,0,0,0,0,0,0,0,0,0,0,0,0,0,0,0,0,268,4,1.0,1.0,0.0,0.0,0.01,0.06,0.0,255,4,0.02,0.08,0.0,0.0,1.0,1.0,0.0,0.0,1,98236.0
0,1,22,9,330,667,0,0,0,0,0,1,0,0,0,0,0,0,0,0,0,0,3,4,0.0,0.0,0.0,0.0,1.0,0.0,0.5,255,255,1.0,0.0,0.0,0.0,0.0,0.0,0.0,0.0,0,59927.0
0,1,12,2,0,0,0,0,0,0,0,0,0,0,0,0,0,0,0,0,0,0,118,16,0.0,0.0,1.0,1.0,0.14,0.06,0.0,255,16,0.06,0.07,0.0,0.0,0.0,0.0,1.0,1.0,1,9697.0
0,1,3,1,0,0,0,0,0,0,0,0,0,0,0,0,0,0,0,0,0,0,131,1,0.0,0.0,1.0,1.0,0.01,0.07,0.0,255,1,0.0,0.06,0.0,0.0,0.0,0.0,1.0,1.0,1,49403.0
0,1,60,5,0,0,0,0,0,0,0,0,0,0,0,0,0,0,0,0,0,0,263,16,1.0,1.0,0.0,0.0,0.06,0.06,0.0,255,5,0.02,0.07,0.0,0.0,1.0,1.0,0.0,0.0,1,22193.0
0,1,19,5,0,0,0,0,0,0,0,0,0,0,0,0,0,0,0,0,0,0,1,1,1.0,1.0,0.0,0.0,1.0,0.0,0.0,255,44,0.17,0.05,0.0,0.0,1.0,1.0,0.0,0.0,1,62286.0
0,1,6,5,0,0,0,0,0,0,0,0,0,0,0,0,0,0,0,0,0,0,267,10,1.0,1.0,0.0,0.0,0.04,0.06,0.0,255,11,0.04,0.08,0.0,0.0,1.0,1.0,0.0,0.0,1,6681.0
0,1,22,9,246,4498,0,0,0,0,0,1,0,0,0,0,0,0,0,0,0,0,1,1,0.0,0.0,0.0,0.0,1.0,0.0,0.0,255,240,0.94,0.01,0.0,0.0,0.0,0.0,0.02,0.02,0,21190.0
0,1,7,5,0,0,0,0,0,0,0,0,0,0,0,0,0,0,0,0,0,0,237,14,1.0,1.0,0.0,0.0,0.06,0.06,0.0,255,7,0.03,0.07,0.0,0.0,1.0,1.0,0.0,0.0,1,50216.0
0,1,22,9,231,10499,0,0,0,0,0,1,0,0,0,0,0,0,0,0,0,0,14,14,0.0,0.0,0.0,0.0,1.0,0.0,0.0,255,255,1.0,0.0,0.0,0.0,0.0,0.0,0.0,0.0,0,112335.0
0,1,24,1,0,0,0,0,0,0,0,0,0,0,0,0,0,0,0,0,0,0,255,6,0.0,0.0,1.0,1.0,0.02,0.07,0.0,255,6,0.02,0.07,0.0,0.0,0.0,0.0,1.0,1.0,1,24489.0
0,1,3,5,0,0,0,0,0,0,0,0,0,0,0,0,0,0,0,0,0,0,279,11,1.0,1.0,0.0,0.0,0.04,0.06,0.0,255,11,0.04,0.07,0.0,0.0,1.0,1.0,0.0,0.0,1,771.0
0,1,44,10,0,0,0,0,0,0,0,0,0,0,0,0,0,0,0,0,0,0,1,1,1.0,1.0,0.0,0.0,1.0,0.0,0.0,146,1,0.01,0.93,0.95,0.0,0.95,1.0,0.0,0.0,1,42593.0
0,1,22,9,233,21579,0,0,0,0,0,1,0,0,0,0,0,0,0,0,0,0,1,1,0.0,0.0,0.0,0.0,1.0,0.0,0.0,40,255,1.0,0.0,0.03,0.03,0.0,0.0,0.0,0.0,0,101394.0
0,1,22,9,211,1349,0,0,0,0,0,1,0,0,0,0,0,0,0,0,0,0,5,22,0.0,0.0,0.0,0.0,1.0,0.0,0.09,58,255,1.0,0.0,0.02,0.04,0.0,0.0,0.0,0.0,0,15662.0
0,1,3,5,0,0,0,0,0,0,0,0,0,0,0,0,0,0,0,0,0,0,219,20,1.0,1.0,0.0,0.0,0.09,0.06,0.0,255,20,0.08,0.06,0.0,0.0,1.0,1.0,0.0,0.0,1,63131.0
0,1,19,1,0,0,0,0,0,0,0,0,0,0,0,0,0,0,0,0,0,0,465,11,0.07,0.0,0.9,1.0,0.02,0.98,0.0,255,10,0.04,0.96,0.0,0.0,0.08,0.0,0.91,1.0,1,28729.0
5158,1,1,9,89581520,7028652,0,0,0,0,0,1,0,0,0,0,0,0,0,0,0,0,1,1,0.0,0.0,0.0,0.0,1.0,0.0,0.0,255,11,0.04,0.03,0.01,0.0,0.0,0.0,0.0,0.0,0,111229.0
0,2,11,9,44,135,0,0,0,0,0,0,0,0,0,0,0,0,0,0,0,0,214,291,0.0,0.0,0.0,0.0,1.0,0.01,0.01,216,177,0.82,0.01,0.0,0.0,0.0,0.0,0.0,0.0,0,89920.0
0,1,9,2,0,0,0,0,0,0,0,0,0,0,0,0,0,0,0,0,0,0,117,2,0.0,0.0,1.0,1.0,0.02,0.07,0.0,255,2,0.01,0.07,0.0,0.0,0.0,0.0,1.0,1.0,1,77388.0
0,1,44,5,0,0,0,0,0,0,0,0,0,0,0,0,0,0,0,0,0,0,104,5,1.0,1.0,0.0,0.0,0.05,0.07,0.0,255,15,0.06,0.07,0.0,0.0,1.0,1.0,0.0,0.0,1,107307.0
0,1,49,9,1665,329,0,0,0,0,0,1,0,0,0,0,0,0,0,0,0,0,1,2,0.0,0.0,0.0,0.0,1.0,0.0,1.0,223,160,0.61,0.03,0.0,0.01,0.0,0.0,0.0,0.0,0,40149.0
0,0,13,9,8,0,0,0,0,0,0,0,0,0,0,0,0,0,0,0,0,0,1,26,0.0,0.0,0.0,0.0,1.0,0.0,1.0,1,69,1.0,0.0,1.0,0.51,0.0,0.0,0.0,0.0,1,73901.0
0,2,11,9,36,0,0,0,0,0,0,0,0,0,0,0,0,0,0,0,0,0,2,4,0.0,0.0,0.0,0.0,1.0,0.0,0.75,67,171,1.0,0.0,1.0,0.01,0.0,0.0,0.0,0.0,0,378.0
0,1,55,5,0,0,0,0,0,0,0,0,0,0,0,0,0,0,0,0,0,0,3,3,1.0,1.0,0.0,0.0,1.0,0.0,0.0,85,45,0.53,0.02,0.01,0.0,0.98,0.96,0.0,0.0,1,117475.0
0,1,31,1,0,0,0,0,0,0,0,0,0,0,0,0,0,0,0,0,0,0,277,9,0.0,0.0,1.0,1.0,0.03,0.06,0.0,255,9,0.04,0.07,0.0,0.0,0.0,0.0,1.0,1.0,1,21703.0
0,2,11,9,45,150,0,0,0,0,0,0,0,0,0,0,0,0,0,0,0,0,97,176,0.0,0.0,0.0,0.0,1.0,0.0,0.01,255,255,1.0,0.0,0.0,0.0,0.0,0.0,0.0,0.0,0,6068.0
0,1,44,5,0,0,0,0,0,0,0,0,0,0,0,0,0,0,0,0,0,0,107,7,1.0,1.0,0.0,0.0,0.07,0.07,0.0,255,30,0.12,0.05,0.0,0.0,1.0,1.0,0.0,0.0,1,85889.0
39730,1,34,4,1,0,0,0,0,0,0,0,0,0,0,0,0,0,0,0,0,0,2,2,0.0,0.0,1.0,1.0,1.0,0.0,0.0,255,2,0.01,0.5,1.0,0.0,0.0,0.0,1.0,1.0,1,31783.0
0,0,13,9,8,0,0,0,0,0,0,0,0,0,0,0,0,0,0,0,0,0,1,14,0.0,0.0,0.0,0.0,1.0,0.0,1.0,2,100,1.0,0.0,1.0,0.5,0.0,0.0,0.0,0.0,1,18987.0
0,1,29,5,0,0,0,0,0,0,0,0,0,0,0,0,0,0,0,0,0,0,159,3,1.0,1.0,0.0,0.0,0.02,0.08,0.0,255,3,0.01,0.07,0.0,0.0,1.0,1.0,0.0,0.0,1,68262.0
0,1,44,5,0,0,0,0,0,0,0,0,0,0,0,0,0,0,0,0,0,0,116,17,1.0,1.0,0.0,0.0,0.15,0.05,0.0,255,19,0.07,0.06,0.0,0.0,1.0,1.0,0.0,0.0,1,51403.0
0,1,19,5,0,0,0,0,0,0,0,0,0,0,0,0,0,0,0,0,0,0,79,18,0.97,1.0,0.03,0.0,0.23,0.08,0.0,255,38,0.15,0.04,0.01,0.0,1.0,1.0,0.0,0.0,1,57306.0
0,1,49,9,1383,539,0,0,0,0,0,1,0,0,0,0,0,0,0,0,0,0,1,3,0.0,0.0,0.0,0.0,1.0,0.0,1.0,37,129,0.49,0.05,0.03,0.02,0.03,0.0,0.0,0.0,0,100731.0
0,1,22,9,235,4533,0,0,0,0,0,1,0,0,0,0,0,0,0,0,0,0,11,11,0.0,0.0,0.0,0.0,1.0,0.0,0.0,255,255,1.0,0.0,0.0,0.0,0.0,0.0,0.0,0.0,0,65375.0
0,1,22,9,246,381,0,0,0,0,0,1,0,0,0,0,0,0,0,0,0,0,15,15,0.0,0.0,0.0,0.0,1.0,0.0,0.0,122,255,1.0,0.0,0.01,0.02,0.0,0.0,0.0,0.0,0,116459.0
0,1,22,5,0,0,0,0,0,0,0,0,0,0,0,0,0,0,0,0,0,0,51,13,1.0,1.0,0.0,0.0,0.25,0.08,0.0,255,53,0.21,0.03,0.02,0.0,1.0,1.0,0.0,0.0,1,68691.0
0,0,58,9,183,0,0,0,0,0,0,0,0,0,0,0,0,0,0,0,0,0,7,6,0.0,0.0,0.0,0.0,0.86,0.29,0.0,255,13,0.05,0.01,0.05,0.0,0.0,0.0,0.0,0.0,0,74562.0
0,0,13,9,30,0,0,0,0,0,0,0,0,0,0,0,0,0,0,0,0,0,9,1,0.0,0.0,0.0,0.0,0.11,0.33,0.0,255,5,0.02,0.01,0.2,0.0,0.0,0.0,0.0,0.0,0,57302.0
0,0,13,9,30,0,0,0,0,0,0,0,0,0,0,0,0,0,0,0,0,0,2,2,0.0,0.0,0.0,0.0,1.0,0.0,0.0,241,241,1.0,0.0,1.0,0.0,0.0,0.0,0.0,0.0,0,73306.0
0,1,44,1,0,0,0,0,0,0,0,0,0,0,0,0,0,0,0,0,0,0,78,18,0.0,0.0,1.0,1.0,0.23,0.06,0.0,255,18,0.07,0.07,0.0,0.0,0.0,0.0,1.0,1.0,1,57759.0
0,1,22,9,348,2029,0,0,0,0,0,1,0,0,0,0,0,0,0,0,0,0,27,28,0.0,0.0,0.0,0.0,1.0,0.0,0.07,31,255,1.0,0.0,0.03,0.04,0.0,0.0,0.0,0.0,0,51322.0
0,1,55,5,0,0,0,0,0,0,0,0,0,0,0,0,0,0,0,0,0,0,35,14,0.97,1.0,0.03,0.0,0.4,0.09,0.0,255,15,0.06,0.06,0.01,0.0,1.0,1.0,0.0,0.0,1,39031.0
0,1,44,5,0,0,0,0,0,0,0,0,0,0,0,0,0,0,0,0,0,0,130,23,1.0,1.0,0.0,0.0,0.18,0.05,0.0,255,23,0.09,0.04,0.0,0.0,1.0,1.0,0.0,0.0,1,39583.0
0,1,30,5,0,0,0,0,0,0,0,0,0,0,0,0,0,0,0,0,0,0,66,3,1.0,1.0,0.0,0.0,0.05,0.08,0.0,255,3,0.01,0.06,0.0,0.0,1.0,1.0,0.0,0.0,1,71126.0
0,1,44,5,0,0,0,0,0,0,0,0,0,0,0,0,0,0,0,0,0,0,216,12,1.0,1.0,0.0,0.0,0.06,0.06,0.0,255,9,0.04,0.07,0.0,0.0,1.0,1.0,0.0,0.0,1,64248.0
22,1,18,9,283,903,0,0,0,5,0,1,0,0,0,0,0,0,0,0,0,1,1,1,0.0,0.0,0.0,0.0,1.0,0.0,0.0,30,7,0.23,0.13,0.03,0.0,0.0,0.0,0.0,0.0,0,54500.0
0,1,44,5,0,0,0,0,0,0,0,0,0,0,0,0,0,0,0,0,0,0,165,18,1.0,1.0,0.0,0.0,0.11,0.07,0.0,255,18,0.07,0.08,0.0,0.0,1.0,1.0,0.0,0.0,1,9735.0
0,2,44,9,28,0,0,1,0,0,0,0,0,0,0,0,0,0,0,0,0,0,1,1,0.0,0.0,0.0,0.0,1.0,0.0,0.0,255,68,0.27,0.01,0.27,0.0,0.0,0.0,0.0,0.0,1,51650.0
0,1,49,9,555,404,0,0,0,0,0,1,0,0,0,0,0,0,0,0,0,0,1,1,0.0,0.0,0.0,0.0,1.0,0.0,0.0,255,42,0.16,0.06,0.0,0.0,0.6,0.0,0.01,0.0,0,52267.0
0,2,44,9,105,146,0,0,0,0,0,0,0,0,0,0,0,0,0,0,0,0,4,1,0.0,0.0,0.0,0.0,0.25,0.5,0.0,255,244,0.96,0.01,0.01,0.0,0.0,0.0,0.0,0.0,0,70835.0
0,1,22,9,54540,8314,0,0,0,2,0,1,1,0,0,0,0,0,0,0,0,0,2,2,0.0,0.0,0.0,0.0,1.0,0.0,0.0,228,228,1.0,0.0,0.0,0.0,0.0,0.0,0.01,0.01,1,77778.0
0,1,22,9,241,3758,0,0,0,0,0,1,0,0,0,0,0,0,0,0,0,0,5,5,0.0,0.0,0.0,0.0,1.0,0.0,0.0,88,255,1.0,0.0,0.01,0.05,0.0,0.0,0.0,0.0,0,82203.0
0,1,19,9,259,0,0,0,0,0,0,1,0,0,0,1,0,0,0,0,0,0,2,2,0.0,0.0,0.0,0.0,1.0,0.0,0.0,7,2,0.29,0.43,0.29,0.0,0.0,0.0,0.0,0.0,0,65548.0
0,0,13,9,18,0,0,0,0,0,0,0,0,0,0,0,0,0,0,0,0,0,1,1,0.0,0.0,0.0,0.0,1.0,0.0,0.0,1,202,1.0,0.0,1.0,1.0,0.0,0.0,0.0,0.0,1,3484.0
0,1,24,1,0,0,0,0,0,0,0,0,0,0,0,0,0,0,0,0,0,0,137,18,0.0,0.0,1.0,1.0,0.13,0.06,0.0,255,18,0.07,0.07,0.0,0.0,0.0,0.0,1.0,1.0,1,101607.0
0,1,44,5,0,0,0,0,0,0,0,0,0,0,0,0,0,0,0,0,0,0,83,6,1.0,1.0,0.0,0.0,0.07,0.06,0.0,255,1,0.0,0.06,0.0,0.0,1.0,1.0,0.0,0.0,1,65975.0
0,1,33,5,0,0,0,0,0,0,0,0,0,0,0,0,0,0,0,0,0,0,46,7,1.0,1.0,0.0,0.0,0.15,0.13,0.0,255,7,0.03,0.07,0.0,0.0,1.0,1.0,0.0,0.0,1,93867.0
0,2,44,9,1,1,0,0,0,0,0,0,0,0,0,0,0,0,0,0,0,0,13,10,0.0,0.0,0.0,0.0,0.77,0.15,0.0,255,10,0.04,0.96,0.05,0.0,0.17,0.0,0.78,0.0,1,93995.0
0,2,11,9,45,134,0,0,0,0,0,0,0,0,0,0,0,0,0,0,0,0,29,32,0.0,0.0,0.0,0.0,1.0,0.0,0.06,117,228,1.0,0.0,1.0,0.01,0.0,0.0,0.0,0.0,0,83313.0
0,1,22,9,268,22835,0,0,0,0,0,1,0,0,0,0,0,0,0,0,0,0,1,1,0.0,0.0,0.0,0.0,1.0,0.0,0.0,255,255,1.0,0.0,0.0,0.0,0.0,0.0,0.0,0.0,0,18241.0
0,1,22,9,328,405,0,0,0,0,0,1,0,0,0,0,0,0,0,0,0,0,5,5,0.0,0.0,0.0,0.0,1.0,0.0,0.0,255,255,1.0,0.0,0.0,0.0,0.0,0.0,0.0,0.0,0,10101.0
0,1,44,5,0,0,0,0,0,0,0,0,0,0,0,0,0,0,0,0,0,0,133,5,1.0,1.0,0.0,0.0,0.04,0.06,0.0,255,5,0.02,0.08,0.0,0.0,1.0,1.0,0.0,0.0,1,103082.0
0,1,22,9,194,3563,0,0,0,0,0,1,0,0,0,0,0,0,0,0,0,0,1,1,0.0,0.0,0.0,0.0,1.0,0.0,0.0,255,250,0.98,0.02,0.0,0.0,0.0,0.0,0.0,0.0,0,22110.0
0,1,49,9,876,330,0,0,0,0,0,1,0,0,0,0,0,0,0,0,0,0,1,1,0.0,0.0,0.0,0.0,1.0,0.0,0.0,62,50,0.81,0.08,0.02,0.0,0.0,0.0,0.0,0.0,0,99733.0
0,1,22,9,248,3756,0,0,0,0,0,1,0,0,0,0,0,0,0,0,0,0,1,2,0.0,0.0,0.0,0.0,1.0,0.0,1.0,3,255,1.0,0.0,0.33,0.01,0.0,0.0,0.0,0.0,0,59700.0
9863,1,40,4,1,0,0,0,0,0,0,0,0,0,0,0,0,0,0,0,0,0,2,2,0.0,0.0,1.0,1.0,1.0,0.0,0.0,255,2,0.01,0.74,1.0,0.0,0.0,0.0,1.0,1.0,1,108303.0
0,1,44,5,0,0,0,0,0,0,0,0,0,0,0,0,0,0,0,0,0,0,221,5,1.0,1.0,0.0,0.0,0.02,0.06,0.0,255,2,0.01,0.08,0.0,0.0,1.0,1.0,0.0,0.0,1,15269.0
0,1,62,5,0,0,0,0,0,0,0,0,0,0,0,0,0,0,0,0,0,0,147,19,1.0,1.0,0.0,0.0,0.13,0.06,0.0,255,3,0.01,0.08,0.0,0.0,1.0,1.0,0.0,0.0,1,74985.0
0,1,22,9,338,11271,0,0,0,0,0,1,0,0,0,0,0,0,0,0,0,0,2,2,0.0,0.0,0.0,0.0,1.0,0.0,0.0,2,255,1.0,0.0,0.5,0.07,0.0,0.0,0.0,0.0,0,9727.0
0,2,11,9,45,121,0,0,0,0,0,0,0,0,0,0,0,0,0,0,0,0,27,27,0.0,0.0,0.0,0.0,1.0,0.0,0.0,255,255,1.0,0.0,0.0,0.0,0.0,0.0,0.0,0.0,0,86708.0
0,1,22,9,237,5193,0,0,0,0,0,1,0,0,0,0,0,0,0,0,0,0,1,48,0.0,0.0,0.0,0.0,1.0,0.0,0.06,1,216,1.0,0.0,1.0,0.01,0.0,0.0,0.0,0.2,0,697.0
0,1,49,9,2828,325,0,0,0,0,0,1,0,0,0,0,0,0,0,0,0,0,1,1,0.0,0.0,0.0,0.0,1.0,0.0,0.0,255,194,0.76,0.02,0.0,0.0,0.0,0.0,0.0,0.0,0,29616.0
0,1,44,1,0,0,0,0,0,0,0,0,0,0,0,0,0,0,0,0,0,0,247,5,0.0,0.0,1.0,1.0,0.02,0.06,0.0,255,5,0.02,0.09,0.0,0.0,0.0,0.0,1.0,1.0,1,62365.0
0,1,10,5,0,0,0,0,0,0,0,0,0,0,0,0,0,0,0,0,0,0,295,12,1.0,1.0,0.0,0.0,0.04,0.05,0.0,255,11,0.04,0.07,0.0,0.0,1.0,1.0,0.0,0.0,1,69562.0
0,1,16,2,0,0,0,0,0,0,0,0,0,0,0,0,0,0,0,0,0,0,99,2,0.0,0.0,1.0,1.0,0.02,0.07,0.0,255,2,0.01,0.06,0.0,0.0,0.0,0.0,1.0,1.0,1,2404.0
0,1,22,9,217,612,0,0,0,0,0,1,0,0,0,0,0,0,0,0,0,0,4,12,0.25,0.25,0.0,0.0,1.0,0.0,0.33,13,255,1.0,0.0,0.08,0.05,0.08,0.0,0.0,0.05,0,46554.0
0,1,22,9,260,7562,0,0,0,0,0,1,0,0,0,0,0,0,0,0,0,0,8,19,0.0,0.0,0.0,0.0,1.0,0.0,0.16,118,255,1.0,0.0,0.01,0.01,0.0,0.0,0.0,0.0,0,60734.0
0,1,22,9,221,281,0,0,0,0,0,1,0,0,0,0,0,0,0,0,0,0,13,13,0.0,0.0,0.0,0.0,1.0,0.0,0.0,143,255,1.0,0.0,0.01,0.01,0.0,0.0,0.0,0.0,0,97021.0
0,1,9,2,0,0,0,0,0,0,0,0,0,0,0,0,0,0,0,0,0,0,125,10,0.0,0.0,1.0,1.0,0.08,0.06,0.0,255,10,0.04,0.07,0.0,0.0,0.0,0.0,1.0,1.0,1,58249.0
0,1,49,9,2061,325,0,0,0,0,0,1,0,0,0,0,0,0,0,0,0,0,1,1,0.0,0.0,0.0,0.0,1.0,0.0,0.0,255,138,0.54,0.03,0.0,0.0,0.0,0.01,0.0,0.0,0,105708.0
0,1,8,5,0,0,0,0,0,0,0,0,0,0,0,0,0,0,0,0,0,0,255,7,1.0,1.0,0.0,0.0,0.03,0.07,0.0,255,7,0.03,0.07,0.0,0.0,1.0,1.0,0.0,0.0,1,63579.0
0,1,22,9,231,6322,0,0,0,0,0,1,0,0,0,0,0,0,0,0,0,0,6,6,0.0,0.0,0.0,0.0,1.0,0.0,0.0,11,255,1.0,0.0,0.09,0.04,0.0,0.0,0.0,0.0,0,77003.0
0,1,44,5,0,0,0,0,0,0,0,0,0,0,0,0,0,0,0,0,0,0,210,4,1.0,1.0,0.0,0.0,0.02,0.06,0.0,255,4,0.02,0.07,0.0,0.0,1.0,1.0,0.0,0.0,1,25445.0
0,1,26,5,0,0,0,0,0,0,0,0,0,0,0,0,0,0,0,0,0,0,112,9,1.0,1.0,0.0,0.0,0.08,0.05,0.0,255,9,0.04,0.05,0.0,0.0,1.0,1.0,0.0,0.0,1,93198.0
0,2,11,9,33,0,0,0,0,0,0,0,0,0,0,0,0,0,0,0,0,0,1,2,0.0,0.0,0.0,0.0,1.0,0.0,1.0,146,22,0.07,0.04,0.07,0.09,0.0,0.0,0.0,0.0,0,81058.0
0,1,49,9,792,393,0,0,0,0,0,1,0,0,0,0,0,0,0,0,0,0,1,1,0.0,0.0,0.0,0.0,1.0,0.0,0.0,38,173,0.74,0.05,0.03,0.01,0.0,0.0,0.0,0.0,0,16704.0
3,1,44,1,0,0,0,0,0,0,0,0,0,0,0,0,0,0,0,0,0,0,225,1,0.04,0.0,0.93,1.0,0.0,1.0,0.0,255,1,0.0,0.91,0.0,0.0,0.04,0.0,0.84,1.0,1,21899.0
0,1,22,9,328,1032,0,0,0,0,0,1,0,0,0,0,0,0,0,0,0,0,2,2,0.0,0.0,0.0,0.0,1.0,0.0,0.0,78,255,1.0,0.0,0.01,0.02,0.0,0.0,0.0,0.0,0,101305.0
0,0,13,9,30,0,0,0,0,0,0,0,0,0,0,0,0,0,0,0,0,0,7,2,0.0,0.0,0.0,0.0,0.29,0.29,0.0,255,8,0.03,0.01,0.09,0.0,0.0,0.0,0.0,0.0,0,45743.0
0,1,8,5,0,0,0,0,0,0,0,0,0,0,0,0,0,0,0,0,0,0,118,5,1.0,1.0,0.0,0.0,0.04,0.07,0.0,255,3,0.01,0.07,0.0,0.0,1.0,1.0,0.0,0.0,1,29324.0
0,1,49,9,2900,331,0,0,0,0,0,1,0,0,0,0,0,0,0,0,0,0,1,2,0.0,0.0,0.0,0.0,1.0,0.0,1.0,83,59,0.71,0.06,0.01,0.0,0.01,0.02,0.0,0.0,0,80300.0
0,1,22,9,239,350,0,0,0,0,0,1,0,0,0,0,0,0,0,0,0,0,4,18,0.0,0.0,0.0,0.0,1.0,0.0,0.17,29,255,1.0,0.0,0.03,0.02,0.0,0.0,0.0,0.0,0,6227.0
0,1,19,9,30,0,0,0,0,0,0,1,0,0,0,0,0,0,0,0,0,0,1,1,0.0,0.0,0.0,0.0,1.0,0.0,0.0,7,25,0.86,0.29,1.0,0.12,0.0,0.0,0.0,0.0,0,114157.0
0,2,11,9,42,42,0,0,0,0,0,0,0,0,0,0,0,0,0,0,0,0,4,6,0.0,0.0,0.0,0.0,1.0,0.0,0.33,144,139,0.97,0.02,0.01,0.0,0.0,0.0,0.0,0.0,0,81799.0
0,1,49,9,1184,496,0,0,0,0,0,1,0,0,0,0,0,0,0,0,0,0,1,1,0.0,0.0,0.0,0.0,1.0,0.0,0.0,255,10,0.04,0.01,0.0,0.0,0.0,0.0,0.0,0.0,1,76391.0
0,1,4,5,0,0,0,0,0,0,0,0,0,0,0,0,0,0,0,0,0,0,211,17,1.0,1.0,0.0,0.0,0.08,0.06,0.0,255,17,0.07,0.06,0.0,0.0,1.0,1.0,0.0,0.0,1,43316.0
0,1,22,9,231,3466,0,0,0,0,0,1,0,0,0,0,0,0,0,0,0,0,3,10,0.0,0.0,0.0,0.0,1.0,0.0,0.3,28,255,1.0,0.0,0.04,0.03,0.0,0.0,0.0,0.0,0,67308.0
0,1,22,9,217,280,0,0,0,0,0,1,0,0,0,0,0,0,0,0,0,0,12,12,0.0,0.0,0.0,0.0,1.0,0.0,0.0,255,255,1.0,0.0,0.0,0.0,0.0,0.0,0.0,0.0,0,85156.0
0,1,22,9,326,2833,0,0,0,0,0,1,0,0,0,0,0,0,0,0,0,0,3,5,0.0,0.0,0.0,0.0,1.0,0.0,0.4,255,255,1.0,0.0,0.0,0.0,0.0,0.0,0.0,0.0,0,65839.0
0,1,22,9,283,1521,0,0,0,0,0,1,0,0,0,0,0,0,0,0,0,0,6,7,0.0,0.0,0.0,0.0,1.0,0.0,0.29,255,255,1.0,0.0,0.0,0.0,0.0,0.0,0.0,0.0,0,115008.0
0,1,16,5,0,0,0,0,0,0,0,0,0,0,0,0,0,0,0,0,0,0,123,1,1.0,1.0,0.0,0.0,0.01,0.07,0.0,255,1,0.0,0.07,0.0,0.0,1.0,1.0,0.0,0.0,1,3123.0
0,1,8,2,0,0,0,0,0,0,0,0,0,0,0,0,0,0,0,0,0,0,285,13,0.0,0.0,1.0,1.0,0.05,0.06,0.0,255,13,0.05,0.07,0.0,0.0,0.0,0.0,1.0,1.0,1,10070.0
0,1,5,5,0,0,0,0,0,0,0,0,0,0,0,0,0,0,0,0,0,0,110,9,1.0,1.0,0.0,0.0,0.08,0.06,0.0,255,9,0.04,0.05,0.0,0.0,1.0,1.0,0.0,0.0,1,30473.0
0,2,11,9,44,44,0,0,0,0,0,0,0,0,0,0,0,0,0,0,0,0,214,214,0.0,0.0,0.0,0.0,1.0,0.0,0.0,255,255,1.0,0.0,0.01,0.0,0.0,0.0,0.0,0.0,0,90344.0
0,1,44,5,0,0,0,0,0,0,0,0,0,0,0,0,0,0,0,0,0,0,66,4,1.0,1.0,0.0,0.0,0.06,0.08,0.0,255,18,0.07,0.07,0.0,0.0,1.0,1.0,0.0,0.0,1,44658.0
0,1,6,5,0,0,0,0,0,0,0,0,0,0,0,0,0,0,0,0,0,0,111,13,1.0,1.0,0.0,0.0,0.12,0.06,0.0,255,11,0.04,0.06,0.0,0.0,1.0,1.0,0.0,0.0,1,47528.0
0,1,22,9,206,981,0,0,0,0,0,1,0,0,0,0,0,0,0,0,0,0,13,14,0.0,0.0,0.0,0.0,1.0,0.0,0.14,14,255,1.0,0.0,0.07,0.04,0.0,0.0,0.0,0.0,0,48831.0
2,1,42,9,80,6409,0,0,0,0,0,1,0,0,0,0,0,0,0,0,0,0,1,1,0.0,0.0,0.0,0.0,1.0,0.0,0.0,69,5,0.01,0.09,0.01,0.4,0.01,0.0,0.0,0.0,0,74364.0
2657,2,40,9,147,105,0,0,0,0,0,0,0,0,0,0,0,0,0,0,0,0,6,2,0.0,0.0,0.0,0.0,0.33,0.5,0.0,255,2,0.01,0.44,0.93,0.0,0.0,0.0,0.0,0.0,0,81221.0
0,1,55,5,0,0,0,0,0,0,0,0,0,0,0,0,0,0,0,0,0,0,236,6,1.0,1.0,0.0,0.0,0.03,0.06,0.0,255,6,0.02,0.07,0.0,0.0,1.0,1.0,0.0,0.0,1,45169.0
0,0,13,9,8,0,0,0,0,0,0,0,0,0,0,0,0,0,0,0,0,0,1,17,0.0,0.0,0.0,0.0,1.0,0.0,1.0,2,48,1.0,0.0,1.0,0.5,0.0,0.0,0.0,0.0,1,94122.0
0,1,49,9,815,385,0,0,0,0,0,1,0,0,0,0,0,0,0,0,0,0,1,1,0.0,0.0,0.0,0.0,1.0,0.0,0.0,255,34,0.13,0.06,0.0,0.0,0.71,0.0,0.01,0.0,0,113430.0
0,1,17,5,0,0,0,0,0,0,0,0,0,0,0,0,0,0,0,0,0,0,9,1,1.0,1.0,0.0,0.0,0.11,0.33,0.0,255,21,0.08,0.07,0.0,0.0,1.0,1.0,0.0,0.0,1,115447.0
0,1,29,5,0,0,0,0,0,0,0,0,0,0,0,0,0,0,0,0,0,0,275,9,1.0,1.0,0.0,0.0,0.03,0.07,0.0,255,9,0.04,0.08,0.0,0.0,1.0,1.0,0.0,0.0,1,115084.0
0,2,44,9,1,0,0,0,0,0,0,0,0,0,0,0,0,0,0,0,0,0,63,17,0.0,0.0,0.0,0.0,0.27,0.08,0.0,255,40,0.16,0.22,1.0,0.0,0.0,0.0,0.0,0.0,1,79261.0
0,1,22,9,246,5776,0,0,0,0,0,1,0,0,0,0,0,0,0,0,0,0,13,13,0.0,0.0,0.0,0.0,1.0,0.0,0.0,255,255,1.0,0.0,0.0,0.0,0.0,0.0,0.0,0.0,0,12186.0
0,1,22,9,342,293,0,0,0,0,0,1,0,0,0,0,0,0,0,0,0,0,8,21,0.0,0.0,0.0,0.0,1.0,0.0,0.19,255,255,1.0,0.0,0.0,0.0,0.0,0.0,0.0,0.0,0,41356.0
0,0,14,9,1032,0,0,0,0,0,0,0,0,0,0,0,0,0,0,0,0,0,306,306,0.0,0.0,0.0,0.0,1.0,0.0,0.0,148,54,0.36,0.05,0.36,0.0,0.01,0.0,0.43,0.0,1,101853.0
0,1,22,9,244,1808,0,0,0,0,0,1,0,0,0,0,0,0,0,0,0,0,1,16,0.0,0.0,0.0,0.0,1.0,0.0,0.12,255,255,1.0,0.0,0.0,0.0,0.0,0.0,0.0,0.0,0,112616.0
36,1,55,9,153,8323,0,0,0,0,0,1,0,0,0,0,0,0,0,0,0,0,1,1,0.0,0.0,0.0,0.0,1.0,0.0,0.0,208,15,0.07,0.03,0.0,0.0,0.0,0.0,0.02,0.07,0,25822.0
1,1,49,9,1109,336,0,0,0,0,0,1,0,0,0,0,0,0,0,0,0,0,1,1,0.0,0.0,0.0,0.0,1.0,0.0,0.0,107,111,0.55,0.05,0.01,0.02,0.0,0.0,0.0,0.0,0,39419.0
0,1,9,2,0,0,0,0,0,0,0,0,0,0,0,0,0,0,0,0,0,0,124,9,0.0,0.0,1.0,1.0,0.07,0.06,0.0,255,9,0.04,0.07,0.0,0.0,0.0,0.0,1.0,1.0,1,117265.0
11,2,44,9,105,146,0,0,0,0,0,0,0,0,0,0,0,0,0,0,0,0,2,2,0.0,0.0,0.0,0.0,1.0,0.0,0.0,255,243,0.95,0.01,0.02,0.0,0.0,0.0,0.0,0.0,0,7501.0
0,1,22,9,208,278,0,0,0,0,0,1,0,0,0,0,0,0,0,0,0,0,4,5,0.0,0.0,0.0,0.0,1.0,0.0,0.4,25,255,1.0,0.0,0.04,0.04,0.0,0.0,0.0,0.0,0,75838.0
0,1,55,5,0,0,0,0,0,0,0,0,0,0,0,0,0,0,0,0,0,0,229,2,1.0,1.0,0.0,0.0,0.01,0.05,0.0,255,2,0.01,0.06,0.0,0.0,1.0,1.0,0.0,0.0,1,28375.0
0,0,14,9,520,0,0,0,0,0,0,0,0,0,0,0,0,0,0,0,0,0,451,451,0.0,0.0,0.0,0.0,1.0,0.0,0.0,203,203,1.0,0.0,1.0,0.0,0.0,0.0,0.0,0.0,1,49637.0
0,1,49,9,4189,368,0,0,0,0,0,1,0,0,0,0,0,0,0,0,0,0,1,2,0.0,0.0,0.0,0.0,1.0,0.0,1.0,216,167,0.69,0.02,0.0,0.01,0.0,0.01,0.0,0.0,0,111876.0
0,1,22,9,220,1112,0,0,0,0,0,1,0,0,0,0,0,0,0,0,0,0,8,8,0.0,0.0,0.0,0.0,1.0,0.0,0.0,255,255,1.0,0.0,0.0,0.0,0.0,0.0,0.0,0.0,0,87503.0
0,2,11,9,45,137,0,0,0,0,0,0,0,0,0,0,0,0,0,0,0,0,4,81,0.0,0.0,0.0,0.0,1.0,0.0,0.02,255,254,1.0,0.01,0.0,0.0,0.0,0.0,0.0,0.0,0,69908.0
17145,1,40,4,1,0,0,0,0,0,0,0,0,0,0,0,0,0,0,0,0,0,2,2,0.0,0.0,1.0,1.0,1.0,0.0,0.0,255,2,0.01,0.72,1.0,0.0,0.0,0.0,1.0,1.0,1,85070.0
0,1,22,9,304,3382,0,0,0,0,0,1,0,0,0,0,0,0,0,0,0,0,7,7,0.0,0.0,0.0,0.0,1.0,0.0,0.0,33,255,1.0,0.0,0.03,0.04,0.0,0.0,0.0,0.0,0,100940.0
20963,1,44,4,1,0,0,0,0,0,0,0,0,0,0,0,0,0,0,0,0,0,2,2,0.0,0.0,1.0,1.0,1.0,0.0,0.0,255,2,0.01,0.62,1.0,0.0,0.0,0.0,1.0,1.0,1,82965.0
0,1,22,5,0,0,0,0,0,0,0,0,0,0,0,0,0,0,0,0,0,0,2,2,0.5,0.5,0.0,0.0,1.0,0.0,0.0,5,255,1.0,0.0,0.4,0.02,0.2,0.0,0.0,0.0,0,58347.0
0,1,44,1,0,0,0,0,0,0,0,0,0,0,0,0,0,0,0,0,0,0,236,2,0.0,0.0,1.0,1.0,0.01,0.07,0.0,255,2,0.01,0.08,0.0,0.0,0.0,0.0,1.0,1.0,1,77647.0
0,1,22,9,300,937,0,0,0,0,0,1,0,0,0,0,0,0,0,0,0,0,6,6,0.0,0.0,0.0,0.0,1.0,0.0,0.0,6,6,1.0,0.0,0.17,0.0,0.0,0.0,0.0,0.0,0,8614.0
0,1,17,5,0,0,0,0,0,0,0,0,0,0,0,0,0,0,0,0,0,0,6,6,1.0,1.0,0.0,0.0,1.0,0.0,0.0,66,12,0.09,0.06,0.02,0.17,1.0,0.5,0.0,0.0,1,6907.0
0,1,51,5,0,0,0,0,0,0,0,0,0,0,0,0,0,0,0,0,0,0,221,7,1.0,1.0,0.0,0.0,0.03,0.07,0.0,255,7,0.03,0.07,0.0,0.0,1.0,1.0,0.0,0.0,1,121962.0
0,0,14,9,1032,0,0,0,0,0,0,0,0,0,0,0,0,0,0,0,0,0,511,511,0.0,0.0,0.0,0.0,1.0,0.0,0.0,114,20,0.18,0.06,0.18,0.0,0.02,0.0,0.55,0.0,1,27060.0
0,1,22,9,204,6356,0,0,0,0,0,1,0,0,0,0,0,0,0,0,0,0,18,18,0.0,0.0,0.0,0.0,1.0,0.0,0.0,255,255,1.0,0.0,0.0,0.0,0.0,0.0,0.0,0.0,0,6195.0
9866,2,40,9,146,105,0,0,0,0,0,0,0,0,0,0,0,0,0,0,0,0,2,2,0.0,0.0,0.0,0.0,1.0,0.0,0.0,255,2,0.01,0.54,0.74,0.0,0.0,0.0,0.0,0.0,0,105415.0
0,0,13,9,8,0,0,0,0,0,0,0,0,0,0,0,0,0,0,0,0,0,1,34,0.0,0.0,0.0,0.0,1.0,0.0,1.0,1,129,1.0,0.0,1.0,0.5,0.0,0.0,0.0,0.0,1,4541.0
0,1,22,9,329,261,0,0,0,0,0,1,0,0,0,0,0,0,0,0,0,0,19,20,0.0,0.0,0.0,0.0,1.0,0.0,0.1,255,255,1.0,0.0,0.0,0.0,0.0,0.0,0.0,0.0,0,73710.0
0,0,13,9,8,0,0,0,0,0,0,0,0,0,0,0,0,0,0,0,0,0,1,48,0.0,0.0,0.0,0.0,1.0,0.0,1.0,1,135,1.0,0.0,1.0,0.5,0.0,0.0,0.0,0.0,1,62811.0
0,1,32,1,0,0,0,0,0,0,0,0,0,0,0,0,0,0,0,0,0,0,246,18,0.0,0.0,1.0,1.0,0.07,0.06,0.0,255,18,0.07,0.06,0.0,0.0,0.0,0.0,1.0,1.0,1,24955.0
0,1,22,9,197,9736,0,0,0,0,0,1,0,0,0,0,0,0,0,0,0,0,6,6,0.0,0.0,0.0,0.0,1.0,0.0,0.0,255,255,1.0,0.0,0.0,0.0,0.0,0.0,0.0,0.0,0,27704.0
0,0,13,9,8,0,0,0,0,0,0,0,0,0,0,0,0,0,0,0,0,0,1,35,0.0,0.0,0.0,0.0,1.0,0.0,1.0,1,103,1.0,0.0,1.0,0.5,0.0,0.0,0.0,0.0,1,32386.0
0,1,7,5,0,0,0,0,0,0,0,0,0,0,0,0,0,0,0,0,0,0,221,17,1.0,1.0,0.0,0.0,0.08,0.06,0.0,255,17,0.07,0.07,0.0,0.0,1.0,1.0,0.0,0.0,1,115966.0
0,1,22,9,179,286,0,0,0,0,0,1,0,0,0,0,0,0,0,0,0,0,1,15,0.0,0.0,0.0,0.0,1.0,0.0,0.2,28,255,1.0,0.0,0.04,0.05,0.0,0.0,0.0,0.0,0,42198.0
0,1,29,5,0,0,0,0,0,0,0,0,0,0,0,0,0,0,0,0,0,0,241,5,1.0,1.0,0.0,0.0,0.02,0.07,0.0,255,5,0.02,0.08,0.0,0.0,1.0,1.0,0.0,0.0,1,18343.0
0,1,40,9,4316,0,0,0,0,0,0,1,0,0,0,0,0,1,0,0,0,0,6,1,0.17,0.0,0.0,0.0,0.17,0.67,0.0,255,1,0.0,0.03,0.22,0.0,0.0,0.0,0.0,0.0,0,98093.0
0,1,44,5,0,0,0,0,0,0,0,0,0,0,0,0,0,0,0,0,0,0,229,23,1.0,1.0,0.0,0.0,0.1,0.04,0.0,255,23,0.09,0.05,0.0,0.0,1.0,1.0,0.0,0.0,1,91250.0
0,1,44,5,0,0,0,0,0,0,0,0,0,0,0,0,0,0,0,0,0,0,208,1,1.0,1.0,0.0,0.0,0.0,0.07,0.0,255,12,0.05,0.07,0.0,0.0,1.0,1.0,0.0,0.0,1,3214.0
0,1,22,9,373,345,0,0,0,0,0,1,0,0,0,0,0,0,0,0,0,0,21,21,0.0,0.0,0.0,0.0,1.0,0.0,0.0,255,255,1.0,0.0,0.0,0.0,0.0,0.0,0.01,0.01,0,24012.0
0,0,13,9,8,0,0,0,0,0,0,0,0,0,0,0,0,0,0,0,0,0,1,17,0.0,0.0,0.0,0.0,1.0,0.0,1.0,1,157,1.0,0.0,1.0,0.25,0.0,0.0,0.0,0.0,1,114484.0
0,1,49,9,944,333,0,0,0,0,0,1,0,0,0,0,0,0,0,0,0,0,1,2,0.0,0.0,0.0,0.0,1.0,0.0,1.0,235,140,0.54,0.03,0.0,0.01,0.0,0.01,0.0,0.0,0,41604.0
0,2,11,9,42,127,0,0,0,0,0,0,0,0,0,0,0,0,0,0,0,0,221,298,0.0,0.0,0.0,0.0,1.0,0.0,0.01,146,107,0.73,0.02,0.01,0.0,0.0,0.0,0.0,0.0,0,114054.0
0,1,7,5,0,0,0,0,0,0,0,0,0,0,0,0,0,0,0,0,0,0,227,3,1.0,1.0,0.0,0.0,0.01,0.06,0.0,255,3,0.01,0.08,0.0,0.0,1.0,1.0,0.0,0.0,1,118362.0
0,1,22,9,202,1346,0,0,0,0,0,1,0,0,0,0,0,0,0,0,0,0,1,1,0.0,0.0,0.0,0.0,1.0,0.0,0.0,2,255,1.0,0.0,0.5,0.03,0.0,0.0,0.0,0.0,0,58706.0
0,1,22,9,295,301,0,0,0,0,0,1,0,0,0,0,0,0,0,0,0,0,9,15,0.0,0.0,0.0,0.0,1.0,0.0,0.13,255,255,1.0,0.0,0.0,0.0,0.0,0.0,0.0,0.0,0,78204.0
0,1,5,5,0,0,0,0,0,0,0,0,0,0,0,0,0,0,0,0,0,0,124,19,1.0,1.0,0.0,0.0,0.15,0.05,0.0,255,19,0.07,0.05,0.0,0.0,1.0,1.0,0.0,0.0,1,82112.0
0,0,14,9,1480,0,0,1,0,0,0,0,0,0,0,0,0,0,0,0,0,0,2,4,0.0,0.0,0.0,0.0,1.0,0.0,0.5,4,151,1.0,0.0,1.0,0.09,0.0,0.0,0.0,0.0,1,84907.0
0,1,22,9,313,6356,0,0,0,0,0,1,0,0,0,0,0,0,0,0,0,0,28,28,0.0,0.0,0.0,0.0,1.0,0.0,0.0,255,255,1.0,0.0,0.0,0.0,0.0,0.0,0.0,0.0,0,87343.0
0,1,44,5,0,0,0,0,0,0,0,0,0,0,0,0,0,0,0,0,0,0,255,4,1.0,1.0,0.0,0.0,0.02,0.05,0.0,255,17,0.07,0.07,0.0,0.0,1.0,1.0,0.0,0.0,1,12106.0
1,1,49,9,725,333,0,0,0,0,0,1,0,0,0,0,0,0,0,0,0,0,2,2,0.0,0.0,0.0,0.0,0.5,1.0,1.0,100,120,0.47,0.07,0.01,0.02,0.0,0.0,0.0,0.0,0,80579.0
0,1,22,9,325,4673,0,0,0,0,0,1,0,0,0,0,0,0,0,0,0,0,20,20,0.0,0.0,0.0,0.0,1.0,0.0,0.0,255,255,1.0,0.0,0.0,0.0,0.0,0.0,0.0,0.0,0,62143.0
0,1,22,9,297,3410,0,0,0,0,0,1,0,0,0,0,0,0,0,0,0,0,34,34,0.0,0.0,0.0,0.0,1.0,0.0,0.0,255,255,1.0,0.0,0.0,0.0,0.0,0.0,0.0,0.0,0,31502.0
0,1,44,5,0,0,0,0,0,0,0,0,0,0,0,0,0,0,0,0,0,0,123,12,1.0,1.0,0.0,0.0,0.1,0.07,0.0,255,5,0.02,0.06,0.0,0.0,1.0,1.0,0.0,0.0,1,63800.0
0,1,57,2,0,0,0,0,0,0,0,0,0,0,0,0,0,0,0,0,0,0,172,4,0.0,0.0,1.0,1.0,0.02,0.07,0.0,255,4,0.02,0.07,0.0,0.0,0.0,0.0,1.0,1.0,1,103204.0
0,1,25,5,0,0,0,0,0,0,0,0,0,0,0,0,0,0,0,0,0,0,271,4,1.0,1.0,0.0,0.0,0.01,0.06,0.0,255,5,0.02,0.07,0.0,0.0,1.0,1.0,0.0,0.0,1,115938.0
0,1,49,9,767,325,0,0,0,0,0,1,0,0,0,0,0,0,0,0,0,0,1,1,0.0,0.0,0.0,0.0,1.0,0.0,0.0,140,88,0.63,0.02,0.01,0.0,0.0,0.0,0.0,0.0,0,80913.0
0,1,22,9,246,8886,0,0,0,0,0,1,0,0,0,0,0,0,0,0,0,0,2,3,0.0,0.0,0.0,0.0,1.0,0.0,0.67,2,255,1.0,0.0,0.5,0.04,0.0,0.01,0.0,0.0,0,92881.0
0,1,22,9,209,9548,0,0,0,0,0,1,0,0,0,0,0,0,0,0,0,0,25,25,0.0,0.0,0.0,0.0,1.0,0.0,0.0,255,255,1.0,0.0,0.0,0.0,0.0,0.0,0.01,0.01,0,115848.0
0,1,44,5,0,0,0,0,0,0,0,0,0,0,0,0,0,0,0,0,0,0,205,17,1.0,1.0,0.0,0.0,0.08,0.05,0.0,255,17,0.07,0.08,0.0,0.0,1.0,1.0,0.0,0.0,1,40244.0
0,2,11,9,44,139,0,0,0,0,0,0,0,0,0,0,0,0,0,0,0,0,146,226,0.0,0.0,0.0,0.0,0.99,0.01,0.01,255,254,1.0,0.01,0.0,0.0,0.0,0.0,0.0,0.0,0,9965.0
0,0,13,9,8,0,0,0,0,0,0,0,0,0,0,0,0,0,0,0,0,0,1,16,0.0,0.0,0.0,0.0,1.0,0.0,1.0,2,26,1.0,0.0,1.0,0.5,0.0,0.0,0.0,0.0,1,16802.0
0,1,22,1,0,0,0,0,0,0,0,0,0,0,0,0,0,0,0,0,0,0,1,1,0.0,0.0,1.0,1.0,1.0,0.0,0.0,59,219,1.0,0.0,0.02,0.16,0.0,0.0,1.0,1.0,0,19957.0
0,1,60,5,0,0,0,0,0,0,0,0,0,0,0,0,0,0,0,0,0,0,141,18,1.0,1.0,0.0,0.0,0.13,0.04,0.0,255,18,0.07,0.05,0.0,0.0,1.0,1.0,0.0,0.0,1,79795.0
0,1,49,9,1289,394,0,0,0,0,0,1,0,0,0,0,0,0,0,0,0,0,1,1,0.0,0.0,0.0,0.0,1.0,0.0,0.0,255,9,0.04,0.02,0.0,0.0,0.96,0.0,0.0,0.0,0,109127.0
0,1,25,5,0,0,0,0,0,0,0,0,0,0,0,0,0,0,0,0,0,0,273,5,1.0,1.0,0.0,0.0,0.02,0.06,0.0,255,6,0.02,0.07,0.0,0.0,1.0,1.0,0.0,0.0,1,55998.0
0,1,44,5,0,0,0,0,0,0,0,0,0,0,0,0,0,0,0,0,0,0,118,16,1.0,1.0,0.0,0.0,0.14,0.07,0.0,255,3,0.01,0.06,0.0,0.0,1.0,1.0,0.0,0.0,1,89948.0
14,2,44,9,105,147,0,0,0,0,0,0,0,0,0,0,0,0,0,0,0,0,2,2,0.0,0.0,0.0,0.0,1.0,0.0,0.0,13,13,1.0,0.0,0.15,0.0,0.0,0.0,0.0,0.0,0,124386.0
0,1,20,5,0,0,0,0,0,0,0,0,0,0,0,0,0,0,0,0,0,0,164,13,1.0,1.0,0.0,0.0,0.08,0.07,0.0,255,13,0.05,0.06,0.0,0.0,1.0,1.0,0.0,0.0,1,98269.0
0,1,40,1,0,0,0,0,0,0,0,0,0,0,0,0,0,0,0,0,0,0,353,1,0.06,0.0,0.9,1.0,0.0,1.0,0.0,255,1,0.0,1.0,0.0,0.0,0.08,0.0,0.9,1.0,1,85054.0
0,1,19,9,246,0,0,0,0,0,0,1,0,0,0,0,0,0,0,0,0,0,1,1,0.0,0.0,0.0,0.0,1.0,0.0,0.0,6,33,1.0,0.0,1.0,0.12,0.0,0.0,0.0,0.0,1,104507.0
0,1,44,1,0,0,0,0,0,0,0,0,0,0,0,0,0,0,0,0,0,0,379,1,0.06,0.0,0.92,1.0,0.0,1.0,0.0,255,1,0.0,1.0,0.0,0.0,0.09,0.0,0.91,1.0,1,74854.0
2,1,19,9,2194619,0,0,0,0,0,0,1,0,0,0,0,0,0,0,0,0,0,3,2,0.0,0.0,0.0,0.0,0.67,0.67,0.0,241,102,0.41,0.02,0.41,0.02,0.0,0.0,0.0,0.0,0,23924.0
0,1,19,9,24,0,0,0,0,0,0,0,0,0,0,0,0,0,0,0,0,0,1,1,0.0,0.0,0.0,0.0,1.0,0.0,0.0,255,8,0.03,0.97,0.03,0.0,0.96,0.0,0.0,0.0,0,40211.0
0,2,11,9,43,109,0,0,0,0,0,0,0,0,0,0,0,0,0,0,0,0,79,161,0.0,0.0,0.0,0.0,1.0,0.0,0.02,255,254,1.0,0.01,0.0,0.0,0.0,0.0,0.0,0.0,0,114070.0
0,1,22,9,218,702,0,0,0,0,0,1,0,0,0,0,0,0,0,0,0,0,1,1,0.0,0.0,0.0,0.0,1.0,0.0,0.0,74,255,1.0,0.0,0.01,0.03,0.0,0.0,0.01,0.0,0,46101.0
0,2,44,9,1,0,0,0,0,0,0,0,0,0,0,0,0,0,0,0,0,0,37,13,0.0,0.0,0.0,0.0,0.35,0.08,0.0,255,13,0.05,0.23,1.0,0.0,0.0,0.0,0.0,0.0,1,62751.0
0,1,3,5,0,0,0,0,0,0,0,0,0,0,0,0,0,0,0,0,0,0,200,4,1.0,1.0,0.0,0.0,0.02,0.05,0.0,255,4,0.02,0.05,0.0,0.0,1.0,1.0,0.0,0.0,1,54611.0
0,2,11,9,45,82,0,0,0,0,0,0,0,0,0,0,0,0,0,0,0,0,228,228,0.0,0.0,0.0,0.0,1.0,0.01,0.01,255,254,1.0,0.01,0.0,0.0,0.0,0.0,0.0,0.0,0,66127.0
0,1,22,9,222,2592,0,0,0,0,0,1,0,0,0,0,0,0,0,0,0,0,30,33,0.0,0.0,0.0,0.0,1.0,0.0,0.09,211,231,1.0,0.0,0.0,0.01,0.0,0.0,0.0,0.0,0,76065.0
0,1,19,9,10389,0,0,0,0,0,0,1,0,0,0,0,0,0,0,0,0,0,7,13,0.0,0.0,0.0,0.0,1.0,0.0,0.15,129,44,0.25,0.03,0.25,0.05,0.0,0.0,0.0,0.0,0,60283.0
0,2,11,9,45,79,0,0,0,0,0,0,0,0,0,0,0,0,0,0,0,0,152,152,0.0,0.0,0.0,0.0,1.0,0.0,0.0,255,254,1.0,0.01,0.01,0.0,0.0,0.0,0.0,0.0,0,41129.0
0,0,14,9,30,0,0,0,0,0,0,0,0,0,0,0,0,0,0,0,0,0,1,1,0.0,0.0,0.0,0.0,1.0,0.0,0.0,212,212,1.0,0.0,1.0,0.0,0.0,0.0,0.0,0.0,0,109874.0
0,1,22,9,181,5830,0,0,0,0,0,1,0,0,0,0,0,0,0,0,0,0,1,1,0.0,0.0,0.0,0.0,1.0,0.0,0.0,255,255,1.0,0.0,0.0,0.0,0.01,0.01,0.0,0.0,0,8346.0
2,1,19,9,2194619,0,0,0,0,0,0,0,0,0,0,0,0,0,0,0,0,0,2,2,0.0,0.0,0.0,0.0,1.0,0.0,0.0,218,45,0.13,0.01,0.13,0.04,0.0,0.0,0.0,0.0,0,118831.0
0,1,22,9,182,411,0,0,0,0,0,1,0,0,0,0,0,0,0,0,0,0,1,1,0.0,0.0,0.0,0.0,1.0,0.0,0.0,14,255,1.0,0.0,0.07,0.03,0.0,0.0,0.0,0.0,0,4473.0
0,2,44,9,28,0,0,3,0,0,0,0,0,0,0,0,0,0,0,0,0,0,53,53,0.0,0.0,0.0,0.0,1.0,0.0,0.0,255,53,0.21,0.01,0.21,0.0,0.0,0.0,0.0,0.0,1,122767.0
0,2,11,9,44,67,0,0,0,0,0,0,0,0,0,0,0,0,0,0,0,0,159,159,0.0,0.0,0.0,0.0,1.0,0.0,0.0,255,166,0.65,0.01,0.0,0.0,0.0,0.0,0.0,0.0,0,114476.0
0,2,44,9,215,0,0,0,0,0,0,0,0,0,0,0,0,0,0,0,0,0,1,1,0.0,0.0,0.0,0.0,1.0,0.0,0.0,119,103,0.87,0.02,0.87,0.0,0.0,0.0,0.0,0.0,1,73331.0
0,1,22,9,350,338,0,0,0,1,0,1,0,0,0,0,0,0,0,0,0,0,3,3,0.0,0.0,0.0,0.0,1.0,0.0,0.0,255,255,1.0,0.0,0.0,0.0,0.0,0.0,0.0,0.0,0,100391.0
0,2,44,9,1,0,0,0,0,0,0,0,0,0,0,0,0,0,0,0,0,0,77,1,0.0,0.0,0.0,0.0,0.01,0.09,0.0,255,1,0.0,0.21,1.0,0.0,0.0,0.0,0.0,0.0,1,30490.0
0,1,44,5,0,0,0,0,0,0,0,0,0,0,0,0,0,0,0,0,0,0,207,10,1.0,1.0,0.0,0.0,0.05,0.06,0.0,255,10,0.04,0.08,0.0,0.0,1.0,1.0,0.0,0.0,1,103760.0
0,1,17,5,0,0,0,0,0,0,0,0,0,0,0,0,0,0,0,0,0,0,127,2,1.0,1.0,0.0,0.0,0.02,0.06,0.0,255,2,0.01,0.05,0.0,0.0,1.0,1.0,0.0,0.0,1,2513.0
3,1,49,9,1238,331,0,0,0,0,0,1,0,0,0,0,0,0,0,0,0,0,1,3,0.0,0.0,0.0,0.0,1.0,0.0,1.0,82,64,0.78,0.05,0.01,0.0,0.0,0.0,0.0,0.0,0,85499.0
0,1,22,9,214,12161,0,0,0,0,0,1,0,0,0,0,0,0,0,0,0,0,9,9,0.0,0.0,0.0,0.0,1.0,0.0,0.0,127,255,1.0,0.0,0.01,0.02,0.0,0.0,0.0,0.0,0,119809.0
0,1,17,9,5,439,0,0,0,0,0,0,0,0,0,0,0,0,0,0,0,0,1,1,0.0,0.0,0.0,0.0,1.0,0.0,0.0,162,8,0.02,0.04,0.01,0.25,0.01,0.0,0.0,0.0,0,29871.0
0,1,19,5,0,0,0,0,0,0,0,0,0,0,0,0,0,0,0,0,0,0,205,17,1.0,1.0,0.0,0.0,0.08,0.06,0.0,255,17,0.07,0.07,0.0,0.0,1.0,1.0,0.0,0.0,1,108126.0
0,0,13,9,8,0,0,0,0,0,0,0,0,0,0,0,0,0,0,0,0,0,1,38,0.0,0.0,0.0,0.0,1.0,0.0,1.0,2,50,1.0,0.0,1.0,0.5,0.0,0.0,0.0,0.0,1,113076.0
0,1,29,1,0,0,0,0,0,0,0,0,0,0,0,0,0,0,0,0,0,0,247,15,0.0,0.0,1.0,1.0,0.06,0.06,0.0,255,15,0.06,0.07,0.0,0.0,0.0,0.0,1.0,1.0,1,94561.0
0,2,11,9,43,126,0,0,0,0,0,0,0,0,0,0,0,0,0,0,0,0,157,237,0.0,0.0,0.0,0.0,1.0,0.0,0.01,255,255,1.0,0.0,0.0,0.0,0.0,0.0,0.0,0.0,0,100418.0
0,2,44,9,105,145,0,0,0,0,0,0,0,0,0,0,0,0,0,0,0,0,1,1,0.0,0.0,0.0,0.0,1.0,0.0,0.0,64,64,1.0,0.0,0.02,0.0,0.0,0.0,0.0,0.0,0,25041.0
0,0,13,9,8,0,0,0,0,0,0,0,0,0,0,0,0,0,0,0,0,0,1,31,0.0,0.0,0.0,0.0,1.0,0.0,1.0,2,81,1.0,0.0,1.0,0.51,0.0,0.0,0.0,0.0,1,64620.0
0,1,19,9,12,0,0,0,0,0,0,1,0,0,0,0,0,0,0,0,0,0,2,2,0.0,0.0,0.0,0.0,1.0,0.0,0.0,6,49,1.0,0.0,1.0,0.04,0.0,0.02,0.0,0.0,0,65224.0
0,1,22,9,231,2698,0,0,0,0,0,1,0,0,0,0,0,0,1,0,0,0,5,5,0.0,0.0,0.0,0.0,1.0,0.0,0.0,255,249,0.98,0.01,0.0,0.0,0.0,0.0,0.0,0.0,0,117267.0
0,1,22,9,333,1540,0,0,0,0,0,1,0,0,0,0,0,0,0,0,0,0,2,2,0.0,0.0,0.0,0.0,1.0,0.0,0.0,24,255,1.0,0.0,0.04,0.09,0.0,0.0,0.0,0.0,0,15419.0
0,2,11,9,35,35,0,0,0,0,0,0,0,0,0,0,0,0,0,0,0,0,10,12,0.0,0.0,0.0,0.0,1.0,0.0,0.25,255,207,0.81,0.01,0.33,0.0,0.0,0.0,0.0,0.0,0,79754.0
0,1,22,9,292,13206,0,0,0,0,0,1,0,0,0,0,0,0,0,0,0,0,5,5,0.0,0.0,0.0,0.0,1.0,0.0,0.0,5,255,1.0,0.0,0.2,0.04,0.0,0.0,0.0,0.0,0,500.0
0,1,22,5,0,0,0,0,0,0,0,0,0,0,0,0,0,0,0,0,0,0,51,12,1.0,1.0,0.0,0.0,0.24,0.08,0.0,255,52,0.2,0.02,0.0,0.0,1.0,1.0,0.0,0.0,1,63852.0
0,1,22,9,291,10369,0,0,0,0,0,1,0,0,0,0,0,0,0,0,0,0,6,6,0.0,0.0,0.0,0.0,1.0,0.0,0.0,13,255,1.0,0.0,0.08,0.05,0.0,0.0,0.0,0.0,0,259.0
0,1,22,9,231,1344,0,0,0,0,0,1,0,0,0,0,0,0,0,0,0,0,5,5,0.0,0.0,0.0,0.0,1.0,0.0,0.0,255,255,1.0,0.0,0.0,0.0,0.0,0.0,0.0,0.0,0,119916.0
0,1,5,1,0,0,0,0,0,0,0,0,0,0,0,0,0,0,0,0,0,0,148,19,0.0,0.0,1.0,1.0,0.13,0.06,0.0,255,19,0.07,0.07,0.0,0.0,0.0,0.0,1.0,1.0,1,28400.0
0,2,11,9,33,88,0,0,0,0,0,0,0,0,0,0,0,0,0,0,0,0,2,13,0.0,0.0,0.0,0.0,1.0,0.0,0.46,255,243,0.95,0.01,0.01,0.0,0.0,0.0,0.0,0.0,0,111350.0
0,1,22,9,237,11499,0,0,0,0,0,1,0,0,0,0,0,0,0,0,0,0,19,35,0.0,0.0,0.0,0.0,1.0,0.0,0.06,255,255,1.0,0.0,0.0,0.0,0.0,0.0,0.0,0.0,0,76001.0
0,1,26,5,0,0,0,0,0,0,0,0,0,0,0,0,0,0,0,0,0,0,26,21,1.0,1.0,0.0,0.0,0.81,0.08,0.0,255,21,0.08,0.06,0.0,0.0,1.0,1.0,0.0,0.0,1,41149.0
0,1,57,5,0,0,0,0,0,0,0,0,0,0,0,0,0,0,0,0,0,0,147,18,1.0,1.0,0.0,0.0,0.12,0.05,0.0,255,13,0.05,0.05,0.0,0.0,1.0,1.0,0.0,0.0,1,90441.0
0,1,22,9,340,248,0,0,0,0,0,1,0,0,0,0,0,0,0,0,0,0,7,8,0.0,0.0,0.0,0.0,1.0,0.0,0.25,148,255,1.0,0.0,0.01,0.01,0.0,0.0,0.0,0.0,0,58946.0
0,1,22,9,210,1537,0,0,0,0,0,1,0,0,0,0,0,0,0,0,0,0,8,8,0.0,0.0,0.0,0.0,1.0,0.0,0.0,33,255,1.0,0.0,0.03,0.04,0.0,0.0,0.0,0.0,0,13312.0
0,1,19,9,4753,0,0,0,0,0,0,1,0,0,0,0,0,1,0,0,0,0,16,16,0.0,0.0,0.0,0.0,1.0,0.0,0.0,255,52,0.2,0.02,0.2,0.0,0.0,0.0,0.69,0.0,0,114239.0
9992,1,55,9,375,6252,0,0,0,0,0,1,0,0,0,0,0,0,0,0,0,0,1,1,0.0,0.0,0.0,0.0,1.0,0.0,0.0,255,104,0.41,0.01,0.0,0.0,0.75,0.87,0.0,0.0,0,123868.0
0,1,19,5,0,0,0,0,0,0,0,0,0,0,0,0,0,0,0,0,0,0,149,20,1.0,1.0,0.0,0.0,0.13,0.05,0.0,255,10,0.04,0.07,0.0,0.0,1.0,1.0,0.0,0.0,1,9144.0
0,1,22,9,234,1191,0,0,0,0,0,1,0,0,0,0,0,0,0,0,0,0,5,6,0.0,0.0,0.0,0.0,1.0,0.0,0.33,5,255,1.0,0.0,0.2,0.06,0.0,0.0,0.0,0.0,0,52319.0
0,1,22,9,206,3080,0,0,0,0,0,1,0,0,0,0,0,0,0,0,0,0,11,39,0.0,0.0,0.0,0.0,1.0,0.0,0.1,155,255,1.0,0.0,0.01,0.01,0.0,0.0,0.0,0.0,0,47165.0
0,1,44,5,0,0,0,0,0,0,0,0,0,0,0,0,0,0,0,0,0,0,114,16,1.0,1.0,0.0,0.0,0.14,0.07,0.0,255,34,0.13,0.06,0.0,0.0,1.0,1.0,0.0,0.0,1,56446.0
0,1,44,4,0,0,0,0,0,0,0,0,0,0,0,0,0,0,0,0,0,0,1,1,0.0,0.0,1.0,1.0,1.0,0.0,0.0,191,1,0.01,0.49,0.49,0.0,0.0,0.0,0.48,1.0,1,9007.0
0,1,40,1,0,0,0,0,0,0,0,0,0,0,0,0,0,0,0,0,0,0,360,1,0.06,0.0,0.91,1.0,0.0,1.0,0.0,255,1,0.0,1.0,0.0,0.0,0.08,0.0,0.9,1.0,1,99463.0
0,1,22,5,0,0,0,0,0,0,0,0,0,0,0,0,0,0,0,0,0,0,35,9,0.97,1.0,0.03,0.0,0.26,0.14,0.0,255,44,0.17,0.05,0.0,0.0,1.0,1.0,0.0,0.0,1,81210.0
0,1,44,1,0,0,0,0,0,0,0,0,0,0,0,0,0,0,0,0,0,0,2,1,0.0,0.0,1.0,1.0,0.5,1.0,0.0,255,1,0.0,0.16,0.13,0.0,0.0,0.0,0.14,1.0,1,97562.0
2,1,19,9,2194619,0,0,0,0,0,0,0,0,0,0,0,0,0,0,0,0,0,2,2,0.0,0.0,0.0,0.0,1.0,0.0,0.0,102,98,0.49,0.05,0.49,0.02,0.0,0.0,0.0,0.0,0,56384.0
0,1,22,9,322,6660,0,0,0,0,0,1,0,0,0,0,0,0,0,0,0,0,7,7,0.0,0.0,0.0,0.0,1.0,0.0,0.0,29,255,1.0,0.0,0.03,0.01,0.0,0.01,0.03,0.0,0,10306.0
0,1,3,9,9,37,0,0,0,0,0,1,0,0,0,0,0,0,0,0,0,0,2,1,0.0,0.0,0.0,0.0,0.5,1.0,0.0,137,7,0.04,0.03,0.01,0.29,0.0,0.0,0.0,0.0,0,123977.0
0,1,22,9,234,18046,0,0,0,0,0,1,0,0,0,0,0,0,0,0,0,0,10,10,0.0,0.0,0.0,0.0,1.0,0.0,0.0,255,255,1.0,0.0,0.0,0.0,0.01,0.01,0.0,0.0,0,50747.0
0,1,19,9,175337,0,0,0,0,0,0,1,0,0,0,0,0,0,0,0,0,0,2,1,0.0,0.0,0.0,0.0,0.5,1.0,0.0,234,54,0.23,0.02,0.23,0.0,0.0,0.0,0.0,0.0,0,81769.0
0,0,14,9,1032,0,0,0,0,0,0,0,0,0,0,0,0,0,0,0,0,0,511,511,0.0,0.0,0.0,0.0,1.0,0.0,0.0,255,161,0.63,0.01,0.63,0.0,0.0,0.0,0.0,0.0,1,61130.0
0,1,22,5,0,0,0,0,0,0,0,0,0,0,0,0,0,0,0,0,0,0,24,8,1.0,1.0,0.0,0.0,0.33,0.17,0.0,255,66,0.26,0.02,0.01,0.0,1.0,1.0,0.0,0.0,1,32449.0
0,1,22,9,229,2099,0,0,0,0,0,1,0,0,0,0,0,0,0,0,0,0,12,46,0.0,0.0,0.0,0.0,1.0,0.0,0.04,50,255,1.0,0.0,0.02,0.04,0.0,0.0,0.0,0.01,0,42514.0
0,2,40,9,147,0,0,0,0,0,0,0,0,0,0,0,0,0,0,0,0,0,1,1,0.0,0.0,0.0,0.0,1.0,0.0,0.0,255,2,0.01,0.62,0.94,0.0,0.0,0.0,0.0,0.0,0,41118.0
0,1,22,9,207,934,0,0,0,0,0,1,0,0,0,0,0,0,0,0,0,0,11,15,0.0,0.0,0.0,0.0,1.0,0.0,0.13,210,255,1.0,0.0,0.0,0.02,0.0,0.0,0.0,0.0,0,110700.0
0,1,22,9,319,3930,0,0,0,0,0,1,0,0,0,0,0,0,0,0,0,0,3,8,0.0,0.0,0.0,0.0,1.0,0.0,0.38,11,255,1.0,0.0,0.09,0.07,0.0,0.0,0.0,0.0,0,103840.0
7849,2,40,9,146,105,0,0,0,0,0,0,0,0,0,0,0,0,0,0,0,0,2,2,0.0,0.0,0.0,0.0,1.0,0.0,0.0,255,2,0.01,0.85,1.0,0.0,0.0,0.0,0.0,0.0,0,26811.0
0,1,22,9,215,4823,0,0,0,0,0,1,0,0,0,0,0,0,0,0,0,0,41,41,0.0,0.0,0.0,0.0,1.0,0.0,0.0,183,255,1.0,0.0,0.01,0.01,0.0,0.0,0.0,0.0,0,114890.0
0,1,16,5,0,0,0,0,0,0,0,0,0,0,0,0,0,0,0,0,0,0,100,10,1.0,1.0,0.0,0.0,0.1,0.06,0.0,255,20,0.08,0.07,0.0,0.0,1.0,1.0,0.0,0.0,1,103295.0
0,2,11,9,43,136,0,0,0,0,0,0,0,0,0,0,0,0,0,0,0,0,311,310,0.0,0.0,0.0,0.0,1.0,0.01,0.0,200,167,0.83,0.01,0.0,0.0,0.0,0.0,0.0,0.0,0,76942.0
0,1,44,5,0,0,0,0,0,0,0,0,0,0,0,0,0,0,0,0,0,0,165,14,1.0,1.0,0.0,0.0,0.08,0.08,0.0,255,14,0.05,0.07,0.0,0.0,1.0,1.0,0.0,0.0,1,107456.0
0,2,44,9,28,0,0,3,0,0,0,0,0,0,0,0,0,0,0,0,0,0,108,8,0.93,0.0,0.0,0.0,0.07,0.06,0.0,255,8,0.03,0.97,0.03,0.0,0.09,0.0,0.88,0.0,1,30742.0
0,1,19,9,29,0,0,0,0,0,0,1,0,0,0,0,0,0,0,0,0,0,2,2,0.5,0.5,0.0,0.0,1.0,0.0,0.0,39,72,0.46,0.13,0.46,0.03,0.05,0.06,0.0,0.0,0,63080.0
0,1,22,9,329,633,0,0,0,0,0,1,0,0,0,0,0,0,0,0,0,0,3,4,0.0,0.0,0.0,0.0,1.0,0.0,0.5,223,255,1.0,0.0,0.0,0.02,0.0,0.0,0.0,0.0,0,31895.0
0,1,44,1,0,0,0,0,0,0,0,0,0,0,0,0,0,0,0,0,0,0,332,1,0.03,0.0,0.95,1.0,0.0,1.0,0.0,255,1,0.0,1.0,0.0,0.0,0.04,0.0,0.96,1.0,1,47076.0
0,1,22,9,227,383,0,0,0,0,0,1,0,0,0,0,0,0,0,0,0,0,8,8,0.0,0.0,0.0,0.0,1.0,0.0,0.0,242,255,1.0,0.0,0.01,0.01,0.0,0.0,0.0,0.0,0,52584.0
0,1,7,1,0,0,0,0,0,0,0,0,0,0,0,0,0,0,0,0,0,0,243,7,0.0,0.0,1.0,1.0,0.03,0.07,0.0,255,7,0.03,0.07,0.0,0.0,0.0,0.0,1.0,1.0,1,98022.0
0,1,44,5,0,0,0,0,0,0,0,0,0,0,0,0,0,0,0,0,0,0,3,2,1.0,1.0,0.0,0.0,0.67,0.67,0.0,255,9,0.04,0.09,0.0,0.0,1.0,1.0,0.0,0.0,1,84217.0
0,1,44,5,0,0,0,0,0,0,0,0,0,0,0,0,0,0,0,0,0,0,38,2,1.0,1.0,0.0,0.0,0.05,0.16,0.0,255,2,0.01,0.09,0.0,0.0,1.0,1.0,0.0,0.0,1,3682.0
0,1,22,9,195,1521,0,0,0,0,0,1,0,0,0,0,0,0,0,0,0,0,6,6,0.0,0.0,0.0,0.0,1.0,0.0,0.0,36,255,1.0,0.0,0.03,0.02,0.0,0.0,0.0,0.0,0,68057.0
0,1,44,1,0,0,0,0,0,0,0,0,0,0,0,0,0,0,0,0,0,0,489,1,0.06,0.0,0.93,1.0,0.0,1.0,0.0,255,1,0.0,1.0,0.0,0.0,0.08,0.0,0.92,1.0,1,28325.0
0,1,44,5,0,0,0,0,0,0,0,0,0,0,0,0,0,0,0,0,0,0,110,20,1.0,1.0,0.0,0.0,0.18,0.06,0.0,255,20,0.08,0.06,0.0,0.0,1.0,1.0,0.0,0.0,1,90416.0
0,0,14,9,1480,0,0,1,0,0,0,0,0,0,0,0,0,0,0,0,0,0,2,4,0.0,0.0,0.0,0.0,1.0,0.0,0.5,2,6,1.0,0.0,1.0,0.5,0.0,0.0,0.0,0.0,1,94784.0
0,2,11,9,46,133,0,0,0,0,0,0,0,0,0,0,0,0,0,0,0,0,310,310,0.0,0.0,0.0,0.0,1.0,0.0,0.0,255,251,0.98,0.01,0.0,0.0,0.0,0.0,0.0,0.0,0,55185.0
0,1,49,2,0,0,0,0,0,0,0,0,0,0,0,0,0,0,0,0,0,0,190,1,0.0,0.0,1.0,1.0,0.01,0.07,0.0,255,1,0.0,0.07,0.0,0.0,0.0,0.0,1.0,1.0,1,61398.0
0,1,22,9,317,1617,0,0,0,0,0,1,0,0,0,0,0,0,0,0,0,0,19,20,0.0,0.0,0.0,0.0,1.0,0.0,0.1,255,255,1.0,0.0,0.0,0.0,0.0,0.0,0.0,0.0,0,118413.0
0,1,44,5,0,0,0,0,0,0,0,0,0,0,0,0,0,0,0,0,0,0,89,20,1.0,1.0,0.0,0.0,0.22,0.06,0.0,255,17,0.07,0.07,0.0,0.0,1.0,1.0,0.0,0.0,1,68183.0
0,1,22,9,237,336,0,0,0,0,0,1,0,0,0,0,0,0,0,0,0,0,2,2,0.0,0.0,0.0,0.0,1.0,0.0,0.0,255,255,1.0,0.0,0.0,0.0,0.0,0.0,0.0,0.0,0,124503.0
0,2,40,9,146,0,0,0,0,0,0,0,0,0,0,0,0,0,0,0,0,0,3,1,0.0,0.0,0.0,0.0,0.33,0.67,0.0,255,1,0.0,0.62,0.92,0.0,0.0,0.0,0.0,0.0,0,2067.0
0,1,22,9,300,13210,0,0,0,0,0,1,0,0,0,0,0,0,0,0,0,0,10,10,0.0,0.0,0.0,0.0,1.0,0.0,0.0,255,255,1.0,0.0,0.0,0.0,0.01,0.01,0.02,0.02,0,100903.0
0,1,2,5,0,0,0,0,0,0,0,0,0,0,0,0,0,0,0,0,0,0,212,12,1.0,1.0,0.0,0.0,0.06,0.06,0.0,255,12,0.05,0.07,0.0,0.0,1.0,1.0,0.0,0.0,1,88632.0
0,1,17,5,0,0,0,0,0,0,0,0,0,0,0,0,0,0,0,0,0,0,25,5,1.0,1.0,0.0,0.0,0.2,0.08,0.0,255,5,0.02,0.07,0.02,0.0,1.0,1.0,0.0,0.0,1,62148.0
0,1,44,5,0,0,0,0,0,0,0,0,0,0,0,0,0,0,0,0,0,0,129,18,1.0,1.0,0.0,0.0,0.14,0.05,0.0,255,18,0.07,0.05,0.0,0.0,1.0,1.0,0.0,0.0,1,46817.0
4115,2,40,9,147,105,0,0,0,0,0,0,0,0,0,0,0,0,0,0,0,0,1,1,0.0,0.0,0.0,0.0,1.0,0.0,0.0,255,1,0.0,0.72,0.98,0.0,0.0,0.0,0.0,0.0,0,17628.0
0,1,22,9,241,2043,0,0,0,0,0,1,0,0,0,0,0,0,0,0,0,0,11,11,0.0,0.0,0.0,0.0,1.0,0.0,0.0,255,255,1.0,0.0,0.0,0.0,0.0,0.0,0.0,0.0,0,59838.0
0,1,22,9,400,950,0,0,0,0,0,1,0,0,0,0,0,0,0,0,0,0,5,5,0.0,0.0,0.0,0.0,1.0,0.0,0.0,255,255,1.0,0.0,0.0,0.0,0.0,0.0,0.0,0.0,0,70424.0
0,1,59,5,0,0,0,0,0,0,0,0,0,0,0,0,0,0,0,0,0,0,106,6,1.0,1.0,0.0,0.0,0.06,0.07,0.0,255,9,0.04,0.07,0.0,0.0,1.0,1.0,0.0,0.0,1,8598.0
0,0,13,9,8,0,0,0,0,0,0,0,0,0,0,0,0,0,0,0,0,0,1,24,0.0,0.0,0.0,0.0,1.0,0.0,1.0,2,31,1.0,0.0,1.0,0.52,0.0,0.0,0.0,0.0,1,75350.0
28,2,11,9,46,46,0,0,0,0,0,0,0,0,0,0,0,0,0,0,0,0,3,5,0.0,0.0,0.0,0.0,0.33,0.67,0.4,90,87,0.97,0.02,0.01,0.0,0.0,0.0,0.0,0.0,0,80607.0
0,1,55,5,0,0,0,0,0,0,0,0,0,0,0,0,0,0,0,0,0,0,216,1,1.0,1.0,0.0,0.0,0.0,0.07,0.0,255,13,0.05,0.07,0.0,0.0,1.0,1.0,0.0,0.0,1,42467.0
0,1,44,5,0,0,0,0,0,0,0,0,0,0,0,0,0,0,0,0,0,0,139,13,1.0,1.0,0.0,0.0,0.09,0.07,0.0,255,13,0.05,0.06,0.0,0.0,1.0,1.0,0.0,0.0,1,29743.0
0,1,22,9,207,2510,0,0,0,0,0,1,0,0,0,0,0,0,0,0,0,0,2,2,0.0,0.0,0.0,0.0,1.0,0.0,0.0,9,255,1.0,0.0,0.11,0.04,0.0,0.01,0.0,0.0,0,85061.0
0,1,36,5,0,0,0,0,0,0,0,0,0,0,0,0,0,0,0,0,0,0,10,3,1.0,1.0,0.0,0.0,0.3,0.4,0.0,255,12,0.05,0.09,0.0,0.0,1.0,1.0,0.0,0.0,1,4199.0
0,1,22,9,212,12596,0,0,0,0,0,1,0,0,0,0,0,0,0,0,0,0,2,2,0.0,0.0,0.0,0.0,1.0,0.0,0.0,26,255,1.0,0.0,0.04,0.05,0.0,0.0,0.0,0.0,0,40117.0
0,1,44,5,0,0,0,0,0,0,0,0,0,0,0,0,0,0,0,0,0,0,108,8,1.0,1.0,0.0,0.0,0.07,0.06,0.0,255,27,0.11,0.06,0.0,0.0,1.0,1.0,0.0,0.0,1,108638.0
0,0,13,9,30,0,0,0,0,0,0,0,0,0,0,0,0,0,0,0,0,0,1,1,0.0,0.0,0.0,0.0,1.0,0.0,0.0,244,244,1.0,0.0,1.0,0.0,0.0,0.0,0.0,0.0,0,44075.0
0,1,10,9,48,266,0,0,0,0,0,1,0,0,0,0,0,0,0,0,0,0,76,1,0.0,0.0,0.0,0.0,0.01,0.03,0.0,255,1,0.0,0.01,0.0,0.0,0.0,0.0,0.0,0.0,0,124921.0
0,1,5,1,0,0,0,0,0,0,0,0,0,0,0,0,0,0,0,0,0,0,121,8,0.0,0.0,1.0,1.0,0.07,0.07,0.0,255,8,0.03,0.08,0.0,0.0,0.0,0.0,1.0,1.0,1,78373.0
0,1,44,5,0,0,0,0,0,0,0,0,0,0,0,0,0,0,0,0,0,0,110,8,1.0,1.0,0.0,0.0,0.07,0.06,0.0,255,8,0.03,0.06,0.0,0.0,1.0,1.0,0.0,0.0,1,56379.0
0,1,57,8,1,4,0,0,0,0,0,0,0,0,0,0,0,0,0,0,0,0,1,1,1.0,1.0,0.0,0.0,1.0,0.0,0.0,19,19,1.0,0.0,0.05,0.0,0.05,0.05,0.0,0.0,0,6469.0
0,2,11,9,45,74,0,0,0,0,0,0,0,0,0,0,0,0,0,0,0,0,147,147,0.0,0.0,0.0,0.0,1.0,0.0,0.0,255,254,1.0,0.01,0.0,0.0,0.0,0.0,0.0,0.0,0,99917.0
0,1,49,9,12842,1430,0,0,0,0,0,1,0,0,0,0,0,0,0,0,0,0,1,1,0.0,0.0,0.0,0.0,1.0,0.0,0.0,10,244,1.0,0.0,0.1,0.02,0.0,0.0,0.0,0.0,0,82179.0
0,1,28,5,0,0,0,0,0,0,0,0,0,0,0,0,0,0,0,0,0,0,56,5,1.0,1.0,0.0,0.0,0.09,0.09,0.0,255,13,0.05,0.08,0.0,0.0,1.0,1.0,0.0,0.0,1,79768.0
0,1,22,9,336,1453,0,0,0,0,0,1,0,0,0,0,0,0,0,0,0,0,7,7,0.0,0.0,0.0,0.0,1.0,0.0,0.0,255,255,1.0,0.0,0.0,0.0,0.0,0.0,0.0,0.0,0,55986.0
0,1,22,6,316,14600,0,0,0,0,0,1,0,0,0,0,0,0,0,0,0,0,1,1,1.0,1.0,0.0,0.0,1.0,0.0,0.0,50,255,1.0,0.0,0.02,0.04,0.02,0.01,0.0,0.0,0,93797.0
0,1,19,9,495,0,0,0,0,0,0,1,0,0,0,5,0,0,0,0,0,0,1,1,0.0,0.0,0.0,0.0,1.0,0.0,0.0,1,120,1.0,0.0,1.0,0.02,0.0,0.0,0.0,0.0,0,20428.0
0,1,22,9,314,274,0,0,0,0,0,1,0,0,0,0,0,0,0,0,0,0,19,19,0.0,0.0,0.0,0.0,1.0,0.0,0.0,255,255,1.0,0.0,0.0,0.0,0.0,0.0,0.0,0.0,0,33745.0
0,1,44,5,0,0,0,0,0,0,0,0,0,0,0,0,0,0,0,0,0,0,77,16,1.0,1.0,0.0,0.0,0.21,0.06,0.0,255,3,0.01,0.07,0.0,0.0,1.0,1.0,0.0,0.0,1,119504.0
0,0,13,9,8,0,0,0,0,0,0,0,0,0,0,0,0,0,0,0,0,0,1,14,0.0,0.0,0.0,0.0,1.0,0.0,1.0,1,211,1.0,0.0,1.0,0.5,0.0,0.0,0.0,0.0,1,103401.0
0,1,22,9,165,2725,0,0,0,2,0,1,0,0,0,0,0,0,0,0,0,0,1,2,0.0,0.0,0.0,0.0,1.0,0.0,1.0,9,10,1.0,0.0,0.11,0.2,0.0,0.0,0.0,0.0,0,44574.0
0,1,25,1,0,0,0,0,0,0,0,0,0,0,0,0,0,0,0,0,0,0,237,16,0.0,0.0,1.0,1.0,0.07,0.07,0.0,255,16,0.06,0.08,0.0,0.0,0.0,0.0,1.0,1.0,1,96352.0
0,1,22,1,0,0,0,0,0,0,0,0,0,0,0,0,0,0,0,0,0,0,1,1,0.0,0.0,1.0,1.0,1.0,0.0,0.0,36,238,1.0,0.0,0.03,0.24,0.0,0.0,1.0,1.0,0,29384.0
509,1,55,9,607,21048,0,0,0,0,0,1,3,0,0,0,0,0,0,0,0,0,1,1,0.0,0.0,0.0,0.0,1.0,0.0,0.0,255,20,0.08,0.06,0.0,0.0,0.55,0.05,0.01,0.1,0,77978.0
0,1,9,5,0,0,0,0,0,0,0,0,0,0,0,0,0,0,0,0,0,0,246,3,1.0,1.0,0.0,0.0,0.01,0.07,0.0,255,3,0.01,0.07,0.0,0.0,1.0,1.0,0.0,0.0,1,92963.0
12913,1,55,9,97,2487,0,0,0,0,0,1,0,0,0,0,0,0,0,0,0,0,1,1,0.0,0.0,0.0,0.0,1.0,0.0,0.0,9,1,0.11,0.44,0.11,0.0,0.11,0.0,0.0,0.0,0,32699.0
0,0,14,9,64,0,0,0,0,0,0,0,0,0,0,0,0,0,0,0,0,0,1,1,0.0,0.0,0.0,0.0,1.0,0.0,0.0,77,1,0.01,0.94,0.01,0.0,0.0,0.0,0.9,0.0,0,1522.0
0,1,8,5,0,0,0,0,0,0,0,0,0,0,0,0,0,0,0,0,0,0,150,16,1.0,1.0,0.0,0.0,0.11,0.05,0.0,255,4,0.02,0.06,0.0,0.0,1.0,1.0,0.0,0.0,1,102835.0
0,1,22,9,350,1577,0,0,0,0,0,1,0,0,0,0,0,0,0,0,0,0,1,1,0.0,0.0,0.0,0.0,1.0,0.0,0.0,255,255,1.0,0.0,0.0,0.0,0.0,0.0,0.0,0.0,0,40421.0
0,1,18,5,0,0,0,0,0,0,0,0,0,0,0,0,0,0,0,0,0,0,245,17,1.0,1.0,0.0,0.0,0.07,0.07,0.0,255,17,0.07,0.07,0.0,0.0,1.0,1.0,0.0,0.0,1,120712.0
0,0,13,9,18,0,0,0,0,0,0,0,0,0,0,0,0,0,0,0,0,0,1,1,0.0,0.0,0.0,0.0,1.0,0.0,0.0,1,6,1.0,0.0,1.0,1.0,0.0,0.0,0.0,0.0,1,34427.0
0,2,11,9,45,150,0,0,0,0,0,0,0,0,0,0,0,0,0,0,0,0,70,150,0.0,0.0,0.0,0.0,1.0,0.0,0.01,255,199,0.78,0.01,0.01,0.0,0.0,0.0,0.0,0.0,0,46573.0
0,1,44,5,0,0,0,0,0,0,0,0,0,0,0,0,0,0,0,0,0,0,183,3,1.0,1.0,0.0,0.0,0.02,0.07,0.0,255,18,0.07,0.07,0.0,0.0,1.0,1.0,0.0,0.0,1,16681.0
0,0,13,9,8,0,0,0,0,0,0,0,0,0,0,0,0,0,0,0,0,0,1,27,0.0,0.0,0.0,0.0,1.0,0.0,1.0,3,119,1.0,0.0,1.0,0.25,0.0,0.0,0.0,0.0,1,99999.0
0,1,19,5,0,0,0,0,0,0,0,0,0,0,0,0,0,0,0,0,0,0,70,18,1.0,1.0,0.0,0.0,0.26,0.06,0.0,255,64,0.25,0.02,0.02,0.0,1.0,1.0,0.0,0.0,1,99296.0
0,1,22,9,211,6806,0,0,0,0,0,1,0,0,0,0,0,0,0,0,0,0,1,7,0.0,0.0,0.0,0.0,1.0,0.0,0.29,15,255,1.0,0.0,0.07,0.09,0.0,0.0,0.0,0.0,0,51557.0
0,1,49,9,875,332,0,0,0,0,0,1,0,0,0,0,0,0,0,0,0,0,1,2,0.0,0.0,0.0,0.0,1.0,0.0,1.0,13,161,1.0,0.0,0.08,0.01,0.0,0.0,0.0,0.0,0,74677.0
0,1,44,1,0,0,0,0,0,0,0,0,0,0,0,0,0,0,0,0,0,0,218,5,0.0,0.0,1.0,1.0,0.02,0.07,0.0,255,5,0.02,0.07,0.0,0.0,0.0,0.0,1.0,1.0,1,85185.0
0,1,44,5,0,0,0,0,0,0,0,0,0,0,0,0,0,0,0,0,0,0,105,5,1.0,1.0,0.0,0.0,0.05,0.07,0.0,255,27,0.11,0.05,0.0,0.0,1.0,1.0,0.0,0.0,1,863.0
0,2,11,9,45,135,0,0,0,0,0,0,0,0,0,0,0,0,0,0,0,0,165,165,0.0,0.0,0.0,0.0,1.0,0.0,0.0,90,51,0.57,0.03,0.01,0.0,0.0,0.0,0.0,0.0,0,6293.0
0,1,2,5,0,0,0,0,0,0,0,0,0,0,0,0,0,0,0,0,0,0,218,18,1.0,1.0,0.0,0.0,0.08,0.06,0.0,255,18,0.07,0.06,0.0,0.0,1.0,1.0,0.0,0.0,1,33520.0
0,1,22,9,313,261,0,0,0,0,0,1,0,0,0,0,0,0,0,0,0,0,5,10,0.0,0.0,0.0,0.0,1.0,0.0,0.2,144,255,1.0,0.0,0.01,0.01,0.0,0.0,0.0,0.0,0,59823.0
0,1,44,5,0,0,0,0,0,0,0,0,0,0,0,0,0,0,0,0,0,0,88,18,1.0,1.0,0.0,0.0,0.2,0.07,0.0,197,18,0.09,0.07,0.01,0.0,1.0,1.0,0.0,0.0,1,22738.0
0,1,19,9,3676,0,0,0,0,0,0,1,0,0,0,0,0,0,0,0,0,0,4,4,0.0,0.0,0.0,0.0,1.0,0.0,0.0,79,75,0.54,0.06,0.54,0.04,0.0,0.0,0.0,0.0,0,36116.0
0,1,22,9,243,1386,0,0,0,0,0,1,0,0,0,0,0,0,0,0,0,0,17,17,0.0,0.0,0.0,0.0,1.0,0.0,0.0,165,255,1.0,0.0,0.01,0.02,0.0,0.0,0.0,0.0,0,67423.0
0,1,44,5,0,0,0,0,0,0,0,0,0,0,0,0,0,0,0,0,0,0,173,17,1.0,1.0,0.0,0.0,0.1,0.06,0.0,255,4,0.02,0.08,0.0,0.0,1.0,1.0,0.0,0.0,1,64334.0
0,1,22,9,296,1761,0,0,0,0,0,1,0,0,0,0,0,0,0,0,0,0,20,38,0.0,0.0,0.0,0.0,1.0,0.0,0.11,255,255,1.0,0.0,0.0,0.0,0.0,0.0,0.0,0.0,0,116497.0
0,1,22,9,200,7955,0,0,0,0,0,1,0,0,0,0,0,0,0,0,0,0,6,6,0.0,0.0,0.0,0.0,1.0,0.0,0.0,103,255,1.0,0.0,0.01,0.04,0.01,0.01,0.01,0.0,0,73305.0
0,1,31,5,0,0,0,0,0,0,0,0,0,0,0,0,0,0,0,0,0,0,214,14,1.0,1.0,0.0,0.0,0.07,0.06,0.0,255,1,0.0,0.07,0.0,0.0,1.0,1.0,0.0,0.0,1,26919.0
0,1,44,5,0,0,0,0,0,0,0,0,0,0,0,0,0,0,0,0,0,0,227,18,1.0,1.0,0.0,0.0,0.08,0.04,0.0,255,18,0.07,0.05,0.0,0.0,1.0,1.0,0.0,0.0,1,112783.0
0,1,22,9,200,2536,0,0,0,0,0,1,0,0,0,0,0,0,0,0,0,0,26,26,0.0,0.0,0.0,0.0,1.0,0.0,0.0,255,255,1.0,0.0,0.0,0.0,0.0,0.0,0.0,0.0,0,54434.0
0,1,22,9,210,1280,0,0,0,0,0,1,0,0,0,0,0,0,0,0,0,0,16,17,0.0,0.0,0.0,0.0,1.0,0.0,0.12,16,255,1.0,0.0,0.06,0.03,0.0,0.0,0.0,0.0,0,39046.0
0,1,22,9,265,1125,0,0,0,0,0,1,0,0,0,0,0,0,0,0,0,0,4,4,0.0,0.0,0.0,0.0,1.0,0.0,0.0,106,255,1.0,0.0,0.01,0.02,0.0,0.0,0.0,0.0,0,92988.0
0,1,19,9,1342,0,0,0,0,0,0,1,0,0,0,0,0,0,0,0,0,0,6,6,0.0,0.0,0.0,0.0,1.0,0.0,0.0,255,112,0.44,0.03,0.44,0.0,0.01,0.01,0.0,0.0,0,96341.0
0,1,30,5,0,0,0,0,0,0,0,0,0,0,0,0,0,0,0,0,0,0,115,4,1.0,1.0,0.0,0.0,0.03,0.07,0.0,255,14,0.05,0.08,0.0,0.0,1.0,1.0,0.0,0.0,1,106988.0
0,1,44,5,0,0,0,0,0,0,0,0,0,0,0,0,0,0,0,0,0,0,282,18,1.0,1.0,0.0,0.0,0.06,0.04,0.0,255,14,0.05,0.05,0.0,0.0,1.0,1.0,0.0,0.0,1,34413.0
0,1,22,9,174,1733,0,0,0,0,0,1,0,0,0,0,0,0,0,0,0,0,1,1,0.0,0.0,0.0,0.0,1.0,0.0,0.0,255,242,0.95,0.01,0.0,0.0,0.0,0.0,0.0,0.0,0,22157.0
0,1,19,5,0,0,0,0,0,0,0,0,0,0,0,0,0,0,0,0,0,0,481,23,0.08,0.17,0.89,0.83,0.05,0.95,0.0,255,22,0.09,0.92,0.0,0.0,0.11,0.18,0.89,0.82,1,36387.0
466,1,55,9,514,10864,0,0,0,0,1,1,0,0,0,0,0,0,0,0,0,0,1,1,0.0,0.0,0.0,0.0,1.0,0.0,0.0,199,20,0.1,0.05,0.01,0.0,0.03,0.25,0.0,0.0,0,41866.0
0,1,44,5,0,0,0,0,0,0,0,0,0,0,0,0,0,0,0,0,0,0,116,6,1.0,1.0,0.0,0.0,0.05,0.06,0.0,255,8,0.03,0.07,0.0,0.0,1.0,1.0,0.0,0.0,1,25617.0
0,1,44,5,0,0,0,0,0,0,0,0,0,0,0,0,0,0,0,0,0,0,200,14,1.0,1.0,0.0,0.0,0.07,0.07,0.0,255,14,0.05,0.08,0.0,0.0,1.0,1.0,0.0,0.0,1,42516.0
0,1,29,5,0,0,0,0,0,0,0,0,0,0,0,0,0,0,0,0,0,0,238,13,1.0,1.0,0.0,0.0,0.05,0.07,0.0,255,13,0.05,0.07,0.0,0.0,1.0,1.0,0.0,0.0,1,104169.0
0,1,2,1,0,0,0,0,0,0,0,0,0,0,0,0,0,0,0,0,0,0,249,6,0.0,0.0,1.0,1.0,0.02,0.07,0.0,255,6,0.02,0.08,0.0,0.0,0.0,0.0,1.0,1.0,1,79887.0
0,1,8,2,0,0,0,0,0,0,0,0,0,0,0,0,0,0,0,0,0,0,274,14,0.0,0.0,1.0,1.0,0.05,0.07,0.0,255,14,0.05,0.08,0.0,0.0,0.0,0.0,1.0,1.0,1,7849.0
0,1,22,9,207,4225,0,0,0,0,0,1,0,0,0,0,0,0,0,0,0,0,2,2,0.0,0.0,0.0,0.0,1.0,0.0,0.0,2,4,1.0,0.0,0.5,0.5,0.0,0.0,0.0,0.0,0,90947.0
0,2,11,9,46,46,0,0,0,0,0,0,0,0,0,0,0,0,0,0,0,0,239,239,0.0,0.0,0.0,0.0,1.0,0.0,0.0,255,255,1.0,0.0,0.0,0.0,0.0,0.0,0.0,0.0,0,86466.0
0,2,11,9,43,43,0,0,0,0,0,0,0,0,0,0,0,0,0,0,0,0,128,208,0.0,0.0,0.0,0.0,1.0,0.0,0.01,255,255,1.0,0.0,0.01,0.0,0.0,0.0,0.0,0.0,0,66693.0
0,1,44,5,0,0,0,0,0,0,0,0,0,0,0,0,0,0,0,0,0,0,236,16,1.0,1.0,0.0,0.0,0.07,0.06,0.0,255,2,0.01,0.08,0.0,0.0,1.0,1.0,0.0,0.0,1,19584.0
28,1,18,9,1051,3081,0,0,0,22,0,1,0,0,0,0,0,0,0,0,0,1,1,2,0.0,0.0,0.0,0.0,1.0,0.0,1.0,114,2,0.02,0.04,0.01,0.0,0.0,0.0,0.0,0.0,0,22939.0
0,0,13,9,8,0,0,0,0,0,0,0,0,0,0,0,0,0,0,0,0,0,1,37,0.0,0.0,0.0,0.0,1.0,0.0,1.0,2,162,1.0,0.0,1.0,0.5,0.0,0.0,0.0,0.0,1,27243.0
0,1,25,5,0,0,0,0,0,0,0,0,0,0,0,0,0,0,0,0,0,0,228,13,1.0,1.0,0.0,0.0,0.06,0.07,0.0,255,20,0.08,0.06,0.0,0.0,1.0,1.0,0.0,0.0,1,53227.0
0,1,2,5,0,0,0,0,0,0,0,0,0,0,0,0,0,0,0,0,0,0,207,4,1.0,1.0,0.0,0.0,0.02,0.07,0.0,255,3,0.01,0.08,0.0,0.0,1.0,1.0,0.0,0.0,1,26459.0
0,0,14,9,1032,0,0,0,0,0,0,0,0,0,0,0,0,0,0,0,0,0,165,165,0.0,0.0,0.0,0.0,1.0,0.0,0.0,255,165,0.65,0.01,0.65,0.0,0.0,0.0,0.0,0.0,1,116701.0
0,1,21,5,0,0,0,0,0,0,0,0,0,0,0,0,0,0,0,0,0,0,281,11,1.0,1.0,0.0,0.0,0.04,0.06,0.0,255,11,0.04,0.08,0.0,0.0,1.0,1.0,0.0,0.0,1,91359.0
0,1,22,9,321,8064,0,0,0,0,0,1,0,0,0,0,0,0,0,0,0,0,11,38,0.09,0.03,0.0,0.0,1.0,0.0,0.05,180,255,1.0,0.0,0.01,0.02,0.01,0.0,0.0,0.0,0,56941.0
0,1,22,9,205,3254,0,0,0,0,0,1,0,0,0,0,0,0,0,0,0,0,9,12,0.0,0.0,0.0,0.0,1.0,0.0,0.17,57,255,1.0,0.0,0.02,0.03,0.02,0.01,0.0,0.0,0,40979.0
2712,2,40,9,147,105,0,0,0,0,0,0,0,0,0,0,0,0,0,0,0,0,6,2,0.0,0.0,0.0,0.0,0.33,0.5,0.0,255,2,0.01,0.85,1.0,0.0,0.0,0.0,0.0,0.0,0,16973.0
0,2,11,9,46,136,0,0,0,0,0,0,0,0,0,0,0,0,0,0,0,0,210,210,0.0,0.0,0.0,0.0,1.0,0.0,0.0,135,96,0.71,0.02,0.01,0.0,0.0,0.0,0.0,0.0,0,576.0
0,1,22,9,293,2457,0,0,0,0,0,1,0,0,0,0,0,0,0,0,0,0,23,25,0.0,0.0,0.0,0.0,1.0,0.0,0.12,255,255,1.0,0.0,0.0,0.0,0.0,0.0,0.0,0.0,0,46263.0
0,1,22,1,0,0,0,0,0,0,0,0,0,0,0,0,0,0,0,0,0,0,1,1,0.0,0.0,1.0,1.0,1.0,0.0,0.0,8,100,1.0,0.0,0.12,0.23,0.0,0.0,1.0,1.0,0,54890.0
2,1,44,4,0,0,0,0,0,0,0,0,0,0,0,0,0,0,0,0,0,0,421,2,0.0,0.0,1.0,1.0,0.0,0.52,0.0,255,2,0.01,0.51,1.0,0.0,0.0,0.0,1.0,1.0,1,7597.0
0,1,44,5,0,0,0,0,0,0,0,0,0,0,0,0,0,0,0,0,0,0,189,10,1.0,1.0,0.0,0.0,0.05,0.06,0.0,255,20,0.08,0.06,0.0,0.0,1.0,1.0,0.0,0.0,1,86015.0
0,2,11,9,44,80,0,0,0,0,0,0,0,0,0,0,0,0,0,0,0,0,135,135,0.0,0.0,0.0,0.0,1.0,0.0,0.0,255,255,1.0,0.0,0.0,0.0,0.0,0.0,0.0,0.0,0,97996.0
0,1,40,1,0,0,0,0,0,0,0,0,0,0,0,0,0,0,0,0,0,0,511,1,0.01,0.0,0.99,1.0,0.0,1.0,0.0,255,1,0.0,1.0,0.0,0.0,0.01,0.0,0.99,1.0,1,21506.0
0,1,54,5,0,0,0,0,0,0,0,0,0,0,0,0,0,0,0,0,0,0,232,2,1.0,1.0,0.0,0.0,0.01,0.06,0.0,255,3,0.01,0.07,0.0,0.0,1.0,1.0,0.0,0.0,1,35199.0
0,1,28,1,0,0,0,0,0,0,0,0,0,0,0,0,0,0,0,0,0,0,139,9,0.0,0.0,1.0,1.0,0.06,0.06,0.0,255,5,0.02,0.07,0.0,0.0,0.0,0.0,1.0,1.0,1,44968.0
0,1,44,5,0,0,0,0,0,0,0,0,0,0,0,0,0,0,0,0,0,0,122,9,0.99,1.0,0.01,0.0,0.07,0.07,0.0,255,9,0.04,0.07,0.0,0.0,1.0,1.0,0.0,0.0,1,70427.0
0,1,22,9,278,2241,0,0,0,0,0,1,0,0,0,0,0,0,0,0,0,0,7,21,0.0,0.0,0.0,0.0,1.0,0.0,0.24,255,255,1.0,0.0,0.0,0.0,0.0,0.0,0.0,0.0,0,70340.0
0,1,44,5,0,0,0,0,0,0,0,0,0,0,0,0,0,0,0,0,0,0,188,10,1.0,1.0,0.0,0.0,0.05,0.07,0.0,255,10,0.04,0.07,0.0,0.0,1.0,1.0,0.0,0.0,1,76442.0
0,1,22,9,336,86082,0,0,0,0,0,1,0,0,0,0,0,0,0,0,0,0,1,1,0.0,0.0,0.0,0.0,1.0,0.0,0.0,2,255,1.0,0.0,0.5,0.02,0.5,0.0,0.0,0.0,0,7499.0
0,0,13,9,8,0,0,0,0,0,0,0,0,0,0,0,0,0,0,0,0,0,1,45,0.0,0.0,0.0,0.0,1.0,0.0,1.0,2,28,1.0,0.0,1.0,0.54,0.0,0.0,0.0,0.0,1,44659.0
0,1,4,5,0,0,0,0,0,0,0,0,0,0,0,0,0,0,0,0,0,0,283,6,1.0,1.0,0.0,0.0,0.02,0.06,0.0,255,15,0.06,0.07,0.0,0.0,1.0,1.0,0.0,0.0,1,107257.0
320,1,55,9,259,7770,0,0,0,0,0,1,2,0,0,0,0,0,0,0,0,0,1,1,0.0,0.0,0.0,0.0,1.0,0.0,0.0,255,68,0.27,0.02,0.0,0.0,0.85,0.85,0.0,0.0,0,90575.0
0,0,14,9,1032,0,0,0,0,0,0,0,0,0,0,0,0,0,0,0,0,0,310,310,0.0,0.0,0.0,0.0,1.0,0.0,0.0,255,255,1.0,0.0,1.0,0.0,0.0,0.0,0.0,0.0,1,70953.0
1,1,49,9,1075,359,0,0,0,0,0,1,0,0,0,0,0,0,0,0,0,0,1,2,0.0,0.0,0.0,0.0,1.0,0.0,1.0,253,124,0.49,0.01,0.0,0.0,0.0,0.0,0.0,0.0,0,33327.0
0,1,49,9,2162,334,0,0,0,0,0,1,0,0,0,0,0,0,0,0,0,0,1,1,0.0,0.0,0.0,0.0,1.0,0.0,0.0,70,166,0.64,0.07,0.01,0.02,0.0,0.0,0.0,0.0,0,6687.0
0,1,33,5,0,0,0,0,0,0,0,0,0,0,0,0,0,0,0,0,0,0,160,7,1.0,1.0,0.0,0.0,0.04,0.09,0.0,255,7,0.03,0.08,0.0,0.0,1.0,1.0,0.0,0.0,1,7120.0
0,0,14,9,520,0,0,0,0,0,0,0,0,0,0,0,0,0,0,0,0,0,13,13,0.0,0.0,0.0,0.0,1.0,0.0,0.0,255,255,1.0,0.0,1.0,0.0,0.0,0.0,0.0,0.0,1,51509.0
0,1,22,5,0,0,0,0,0,0,0,0,0,0,0,0,0,0,0,0,0,0,13,13,0.08,0.08,0.0,0.0,1.0,0.0,0.0,110,255,1.0,0.0,0.02,0.02,0.01,0.01,0.0,0.01,0,122991.0
0,1,8,5,0,0,0,0,0,0,0,0,0,0,0,0,0,0,0,0,0,0,167,15,1.0,1.0,0.0,0.0,0.09,0.06,0.0,255,15,0.06,0.05,0.0,0.0,1.0,1.0,0.0,0.0,1,122251.0
0,1,22,9,275,782,0,0,0,0,0,1,0,0,0,0,0,0,0,0,0,0,9,13,0.0,0.0,0.0,0.0,1.0,0.0,0.15,255,255,1.0,0.0,0.0,0.0,0.0,0.0,0.0,0.0,0,16923.0
0,1,22,9,198,889,0,0,0,0,0,1,0,0,0,0,0,0,0,0,0,0,8,26,0.0,0.0,0.0,0.0,1.0,0.0,0.12,8,234,1.0,0.0,0.12,0.02,0.0,0.0,0.0,0.01,0,75073.0
0,0,14,9,520,0,0,0,0,0,0,0,0,0,0,0,0,0,0,0,0,0,450,450,0.0,0.0,0.0,0.0,1.0,0.0,0.0,199,199,1.0,0.0,1.0,0.0,0.0,0.0,0.0,0.0,1,45794.0
0,1,22,9,340,919,0,0,0,0,0,1,0,0,0,0,0,0,0,0,0,0,34,34,0.0,0.0,0.0,0.0,1.0,0.0,0.0,255,255,1.0,0.0,0.0,0.0,0.0,0.0,0.0,0.0,0,56746.0
0,2,11,9,44,44,0,0,0,0,0,0,0,0,0,0,0,0,0,0,0,0,262,262,0.0,0.0,0.0,0.0,1.0,0.0,0.0,255,254,1.0,0.01,0.0,0.0,0.0,0.0,0.0,0.0,0,67446.0
0,1,61,5,0,0,0,0,0,0,0,0,0,0,0,0,0,0,0,0,0,0,238,4,1.0,1.0,0.0,0.0,0.02,0.07,0.0,255,17,0.07,0.08,0.0,0.0,1.0,1.0,0.0,0.0,1,21488.0
0,1,24,5,0,0,0,0,0,0,0,0,0,0,0,0,0,0,0,0,0,0,199,1,1.0,1.0,0.0,0.0,0.01,0.07,0.0,255,1,0.0,0.07,0.0,0.0,1.0,1.0,0.0,0.0,1,33747.0
1,1,49,9,1228,335,0,0,0,0,0,1,0,0,0,0,0,0,0,0,0,0,1,2,0.0,0.0,0.0,0.0,1.0,0.0,1.0,36,144,0.78,0.14,0.03,0.01,0.0,0.0,0.0,0.0,0,16453.0
9,1,49,9,1010,325,0,0,0,0,0,1,0,0,0,0,0,0,0,0,0,0,1,3,0.0,0.0,0.0,0.0,1.0,0.0,1.0,114,142,0.75,0.04,0.01,0.01,0.0,0.0,0.0,0.0,0,57979.0
0,0,13,9,8,0,0,0,0,0,0,0,0,0,0,0,0,0,0,0,0,0,1,29,0.0,0.0,0.0,0.0,1.0,0.0,1.0,1,201,1.0,0.0,1.0,0.25,0.0,0.0,0.0,0.0,1,90243.0
5,1,49,9,1384,375,0,0,0,0,0,1,0,0,0,0,0,0,0,0,0,0,1,1,0.0,0.0,0.0,0.0,1.0,0.0,0.0,133,164,0.68,0.03,0.01,0.01,0.0,0.0,0.0,0.0,0,64721.0
0,1,22,9,220,1695,0,0,0,0,0,1,0,0,0,0,0,0,0,0,0,0,15,15,0.0,0.0,0.0,0.0,1.0,0.0,0.0,255,255,1.0,0.0,0.0,0.0,0.0,0.0,0.0,0.0,0,105207.0
0,1,55,5,0,0,0,0,0,0,0,0,0,0,0,0,0,0,0,0,0,0,237,16,1.0,1.0,0.0,0.0,0.07,0.06,0.0,255,17,0.07,0.07,0.0,0.0,1.0,1.0,0.0,0.0,1,123151.0
0,1,53,5,0,0,0,0,0,0,0,0,0,0,0,0,0,0,0,0,0,0,283,17,1.0,1.0,0.0,0.0,0.06,0.06,0.0,255,4,0.02,0.07,0.0,0.0,1.0,1.0,0.0,0.0,1,34683.0
0,1,54,5,0,0,0,0,0,0,0,0,0,0,0,0,0,0,0,0,0,0,230,15,1.0,1.0,0.0,0.0,0.07,0.05,0.0,255,15,0.06,0.05,0.0,0.0,1.0,1.0,0.0,0.0,1,114078.0
0,1,28,5,0,0,0,0,0,0,0,0,0,0,0,0,0,0,0,0,0,0,221,15,1.0,1.0,0.0,0.0,0.07,0.05,0.0,255,15,0.06,0.06,0.0,0.0,1.0,1.0,0.0,0.0,1,99713.0
0,2,11,9,44,44,0,0,0,0,0,0,0,0,0,0,0,0,0,0,0,0,110,176,0.0,0.0,0.0,0.0,1.0,0.0,0.01,255,255,1.0,0.0,0.01,0.0,0.0,0.0,0.0,0.0,0,66720.0
0,1,19,9,95,0,0,0,0,0,0,1,0,0,0,0,0,0,0,0,0,0,4,4,0.0,0.0,0.0,0.0,1.0,0.0,0.0,255,10,0.04,0.07,0.04,0.0,0.9,0.0,0.0,0.0,0,78157.0
0,1,30,5,0,0,0,0,0,0,0,0,0,0,0,0,0,0,0,0,0,0,2,2,1.0,1.0,0.0,0.0,1.0,0.0,0.0,255,2,0.01,0.07,0.0,0.0,1.0,1.0,0.0,0.0,1,112131.0
0,1,22,9,185,11394,0,0,0,0,0,1,0,0,0,0,0,0,0,0,0,0,4,4,0.0,0.0,0.0,0.0,1.0,0.0,0.0,31,255,1.0,0.0,0.03,0.04,0.0,0.0,0.0,0.0,0,96690.0
0,2,11,9,43,126,0,0,0,0,0,0,0,0,0,0,0,0,0,0,0,0,72,152,0.0,0.0,0.0,0.0,0.99,0.03,0.01,255,236,0.93,0.02,0.0,0.0,0.0,0.0,0.0,0.0,0,37239.0
300,1,55,9,320,8718,0,0,0,0,0,1,0,0,0,0,1,0,0,0,0,0,1,1,0.0,0.0,0.0,0.0,1.0,0.0,0.0,41,5,0.12,0.1,0.02,0.0,0.02,0.2,0.0,0.0,0,39508.0
0,1,16,2,0,0,0,0,0,0,0,0,0,0,0,0,0,0,0,0,0,0,149,20,0.0,0.0,1.0,1.0,0.13,0.05,0.0,255,20,0.08,0.05,0.0,0.0,0.0,0.0,1.0,1.0,1,8190.0
0,1,19,5,0,0,0,0,0,0,0,0,0,0,0,0,0,0,0,0,0,0,286,19,1.0,1.0,0.0,0.0,0.07,0.06,0.0,255,19,0.07,0.07,0.0,0.0,1.0,1.0,0.0,0.0,1,54002.0
0,1,22,9,308,3307,0,0,0,0,0,1,0,0,0,0,0,0,0,0,0,0,3,6,0.0,0.0,0.0,0.0,1.0,0.0,0.5,85,121,1.0,0.0,0.01,0.02,0.0,0.0,0.0,0.0,0,2054.0
0,1,49,9,1745,444,0,0,0,0,0,1,0,0,0,0,0,0,0,0,0,0,1,3,0.0,0.0,0.0,0.0,1.0,0.0,1.0,197,72,0.24,0.02,0.01,0.03,0.0,0.0,0.01,0.03,0,14755.0
0,2,11,9,45,45,0,0,0,0,0,0,0,0,0,0,0,0,0,0,0,0,201,202,0.0,0.0,0.0,0.0,1.0,0.0,0.01,255,166,0.65,0.01,0.0,0.0,0.0,0.0,0.0,0.0,0,118875.0
0,1,22,9,226,2038,0,0,0,0,0,1,0,0,0,0,0,0,0,0,0,0,3,3,0.0,0.0,0.0,0.0,1.0,0.0,0.0,255,255,1.0,0.0,0.0,0.0,0.0,0.0,0.0,0.0,0,120113.0
0,1,8,5,0,0,0,0,0,0,0,0,0,0,0,0,0,0,0,0,0,0,291,8,1.0,1.0,0.0,0.0,0.03,0.05,0.0,255,10,0.04,0.08,0.0,0.0,1.0,1.0,0.0,0.0,1,84103.0
0,1,22,9,322,2307,0,0,0,0,0,1,0,0,0,0,0,0,0,0,0,0,1,6,0.0,0.0,0.0,0.0,1.0,0.0,1.0,2,255,1.0,0.0,0.5,0.05,0.0,0.0,0.0,0.0,0,125630.0
0,0,58,9,128,0,0,0,0,0,0,0,0,0,0,0,0,0,0,0,0,0,5,2,0.0,0.0,0.0,0.0,0.4,0.4,0.0,255,14,0.05,0.01,0.05,0.0,0.0,0.0,0.0,0.0,0,27903.0
0,1,22,9,220,2066,0,0,0,0,0,1,0,0,0,0,0,0,0,0,0,0,3,3,0.0,0.0,0.0,0.0,1.0,0.0,0.0,3,255,1.0,0.0,0.33,0.02,0.0,0.0,0.0,0.0,0,3982.0
0,1,22,9,364,10724,0,0,0,0,0,1,0,0,0,0,0,0,0,0,0,0,4,35,0.0,0.0,0.0,0.0,1.0,0.0,0.11,163,255,1.0,0.0,0.01,0.02,0.0,0.0,0.0,0.0,0,86517.0
0,1,3,1,0,0,0,0,0,0,0,0,0,0,0,0,0,0,0,0,0,0,267,19,0.0,0.0,1.0,1.0,0.07,0.06,0.0,255,19,0.07,0.07,0.0,0.0,0.0,0.0,1.0,1.0,1,86149.0
0,2,44,9,105,146,0,0,0,0,0,0,0,0,0,0,0,0,0,0,0,0,1,1,0.0,0.0,0.0,0.0,1.0,0.0,0.0,231,213,0.92,0.01,0.0,0.0,0.0,0.0,0.0,0.0,0,114674.0
0,1,44,5,0,0,0,0,0,0,0,0,0,0,0,0,0,0,0,0,0,0,195,9,1.0,1.0,0.0,0.0,0.05,0.06,0.0,56,7,0.12,0.16,0.02,0.0,0.75,1.0,0.02,0.0,1,23678.0
0,1,22,9,222,310,0,0,0,0,0,1,0,0,0,0,0,0,0,0,0,0,8,8,0.0,0.0,0.0,0.0,1.0,0.0,0.0,150,255,1.0,0.0,0.01,0.02,0.0,0.0,0.0,0.0,0,29013.0
42296,1,44,4,1,0,0,0,0,0,0,0,0,0,0,0,0,0,0,0,0,0,2,2,0.0,0.0,1.0,1.0,1.0,0.0,0.0,174,2,0.01,0.16,0.31,0.0,0.0,0.0,0.31,1.0,1,110424.0
0,1,44,5,0,0,0,0,0,0,0,0,0,0,0,0,0,0,0,0,0,0,287,5,1.0,1.0,0.0,0.0,0.02,0.06,0.0,255,1,0.0,0.07,0.0,0.0,1.0,1.0,0.0,0.0,1,51414.0
0,1,22,9,320,280,0,0,0,0,0,1,0,0,0,0,0,0,0,0,0,0,4,4,0.0,0.0,0.0,0.0,1.0,0.0,0.0,255,255,1.0,0.0,0.0,0.0,0.0,0.0,0.0,0.0,0,91539.0
0,1,22,9,217,2991,0,0,0,0,0,1,0,0,0,0,0,0,0,0,0,0,12,71,0.0,0.0,0.0,0.0,1.0,0.0,0.1,255,255,1.0,0.0,0.01,0.0,0.0,0.0,0.0,0.0,0,105149.0
0,1,3,5,0,0,0,0,0,0,0,0,0,0,0,0,0,0,0,0,0,0,104,4,1.0,1.0,0.0,0.0,0.04,0.05,0.0,255,4,0.02,0.05,0.0,0.0,1.0,1.0,0.0,0.0,1,112825.0
0,1,17,5,0,0,0,0,0,0,0,0,0,0,0,0,0,0,0,0,0,0,36,16,1.0,1.0,0.0,0.0,0.44,0.06,0.0,78,20,0.21,0.05,0.03,0.1,0.97,0.8,0.0,0.0,1,21927.0
0,1,22,9,293,1474,0,0,0,0,0,1,0,0,0,0,0,0,0,0,0,0,9,9,0.0,0.0,0.0,0.0,1.0,0.0,0.0,9,255,1.0,0.0,0.11,0.06,0.0,0.0,0.0,0.0,0,12173.0
0,1,62,5,0,0,0,0,0,0,0,0,0,0,0,0,0,0,0,0,0,0,244,18,1.0,1.0,0.0,0.0,0.07,0.07,0.0,255,18,0.07,0.07,0.0,0.0,1.0,1.0,0.0,0.0,1,21816.0
0,0,14,9,520,0,0,0,0,0,0,0,0,0,0,0,0,0,0,0,0,0,449,449,0.0,0.0,0.0,0.0,1.0,0.0,0.0,38,38,1.0,0.0,1.0,0.0,0.0,0.0,0.0,0.0,1,34753.0
0,1,12,5,0,0,0,0,0,0,0,0,0,0,0,0,0,0,0,0,0,0,245,22,1.0,1.0,0.0,0.0,0.09,0.05,0.0,255,22,0.09,0.05,0.0,0.0,1.0,1.0,0.0,0.0,1,100055.0
2625,2,40,9,145,105,0,0,0,0,0,0,0,0,0,0,0,0,0,0,0,0,4,2,0.0,0.0,0.0,0.0,0.5,0.5,0.0,255,2,0.01,0.65,1.0,0.0,0.0,0.0,0.0,0.0,0,113608.0
0,1,22,9,214,310,0,0,0,0,0,1,0,0,0,0,0,0,0,0,0,0,4,4,0.0,0.0,0.0,0.0,1.0,0.0,0.0,255,255,1.0,0.0,0.0,0.0,0.0,0.0,0.0,0.0,0,113955.0
0,1,22,9,291,1038,0,0,0,0,0,1,0,0,0,0,0,0,0,0,0,0,8,8,0.0,0.0,0.0,0.0,1.0,0.0,0.0,51,255,1.0,0.0,0.02,0.05,0.0,0.0,0.0,0.0,0,35777.0
0,1,22,9,338,4596,0,0,0,0,0,1,0,0,0,0,0,0,0,0,0,0,3,3,0.0,0.0,0.0,0.0,1.0,0.0,0.0,87,255,1.0,0.0,0.01,0.02,0.0,0.0,0.0,0.0,0,100041.0
0,1,22,9,210,105,0,0,0,0,0,1,0,0,0,0,0,0,0,0,0,0,5,5,0.0,0.0,0.0,0.0,1.0,0.0,0.0,83,255,1.0,0.0,0.01,0.05,0.0,0.01,0.0,0.0,0,24302.0
0,1,19,9,95,0,0,0,0,0,0,1,0,0,0,0,0,0,0,0,0,0,152,2,0.99,0.0,0.0,0.0,0.01,0.07,0.0,255,6,0.02,0.06,0.02,0.0,0.98,0.0,0.0,0.0,0,16280.0
0,1,18,5,0,0,0,0,0,0,0,0,0,0,0,0,0,0,0,0,0,0,120,19,1.0,1.0,0.0,0.0,0.16,0.07,0.0,255,19,0.07,0.06,0.0,0.0,1.0,1.0,0.0,0.0,1,74591.0
0,1,42,9,35,130,0,0,0,0,0,1,0,0,0,0,0,0,0,0,0,0,1,1,0.0,0.0,0.0,0.0,1.0,0.0,0.0,75,4,0.03,0.08,0.01,0.5,0.0,0.0,0.0,0.0,0,39689.0
0,1,22,9,209,2107,0,0,0,0,0,1,0,0,0,0,0,0,0,0,0,0,13,13,0.0,0.0,0.0,0.0,1.0,0.0,0.0,13,48,1.0,0.0,0.08,0.06,0.0,0.02,0.0,0.0,0,102366.0
0,1,54,1,0,0,0,0,0,0,0,0,0,0,0,0,0,0,0,0,0,0,300,20,0.0,0.0,1.0,1.0,0.07,0.05,0.0,255,20,0.08,0.06,0.0,0.0,0.0,0.0,1.0,1.0,1,54119.0
0,1,44,5,0,0,0,0,0,0,0,0,0,0,0,0,0,0,0,0,0,0,158,1,1.0,1.0,0.0,0.0,0.01,0.06,0.0,255,17,0.07,0.07,0.0,0.0,1.0,1.0,0.0,0.0,1,85751.0
0,1,22,9,203,56215,0,0,0,0,0,1,0,0,0,0,0,0,0,0,0,0,2,2,0.0,0.0,0.0,0.0,1.0,0.0,0.0,34,255,1.0,0.0,0.03,0.06,0.0,0.0,0.0,0.0,0,4140.0
0,2,11,9,43,118,0,0,0,0,0,0,0,0,0,0,0,0,0,0,0,0,119,185,0.0,0.0,0.0,0.0,1.0,0.0,0.01,255,255,1.0,0.0,0.0,0.0,0.0,0.0,0.0,0.0,0,68317.0
0,1,44,1,0,0,0,0,0,0,0,0,0,0,0,0,0,0,0,0,0,0,168,15,0.0,0.0,1.0,1.0,0.09,0.07,0.0,255,15,0.06,0.08,0.0,0.0,0.0,0.0,1.0,1.0,1,117808.0
0,1,22,9,258,19986,0,0,0,0,0,1,0,0,0,0,0,0,0,0,0,0,20,20,0.0,0.0,0.0,0.0,1.0,0.0,0.0,255,255,1.0,0.0,0.0,0.0,0.0,0.0,0.0,0.0,0,45191.0
0,1,44,5,0,0,0,0,0,0,0,0,0,0,0,0,0,0,0,0,0,0,89,4,1.0,1.0,0.0,0.0,0.04,0.07,0.0,255,4,0.02,0.07,0.0,0.0,1.0,1.0,0.0,0.0,1,118753.0
0,1,28,5,0,0,0,0,0,0,0,0,0,0,0,0,0,0,0,0,0,0,259,8,1.0,1.0,0.0,0.0,0.03,0.05,0.0,255,8,0.03,0.05,0.0,0.0,1.0,1.0,0.0,0.0,1,120017.0
0,1,37,5,0,0,0,0,0,0,0,0,0,0,0,0,0,0,0,0,0,0,130,18,1.0,1.0,0.0,0.0,0.14,0.05,0.0,255,3,0.01,0.07,0.0,0.0,1.0,1.0,0.0,0.0,1,116678.0
0,1,22,9,300,1441,0,0,0,0,0,1,0,0,0,0,0,0,0,0,0,0,20,21,0.0,0.0,0.0,0.0,1.0,0.0,0.1,251,255,1.0,0.0,0.0,0.01,0.0,0.0,0.0,0.0,0,55677.0
0,2,44,9,207,0,0,0,0,0,0,0,0,0,0,0,0,0,0,0,0,0,2,2,0.0,0.0,0.0,0.0,1.0,0.0,0.0,16,16,1.0,0.0,1.0,0.0,0.0,0.0,0.0,0.0,1,20801.0
0,0,13,9,8,0,0,0,0,0,0,0,0,0,0,0,0,0,0,0,0,0,1,26,0.0,0.0,0.0,0.0,1.0,0.0,1.0,1,57,1.0,0.0,1.0,0.51,0.0,0.0,0.0,0.0,1,21044.0
0,2,11,9,43,113,0,0,0,0,0,0,0,0,0,0,0,0,0,0,0,0,148,150,0.0,0.0,0.0,0.0,1.0,0.0,0.01,255,229,0.9,0.01,0.0,0.0,0.0,0.0,0.0,0.0,0,104866.0
0,1,40,1,0,0,0,0,0,0,0,0,0,0,0,0,0,0,0,0,0,0,510,1,0.12,0.0,0.88,1.0,0.0,1.0,0.0,255,1,0.0,1.0,0.0,0.0,0.13,0.0,0.87,1.0,1,108083.0
9,1,22,8,306,2698,0,0,0,0,0,1,0,0,0,0,0,0,1,0,0,0,2,2,1.0,1.0,0.0,0.0,1.0,0.0,0.0,255,248,0.97,0.01,0.0,0.0,0.02,0.02,0.0,0.0,0,37900.0
0,1,22,9,324,981,0,0,0,0,0,1,0,0,0,0,0,0,0,0,0,0,26,26,0.0,0.0,0.0,0.0,1.0,0.0,0.0,255,255,1.0,0.0,0.0,0.0,0.0,0.0,0.0,0.0,0,104678.0
0,1,44,5,0,0,0,0,0,0,0,0,0,0,0,0,0,0,0,0,0,0,278,17,1.0,1.0,0.0,0.0,0.06,0.06,0.0,255,33,0.13,0.06,0.0,0.0,1.0,1.0,0.0,0.0,1,10573.0
0,1,27,4,0,0,0,0,0,0,0,0,0,0,0,0,0,0,0,0,0,0,1,1,0.0,0.0,1.0,1.0,1.0,0.0,0.0,255,1,0.0,1.0,1.0,0.0,0.0,0.0,1.0,1.0,1,80311.0
0,1,22,9,205,5688,0,0,0,0,0,1,0,0,0,0,0,0,0,0,0,0,1,1,0.0,0.0,0.0,0.0,1.0,0.0,0.0,7,255,1.0,0.0,0.14,0.02,0.0,0.0,0.0,0.0,0,64688.0
0,0,13,9,8,0,0,0,0,0,0,0,0,0,0,0,0,0,0,0,0,0,1,40,0.0,0.0,0.0,0.0,1.0,0.0,1.0,1,95,1.0,0.0,1.0,0.51,0.0,0.0,0.0,0.0,1,34622.0
0,1,44,5,0,0,0,0,0,0,0,0,0,0,0,0,0,0,0,0,0,0,244,14,1.0,1.0,0.0,0.0,0.06,0.06,0.0,255,16,0.06,0.06,0.0,0.0,1.0,1.0,0.0,0.0,1,84474.0
0,1,44,5,0,0,0,0,0,0,0,0,0,0,0,0,0,0,0,0,0,0,135,20,1.0,1.0,0.0,0.0,0.15,0.06,0.0,255,12,0.05,0.07,0.0,0.0,1.0,1.0,0.0,0.0,1,103337.0
0,1,62,5,0,0,0,0,0,0,0,0,0,0,0,0,0,0,0,0,0,0,230,8,1.0,1.0,0.0,0.0,0.03,0.07,0.0,255,8,0.03,0.07,0.0,0.0,1.0,1.0,0.0,0.0,1,59028.0
0,1,22,9,250,3368,0,0,0,0,0,1,0,0,0,0,0,0,0,0,0,0,3,3,0.0,0.0,0.0,0.0,1.0,0.0,0.0,66,255,1.0,0.0,0.02,0.04,0.0,0.0,0.0,0.0,0,104610.0
0,1,40,1,0,0,0,0,0,0,0,0,0,0,0,0,0,0,0,0,0,0,511,1,0.14,0.0,0.86,1.0,0.0,1.0,0.0,255,1,0.0,1.0,0.0,0.0,0.03,0.0,0.97,1.0,1,15922.0
0,1,19,9,1690,0,0,0,0,0,0,1,0,0,0,0,0,0,0,0,0,0,13,28,0.0,0.0,0.0,0.0,0.92,0.15,0.07,255,53,0.21,0.03,0.21,0.0,0.0,0.0,0.0,0.0,0,65632.0
0,1,49,9,3180,337,0,0,0,0,0,1,0,0,0,0,0,0,0,0,0,0,1,1,0.0,0.0,0.0,0.0,1.0,0.0,0.0,29,131,0.72,0.14,0.03,0.02,0.0,0.0,0.0,0.0,0,123946.0
0,1,22,9,217,923,0,0,0,0,0,1,0,0,0,0,0,0,0,0,0,0,4,7,0.0,0.0,0.0,0.0,1.0,0.0,0.29,4,255,1.0,0.0,0.25,0.03,0.0,0.0,0.0,0.0,0,115958.0
0,1,49,9,790,332,0,0,0,0,0,1,0,0,0,0,0,0,0,0,0,0,1,2,0.0,0.0,0.0,0.0,1.0,0.0,1.0,54,164,0.61,0.06,0.02,0.02,0.0,0.0,0.0,0.0,0,115599.0
0,1,22,9,213,12596,0,0,0,0,0,1,0,0,0,0,0,0,0,0,0,0,2,2,0.0,0.0,0.0,0.0,1.0,0.0,0.0,26,255,1.0,0.0,0.04,0.05,0.0,0.0,0.0,0.0,0,71729.0
0,1,22,9,320,331,0,0,0,0,0,1,0,0,0,0,0,0,0,0,0,0,17,17,0.0,0.0,0.0,0.0,1.0,0.0,0.0,88,255,1.0,0.0,0.01,0.04,0.0,0.0,0.0,0.0,0,67698.0
0,1,22,9,200,8633,0,0,0,0,0,1,0,0,0,0,0,0,0,0,0,0,7,7,0.0,0.0,0.0,0.0,1.0,0.0,0.0,31,255,1.0,0.0,0.03,0.04,0.0,0.0,0.0,0.0,0,73820.0
0,1,22,9,222,1247,0,0,0,0,0,1,0,0,0,0,0,0,0,0,0,0,14,14,0.0,0.0,0.0,0.0,1.0,0.0,0.0,75,255,1.0,0.0,0.01,0.02,0.0,0.0,0.0,0.0,0,33364.0
0,1,19,9,641,0,0,0,0,0,0,1,0,0,0,0,0,0,0,0,0,0,2,3,0.0,0.0,0.0,0.0,1.0,0.0,0.67,238,44,0.18,0.13,0.29,0.0,0.03,0.02,0.0,0.0,0,119550.0
0,2,11,9,45,134,0,0,0,0,0,0,0,0,0,0,0,0,0,0,0,0,41,85,0.0,0.0,0.0,0.0,1.0,0.0,0.02,255,255,1.0,0.0,0.0,0.0,0.0,0.0,0.0,0.0,0,95667.0
0,0,14,9,1032,0,0,0,0,0,0,0,0,0,0,0,0,0,0,0,0,0,393,393,0.0,0.0,0.0,0.0,1.0,0.0,0.0,255,255,1.0,0.0,1.0,0.0,0.0,0.0,0.0,0.0,1,41330.0
0,1,44,1,0,0,0,0,0,0,0,0,0,0,0,0,0,0,0,0,0,0,290,1,0.07,0.0,0.88,1.0,0.0,1.0,0.0,255,1,0.0,1.0,0.0,0.0,0.08,0.0,0.88,1.0,1,27796.0
0,1,3,5,0,0,0,0,0,0,0,0,0,0,0,0,0,0,0,0,0,0,275,19,1.0,1.0,0.0,0.0,0.07,0.06,0.0,255,19,0.07,0.07,0.0,0.0,1.0,1.0,0.0,0.0,1,111313.0
0,1,2,5,0,0,0,0,0,0,0,0,0,0,0,0,0,0,0,0,0,0,292,16,1.0,1.0,0.0,0.0,0.05,0.05,0.0,255,16,0.06,0.05,0.0,0.0,1.0,1.0,0.0,0.0,1,7709.0
0,1,40,1,0,0,0,0,0,0,0,0,0,0,0,0,0,0,0,0,0,0,510,1,0.21,0.0,0.79,1.0,0.0,1.0,0.0,255,1,0.0,1.0,0.0,0.0,0.19,0.0,0.81,1.0,1,114764.0
0,1,22,9,194,3197,0,0,0,0,0,1,0,0,0,0,0,0,0,0,0,0,3,3,0.0,0.0,0.0,0.0,1.0,0.0,0.0,127,255,1.0,0.0,0.01,0.02,0.0,0.0,0.0,0.0,0,27778.0
0,1,22,9,237,391,0,0,0,0,0,1,0,0,0,0,0,0,0,0,0,0,4,4,0.0,0.0,0.0,0.0,1.0,0.0,0.0,136,255,1.0,0.0,0.01,0.01,0.0,0.0,0.03,0.02,0,124506.0
2414,2,40,9,146,105,0,0,0,0,0,0,0,0,0,0,0,0,0,0,0,0,1,1,0.0,0.0,0.0,0.0,1.0,0.0,0.0,255,1,0.0,0.86,1.0,0.0,0.0,0.0,0.0,0.0,0,45453.0
0,1,44,5,0,0,0,0,0,0,0,0,0,0,0,0,0,0,0,0,0,0,49,9,1.0,1.0,0.0,0.0,0.18,0.08,0.0,255,9,0.04,0.08,0.0,0.0,1.0,1.0,0.0,0.0,1,105987.0
0,1,18,2,0,0,0,0,0,0,0,0,0,0,0,0,0,0,0,0,0,0,249,6,0.0,0.0,1.0,1.0,0.02,0.07,0.0,255,6,0.02,0.08,0.0,0.0,0.0,0.0,1.0,1.0,1,23483.0
0,1,22,9,54540,8314,0,0,0,2,0,1,1,0,0,0,0,0,0,0,0,0,4,4,0.0,0.0,0.0,0.0,1.0,0.0,0.0,93,93,1.0,0.0,0.01,0.0,0.01,0.01,0.01,0.01,1,27065.0
0,1,62,5,0,0,0,0,0,0,0,0,0,0,0,0,0,0,0,0,0,0,271,11,1.0,1.0,0.0,0.0,0.04,0.06,0.0,255,11,0.04,0.07,0.0,0.0,1.0,1.0,0.0,0.0,1,32026.0
0,2,44,9,100,0,0,0,0,0,0,0,0,0,0,0,0,0,0,0,0,0,2,2,0.0,0.0,0.0,0.0,1.0,0.0,0.0,37,7,0.19,0.05,0.19,0.0,0.0,0.0,0.0,0.0,1,2968.0
0,1,22,1,0,0,0,0,0,0,0,0,0,0,0,0,0,0,0,0,0,0,1,1,0.0,0.0,1.0,1.0,1.0,0.0,0.0,3,255,1.0,0.0,0.33,0.05,0.0,0.0,1.0,1.0,0,9063.0
0,1,22,1,0,0,0,0,0,0,0,0,0,0,0,0,0,0,0,0,0,0,1,2,0.0,0.0,1.0,1.0,1.0,0.0,1.0,1,212,1.0,0.0,1.0,0.11,0.0,0.0,1.0,0.99,0,29314.0
0,1,22,9,401,14896,0,0,0,0,0,1,0,0,0,0,0,0,0,0,0,0,8,8,0.0,0.0,0.0,0.0,1.0,0.0,0.0,255,255,1.0,0.0,0.0,0.0,0.0,0.0,0.0,0.0,0,119740.0
0,1,6,5,0,0,0,0,0,0,0,0,0,0,0,0,0,0,0,0,0,0,202,1,1.0,1.0,0.0,0.0,0.0,0.05,0.0,255,1,0.0,0.06,0.0,0.0,1.0,1.0,0.0,0.0,1,57464.0
0,1,38,5,0,0,0,0,0,0,0,0,0,0,0,0,0,0,0,0,0,0,95,5,1.0,1.0,0.0,0.0,0.05,0.06,0.0,255,2,0.01,0.07,0.0,0.0,1.0,1.0,0.0,0.0,1,26198.0
0,1,55,5,0,0,0,0,0,0,0,0,0,0,0,0,0,0,0,0,0,0,30,6,1.0,1.0,0.0,0.0,0.2,0.13,0.0,112,29,0.25,0.04,0.04,0.07,0.98,0.9,0.0,0.0,1,68970.0
0,2,11,9,100,0,0,0,0,0,0,0,0,0,0,0,0,0,0,0,0,0,1,2,0.0,0.0,0.0,0.0,1.0,0.0,1.0,255,237,0.93,0.01,0.08,0.0,0.0,0.0,0.0,0.0,0,68617.0
0,0,14,9,1032,0,0,0,0,0,0,0,0,0,0,0,0,0,0,0,0,0,511,511,0.0,0.0,0.0,0.0,1.0,0.0,0.0,255,158,0.62,0.16,0.62,0.0,0.0,0.0,0.0,0.0,1,109986.0
0,1,55,4,0,0,0,0,0,0,0,0,0,0,0,0,0,0,0,0,0,0,1,1,0.0,0.0,1.0,1.0,1.0,0.0,0.0,255,18,0.07,0.45,0.44,0.0,0.0,0.0,0.45,0.17,1,73711.0
1,2,44,9,105,147,0,0,0,0,0,0,0,0,0,0,0,0,0,0,0,0,3,2,0.0,0.0,0.0,0.0,0.67,0.67,0.0,255,245,0.96,0.01,0.01,0.0,0.0,0.0,0.0,0.0,0,124496.0
0,1,22,1,0,0,0,0,0,0,0,0,0,0,0,0,0,0,0,0,0,0,286,18,0.0,0.0,1.0,1.0,0.06,0.06,0.0,255,18,0.07,0.07,0.0,0.0,0.0,0.0,1.0,1.0,1,106051.0
0,1,22,9,289,1912,0,0,0,0,0,1,0,0,0,0,0,0,0,0,0,0,11,11,0.0,0.0,0.0,0.0,1.0,0.0,0.0,11,255,1.0,0.0,0.09,0.02,0.0,0.0,0.0,0.0,0,106512.0
0,1,49,9,2140,326,0,0,0,0,0,1,0,0,0,0,0,0,0,0,0,0,1,2,0.0,0.0,0.0,0.0,1.0,0.0,1.0,87,170,0.71,0.03,0.01,0.02,0.0,0.03,0.0,0.01,0,3159.0
0,1,44,5,0,0,0,0,0,0,0,0,0,0,0,0,0,0,0,0,0,0,122,9,1.0,1.0,0.0,0.0,0.07,0.07,0.0,255,11,0.04,0.08,0.0,0.0,1.0,1.0,0.0,0.0,1,67541.0
0,1,19,9,960,0,0,0,0,0,0,1,0,0,0,0,0,0,0,0,0,0,2,2,0.0,0.0,0.0,0.0,1.0,0.0,0.0,255,119,0.47,0.03,0.47,0.0,0.0,0.01,0.0,0.0,0,22925.0
0,2,11,9,44,132,0,0,0,0,0,0,0,0,0,0,0,0,0,0,0,0,64,144,0.0,0.0,0.0,0.0,1.0,0.0,0.01,255,255,1.0,0.0,0.0,0.0,0.0,0.0,0.0,0.0,0,84197.0
0,1,44,4,0,0,0,0,0,0,0,0,0,0,0,0,0,0,0,0,0,0,1,1,0.0,0.0,1.0,1.0,1.0,0.0,0.0,254,1,0.0,0.35,0.34,0.0,0.0,0.0,0.34,1.0,1,90518.0
0,1,44,5,0,0,0,0,0,0,0,0,0,0,0,0,0,0,0,0,0,0,206,4,1.0,1.0,0.0,0.0,0.02,0.07,0.0,255,5,0.02,0.08,0.0,0.0,1.0,1.0,0.0,0.0,1,118016.0
0,0,13,9,8,0,0,0,0,0,0,0,0,0,0,0,0,0,0,0,0,0,1,46,0.0,0.0,0.0,0.0,1.0,0.0,1.0,1,15,1.0,0.0,1.0,0.53,0.0,0.0,0.0,0.0,1,158.0
0,1,22,9,325,1645,0,0,0,0,0,1,0,0,0,0,0,0,0,0,0,0,5,5,0.0,0.0,0.0,0.0,1.0,0.0,0.0,97,255,1.0,0.0,0.01,0.03,0.0,0.0,0.0,0.0,0,86400.0
0,1,22,9,215,373,0,0,0,0,0,1,0,0,0,0,0,0,0,0,0,0,66,66,0.0,0.0,0.0,0.0,1.0,0.0,0.0,149,255,1.0,0.0,0.01,0.03,0.0,0.0,0.0,0.0,0,40139.0
0,1,22,9,343,18000,0,0,0,0,0,1,0,0,0,0,0,0,0,0,0,0,3,3,0.0,0.0,0.0,0.0,1.0,0.0,0.0,17,255,1.0,0.0,0.06,0.04,0.0,0.0,0.0,0.0,0,119487.0
0,1,20,5,0,0,0,0,0,0,0,0,0,0,0,0,0,0,0,0,0,0,233,25,1.0,1.0,0.0,0.0,0.11,0.05,0.0,255,25,0.1,0.05,0.0,0.0,1.0,1.0,0.0,0.0,1,70795.0
3977,2,40,9,147,105,0,0,0,0,0,0,0,0,0,0,0,0,0,0,0,0,6,2,0.0,0.0,0.0,0.0,0.33,0.5,0.0,255,2,0.01,0.43,0.93,0.0,0.0,0.0,0.0,0.0,0,22081.0
0,1,49,9,2312,334,0,0,0,0,0,1,0,0,0,0,0,0,0,0,0,0,1,1,0.0,0.0,0.0,0.0,1.0,0.0,0.0,81,178,0.86,0.06,0.01,0.01,0.0,0.0,0.0,0.0,0,118469.0
0,1,22,1,0,0,0,0,0,0,0,0,0,0,0,0,0,0,0,0,0,0,1,1,0.0,0.0,1.0,1.0,1.0,0.0,0.0,74,255,1.0,0.0,0.01,0.15,0.0,0.0,0.95,0.98,0,100631.0
0,1,19,5,0,0,0,0,0,0,0,0,0,0,0,0,0,0,0,0,0,0,34,14,1.0,1.0,0.0,0.0,0.41,0.12,0.0,255,64,0.25,0.04,0.0,0.0,1.0,1.0,0.0,0.0,1,43212.0
0,1,36,5,0,0,0,0,0,0,0,0,0,0,0,0,0,0,0,0,0,0,298,7,1.0,1.0,0.0,0.0,0.02,0.06,0.0,255,1,0.0,0.07,0.0,0.0,1.0,1.0,0.0,0.0,1,60453.0
0,1,22,9,345,2090,0,0,0,0,0,1,0,0,0,0,0,0,0,0,0,0,4,4,0.0,0.0,0.0,0.0,1.0,0.0,0.0,255,255,1.0,0.0,0.0,0.0,0.0,0.0,0.0,0.0,0,83098.0
0,1,18,5,0,0,0,0,0,0,0,0,0,0,0,0,0,0,0,0,0,0,246,5,1.0,1.0,0.0,0.0,0.02,0.06,0.0,255,8,0.03,0.05,0.0,0.0,1.0,1.0,0.0,0.0,1,14129.0
0,1,59,5,0,0,0,0,0,0,0,0,0,0,0,0,0,0,0,0,0,0,118,5,1.0,1.0,0.0,0.0,0.04,0.05,0.0,255,5,0.02,0.05,0.0,0.0,1.0,1.0,0.0,0.0,1,61402.0
0,1,49,9,1362,363,0,0,0,0,0,1,0,0,0,0,0,0,0,0,0,0,1,1,0.0,0.0,0.0,0.0,1.0,0.0,0.0,255,10,0.04,0.63,0.0,0.0,0.0,0.1,0.0,0.0,0,111185.0
0,1,44,1,0,0,0,0,0,0,0,0,0,0,0,0,0,0,0,0,0,0,259,2,0.0,0.0,1.0,1.0,0.01,0.07,0.0,255,2,0.01,0.08,0.0,0.0,0.0,0.0,1.0,1.0,1,7361.0
0,1,19,9,10044,0,0,0,0,0,0,1,0,0,0,0,0,0,0,0,0,0,12,12,0.0,0.0,0.0,0.0,1.0,0.0,0.0,18,18,1.0,0.0,1.0,0.0,0.0,0.0,0.0,0.0,0,20110.0
0,1,38,5,0,0,0,0,0,0,0,0,0,0,0,0,0,0,0,0,0,0,288,8,1.0,1.0,0.0,0.0,0.03,0.06,0.0,255,4,0.02,0.07,0.0,0.0,1.0,1.0,0.0,0.0,1,79255.0
0,1,53,1,0,0,0,0,0,0,0,0,0,0,0,0,0,0,0,0,0,0,201,1,0.0,0.0,1.0,1.0,0.0,0.06,0.0,255,1,0.0,0.07,0.0,0.0,0.0,0.0,1.0,1.0,1,87305.0
0,1,22,9,162,29122,0,0,0,0,0,1,0,0,0,0,0,0,0,0,0,0,1,1,0.0,0.0,0.0,0.0,1.0,0.0,0.0,255,255,1.0,0.0,0.0,0.0,0.0,0.0,0.0,0.0,0,102204.0
0,1,19,5,0,0,0,0,0,0,0,0,0,0,0,0,0,0,0,0,0,0,78,19,1.0,1.0,0.0,0.0,0.24,0.05,0.0,255,65,0.25,0.02,0.0,0.0,1.0,1.0,0.0,0.0,1,30783.0
0,1,22,9,54540,8314,0,0,0,2,0,1,1,0,0,0,0,0,0,0,0,0,2,2,0.0,0.0,0.0,0.0,1.0,0.0,0.0,124,124,1.0,0.0,0.01,0.0,0.0,0.0,0.02,0.02,1,55554.0
1111,1,40,4,1,0,0,0,0,0,0,0,0,0,0,0,0,0,0,0,0,0,2,2,0.0,0.0,1.0,1.0,1.0,0.0,0.0,255,2,0.01,0.73,1.0,0.0,0.0,0.0,1.0,1.0,1,79636.0
0,1,22,9,210,1124,0,0,0,0,0,1,0,0,0,0,0,0,0,0,0,0,4,4,0.0,0.0,0.0,0.0,1.0,0.0,0.0,36,255,1.0,0.0,0.03,0.05,0.0,0.0,0.0,0.0,0,33539.0
0,1,16,5,0,0,0,0,0,0,0,0,0,0,0,0,0,0,0,0,0,0,35,16,1.0,1.0,0.0,0.0,0.46,0.09,0.0,255,16,0.06,0.07,0.0,0.0,1.0,1.0,0.0,0.0,1,92998.0
0,1,22,9,289,2488,0,0,0,0,0,1,0,0,0,0,0,0,0,0,0,0,4,4,0.0,0.0,0.0,0.0,1.0,0.0,0.0,255,255,1.0,0.0,0.01,0.0,0.0,0.0,0.0,0.0,0,1175.0
3,1,44,1,0,0,0,0,0,0,0,0,0,0,0,0,0,0,0,0,0,0,248,1,0.04,0.0,0.94,1.0,0.0,1.0,0.0,255,1,0.0,0.97,0.0,0.0,0.04,0.0,0.91,1.0,1,72454.0
0,2,44,9,28,0,0,3,0,0,0,0,0,0,0,0,0,0,0,0,0,0,22,22,0.0,0.0,0.0,0.0,1.0,0.0,0.0,255,122,0.48,0.53,0.48,0.0,0.09,0.0,0.44,0.0,1,120632.0
0,1,60,5,0,0,0,0,0,0,0,0,0,0,0,0,0,0,0,0,0,0,270,12,1.0,1.0,0.0,0.0,0.04,0.06,0.0,255,12,0.05,0.07,0.0,0.0,1.0,1.0,0.0,0.0,1,69850.0
5,1,22,1,0,0,0,0,0,0,0,0,0,0,0,0,0,0,0,0,0,0,1,2,0.0,0.0,1.0,1.0,1.0,0.0,1.0,255,211,0.83,0.02,0.0,0.0,0.0,0.0,0.83,1.0,0,42134.0
0,1,22,9,226,1230,0,0,0,0,0,1,0,0,0,0,0,0,0,0,0,0,23,23,0.0,0.0,0.0,0.0,1.0,0.0,0.0,255,255,1.0,0.0,0.0,0.0,0.0,0.0,0.0,0.0,0,76789.0
0,1,22,9,284,2594,0,0,0,0,0,1,0,0,0,0,0,0,0,0,0,0,3,3,0.0,0.0,0.0,0.0,1.0,0.0,0.0,3,255,1.0,0.0,0.33,0.04,0.0,0.0,0.0,0.0,0,85370.0
0,1,60,5,0,0,0,0,0,0,0,0,0,0,0,0,0,0,0,0,0,0,277,20,1.0,1.0,0.0,0.0,0.07,0.06,0.0,255,20,0.08,0.07,0.0,0.0,1.0,1.0,0.0,0.0,1,9699.0
0,1,22,9,280,290,0,0,0,0,0,1,0,0,0,0,0,0,0,0,0,0,12,12,0.0,0.0,0.0,0.0,1.0,0.0,0.0,255,255,1.0,0.0,0.0,0.0,0.0,0.0,0.0,0.0,0,13879.0
0,1,22,9,284,634,0,0,0,0,0,1,0,0,0,0,0,0,0,0,0,0,25,28,0.0,0.0,0.0,0.0,1.0,0.0,0.07,25,255,1.0,0.0,0.04,0.04,0.0,0.0,0.0,0.0,0,4875.0
0,0,14,9,1480,0,0,1,0,0,0,0,0,0,0,0,0,0,0,0,0,0,1,3,0.0,0.0,0.0,0.0,1.0,0.0,0.67,1,17,1.0,0.0,1.0,0.53,0.0,0.0,0.0,0.0,1,35428.0
0,1,44,5,0,0,0,0,0,0,0,0,0,0,0,0,0,0,0,0,0,0,289,18,1.0,1.0,0.0,0.0,0.06,0.06,0.0,255,17,0.07,0.05,0.0,0.0,1.0,1.0,0.0,0.0,1,90442.0
0,1,31,5,0,0,0,0,0,0,0,0,0,0,0,0,0,0,0,0,0,0,135,20,1.0,1.0,0.0,0.0,0.15,0.06,0.0,255,20,0.08,0.07,0.0,0.0,1.0,1.0,0.0,0.0,1,78115.0
0,2,11,9,42,129,0,0,0,0,0,0,0,0,0,0,0,0,0,0,0,0,22,69,0.0,0.0,0.0,0.0,1.0,0.0,0.03,255,217,0.85,0.02,0.0,0.0,0.0,0.0,0.0,0.0,0,34473.0
0,1,22,9,256,440,0,0,0,0,0,1,0,0,0,0,0,0,0,0,0,0,15,18,0.0,0.0,0.0,0.0,1.0,0.0,0.22,255,255,1.0,0.0,0.0,0.0,0.0,0.0,0.0,0.0,0,71018.0
0,1,37,5,0,0,0,0,0,0,0,0,0,0,0,0,0,0,0,0,0,0,115,3,1.0,1.0,0.0,0.0,0.03,0.06,0.0,255,17,0.07,0.07,0.0,0.0,1.0,1.0,0.0,0.0,1,48930.0
0,1,22,9,323,2276,0,0,0,0,0,1,0,0,0,0,0,0,0,0,0,0,17,17,0.0,0.0,0.0,0.0,1.0,0.0,0.0,17,255,1.0,0.0,0.06,0.04,0.0,0.0,0.0,0.0,0,2781.0
0,2,44,9,1,0,0,0,0,0,0,0,0,0,0,0,0,0,0,0,0,0,114,77,0.0,0.0,0.0,0.0,0.68,0.05,0.0,255,134,0.53,0.05,1.0,0.0,0.0,0.0,0.0,0.0,1,102369.0
0,1,22,1,0,0,0,0,0,0,0,0,0,0,0,0,0,0,0,0,0,0,254,6,0.0,0.0,1.0,1.0,0.02,0.07,0.0,255,6,0.02,0.08,0.0,0.0,0.0,0.0,1.0,1.0,1,15861.0
0,1,25,5,0,0,0,0,0,0,0,0,0,0,0,0,0,0,0,0,0,0,213,5,1.0,1.0,0.0,0.0,0.02,0.07,0.0,255,11,0.04,0.09,0.0,0.0,1.0,1.0,0.0,0.0,1,36042.0
0,1,50,5,0,0,0,0,0,0,0,0,0,0,0,0,0,0,0,0,0,0,241,5,1.0,1.0,0.0,0.0,0.02,0.07,0.0,255,5,0.02,0.07,0.0,0.0,1.0,1.0,0.0,0.0,1,29862.0
0,1,24,5,0,0,0,0,0,0,0,0,0,0,0,0,0,0,0,0,0,0,289,14,1.0,1.0,0.0,0.0,0.05,0.06,0.0,255,14,0.05,0.07,0.0,0.0,1.0,1.0,0.0,0.0,1,3166.0
0,0,14,9,520,0,0,0,0,0,0,0,0,0,0,0,0,0,0,0,0,0,26,26,0.0,0.0,0.0,0.0,1.0,0.0,0.0,255,255,1.0,0.0,1.0,0.0,0.0,0.0,0.0,0.0,1,88652.0
0,1,44,1,0,0,0,0,0,0,0,0,0,0,0,0,0,0,0,0,0,0,272,12,0.0,0.0,1.0,1.0,0.04,0.06,0.0,255,12,0.05,0.08,0.0,0.0,0.0,0.0,1.0,1.0,1,9712.0
0,1,55,5,0,0,0,0,0,0,0,0,0,0,0,0,0,0,0,0,0,0,68,9,1.0,1.0,0.0,0.0,0.13,0.06,0.0,255,9,0.04,0.06,0.0,0.0,1.0,1.0,0.0,0.0,1,60501.0
0,1,55,5,0,0,0,0,0,0,0,0,0,0,0,0,0,0,0,0,0,0,46,8,1.0,1.0,0.0,0.0,0.17,0.09,0.0,255,68,0.27,0.02,0.02,0.0,1.0,1.0,0.0,0.0,1,61684.0
17038,2,40,9,147,105,0,0,0,0,0,0,0,0,0,0,0,0,0,0,0,0,5,1,0.0,0.0,0.0,0.0,0.2,0.6,0.0,255,1,0.0,0.85,1.0,0.0,0.0,0.0,0.0,0.0,0,18695.0
0,2,40,9,147,0,0,0,0,0,0,0,0,0,0,0,0,0,0,0,0,0,5,1,0.0,0.0,0.0,0.0,0.2,0.6,0.0,255,1,0.0,0.41,0.91,0.0,0.0,0.0,0.0,0.0,0,30299.0
0,1,22,9,303,1588,0,0,0,0,0,1,0,0,0,0,0,0,0,0,0,0,6,6,0.0,0.0,0.0,0.0,1.0,0.0,0.0,11,101,1.0,0.0,0.09,0.04,0.0,0.0,0.0,0.0,0,115942.0
0,1,22,9,245,2317,0,0,0,0,0,1,0,0,0,0,0,0,0,0,0,0,2,5,0.0,0.0,0.0,0.0,1.0,0.0,0.6,108,255,1.0,0.0,0.01,0.03,0.0,0.0,0.0,0.0,0,99951.0
0,1,22,9,208,458,0,0,0,0,0,1,0,0,0,0,0,0,0,0,0,0,17,35,0.0,0.0,0.0,0.0,1.0,0.0,0.11,255,255,1.0,0.0,0.0,0.0,0.0,0.0,0.0,0.0,0,6593.0
0,2,40,9,147,0,0,0,0,0,0,0,0,0,0,0,0,0,0,0,0,0,5,1,0.0,0.0,0.0,0.0,0.2,0.6,0.0,255,1,0.0,0.4,0.88,0.0,0.0,0.0,0.0,0.0,0,45367.0
0,1,22,9,381,290,0,0,0,0,0,1,0,0,0,0,0,0,0,0,0,0,5,5,0.0,0.0,0.0,0.0,1.0,0.0,0.0,255,255,1.0,0.0,0.0,0.0,0.0,0.0,0.0,0.0,0,21200.0
0,1,19,9,5336,0,0,0,0,0,0,1,0,0,0,0,0,0,0,0,0,0,13,13,0.0,0.0,0.0,0.0,1.0,0.0,0.0,193,81,0.34,0.04,0.34,0.02,0.0,0.0,0.0,0.0,0,44910.0
0,1,22,9,332,388,0,0,0,0,0,1,0,0,0,0,0,0,0,0,0,0,1,24,0.0,0.0,0.0,0.0,1.0,0.0,0.08,255,255,1.0,0.0,0.0,0.0,0.0,0.0,0.0,0.0,0,52440.0
0,1,44,5,0,0,0,0,0,0,0,0,0,0,0,0,0,0,0,0,0,0,233,13,1.0,1.0,0.0,0.0,0.06,0.06,0.0,255,15,0.06,0.06,0.0,0.0,1.0,1.0,0.0,0.0,1,77487.0
0,1,44,5,0,0,0,0,0,0,0,0,0,0,0,0,0,0,0,0,0,0,289,17,1.0,1.0,0.0,0.0,0.06,0.06,0.0,255,15,0.06,0.08,0.0,0.0,1.0,1.0,0.0,0.0,1,1209.0
4723,2,40,9,146,105,0,0,0,0,0,0,0,0,0,0,0,0,0,0,0,0,1,1,0.0,0.0,0.0,0.0,1.0,0.0,0.0,255,1,0.0,0.7,0.97,0.0,0.0,0.0,0.0,0.0,0,51805.0
0,1,44,5,0,0,0,0,0,0,0,0,0,0,0,0,0,0,0,0,0,0,114,1,1.0,1.0,0.0,0.0,0.01,0.09,0.0,255,1,0.0,0.07,0.0,0.0,1.0,1.0,0.0,0.0,1,50165.0
0,1,44,5,0,0,0,0,0,0,0,0,0,0,0,0,0,0,0,0,0,0,127,10,1.0,1.0,0.0,0.0,0.08,0.06,0.0,255,30,0.12,0.05,0.0,0.0,1.0,1.0,0.0,0.0,1,76964.0
0,1,22,9,211,9945,0,0,0,0,0,1,0,0,0,0,0,0,0,0,0,0,5,14,0.0,0.0,0.0,0.0,1.0,0.0,0.14,26,255,1.0,0.0,0.04,0.05,0.0,0.0,0.0,0.0,0,83971.0
0,2,40,9,1,0,0,0,0,0,0,0,0,0,0,0,0,0,0,0,0,0,13,1,0.0,0.0,0.0,0.0,0.08,0.54,0.0,255,1,0.0,0.18,1.0,0.0,0.0,0.0,0.0,0.0,1,11695.0
0,1,23,5,0,0,0,0,0,0,0,0,0,0,0,0,0,0,0,0,0,0,133,21,1.0,1.0,0.0,0.0,0.16,0.05,0.0,255,21,0.08,0.05,0.0,0.0,1.0,1.0,0.0,0.0,1,94956.0
0,1,36,5,0,0,0,0,0,0,0,0,0,0,0,0,0,0,0,0,0,0,205,22,1.0,1.0,0.0,0.0,0.11,0.06,0.0,255,22,0.09,0.06,0.0,0.0,1.0,1.0,0.0,0.0,1,102868.0
0,1,22,9,222,11892,0,0,0,0,0,1,0,0,0,0,0,0,0,0,0,0,31,42,0.0,0.0,0.0,0.0,1.0,0.0,0.07,31,255,1.0,0.0,0.03,0.01,0.0,0.0,0.0,0.0,0,109993.0
0,2,11,9,43,131,0,0,0,0,0,0,0,0,0,0,0,0,0,0,0,0,64,144,0.0,0.0,0.0,0.0,1.0,0.0,0.01,255,239,0.94,0.01,0.0,0.0,0.0,0.0,0.0,0.0,0,36191.0
0,2,44,9,105,0,0,0,0,0,0,0,0,0,0,0,0,0,0,0,0,0,2,2,0.0,0.0,0.0,0.0,1.0,0.0,0.0,186,177,0.95,0.02,0.01,0.0,0.0,0.0,0.0,0.0,0,83147.0
5,2,11,9,134,44,0,0,0,0,0,0,0,0,0,0,0,0,0,0,0,0,304,303,0.0,0.0,0.0,0.0,1.0,0.01,0.0,193,160,0.83,0.01,0.45,0.0,0.0,0.0,0.0,0.0,0,107887.0
10,1,55,9,103,2681,0,0,0,0,0,1,0,0,0,0,0,0,0,0,0,0,1,1,0.0,0.0,0.0,0.0,1.0,0.0,0.0,95,3,0.03,0.05,0.01,0.0,0.0,0.0,0.0,0.0,0,117215.0
0,1,17,5,0,0,0,0,0,0,0,0,0,0,0,0,0,0,0,0,0,0,63,16,1.0,1.0,0.0,0.0,0.25,0.06,0.0,255,45,0.18,0.04,0.02,0.0,1.0,1.0,0.0,0.0,1,49781.0
0,1,29,5,0,0,0,0,0,0,0,0,0,0,0,0,0,0,0,0,0,0,199,7,1.0,1.0,0.0,0.0,0.04,0.06,0.0,255,7,0.03,0.05,0.0,0.0,1.0,1.0,0.0,0.0,1,36599.0
0,1,57,5,0,0,0,0,0,0,0,0,0,0,0,0,0,0,0,0,0,0,235,19,1.0,1.0,0.0,0.0,0.08,0.05,0.0,255,19,0.07,0.06,0.0,0.0,1.0,1.0,0.0,0.0,1,12904.0
0,1,49,9,759,329,0,0,0,0,0,1,0,0,0,0,0,0,0,0,0,0,1,2,0.0,0.0,0.0,0.0,1.0,0.0,1.0,197,135,0.64,0.03,0.01,0.01,0.0,0.0,0.0,0.0,0,101098.0
0,1,44,5,0,0,0,0,0,0,0,0,0,0,0,0,0,0,0,0,0,0,109,7,1.0,1.0,0.0,0.0,0.06,0.06,0.0,10,7,0.7,0.3,0.1,0.0,1.0,1.0,0.0,0.0,1,98574.0
0,2,11,9,45,45,0,0,0,0,0,0,0,0,0,0,0,0,0,0,0,0,185,184,0.0,0.0,0.0,0.0,0.99,0.01,0.0,255,254,1.0,0.01,0.0,0.0,0.0,0.0,0.0,0.0,0,89551.0
0,1,36,5,0,0,0,0,0,0,0,0,0,0,0,0,0,0,0,0,0,0,209,6,1.0,1.0,0.0,0.0,0.03,0.07,0.0,255,6,0.02,0.08,0.0,0.0,1.0,1.0,0.0,0.0,1,93947.0
0,1,55,5,0,0,0,0,0,0,0,0,0,0,0,0,0,0,0,0,0,0,42,9,1.0,1.0,0.0,0.0,0.21,0.1,0.0,255,23,0.09,0.06,0.01,0.0,1.0,1.0,0.0,0.0,1,4233.0
0,1,3,1,0,0,0,0,0,0,0,0,0,0,0,0,0,0,0,0,0,0,225,1,0.0,0.0,1.0,1.0,0.0,0.07,0.0,255,1,0.0,0.08,0.0,0.0,0.0,0.0,1.0,1.0,1,2176.0
0,1,22,9,207,306,0,0,0,0,0,1,0,0,0,0,0,0,0,0,0,0,3,15,0.33,0.13,0.0,0.0,1.0,0.0,0.27,255,255,1.0,0.0,0.0,0.0,0.0,0.0,0.0,0.0,0,83093.0
0,1,17,2,0,0,0,0,0,0,0,0,0,0,0,0,0,0,0,0,0,0,278,11,0.0,0.0,1.0,1.0,0.04,0.06,0.0,255,11,0.04,0.09,0.0,0.0,0.0,0.0,1.0,1.0,1,103177.0
1,1,49,9,2014,332,0,0,0,0,0,1,0,0,0,0,0,0,0,0,0,0,1,2,0.0,0.0,0.0,0.0,1.0,0.0,1.0,221,143,0.51,0.03,0.0,0.01,0.0,0.0,0.0,0.0,0,108580.0
0,1,6,1,0,0,0,0,0,0,0,0,0,0,0,0,0,0,0,0,0,0,143,13,0.0,0.0,1.0,1.0,0.09,0.06,0.0,255,8,0.03,0.07,0.0,0.0,0.0,0.0,1.0,1.0,1,77150.0
0,1,22,9,203,11394,0,0,0,0,0,1,0,0,0,0,0,0,0,0,0,0,4,4,0.0,0.0,0.0,0.0,1.0,0.0,0.0,255,255,1.0,0.0,0.0,0.0,0.0,0.0,0.01,0.01,0,81409.0
0,1,22,9,300,358,0,0,0,0,0,1,0,0,0,0,0,0,0,0,0,0,3,3,0.0,0.0,0.0,0.0,1.0,0.0,0.0,9,255,1.0,0.0,0.11,0.02,0.0,0.0,0.0,0.0,0,54114.0
0,2,11,9,45,72,0,0,0,0,0,0,0,0,0,0,0,0,0,0,0,0,272,271,0.0,0.0,0.0,0.0,1.0,0.01,0.0,255,254,1.0,0.01,0.0,0.0,0.0,0.0,0.0,0.0,0,89032.0
0,2,11,9,46,46,0,0,0,0,0,0,0,0,0,0,0,0,0,0,0,0,13,25,0.0,0.0,0.0,0.0,1.0,0.0,0.12,255,254,1.0,0.01,0.0,0.0,0.0,0.0,0.0,0.0,0,21212.0
0,1,25,5,0,0,0,0,0,0,0,0,0,0,0,0,0,0,0,0,0,0,257,12,1.0,1.0,0.0,0.0,0.05,0.06,0.0,255,12,0.05,0.07,0.0,0.0,1.0,1.0,0.0,0.0,1,111916.0
0,2,11,9,44,123,0,0,0,0,0,0,0,0,0,0,0,0,0,0,0,0,72,71,0.0,0.0,0.0,0.0,0.99,0.03,0.0,255,171,0.67,0.01,0.0,0.0,0.0,0.0,0.0,0.0,0,32651.0
0,1,19,9,501760,0,0,0,0,0,0,0,0,0,0,0,0,0,0,0,0,0,2,2,0.0,0.0,0.0,0.0,1.0,0.0,0.0,8,13,0.75,0.25,0.75,0.15,0.0,0.08,0.0,0.0,0,34011.0
0,1,19,9,740,0,0,0,0,0,0,1,0,0,0,9,0,0,0,0,0,0,2,2,0.0,0.0,0.0,0.0,1.0,0.0,0.0,88,94,0.49,0.06,0.5,0.02,0.0,0.0,0.0,0.0,0,102391.0
0,2,11,9,36,0,0,0,0,0,0,0,0,0,0,0,0,0,0,0,0,0,10,10,0.0,0.0,0.0,0.0,1.0,0.0,0.0,10,217,1.0,0.0,1.0,0.01,0.0,0.0,0.0,0.0,0,31809.0
0,2,11,9,45,143,0,0,0,0,0,0,0,0,0,0,0,0,0,0,0,0,69,130,0.0,0.0,0.0,0.0,1.0,0.0,0.03,255,255,1.0,0.0,0.0,0.0,0.0,0.0,0.0,0.0,0,46451.0
0,1,44,5,0,0,0,0,0,0,0,0,0,0,0,0,0,0,0,0,0,0,175,17,1.0,1.0,0.0,0.0,0.1,0.06,0.0,255,17,0.07,0.05,0.0,0.0,1.0,1.0,0.0,0.0,1,116417.0
0,1,44,1,0,0,0,0,0,0,0,0,0,0,0,0,0,0,0,0,0,0,120,6,0.0,0.0,1.0,1.0,0.05,0.08,0.0,255,6,0.02,0.06,0.0,0.0,0.0,0.0,1.0,1.0,1,89051.0
0,1,22,9,174,9047,0,0,0,0,0,1,0,0,0,0,0,0,0,0,0,0,3,3,0.0,0.0,0.0,0.0,1.0,0.0,0.0,14,255,1.0,0.0,0.07,0.03,0.0,0.0,0.0,0.0,0,94620.0
0,1,44,5,0,0,0,0,0,0,0,0,0,0,0,0,0,0,0,0,0,0,216,17,1.0,1.0,0.0,0.0,0.08,0.07,0.0,255,16,0.06,0.06,0.0,0.0,1.0,1.0,0.0,0.0,1,93289.0
0,1,22,9,231,5370,0,0,0,0,0,1,0,0,0,0,0,0,0,0,0,0,4,23,0.0,0.0,0.0,0.0,1.0,0.0,0.09,5,255,1.0,0.0,0.2,0.07,0.0,0.0,0.0,0.0,0,7025.0
0,1,19,9,203,0,0,0,0,0,0,0,0,0,0,0,0,0,0,0,0,0,2,2,0.0,0.0,0.0,0.0,1.0,0.0,0.0,7,4,0.57,0.29,0.57,0.0,0.0,0.0,0.0,0.0,0,75256.0
0,1,22,9,302,1748,0,0,0,0,0,1,0,0,0,0,0,0,0,0,0,0,1,1,0.0,0.0,0.0,0.0,1.0,0.0,0.0,1,255,1.0,0.0,1.0,0.03,0.0,0.0,0.0,0.0,0,35288.0
0,1,19,9,12241,0,0,0,0,0,0,1,0,0,0,0,0,0,0,0,0,0,13,14,0.0,0.0,0.0,0.0,1.0,0.0,0.14,159,80,0.32,0.04,0.32,0.03,0.0,0.01,0.0,0.0,0,93229.0
0,1,7,1,0,0,0,0,0,0,0,0,0,0,0,0,0,0,0,0,0,0,481,1,0.06,0.0,0.93,1.0,0.0,1.0,0.0,255,1,0.0,1.0,0.0,0.0,0.08,0.0,0.92,1.0,1,62458.0
0,1,22,9,332,24732,0,0,0,0,0,1,0,0,0,0,0,0,0,0,0,0,7,7,0.0,0.0,0.0,0.0,1.0,0.0,0.0,168,255,1.0,0.0,0.01,0.05,0.0,0.0,0.0,0.0,0,108848.0
0,1,59,5,0,0,0,0,0,0,0,0,0,0,0,0,0,0,0,0,0,0,116,11,1.0,1.0,0.0,0.0,0.09,0.06,0.0,255,11,0.04,0.06,0.0,0.0,1.0,1.0,0.0,0.0,1,42762.0
0,2,11,9,44,130,0,0,0,0,0,0,0,0,0,0,0,0,0,0,0,0,176,176,0.0,0.0,0.0,0.0,1.0,0.0,0.0,101,62,0.61,0.03,0.01,0.0,0.0,0.0,0.0,0.0,0,66560.0
0,1,41,5,0,0,0,0,0,0,0,0,0,0,0,0,0,0,0,0,0,0,242,8,1.0,1.0,0.0,0.0,0.03,0.05,0.0,255,8,0.03,0.05,0.0,0.0,1.0,1.0,0.0,0.0,1,19482.0
0,1,50,5,0,0,0,0,0,0,0,0,0,0,0,0,0,0,0,0,0,0,296,19,1.0,1.0,0.0,0.0,0.06,0.06,0.0,255,19,0.07,0.07,0.0,0.0,1.0,1.0,0.0,0.0,1,116370.0
0,1,16,2,0,0,0,0,0,0,0,0,0,0,0,0,0,0,0,0,0,0,144,16,0.0,0.0,1.0,1.0,0.11,0.06,0.0,255,9,0.04,0.06,0.0,0.0,0.0,0.0,1.0,1.0,1,312.0
0,1,22,5,0,0,0,0,0,0,0,0,0,0,0,0,0,0,0,0,0,0,1,1,1.0,1.0,0.0,0.0,1.0,0.0,0.0,20,255,1.0,0.0,0.05,0.18,0.05,0.0,0.95,0.98,0,40895.0
23,1,49,9,1628,334,0,0,0,0,0,1,0,0,0,0,0,0,0,0,0,0,1,1,0.0,0.0,0.0,0.0,1.0,0.0,0.0,68,129,0.56,0.06,0.01,0.02,0.0,0.12,0.0,0.0,0,33041.0
0,1,52,5,0,0,0,0,0,0,0,0,0,0,0,0,0,0,0,0,0,0,262,12,1.0,1.0,0.0,0.0,0.05,0.06,0.0,255,14,0.05,0.06,0.0,0.0,1.0,1.0,0.0,0.0,1,40532.0
0,1,19,5,0,0,0,0,0,0,0,0,0,0,0,0,0,0,0,0,0,0,260,20,1.0,1.0,0.0,0.0,0.08,0.05,0.0,255,20,0.08,0.05,0.0,0.0,1.0,1.0,0.0,0.0,1,42916.0
0,1,22,9,202,1271,0,0,0,0,0,1,0,0,0,0,0,0,0,0,0,0,2,2,0.0,0.0,0.0,0.0,1.0,0.0,0.0,155,255,1.0,0.0,0.01,0.02,0.0,0.0,0.0,0.0,0,22333.0
0,1,22,1,0,0,0,0,0,0,0,0,0,0,0,0,0,0,0,0,0,0,1,2,0.0,0.0,1.0,1.0,1.0,0.0,1.0,53,227,1.0,0.0,0.02,0.11,0.0,0.0,0.21,0.56,0,52819.0
0,0,13,9,8,0,0,0,0,0,0,0,0,0,0,0,0,0,0,0,0,0,1,3,0.0,0.0,0.0,0.0,1.0,0.0,1.0,3,27,1.0,0.0,1.0,0.26,0.0,0.0,0.0,0.0,1,31061.0
0,1,22,9,290,1896,0,0,0,0,0,1,0,0,0,0,0,0,0,0,0,0,21,21,0.0,0.0,0.0,0.0,1.0,0.0,0.0,255,255,1.0,0.0,0.0,0.0,0.0,0.0,0.0,0.0,0,105537.0
0,2,44,9,207,0,0,0,0,0,0,0,0,0,0,0,0,0,0,0,0,0,2,2,0.0,0.0,0.0,0.0,1.0,0.0,0.0,48,40,0.83,0.04,0.83,0.0,0.0,0.0,0.0,0.0,1,33163.0
0,1,25,5,0,0,0,0,0,0,0,0,0,0,0,0,0,0,0,0,0,0,300,16,1.0,1.0,0.0,0.0,0.05,0.05,0.0,255,15,0.06,0.07,0.0,0.0,1.0,1.0,0.0,0.0,1,22456.0
0,1,22,9,255,333,0,0,0,0,0,1,0,0,0,0,0,0,0,0,0,0,17,17,0.0,0.0,0.0,0.0,1.0,0.0,0.0,255,255,1.0,0.0,0.0,0.0,0.0,0.0,0.0,0.0,0,89607.0
0,2,11,9,43,127,0,0,0,0,0,0,0,0,0,0,0,0,0,0,0,0,111,193,0.0,0.0,0.0,0.0,1.0,0.0,0.02,255,254,1.0,0.01,0.0,0.0,0.0,0.0,0.0,0.0,0,60948.0
0,1,19,9,192,0,0,0,0,0,0,1,0,0,0,0,0,0,0,0,0,0,2,2,0.0,0.0,0.0,0.0,1.0,0.0,0.0,129,117,0.45,0.02,0.45,0.02,0.0,0.0,0.0,0.0,0,830.0
0,1,44,5,0,0,0,0,0,0,0,0,0,0,0,0,0,0,0,0,0,0,292,15,1.0,1.0,0.0,0.0,0.05,0.06,0.0,255,11,0.04,0.06,0.0,0.0,1.0,1.0,0.0,0.0,1,58007.0
0,2,11,9,44,128,0,0,0,0,0,0,0,0,0,0,0,0,0,0,0,0,64,144,0.0,0.0,0.0,0.0,1.0,0.0,0.01,255,255,1.0,0.0,0.0,0.0,0.0,0.0,0.0,0.0,0,46398.0
0,1,49,5,0,0,0,0,0,0,0,0,0,0,0,0,0,0,0,0,0,0,2,2,0.5,0.5,0.0,0.0,1.0,0.0,0.0,198,22,0.11,0.58,0.01,0.0,0.01,0.05,0.0,0.0,0,40697.0
12653,1,40,4,1,0,0,0,0,0,0,0,0,0,0,0,0,0,0,0,0,0,2,2,0.0,0.0,1.0,1.0,1.0,0.0,0.0,255,2,0.01,0.64,1.0,0.0,0.0,0.0,1.0,1.0,1,32401.0
0,2,11,9,42,42,0,0,0,0,0,0,0,0,0,0,0,0,0,0,0,0,3,5,0.0,0.0,0.0,0.0,1.0,0.0,0.4,130,126,0.97,0.02,0.02,0.0,0.0,0.0,0.0,0.0,0,48324.0
0,1,22,5,0,0,0,0,0,0,0,0,0,0,0,0,0,0,0,0,0,0,25,14,1.0,0.93,0.0,0.07,0.52,0.08,0.14,185,53,0.29,0.02,0.01,0.0,1.0,1.0,0.0,0.0,1,40688.0
0,1,62,5,0,0,0,0,0,0,0,0,0,0,0,0,0,0,0,0,0,0,267,24,1.0,1.0,0.0,0.0,0.09,0.05,0.0,255,24,0.09,0.05,0.0,0.0,1.0,1.0,0.0,0.0,1,49803.0
0,1,22,9,314,3749,0,0,0,0,0,1,0,0,0,0,0,0,0,0,0,0,9,9,0.0,0.0,0.0,0.0,1.0,0.0,0.0,255,255,1.0,0.0,0.0,0.0,0.0,0.0,0.0,0.0,0,13463.0
0,2,40,9,146,0,0,0,0,0,0,0,0,0,0,0,0,0,0,0,0,0,3,1,0.0,0.0,0.0,0.0,0.33,0.67,0.0,255,1,0.0,0.71,1.0,0.0,0.0,0.0,0.0,0.0,0,11205.0
0,1,44,5,0,0,0,0,0,0,0,0,0,0,0,0,0,0,0,0,0,0,135,1,1.0,1.0,0.0,0.0,0.01,0.06,0.0,255,6,0.02,0.08,0.0,0.0,1.0,1.0,0.0,0.0,1,23539.0
0,1,38,5,0,0,0,0,0,0,0,0,0,0,0,0,0,0,0,0,0,0,150,20,1.0,1.0,0.0,0.0,0.13,0.06,0.0,255,20,0.08,0.08,0.0,0.0,1.0,1.0,0.0,0.0,1,18718.0
0,1,44,5,0,0,0,0,0,0,0,0,0,0,0,0,0,0,0,0,0,0,287,13,1.0,1.0,0.0,0.0,0.05,0.06,0.0,255,8,0.03,0.09,0.0,0.0,1.0,1.0,0.0,0.0,1,100376.0
0,0,13,9,8,0,0,0,0,0,0,0,0,0,0,0,0,0,0,0,0,0,1,31,0.0,0.0,0.0,0.0,1.0,0.0,1.0,1,81,1.0,0.0,1.0,0.51,0.0,0.0,0.0,0.0,1,115983.0
0,1,22,9,54540,8314,0,0,0,2,0,1,1,0,0,0,0,0,0,0,0,0,1,2,0.0,0.0,0.0,0.5,1.0,0.0,1.0,255,255,1.0,0.0,0.0,0.0,0.01,0.01,0.02,0.02,1,75737.0
0,1,19,9,12165,0,0,0,0,0,0,1,0,0,0,0,0,0,0,0,0,0,3,3,0.0,0.0,0.0,0.0,1.0,0.0,0.0,17,46,0.53,0.12,0.53,0.04,0.0,0.0,0.0,0.0,0,83283.0
0,1,62,5,0,0,0,0,0,0,0,0,0,0,0,0,0,0,0,0,0,0,246,19,1.0,1.0,0.0,0.0,0.08,0.07,0.0,255,19,0.07,0.07,0.0,0.0,1.0,1.0,0.0,0.0,1,106735.0
0,1,12,5,0,0,0,0,0,0,0,0,0,0,0,0,0,0,0,0,0,0,236,3,1.0,1.0,0.0,0.0,0.01,0.06,0.0,255,3,0.01,0.07,0.0,0.0,1.0,1.0,0.0,0.0,1,125757.0
0,0,14,9,1032,0,0,0,0,0,0,0,0,0,0,0,0,0,0,0,0,0,511,511,0.0,0.0,0.0,0.0,1.0,0.0,0.0,255,117,0.46,0.02,0.46,0.0,0.02,0.0,0.0,0.0,1,29972.0
0,1,49,9,757,328,0,0,0,0,0,1,0,0,0,0,0,0,0,0,0,0,1,1,0.0,0.0,0.0,0.0,1.0,0.0,0.0,47,144,0.64,0.06,0.02,0.02,0.0,0.0,0.0,0.0,0,26542.0
0,1,22,9,326,420,0,0,0,0,0,1,0,0,0,0,0,0,0,0,0,0,3,10,0.0,0.0,0.0,0.0,1.0,0.0,0.3,255,255,1.0,0.0,0.0,0.0,0.0,0.0,0.0,0.0,0,1017.0
0,1,22,9,247,15233,0,0,0,0,0,1,0,0,0,0,0,0,0,0,0,0,2,5,0.0,0.0,0.0,0.0,1.0,0.0,0.4,34,255,1.0,0.0,0.03,0.04,0.03,0.0,0.0,0.0,0,37469.0
0,1,15,1,0,0,0,0,0,0,0,0,0,0,0,0,0,0,0,0,0,0,145,19,0.0,0.0,1.0,1.0,0.13,0.06,0.0,255,19,0.07,0.07,0.0,0.0,0.0,0.0,1.0,1.0,1,43627.0
1,1,49,9,1185,324,0,0,0,0,0,1,0,0,0,0,0,0,0,0,0,0,1,1,0.0,0.0,0.0,0.0,1.0,0.0,0.0,91,181,0.8,0.04,0.01,0.01,0.0,0.0,0.03,0.05,0,61950.0
0,1,22,9,330,772,0,0,0,0,0,1,0,0,0,0,0,0,0,0,0,0,6,8,0.0,0.0,0.0,0.0,1.0,0.0,0.25,227,255,1.0,0.0,0.0,0.01,0.0,0.0,0.0,0.0,0,82797.0
0,1,18,5,0,0,0,0,0,0,0,0,0,0,0,0,0,0,0,0,0,0,36,1,1.0,1.0,0.0,0.0,0.03,0.14,0.0,255,8,0.03,0.08,0.0,0.0,1.0,1.0,0.0,0.0,1,41986.0
0,0,58,9,78,0,0,0,0,0,0,0,0,0,0,0,0,0,0,0,0,0,11,2,0.0,0.0,0.0,0.0,0.18,0.18,0.0,255,2,0.01,0.01,0.01,0.0,0.0,0.0,0.0,0.0,0,15263.0
0,1,22,9,242,7892,0,0,0,0,0,1,0,0,0,0,0,0,0,0,0,0,14,15,0.0,0.0,0.0,0.0,1.0,0.0,0.13,134,255,1.0,0.0,0.01,0.02,0.0,0.0,0.0,0.0,0,49169.0
0,1,51,5,0,0,0,0,0,0,0,0,0,0,0,0,0,0,0,0,0,0,90,24,1.0,1.0,0.0,0.0,0.27,0.04,0.0,255,12,0.05,0.06,0.0,0.0,1.0,1.0,0.0,0.0,1,116046.0
0,1,22,9,322,1380,0,0,0,0,0,1,0,0,0,0,0,0,0,0,0,0,23,24,0.04,0.04,0.0,0.0,1.0,0.0,0.08,255,255,1.0,0.0,0.0,0.0,0.0,0.0,0.0,0.0,0,90897.0
0,0,58,9,181,0,0,0,0,0,0,0,0,0,0,0,0,0,0,0,0,0,2,1,0.0,0.0,0.0,0.0,0.5,1.0,0.0,255,126,0.49,0.01,0.64,0.0,0.0,0.0,0.0,0.0,0,106543.0
0,1,44,5,0,0,0,0,0,0,0,0,0,0,0,0,0,0,0,0,0,0,76,11,1.0,1.0,0.0,0.0,0.14,0.07,0.0,255,18,0.07,0.06,0.0,0.0,1.0,1.0,0.0,0.0,1,15849.0
0,1,52,5,0,0,0,0,0,0,0,0,0,0,0,0,0,0,0,0,0,0,293,14,1.0,1.0,0.0,0.0,0.05,0.06,0.0,255,7,0.03,0.09,0.0,0.0,1.0,1.0,0.0,0.0,1,29458.0
2511,2,40,9,146,105,0,0,0,0,0,0,0,0,0,0,0,0,0,0,0,0,2,2,0.0,0.0,0.0,0.0,1.0,0.0,0.0,59,2,0.03,0.49,0.69,0.0,0.0,0.0,0.0,0.0,0,2864.0
0,1,22,9,164,7764,0,0,0,0,0,1,0,0,0,0,0,0,0,0,0,0,3,3,0.0,0.0,0.0,0.0,1.0,0.0,0.0,34,255,1.0,0.0,0.03,0.02,0.0,0.0,0.03,0.0,0,89522.0
0,1,49,9,13106,1429,0,0,0,0,0,1,0,0,0,0,0,0,0,0,0,0,1,1,0.0,0.0,0.0,0.0,1.0,0.0,0.0,230,137,0.5,0.01,0.0,0.01,0.0,0.0,0.0,0.0,0,119060.0
0,1,22,9,229,182,0,0,0,0,0,1,0,0,0,0,0,0,0,0,0,0,15,15,0.0,0.0,0.0,0.0,1.0,0.0,0.0,255,255,1.0,0.0,0.0,0.0,0.0,0.0,0.02,0.02,0,24042.0
0,1,18,5,0,0,0,0,0,0,0,0,0,0,0,0,0,0,0,0,0,0,226,3,1.0,1.0,0.0,0.0,0.01,0.07,0.0,255,3,0.01,0.07,0.0,0.0,1.0,1.0,0.0,0.0,1,51296.0
0,1,44,5,0,0,0,0,0,0,0,0,0,0,0,0,0,0,0,0,0,0,251,13,1.0,1.0,0.0,0.0,0.05,0.06,0.0,255,8,0.03,0.09,0.0,0.0,1.0,1.0,0.0,0.0,1,119802.0
0,1,61,5,0,0,0,0,0,0,0,0,0,0,0,0,0,0,0,0,0,0,295,25,1.0,1.0,0.0,0.0,0.08,0.04,0.0,255,25,0.1,0.05,0.0,0.0,1.0,1.0,0.0,0.0,1,36087.0
0,1,40,1,0,0,0,0,0,0,0,0,0,0,0,0,0,0,0,0,0,0,511,1,0.05,0.0,0.95,1.0,0.0,0.96,0.0,255,1,0.0,0.96,0.0,0.0,0.03,0.0,0.97,1.0,1,24661.0
0,1,44,5,0,0,0,0,0,0,0,0,0,0,0,0,0,0,0,0,0,0,126,8,1.0,1.0,0.0,0.0,0.06,0.06,0.0,255,14,0.05,0.07,0.0,0.0,1.0,1.0,0.0,0.0,1,27693.0
0,1,22,9,329,806,0,0,0,0,0,1,0,0,0,0,0,0,0,0,0,0,14,17,0.0,0.0,0.0,0.0,1.0,0.0,0.18,189,201,1.0,0.0,0.01,0.02,0.01,0.01,0.01,0.0,0,52616.0
0,1,44,1,0,0,0,0,0,0,0,0,0,0,0,0,0,0,0,0,0,0,107,12,0.0,0.0,1.0,1.0,0.11,0.06,0.0,255,12,0.05,0.06,0.0,0.0,0.0,0.0,1.0,1.0,1,115174.0
0,1,22,1,0,0,0,0,0,0,0,0,0,0,0,0,0,0,0,0,0,0,1,1,0.0,0.0,1.0,1.0,1.0,0.0,0.0,101,255,1.0,0.0,0.01,0.08,0.0,0.0,1.0,0.97,0,42590.0
0,1,22,1,0,0,0,0,0,0,0,0,0,0,0,0,0,0,0,0,0,0,1,2,0.0,0.0,1.0,1.0,1.0,0.0,1.0,9,255,1.0,0.0,0.11,0.18,0.0,0.0,1.0,1.0,0,77284.0
0,1,22,9,218,401,0,0,0,0,0,1,0,0,0,0,0,0,0,0,0,0,12,12,0.0,0.0,0.0,0.0,1.0,0.0,0.0,12,255,1.0,0.0,0.08,0.04,0.0,0.0,0.0,0.0,0,56646.0
0,1,22,5,0,0,0,0,0,0,0,0,0,0,0,0,0,0,0,0,0,0,14,15,1.0,0.93,0.0,0.07,1.0,0.0,0.13,14,14,1.0,0.0,0.07,0.0,1.0,1.0,0.0,0.0,1,103033.0
0,1,28,1,0,0,0,0,0,0,0,0,0,0,0,0,0,0,0,0,0,0,133,4,0.0,0.0,1.0,1.0,0.03,0.06,0.0,255,4,0.02,0.06,0.0,0.0,0.0,0.0,1.0,1.0,1,99574.0
0,1,19,5,0,0,0,0,0,0,0,0,0,0,0,0,0,0,0,0,0,0,76,18,1.0,1.0,0.0,0.0,0.24,0.05,0.0,255,58,0.23,0.02,0.01,0.0,1.0,1.0,0.0,0.0,1,9167.0
0,1,22,9,290,269,0,0,0,0,0,1,0,0,0,0,0,0,0,0,0,0,1,16,0.0,0.0,0.0,0.0,1.0,0.0,0.19,255,255,1.0,0.0,0.0,0.0,0.0,0.0,0.0,0.0,0,43496.0
0,2,44,9,28,0,0,3,0,0,0,0,0,0,0,0,0,0,0,0,0,0,94,94,0.0,0.0,0.0,0.0,1.0,0.0,0.0,255,94,0.37,0.01,0.37,0.0,0.0,0.0,0.0,0.0,1,86587.0
0,1,22,9,198,3534,0,0,0,0,0,1,0,0,0,0,0,0,0,0,0,0,14,48,0.0,0.0,0.0,0.0,1.0,0.0,0.08,14,255,1.0,0.0,0.07,0.01,0.0,0.0,0.0,0.0,0,12974.0
0,1,22,9,197,321,0,0,0,0,0,1,0,0,0,0,0,0,0,0,0,0,31,54,0.0,0.0,0.0,0.0,1.0,0.0,0.06,115,255,1.0,0.0,0.01,0.03,0.0,0.0,0.0,0.0,0,35918.0
0,1,22,9,279,307,0,0,0,0,0,1,0,0,0,0,0,0,0,0,0,0,12,14,0.0,0.0,0.0,0.0,1.0,0.0,0.14,12,249,1.0,0.0,0.08,0.12,0.0,0.0,0.0,0.9,0,48395.0
0,2,40,9,1,0,0,0,0,0,0,0,0,0,0,0,0,0,0,0,0,0,20,2,0.0,0.0,0.0,0.0,0.1,0.5,0.0,255,2,0.01,0.18,1.0,0.0,0.0,0.0,0.0,0.0,1,57182.0
0,1,22,9,209,29055,0,0,0,0,0,1,0,0,0,0,0,0,0,0,0,0,3,3,0.0,0.0,0.0,0.0,1.0,0.0,0.0,168,255,1.0,0.0,0.01,0.02,0.0,0.0,0.0,0.0,0,41642.0
0,0,13,9,8,0,0,0,0,0,0,0,0,0,0,0,0,0,0,0,0,0,1,52,0.0,0.0,0.0,0.0,1.0,0.0,1.0,1,97,1.0,0.0,1.0,0.26,0.0,0.0,0.0,0.0,1,63906.0
0,1,9,2,0,0,0,0,0,0,0,0,0,0,0,0,0,0,0,0,0,0,276,14,0.0,0.0,1.0,1.0,0.05,0.06,0.0,255,14,0.05,0.07,0.0,0.0,0.0,0.0,1.0,1.0,1,53554.0
0,2,44,9,28,0,0,3,0,0,0,0,0,0,0,0,0,0,0,0,0,0,69,69,0.0,0.0,0.0,0.0,1.0,0.0,0.0,255,69,0.27,0.64,0.27,0.0,0.01,0.0,0.52,0.0,1,107908.0
0,1,22,9,339,1150,0,0,0,0,0,1,0,0,0,0,0,0,0,0,0,0,10,14,0.0,0.0,0.0,0.0,1.0,0.0,0.36,10,62,1.0,0.0,0.1,0.11,0.0,0.0,0.0,0.03,0,20840.0
0,1,44,5,0,0,0,0,0,0,0,0,0,0,0,0,0,0,0,0,0,0,134,13,1.0,1.0,0.0,0.0,0.1,0.06,0.0,240,7,0.03,0.08,0.0,0.0,1.0,1.0,0.0,0.0,1,101479.0
0,1,22,9,307,9213,0,0,0,0,0,1,0,0,0,0,0,0,0,0,0,0,8,8,0.0,0.0,0.0,0.0,1.0,0.0,0.0,8,218,1.0,0.0,0.12,0.01,0.0,0.0,0.0,0.0,0,16534.0
0,0,13,9,8,0,0,0,0,0,0,0,0,0,0,0,0,0,0,0,0,0,1,22,0.0,0.0,0.0,0.0,1.0,0.0,1.0,2,194,1.0,0.0,1.0,0.5,0.0,0.0,0.0,0.0,1,111982.0
8621,2,40,9,147,105,0,0,0,0,0,0,0,0,0,0,0,0,0,0,0,0,2,2,0.0,0.0,0.0,0.0,1.0,0.0,0.0,255,2,0.01,0.57,0.94,0.0,0.0,0.0,0.0,0.0,0,20792.0
0,1,53,5,0,0,0,0,0,0,0,0,0,0,0,0,0,0,0,0,0,0,151,6,1.0,1.0,0.0,0.0,0.04,0.07,0.0,255,1,0.0,0.07,0.0,0.0,1.0,1.0,0.0,0.0,1,90751.0
0,0,14,9,1032,0,0,0,0,0,0,0,0,0,0,0,0,0,0,0,0,0,511,511,0.0,0.0,0.0,0.0,1.0,0.0,0.0,255,142,0.56,0.02,0.56,0.0,0.01,0.0,0.02,0.0,1,14343.0
0,2,11,9,42,42,0,0,0,0,0,0,0,0,0,0,0,0,0,0,0,0,8,13,0.0,0.0,0.0,0.0,1.0,0.0,0.31,5,4,0.8,0.4,0.2,0.0,0.0,0.0,0.0,0.0,0,100709.0
0,1,22,9,301,1404,0,0,0,0,0,1,0,0,0,0,0,0,0,0,0,0,4,4,0.0,0.0,0.0,0.0,1.0,0.0,0.0,255,255,1.0,0.0,0.0,0.0,0.0,0.0,0.0,0.0,0,31290.0
0,1,44,1,0,0,0,0,0,0,0,0,0,0,0,0,0,0,0,0,0,0,104,1,0.0,0.0,1.0,1.0,0.01,0.08,0.0,255,1,0.0,0.1,0.0,0.0,0.0,0.0,1.0,1.0,1,115463.0
0,1,22,9,217,8422,0,0,0,0,0,1,0,0,0,0,0,0,0,0,0,0,6,14,0.0,0.0,0.0,0.0,1.0,0.0,0.14,255,255,1.0,0.0,0.0,0.0,0.0,0.0,0.0,0.0,0,13913.0
0,1,22,5,0,0,0,0,0,0,0,0,0,0,0,0,0,0,0,0,0,0,234,4,1.0,1.0,0.0,0.0,0.02,0.06,0.0,255,4,0.02,0.06,0.0,0.0,1.0,1.0,0.0,0.0,1,108175.0
0,2,11,9,43,68,0,0,0,0,0,0,0,0,0,0,0,0,0,0,0,0,72,152,0.0,0.0,0.0,0.0,1.0,0.0,0.01,255,217,0.85,0.01,0.0,0.0,0.0,0.0,0.0,0.0,0,88077.0
0,0,13,9,30,0,0,0,0,0,0,0,0,0,0,0,0,0,0,0,0,0,1,1,0.0,0.0,0.0,0.0,1.0,0.0,0.0,57,131,1.0,0.0,1.0,0.29,0.0,0.0,0.0,0.0,0,50080.0
0,2,11,9,43,132,0,0,0,0,0,0,0,0,0,0,0,0,0,0,0,0,53,133,0.0,0.0,0.0,0.0,1.0,0.0,0.02,255,218,0.85,0.01,0.0,0.0,0.0,0.0,0.0,0.0,0,111559.0
0,1,24,5,0,0,0,0,0,0,0,0,0,0,0,0,0,0,0,0,0,0,258,12,1.0,1.0,0.0,0.0,0.05,0.07,0.0,255,12,0.05,0.08,0.0,0.0,1.0,1.0,0.0,0.0,1,49598.0
0,0,13,9,8,0,0,0,0,0,0,0,0,0,0,0,0,0,0,0,0,0,1,15,0.0,0.0,0.0,0.0,1.0,0.0,1.0,1,35,1.0,0.0,1.0,0.51,0.0,0.0,0.0,0.0,1,22847.0
0,2,11,9,44,130,0,0,0,0,0,0,0,0,0,0,0,0,0,0,0,0,147,227,0.0,0.0,0.0,0.0,1.0,0.0,0.01,255,255,1.0,0.0,0.0,0.0,0.0,0.0,0.0,0.0,0,34697.0
0,1,51,5,0,0,0,0,0,1,0,0,0,0,0,0,0,0,0,0,0,0,199,1,0.65,1.0,0.35,0.0,0.01,0.41,0.0,255,1,0.0,0.32,0.78,0.0,0.51,1.0,0.27,0.0,1,650.0
0,1,22,1,0,0,0,0,0,0,0,0,0,0,0,0,0,0,0,0,0,0,1,1,0.0,0.0,1.0,1.0,1.0,0.0,0.0,3,212,1.0,0.0,0.33,0.04,0.0,0.0,1.0,0.69,0,31038.0
0,2,44,9,1,0,0,0,0,0,0,0,0,0,0,0,0,0,0,0,0,0,30,30,0.0,0.0,0.0,0.0,1.0,0.0,0.0,98,30,0.31,0.05,0.34,0.0,0.0,0.0,0.0,0.0,1,119195.0
0,2,44,9,100,0,0,0,0,0,0,0,0,0,0,0,0,0,0,0,0,0,2,2,0.0,0.0,0.0,0.0,1.0,0.0,0.0,84,14,0.17,0.02,0.17,0.0,0.0,0.0,0.0,0.0,1,110696.0
0,1,34,5,0,0,0,0,0,0,0,0,0,0,0,0,0,0,0,0,0,0,300,20,1.0,1.0,0.0,0.0,0.07,0.06,0.0,255,20,0.08,0.08,0.0,0.0,1.0,1.0,0.0,0.0,1,105687.0
25861,1,44,4,1,0,0,0,0,0,0,0,0,0,0,0,0,0,0,0,0,0,2,2,0.0,0.0,1.0,1.0,1.0,0.0,0.0,255,2,0.01,0.67,1.0,0.0,0.0,0.0,1.0,1.0,1,94926.0
449,2,11,9,90,31,0,0,0,0,0,0,0,0,0,0,0,0,0,0,0,0,8,8,0.0,0.0,0.0,0.0,1.0,0.0,0.0,84,60,0.71,0.04,0.71,0.0,0.0,0.0,0.0,0.0,0,29804.0
0,1,44,5,0,0,0,0,0,0,0,0,0,0,0,0,0,0,0,0,0,0,154,1,1.0,1.0,0.0,0.0,0.01,0.08,0.0,255,1,0.0,0.08,0.0,0.0,1.0,1.0,0.0,0.0,1,33282.0
0,1,22,9,207,960,0,0,0,0,0,1,0,0,0,0,0,0,0,0,0,0,9,10,0.0,0.0,0.0,0.0,1.0,0.0,0.2,125,255,1.0,0.0,0.01,0.05,0.0,0.0,0.0,0.0,0,58630.0
0,1,44,1,0,0,0,0,0,0,0,0,0,0,0,0,0,0,0,0,0,0,257,1,0.0,0.0,1.0,1.0,0.0,0.51,0.0,255,1,0.0,0.51,1.0,0.0,0.0,0.0,1.0,1.0,1,81128.0
0,1,44,1,0,0,0,0,0,0,0,0,0,0,0,0,0,0,0,0,0,0,253,5,0.0,0.0,1.0,1.0,0.02,0.07,0.0,255,5,0.02,0.07,0.0,0.0,0.0,0.0,1.0,1.0,1,36508.0
0,1,22,1,0,0,0,0,0,0,0,0,0,0,0,0,0,0,0,0,0,0,1,1,0.0,0.0,1.0,1.0,1.0,0.0,0.0,2,253,1.0,0.0,0.5,0.1,0.0,0.0,1.0,1.0,0,97611.0
4550,2,40,9,147,105,0,0,0,0,0,0,0,0,0,0,0,0,0,0,0,0,1,1,0.0,0.0,0.0,0.0,1.0,0.0,0.0,255,1,0.0,0.56,0.85,0.0,0.0,0.0,0.0,0.0,0,7483.0
0,1,49,9,704,362,0,0,0,0,0,1,0,0,0,0,0,0,0,0,0,0,1,2,0.0,0.0,0.0,0.0,1.0,0.0,1.0,173,170,0.65,0.03,0.01,0.01,0.0,0.0,0.0,0.0,0,61526.0
0,1,17,5,0,0,0,0,0,0,0,0,0,0,0,0,0,0,0,0,0,0,64,16,1.0,1.0,0.0,0.0,0.25,0.06,0.0,255,65,0.25,0.02,0.02,0.0,1.0,1.0,0.0,0.0,1,28078.0
0,1,22,9,269,1588,0,0,0,0,0,1,0,0,0,0,0,0,0,0,0,0,4,12,0.0,0.0,0.0,0.0,1.0,0.0,0.25,33,255,1.0,0.0,0.03,0.02,0.0,0.0,0.0,0.0,0,69366.0
0,1,44,5,0,0,0,0,0,0,0,0,0,0,0,0,0,0,0,0,0,0,108,14,1.0,1.0,0.0,0.0,0.13,0.06,0.0,255,17,0.07,0.07,0.0,0.0,1.0,1.0,0.0,0.0,1,30498.0
2365,2,40,9,147,105,0,0,0,0,0,0,0,0,0,0,0,0,0,0,0,0,5,1,0.0,0.0,0.0,0.0,0.2,0.6,0.0,255,1,0.0,0.82,0.99,0.0,0.0,0.0,0.0,0.0,0,83279.0
0,1,19,9,884,0,0,0,0,0,0,1,0,0,0,0,0,0,0,0,0,0,1,1,0.0,0.0,0.0,0.0,1.0,0.0,0.0,142,33,0.15,0.07,0.18,0.06,0.01,0.0,0.0,0.0,0,81791.0
0,1,22,1,0,0,0,0,0,0,0,0,0,0,0,0,0,0,0,0,0,0,1,2,0.0,0.0,1.0,1.0,1.0,0.0,1.0,39,130,1.0,0.0,0.03,0.22,0.0,0.0,1.0,1.0,0,9881.0
0,1,44,5,0,0,0,0,0,0,0,0,0,0,0,0,0,0,0,0,0,0,117,17,1.0,1.0,0.0,0.0,0.15,0.07,0.0,255,20,0.08,0.07,0.0,0.0,1.0,1.0,0.0,0.0,1,73500.0
0,0,13,9,8,0,0,0,0,0,0,0,0,0,0,0,0,0,0,0,0,0,1,50,0.0,0.0,0.0,0.0,1.0,0.0,1.0,1,151,1.0,0.0,1.0,0.5,0.0,0.0,0.0,0.0,1,53802.0
0,1,22,9,293,1370,0,0,0,0,0,1,0,0,0,0,0,0,0,0,0,0,20,20,0.0,0.0,0.0,0.0,1.0,0.0,0.0,50,255,1.0,0.0,0.02,0.02,0.0,0.0,0.0,0.0,0,118155.0
0,1,5,1,0,0,0,0,0,0,0,0,0,0,0,0,0,0,0,0,0,0,105,3,0.0,0.0,1.0,1.0,0.03,0.08,0.0,255,3,0.01,0.06,0.0,0.0,0.0,0.0,1.0,1.0,1,83555.0
0,2,44,9,28,0,0,3,0,0,0,0,0,0,0,0,0,0,0,0,0,0,5,5,0.0,0.0,0.0,0.0,1.0,0.0,0.0,255,5,0.02,0.02,0.02,0.0,0.0,0.0,0.76,0.0,1,100676.0
0,2,40,9,516,4,0,0,0,0,0,0,0,0,0,0,0,0,0,0,0,0,191,191,0.0,0.0,0.0,0.0,1.0,0.0,0.0,191,191,1.0,0.0,1.0,0.0,0.0,0.0,0.0,0.0,0,817.0
0,1,19,5,0,0,0,0,0,0,0,0,0,0,0,0,0,0,0,0,0,0,286,24,1.0,1.0,0.0,0.0,0.08,0.05,0.0,255,24,0.09,0.05,0.0,0.0,1.0,1.0,0.0,0.0,1,65482.0
0,1,8,5,0,0,0,0,0,0,0,0,0,0,0,0,0,0,0,0,0,0,281,11,1.0,1.0,0.0,0.0,0.04,0.05,0.0,255,11,0.04,0.05,0.0,0.0,1.0,1.0,0.0,0.0,1,110904.0
0,1,22,9,288,607,0,0,0,0,0,1,0,0,0,0,0,0,0,0,0,0,21,21,0.0,0.0,0.0,0.0,1.0,0.0,0.0,21,255,1.0,0.0,0.05,0.03,0.0,0.0,0.0,0.0,0,107572.0
0,1,22,9,333,3761,0,0,0,0,0,1,0,0,0,0,0,0,0,0,0,0,1,38,0.0,0.0,0.0,0.0,1.0,0.0,0.05,2,255,1.0,0.0,0.5,0.04,0.0,0.0,0.0,0.0,0,108467.0
0,2,44,9,105,147,0,0,0,0,0,0,0,0,0,0,0,0,0,0,0,0,7,1,0.0,0.0,0.0,0.0,0.14,0.29,0.0,255,239,0.94,0.01,0.0,0.0,0.0,0.0,0.0,0.0,0,26697.0
0,1,22,9,235,1694,0,0,0,0,0,1,0,0,0,0,0,0,0,0,0,0,12,12,0.0,0.0,0.0,0.0,1.0,0.0,0.0,234,255,1.0,0.0,0.0,0.01,0.0,0.0,0.0,0.0,0,44563.0
0,2,40,9,1,0,0,0,0,0,0,0,0,0,0,0,0,0,0,0,0,0,12,1,0.0,0.0,0.0,0.0,0.08,0.58,0.0,255,1,0.0,0.21,1.0,0.0,0.0,0.0,0.0,0.0,1,39132.0
0,1,22,9,309,808,0,0,0,0,0,1,0,0,0,0,0,0,0,0,0,0,38,54,0.0,0.0,0.0,0.0,1.0,0.0,0.04,217,246,1.0,0.0,0.0,0.03,0.0,0.0,0.0,0.0,0,97406.0
0,0,14,9,18,0,0,0,0,0,0,0,0,0,0,0,0,0,0,0,0,0,1,1,0.0,0.0,0.0,0.0,1.0,0.0,0.0,14,14,1.0,0.0,1.0,0.0,0.0,0.0,0.0,0.0,1,69107.0
0,1,30,5,0,0,0,0,0,0,0,0,0,0,0,0,0,0,0,0,0,0,137,18,1.0,1.0,0.0,0.0,0.13,0.06,0.0,255,18,0.07,0.05,0.0,0.0,1.0,1.0,0.0,0.0,1,19109.0
0,1,22,9,186,784,0,0,0,0,0,1,0,0,0,0,0,0,0,0,0,0,11,15,0.0,0.0,0.0,0.0,1.0,0.0,0.13,255,255,1.0,0.0,0.0,0.0,0.0,0.0,0.0,0.0,0,9614.0
0,0,13,9,18,0,0,0,0,0,0,0,0,0,0,0,0,0,0,0,0,0,1,1,0.0,0.0,0.0,0.0,1.0,0.0,0.0,1,53,1.0,0.0,1.0,1.0,0.0,0.0,0.0,0.0,1,99686.0
0,2,11,9,44,71,0,0,0,0,0,0,0,0,0,0,0,0,0,0,0,0,210,210,0.0,0.0,0.0,0.0,1.0,0.0,0.0,255,255,1.0,0.0,0.01,0.0,0.0,0.0,0.0,0.0,0,73247.0
0,1,31,5,0,0,0,0,0,0,0,0,0,0,0,0,0,0,0,0,0,0,286,20,1.0,1.0,0.0,0.0,0.07,0.06,0.0,255,20,0.08,0.08,0.0,0.0,1.0,1.0,0.0,0.0,1,25618.0
0,1,22,9,283,679,0,0,0,0,0,1,0,0,0,0,0,0,0,0,0,0,17,57,0.0,0.0,0.0,0.0,1.0,0.0,0.09,17,255,1.0,0.0,0.06,0.07,0.0,0.0,0.0,0.0,0,27525.0
0,1,22,9,337,398,0,0,0,0,0,1,0,0,0,0,0,0,0,0,0,0,5,7,0.0,0.0,0.0,0.0,1.0,0.0,0.29,255,255,1.0,0.0,0.0,0.0,0.0,0.0,0.0,0.0,0,68280.0
0,1,3,9,10,39,0,0,0,0,0,1,0,0,0,0,0,0,0,0,0,0,2,1,0.0,0.0,0.0,0.0,0.5,1.0,0.0,255,3,0.01,0.59,0.0,0.0,0.0,0.0,0.0,0.0,0,61167.0
0,1,44,5,0,0,0,0,0,0,0,0,0,0,0,0,0,0,0,0,0,0,254,1,1.0,1.0,0.0,0.0,0.0,0.06,0.0,255,1,0.0,0.05,0.0,0.0,1.0,1.0,0.0,0.0,1,31789.0
0,1,2,5,0,0,0,0,0,0,0,0,0,0,0,0,0,0,0,0,0,0,133,22,1.0,1.0,0.0,0.0,0.17,0.05,0.0,255,22,0.09,0.05,0.0,0.0,1.0,1.0,0.0,0.0,1,28381.0
0,0,14,9,30,0,0,0,0,0,0,0,0,0,0,0,0,0,0,0,0,0,1,1,0.0,0.0,0.0,0.0,1.0,0.0,0.0,254,254,1.0,0.0,1.0,0.0,0.0,0.0,0.0,0.0,0,81303.0
0,1,22,9,140,31614,0,0,0,0,0,1,0,0,0,0,0,0,0,0,0,0,1,1,0.0,0.0,0.0,0.0,1.0,0.0,0.0,255,255,1.0,0.0,0.0,0.0,0.0,0.0,0.0,0.0,0,51609.0
0,1,49,9,2609,410,0,0,0,0,0,1,0,0,0,0,0,0,0,0,0,0,1,3,0.0,0.0,0.0,0.0,1.0,0.0,1.0,47,232,0.66,0.06,0.02,0.01,0.32,0.0,0.0,0.0,0,36403.0
0,1,62,5,0,0,0,0,0,0,0,0,0,0,0,0,0,0,0,0,0,0,213,13,1.0,1.0,0.0,0.0,0.06,0.06,0.0,255,8,0.03,0.08,0.0,0.0,1.0,1.0,0.0,0.0,1,35617.0
0,1,49,9,785,323,0,0,0,0,0,1,0,0,0,0,0,0,0,0,0,0,1,1,0.0,0.0,0.0,0.0,1.0,0.0,0.0,63,38,0.6,0.08,0.02,0.0,0.02,0.0,0.0,0.0,0,27526.0
0,1,22,9,258,641,0,0,0,0,0,1,0,0,0,0,0,0,0,0,0,0,11,11,0.0,0.0,0.0,0.0,1.0,0.0,0.0,35,255,1.0,0.0,0.03,0.02,0.0,0.0,0.0,0.0,0,80170.0
0,1,55,5,0,0,0,0,0,0,0,0,0,0,0,0,0,0,0,0,0,0,240,1,1.0,1.0,0.0,0.0,0.0,0.05,0.0,255,1,0.0,0.06,0.0,0.0,1.0,1.0,0.0,0.0,1,7368.0
0,1,44,5,0,0,0,0,0,0,0,0,0,0,0,0,0,0,0,0,0,0,118,5,1.0,1.0,0.0,0.0,0.04,0.07,0.0,255,14,0.05,0.05,0.0,0.0,1.0,1.0,0.0,0.0,1,8701.0
0,1,57,10,0,0,0,0,0,0,0,0,0,0,0,0,0,0,0,0,0,0,1,1,1.0,1.0,0.0,0.0,1.0,0.0,0.0,255,1,0.0,1.0,1.0,0.0,1.0,1.0,0.0,0.0,1,34765.0
0,1,18,5,0,0,0,0,0,0,0,0,0,0,0,0,0,0,0,0,0,0,287,20,1.0,1.0,0.0,0.0,0.07,0.05,0.0,255,20,0.08,0.05,0.0,0.0,1.0,1.0,0.0,0.0,1,93870.0
0,1,57,5,0,0,0,0,0,0,0,0,0,0,0,0,0,0,0,0,0,0,262,4,1.0,1.0,0.0,0.0,0.02,0.06,0.0,255,4,0.02,0.07,0.0,0.0,1.0,1.0,0.0,0.0,1,482.0
0,1,44,5,0,0,0,0,0,0,0,0,0,0,0,0,0,0,0,0,0,0,226,4,1.0,1.0,0.0,0.0,0.02,0.08,0.0,255,4,0.02,0.09,0.0,0.0,1.0,1.0,0.0,0.0,1,32520.0
0,1,60,5,0,0,0,0,0,0,0,0,0,0,0,0,0,0,0,0,0,0,286,7,1.0,1.0,0.0,0.0,0.02,0.06,0.0,255,4,0.02,0.06,0.0,0.0,1.0,1.0,0.0,0.0,1,112980.0
0,1,22,9,309,759,0,0,0,0,0,1,0,0,0,0,0,0,0,0,0,0,2,10,0.0,0.0,0.0,0.0,1.0,0.0,0.3,255,255,1.0,0.0,0.0,0.0,0.0,0.0,0.0,0.0,0,83084.0
0,2,11,9,46,46,0,0,0,0,0,0,0,0,0,0,0,0,0,0,0,0,95,175,0.0,0.0,0.0,0.0,0.99,0.02,0.01,255,254,1.0,0.01,0.01,0.0,0.0,0.0,0.0,0.0,0,56704.0
0,2,40,9,516,4,0,0,0,0,0,0,0,0,0,0,0,0,0,0,0,0,117,117,0.0,0.0,0.0,0.0,1.0,0.0,0.0,117,117,1.0,0.0,1.0,0.0,0.0,0.0,0.0,0.0,0,33508.0
0,2,40,9,147,147,0,0,0,0,0,0,0,0,0,0,0,0,0,0,0,0,4,2,0.0,0.0,0.0,0.0,0.5,0.5,0.0,255,2,0.01,0.43,0.93,0.0,0.0,0.0,0.0,0.0,0,75689.0
0,1,22,9,252,451,0,0,0,0,0,1,0,0,0,0,0,0,0,0,0,0,12,12,0.0,0.0,0.0,0.0,1.0,0.0,0.0,255,255,1.0,0.0,0.0,0.0,0.0,0.0,0.0,0.0,0,18769.0
0,0,14,9,520,0,0,0,0,0,0,0,0,0,0,0,0,0,0,0,0,0,2,2,0.0,0.0,0.0,0.0,1.0,0.0,0.0,255,255,1.0,0.0,1.0,0.0,0.0,0.0,0.0,0.0,1,87009.0
37,2,11,9,110,42,0,0,0,0,0,0,0,0,0,0,0,0,0,0,0,0,1,1,0.0,0.0,0.0,0.0,1.0,0.0,0.0,4,3,0.75,0.5,0.75,0.0,0.0,0.0,0.0,0.0,0,53143.0
0,1,22,9,237,3222,0,0,0,0,0,1,0,0,0,0,0,0,0,0,0,0,7,7,0.0,0.0,0.0,0.0,1.0,0.0,0.0,255,240,0.94,0.02,0.0,0.0,0.0,0.0,0.03,0.03,0,13614.0
0,1,44,5,0,0,0,0,0,0,0,0,0,0,0,0,0,0,0,0,0,0,103,20,1.0,1.0,0.0,0.0,0.19,0.07,0.0,255,20,0.08,0.07,0.0,0.0,1.0,1.0,0.0,0.0,1,24690.0
0,2,40,9,516,4,0,0,0,0,0,0,0,0,0,0,0,0,0,0,0,0,490,490,0.0,0.0,0.0,0.0,1.0,0.0,0.0,255,255,1.0,0.0,1.0,0.0,0.0,0.0,0.0,0.0,0,33118.0
0,0,13,9,8,0,0,0,0,0,0,0,0,0,0,0,0,0,0,0,0,0,1,20,0.0,0.0,0.0,0.0,1.0,0.0,1.0,1,57,1.0,0.0,1.0,0.51,0.0,0.0,0.0,0.0,1,53815.0
0,1,22,9,212,691,0,0,0,0,0,1,0,0,0,0,0,0,0,0,0,0,8,8,0.0,0.0,0.0,0.0,1.0,0.0,0.0,52,255,1.0,0.0,0.02,0.06,0.0,0.0,0.0,0.0,0,66987.0
0,1,26,4,0,0,0,0,0,0,0,0,0,0,0,0,0,0,0,0,0,0,1,1,0.0,0.0,1.0,1.0,1.0,0.0,0.0,255,1,0.0,0.67,1.0,0.0,0.0,0.0,1.0,1.0,1,103459.0
0,1,22,9,343,1948,0,0,0,0,0,1,0,0,0,0,0,0,0,0,0,0,5,25,0.0,0.0,0.0,0.0,1.0,0.0,0.16,81,255,1.0,0.0,0.01,0.03,0.0,0.0,0.0,0.0,0,43034.0
0,1,22,9,226,255,0,0,0,0,0,1,0,0,0,0,0,0,0,0,0,0,27,27,0.0,0.0,0.0,0.0,1.0,0.0,0.0,255,255,1.0,0.0,0.0,0.0,0.0,0.0,0.0,0.0,0,68734.0
0,0,13,9,8,0,0,0,0,0,0,0,0,0,0,0,0,0,0,0,0,0,1,39,0.0,0.0,0.0,0.0,1.0,0.0,1.0,1,255,1.0,0.0,1.0,0.5,0.0,0.0,0.0,0.0,1,586.0
0,2,11,9,44,133,0,0,0,0,0,0,0,0,0,0,0,0,0,0,0,0,123,123,0.0,0.0,0.0,0.0,1.0,0.0,0.0,255,254,1.0,0.01,0.0,0.0,0.0,0.0,0.0,0.0,0,33231.0
0,1,22,5,0,0,0,0,0,0,0,0,0,0,0,0,0,0,0,0,0,0,141,12,1.0,1.0,0.0,0.0,0.09,0.06,0.0,255,6,0.02,0.06,0.0,0.0,1.0,1.0,0.0,0.0,1,116176.0
0,1,22,9,210,1888,0,0,0,0,0,1,0,0,0,0,0,0,0,0,0,0,15,15,0.0,0.0,0.0,0.0,1.0,0.0,0.0,36,255,1.0,0.0,0.03,0.05,0.0,0.0,0.0,0.0,0,7813.0
0,1,49,9,1231,326,0,0,0,0,0,1,0,0,0,0,0,0,0,0,0,0,2,1,0.0,0.0,0.0,0.0,0.5,1.0,0.0,155,187,0.75,0.03,0.01,0.01,0.0,0.0,0.0,0.0,0,42573.0
0,1,19,5,0,0,0,0,0,0,0,0,0,0,0,0,0,0,0,0,0,0,263,7,1.0,1.0,0.0,0.0,0.03,0.06,0.0,255,7,0.03,0.08,0.0,0.0,1.0,1.0,0.0,0.0,1,16254.0
0,1,40,1,0,0,0,0,0,0,0,0,0,0,0,0,0,0,0,0,0,0,511,1,0.37,0.0,0.63,1.0,0.0,1.0,0.0,255,1,0.0,1.0,0.0,0.0,0.32,0.0,0.68,1.0,1,47616.0
0,1,44,1,0,0,0,0,0,0,0,0,0,0,0,0,0,0,0,0,0,0,109,6,0.0,0.0,1.0,1.0,0.06,0.06,0.0,255,6,0.02,0.08,0.0,0.0,0.0,0.0,1.0,1.0,1,83533.0
0,1,44,1,0,0,0,0,0,0,0,0,0,0,0,0,0,0,0,0,0,0,117,4,0.0,0.0,1.0,1.0,0.03,0.06,0.0,255,4,0.02,0.07,0.0,0.0,0.0,0.0,1.0,1.0,1,54230.0
0,1,25,5,0,0,0,0,0,0,0,0,0,0,0,0,0,0,0,0,0,0,279,15,1.0,1.0,0.0,0.0,0.05,0.05,0.0,255,15,0.06,0.05,0.0,0.0,1.0,1.0,0.0,0.0,1,106629.0
16,1,44,4,0,0,0,0,0,0,0,0,0,0,0,0,0,0,0,0,0,0,1,1,0.0,0.0,1.0,1.0,1.0,0.0,0.0,255,1,0.0,0.75,0.74,0.0,0.0,0.0,0.74,1.0,1,103149.0
0,1,60,1,0,0,0,0,0,0,0,0,0,0,0,0,0,0,0,0,0,0,136,8,0.0,0.0,1.0,1.0,0.06,0.07,0.0,255,8,0.03,0.07,0.0,0.0,0.0,0.0,1.0,1.0,1,103335.0
0,1,22,9,217,798,0,0,0,0,0,1,0,0,0,0,0,0,0,0,0,0,17,22,0.0,0.0,0.0,0.0,1.0,0.0,0.09,181,255,1.0,0.0,0.01,0.01,0.0,0.0,0.0,0.0,0,111544.0
0,1,44,5,0,0,0,0,0,0,0,0,0,0,0,0,0,0,0,0,0,0,249,5,1.0,1.0,0.0,0.0,0.02,0.06,0.0,255,2,0.01,0.07,0.0,0.0,1.0,1.0,0.0,0.0,1,105328.0
0,1,49,9,577,334,0,0,0,0,0,1,0,0,0,0,0,0,0,0,0,0,2,1,0.0,0.0,0.0,0.0,0.5,1.0,0.0,85,121,0.72,0.04,0.01,0.02,0.0,0.0,0.0,0.0,0,106801.0
0,1,22,9,317,2787,0,0,0,0,0,1,0,0,0,0,0,0,0,0,0,0,4,30,0.0,0.0,0.0,0.0,1.0,0.0,0.07,42,255,1.0,0.0,0.02,0.03,0.0,0.0,0.0,0.0,0,91819.0
0,1,44,5,0,0,0,0,0,0,0,0,0,0,0,0,0,0,0,0,0,0,132,10,1.0,1.0,0.0,0.0,0.08,0.06,0.0,255,10,0.04,0.05,0.0,0.0,1.0,1.0,0.0,0.0,1,38589.0
0,1,35,5,0,0,0,0,0,0,0,0,0,0,0,0,0,0,0,0,0,0,121,8,1.0,1.0,0.0,0.0,0.07,0.05,0.0,255,8,0.03,0.05,0.0,0.0,1.0,1.0,0.0,0.0,1,94670.0
0,1,19,9,854,0,0,0,0,0,0,0,0,0,0,0,0,0,0,0,0,0,2,2,0.0,0.0,0.0,0.0,1.0,0.0,0.0,90,32,0.36,0.07,0.36,0.0,0.0,0.0,0.01,0.0,0,43870.0
0,2,11,9,44,73,0,0,0,0,0,0,0,0,0,0,0,0,0,0,0,0,33,33,0.0,0.0,0.0,0.0,1.0,0.0,0.0,97,79,0.81,0.02,0.01,0.0,0.0,0.0,0.0,0.0,0,55574.0
0,1,61,5,0,0,0,0,0,0,0,0,0,0,0,0,0,0,0,0,0,0,270,7,1.0,1.0,0.0,0.0,0.03,0.06,0.0,255,7,0.03,0.06,0.0,0.0,1.0,1.0,0.0,0.0,1,48472.0
0,1,22,4,54540,8314,0,0,0,2,0,1,1,0,0,0,0,0,0,0,0,0,4,4,0.0,0.0,0.25,0.25,1.0,0.0,0.0,144,144,1.0,0.0,0.01,0.0,0.0,0.0,0.06,0.06,1,7653.0
0,2,11,9,45,138,0,0,0,0,0,0,0,0,0,0,0,0,0,0,0,0,296,296,0.0,0.0,0.0,0.0,1.0,0.0,0.0,255,253,0.99,0.01,0.0,0.0,0.0,0.0,0.0,0.0,0,100613.0
0,1,62,5,0,0,0,0,0,0,0,0,0,0,0,0,0,0,0,0,0,0,115,15,1.0,1.0,0.0,0.0,0.13,0.06,0.0,255,15,0.06,0.08,0.0,0.0,1.0,1.0,0.0,0.0,1,85735.0
0,1,22,9,281,1976,0,0,0,0,0,1,0,0,0,0,0,0,0,0,0,0,9,21,0.0,0.0,0.0,0.0,1.0,0.0,0.1,143,255,1.0,0.0,0.01,0.04,0.0,0.0,0.0,0.0,0,16277.0
0,1,54,5,0,0,0,0,0,0,0,0,0,0,0,0,0,0,0,0,0,0,220,18,1.0,1.0,0.0,0.0,0.08,0.06,0.0,255,18,0.07,0.06,0.0,0.0,1.0,1.0,0.0,0.0,1,82194.0
13288,1,40,4,1,0,0,0,0,0,0,0,0,0,0,0,0,0,0,0,0,0,1,1,0.0,0.0,1.0,1.0,1.0,0.0,0.0,255,1,0.0,0.69,1.0,0.0,0.0,0.0,1.0,1.0,1,20258.0
31,1,18,9,1486,4152,0,0,0,30,0,1,0,0,0,0,0,0,0,0,0,1,1,1,0.0,0.0,0.0,0.0,1.0,0.0,0.0,95,14,0.15,0.03,0.01,0.0,0.0,0.0,0.0,0.0,0,22145.0
0,1,44,5,0,0,0,0,0,0,0,0,0,0,0,0,0,0,0,0,0,0,246,13,1.0,1.0,0.0,0.0,0.05,0.06,0.0,255,1,0.0,0.07,0.0,0.0,1.0,1.0,0.0,0.0,1,92554.0
0,1,54,5,0,0,0,0,0,0,0,0,0,0,0,0,0,0,0,0,0,0,126,20,1.0,1.0,0.0,0.0,0.16,0.06,0.0,255,14,0.05,0.06,0.0,0.0,1.0,1.0,0.0,0.0,1,61629.0
0,1,17,5,0,0,0,0,0,0,0,0,0,0,0,0,0,0,0,0,0,0,14,5,1.0,1.0,0.0,0.0,0.36,0.29,0.0,255,32,0.13,0.05,0.01,0.0,1.0,1.0,0.0,0.0,1,49082.0
0,1,22,9,362,4165,0,0,0,0,0,1,0,0,0,0,0,0,0,0,0,0,19,19,0.0,0.0,0.0,0.0,1.0,0.0,0.0,25,255,1.0,0.0,0.04,0.05,0.0,0.0,0.0,0.0,0,125420.0
0,1,44,1,0,0,0,0,0,0,0,0,0,0,0,0,0,0,0,0,0,0,80,7,0.0,0.0,1.0,1.0,0.09,0.08,0.0,255,21,0.08,0.06,0.0,0.0,0.0,0.0,1.0,1.0,1,56825.0
0,1,22,9,273,7278,0,0,0,0,0,1,0,0,0,0,0,0,0,0,0,0,11,11,0.0,0.0,0.0,0.0,1.0,0.0,0.0,11,255,1.0,0.0,0.09,0.06,0.0,0.0,0.0,0.0,0,111734.0
2,1,19,9,2194619,0,0,0,0,0,0,1,0,0,0,0,0,0,0,0,0,0,2,2,0.0,0.0,0.0,0.0,1.0,0.0,0.0,10,35,0.6,0.4,0.6,0.06,0.0,0.0,0.0,0.0,0,1244.0
0,1,19,9,1690,0,0,0,0,0,0,0,0,0,0,0,0,0,0,0,0,0,8,8,0.0,0.0,0.0,0.0,1.0,0.0,0.0,255,106,0.42,0.03,0.42,0.0,0.0,0.0,0.0,0.0,0,53249.0
0,1,44,1,0,0,0,0,0,0,0,0,0,0,0,0,0,0,0,0,0,0,1,1,0.0,0.0,1.0,1.0,1.0,0.0,0.0,62,2,0.02,1.0,0.02,1.0,0.0,0.0,0.97,1.0,1,107721.0
0,1,22,9,176,3800,0,0,0,0,0,1,0,0,0,0,0,0,0,0,0,0,2,19,0.0,0.0,0.0,0.0,1.0,0.0,0.11,35,255,1.0,0.0,0.03,0.03,0.0,0.0,0.0,0.0,0,76308.0
0,1,22,9,217,9730,0,0,0,0,0,1,0,0,0,0,0,0,0,0,0,0,2,13,0.0,0.0,0.0,0.0,1.0,0.0,0.15,83,253,1.0,0.0,0.01,0.01,0.0,0.0,0.0,0.0,0,51878.0
0,1,22,9,189,622,0,0,0,0,0,1,0,0,0,0,0,0,0,0,0,0,22,22,0.0,0.0,0.0,0.0,1.0,0.0,0.0,123,255,1.0,0.0,0.01,0.05,0.0,0.0,0.0,0.0,0,57874.0
0,1,22,9,314,398,0,0,0,0,0,1,0,0,0,0,0,0,0,0,0,0,16,16,0.0,0.0,0.0,0.0,1.0,0.0,0.0,255,255,1.0,0.0,0.0,0.0,0.0,0.0,0.0,0.0,0,86599.0
0,1,22,9,198,1111,0,0,0,0,0,1,0,0,0,0,0,0,0,0,0,0,3,3,0.0,0.0,0.0,0.0,1.0,0.0,0.0,63,255,1.0,0.0,0.02,0.05,0.0,0.0,0.0,0.0,0,12753.0
0,1,19,5,0,0,0,0,0,0,0,0,0,0,0,0,0,0,0,0,0,0,69,16,1.0,1.0,0.0,0.0,0.23,0.06,0.0,255,49,0.19,0.05,0.01,0.0,1.0,1.0,0.0,0.0,1,12791.0
0,1,22,9,317,1681,0,0,0,0,0,1,0,0,0,0,0,0,0,0,0,0,7,7,0.0,0.0,0.0,0.0,1.0,0.0,0.0,7,255,1.0,0.0,0.14,0.03,0.0,0.0,0.0,0.0,0,59895.0
1754,2,40,9,147,105,0,0,0,0,0,0,0,0,0,0,0,0,0,0,0,0,1,1,0.0,0.0,0.0,0.0,1.0,0.0,0.0,255,1,0.0,0.61,0.88,0.0,0.0,0.0,0.0,0.0,0,72934.0
0,1,49,9,1508,329,0,0,0,0,0,1,0,0,0,0,0,0,0,0,0,0,2,1,0.0,0.0,0.0,0.0,0.5,1.0,0.0,59,187,0.92,0.05,0.02,0.02,0.0,0.0,0.0,0.0,0,45758.0
0,1,22,9,232,347,0,0,0,0,0,1,0,0,0,0,0,0,0,0,0,0,32,42,0.0,0.0,0.0,0.0,1.0,0.0,0.1,255,255,1.0,0.0,0.0,0.0,0.0,0.0,0.0,0.0,0,24561.0
0,1,49,9,905,335,0,0,0,0,0,1,0,0,0,0,0,0,0,0,0,0,1,1,0.0,0.0,0.0,0.0,1.0,0.0,0.0,144,109,0.76,0.04,0.01,0.0,0.01,0.01,0.0,0.0,0,116079.0
0,1,22,9,211,365,0,0,0,0,0,1,0,0,0,0,0,0,0,0,0,0,10,10,0.0,0.0,0.0,0.0,1.0,0.0,0.0,255,255,1.0,0.0,0.0,0.0,0.0,0.0,0.0,0.0,0,5637.0
0,1,22,9,248,2825,0,0,0,0,0,1,0,0,0,0,0,0,0,0,0,0,8,9,0.0,0.0,0.0,0.0,1.0,0.0,0.22,244,255,1.0,0.0,0.0,0.01,0.0,0.0,0.0,0.0,0,29612.0
0,1,22,9,250,531,0,0,0,0,0,1,0,0,0,0,0,0,0,0,0,0,4,4,0.0,0.0,0.0,0.0,1.0,0.0,0.0,255,255,1.0,0.0,0.0,0.0,0.0,0.0,0.0,0.0,0,7702.0
0,1,22,9,282,1715,0,0,0,0,0,1,0,0,0,0,0,0,0,0,0,0,3,3,0.0,0.0,0.0,0.0,1.0,0.0,0.0,3,255,1.0,0.0,0.33,0.05,0.0,0.01,0.0,0.01,0,88882.0
0,1,44,5,0,0,0,0,0,0,0,0,0,0,0,0,0,0,0,0,0,0,104,6,1.0,1.0,0.0,0.0,0.06,0.07,0.0,255,8,0.03,0.06,0.0,0.0,1.0,1.0,0.0,0.0,1,116946.0
0,1,22,9,288,574,0,0,0,0,0,1,0,0,0,0,0,0,0,0,0,0,5,5,0.0,0.0,0.0,0.0,1.0,0.0,0.0,69,255,1.0,0.0,0.01,0.03,0.0,0.0,0.0,0.0,0,117198.0
0,0,13,9,8,0,0,0,0,0,0,0,0,0,0,0,0,0,0,0,0,0,1,5,0.0,0.0,0.0,0.0,1.0,0.0,1.0,3,55,1.0,0.0,1.0,0.25,0.0,0.0,0.0,0.0,1,125725.0
0,1,22,9,347,1410,0,0,0,0,0,1,0,0,0,0,0,0,0,0,0,0,10,10,0.0,0.0,0.0,0.0,1.0,0.0,0.0,135,205,1.0,0.0,0.01,0.02,0.01,0.0,0.0,0.0,0,82062.0
0,1,51,5,0,0,0,0,0,0,0,0,0,0,0,0,0,0,0,0,0,0,232,16,1.0,1.0,0.0,0.0,0.07,0.06,0.0,255,16,0.06,0.07,0.0,0.0,1.0,1.0,0.0,0.0,1,53468.0
0,2,11,9,44,131,0,0,0,0,0,0,0,0,0,0,0,0,0,0,0,0,72,153,0.0,0.0,0.0,0.0,1.0,0.0,0.01,255,238,0.93,0.01,0.0,0.0,0.0,0.0,0.0,0.0,0,32012.0
0,1,22,9,347,8861,0,0,0,0,0,1,0,0,0,0,0,0,0,0,0,0,1,30,0.0,0.0,0.0,0.0,1.0,0.0,0.1,24,255,1.0,0.0,0.04,0.04,0.0,0.0,0.0,0.0,0,124660.0
0,1,22,9,237,1970,0,0,0,0,0,1,0,0,0,0,0,0,0,0,0,0,4,12,0.0,0.0,0.0,0.0,1.0,0.0,0.17,114,255,1.0,0.0,0.01,0.03,0.0,0.0,0.0,0.0,0,63307.0
0,1,19,9,1874,0,0,0,0,0,0,1,0,0,0,0,0,0,0,0,0,0,9,10,0.0,0.0,0.0,0.0,1.0,0.0,0.2,183,83,0.26,0.11,0.33,0.02,0.01,0.02,0.0,0.0,0,67655.0
0,1,19,9,74,0,0,0,0,0,0,1,0,0,0,0,0,0,0,0,0,0,2,2,0.0,0.0,0.0,0.0,1.0,0.0,0.0,255,44,0.17,0.05,0.17,0.0,0.4,0.0,0.02,0.0,0,36473.0
0,1,44,5,0,0,0,0,0,0,0,0,0,0,0,0,0,0,0,0,0,0,136,15,1.0,1.0,0.0,0.0,0.11,0.06,0.0,238,5,0.02,0.08,0.0,0.0,1.0,1.0,0.0,0.0,1,69927.0
0,1,22,9,280,3332,0,0,0,0,0,1,0,0,0,0,0,0,0,0,0,0,2,2,0.0,0.0,0.0,0.0,1.0,0.0,0.0,10,255,1.0,0.0,0.1,0.07,0.0,0.0,0.0,0.0,0,539.0
0,1,23,1,0,0,0,0,0,0,0,0,0,0,0,0,0,0,0,0,0,0,110,10,0.0,0.0,1.0,1.0,0.09,0.06,0.0,255,10,0.04,0.05,0.0,0.0,0.0,0.0,1.0,1.0,1,34073.0
0,1,22,9,292,1896,0,0,0,0,0,1,0,0,0,0,0,0,0,0,0,0,3,3,0.0,0.0,0.0,0.0,1.0,0.0,0.0,3,255,1.0,0.0,0.33,0.01,0.0,0.0,0.0,0.0,0,43608.0
0,1,22,9,235,1075,0,0,0,0,0,1,0,0,0,0,0,0,0,0,0,0,5,5,0.0,0.0,0.0,0.0,1.0,0.0,0.0,253,245,0.97,0.01,0.0,0.0,0.0,0.0,0.0,0.0,0,20744.0
0,1,22,9,233,3550,0,0,0,0,0,1,0,0,0,0,0,0,0,0,0,0,25,25,0.0,0.0,0.0,0.0,1.0,0.0,0.0,63,255,1.0,0.0,0.02,0.02,0.0,0.0,0.0,0.0,0,79553.0
0,1,22,9,214,12922,0,0,0,0,0,1,0,0,0,0,0,0,0,0,0,0,14,34,0.0,0.0,0.0,0.0,1.0,0.0,0.09,136,255,1.0,0.0,0.01,0.04,0.0,0.0,0.0,0.0,0,11333.0
0,1,44,1,0,0,0,0,0,0,0,0,0,0,0,0,0,0,0,0,0,0,2,1,0.0,0.0,1.0,1.0,0.5,1.0,0.0,255,1,0.0,0.3,0.24,0.0,0.29,0.0,0.24,1.0,1,5007.0
0,1,4,5,0,0,0,0,0,0,0,0,0,0,0,0,0,0,0,0,0,0,290,20,1.0,1.0,0.0,0.0,0.07,0.06,0.0,255,20,0.08,0.07,0.0,0.0,1.0,1.0,0.0,0.0,1,12281.0
0,1,32,5,0,0,0,0,0,0,0,0,0,0,0,0,0,0,0,0,0,0,203,11,1.0,1.0,0.0,0.0,0.05,0.06,0.0,255,11,0.04,0.07,0.0,0.0,1.0,1.0,0.0,0.0,1,3750.0
0,1,22,9,213,1633,0,0,0,0,0,1,0,0,0,0,0,0,0,0,0,0,5,5,0.0,0.0,0.0,0.0,1.0,0.0,0.0,46,255,1.0,0.0,0.02,0.06,0.0,0.0,0.0,0.0,0,25785.0
0,1,28,1,0,0,0,0,0,0,0,0,0,0,0,0,0,0,0,0,0,0,258,1,0.03,0.0,0.94,1.0,0.0,1.0,0.0,255,1,0.0,0.97,0.0,0.0,0.04,0.0,0.92,1.0,1,70870.0
0,1,22,9,303,3628,0,0,0,0,0,1,0,0,0,0,0,0,0,0,0,0,11,11,0.0,0.0,0.0,0.0,1.0,0.0,0.0,255,255,1.0,0.0,0.0,0.0,0.0,0.0,0.0,0.0,0,36282.0
2,1,18,9,1232,2451,0,0,0,28,0,1,0,0,0,0,0,0,0,0,0,1,1,1,0.0,0.0,0.0,0.0,1.0,0.0,0.0,255,106,0.42,0.02,0.0,0.0,0.0,0.0,0.0,0.0,1,77871.0
0,1,53,5,0,0,0,0,0,0,0,0,0,0,0,0,0,0,0,0,0,0,62,15,1.0,1.0,0.0,0.0,0.24,0.1,0.0,255,16,0.06,0.08,0.0,0.0,1.0,1.0,0.0,0.0,1,113878.0
0,1,22,9,291,17637,0,0,0,0,0,1,0,0,0,0,0,0,0,0,0,0,6,6,0.0,0.0,0.0,0.0,1.0,0.0,0.0,6,255,1.0,0.0,0.17,0.03,0.0,0.0,0.0,0.0,0,36677.0
0,1,19,9,748,0,0,0,0,0,0,0,0,0,0,0,0,0,0,0,0,0,1,1,0.0,0.0,0.0,0.0,1.0,0.0,0.0,123,23,0.19,0.02,0.19,0.0,0.0,0.0,0.0,0.0,0,4572.0
0,1,22,1,0,0,0,0,0,0,0,0,0,0,0,0,0,0,0,0,0,0,1,1,0.0,0.0,1.0,1.0,1.0,0.0,0.0,32,223,1.0,0.0,0.03,0.15,0.0,0.0,1.0,0.97,0,52955.0
0,1,44,5,0,0,0,0,0,0,0,0,0,0,0,0,0,0,0,0,0,0,202,18,1.0,1.0,0.0,0.0,0.09,0.04,0.0,255,18,0.07,0.05,0.0,0.0,1.0,1.0,0.0,0.0,1,113634.0
0,1,32,1,0,0,0,0,0,0,0,0,0,0,0,0,0,0,0,0,0,0,7,1,0.0,0.0,0.86,1.0,0.14,1.0,0.0,125,1,0.01,0.17,0.01,0.0,0.0,0.0,0.07,1.0,1,122551.0
10,1,49,9,954,328,0,0,0,0,0,1,0,0,0,0,0,0,0,0,0,0,1,1,0.0,0.0,0.0,0.0,1.0,0.0,0.0,138,139,0.66,0.03,0.01,0.02,0.0,0.0,0.0,0.0,0,2656.0
5,1,19,9,2194619,0,0,0,0,0,0,1,0,0,0,0,0,0,0,0,0,0,1,1,0.0,0.0,0.0,0.0,1.0,0.0,0.0,21,45,0.43,0.19,0.43,0.04,0.0,0.0,0.0,0.0,0,110144.0
0,1,22,1,0,0,0,0,0,0,0,0,0,0,0,0,0,0,0,0,0,0,1,1,0.0,0.0,1.0,1.0,1.0,0.0,0.0,7,42,1.0,0.0,0.14,0.19,0.0,0.0,1.0,1.0,0,120392.0
0,1,44,5,0,0,0,0,0,0,0,0,0,0,0,0,0,0,0,0,0,0,278,19,1.0,1.0,0.0,0.0,0.07,0.04,0.0,138,19,0.14,0.07,0.01,0.0,0.99,1.0,0.0,0.0,1,109242.0
0,1,22,9,159,8156,0,0,0,0,0,1,0,0,0,0,0,0,0,0,0,0,1,5,0.0,0.0,0.0,0.0,1.0,0.0,0.4,255,255,1.0,0.0,0.0,0.0,0.0,0.0,0.0,0.0,0,119252.0
0,2,40,9,1,0,0,0,0,0,0,0,0,0,0,0,0,0,0,0,0,0,14,1,0.0,0.0,0.0,0.0,0.07,0.71,0.0,255,1,0.0,0.2,1.0,0.0,0.0,0.0,0.0,0.0,1,36442.0
0,1,22,9,176,2309,0,0,0,0,0,1,0,0,0,0,0,0,0,0,0,0,17,34,0.0,0.0,0.0,0.0,1.0,0.0,0.06,105,255,1.0,0.0,0.01,0.03,0.0,0.0,0.0,0.0,0,28392.0
0,0,14,9,1480,0,0,1,0,0,0,0,0,0,0,0,0,0,0,0,0,0,1,3,0.0,0.0,0.0,0.0,1.0,0.0,0.67,3,152,0.67,0.67,0.67,0.03,0.33,0.0,0.0,0.0,1,114355.0
0,1,30,5,0,0,0,0,0,0,0,0,0,0,0,0,0,0,0,0,0,0,101,17,1.0,1.0,0.0,0.0,0.17,0.05,0.0,255,17,0.07,0.05,0.0,0.0,1.0,1.0,0.0,0.0,1,46528.0
0,2,40,9,146,0,0,0,0,0,0,0,0,0,0,0,0,0,0,0,0,0,3,1,0.0,0.0,0.0,0.0,0.33,1.0,0.0,255,4,0.02,0.51,0.87,0.0,0.0,0.0,0.0,0.0,0,67807.0
0,1,22,1,0,0,0,0,0,0,0,0,0,0,0,0,0,0,0,0,0,0,1,1,0.0,0.0,1.0,1.0,1.0,0.0,0.0,2,206,1.0,0.0,0.5,0.08,0.0,0.0,1.0,0.99,0,105633.0
0,1,22,9,334,2879,0,0,0,0,0,1,0,0,0,0,0,0,0,0,0,0,9,9,0.0,0.0,0.0,0.0,1.0,0.0,0.0,9,255,1.0,0.0,0.11,0.02,0.0,0.0,0.0,0.01,0,81491.0
0,1,22,9,303,280,0,0,0,0,0,1,0,0,0,0,0,0,0,0,0,0,10,10,0.0,0.0,0.0,0.0,1.0,0.0,0.0,242,255,1.0,0.0,0.0,0.01,0.0,0.0,0.0,0.0,0,77106.0
0,1,22,1,0,0,0,0,0,0,0,0,0,0,0,0,0,0,0,0,0,0,2,2,0.0,0.0,1.0,1.0,1.0,0.0,0.0,5,255,1.0,0.0,0.2,0.31,0.0,0.0,1.0,1.0,0,79240.0
0,1,44,1,0,0,0,0,0,0,0,0,0,0,0,0,0,0,0,0,0,0,27,1,0.0,0.0,0.96,1.0,0.04,1.0,0.0,145,1,0.01,0.28,0.01,0.0,0.0,0.0,0.2,1.0,1,28708.0
0,1,29,1,0,0,0,0,0,0,0,0,0,0,0,0,0,0,0,0,0,0,263,3,0.0,0.0,1.0,1.0,0.01,0.06,0.0,255,3,0.01,0.07,0.0,0.0,0.0,0.0,1.0,1.0,1,64907.0
0,1,59,5,0,0,0,0,0,0,0,0,0,0,0,0,0,0,0,0,0,0,107,2,1.0,1.0,0.0,0.0,0.02,0.07,0.0,255,2,0.01,0.06,0.0,0.0,1.0,1.0,0.0,0.0,1,34293.0
0,1,22,9,273,858,0,0,0,0,0,1,0,0,0,0,0,0,0,0,0,0,12,18,0.0,0.0,0.0,0.0,1.0,0.0,0.22,26,255,1.0,0.0,0.04,0.02,0.0,0.0,0.0,0.0,0,118779.0
0,1,19,9,4892,0,0,0,0,0,0,1,0,0,0,0,0,0,0,0,0,0,12,12,0.0,0.0,0.0,0.0,1.0,0.0,0.0,254,66,0.26,0.02,0.26,0.0,0.0,0.0,0.03,0.0,0,110414.0
0,1,8,5,0,0,0,0,0,0,0,0,0,0,0,0,0,0,0,0,0,0,293,7,1.0,1.0,0.0,0.0,0.02,0.05,0.0,255,9,0.04,0.07,0.0,0.0,1.0,1.0,0.0,0.0,1,48282.0
0,1,22,9,198,2537,0,0,0,0,0,1,0,0,0,0,0,0,0,0,0,0,13,14,0.0,0.0,0.0,0.0,1.0,0.0,0.14,255,255,1.0,0.0,0.0,0.0,0.0,0.0,0.0,0.0,0,26373.0
0,1,19,9,12241,0,0,0,0,0,0,0,0,0,0,0,0,0,0,0,0,0,6,8,0.0,0.0,0.0,0.0,1.0,0.0,0.25,147,64,0.44,0.03,0.44,0.0,0.0,0.0,0.0,0.0,0,56552.0
0,0,14,9,1032,0,0,0,0,0,0,0,0,0,0,0,0,0,0,0,0,0,235,235,0.0,0.0,0.0,0.0,1.0,0.0,0.0,255,255,1.0,0.0,1.0,0.0,0.0,0.0,0.0,0.0,1,96332.0
0,1,22,9,288,293,0,0,0,0,0,1,0,0,0,0,0,0,0,0,0,0,7,31,0.0,0.0,0.14,0.03,1.0,0.0,0.16,161,255,1.0,0.0,0.01,0.02,0.0,0.0,0.01,0.0,0,9459.0
0,1,22,9,333,2408,0,0,0,0,0,1,0,0,0,0,0,0,0,0,0,0,8,8,0.0,0.0,0.0,0.0,1.0,0.0,0.0,125,255,1.0,0.0,0.01,0.01,0.0,0.01,0.0,0.0,0,59775.0
0,1,22,9,320,2280,0,0,0,0,0,1,0,0,0,0,0,0,0,0,0,0,15,15,0.0,0.0,0.0,0.0,1.0,0.0,0.0,255,255,1.0,0.0,0.0,0.0,0.0,0.0,0.0,0.0,0,94086.0
1,1,49,9,1098,411,0,0,0,0,0,1,0,0,0,0,0,0,0,0,0,0,1,2,0.0,0.0,0.0,0.0,1.0,0.0,1.0,157,135,0.41,0.03,0.01,0.01,0.0,0.0,0.0,0.0,0,56238.0
0,0,14,9,1032,0,0,0,0,0,0,0,0,0,0,0,0,0,0,0,0,0,511,511,0.0,0.0,0.0,0.0,1.0,0.0,0.0,255,182,0.71,0.02,0.71,0.0,0.0,0.0,0.0,0.0,1,95128.0
0,1,22,9,214,1337,0,0,0,0,0,1,0,0,0,0,0,0,0,0,0,0,30,40,0.0,0.0,0.0,0.0,1.0,0.0,0.05,255,255,1.0,0.0,0.0,0.0,0.0,0.0,0.0,0.0,0,73492.0
0,1,49,9,697,327,0,0,0,0,0,1,0,0,0,0,0,0,0,0,0,0,1,1,0.0,0.0,0.0,0.0,1.0,0.0,0.0,214,155,0.72,0.03,0.0,0.0,0.0,0.0,0.0,0.0,0,79194.0
0,1,2,5,0,0,0,0,0,0,0,0,0,0,0,0,0,0,0,0,0,0,188,8,1.0,1.0,0.0,0.0,0.04,0.06,0.0,255,8,0.03,0.07,0.0,0.0,1.0,1.0,0.0,0.0,1,40343.0
0,1,22,9,54540,8314,0,0,0,2,0,1,1,0,0,0,0,0,0,0,0,0,4,6,0.0,0.0,0.0,0.33,1.0,0.0,0.5,255,255,1.0,0.0,0.0,0.0,0.0,0.0,0.03,0.03,1,40893.0
0,2,11,9,45,45,0,0,0,0,0,0,0,0,0,0,0,0,0,0,0,0,156,156,0.0,0.0,0.0,0.0,1.0,0.0,0.0,255,255,1.0,0.0,0.01,0.0,0.0,0.0,0.0,0.0,0,4907.0
0,1,22,9,334,657,0,0,0,0,0,1,0,0,0,0,0,0,0,0,0,0,7,8,0.0,0.0,0.0,0.0,1.0,0.0,0.25,248,255,1.0,0.0,0.0,0.01,0.0,0.0,0.0,0.0,0,110660.0
0,1,61,1,0,0,0,0,0,0,0,0,0,0,0,0,0,0,0,0,0,0,216,17,0.0,0.0,1.0,1.0,0.08,0.07,0.0,255,17,0.07,0.08,0.0,0.0,0.0,0.0,1.0,1.0,1,14292.0
0,1,44,1,0,0,0,0,0,0,0,0,0,0,0,0,0,0,0,0,0,0,199,12,0.0,0.0,1.0,1.0,0.06,0.07,0.0,255,12,0.05,0.08,0.0,0.0,0.0,0.0,1.0,1.0,1,26730.0
0,2,11,9,33,33,0,0,0,0,0,0,0,0,0,0,0,0,0,0,0,0,1,3,0.0,0.0,0.0,0.0,1.0,0.0,1.0,130,127,0.98,0.02,0.01,0.0,0.0,0.0,0.0,0.0,0,76871.0
0,1,22,9,260,7334,0,0,0,0,0,1,0,0,0,0,0,0,0,0,0,0,7,7,0.0,0.0,0.0,0.0,1.0,0.0,0.0,96,255,1.0,0.0,0.01,0.02,0.0,0.0,0.0,0.0,0,22706.0
0,1,22,9,175,1000,0,0,0,0,0,1,0,0,0,0,0,0,0,0,0,0,14,16,0.0,0.0,0.0,0.0,1.0,0.0,0.19,14,255,1.0,0.0,0.07,0.06,0.0,0.0,0.0,0.01,0,123458.0
0,1,59,5,0,0,0,0,0,0,0,0,0,0,0,0,0,0,0,0,0,0,127,1,1.0,1.0,0.0,0.0,0.01,0.06,0.0,255,1,0.0,0.07,0.0,0.0,1.0,1.0,0.0,0.0,1,114602.0
0,0,13,9,8,0,0,0,0,0,0,0,0,0,0,0,0,0,0,0,0,0,1,45,0.0,0.0,0.0,0.0,1.0,0.0,1.0,1,163,1.0,0.0,1.0,0.5,0.0,0.0,0.0,0.0,1,50384.0
0,1,10,5,0,0,0,0,0,0,0,0,0,0,0,0,0,0,0,0,0,0,197,16,1.0,1.0,0.0,0.0,0.08,0.07,0.0,255,16,0.06,0.07,0.0,0.0,1.0,1.0,0.0,0.0,1,33872.0
0,2,11,9,45,144,0,0,0,0,0,0,0,0,0,0,0,0,0,0,0,0,77,157,0.0,0.0,0.0,0.0,0.99,0.03,0.01,255,216,0.85,0.02,0.0,0.0,0.0,0.0,0.0,0.0,0,68253.0
0,1,22,9,312,30739,0,0,0,0,0,1,0,0,0,0,0,0,0,0,0,0,2,4,0.0,0.25,0.0,0.0,1.0,0.0,0.5,155,255,1.0,0.0,0.01,0.03,0.0,0.0,0.01,0.01,0,13802.0
0,2,11,9,45,136,0,0,0,0,0,0,0,0,0,0,0,0,0,0,0,0,86,165,0.0,0.0,0.0,0.0,1.0,0.0,0.01,255,255,1.0,0.0,0.0,0.0,0.0,0.0,0.0,0.0,0,75648.0
11565,1,55,9,565,111864,0,0,0,0,0,1,217,1,2,247,0,0,4,0,0,0,1,1,0.0,0.0,0.0,0.0,1.0,0.0,0.0,8,3,0.38,0.25,0.12,0.0,0.0,0.0,0.12,0.33,0,18097.0
0,1,52,5,0,0,0,0,0,0,0,0,0,0,0,0,0,0,0,0,0,0,4,2,1.0,1.0,0.0,0.0,0.5,0.5,0.0,255,2,0.01,0.08,0.0,0.0,1.0,1.0,0.0,0.0,1,110788.0
0,1,10,5,0,0,0,0,0,0,0,0,0,0,0,0,0,0,0,0,0,0,283,5,1.0,1.0,0.0,0.0,0.02,0.06,0.0,255,5,0.02,0.06,0.0,0.0,1.0,1.0,0.0,0.0,1,6209.0
0,1,33,5,0,0,0,0,0,0,0,0,0,0,0,0,0,0,0,0,0,0,235,9,1.0,1.0,0.0,0.0,0.04,0.06,0.0,255,10,0.04,0.07,0.0,0.0,1.0,1.0,0.0,0.0,1,4860.0
0,1,22,9,297,545,0,0,0,0,0,1,0,0,0,0,0,0,0,0,0,0,16,16,0.0,0.0,0.0,0.0,1.0,0.0,0.0,122,255,1.0,0.0,0.01,0.02,0.0,0.0,0.01,0.0,0,76667.0
0,1,17,9,6,139,0,0,0,0,0,0,0,0,0,0,0,0,0,0,0,0,1,1,0.0,0.0,0.0,0.0,1.0,0.0,0.0,255,6,0.02,0.28,0.0,0.0,0.0,0.0,0.25,0.0,0,59315.0
0,0,13,9,8,0,0,0,0,0,0,0,0,0,0,0,0,0,0,0,0,0,1,17,0.0,0.0,0.0,0.0,1.0,0.0,1.0,3,41,1.0,0.0,1.0,0.27,0.0,0.0,0.0,0.0,1,20426.0
0,1,22,9,224,7229,0,0,0,0,0,1,0,0,0,0,0,0,0,0,0,0,3,3,0.0,0.0,0.0,0.0,1.0,0.0,0.0,16,255,1.0,0.0,0.06,0.04,0.0,0.0,0.0,0.0,0,62502.0
0,1,22,9,236,3791,0,0,0,0,0,1,0,0,0,0,0,0,0,0,0,0,17,17,0.0,0.0,0.0,0.0,1.0,0.0,0.0,255,255,1.0,0.0,0.0,0.0,0.0,0.0,0.0,0.0,0,87473.0
0,1,28,1,0,0,0,0,0,0,0,0,0,0,0,0,0,0,0,0,0,0,119,11,0.0,0.0,1.0,1.0,0.09,0.08,0.0,243,11,0.05,0.07,0.0,0.0,0.0,0.0,1.0,1.0,1,51558.0
0,1,22,9,303,1000,0,0,0,0,0,1,0,0,0,0,0,0,0,0,0,0,4,4,0.0,0.0,0.0,0.0,1.0,0.0,0.0,255,255,1.0,0.0,0.0,0.0,0.0,0.0,0.0,0.0,0,36857.0
0,1,22,9,298,4097,0,0,0,0,0,1,0,0,0,0,0,0,0,0,0,0,27,27,0.0,0.0,0.0,0.0,1.0,0.0,0.0,27,255,1.0,0.0,0.04,0.03,0.0,0.0,0.0,0.0,0,34222.0
0,1,22,9,207,7183,0,0,0,0,0,1,0,0,0,0,0,0,0,0,0,0,1,1,0.0,0.0,0.0,0.0,1.0,0.0,0.0,3,255,1.0,0.0,0.33,0.02,0.0,0.0,0.0,0.0,0,57018.0
1544,2,40,9,147,105,0,0,0,0,0,0,0,0,0,0,0,0,0,0,0,0,5,1,0.0,0.0,0.0,0.0,0.2,0.6,0.0,255,1,0.0,0.47,0.91,0.0,0.0,0.0,0.0,0.0,0,81458.0
0,0,13,9,8,0,0,0,0,0,0,0,0,0,0,0,0,0,0,0,0,0,1,15,0.0,0.0,0.0,0.0,1.0,0.0,1.0,1,33,1.0,0.0,1.0,0.52,0.0,0.0,0.0,0.0,1,123795.0
0,1,22,9,330,584,0,0,0,0,0,1,0,0,0,0,0,0,0,0,0,0,22,23,0.0,0.0,0.0,0.0,1.0,0.0,0.09,255,255,1.0,0.0,0.0,0.0,0.0,0.0,0.0,0.0,0,20042.0
0,1,17,9,9,141,0,0,0,0,0,0,0,0,0,0,0,0,0,0,0,0,1,4,0.0,0.0,0.0,0.0,1.0,0.0,0.75,245,7,0.02,0.01,0.0,0.29,0.0,0.0,0.0,0.0,0,14320.0
0,1,44,1,0,0,0,0,0,0,0,0,0,0,0,0,0,0,0,0,0,0,511,1,0.08,0.0,0.9,1.0,0.0,1.0,0.0,255,1,0.0,1.0,0.0,0.0,0.11,0.0,0.85,1.0,1,96045.0
0,1,19,9,641,0,0,0,0,0,0,1,0,0,0,0,0,0,0,0,0,0,2,20,0.0,0.0,0.0,0.0,1.0,0.0,0.1,110,57,0.17,0.05,0.17,0.04,0.0,0.0,0.0,0.0,0,107266.0
0,1,57,5,0,0,0,0,0,0,0,0,0,0,0,0,0,0,0,0,0,0,288,24,1.0,1.0,0.0,0.0,0.08,0.05,0.0,255,24,0.09,0.05,0.0,0.0,1.0,1.0,0.0,0.0,1,80051.0
0,1,35,5,0,0,0,0,0,0,0,0,0,0,0,0,0,0,0,0,0,0,286,7,1.0,1.0,0.0,0.0,0.02,0.06,0.0,255,14,0.05,0.07,0.0,0.0,1.0,1.0,0.0,0.0,1,5903.0
0,1,22,9,217,4017,0,0,0,0,0,1,0,0,0,0,0,0,0,0,0,0,7,8,0.0,0.0,0.0,0.0,1.0,0.0,0.25,15,255,1.0,0.0,0.07,0.04,0.0,0.0,0.0,0.0,0,33195.0
0,2,44,9,105,0,0,0,0,0,0,0,0,0,0,0,0,0,0,0,0,0,2,2,0.0,0.0,0.0,0.0,1.0,0.0,0.0,127,121,0.95,0.02,0.02,0.0,0.0,0.0,0.0,0.0,0,61680.0
0,1,44,1,0,0,0,0,0,0,0,0,0,0,0,0,0,0,0,0,0,0,31,1,0.0,0.0,0.97,1.0,0.03,1.0,0.0,149,1,0.01,0.3,0.01,0.0,0.0,0.0,0.22,1.0,1,79109.0
0,1,31,5,0,0,0,0,0,0,0,0,0,0,0,0,0,0,0,0,0,0,242,15,1.0,1.0,0.0,0.0,0.06,0.06,0.0,255,16,0.06,0.07,0.0,0.0,1.0,1.0,0.0,0.0,1,44927.0
0,1,44,5,0,0,0,0,0,0,0,0,0,0,0,0,0,0,0,0,0,0,91,6,1.0,1.0,0.0,0.0,0.07,0.09,0.0,255,6,0.02,0.07,0.0,0.0,1.0,1.0,0.0,0.0,1,43199.0
0,2,11,9,45,115,0,0,0,0,0,0,0,0,0,0,0,0,0,0,0,0,2,4,0.0,0.0,0.0,0.0,1.0,0.0,0.5,255,242,0.95,0.02,0.0,0.0,0.0,0.0,0.0,0.0,0,118833.0
0,1,44,5,0,0,0,0,0,0,0,0,0,0,0,0,0,0,0,0,0,0,285,20,1.0,1.0,0.0,0.0,0.07,0.06,0.0,255,35,0.14,0.06,0.0,0.0,1.0,1.0,0.0,0.0,1,71402.0
0,1,40,1,0,0,0,0,0,0,0,0,0,0,0,0,0,0,0,0,0,0,511,1,0.08,0.0,0.92,1.0,0.0,1.0,0.0,255,1,0.0,1.0,0.01,0.0,0.03,0.0,0.97,1.0,1,28125.0
0,1,44,5,0,0,0,0,0,0,0,0,0,0,0,0,0,0,0,0,0,0,242,16,1.0,1.0,0.0,0.0,0.07,0.06,0.0,255,12,0.05,0.08,0.0,0.0,1.0,1.0,0.0,0.0,1,24017.0
0,1,22,2,0,0,0,0,0,0,0,1,0,0,0,0,0,0,0,0,0,0,2,2,0.0,0.0,0.5,0.5,1.0,0.0,0.0,2,255,1.0,0.0,1.0,0.01,0.0,0.0,0.5,0.0,0,24845.0
0,1,22,9,280,1526,0,0,0,0,0,1,0,0,0,0,0,0,0,0,0,0,2,22,0.0,0.0,0.0,0.0,1.0,0.0,0.09,9,255,1.0,0.0,0.11,0.04,0.0,0.0,0.0,0.0,0,73523.0
0,1,22,9,291,1193,0,0,0,0,0,1,0,0,0,0,0,0,0,0,0,0,7,8,0.0,0.0,0.0,0.0,1.0,0.0,0.25,255,255,1.0,0.0,0.0,0.0,0.0,0.0,0.0,0.0,0,75559.0
0,1,22,9,222,3594,0,0,0,0,0,1,0,0,0,0,0,0,0,0,0,0,61,61,0.0,0.0,0.0,0.0,1.0,0.0,0.0,255,255,1.0,0.0,0.0,0.0,0.0,0.0,0.0,0.0,0,21572.0
0,1,22,9,307,5381,0,0,0,0,0,1,0,0,0,0,0,0,0,0,0,0,6,6,0.0,0.0,0.0,0.0,1.0,0.0,0.0,106,255,1.0,0.0,0.01,0.03,0.0,0.0,0.0,0.0,0,8255.0
0,1,55,6,0,0,0,0,0,0,0,0,0,0,0,0,0,0,0,0,0,0,1,1,1.0,1.0,0.0,0.0,1.0,0.0,0.0,39,1,0.03,0.1,0.03,0.0,0.03,1.0,0.0,0.0,0,45410.0
0,1,22,9,229,1075,0,0,0,0,0,1,0,0,0,0,0,0,0,0,0,0,7,7,0.0,0.0,0.0,0.0,1.0,0.0,0.0,86,81,0.94,0.02,0.01,0.0,0.0,0.0,0.0,0.0,0,6117.0
0,0,13,9,8,0,0,0,0,0,0,0,0,0,0,0,0,0,0,0,0,0,1,41,0.0,0.0,0.0,0.0,1.0,0.0,1.0,1,105,1.0,0.0,1.0,0.51,0.0,0.0,0.0,0.0,1,94754.0
0,1,19,5,0,0,0,0,0,0,0,0,0,0,0,0,0,0,0,0,0,0,2,2,1.0,1.0,0.0,0.0,1.0,0.0,0.0,255,51,0.2,0.02,0.0,0.0,1.0,1.0,0.0,0.0,1,28222.0
29,1,18,9,886,2586,0,0,0,18,0,1,0,0,0,0,0,0,0,0,0,1,1,1,0.0,0.0,0.0,0.0,1.0,0.0,0.0,231,47,0.2,0.02,0.0,0.0,0.0,0.0,0.0,0.0,0,42679.0
0,1,44,5,0,0,0,0,0,0,0,0,0,0,0,0,0,0,0,0,0,0,269,2,1.0,1.0,0.0,0.0,0.01,0.06,0.0,255,4,0.02,0.08,0.0,0.0,1.0,1.0,0.0,0.0,1,51304.0
2,1,49,9,1081,331,0,0,0,0,0,1,0,0,0,0,0,0,0,0,0,0,1,4,0.0,0.0,0.0,0.0,1.0,0.0,1.0,147,158,0.76,0.03,0.01,0.01,0.0,0.0,0.0,0.0,0,36936.0
0,1,24,1,0,0,0,0,0,0,0,0,0,0,0,0,0,0,0,0,0,0,280,12,0.0,0.0,1.0,1.0,0.04,0.06,0.0,255,12,0.05,0.08,0.0,0.0,0.0,0.0,1.0,1.0,1,108028.0
0,1,36,1,0,0,0,0,0,0,0,0,0,0,0,0,0,0,0,0,0,0,11,1,0.0,0.0,1.0,1.0,0.09,0.55,0.0,181,1,0.01,0.05,0.06,0.0,0.01,0.0,0.33,1.0,1,122172.0
0,1,30,5,0,0,0,0,0,0,0,0,0,0,0,0,0,0,0,0,0,0,147,15,1.0,1.0,0.0,0.0,0.1,0.05,0.0,255,12,0.05,0.05,0.0,0.0,1.0,1.0,0.0,0.0,1,5286.0
0,1,22,9,339,1444,0,0,0,0,0,1,0,0,0,0,0,0,0,0,0,0,13,13,0.0,0.0,0.0,0.0,1.0,0.0,0.0,213,255,1.0,0.0,0.0,0.01,0.0,0.0,0.0,0.0,0,9586.0
0,1,19,9,334,0,0,0,0,0,0,1,0,0,0,0,0,0,0,0,0,0,1,1,0.0,0.0,0.0,0.0,1.0,0.0,0.0,3,17,1.0,0.0,1.0,0.18,0.0,0.0,0.0,0.0,1,80267.0
0,1,22,1,0,0,0,0,0,0,0,0,0,0,0,0,0,0,0,0,0,0,1,2,0.0,0.0,1.0,1.0,1.0,0.0,1.0,8,255,1.0,0.0,0.12,0.18,0.0,0.0,1.0,0.89,0,89307.0
28,1,49,9,2334,371,0,0,0,0,0,1,0,0,0,0,0,0,0,0,0,0,1,1,0.0,0.0,0.0,0.0,1.0,0.0,0.0,86,140,0.56,0.03,0.01,0.01,0.0,0.0,0.0,0.0,0,124138.0
0,1,7,5,0,0,0,0,0,0,0,0,0,0,0,0,0,0,0,0,0,0,257,23,1.0,1.0,0.0,0.0,0.09,0.05,0.0,255,23,0.09,0.05,0.0,0.0,1.0,1.0,0.0,0.0,1,52102.0
0,1,22,9,208,259,0,0,0,0,0,1,0,0,0,0,0,0,0,0,0,0,4,4,0.0,0.0,0.0,0.0,1.0,0.0,0.0,23,255,1.0,0.0,0.04,0.03,0.0,0.0,0.0,0.0,0,96503.0
0,1,44,5,0,0,0,0,0,0,0,0,0,0,0,0,0,0,0,0,0,0,95,1,1.0,1.0,0.0,0.0,0.01,0.06,0.0,255,19,0.07,0.06,0.0,0.0,1.0,1.0,0.0,0.0,1,61679.0
0,1,22,5,0,0,0,0,0,0,0,0,0,0,0,0,0,0,0,0,0,0,23,10,1.0,1.0,0.0,0.0,0.43,0.17,0.0,255,65,0.25,0.02,0.0,0.0,1.0,1.0,0.0,0.0,1,20017.0
0,1,22,9,303,1321,0,0,0,1,0,1,0,1,0,0,0,0,0,0,0,0,14,14,0.0,0.0,0.0,0.0,1.0,0.0,0.0,161,255,1.0,0.0,0.01,0.04,0.0,0.0,0.0,0.0,0,2694.0
0,1,44,5,0,0,0,0,0,0,0,0,0,0,0,0,0,0,0,0,0,0,243,21,1.0,1.0,0.0,0.0,0.09,0.05,0.0,255,21,0.08,0.07,0.0,0.0,1.0,1.0,0.0,0.0,1,34412.0
0,1,55,5,0,0,0,0,0,0,0,0,0,0,0,0,0,0,0,0,0,0,18,5,1.0,1.0,0.0,0.0,0.28,0.22,0.0,255,49,0.19,0.05,0.01,0.0,1.0,1.0,0.0,0.0,1,71350.0
0,1,19,9,26408,0,0,0,0,0,0,0,0,0,0,0,0,0,0,0,0,0,2,2,0.0,0.0,0.0,0.0,1.0,0.0,0.0,159,74,0.43,0.04,0.43,0.03,0.01,0.0,0.01,0.0,0,32697.0
0,0,13,9,8,0,0,0,0,0,0,0,0,0,0,0,0,0,0,0,0,0,1,16,0.0,0.0,0.0,0.0,1.0,0.0,1.0,1,255,1.0,0.0,1.0,0.5,0.0,0.0,0.0,0.0,1,98822.0
0,2,44,9,215,0,0,0,0,0,0,0,0,0,0,0,0,0,0,0,0,0,1,1,0.0,0.0,0.0,0.0,1.0,0.0,0.0,5,5,1.0,0.0,1.0,0.0,0.0,0.0,0.0,0.0,1,83819.0
0,0,14,9,520,0,0,0,0,0,0,0,0,0,0,0,0,0,0,0,0,0,444,444,0.0,0.0,0.0,0.0,1.0,0.0,0.0,162,162,1.0,0.0,1.0,0.0,0.0,0.0,0.0,0.0,1,113845.0
0,1,44,5,0,0,0,0,0,0,0,0,0,0,0,0,0,0,0,0,0,0,293,17,1.0,1.0,0.0,0.0,0.06,0.05,0.0,255,15,0.06,0.06,0.0,0.0,1.0,1.0,0.0,0.0,1,113126.0
0,1,19,9,748,0,0,0,0,0,0,0,0,0,0,0,0,0,0,0,0,0,1,1,0.0,0.0,0.0,0.0,1.0,0.0,0.0,208,26,0.12,0.02,0.12,0.0,0.0,0.0,0.0,0.0,0,19045.0
0,1,22,9,272,352,0,0,0,0,0,1,0,0,0,0,0,0,0,0,0,0,8,8,0.0,0.0,0.0,0.0,1.0,0.0,0.0,161,255,1.0,0.0,0.01,0.02,0.0,0.0,0.01,0.0,0,118992.0
0,1,44,5,0,0,0,0,0,0,0,0,0,0,0,0,0,0,0,0,0,0,227,1,1.0,1.0,0.0,0.0,0.0,0.06,0.0,255,2,0.01,0.08,0.0,0.0,1.0,1.0,0.0,0.0,1,116410.0
0,1,2,5,0,0,0,0,0,0,0,0,0,0,0,0,0,0,0,0,0,0,247,6,1.0,1.0,0.0,0.0,0.02,0.06,0.0,255,6,0.02,0.07,0.0,0.0,1.0,1.0,0.0,0.0,1,27991.0
0,1,61,5,0,0,0,0,0,0,0,0,0,0,0,0,0,0,0,0,0,0,237,17,1.0,1.0,0.0,0.0,0.07,0.05,0.0,255,4,0.02,0.07,0.0,0.0,1.0,1.0,0.0,0.0,1,76960.0
0,1,44,1,0,0,0,0,0,0,0,0,0,0,0,0,0,0,0,0,0,0,1,1,0.0,0.0,1.0,1.0,1.0,0.0,0.0,12,1,0.08,1.0,0.08,0.0,0.0,0.0,0.92,1.0,1,64740.0
0,1,38,5,0,0,0,0,0,0,0,0,0,0,0,0,0,0,0,0,0,0,236,7,1.0,1.0,0.0,0.0,0.03,0.06,0.0,255,17,0.07,0.07,0.0,0.0,1.0,1.0,0.0,0.0,1,3508.0
0,1,5,5,0,0,0,0,0,0,0,0,0,0,0,0,0,0,0,0,0,0,116,14,1.0,1.0,0.0,0.0,0.12,0.05,0.0,255,14,0.05,0.05,0.0,0.0,1.0,1.0,0.0,0.0,1,44488.0
0,1,49,9,1762,331,0,0,0,0,0,1,0,0,0,0,0,0,0,0,0,0,1,1,0.0,0.0,0.0,0.0,1.0,0.0,0.0,30,122,0.73,0.07,0.03,0.02,0.0,0.0,0.0,0.0,0,8590.0
1092,2,40,9,147,105,0,0,0,0,0,0,0,0,0,0,0,0,0,0,0,0,1,1,0.0,0.0,0.0,0.0,1.0,0.0,0.0,255,1,0.0,0.52,0.81,0.0,0.0,0.0,0.0,0.0,0,33455.0
0,1,22,9,250,1479,0,0,0,0,0,1,0,0,0,0,0,0,0,0,0,0,9,9,0.0,0.0,0.0,0.0,1.0,0.0,0.0,50,255,1.0,0.0,0.02,0.03,0.02,0.0,0.0,0.0,0,80968.0
0,1,22,9,212,1896,0,0,0,0,0,1,0,0,0,0,0,0,0,0,0,0,8,8,0.0,0.0,0.0,0.0,1.0,0.0,0.0,8,255,1.0,0.0,0.12,0.05,0.0,0.0,0.0,0.0,0,49933.0
0,1,61,5,0,0,0,0,0,0,0,0,0,0,0,0,0,0,0,0,0,0,198,2,1.0,1.0,0.0,0.0,0.01,0.08,0.0,255,2,0.01,0.08,0.0,0.0,1.0,1.0,0.0,0.0,1,32350.0
0,1,4,5,0,0,0,0,0,0,0,0,0,0,0,0,0,0,0,0,0,0,278,19,1.0,1.0,0.0,0.0,0.07,0.05,0.0,255,19,0.07,0.05,0.0,0.0,1.0,1.0,0.0,0.0,1,18728.0
3,1,49,9,832,328,0,0,0,0,0,1,0,0,0,0,0,0,0,0,0,0,2,2,0.0,0.0,0.0,0.0,1.0,0.0,0.0,74,38,0.51,0.09,0.01,0.0,0.0,0.0,0.0,0.0,0,120315.0
0,1,44,5,0,0,0,0,0,0,0,0,0,0,0,0,0,0,0,0,0,0,203,13,1.0,1.0,0.0,0.0,0.06,0.06,0.0,255,13,0.05,0.06,0.0,0.0,1.0,1.0,0.0,0.0,1,11920.0
0,1,16,2,0,0,0,0,0,0,0,0,0,0,0,0,0,0,0,0,0,0,145,16,0.0,0.0,1.0,1.0,0.11,0.06,0.0,255,16,0.06,0.07,0.0,0.0,0.0,0.0,1.0,1.0,1,12149.0
0,1,38,5,0,0,0,0,0,0,0,0,0,0,0,0,0,0,0,0,0,0,195,2,1.0,1.0,0.0,0.0,0.01,0.06,0.0,255,2,0.01,0.06,0.0,0.0,1.0,1.0,0.0,0.0,1,66333.0
27,1,18,9,1494,4152,0,0,0,30,0,1,0,0,0,0,0,0,0,0,0,1,1,1,0.0,0.0,0.0,0.0,1.0,0.0,0.0,106,24,0.23,0.05,0.01,0.0,0.0,0.0,0.03,0.04,0,113264.0
0,2,11,9,39,99,0,0,0,0,0,0,0,0,0,0,0,0,0,0,0,0,1,1,0.0,0.0,0.0,0.0,1.0,0.0,0.0,255,248,0.97,0.01,0.01,0.0,0.0,0.0,0.0,0.0,0,96152.0
0,0,14,9,520,0,0,0,0,0,0,0,0,0,0,0,0,0,0,0,0,0,484,484,0.0,0.0,0.0,0.0,1.0,0.0,0.0,87,87,1.0,0.0,1.0,0.0,0.0,0.0,0.0,0.0,1,115561.0
0,1,37,5,0,0,0,0,0,0,0,0,0,0,0,0,0,0,0,0,0,0,150,20,1.0,1.0,0.0,0.0,0.13,0.05,0.0,255,20,0.08,0.05,0.0,0.0,1.0,1.0,0.0,0.0,1,92638.0
0,2,44,9,1,0,0,0,0,0,0,0,0,0,0,0,0,0,0,0,0,0,1,1,0.0,0.0,0.0,0.0,1.0,0.0,0.0,255,1,0.0,0.37,0.81,0.0,0.02,0.0,0.17,0.0,1,91858.0
0,1,22,9,258,11380,0,0,0,0,0,1,0,0,0,0,0,0,0,0,0,0,6,6,0.0,0.0,0.0,0.0,1.0,0.0,0.0,255,251,0.98,0.01,0.0,0.0,0.0,0.0,0.0,0.0,0,1056.0
0,1,22,9,215,299,0,0,0,0,0,1,0,0,0,0,0,0,0,0,0,0,3,23,0.0,0.0,0.0,0.0,1.0,0.0,0.13,152,255,1.0,0.0,0.01,0.02,0.0,0.0,0.0,0.0,0,123206.0
0,1,44,5,0,0,0,0,0,0,0,0,0,0,0,0,0,0,0,0,0,0,215,13,1.0,1.0,0.0,0.0,0.06,0.06,0.0,255,10,0.04,0.07,0.0,0.0,1.0,1.0,0.0,0.0,1,5954.0
0,1,22,9,196,456,0,0,0,0,0,1,0,0,0,0,0,0,0,0,0,0,20,24,0.0,0.0,0.0,0.0,1.0,0.0,0.08,45,255,1.0,0.0,0.02,0.05,0.0,0.0,0.0,0.0,0,80545.0
0,1,44,5,0,0,0,0,0,0,0,0,0,0,0,0,0,0,0,0,0,0,126,5,0.99,1.0,0.0,0.0,0.04,0.07,0.0,255,5,0.02,0.05,0.0,0.0,1.0,1.0,0.0,0.0,1,14921.0
0,1,22,9,246,4184,0,0,0,0,0,1,0,0,0,0,0,0,0,0,0,0,11,23,0.0,0.0,0.0,0.0,1.0,0.0,0.17,250,255,1.0,0.0,0.0,0.01,0.0,0.0,0.0,0.0,0,1769.0
0,1,44,1,0,0,0,0,0,0,0,0,0,0,0,0,0,0,0,0,0,0,103,15,0.0,0.0,1.0,1.0,0.15,0.07,0.0,255,15,0.06,0.07,0.0,0.0,0.0,0.0,1.0,1.0,1,59374.0
0,1,22,9,207,9487,0,0,0,0,0,1,0,0,0,0,0,0,0,0,0,0,29,29,0.0,0.0,0.0,0.0,1.0,0.0,0.0,199,255,1.0,0.0,0.01,0.02,0.0,0.0,0.0,0.0,0,42867.0
0,1,12,5,0,0,0,0,0,0,0,0,0,0,0,0,0,0,0,0,0,0,230,2,1.0,1.0,0.0,0.0,0.01,0.07,0.0,255,2,0.01,0.07,0.0,0.0,1.0,1.0,0.0,0.0,1,85833.0
0,1,22,9,328,1444,0,0,0,0,0,1,0,0,0,0,0,0,0,0,0,0,17,17,0.0,0.0,0.0,0.0,1.0,0.0,0.0,41,209,1.0,0.0,0.02,0.11,0.0,0.0,0.0,0.0,0,24881.0
0,1,44,1,0,0,0,0,0,0,0,0,0,0,0,0,0,0,0,0,0,0,229,1,0.11,0.0,0.88,1.0,0.0,1.0,0.0,255,1,0.0,0.96,0.0,0.0,0.1,0.0,0.8,1.0,1,64417.0
0,1,9,2,0,0,0,0,0,0,0,0,0,0,0,0,0,0,0,0,0,0,271,13,0.0,0.0,1.0,1.0,0.05,0.06,0.0,255,13,0.05,0.07,0.0,0.0,0.0,0.0,1.0,1.0,1,39048.0
0,1,22,9,213,285,0,0,0,0,0,1,0,0,0,0,0,0,0,0,0,0,20,20,0.0,0.0,0.0,0.0,1.0,0.0,0.0,163,255,1.0,0.0,0.01,0.01,0.0,0.0,0.0,0.0,0,57697.0
4,1,49,9,2172,341,0,0,0,0,0,1,0,0,0,0,0,0,0,0,0,0,1,1,0.0,0.0,0.0,0.0,1.0,0.0,0.0,231,145,0.6,0.03,0.0,0.01,0.0,0.0,0.0,0.0,0,69739.0
0,2,11,9,44,129,0,0,0,0,0,0,0,0,0,0,0,0,0,0,0,0,159,239,0.0,0.0,0.0,0.0,1.0,0.0,0.01,255,254,1.0,0.01,0.0,0.0,0.0,0.0,0.0,0.0,0,40595.0
0,1,44,5,0,0,0,0,0,0,0,0,0,0,0,0,0,0,0,0,0,0,121,20,1.0,1.0,0.0,0.0,0.17,0.06,0.0,144,1,0.01,0.11,0.01,0.0,1.0,1.0,0.0,0.0,1,119557.0
0,1,24,5,0,0,0,0,0,0,0,0,0,0,0,0,0,0,0,0,0,0,252,24,1.0,1.0,0.0,0.0,0.1,0.05,0.0,255,24,0.09,0.05,0.0,0.0,1.0,1.0,0.0,0.0,1,31686.0
0,1,34,5,0,0,0,0,0,0,0,0,0,0,0,0,0,0,0,0,0,0,271,3,1.0,1.0,0.0,0.0,0.01,0.06,0.0,255,3,0.01,0.07,0.0,0.0,1.0,1.0,0.0,0.0,1,16980.0
27,1,18,9,874,2586,0,0,0,18,0,1,0,0,0,0,0,0,0,0,0,1,1,1,0.0,0.0,0.0,0.0,1.0,0.0,0.0,208,37,0.18,0.04,0.0,0.0,0.0,0.0,0.01,0.05,0,59636.0
0,1,49,9,661,329,0,0,0,0,0,1,0,0,0,0,0,0,0,0,0,0,1,1,0.0,0.0,0.0,0.0,1.0,0.0,0.0,163,69,0.36,0.02,0.01,0.03,0.0,0.0,0.0,0.0,0,183.0
0,2,11,9,43,130,0,0,0,0,0,0,0,0,0,0,0,0,0,0,0,0,74,154,0.0,0.0,0.0,0.0,1.0,0.0,0.01,255,254,1.0,0.01,0.0,0.0,0.0,0.0,0.0,0.0,0,17852.0
0,1,22,9,217,2576,0,0,0,0,0,1,0,0,0,0,0,0,0,0,0,0,1,30,0.0,0.0,0.0,0.0,1.0,0.0,0.17,2,255,1.0,0.0,0.5,0.02,0.0,0.0,0.0,0.0,0,34449.0
0,0,13,9,8,0,0,0,0,0,0,0,0,0,0,0,0,0,0,0,0,0,1,16,0.0,0.0,0.0,0.0,1.0,0.0,1.0,2,62,1.0,0.0,1.0,0.5,0.0,0.0,0.0,0.0,1,96070.0
0,1,22,9,257,1650,0,0,0,0,0,1,0,0,0,0,0,0,0,0,0,0,7,7,0.0,0.0,0.0,0.0,1.0,0.0,0.0,255,246,0.96,0.02,0.0,0.0,0.0,0.0,0.0,0.0,0,1383.0
0,1,22,9,237,10432,0,0,0,0,0,1,0,0,0,0,0,0,1,0,0,0,2,3,0.0,0.0,0.0,0.0,1.0,0.0,0.67,6,255,1.0,0.0,0.17,0.03,0.0,0.0,0.0,0.0,0,11632.0
0,2,11,9,43,43,0,0,0,0,0,0,0,0,0,0,0,0,0,0,0,0,131,133,0.0,0.0,0.0,0.0,1.0,0.0,0.02,255,228,0.89,0.01,0.01,0.0,0.0,0.0,0.0,0.0,0,11166.0
0,1,22,9,190,1925,0,0,0,0,0,1,0,0,0,0,0,0,0,0,0,0,11,16,0.0,0.0,0.0,0.0,1.0,0.0,0.19,255,255,1.0,0.0,0.0,0.0,0.0,0.0,0.0,0.0,0,38156.0
2,1,49,9,1187,377,0,0,0,0,0,1,0,0,0,0,0,0,0,0,0,0,1,1,0.0,0.0,0.0,0.0,1.0,0.0,0.0,108,232,0.98,0.02,0.01,0.01,0.0,0.0,0.0,0.0,0,25424.0
0,1,22,9,144,29072,0,0,0,0,0,1,0,0,0,0,0,0,0,0,0,0,5,35,0.0,0.0,0.0,0.0,1.0,0.0,0.11,255,255,1.0,0.0,0.0,0.0,0.0,0.0,0.0,0.0,0,53310.0
0,1,43,2,0,0,0,0,0,0,0,0,0,0,0,0,0,0,0,0,0,0,125,16,0.0,0.0,1.0,1.0,0.13,0.07,0.0,255,16,0.06,0.06,0.0,0.0,0.0,0.0,1.0,1.0,1,66895.0
0,2,40,9,146,0,0,0,0,0,0,0,0,0,0,0,0,0,0,0,0,0,3,1,0.0,0.0,0.0,0.0,0.33,0.67,0.0,255,2,0.01,0.67,0.98,0.0,0.0,0.0,0.0,0.0,0,106265.0
0,1,2,5,0,0,0,0,0,0,0,0,0,0,0,0,0,0,0,0,0,0,256,13,1.0,1.0,0.0,0.0,0.05,0.06,0.0,255,13,0.05,0.07,0.0,0.0,1.0,1.0,0.0,0.0,1,45809.0
0,1,49,9,1812,325,0,0,0,0,0,1,0,0,0,0,0,0,0,0,0,0,1,1,0.0,0.0,0.0,0.0,1.0,0.0,0.0,174,152,0.65,0.03,0.01,0.01,0.0,0.01,0.0,0.0,0,108859.0
0,1,19,9,252,0,0,0,0,0,0,1,0,0,0,0,0,0,0,0,0,0,2,2,0.0,0.0,0.0,0.0,1.0,0.0,0.0,44,106,0.32,0.09,0.32,0.02,0.0,0.01,0.0,0.0,0,21329.0
0,1,40,1,0,0,0,0,0,0,0,0,0,0,0,0,0,0,0,0,0,0,351,1,0.06,0.0,0.9,1.0,0.0,1.0,0.0,255,1,0.0,1.0,0.0,0.0,0.08,0.0,0.9,1.0,1,7034.0
0,1,22,9,352,1701,0,0,0,0,0,1,0,0,0,0,0,0,0,0,0,0,7,8,0.0,0.0,0.0,0.0,1.0,0.0,0.25,154,255,1.0,0.0,0.01,0.02,0.0,0.0,0.0,0.0,0,79860.0
2,1,19,9,2194619,0,0,0,0,0,0,1,0,0,0,0,0,0,0,0,0,0,2,2,0.0,0.0,0.0,0.0,1.0,0.0,0.0,75,55,0.08,0.05,0.08,0.04,0.0,0.02,0.0,0.0,0,70467.0
0,1,22,9,209,2030,0,0,0,0,0,1,0,0,0,0,0,0,0,0,0,0,3,3,0.0,0.0,0.0,0.0,1.0,0.0,0.0,3,255,1.0,0.0,0.33,0.07,0.0,0.01,0.0,0.01,0,70950.0
0,1,44,1,0,0,0,0,0,0,0,0,0,0,0,0,0,0,0,0,0,0,2,1,0.0,0.0,1.0,1.0,0.5,1.0,0.0,250,1,0.0,0.12,0.09,0.0,0.0,0.0,0.1,1.0,1,108709.0
0,2,39,9,48,48,0,0,0,0,0,0,0,0,0,0,0,0,0,0,0,0,6,1,0.0,0.0,0.0,0.0,0.17,0.33,0.0,66,28,0.42,0.05,0.42,0.0,0.0,0.0,0.0,0.0,0,23498.0
0,1,22,9,246,387,0,0,0,0,0,1,0,0,0,0,0,0,0,0,0,0,12,22,0.0,0.0,0.0,0.0,1.0,0.0,0.14,255,255,1.0,0.0,0.0,0.0,0.0,0.0,0.0,0.0,0,84285.0
0,1,24,1,0,0,0,0,0,0,0,0,0,0,0,0,0,0,0,0,0,0,271,14,0.0,0.0,1.0,1.0,0.05,0.06,0.0,255,14,0.05,0.07,0.0,0.0,0.0,0.0,1.0,1.0,1,61932.0
0,1,57,5,0,0,0,0,0,0,0,0,0,0,0,0,0,0,0,0,0,0,22,2,1.0,1.0,0.0,0.0,0.09,0.14,0.0,255,2,0.01,0.09,0.0,0.0,1.0,1.0,0.0,0.0,1,7276.0
0,1,44,5,0,0,0,0,0,0,0,0,0,0,0,0,0,0,0,0,0,0,110,15,1.0,1.0,0.0,0.0,0.14,0.05,0.0,255,11,0.04,0.07,0.0,0.0,1.0,1.0,0.0,0.0,1,43671.0
0,1,10,1,0,0,0,0,0,0,0,0,0,0,0,0,0,0,0,0,0,0,212,1,0.0,0.0,1.0,1.0,0.0,0.07,0.0,255,1,0.0,0.08,0.0,0.0,0.0,0.0,1.0,1.0,1,103971.0
0,1,22,9,182,7051,0,0,0,0,0,1,0,0,0,0,0,0,0,0,0,0,10,11,0.1,0.09,0.0,0.0,1.0,0.0,0.18,10,255,1.0,0.0,0.1,0.03,0.1,0.01,0.0,0.0,0,65439.0
0,1,22,9,249,10478,0,0,0,0,0,1,0,0,0,0,0,0,0,0,0,0,20,2,0.0,0.0,0.0,0.0,0.1,0.1,0.0,255,228,0.89,0.01,0.0,0.0,0.0,0.0,0.0,0.0,0,51477.0
0,2,11,9,43,83,0,0,0,0,0,0,0,0,0,0,0,0,0,0,0,0,132,137,0.0,0.0,0.0,0.0,1.0,0.0,0.01,255,254,1.0,0.01,0.0,0.0,0.0,0.0,0.0,0.0,0,3855.0
0,1,22,9,329,6345,0,0,0,0,0,1,0,0,0,0,0,0,0,0,0,0,4,4,0.0,0.0,0.0,0.0,1.0,0.0,0.0,255,255,1.0,0.0,0.0,0.0,0.0,0.0,0.0,0.0,0,28241.0
0,1,17,5,0,0,0,0,0,0,0,0,0,0,0,0,0,0,0,0,0,0,3,2,1.0,1.0,0.0,0.0,0.67,0.67,0.0,255,74,0.29,0.02,0.01,0.0,1.0,1.0,0.0,0.0,1,55993.0
0,1,22,9,54540,8314,0,0,0,2,0,1,1,0,0,0,0,0,0,0,0,0,3,3,0.0,0.0,0.33,0.33,1.0,0.0,0.0,96,96,1.0,0.0,0.01,0.0,0.0,0.0,0.16,0.16,1,17514.0
500,2,40,9,147,105,0,0,0,0,0,0,0,0,0,0,0,0,0,0,0,0,1,1,0.0,0.0,0.0,0.0,1.0,0.0,0.0,255,1,0.0,0.62,0.87,0.0,0.0,0.0,0.0,0.0,0,87813.0
0,1,22,9,160,25429,0,0,0,0,0,1,0,0,0,0,0,0,0,0,0,0,1,1,0.0,0.0,0.0,0.0,1.0,0.0,0.0,1,132,1.0,0.0,1.0,0.09,0.0,0.01,0.0,0.0,0,88700.0
0,1,44,1,0,0,0,0,0,0,0,0,0,0,0,0,0,0,0,0,0,0,216,7,0.0,0.0,1.0,1.0,0.03,0.06,0.0,255,7,0.03,0.08,0.0,0.0,0.0,0.0,1.0,1.0,1,82898.0
0,1,40,1,0,0,0,0,0,0,0,0,0,0,0,0,0,0,0,0,0,0,509,1,0.23,0.0,0.77,1.0,0.0,1.0,0.0,255,1,0.0,1.0,0.0,0.0,0.15,0.0,0.85,1.0,1,76181.0
0,1,22,9,286,588,0,0,0,0,0,1,0,0,0,0,0,0,0,0,0,0,3,3,0.0,0.0,0.0,0.0,1.0,0.0,0.0,255,255,1.0,0.0,0.0,0.0,0.0,0.0,0.0,0.0,0,100718.0
0,1,22,9,226,891,0,0,0,0,0,1,0,0,0,0,0,0,0,0,0,0,2,2,0.0,0.0,0.0,0.0,1.0,0.0,0.0,76,255,1.0,0.0,0.01,0.04,0.0,0.0,0.0,0.0,0,75283.0
0,1,22,9,293,2844,0,0,0,0,0,1,0,0,0,0,0,0,0,0,0,0,1,11,0.0,0.0,0.0,0.0,1.0,0.0,0.27,1,255,1.0,0.0,1.0,0.07,0.0,0.0,0.0,0.0,0,92096.0
0,1,44,5,0,0,0,0,0,0,0,0,0,0,0,0,0,0,0,0,0,0,139,18,1.0,1.0,0.0,0.0,0.13,0.06,0.0,125,3,0.02,0.12,0.01,0.0,1.0,1.0,0.0,0.0,1,11074.0
0,1,22,9,259,5170,0,0,0,0,0,1,0,0,0,0,0,0,0,0,0,0,6,6,0.0,0.0,0.0,0.0,1.0,0.0,0.0,68,255,1.0,0.0,0.01,0.04,0.0,0.0,0.0,0.0,0,6990.0
0,1,22,9,252,2362,0,0,0,0,0,1,0,0,0,0,0,0,0,0,0,0,8,9,0.0,0.0,0.0,0.0,1.0,0.0,0.22,235,255,1.0,0.0,0.0,0.02,0.0,0.0,0.0,0.0,0,84425.0
0,1,44,1,0,0,0,0,0,0,0,0,0,0,0,0,0,0,0,0,0,0,125,2,0.0,0.0,1.0,1.0,0.02,0.07,0.0,255,2,0.01,0.07,0.0,0.0,0.0,0.0,1.0,1.0,1,91576.0
0,1,44,5,0,0,0,0,0,0,0,0,0,0,0,0,0,0,0,0,0,0,295,7,1.0,1.0,0.0,0.0,0.02,0.06,0.0,255,8,0.03,0.07,0.0,0.0,1.0,1.0,0.0,0.0,1,96156.0
0,1,4,5,0,0,0,0,0,0,0,0,0,0,0,0,0,0,0,0,0,0,278,13,1.0,1.0,0.0,0.0,0.05,0.05,0.0,255,13,0.05,0.07,0.0,0.0,1.0,1.0,0.0,0.0,1,62417.0
0,1,22,9,289,6329,0,0,0,0,0,1,0,0,0,0,0,0,0,0,0,0,9,9,0.0,0.0,0.0,0.0,1.0,0.0,0.0,255,255,1.0,0.0,0.0,0.0,0.0,0.0,0.0,0.0,0,97890.0
0,1,22,9,207,916,0,0,0,0,0,1,0,0,0,0,0,0,0,0,0,0,7,8,0.0,0.0,0.0,0.0,1.0,0.0,0.25,34,255,1.0,0.0,0.03,0.04,0.0,0.0,0.0,0.0,0,5759.0
0,0,14,9,1032,0,0,0,0,0,0,0,0,0,0,0,0,0,0,0,0,0,132,132,0.0,0.0,0.0,0.0,1.0,0.0,0.0,255,132,0.52,0.01,0.52,0.0,0.0,0.0,0.0,0.0,1,18053.0
0,1,2,5,0,0,0,0,0,0,0,0,0,0,0,0,0,0,0,0,0,0,229,1,1.0,1.0,0.0,0.0,0.0,0.06,0.0,255,1,0.0,0.07,0.0,0.0,1.0,1.0,0.0,0.0,1,100470.0
0,1,49,9,1513,324,0,0,0,0,0,1,0,0,0,0,0,0,0,0,0,0,1,1,0.0,0.0,0.0,0.0,1.0,0.0,0.0,112,226,0.86,0.04,0.01,0.01,0.0,0.0,0.0,0.0,0,68097.0
0,1,44,5,0,0,0,0,0,0,0,0,0,0,0,0,0,0,0,0,0,0,286,8,1.0,1.0,0.0,0.0,0.03,0.06,0.0,255,4,0.02,0.09,0.0,0.0,1.0,1.0,0.0,0.0,1,78733.0
0,1,44,1,0,0,0,0,0,0,0,0,0,0,0,0,0,0,0,0,0,0,92,9,0.0,0.0,1.0,1.0,0.1,0.08,0.0,255,8,0.03,0.08,0.0,0.0,0.0,0.0,1.0,1.0,1,43310.0
0,1,44,5,0,0,0,0,0,0,0,0,0,0,0,0,0,0,0,0,0,0,201,1,1.0,1.0,0.0,0.0,0.0,0.07,0.0,255,4,0.02,0.08,0.0,0.0,1.0,1.0,0.0,0.0,1,31239.0
0,1,44,5,0,0,0,0,0,0,0,0,0,0,0,0,0,0,0,0,0,0,218,20,1.0,1.0,0.0,0.0,0.09,0.06,0.0,255,16,0.06,0.07,0.0,0.0,1.0,1.0,0.0,0.0,1,58710.0
0,0,14,9,1032,0,0,0,0,0,0,0,0,0,0,0,0,0,0,0,0,0,511,511,0.0,0.0,0.0,0.0,1.0,0.0,0.0,255,78,0.31,0.02,0.31,0.0,0.02,0.0,0.0,0.0,1,30605.0
0,1,22,9,283,6071,0,0,0,0,0,1,0,0,0,0,0,0,0,0,0,0,1,1,0.0,0.0,0.0,0.0,1.0,0.0,0.0,57,214,1.0,0.0,0.02,0.04,0.02,0.0,0.0,0.0,0,86593.0
0,1,49,9,1564,330,0,0,0,0,0,1,0,0,0,0,0,0,0,0,0,0,1,1,0.0,0.0,0.0,0.0,1.0,0.0,0.0,127,163,0.53,0.06,0.01,0.01,0.0,0.0,0.0,0.0,0,25035.0
0,1,16,5,0,0,0,0,0,0,0,0,0,0,0,0,0,0,0,0,0,0,150,20,1.0,1.0,0.0,0.0,0.13,0.06,0.0,255,20,0.08,0.05,0.0,0.0,1.0,1.0,0.0,0.0,1,39470.0
0,1,22,9,295,14496,0,0,0,0,0,1,0,0,0,0,0,0,0,0,0,0,2,2,0.0,0.0,0.0,0.0,1.0,0.0,0.0,255,255,1.0,0.0,0.0,0.0,0.0,0.0,0.0,0.0,0,105814.0
0,1,22,9,225,2557,0,0,0,0,0,1,0,0,0,0,0,0,0,0,0,0,17,17,0.0,0.0,0.0,0.0,1.0,0.0,0.0,53,255,1.0,0.0,0.02,0.04,0.0,0.0,0.0,0.0,0,104488.0
0,2,44,9,105,147,0,0,0,0,0,0,0,0,0,0,0,0,0,0,0,0,1,1,0.0,0.0,0.0,0.0,1.0,0.0,0.0,7,7,1.0,0.0,0.14,0.0,0.0,0.0,0.0,0.0,0,29393.0
0,1,22,9,302,294,0,0,0,0,0,1,0,0,0,0,0,0,0,0,0,0,16,17,0.0,0.0,0.0,0.0,1.0,0.0,0.12,255,255,1.0,0.0,0.0,0.0,0.0,0.0,0.0,0.0,0,89320.0
0,1,49,9,2652,331,0,0,0,0,0,1,0,0,0,0,0,0,0,0,0,0,1,1,0.0,0.0,0.0,0.0,1.0,0.0,0.0,11,21,0.82,0.27,0.09,0.1,0.0,0.0,0.0,0.0,0,113762.0
0,1,22,9,283,917,0,0,0,0,0,1,0,0,0,0,0,0,0,0,0,0,7,36,0.0,0.0,0.0,0.0,1.0,0.0,0.14,28,255,1.0,0.0,0.04,0.05,0.0,0.0,0.0,0.0,0,60996.0
0,1,12,2,0,0,0,0,0,0,0,0,0,0,0,0,0,0,0,0,0,0,263,7,0.0,0.0,1.0,1.0,0.03,0.06,0.0,255,7,0.03,0.08,0.0,0.0,0.0,0.0,1.0,1.0,1,52752.0
0,1,22,9,224,7440,0,0,0,0,0,1,0,0,0,0,0,0,0,0,0,0,1,11,0.0,0.0,0.0,0.0,1.0,0.0,0.18,18,255,1.0,0.0,0.06,0.07,0.0,0.0,0.0,0.0,0,124808.0
0,1,19,9,88382,0,0,0,0,0,0,1,0,0,0,1,0,0,0,0,0,0,13,13,0.0,0.0,0.0,0.0,1.0,0.0,0.0,106,65,0.61,0.04,0.61,0.0,0.01,0.0,0.0,0.0,0,61310.0
0,1,22,9,353,7659,0,0,0,0,0,1,0,0,0,0,0,0,0,0,0,0,12,13,0.0,0.0,0.0,0.0,1.0,0.0,0.15,255,255,1.0,0.0,0.0,0.0,0.0,0.0,0.0,0.0,0,8036.0
0,1,22,9,211,9156,0,0,0,0,0,1,0,0,0,0,0,0,0,0,0,0,6,6,0.0,0.0,0.0,0.0,1.0,0.0,0.0,105,255,1.0,0.0,0.01,0.04,0.0,0.0,0.0,0.0,0,30865.0
0,1,22,9,235,882,0,0,0,0,0,1,0,0,0,0,0,0,0,0,0,0,30,30,0.0,0.0,0.0,0.0,1.0,0.0,0.0,47,255,1.0,0.0,0.02,0.01,0.0,0.0,0.0,0.0,0,94403.0
344,1,55,9,235,6842,0,0,0,0,0,1,3,0,0,0,0,0,0,0,0,0,1,1,0.0,0.0,0.0,0.0,1.0,0.0,0.0,255,17,0.07,0.06,0.0,0.0,0.75,0.0,0.01,0.12,0,78858.0
0,1,19,9,334,0,0,0,0,0,0,1,0,0,0,0,0,0,0,0,0,0,2,2,0.0,0.0,0.0,0.0,1.0,0.0,0.0,10,37,1.0,0.0,1.0,0.11,0.0,0.0,0.0,0.0,1,10579.0
0,1,44,5,0,0,0,0,0,0,0,0,0,0,0,0,0,0,0,0,0,0,368,1,0.06,1.0,0.92,0.0,0.0,1.0,0.0,255,1,0.0,1.0,0.0,0.0,0.09,1.0,0.91,0.0,1,20660.0
5410,1,40,4,1,0,0,0,0,0,0,0,0,0,0,0,0,0,0,0,0,0,2,2,0.0,0.0,1.0,1.0,1.0,0.0,0.0,255,2,0.01,0.74,1.0,0.0,0.0,0.0,1.0,1.0,1,15337.0
0,1,22,9,311,1905,0,0,0,0,0,1,0,0,0,0,0,0,0,0,0,0,31,34,0.0,0.0,0.0,0.0,1.0,0.0,0.06,255,255,1.0,0.0,0.0,0.0,0.0,0.0,0.0,0.0,0,78907.0
0,1,19,9,748,0,0,0,0,0,0,0,0,0,0,0,0,0,0,0,0,0,1,1,0.0,0.0,0.0,0.0,1.0,0.0,0.0,66,31,0.14,0.06,0.14,0.06,0.0,0.0,0.0,0.0,0,85709.0
0,1,19,9,4316,0,0,0,0,0,0,1,0,0,0,0,0,1,0,0,0,0,3,3,0.0,0.0,0.0,0.0,1.0,0.0,0.0,255,52,0.2,0.02,0.1,0.0,0.33,0.42,0.0,0.0,0,26815.0
0,2,11,9,43,72,0,0,0,0,0,0,0,0,0,0,0,0,0,0,0,0,284,284,0.0,0.0,0.0,0.0,1.0,0.0,0.0,255,254,1.0,0.01,0.0,0.0,0.0,0.0,0.0,0.0,0,50144.0
0,1,44,5,0,0,0,0,0,0,0,0,0,0,0,0,0,0,0,0,0,0,74,5,1.0,1.0,0.0,0.0,0.07,0.07,0.0,255,16,0.06,0.06,0.0,0.0,1.0,1.0,0.0,0.0,1,75364.0
0,1,22,9,222,5729,0,0,0,0,0,1,0,0,0,0,0,0,0,0,0,0,13,16,0.0,0.0,0.0,0.0,1.0,0.0,0.12,176,255,1.0,0.0,0.01,0.03,0.0,0.0,0.0,0.0,0,83539.0
0,2,11,9,42,71,0,0,0,0,0,0,0,0,0,0,0,0,0,0,0,0,126,126,0.0,0.0,0.0,0.0,1.0,0.0,0.0,255,255,1.0,0.0,0.01,0.0,0.0,0.0,0.0,0.0,0,101586.0
0,1,22,9,294,749,0,0,0,0,0,1,0,0,0,0,0,0,0,0,0,0,12,12,0.0,0.0,0.0,0.0,1.0,0.0,0.0,40,94,1.0,0.0,0.03,0.04,0.0,0.0,0.0,0.0,0,99782.0
0,1,44,5,0,0,0,0,0,0,0,0,0,0,0,0,0,0,0,0,0,0,101,16,1.0,1.0,0.0,0.0,0.16,0.06,0.0,255,3,0.01,0.08,0.0,0.0,1.0,1.0,0.0,0.0,1,107385.0
0,1,40,4,0,0,0,0,0,0,0,0,0,0,0,0,0,0,0,0,0,0,1,1,0.0,0.0,1.0,1.0,1.0,0.0,0.0,255,1,0.0,0.63,1.0,0.0,0.0,0.0,1.0,1.0,1,14403.0
0,0,14,9,1032,0,0,0,0,0,0,0,0,0,0,0,0,0,0,0,0,0,511,511,0.0,0.0,0.0,0.0,1.0,0.0,0.0,255,155,0.61,0.17,0.61,0.0,0.0,0.0,0.0,0.0,1,53857.0
0,1,22,9,263,14965,0,0,0,0,0,1,0,0,0,0,0,0,0,0,0,0,2,2,0.5,0.5,0.0,0.0,1.0,0.0,0.0,10,255,1.0,0.0,0.1,0.03,0.1,0.0,0.0,0.0,0,52773.0
0,1,49,9,727,338,0,0,0,0,0,1,0,0,0,0,0,0,0,0,0,0,1,1,0.0,0.0,0.0,0.0,1.0,0.0,0.0,35,165,0.57,0.09,0.03,0.01,0.0,0.0,0.0,0.04,0,93060.0
27321,1,44,4,1,0,0,0,0,0,0,0,0,0,0,0,0,0,0,0,0,0,2,2,0.0,0.0,1.0,1.0,1.0,0.0,0.0,255,2,0.01,0.74,1.0,0.0,0.0,0.0,1.0,1.0,1,112354.0
0,0,13,9,18,0,0,0,0,0,0,0,0,0,0,0,0,0,0,0,0,0,1,1,0.0,0.0,0.0,0.0,1.0,0.0,0.0,3,103,1.0,0.0,1.0,0.25,0.0,0.0,0.0,0.0,1,118745.0
0,2,11,9,32,48,0,0,0,0,0,0,0,0,0,0,0,0,0,0,0,0,5,11,0.0,0.0,0.0,0.0,1.0,0.0,0.27,32,234,1.0,0.0,1.0,0.01,0.0,0.0,0.0,0.0,0,4962.0
0,1,22,9,204,2714,0,0,0,0,0,1,0,0,0,0,0,0,0,0,0,0,10,10,0.0,0.0,0.0,0.0,1.0,0.0,0.0,171,255,1.0,0.0,0.01,0.03,0.0,0.0,0.0,0.0,0,21802.0
0,1,49,9,803,328,0,0,0,0,0,1,0,0,0,0,0,0,1,0,0,0,1,1,0.0,0.0,0.0,0.0,1.0,0.0,0.0,2,136,0.5,1.0,0.5,0.02,0.0,0.0,0.0,0.0,0,41412.0
0,1,40,1,0,0,0,0,0,0,0,0,0,0,0,0,0,0,0,0,0,0,511,1,0.21,0.0,0.79,1.0,0.0,1.0,0.0,255,1,0.0,1.0,0.0,0.0,0.23,0.0,0.77,1.0,1,118780.0
0,1,22,9,209,990,0,0,0,0,0,1,0,0,0,0,0,0,0,0,0,0,1,6,0.0,0.0,0.0,0.0,1.0,0.0,0.5,3,255,1.0,0.0,0.33,0.05,0.0,0.0,0.0,0.0,0,108974.0
28,1,18,9,1502,4152,0,0,0,30,0,1,0,0,0,0,0,0,0,0,0,1,1,1,0.0,0.0,0.0,0.0,1.0,0.0,0.0,53,13,0.25,0.11,0.02,0.0,0.0,0.0,0.0,0.0,0,12658.0
0,0,14,9,1032,0,0,0,0,0,0,0,0,0,0,0,0,0,0,0,0,0,511,511,0.0,0.0,0.0,0.0,1.0,0.0,0.0,255,184,0.72,0.02,0.72,0.0,0.0,0.0,0.0,0.0,1,102043.0
0,1,44,5,0,0,0,0,0,0,0,0,0,0,0,0,0,0,0,0,0,0,211,1,1.0,1.0,0.0,0.0,0.0,0.07,0.0,255,13,0.05,0.07,0.0,0.0,1.0,1.0,0.0,0.0,1,78559.0
0,1,22,9,319,12689,0,0,0,0,0,1,0,0,0,0,0,0,0,0,0,0,11,11,0.0,0.0,0.0,0.0,1.0,0.0,0.0,255,255,1.0,0.0,0.0,0.0,0.0,0.0,0.0,0.0,0,12219.0
0,1,22,9,306,1380,0,0,0,0,0,1,0,0,0,0,0,0,0,0,0,0,3,3,0.0,0.0,0.0,0.0,1.0,0.0,0.0,255,246,0.96,0.01,0.0,0.0,0.0,0.0,0.0,0.0,0,60496.0
0,1,25,5,0,0,0,0,0,0,0,0,0,0,0,0,0,0,0,0,0,0,205,18,1.0,1.0,0.0,0.0,0.09,0.06,0.0,255,18,0.07,0.06,0.0,0.0,1.0,1.0,0.0,0.0,1,14586.0
0,1,22,9,207,253,0,0,0,0,0,1,0,0,0,0,0,0,0,0,0,0,10,10,0.0,0.0,0.0,0.0,1.0,0.0,0.0,255,255,1.0,0.0,0.0,0.0,0.0,0.0,0.01,0.01,0,118537.0
0,2,11,9,44,137,0,0,0,0,0,0,0,0,0,0,0,0,0,0,0,0,15,95,0.0,0.0,0.0,0.0,0.93,0.13,0.02,255,239,0.94,0.01,0.0,0.0,0.0,0.0,0.0,0.0,0,68028.0
0,1,17,9,8,220,0,0,0,0,0,0,0,0,0,0,0,0,0,0,0,0,1,1,0.0,0.0,0.0,0.0,1.0,0.0,0.0,132,4,0.02,0.05,0.01,0.5,0.0,0.0,0.0,0.0,0,28235.0
0,1,21,5,0,0,0,0,0,0,0,0,0,0,0,0,0,0,0,0,0,0,225,19,1.0,1.0,0.0,0.0,0.08,0.06,0.0,255,19,0.07,0.07,0.0,0.0,1.0,1.0,0.0,0.0,1,124768.0
0,1,10,5,0,0,0,0,0,0,0,0,0,0,0,0,0,0,0,0,0,0,236,24,1.0,1.0,0.0,0.0,0.1,0.05,0.0,255,24,0.09,0.05,0.0,0.0,1.0,1.0,0.0,0.0,1,39009.0
0,1,7,1,0,0,0,0,0,0,0,0,0,0,0,0,0,0,0,0,0,0,214,7,0.0,0.0,1.0,1.0,0.03,0.07,0.0,255,7,0.03,0.08,0.0,0.0,0.0,0.0,1.0,1.0,1,108043.0
0,1,22,9,252,5318,0,0,0,0,0,1,0,0,0,0,0,0,0,0,0,0,2,3,0.0,0.0,0.0,0.0,1.0,0.0,0.67,115,255,1.0,0.0,0.01,0.03,0.0,0.01,0.01,0.03,0,72241.0
0,1,19,9,1690,0,0,0,0,0,0,1,0,0,0,0,0,0,0,0,0,0,4,4,0.0,0.0,0.0,0.0,1.0,0.0,0.0,15,92,0.67,0.2,0.67,0.02,0.0,0.0,0.0,0.0,0,41727.0
0,1,16,2,0,0,0,0,0,0,0,0,0,0,0,0,0,0,0,0,0,0,117,3,0.0,0.0,1.0,1.0,0.03,0.06,0.0,255,3,0.01,0.07,0.0,0.0,0.0,0.0,1.0,1.0,1,44484.0
0,1,10,5,0,0,0,0,0,0,0,0,0,0,0,0,0,0,0,0,0,0,289,18,1.0,1.0,0.0,0.0,0.06,0.06,0.0,255,11,0.04,0.08,0.0,0.0,1.0,1.0,0.0,0.0,1,92746.0
0,0,14,9,1032,0,0,0,0,0,0,0,0,0,0,0,0,0,0,0,0,0,511,511,0.0,0.0,0.0,0.0,1.0,0.0,0.0,211,66,0.31,0.01,0.31,0.0,0.0,0.0,0.0,0.0,1,121732.0
0,1,22,9,305,528,0,0,0,0,0,1,0,0,0,0,0,0,0,0,0,0,2,14,0.0,0.0,0.0,0.0,1.0,0.0,0.14,41,255,1.0,0.0,0.02,0.09,0.0,0.0,0.0,0.0,0,73170.0
0,2,11,9,44,89,0,0,0,0,0,0,0,0,0,0,0,0,0,0,0,0,176,176,0.0,0.0,0.0,0.0,1.0,0.0,0.0,255,250,0.98,0.01,0.01,0.0,0.0,0.0,0.0,0.0,0,2113.0
0,2,11,9,45,45,0,0,0,0,0,0,0,0,0,0,0,0,0,0,0,0,138,138,0.0,0.0,0.0,0.0,1.0,0.0,0.0,255,255,1.0,0.0,0.0,0.0,0.0,0.0,0.0,0.0,0,76177.0
0,2,11,9,46,46,0,0,0,0,0,0,0,0,0,0,0,0,0,0,0,0,157,156,0.0,0.0,0.0,0.0,0.99,0.01,0.0,255,254,1.0,0.01,0.0,0.0,0.0,0.0,0.0,0.0,0,16721.0
0,1,55,2,126,179,0,0,0,1,1,0,0,0,0,0,0,0,0,0,0,0,1,1,0.0,0.0,1.0,1.0,1.0,0.0,0.0,49,49,1.0,0.0,0.02,0.0,0.04,0.04,0.96,0.96,1,57517.0
0,1,44,4,0,0,0,0,0,0,0,0,0,0,0,0,0,0,0,0,0,0,1,1,0.0,0.0,1.0,1.0,1.0,0.0,0.0,246,1,0.0,0.34,0.32,0.0,0.0,0.0,0.32,1.0,1,121673.0
0,1,22,9,253,327,0,0,0,0,0,1,0,0,0,0,0,0,0,0,0,0,15,18,0.0,0.0,0.0,0.0,1.0,0.0,0.17,33,255,1.0,0.0,0.03,0.02,0.0,0.0,0.0,0.0,0,54551.0
0,1,54,5,0,0,0,0,0,0,0,0,0,0,0,0,0,0,0,0,0,0,277,16,1.0,1.0,0.0,0.0,0.06,0.06,0.0,255,5,0.02,0.08,0.0,0.0,1.0,1.0,0.0,0.0,1,50688.0
0,1,44,1,0,0,0,0,0,0,0,0,0,0,0,0,0,0,0,0,0,0,59,1,0.0,0.0,1.0,1.0,0.02,0.1,0.0,255,1,0.0,0.06,0.0,0.0,0.0,0.0,1.0,1.0,1,120687.0
0,1,22,9,248,2278,0,0,0,0,0,1,0,0,0,0,0,0,0,0,0,0,9,9,0.0,0.0,0.0,0.0,1.0,0.0,0.0,255,255,1.0,0.0,0.0,0.0,0.01,0.01,0.0,0.0,0,114976.0
0,1,22,1,0,0,0,0,0,0,0,0,0,0,0,0,0,0,0,0,0,0,20,20,0.0,0.0,0.85,0.85,1.0,0.0,0.0,30,205,1.0,0.0,0.03,0.2,0.0,0.0,0.9,0.94,0,113397.0
0,1,22,9,338,819,0,0,0,0,0,1,0,0,0,0,0,0,0,0,0,0,16,22,0.0,0.0,0.0,0.0,1.0,0.0,0.09,240,255,1.0,0.0,0.0,0.01,0.0,0.0,0.0,0.0,0,123011.0
0,1,29,5,0,0,0,0,0,0,0,0,0,0,0,0,0,0,0,0,0,0,241,22,1.0,1.0,0.0,0.0,0.09,0.06,0.0,255,22,0.09,0.07,0.0,0.0,1.0,1.0,0.0,0.0,1,28084.0
0,1,17,5,0,0,0,0,0,0,0,0,0,0,0,0,0,0,0,0,0,0,244,10,1.0,1.0,0.0,0.0,0.04,0.06,0.0,255,10,0.04,0.08,0.0,0.0,1.0,1.0,0.0,0.0,1,12800.0
0,1,60,5,0,0,0,0,0,0,0,0,0,0,0,0,0,0,0,0,0,0,250,2,1.0,1.0,0.0,0.0,0.01,0.06,0.0,255,18,0.07,0.06,0.0,0.0,1.0,1.0,0.0,0.0,1,121846.0
0,1,22,9,231,2507,0,0,0,0,0,1,0,0,0,0,0,0,0,0,0,0,7,7,0.0,0.0,0.0,0.0,1.0,0.0,0.0,255,247,0.97,0.01,0.0,0.0,0.0,0.0,0.0,0.0,0,124014.0
0,2,11,9,44,133,0,0,0,0,0,0,0,0,0,0,0,0,0,0,0,0,77,159,0.0,0.0,0.0,0.0,1.0,0.0,0.03,255,254,1.0,0.01,0.0,0.0,0.0,0.0,0.0,0.0,0,22890.0
3,1,49,9,13785,1361,0,0,0,0,0,1,0,0,0,0,0,0,0,0,0,0,1,1,0.0,0.0,0.0,0.0,1.0,0.0,0.0,128,209,0.66,0.02,0.01,0.01,0.0,0.0,0.0,0.0,0,96940.0
0,1,49,9,914,327,0,0,0,0,0,1,0,0,0,0,0,0,0,0,0,0,1,1,0.0,0.0,0.0,0.0,1.0,0.0,0.0,18,173,1.0,0.0,0.06,0.02,0.0,0.0,0.0,0.0,0,93566.0
0,1,22,9,221,2855,0,0,0,0,0,1,0,0,0,0,0,0,0,0,0,0,13,21,0.0,0.0,0.0,0.0,1.0,0.0,0.14,27,255,1.0,0.0,0.04,0.01,0.0,0.0,0.0,0.0,0,92040.0
0,1,19,9,1470,0,0,0,0,0,0,1,0,0,0,0,0,0,0,0,0,0,3,9,0.0,0.0,0.0,0.0,1.0,0.0,0.22,125,44,0.22,0.03,0.22,0.05,0.0,0.0,0.0,0.0,0,112495.0
0,1,44,5,0,0,0,0,0,0,0,0,0,0,0,0,0,0,0,0,0,0,119,1,1.0,1.0,0.0,0.0,0.01,0.08,0.0,255,2,0.01,0.06,0.0,0.0,1.0,1.0,0.0,0.0,1,2187.0
0,1,22,9,199,12161,0,0,0,0,0,1,0,0,0,0,0,0,0,0,0,0,12,12,0.0,0.0,0.0,0.0,1.0,0.0,0.0,255,255,1.0,0.0,0.0,0.0,0.0,0.0,0.0,0.0,0,116518.0
0,1,44,1,0,0,0,0,0,0,0,0,0,0,0,0,0,0,0,0,0,0,278,1,0.03,0.0,0.95,1.0,0.0,1.0,0.0,255,1,0.0,0.97,0.0,0.0,0.04,0.0,0.92,1.0,1,118228.0
0,0,14,9,1032,0,0,0,0,0,0,0,0,0,0,0,0,0,0,0,0,0,486,486,0.0,0.0,0.0,0.0,1.0,0.0,0.0,255,255,1.0,0.0,1.0,0.0,0.0,0.0,0.0,0.0,1,426.0
0,1,22,9,217,2794,0,0,0,0,0,1,0,0,0,0,0,0,0,0,0,0,6,7,0.0,0.0,0.0,0.0,1.0,0.0,0.29,39,255,1.0,0.0,0.03,0.04,0.0,0.0,0.0,0.0,0,30075.0
0,1,7,5,0,0,0,0,0,0,0,0,0,0,0,0,0,0,0,0,0,0,212,17,1.0,1.0,0.0,0.0,0.08,0.06,0.0,255,8,0.03,0.07,0.0,0.0,1.0,1.0,0.0,0.0,1,89777.0
0,1,22,9,221,965,0,0,0,0,0,1,0,0,0,0,0,0,0,0,0,0,10,10,0.0,0.0,0.0,0.0,1.0,0.0,0.0,59,255,1.0,0.0,0.02,0.02,0.0,0.0,0.0,0.0,0,82844.0
0,0,13,9,18,0,0,0,0,0,0,0,0,0,0,0,0,0,0,0,0,0,1,1,0.0,0.0,0.0,0.0,1.0,0.0,0.0,2,226,1.0,0.0,1.0,0.25,0.0,0.0,0.0,0.0,1,57287.0
3,1,49,9,2104,377,0,0,0,0,0,1,0,0,0,0,0,0,0,0,0,0,1,3,0.0,0.0,0.0,0.0,1.0,0.0,1.0,128,139,0.72,0.02,0.01,0.01,0.0,0.0,0.0,0.0,0,67660.0
0,1,44,5,0,0,0,0,0,0,0,0,0,0,0,0,0,0,0,0,0,0,129,11,1.0,1.0,0.0,0.0,0.09,0.05,0.0,255,12,0.05,0.07,0.0,0.0,1.0,1.0,0.0,0.0,1,123634.0
0,0,58,9,128,0,0,0,0,0,0,0,0,0,0,0,0,0,0,0,0,0,1,1,0.0,0.0,0.0,0.0,1.0,0.0,0.0,23,8,0.04,0.13,0.04,0.25,0.0,0.0,0.0,0.0,0,53747.0
0,1,22,9,197,2909,0,0,0,0,0,1,0,0,0,0,0,0,0,0,0,0,2,19,0.0,0.0,0.0,0.0,1.0,0.0,0.16,229,255,1.0,0.0,0.0,0.02,0.0,0.0,0.0,0.0,0,48652.0
0,1,19,9,4753,0,0,0,0,0,0,1,0,0,0,0,0,1,0,0,0,0,18,18,0.0,0.0,0.0,0.0,1.0,0.0,0.0,255,65,0.25,0.02,0.16,0.0,0.27,0.31,0.0,0.0,0,17076.0
20226,2,40,9,146,105,0,0,0,0,0,0,0,0,0,0,0,0,0,0,0,0,3,1,0.0,0.0,0.0,0.0,0.33,0.67,0.0,255,1,0.0,0.86,1.0,0.0,0.0,0.0,0.0,0.0,0,112392.0
0,1,44,1,0,0,0,0,0,0,0,0,0,0,0,0,0,0,0,0,0,0,1,1,0.0,0.0,1.0,1.0,1.0,0.0,0.0,49,2,0.02,1.0,0.02,1.0,0.0,0.0,0.96,1.0,1,41148.0
0,1,22,9,230,2770,0,0,0,0,0,1,0,0,0,0,0,0,0,0,0,0,35,35,0.0,0.0,0.0,0.0,1.0,0.0,0.0,40,255,1.0,0.0,0.03,0.03,0.0,0.0,0.0,0.0,0,30493.0
0,1,19,9,10073,0,0,0,0,0,0,0,0,0,0,0,0,0,0,0,0,0,22,22,0.0,0.0,0.0,0.0,1.0,0.0,0.0,193,74,0.38,0.03,0.38,0.0,0.0,0.0,0.0,0.0,0,44162.0
0,2,11,9,45,135,0,0,0,0,0,0,0,0,0,0,0,0,0,0,0,0,99,179,0.0,0.0,0.0,0.0,1.0,0.0,0.01,255,255,1.0,0.0,0.0,0.0,0.0,0.0,0.0,0.0,0,57654.0
0,1,22,9,202,14074,0,0,0,0,0,1,0,0,0,0,0,0,0,0,0,0,1,3,0.0,0.0,0.0,0.0,1.0,0.0,0.67,255,255,1.0,0.0,0.0,0.0,0.01,0.01,0.0,0.0,0,76622.0
0,1,22,9,244,302,0,0,0,0,0,1,0,0,0,0,0,0,0,0,0,0,6,6,0.0,0.0,0.0,0.0,1.0,0.0,0.0,30,255,1.0,0.0,0.03,0.1,0.0,0.0,0.0,0.0,0,118418.0
0,1,22,1,0,0,0,0,0,0,0,0,0,0,0,0,0,0,0,0,0,0,1,3,0.0,0.0,1.0,1.0,1.0,0.0,1.0,1,231,1.0,0.0,1.0,0.15,0.0,0.0,1.0,0.98,0,45046.0
0,1,44,5,0,0,0,0,0,0,0,0,0,0,0,0,0,0,0,0,0,0,120,5,1.0,1.0,0.0,0.0,0.04,0.07,0.0,255,8,0.03,0.07,0.0,0.0,1.0,1.0,0.0,0.0,1,123051.0
0,1,49,9,898,331,0,0,0,0,0,1,0,0,0,0,0,0,0,0,0,0,1,1,0.0,0.0,0.0,0.0,1.0,0.0,0.0,236,165,0.63,0.02,0.0,0.01,0.0,0.0,0.0,0.0,0,56638.0
0,1,22,9,299,17090,0,0,0,0,0,1,0,0,0,0,0,0,0,0,0,0,7,7,0.0,0.0,0.0,0.0,1.0,0.0,0.0,19,255,1.0,0.0,0.05,0.02,0.0,0.01,0.0,0.0,0,110960.0
0,1,40,9,26408,0,0,0,0,0,0,1,0,0,0,0,0,0,0,0,0,0,8,1,0.12,0.0,0.0,0.0,0.12,0.75,0.0,102,1,0.01,0.09,0.43,0.0,0.01,0.0,0.01,0.0,0,18190.0
0,1,22,9,355,1320,0,0,0,0,0,1,0,0,0,0,0,0,0,0,0,0,8,11,0.0,0.0,0.0,0.0,1.0,0.0,0.27,255,255,1.0,0.0,0.01,0.0,0.0,0.0,0.0,0.0,0,71617.0
0,2,11,9,46,46,0,0,0,0,0,0,0,0,0,0,0,0,0,0,0,0,157,157,0.0,0.0,0.0,0.0,1.0,0.0,0.0,255,249,0.98,0.01,0.0,0.0,0.0,0.0,0.0,0.0,0,105209.0
0,1,26,5,0,0,0,0,0,0,0,0,0,0,0,0,0,0,0,0,0,0,106,24,1.0,1.0,0.0,0.0,0.23,0.05,0.0,255,24,0.09,0.05,0.0,0.0,1.0,1.0,0.0,0.0,1,108239.0
0,0,14,9,1480,0,0,1,0,0,0,0,0,0,0,0,0,0,0,0,0,0,1,1,0.0,0.0,0.0,0.0,1.0,0.0,0.0,1,7,1.0,0.0,1.0,0.57,0.0,0.0,0.0,0.0,1,41623.0
2638,2,40,9,146,105,0,0,0,0,0,0,0,0,0,0,0,0,0,0,0,0,1,1,0.0,0.0,0.0,0.0,1.0,0.0,0.0,255,1,0.0,0.87,0.98,0.0,0.0,0.0,0.0,0.0,0,82196.0
0,2,44,9,1,0,0,0,0,0,0,0,0,0,0,0,0,0,0,0,0,0,19,4,0.0,0.0,0.0,0.0,0.21,0.16,0.0,255,4,0.02,0.91,0.1,0.0,0.16,0.0,0.75,0.0,1,1718.0
0,1,22,9,223,1415,0,0,0,0,0,1,0,0,0,0,0,0,0,0,0,0,10,15,0.0,0.0,0.0,0.0,1.0,0.0,0.13,255,255,1.0,0.0,0.0,0.0,0.0,0.0,0.0,0.0,0,98754.0
0,1,19,9,3468,0,0,0,0,0,0,0,0,0,0,0,0,0,0,0,0,0,24,24,0.0,0.0,0.0,0.0,1.0,0.0,0.0,217,69,0.32,0.03,0.32,0.0,0.0,0.0,0.0,0.0,0,69752.0
0,2,44,9,105,145,0,0,0,0,0,0,0,0,0,0,0,0,0,0,0,0,1,1,0.0,0.0,0.0,0.0,1.0,0.0,0.0,7,7,1.0,0.0,0.14,0.0,0.0,0.0,0.0,0.0,0,114474.0
0,1,22,9,243,617,0,0,0,0,0,1,0,0,0,0,0,0,0,0,0,0,6,6,0.0,0.0,0.0,0.0,1.0,0.0,0.0,255,255,1.0,0.0,0.0,0.0,0.0,0.0,0.0,0.0,0,43254.0
0,1,22,4,21048,8314,0,0,0,2,0,1,1,0,0,0,0,0,0,0,0,0,2,2,0.0,0.0,1.0,1.0,1.0,0.0,0.0,255,255,1.0,0.0,0.0,0.0,0.01,0.01,0.05,0.05,1,72496.0
0,1,44,4,0,0,0,0,0,0,0,0,0,0,0,0,0,0,0,0,0,0,2,1,0.0,0.0,0.5,1.0,0.5,1.0,0.0,255,1,0.0,0.84,0.83,0.0,0.0,0.0,0.83,1.0,1,43658.0
0,1,22,1,0,0,0,0,0,0,0,0,0,0,0,0,0,0,0,0,0,0,1,5,0.0,0.8,1.0,0.2,1.0,0.0,0.4,2,255,1.0,0.0,0.5,0.13,0.0,0.0,1.0,0.8,0,45486.0
0,1,60,5,0,0,0,0,0,0,0,0,0,0,0,0,0,0,0,0,0,0,264,15,1.0,1.0,0.0,0.0,0.06,0.05,0.0,255,15,0.06,0.05,0.0,0.0,1.0,1.0,0.0,0.0,1,90201.0
0,1,40,1,0,0,0,0,0,0,0,0,0,0,0,0,0,0,0,0,0,0,510,1,0.07,0.0,0.93,1.0,0.0,1.0,0.0,255,1,0.0,1.0,0.0,0.0,0.02,0.0,0.98,1.0,1,9655.0
0,1,44,5,0,0,0,0,0,0,0,0,0,0,0,0,0,0,0,0,0,0,207,18,1.0,1.0,0.0,0.0,0.09,0.05,0.0,255,3,0.01,0.08,0.0,0.0,1.0,1.0,0.0,0.0,1,35625.0
41659,1,44,4,1,0,0,0,0,0,0,0,0,0,0,0,0,0,0,0,0,0,2,2,0.0,0.0,1.0,1.0,1.0,0.0,0.0,230,2,0.01,0.24,0.48,0.0,0.0,0.0,0.48,1.0,1,64081.0
0,1,22,9,217,999,0,0,0,0,0,1,0,0,0,0,0,0,0,0,0,0,22,22,0.0,0.0,0.0,0.0,1.0,0.0,0.0,255,255,1.0,0.0,0.0,0.0,0.0,0.0,0.0,0.0,0,104602.0
0,1,22,9,219,356,0,0,0,0,0,1,0,0,0,0,0,0,0,0,0,0,13,13,0.0,0.0,0.0,0.0,1.0,0.0,0.0,37,255,1.0,0.0,0.03,0.01,0.0,0.0,0.0,0.0,0,115821.0
0,1,22,9,337,1158,0,0,0,0,0,1,0,0,0,0,0,0,0,0,0,0,15,17,0.0,0.0,0.0,0.0,1.0,0.0,0.12,240,255,1.0,0.0,0.0,0.01,0.0,0.0,0.0,0.0,0,43176.0
0,0,14,9,1032,0,0,0,0,0,0,0,0,0,0,0,0,0,0,0,0,0,207,207,0.0,0.0,0.0,0.0,1.0,0.0,0.0,255,207,0.81,0.01,0.81,0.0,0.0,0.0,0.0,0.0,1,57452.0
0,0,13,9,8,0,0,0,0,0,0,0,0,0,0,0,0,0,0,0,0,0,1,18,0.0,0.0,0.0,0.0,1.0,0.0,1.0,2,56,1.0,0.0,1.0,0.5,0.0,0.0,0.0,0.0,1,104441.0
15400,2,40,9,146,105,0,0,0,0,0,0,0,0,0,0,0,0,0,0,0,0,4,2,0.0,0.0,0.0,0.0,0.5,0.5,0.0,255,3,0.01,0.65,0.96,0.0,0.0,0.0,0.0,0.0,0,33238.0
0,1,62,5,0,0,0,0,0,0,0,0,0,0,0,0,0,0,0,0,0,0,201,9,1.0,1.0,0.0,0.0,0.04,0.05,0.0,255,9,0.04,0.05,0.0,0.0,1.0,1.0,0.0,0.0,1,36315.0
0,1,7,5,0,0,0,0,0,0,0,0,0,0,0,0,0,0,0,0,0,0,238,17,1.0,1.0,0.0,0.0,0.07,0.06,0.0,255,17,0.07,0.06,0.0,0.0,1.0,1.0,0.0,0.0,1,122959.0
0,1,22,9,198,362,0,0,0,0,0,1,0,0,0,0,0,0,0,0,0,0,9,10,0.0,0.0,0.0,0.0,1.0,0.0,0.2,244,255,1.0,0.0,0.0,0.01,0.0,0.0,0.0,0.0,0,104571.0
0,1,17,9,6,168,0,0,0,0,0,0,0,0,0,0,0,0,0,0,0,0,1,1,0.0,0.0,0.0,0.0,1.0,0.0,0.0,76,7,0.03,0.05,0.01,0.29,0.0,0.0,0.0,0.0,0,55135.0
0,1,3,5,0,0,0,0,0,0,0,0,0,0,0,0,0,0,0,0,0,0,243,20,1.0,1.0,0.0,0.0,0.08,0.06,0.0,255,20,0.08,0.07,0.0,0.0,1.0,1.0,0.0,0.0,1,45837.0
0,1,35,5,0,0,0,0,0,0,0,0,0,0,0,0,0,0,0,0,0,0,241,19,1.0,1.0,0.0,0.0,0.08,0.05,0.0,255,19,0.07,0.07,0.0,0.0,1.0,1.0,0.0,0.0,1,6999.0
0,1,57,2,0,0,0,0,0,0,0,0,0,0,0,0,0,0,0,0,0,0,126,11,0.0,0.0,1.0,1.0,0.09,0.06,0.0,255,11,0.04,0.07,0.0,0.0,0.0,0.0,1.0,1.0,1,97361.0
0,2,11,9,45,132,0,0,0,0,0,0,0,0,0,0,0,0,0,0,0,0,292,292,0.0,0.0,0.0,0.0,1.0,0.0,0.0,255,251,0.98,0.01,0.0,0.0,0.0,0.0,0.0,0.0,0,41612.0
0,1,44,1,0,0,0,0,0,0,0,0,0,0,0,0,0,0,0,0,0,0,296,20,0.0,0.0,1.0,1.0,0.07,0.05,0.0,255,20,0.08,0.07,0.0,0.0,0.0,0.0,1.0,1.0,1,117454.0
0,1,22,9,172,2595,0,0,0,0,0,1,0,0,0,0,0,0,0,0,0,0,1,1,0.0,0.0,0.0,0.0,1.0,0.0,0.0,31,255,1.0,0.0,0.03,0.02,0.0,0.0,0.0,0.0,0,21175.0
0,1,22,9,244,5637,0,0,0,0,0,1,0,0,0,0,0,0,0,0,0,0,14,14,0.0,0.0,0.0,0.0,1.0,0.0,0.0,255,255,1.0,0.0,0.0,0.0,0.0,0.0,0.0,0.0,0,12372.0
3,1,49,9,1114,326,0,0,0,0,0,1,0,0,0,0,0,0,0,0,0,0,1,2,0.0,0.0,0.0,0.0,1.0,0.0,1.0,100,115,0.52,0.04,0.01,0.02,0.0,0.0,0.0,0.0,0,108258.0
0,1,22,9,330,1161,0,0,0,0,0,1,0,0,0,0,0,0,0,0,0,0,18,20,0.0,0.0,0.0,0.0,1.0,0.0,0.15,52,215,1.0,0.0,0.02,0.03,0.0,0.0,0.0,0.0,0,112834.0
37,1,55,9,151,10059,0,0,0,0,0,1,0,0,0,0,0,0,0,0,0,0,1,1,0.0,0.0,0.0,0.0,1.0,0.0,0.0,1,5,1.0,0.0,1.0,0.6,0.0,0.0,0.0,0.0,0,81438.0
0,0,13,9,8,0,0,0,0,0,0,0,0,0,0,0,0,0,0,0,0,0,1,26,0.0,0.0,0.0,0.0,1.0,0.0,1.0,2,88,1.0,0.0,1.0,0.5,0.0,0.0,0.0,0.0,1,37804.0
4661,1,40,4,1,0,0,0,0,0,0,0,0,0,0,0,0,0,0,0,0,0,2,2,0.0,0.0,1.0,1.0,1.0,0.0,0.0,255,2,0.01,0.74,1.0,0.0,0.0,0.0,1.0,1.0,1,24381.0
0,1,15,5,0,0,0,0,0,0,0,0,0,0,0,0,0,0,0,0,0,0,119,4,1.0,1.0,0.0,0.0,0.03,0.07,0.0,255,4,0.02,0.07,0.0,0.0,1.0,1.0,0.0,0.0,1,18723.0
0,1,22,9,281,10352,0,0,0,0,0,1,0,0,0,0,0,0,0,0,0,0,11,11,0.0,0.0,0.0,0.0,1.0,0.0,0.0,45,255,1.0,0.0,0.02,0.07,0.0,0.0,0.0,0.0,0,17921.0
0,1,22,9,223,944,0,0,0,0,0,1,0,0,0,0,0,0,0,0,0,0,7,11,0.0,0.0,0.0,0.0,1.0,0.0,0.36,255,255,1.0,0.0,0.0,0.0,0.0,0.0,0.0,0.0,0,93125.0
0,1,22,1,0,0,0,0,0,0,0,0,0,0,0,0,0,0,0,0,0,0,1,1,0.0,0.0,1.0,1.0,1.0,0.0,0.0,73,54,0.74,0.03,0.01,0.0,0.0,0.0,0.74,1.0,0,92813.0
0,1,49,9,19749,394,0,0,0,0,0,1,0,0,0,0,0,0,0,0,0,0,2,2,0.0,0.0,0.0,0.0,1.0,0.0,0.0,21,105,0.81,0.14,0.05,0.02,0.0,0.0,0.0,0.0,0,53229.0
0,1,7,1,0,0,0,0,0,0,0,0,0,0,0,0,0,0,0,0,0,0,242,9,0.0,0.0,1.0,1.0,0.04,0.07,0.0,255,9,0.04,0.07,0.0,0.0,0.0,0.0,1.0,1.0,1,62323.0
0,1,21,5,0,0,0,0,0,0,0,0,0,0,0,0,0,0,0,0,0,0,206,6,1.0,1.0,0.0,0.0,0.03,0.06,0.0,255,10,0.04,0.08,0.0,0.0,1.0,1.0,0.0,0.0,1,47790.0
0,1,22,9,335,652,0,0,0,0,0,1,0,0,0,0,0,0,0,0,0,0,2,2,0.0,0.0,0.0,0.0,1.0,0.0,0.0,10,255,1.0,0.0,0.1,0.02,0.0,0.0,0.0,0.01,0,12224.0
0,2,44,9,105,146,0,0,0,0,0,0,0,0,0,0,0,0,0,0,0,0,3,1,0.0,0.0,0.0,0.0,0.33,1.0,0.0,255,230,0.9,0.01,0.0,0.0,0.0,0.0,0.0,0.0,0,123863.0
0,2,40,9,516,4,0,0,0,0,0,0,0,0,0,0,0,0,0,0,0,0,434,434,0.0,0.0,0.0,0.0,1.0,0.0,0.0,255,255,1.0,0.0,1.0,0.0,0.0,0.0,0.0,0.0,0,102522.0
0,1,38,5,0,0,0,0,0,0,0,0,0,0,0,0,0,0,0,0,0,0,241,1,1.0,1.0,0.0,0.0,0.0,0.06,0.0,255,17,0.07,0.07,0.0,0.0,1.0,1.0,0.0,0.0,1,103915.0
0,1,44,5,0,0,0,0,0,0,0,0,0,0,0,0,0,0,0,0,0,0,296,20,1.0,1.0,0.0,0.0,0.07,0.06,0.0,255,38,0.15,0.05,0.0,0.0,1.0,1.0,0.0,0.0,1,13222.0
2,1,19,9,2194619,0,0,0,0,0,0,1,0,0,0,0,0,0,0,0,0,0,1,1,0.0,0.0,0.0,0.0,1.0,0.0,0.0,54,89,0.54,0.11,0.54,0.02,0.0,0.0,0.0,0.0,0,107137.0
0,1,22,4,54540,8315,0,0,0,1,0,1,0,0,0,0,0,0,0,0,0,0,4,4,0.0,0.0,0.25,0.25,1.0,0.0,0.0,255,255,1.0,0.0,0.0,0.0,0.0,0.0,0.05,0.05,1,77262.0
0,1,22,9,303,6152,0,0,0,0,0,1,0,0,0,0,0,0,0,0,0,0,8,8,0.0,0.0,0.0,0.0,1.0,0.0,0.0,8,255,1.0,0.0,0.12,0.01,0.0,0.01,0.0,0.0,0,117293.0
0,1,44,5,0,0,0,0,0,0,0,0,0,0,0,0,0,0,0,0,0,0,178,8,1.0,1.0,0.0,0.0,0.04,0.06,0.0,255,20,0.08,0.06,0.0,0.0,1.0,1.0,0.0,0.0,1,57246.0
3,1,49,9,2346,328,0,0,0,0,0,1,0,0,0,0,0,0,0,0,0,0,1,2,0.0,0.0,0.0,0.0,1.0,0.0,1.0,191,123,0.64,0.03,0.01,0.0,0.0,0.0,0.0,0.0,0,97219.0
0,1,22,9,272,4841,0,0,0,0,0,1,0,0,0,0,0,0,0,0,0,0,2,8,0.0,0.0,0.0,0.0,1.0,0.0,0.25,255,255,1.0,0.0,0.0,0.0,0.0,0.0,0.0,0.0,0,42097.0
0,1,22,9,273,365,0,0,0,0,0,1,0,0,0,0,0,0,0,0,0,0,1,1,0.0,0.0,0.0,0.0,1.0,0.0,0.0,255,255,1.0,0.0,0.0,0.0,0.0,0.0,0.0,0.0,0,84311.0
0,1,22,9,372,8981,0,0,0,0,0,1,0,0,0,0,0,0,0,0,0,0,1,1,0.0,0.0,0.0,0.0,1.0,0.0,0.0,58,255,1.0,0.0,0.02,0.04,0.0,0.0,0.0,0.0,0,109762.0
0,1,22,9,216,990,0,0,0,0,0,1,0,0,0,0,0,0,0,0,0,0,13,13,0.0,0.0,0.0,0.0,1.0,0.0,0.0,150,255,1.0,0.0,0.01,0.01,0.0,0.0,0.0,0.0,0,11025.0
0,0,13,9,8,0,0,0,0,0,0,0,0,0,0,0,0,0,0,0,0,0,1,27,0.0,0.0,0.0,0.0,1.0,0.0,1.0,1,209,1.0,0.0,1.0,0.25,0.0,0.0,0.0,0.0,1,29131.0
0,1,44,5,0,0,0,0,0,0,0,0,0,0,0,0,0,0,0,0,0,0,135,14,1.0,1.0,0.0,0.0,0.1,0.07,0.0,255,13,0.05,0.07,0.0,0.0,1.0,1.0,0.0,0.0,1,107941.0
0,1,22,5,0,0,0,0,0,0,0,0,0,0,0,0,0,0,0,0,0,0,2,2,0.5,0.5,0.5,0.5,0.5,1.0,1.0,255,25,0.1,0.06,0.0,0.0,1.0,1.0,0.0,0.0,1,69835.0
8179,2,40,9,146,105,0,0,0,0,0,0,0,0,0,0,0,0,0,0,0,0,1,1,0.0,0.0,0.0,0.0,1.0,0.0,0.0,255,1,0.0,0.63,0.96,0.0,0.0,0.0,0.0,0.0,0,50077.0
0,1,31,5,0,0,0,0,0,0,0,0,0,0,0,0,0,0,0,0,0,0,235,9,1.0,1.0,0.0,0.0,0.04,0.07,0.0,255,9,0.04,0.07,0.0,0.0,1.0,1.0,0.0,0.0,1,117027.0
0,1,22,9,230,1694,0,0,0,0,0,1,0,0,0,0,0,0,0,0,0,0,1,9,0.0,0.0,0.0,0.0,1.0,0.0,0.22,255,255,1.0,0.0,0.0,0.0,0.0,0.0,0.0,0.0,0,92593.0
0,1,3,5,0,0,0,0,0,0,0,0,0,0,0,0,0,0,0,0,0,0,275,9,1.0,1.0,0.0,0.0,0.03,0.07,0.0,255,9,0.04,0.07,0.0,0.0,1.0,1.0,0.0,0.0,1,58539.0
0,1,22,9,264,702,0,0,0,0,0,1,0,0,0,0,0,0,0,0,0,0,25,25,0.0,0.0,0.0,0.0,1.0,0.0,0.0,73,255,1.0,0.0,0.01,0.02,0.0,0.0,0.0,0.0,0,26618.0
0,1,49,9,126,237,0,0,0,0,0,1,0,0,0,0,0,0,0,0,0,0,1,1,0.0,0.0,0.0,0.0,1.0,0.0,0.0,109,81,0.25,0.65,0.01,0.02,0.0,0.0,0.61,0.0,0,97567.0
0,1,22,9,228,312,0,0,0,0,0,1,0,0,0,0,0,0,0,0,0,0,11,12,0.0,0.0,0.0,0.0,1.0,0.0,0.17,255,255,1.0,0.0,0.0,0.0,0.0,0.0,0.0,0.0,0,36991.0
0,1,22,9,234,6409,0,0,0,0,0,1,0,0,0,0,0,0,0,0,0,0,1,1,0.0,0.0,0.0,0.0,1.0,0.0,0.0,67,255,1.0,0.0,0.01,0.03,0.0,0.0,0.0,0.0,0,79661.0
0,1,44,5,0,0,0,0,0,0,0,0,0,0,0,0,0,0,0,0,0,0,131,11,1.0,1.0,0.0,0.0,0.08,0.05,0.0,255,20,0.08,0.06,0.0,0.0,1.0,1.0,0.0,0.0,1,58732.0
0,1,19,9,9198,0,0,0,0,0,0,1,0,0,0,0,0,0,0,0,0,0,7,7,0.0,0.0,0.0,0.0,1.0,0.0,0.0,57,43,0.33,0.04,0.33,0.05,0.0,0.0,0.0,0.0,0,3696.0
0,1,3,5,0,0,0,0,0,0,0,0,0,0,0,0,0,0,0,0,0,0,236,4,1.0,1.0,0.0,0.0,0.02,0.07,0.0,255,4,0.02,0.07,0.0,0.0,1.0,1.0,0.0,0.0,1,39355.0
0,1,22,1,0,0,0,0,0,0,0,0,0,0,0,0,0,0,0,0,0,0,1,1,0.0,0.0,1.0,1.0,1.0,0.0,0.0,3,241,1.0,0.0,0.33,0.32,0.0,0.0,1.0,1.0,0,47537.0
0,1,44,1,0,0,0,0,0,0,0,0,0,0,0,0,0,0,0,0,0,0,112,12,0.0,0.0,1.0,1.0,0.11,0.06,0.0,255,13,0.05,0.07,0.0,0.0,0.0,0.0,1.0,1.0,1,90747.0
0,1,22,1,0,0,0,0,0,0,0,0,0,0,0,0,0,0,0,0,0,0,1,2,0.0,0.0,1.0,1.0,1.0,0.0,1.0,1,5,1.0,0.0,1.0,0.4,0.0,0.0,1.0,1.0,0,51383.0
0,1,22,9,223,554,0,0,0,0,0,1,0,0,0,0,0,0,0,0,0,0,9,9,0.0,0.0,0.0,0.0,1.0,0.0,0.0,39,75,1.0,0.0,0.03,0.05,0.0,0.01,0.0,0.0,0,3203.0
0,1,44,5,0,0,0,0,0,0,0,0,0,0,0,0,0,0,0,0,0,0,119,12,1.0,1.0,0.0,0.0,0.1,0.06,0.0,255,3,0.01,0.07,0.0,0.0,1.0,1.0,0.0,0.0,1,10175.0
0,0,14,9,1032,0,0,0,0,0,0,0,0,0,0,0,0,0,0,0,0,0,511,511,0.0,0.0,0.0,0.0,1.0,0.0,0.0,255,75,0.29,0.02,0.29,0.0,0.02,0.0,0.0,0.0,1,93022.0
0,1,28,1,0,0,0,0,0,0,0,0,0,0,0,0,0,0,0,0,0,0,285,14,0.0,0.0,1.0,1.0,0.05,0.06,0.0,255,14,0.05,0.07,0.0,0.0,0.0,0.0,1.0,1.0,1,12793.0
0,1,55,5,0,0,0,0,0,0,0,0,0,0,0,0,0,0,0,0,0,0,245,14,1.0,1.0,0.0,0.0,0.06,0.06,0.0,255,6,0.02,0.07,0.0,0.0,1.0,1.0,0.0,0.0,1,99826.0
0,1,22,6,250,42340,0,0,0,0,0,1,0,0,0,0,0,0,0,0,0,0,1,1,1.0,1.0,0.0,0.0,1.0,0.0,0.0,108,237,1.0,0.0,0.01,0.05,0.01,0.0,0.0,0.0,0,19439.0
0,1,19,9,13239,0,0,0,0,0,0,1,0,0,0,0,0,0,0,0,0,0,3,3,0.0,0.0,0.0,0.0,1.0,0.0,0.0,9,9,1.0,0.0,1.0,0.0,0.0,0.0,0.0,0.0,0,115055.0
0,1,31,5,0,0,0,0,0,0,0,0,0,0,0,0,0,0,0,0,0,0,262,20,1.0,1.0,0.0,0.0,0.08,0.05,0.0,255,20,0.08,0.05,0.0,0.0,1.0,1.0,0.0,0.0,1,54281.0
0,1,31,1,0,0,0,0,0,0,0,0,0,0,0,0,0,0,0,0,0,0,280,11,0.0,0.0,1.0,1.0,0.04,0.06,0.0,255,11,0.04,0.07,0.0,0.0,0.0,0.0,1.0,1.0,1,263.0
0,1,44,1,0,0,0,0,0,0,0,0,0,0,0,0,0,0,0,0,0,0,103,19,0.0,0.0,1.0,1.0,0.18,0.07,0.0,255,19,0.07,0.07,0.0,0.0,0.0,0.0,1.0,1.0,1,121360.0
0,2,11,9,46,134,0,0,0,0,0,0,0,0,0,0,0,0,0,0,0,0,307,306,0.0,0.0,0.0,0.0,1.0,0.01,0.0,255,225,0.88,0.01,0.0,0.0,0.0,0.0,0.0,0.0,0,969.0
0,1,22,9,242,5280,0,0,0,0,0,1,0,0,0,0,0,0,0,0,0,0,12,12,0.0,0.0,0.0,0.0,1.0,0.0,0.0,133,255,1.0,0.0,0.01,0.01,0.0,0.0,0.0,0.0,0,120522.0
0,1,44,5,0,0,0,0,0,0,0,0,0,0,0,0,0,0,0,0,0,0,163,4,1.0,1.0,0.0,0.0,0.02,0.07,0.0,255,15,0.06,0.07,0.0,0.0,1.0,1.0,0.0,0.0,1,77787.0
0,1,22,9,231,2350,0,0,0,0,0,1,0,0,0,0,0,0,0,0,0,0,8,8,0.0,0.0,0.0,0.0,1.0,0.0,0.0,20,255,1.0,0.0,0.05,0.03,0.0,0.0,0.0,0.0,0,54590.0
0,1,22,9,306,607,0,0,0,0,0,1,0,0,0,0,0,0,0,0,0,0,9,12,0.0,0.0,0.0,0.0,1.0,0.0,0.17,99,255,1.0,0.0,0.01,0.02,0.0,0.0,0.0,0.0,0,84642.0
0,1,22,9,282,2251,0,0,0,0,0,1,0,0,0,0,0,0,0,0,0,0,30,37,0.0,0.0,0.0,0.0,1.0,0.0,0.08,255,255,1.0,0.0,0.0,0.0,0.0,0.0,0.0,0.0,0,31233.0
0,1,40,9,59,0,0,0,0,0,0,1,0,0,0,0,0,0,0,0,0,0,12,1,0.08,0.0,0.0,0.0,0.08,0.58,0.0,96,1,0.01,0.14,0.25,0.0,0.02,0.0,0.0,0.0,0,45964.0
0,2,44,9,1,0,0,0,0,0,0,0,0,0,0,0,0,0,0,0,0,0,40,5,0.0,0.0,0.0,0.0,0.12,0.1,0.0,255,15,0.06,0.62,0.41,0.0,0.16,0.0,0.44,0.0,1,53085.0
0,1,44,5,0,0,0,0,0,0,0,0,0,0,0,0,0,0,0,0,0,0,226,15,1.0,1.0,0.0,0.0,0.07,0.07,0.0,255,12,0.05,0.05,0.0,0.0,1.0,1.0,0.0,0.0,1,48299.0
0,1,44,5,0,0,0,0,0,0,0,0,0,0,0,0,0,0,0,0,0,0,284,3,1.0,1.0,0.0,0.0,0.01,0.06,0.0,255,3,0.01,0.07,0.0,0.0,1.0,1.0,0.0,0.0,1,36855.0
0,1,22,9,309,2239,0,0,0,0,0,1,0,0,0,0,0,0,0,0,0,0,4,4,0.0,0.0,0.0,0.0,1.0,0.0,0.0,255,255,1.0,0.0,0.0,0.0,0.0,0.0,0.0,0.0,0,97459.0
0,2,44,9,105,147,0,0,0,0,0,0,0,0,0,0,0,0,0,0,0,0,1,1,0.0,0.0,0.0,0.0,1.0,0.0,0.0,115,114,0.99,0.02,0.02,0.0,0.0,0.0,0.0,0.0,0,84013.0
0,2,11,9,46,143,0,0,0,0,0,0,0,0,0,0,0,0,0,0,0,0,302,302,0.0,0.0,0.0,0.0,1.0,0.0,0.0,255,251,0.98,0.01,0.0,0.0,0.0,0.0,0.0,0.0,0,43439.0
0,1,22,9,296,366,0,0,0,0,0,1,0,0,0,0,0,0,0,0,0,0,4,5,0.25,0.2,0.0,0.2,1.0,0.0,0.4,255,255,1.0,0.0,0.0,0.0,0.0,0.0,0.0,0.0,0,85391.0
0,2,44,9,28,0,0,3,0,0,0,0,0,0,0,0,0,0,0,0,0,0,69,69,0.0,0.0,0.0,0.0,1.0,0.0,0.0,255,69,0.27,0.01,0.27,0.0,0.0,0.0,0.0,0.0,1,67298.0
0,1,49,9,941,387,0,0,0,0,0,1,0,0,0,0,0,0,0,0,0,0,1,1,0.0,0.0,0.0,0.0,1.0,0.0,0.0,255,79,0.31,0.02,0.0,0.0,0.51,0.0,0.0,0.0,0,48870.0
0,1,8,2,0,0,0,0,0,0,0,0,0,0,0,0,0,0,0,0,0,0,264,13,0.0,0.0,1.0,1.0,0.05,0.06,0.0,255,13,0.05,0.06,0.0,0.0,0.0,0.0,1.0,1.0,1,5865.0
0,0,13,9,18,0,0,0,0,0,0,0,0,0,0,0,0,0,0,0,0,0,1,1,0.0,0.0,0.0,0.0,1.0,0.0,0.0,1,177,1.0,0.0,1.0,1.0,0.0,0.0,0.0,0.0,1,41631.0
0,1,22,9,288,1484,0,0,0,0,0,1,0,0,0,0,0,0,0,0,0,0,10,10,0.0,0.0,0.0,0.0,1.0,0.0,0.0,255,255,1.0,0.0,0.0,0.0,0.0,0.0,0.01,0.01,0,40596.0
0,2,40,9,146,0,0,0,0,0,0,0,0,0,0,0,0,0,0,0,0,0,2,1,0.0,0.0,0.0,0.0,0.5,1.0,0.0,255,2,0.01,0.79,0.98,0.0,0.0,0.0,0.0,0.0,0,24273.0
0,1,33,1,0,0,0,0,0,0,0,0,0,0,0,0,0,0,0,0,0,0,230,10,0.0,0.0,1.0,1.0,0.04,0.07,0.0,255,10,0.04,0.07,0.0,0.0,0.0,0.0,1.0,1.0,1,47725.0
0,1,22,9,239,2698,0,0,0,0,0,1,0,0,0,0,0,0,1,0,0,0,2,9,0.0,0.0,0.0,0.0,1.0,0.0,0.22,255,251,0.98,0.01,0.0,0.0,0.0,0.0,0.0,0.0,0,29613.0
0,1,19,9,501760,0,0,0,0,0,0,1,0,0,0,0,0,0,0,0,0,0,2,2,0.0,0.0,0.0,0.0,1.0,0.0,0.0,120,48,0.4,0.03,0.4,0.0,0.0,0.0,0.0,0.0,0,36780.0
0,1,22,9,221,2054,0,0,0,0,0,1,0,0,0,0,0,0,0,0,0,0,36,36,0.0,0.0,0.0,0.0,1.0,0.0,0.0,255,255,1.0,0.0,0.0,0.0,0.0,0.0,0.0,0.0,0,61393.0
0,1,44,5,0,0,0,0,0,0,0,0,0,0,0,0,0,0,0,0,0,0,229,15,1.0,1.0,0.0,0.0,0.07,0.06,0.0,255,15,0.06,0.08,0.0,0.0,1.0,1.0,0.0,0.0,1,39397.0
0,1,5,1,0,0,0,0,0,0,0,0,0,0,0,0,0,0,0,0,0,0,102,1,0.0,0.0,1.0,1.0,0.01,0.08,0.0,255,1,0.0,0.06,0.0,0.0,0.0,0.0,1.0,1.0,1,112793.0
0,0,13,9,18,0,0,0,0,0,0,0,0,0,0,0,0,0,0,0,0,0,1,1,0.0,0.0,0.0,0.0,1.0,0.0,0.0,1,40,1.0,0.0,1.0,1.0,0.0,0.0,0.0,0.0,1,20368.0
0,1,44,1,0,0,0,0,0,0,0,0,0,0,0,0,0,0,0,0,0,0,240,5,0.0,0.0,1.0,1.0,0.02,0.07,0.0,255,5,0.02,0.09,0.0,0.0,0.0,0.0,1.0,1.0,1,2359.0
0,1,22,9,243,399,0,0,0,0,0,1,0,0,0,0,0,0,0,0,0,0,27,27,0.0,0.0,0.0,0.0,1.0,0.0,0.0,255,255,1.0,0.0,0.0,0.0,0.0,0.0,0.0,0.0,0,49922.0
0,2,40,9,516,4,0,0,0,0,0,0,0,0,0,0,0,0,0,0,0,0,136,136,0.0,0.0,0.0,0.0,1.0,0.0,0.0,136,136,1.0,0.0,1.0,0.0,0.0,0.0,0.0,0.0,0,8647.0
0,1,22,9,339,11529,0,0,0,0,0,1,0,0,0,0,0,0,0,0,0,0,12,12,0.0,0.0,0.0,0.0,1.0,0.0,0.0,22,255,1.0,0.0,0.05,0.07,0.0,0.0,0.0,0.0,0,33819.0
2,1,49,9,1168,333,0,0,0,0,0,1,0,0,0,0,0,0,0,0,0,0,1,1,0.0,0.0,0.0,0.0,1.0,0.0,0.0,5,184,0.8,0.4,0.2,0.01,0.0,0.0,0.0,0.0,0,47019.0
0,1,8,5,0,0,0,0,0,0,0,0,0,0,0,0,0,0,0,0,0,0,104,5,1.0,1.0,0.0,0.0,0.05,0.07,0.0,255,7,0.03,0.06,0.0,0.0,1.0,1.0,0.0,0.0,1,22633.0
0,1,22,9,215,775,0,0,0,0,0,1,0,0,0,0,0,0,0,0,0,0,2,7,0.0,0.0,0.0,0.0,1.0,0.0,0.29,2,214,1.0,0.0,0.5,0.01,0.0,0.0,0.0,0.01,0,44845.0
0,1,22,9,240,398,0,0,0,0,0,1,0,0,0,0,0,0,0,0,0,0,8,8,0.0,0.0,0.0,0.0,1.0,0.0,0.0,255,255,1.0,0.0,0.0,0.0,0.0,0.0,0.0,0.0,0,39475.0
0,1,49,9,652,329,0,0,0,0,0,1,0,0,0,0,0,0,0,0,0,0,1,1,0.0,0.0,0.0,0.0,1.0,0.0,0.0,176,246,0.95,0.02,0.01,0.01,0.0,0.0,0.0,0.0,0,118474.0
0,0,14,9,1032,0,0,0,0,0,0,0,0,0,0,0,0,0,0,0,0,0,510,510,0.0,0.0,0.0,0.0,1.0,0.0,0.0,255,89,0.35,0.04,0.35,0.0,0.07,0.0,0.02,0.0,1,119403.0
0,1,51,5,0,0,0,0,0,0,0,0,0,0,0,0,0,0,0,0,0,0,216,16,1.0,1.0,0.0,0.0,0.07,0.06,0.0,255,16,0.06,0.07,0.0,0.0,1.0,1.0,0.0,0.0,1,82746.0
0,1,9,5,0,0,0,0,0,0,0,0,0,0,0,0,0,0,0,0,0,0,240,20,1.0,1.0,0.0,0.0,0.08,0.06,0.0,255,20,0.08,0.06,0.0,0.0,1.0,1.0,0.0,0.0,1,41879.0
2,1,49,9,1022,331,0,0,0,0,0,1,0,0,0,0,0,0,0,0,0,0,1,2,0.0,0.0,0.0,0.0,1.0,0.0,1.0,2,202,1.0,0.0,0.5,0.01,0.0,0.0,0.0,0.0,0,103334.0
0,1,44,1,0,0,0,0,0,0,0,0,0,0,0,0,0,0,0,0,0,0,71,1,0.01,0.0,0.93,1.0,0.01,1.0,0.0,255,1,0.0,0.31,0.0,0.0,0.0,0.0,0.27,1.0,1,72435.0
0,2,44,9,1,0,0,0,0,0,0,0,0,0,0,0,0,0,0,0,0,0,11,1,0.0,0.0,0.0,0.0,0.09,0.73,0.0,255,1,0.0,0.26,1.0,0.0,0.0,0.0,0.0,0.0,1,18377.0
0,1,44,10,0,0,0,0,0,0,0,0,0,0,0,0,0,0,0,0,0,0,1,1,1.0,1.0,0.0,0.0,1.0,0.0,0.0,223,1,0.0,0.96,0.96,0.0,0.96,1.0,0.0,0.0,1,2579.0
0,1,22,9,328,2536,0,0,0,0,0,1,0,0,0,0,0,0,0,0,0,0,5,6,0.0,0.0,0.0,0.0,1.0,0.0,0.33,93,255,1.0,0.0,0.01,0.05,0.0,0.0,0.0,0.0,0,45819.0
0,2,44,9,1,0,0,0,0,0,0,0,0,0,0,0,0,0,0,0,0,0,8,2,0.0,0.0,0.0,0.0,0.25,0.38,0.0,255,22,0.09,0.71,0.38,0.0,0.01,0.0,0.62,0.0,1,57035.0
0,1,22,9,244,1841,0,0,0,0,0,1,0,0,0,0,0,0,0,0,0,0,6,6,0.0,0.0,0.0,0.0,1.0,0.0,0.0,6,197,1.0,0.0,0.17,0.03,0.0,0.0,0.0,0.0,0,8811.0
0,1,59,5,0,0,0,0,0,0,0,0,0,0,0,0,0,0,0,0,0,0,115,10,1.0,1.0,0.0,0.0,0.09,0.06,0.0,255,10,0.04,0.06,0.0,0.0,1.0,1.0,0.0,0.0,1,14162.0
0,1,51,5,0,0,0,0,0,0,0,0,0,0,0,0,0,0,0,0,0,0,230,8,1.0,1.0,0.0,0.0,0.03,0.06,0.0,255,8,0.03,0.05,0.0,0.0,1.0,1.0,0.0,0.0,1,23361.0
0,1,22,9,293,11243,0,0,0,0,0,1,0,0,0,0,0,0,0,0,0,0,12,12,0.0,0.0,0.0,0.0,1.0,0.0,0.0,255,255,1.0,0.0,0.0,0.0,0.0,0.0,0.0,0.0,0,43832.0
0,1,19,1,0,0,0,0,0,0,0,0,0,0,0,0,0,0,0,0,0,0,219,10,0.0,0.0,1.0,1.0,0.05,0.07,0.0,255,10,0.04,0.08,0.0,0.0,0.0,0.0,1.0,1.0,1,109281.0
0,1,22,9,271,3315,0,0,0,0,0,1,0,0,0,0,0,0,0,0,0,0,7,7,0.0,0.0,0.0,0.0,1.0,0.0,0.0,255,255,1.0,0.0,0.0,0.0,0.0,0.0,0.0,0.0,0,23090.0
0,1,22,9,223,10928,0,0,0,0,0,1,0,0,0,0,0,0,0,0,0,0,1,5,0.0,0.0,0.0,0.0,1.0,0.0,0.4,2,255,1.0,0.0,0.5,0.03,0.0,0.0,0.0,0.0,0,11288.0
0,1,22,9,202,1420,0,0,0,0,0,1,0,0,0,0,0,0,0,0,0,0,26,28,0.0,0.0,0.0,0.0,1.0,0.0,0.11,146,255,1.0,0.0,0.01,0.01,0.0,0.0,0.0,0.0,0,70818.0
0,1,22,9,282,8222,0,0,0,0,0,1,0,0,0,0,0,0,0,0,0,0,1,2,0.0,0.0,0.0,0.0,1.0,0.0,1.0,98,255,1.0,0.0,0.01,0.02,0.0,0.0,0.0,0.0,0,32011.0
0,1,44,1,0,0,0,0,0,0,0,0,0,0,0,0,0,0,0,0,0,0,82,14,0.0,0.0,1.0,1.0,0.17,0.07,0.0,255,14,0.05,0.07,0.0,0.0,0.0,0.0,1.0,1.0,1,100463.0
0,1,44,5,0,0,0,0,0,0,0,0,0,0,0,0,0,0,0,0,0,0,188,24,1.0,1.0,0.0,0.0,0.13,0.05,0.0,255,24,0.09,0.06,0.0,0.0,1.0,1.0,0.0,0.0,1,16033.0
0,1,22,9,236,673,0,0,0,0,0,1,0,0,0,0,0,0,0,0,0,0,8,8,0.0,0.0,0.0,0.0,1.0,0.0,0.0,8,32,1.0,0.0,0.12,0.06,0.0,0.0,0.0,0.0,0,93464.0
0,1,22,9,241,4194,0,0,0,0,0,1,0,0,0,0,0,0,0,0,0,0,1,1,0.0,0.0,0.0,0.0,1.0,0.0,0.0,25,255,1.0,0.0,0.04,0.03,0.0,0.0,0.0,0.0,0,84763.0
0,0,13,9,8,0,0,0,0,0,0,0,0,0,0,0,0,0,0,0,0,0,1,36,0.0,0.0,0.0,0.0,1.0,0.0,1.0,2,64,1.0,0.0,1.0,0.5,0.0,0.0,0.0,0.0,1,28322.0
2,1,49,9,1048,325,0,0,0,0,0,1,0,0,0,0,0,0,0,0,0,0,1,1,0.0,0.0,0.0,0.0,1.0,0.0,0.0,130,163,0.46,0.02,0.02,0.02,0.01,0.0,0.0,0.0,0,79074.0
0,1,44,5,0,0,0,0,0,0,0,0,0,0,0,0,0,0,0,0,0,0,139,18,1.0,1.0,0.0,0.0,0.13,0.06,0.0,236,3,0.01,0.08,0.0,0.0,1.0,1.0,0.0,0.0,1,100781.0
0,1,44,5,0,0,0,0,0,0,0,0,0,0,0,0,0,0,0,0,0,0,95,6,1.0,1.0,0.0,0.0,0.06,0.06,0.0,255,29,0.11,0.07,0.0,0.0,1.0,1.0,0.0,0.0,1,21471.0
0,1,40,9,15876,0,0,0,0,0,0,0,0,0,0,0,0,0,0,0,0,0,15,1,0.07,0.0,0.0,0.0,0.07,0.67,0.0,254,1,0.0,0.05,0.44,0.0,0.0,0.0,0.0,0.0,0,77365.0
0,1,44,5,0,0,0,0,0,0,0,0,0,0,0,0,0,0,0,0,0,0,113,15,1.0,1.0,0.0,0.0,0.13,0.06,0.0,255,35,0.14,0.05,0.0,0.0,1.0,1.0,0.0,0.0,1,64786.0
0,2,44,9,105,147,0,0,0,0,0,0,0,0,0,0,0,0,0,0,0,0,1,1,0.0,0.0,0.0,0.0,1.0,0.0,0.0,8,8,1.0,0.0,0.12,0.0,0.0,0.0,0.0,0.0,0,65134.0
0,2,11,9,46,46,0,0,0,0,0,0,0,0,0,0,0,0,0,0,0,0,129,134,0.0,0.0,0.0,0.0,1.0,0.0,0.01,255,254,1.0,0.01,0.0,0.0,0.0,0.0,0.0,0.0,0,73501.0
1,1,49,9,1381,323,0,0,0,0,0,1,0,0,0,0,0,0,0,0,0,0,1,2,0.0,0.0,0.0,0.0,1.0,0.0,1.0,255,118,0.46,0.03,0.0,0.0,0.01,0.01,0.0,0.0,0,68463.0
4,1,62,4,0,0,0,0,0,0,0,0,0,0,0,0,0,0,0,0,0,0,55,2,0.0,0.0,1.0,1.0,0.04,0.55,0.0,255,2,0.01,0.13,0.22,0.0,0.0,0.0,0.85,1.0,1,27818.0
0,1,22,9,308,785,0,0,0,0,0,1,0,0,0,0,0,0,0,0,0,0,13,15,0.0,0.0,0.0,0.0,1.0,0.0,0.13,255,255,1.0,0.0,0.0,0.0,0.0,0.0,0.0,0.0,0,5318.0
0,1,22,9,210,7824,0,0,0,0,0,1,0,0,0,0,0,0,0,0,0,0,21,21,0.0,0.0,0.0,0.0,1.0,0.0,0.0,21,255,1.0,0.0,0.05,0.07,0.0,0.01,0.0,0.0,0,40791.0
0,1,20,5,0,0,0,0,0,0,0,0,0,0,0,0,0,0,0,0,0,0,249,19,1.0,1.0,0.0,0.0,0.08,0.06,0.0,255,19,0.07,0.07,0.0,0.0,1.0,1.0,0.0,0.0,1,33631.0
0,1,37,5,0,0,0,0,0,0,0,0,0,0,0,0,0,0,0,0,0,0,125,10,1.0,1.0,0.0,0.0,0.08,0.07,0.0,255,10,0.04,0.06,0.0,0.0,1.0,1.0,0.0,0.0,1,112203.0
0,2,39,9,48,48,0,0,0,0,0,0,0,0,0,0,0,0,0,0,0,0,1,1,0.0,0.0,0.0,0.0,1.0,0.0,0.0,85,24,0.28,0.04,0.28,0.0,0.0,0.0,0.0,0.0,0,116104.0
0,1,22,1,0,0,0,0,0,0,0,0,0,0,0,0,0,0,0,0,0,0,1,1,0.0,0.0,1.0,1.0,1.0,0.0,0.0,44,254,1.0,0.0,0.02,0.18,0.0,0.0,0.68,0.94,0,58469.0
0,1,22,9,171,6171,0,0,0,0,0,1,0,0,0,0,0,0,0,0,0,0,21,21,0.0,0.0,0.0,0.0,1.0,0.0,0.0,60,255,1.0,0.0,0.02,0.01,0.0,0.0,0.0,0.0,0,40977.0
11278,1,55,9,7565,17684,0,0,0,0,0,1,1,0,0,0,33,0,1,0,0,0,1,1,0.0,0.0,0.0,0.0,1.0,0.0,0.0,148,16,0.11,0.03,0.01,0.0,0.03,0.25,0.0,0.0,0,67806.0
0,1,17,9,9,141,0,0,0,0,0,0,0,0,0,0,0,0,0,0,0,0,1,1,0.0,0.0,0.0,0.0,1.0,0.0,0.0,70,4,0.01,0.04,0.01,0.75,0.0,0.0,0.0,0.0,0,96042.0
0,1,22,9,227,4039,0,0,0,0,0,1,0,0,0,0,0,0,0,0,0,0,7,7,0.0,0.0,0.0,0.0,1.0,0.0,0.0,255,255,1.0,0.0,0.0,0.0,0.0,0.0,0.0,0.0,0,71894.0
0,2,11,9,42,42,0,0,0,0,0,0,0,0,0,0,0,0,0,0,0,0,9,14,0.0,0.0,0.0,0.0,1.0,0.0,0.21,84,83,0.99,0.02,0.01,0.0,0.0,0.0,0.0,0.0,0,73.0
0,1,22,9,202,3084,0,0,0,0,0,1,0,0,0,0,0,0,0,0,0,0,1,1,0.0,0.0,0.0,0.0,1.0,0.0,0.0,10,255,1.0,0.0,0.1,0.07,0.0,0.0,0.0,0.0,0,28617.0
0,1,22,9,160,2133,0,0,0,0,0,1,0,0,0,0,0,0,0,0,0,0,1,1,0.0,0.0,0.0,0.0,1.0,0.0,0.0,112,255,1.0,0.0,0.01,0.04,0.01,0.0,0.0,0.0,0,38947.0
0,1,38,5,0,0,0,0,0,0,0,0,0,0,0,0,0,0,0,0,0,0,230,25,1.0,1.0,0.0,0.0,0.11,0.05,0.0,255,25,0.1,0.05,0.0,0.0,1.0,1.0,0.0,0.0,1,57589.0
0,2,11,9,45,129,0,0,0,0,0,0,0,0,0,0,0,0,0,0,0,0,233,309,0.0,0.0,0.0,0.0,1.0,0.01,0.01,255,243,0.95,0.01,0.0,0.0,0.0,0.0,0.0,0.0,0,106675.0
0,1,24,5,0,0,0,0,0,0,0,0,0,0,0,0,0,0,0,0,0,0,275,7,1.0,1.0,0.0,0.0,0.03,0.07,0.0,255,7,0.03,0.07,0.0,0.0,1.0,1.0,0.0,0.0,1,42974.0
9,1,49,9,11658,1394,0,0,0,0,0,1,0,0,0,0,0,0,0,0,0,0,1,2,0.0,0.0,0.0,0.0,1.0,0.0,1.0,210,145,0.52,0.02,0.0,0.01,0.0,0.0,0.0,0.0,0,35216.0
0,1,22,9,221,1749,0,0,0,0,0,1,0,0,0,0,0,0,0,0,0,0,15,16,0.0,0.0,0.0,0.0,1.0,0.0,0.12,31,255,1.0,0.0,0.03,0.06,0.0,0.0,0.0,0.0,0,105747.0
3,1,55,2,0,15,0,0,0,0,0,0,0,0,0,0,0,0,0,0,0,0,1,1,0.0,0.0,1.0,1.0,1.0,0.0,0.0,164,1,0.01,0.04,0.01,0.0,0.0,0.0,0.01,1.0,0,86994.0
0,2,11,9,44,76,0,0,0,0,0,0,0,0,0,0,0,0,0,0,0,0,156,156,0.0,0.0,0.0,0.0,1.0,0.0,0.0,255,225,0.88,0.01,0.0,0.0,0.0,0.0,0.0,0.0,0,91254.0
3,1,49,9,1370,339,0,0,0,0,0,1,0,0,0,0,0,0,0,0,0,0,1,2,0.0,0.0,0.0,0.0,1.0,0.0,1.0,5,65,1.0,0.0,0.2,0.03,0.0,0.0,0.0,0.0,0,72612.0
0,1,22,9,139,32424,0,0,0,0,0,1,0,0,0,0,0,0,0,0,0,0,1,1,0.0,0.0,0.0,0.0,1.0,0.0,0.0,255,255,1.0,0.0,0.0,0.0,0.0,0.0,0.0,0.0,0,12111.0
0,0,13,9,30,0,0,0,0,0,0,0,0,0,0,0,0,0,0,0,0,0,1,1,0.0,0.0,0.0,0.0,1.0,0.0,0.0,54,90,0.98,0.04,0.98,0.22,0.0,0.0,0.0,0.0,0,22097.0
0,1,36,5,0,0,0,0,0,0,0,0,0,0,0,0,0,0,0,0,0,0,261,2,1.0,1.0,0.0,0.0,0.01,0.06,0.0,255,11,0.04,0.07,0.0,0.0,1.0,1.0,0.0,0.0,1,24475.0
0,1,22,9,304,2112,0,0,0,0,0,1,0,0,0,0,0,0,0,0,0,0,10,10,0.0,0.0,0.0,0.0,1.0,0.0,0.0,12,255,1.0,0.0,0.08,0.14,0.0,0.0,0.17,0.82,0,77265.0
0,1,40,1,0,0,0,0,0,0,0,0,0,0,0,0,0,0,0,0,0,0,511,1,0.19,0.0,0.81,1.0,0.0,1.0,0.0,255,1,0.0,1.0,0.0,0.0,0.27,0.0,0.73,1.0,1,16289.0
0,1,22,9,251,2032,0,0,0,0,0,1,0,0,0,0,0,0,0,0,0,0,2,47,0.0,0.0,0.0,0.0,1.0,0.0,0.04,170,255,1.0,0.0,0.01,0.03,0.0,0.0,0.0,0.0,0,45944.0
0,1,22,9,202,1575,0,0,0,0,0,1,0,0,0,0,0,0,0,0,0,0,16,17,0.0,0.0,0.0,0.0,1.0,0.0,0.12,63,255,1.0,0.0,0.02,0.05,0.0,0.0,0.0,0.0,0,92279.0
0,1,22,9,285,1337,0,0,0,0,0,1,0,0,0,0,0,0,0,0,0,0,9,9,0.0,0.0,0.0,0.0,1.0,0.0,0.0,9,255,1.0,0.0,0.11,0.02,0.0,0.0,0.0,0.0,0,63046.0
4685,2,40,9,145,105,0,0,0,0,0,0,0,0,0,0,0,0,0,0,0,0,2,2,0.0,0.0,0.0,0.0,1.0,0.0,0.0,255,2,0.01,0.66,0.96,0.0,0.0,0.0,0.0,0.0,0,21616.0
0,1,4,5,0,0,0,0,0,0,0,0,0,0,0,0,0,0,0,0,0,0,282,16,1.0,1.0,0.0,0.0,0.06,0.06,0.0,255,16,0.06,0.07,0.0,0.0,1.0,1.0,0.0,0.0,1,117955.0
0,1,44,5,0,0,0,0,0,0,0,0,0,0,0,0,0,0,0,0,0,0,229,17,1.0,1.0,0.0,0.0,0.07,0.06,0.0,255,17,0.07,0.05,0.0,0.0,1.0,1.0,0.0,0.0,1,35746.0
0,1,44,1,0,0,0,0,0,0,0,0,0,0,0,0,0,0,0,0,0,0,112,1,0.01,0.0,0.94,1.0,0.01,1.0,0.0,237,1,0.0,0.5,0.0,0.0,0.0,0.0,0.46,1.0,1,95324.0
0,1,22,9,321,1735,0,0,0,0,0,1,0,0,0,0,0,0,0,0,0,0,7,8,0.0,0.0,0.0,0.0,1.0,0.0,0.25,204,255,1.0,0.0,0.0,0.01,0.0,0.0,0.0,0.0,0,21042.0
0,1,44,5,0,0,0,0,0,0,0,0,0,0,0,0,0,0,0,0,0,0,124,8,1.0,1.0,0.0,0.0,0.06,0.06,0.0,255,4,0.02,0.07,0.0,0.0,1.0,1.0,0.0,0.0,1,41530.0
27,1,18,9,1468,4152,0,0,0,30,0,1,0,0,0,0,0,0,0,0,0,1,1,1,0.0,0.0,0.0,0.0,1.0,0.0,0.0,255,46,0.18,0.02,0.0,0.0,0.0,0.0,0.06,0.13,0,30859.0
0,1,22,9,242,1184,0,0,0,0,0,1,0,0,0,0,0,0,0,0,0,0,6,6,0.0,0.0,0.0,0.0,1.0,0.0,0.0,28,255,1.0,0.0,0.04,0.04,0.0,0.0,0.0,0.0,0,46628.0
0,1,44,5,0,0,0,0,0,0,0,0,0,0,0,0,0,0,0,0,0,0,201,19,1.0,1.0,0.0,0.0,0.09,0.06,0.0,255,2,0.01,0.07,0.0,0.0,1.0,1.0,0.0,0.0,1,13042.0
0,0,13,9,18,0,0,0,0,0,0,0,0,0,0,0,0,0,0,0,0,0,1,1,0.0,0.0,0.0,0.0,1.0,0.0,0.0,3,11,1.0,0.0,1.0,0.27,0.0,0.0,0.0,0.0,1,98363.0
0,1,22,9,307,632,0,0,0,0,0,1,0,0,0,0,0,0,0,0,0,0,1,2,0.0,0.0,0.0,0.0,1.0,0.0,1.0,28,255,1.0,0.0,0.04,0.02,0.0,0.0,0.0,0.0,0,28423.0
0,2,11,9,43,107,0,0,0,0,0,0,0,0,0,0,0,0,0,0,0,0,3,7,0.0,0.0,0.0,0.0,1.0,0.0,0.43,248,227,0.92,0.01,0.0,0.0,0.0,0.0,0.02,0.0,0,112480.0
0,1,22,9,227,1362,0,0,0,0,0,1,0,0,0,0,0,0,0,0,0,0,19,32,0.0,0.0,0.0,0.0,1.0,0.0,0.06,255,255,1.0,0.0,0.0,0.0,0.0,0.0,0.0,0.0,0,69089.0
17,1,49,9,1175,335,0,0,0,0,0,1,0,0,0,0,0,0,0,0,0,0,1,2,0.0,0.0,0.0,0.0,1.0,0.0,1.0,7,209,1.0,0.0,0.14,0.01,0.0,0.0,0.0,0.0,0,18141.0
0,1,44,5,0,0,0,0,0,0,0,0,0,0,0,0,0,0,0,0,0,0,131,13,1.0,1.0,0.0,0.0,0.1,0.06,0.0,35,5,0.14,0.14,0.03,0.0,1.0,1.0,0.0,0.0,1,106172.0
0,1,19,9,965,0,0,0,0,0,0,1,0,0,0,0,0,0,0,0,0,0,20,20,0.0,0.0,0.0,0.0,1.0,0.0,0.0,109,48,0.28,0.03,0.28,0.04,0.0,0.0,0.0,0.0,0,2956.0
0,1,19,9,245,0,0,0,0,0,0,1,0,0,0,1,0,0,0,0,0,0,2,2,0.0,0.0,0.0,0.0,1.0,0.0,0.0,120,20,0.08,0.04,0.08,0.1,0.0,0.0,0.0,0.0,0,124530.0
0,1,17,9,12,226,0,0,0,0,0,0,0,0,0,0,0,0,0,0,0,0,1,1,0.0,0.0,0.0,0.0,1.0,0.0,0.0,205,10,0.05,0.03,0.0,0.0,0.0,0.0,0.02,0.0,0,2347.0
0,1,22,9,274,397,0,0,0,0,0,1,0,0,0,0,0,0,0,0,0,0,13,13,0.0,0.0,0.0,0.0,1.0,0.0,0.0,255,255,1.0,0.0,0.0,0.0,0.0,0.0,0.02,0.02,0,99347.0
0,1,44,5,0,0,0,0,0,0,0,0,0,0,0,0,0,0,0,0,0,0,179,14,1.0,1.0,0.0,0.0,0.08,0.07,0.0,255,14,0.05,0.08,0.0,0.0,1.0,1.0,0.0,0.0,1,27469.0
0,1,51,5,0,0,0,0,0,0,0,0,0,0,0,0,0,0,0,0,0,0,271,19,1.0,1.0,0.0,0.0,0.07,0.07,0.0,255,19,0.07,0.07,0.0,0.0,1.0,1.0,0.0,0.0,1,59502.0
0,1,17,5,0,0,0,0,0,0,0,0,0,0,0,0,0,0,0,0,0,0,29,9,1.0,1.0,0.0,0.0,0.31,0.07,0.0,71,13,0.13,0.06,0.06,0.15,0.97,0.69,0.0,0.0,1,17622.0
0,1,22,9,213,1026,0,0,0,0,0,1,0,0,0,0,0,0,0,0,0,0,1,1,0.0,0.0,0.0,0.0,1.0,0.0,0.0,62,255,1.0,0.0,0.02,0.02,0.0,0.0,0.0,0.0,0,5152.0
0,0,13,9,30,0,0,0,0,0,0,0,0,0,0,0,0,0,0,0,0,0,1,1,0.0,0.0,0.0,0.0,1.0,0.0,0.0,75,131,1.0,0.0,1.0,0.22,0.0,0.0,0.0,0.0,0,107379.0
0,1,44,5,0,0,0,0,0,0,0,0,0,0,0,0,0,0,0,0,0,0,110,17,1.0,1.0,0.0,0.0,0.15,0.05,0.0,255,30,0.12,0.06,0.0,0.0,1.0,1.0,0.0,0.0,1,118725.0
0,1,2,5,0,0,0,0,0,0,0,0,0,0,0,0,0,0,0,0,0,0,226,6,1.0,1.0,0.0,0.0,0.03,0.07,0.0,255,6,0.02,0.08,0.0,0.0,1.0,1.0,0.0,0.0,1,24026.0
2,1,49,9,2070,480,0,0,0,0,0,1,0,0,0,0,0,0,0,0,0,0,1,6,0.0,0.0,0.0,0.0,1.0,0.0,1.0,61,131,0.05,0.03,0.02,0.02,0.0,0.01,0.0,0.0,0,121525.0
0,1,9,5,0,0,0,0,0,0,0,0,0,0,0,0,0,0,0,0,0,0,141,20,1.0,1.0,0.0,0.0,0.14,0.07,0.0,255,20,0.08,0.08,0.0,0.0,1.0,1.0,0.0,0.0,1,13619.0
0,1,49,9,715,329,0,0,0,0,0,1,0,0,0,0,0,0,0,0,0,0,1,1,0.0,0.0,0.0,0.0,1.0,0.0,0.0,18,33,0.78,0.22,0.06,0.06,0.0,0.0,0.0,0.0,0,24372.0
0,1,44,4,0,0,0,0,0,0,0,0,0,0,0,0,0,0,0,0,0,0,1,1,0.0,0.0,1.0,1.0,1.0,0.0,0.0,208,1,0.0,0.77,0.77,0.0,0.03,0.0,0.63,1.0,1,887.0
0,2,11,9,45,45,0,0,0,0,0,0,0,0,0,0,0,0,0,0,0,0,86,166,0.0,0.0,0.0,0.0,1.0,0.0,0.01,255,254,1.0,0.01,0.01,0.0,0.0,0.0,0.0,0.0,0,57883.0
1,1,9,3,0,0,0,0,0,0,0,0,0,0,0,0,0,0,0,0,0,0,226,2,0.63,0.5,0.37,0.5,0.01,0.42,0.0,255,2,0.01,0.37,0.89,0.0,0.56,0.5,0.33,0.5,1,76560.0
0,1,44,5,0,0,0,0,0,0,0,0,0,0,0,0,0,0,0,0,0,0,21,9,1.0,1.0,0.0,0.0,0.43,0.29,0.0,255,9,0.04,0.08,0.0,0.0,1.0,1.0,0.0,0.0,1,122351.0
0,2,11,9,46,78,0,0,0,0,0,0,0,0,0,0,0,0,0,0,0,0,259,259,0.0,0.0,0.0,0.0,1.0,0.01,0.01,255,255,1.0,0.0,0.0,0.0,0.0,0.0,0.0,0.0,0,20000.0
2035,2,40,9,147,105,0,0,0,0,0,0,0,0,0,0,0,0,0,0,0,0,1,1,0.0,0.0,0.0,0.0,1.0,0.0,0.0,255,2,0.01,0.62,0.87,0.0,0.0,0.0,0.0,0.0,0,2189.0
39848,1,44,4,1,0,0,0,0,0,0,0,0,0,0,0,0,0,0,0,0,0,2,2,0.0,0.0,1.0,1.0,1.0,0.0,0.0,255,2,0.01,0.5,1.0,0.0,0.0,0.0,1.0,1.0,1,90658.0
0,1,19,9,192,0,0,0,0,0,0,0,0,0,0,0,0,0,0,0,0,0,2,2,0.0,0.0,0.0,0.0,1.0,0.0,0.0,5,49,0.8,0.4,0.8,0.06,0.0,0.0,0.0,0.0,0,7791.0
4,1,19,9,832,0,0,0,0,0,0,1,0,0,0,0,0,0,0,0,0,0,1,1,0.0,0.0,0.0,0.0,1.0,0.0,0.0,3,40,1.0,0.0,1.0,0.08,0.0,0.03,0.0,0.0,1,48028.0
0,1,57,5,0,0,0,0,0,0,0,0,0,0,0,0,0,0,0,0,0,0,286,3,1.0,1.0,0.0,0.0,0.01,0.06,0.0,255,3,0.01,0.06,0.0,0.0,1.0,1.0,0.0,0.0,1,96782.0
0,1,60,5,0,0,0,0,0,0,0,0,0,0,0,0,0,0,0,0,0,0,255,2,1.0,1.0,0.0,0.0,0.01,0.07,0.0,255,2,0.01,0.08,0.0,0.0,1.0,1.0,0.0,0.0,1,97679.0
0,1,61,5,0,0,0,0,0,0,0,0,0,0,0,0,0,0,0,0,0,0,236,1,1.0,1.0,0.0,0.0,0.0,0.07,0.0,255,1,0.0,0.07,0.0,0.0,1.0,1.0,0.0,0.0,1,49778.0
2587,2,40,9,146,105,0,0,0,0,0,0,0,0,0,0,0,0,0,0,0,0,4,2,0.0,0.0,0.0,0.0,0.5,0.5,0.0,255,2,0.01,0.87,0.99,0.0,0.0,0.0,0.0,0.0,0,92305.0
0,1,9,5,0,0,0,0,0,0,0,0,0,0,0,0,0,0,0,0,0,0,274,18,1.0,1.0,0.0,0.0,0.07,0.05,0.0,255,18,0.07,0.05,0.0,0.0,1.0,1.0,0.0,0.0,1,56364.0
0,1,22,9,326,498,0,0,0,0,0,1,0,0,0,0,0,0,0,0,0,0,11,14,0.0,0.0,0.0,0.0,1.0,0.0,0.29,255,255,1.0,0.0,0.0,0.0,0.0,0.0,0.0,0.0,0,7286.0
0,1,44,5,0,0,0,0,0,0,0,0,0,0,0,0,0,0,0,0,0,0,222,7,1.0,1.0,0.0,0.0,0.03,0.06,0.0,255,6,0.02,0.06,0.0,0.0,1.0,1.0,0.0,0.0,1,114243.0
0,1,22,9,302,4896,0,0,0,0,0,1,0,0,0,0,0,0,0,0,0,0,9,10,0.0,0.0,0.0,0.0,1.0,0.0,0.2,9,255,1.0,0.0,0.11,0.04,0.0,0.0,0.0,0.0,0,33169.0
0,1,19,9,259,0,0,0,0,0,0,1,0,0,0,1,0,0,0,0,0,0,2,2,0.0,0.0,0.0,0.0,1.0,0.0,0.0,16,2,0.12,0.25,0.12,0.0,0.0,0.0,0.0,0.0,0,49063.0
0,1,22,9,339,866,0,0,0,0,0,1,0,0,0,0,0,0,0,0,0,0,14,14,0.0,0.0,0.0,0.0,1.0,0.0,0.0,61,255,1.0,0.0,0.02,0.02,0.0,0.0,0.0,0.0,0,27921.0
0,1,19,9,10073,0,0,0,0,0,0,0,0,0,0,0,0,0,0,0,0,0,15,15,0.0,0.0,0.0,0.0,1.0,0.0,0.0,192,69,0.36,0.03,0.36,0.0,0.0,0.0,0.0,0.0,0,73250.0
0,1,19,9,194,0,0,0,0,0,0,0,0,0,0,0,0,0,0,0,0,0,1,1,0.0,0.0,0.0,0.0,1.0,0.0,0.0,32,26,0.12,0.09,0.12,0.08,0.0,0.0,0.0,0.0,0,54473.0
0,1,44,1,0,0,0,0,0,0,0,0,0,0,0,0,0,0,0,0,0,0,89,3,0.0,0.0,1.0,1.0,0.03,0.07,0.0,255,3,0.01,0.06,0.0,0.0,0.0,0.0,1.0,1.0,1,8182.0
0,1,19,9,15377,0,0,0,0,0,0,1,0,0,0,0,0,0,0,0,0,0,4,4,0.0,0.0,0.0,0.0,1.0,0.0,0.0,66,68,0.15,0.05,0.15,0.03,0.0,0.22,0.0,0.0,0,7238.0
0,1,21,5,0,0,0,0,0,0,0,0,0,0,0,0,0,0,0,0,0,0,179,5,1.0,1.0,0.0,0.0,0.03,0.07,0.0,255,5,0.02,0.07,0.0,0.0,1.0,1.0,0.0,0.0,1,117420.0
0,1,22,9,196,251,0,0,0,0,0,1,0,0,0,0,0,0,0,0,0,0,8,8,0.0,0.0,0.0,0.0,1.0,0.0,0.0,20,255,1.0,0.0,0.05,0.03,0.0,0.0,0.0,0.0,0,17941.0
0,2,11,9,46,74,0,0,0,0,0,0,0,0,0,0,0,0,0,0,0,0,126,126,0.0,0.0,0.0,0.0,1.0,0.0,0.0,255,254,1.0,0.01,0.0,0.0,0.0,0.0,0.0,0.0,0,94619.0
1,1,44,4,0,0,0,0,0,0,0,0,0,0,0,0,0,0,0,0,0,0,316,2,0.0,0.0,1.0,1.0,0.01,0.5,0.0,255,2,0.01,0.5,1.0,0.0,0.0,0.0,1.0,1.0,1,73365.0
0,1,36,5,0,0,0,0,0,0,0,0,0,0,0,0,0,0,0,0,0,0,279,8,1.0,1.0,0.0,0.0,0.03,0.06,0.0,255,1,0.0,0.08,0.0,0.0,1.0,1.0,0.0,0.0,1,3113.0
0,1,44,5,0,0,0,0,0,0,0,0,0,0,0,0,0,0,0,0,0,0,104,15,1.0,1.0,0.0,0.0,0.14,0.07,0.0,255,35,0.14,0.05,0.0,0.0,1.0,1.0,0.0,0.0,1,65668.0
0,1,44,5,0,0,0,0,0,0,0,0,0,0,0,0,0,0,0,0,0,0,107,9,1.0,1.0,0.0,0.0,0.08,0.06,0.0,255,6,0.02,0.07,0.0,0.0,1.0,1.0,0.0,0.0,1,95948.0
0,1,44,5,0,0,0,0,0,0,0,0,0,0,0,0,0,0,0,0,0,0,264,9,1.0,1.0,0.0,0.0,0.03,0.06,0.0,255,11,0.04,0.07,0.0,0.0,1.0,1.0,0.0,0.0,1,96622.0
0,0,14,9,1032,0,0,0,0,0,0,0,0,0,0,0,0,0,0,0,0,0,511,511,0.0,0.0,0.0,0.0,1.0,0.0,0.0,255,64,0.25,0.04,0.25,0.0,0.17,0.0,0.02,0.0,1,14772.0
0,1,19,5,0,0,0,0,0,0,0,0,0,0,0,0,0,0,0,0,0,0,213,20,1.0,1.0,0.0,0.0,0.09,0.07,0.0,255,20,0.08,0.07,0.0,0.0,1.0,1.0,0.0,0.0,1,97855.0
0,1,19,9,4539,0,0,0,0,0,0,1,0,0,0,0,0,0,0,0,0,0,19,19,0.0,0.0,0.0,0.0,1.0,0.0,0.0,189,82,0.29,0.02,0.29,0.02,0.0,0.0,0.0,0.0,0,22225.0
0,1,20,5,0,0,0,0,0,0,0,0,0,0,0,0,0,0,0,0,0,0,48,14,1.0,1.0,0.0,0.0,0.29,0.1,0.0,255,14,0.05,0.08,0.0,0.0,1.0,1.0,0.0,0.0,1,107893.0
0,1,44,5,0,0,0,0,0,0,0,0,0,0,0,0,0,0,0,0,0,0,110,10,1.0,1.0,0.0,0.0,0.09,0.05,0.0,255,19,0.07,0.07,0.0,0.0,1.0,1.0,0.0,0.0,1,25314.0
0,2,11,9,43,72,0,0,0,0,0,0,0,0,0,0,0,0,0,0,0,0,113,113,0.0,0.0,0.0,0.0,1.0,0.0,0.0,255,254,1.0,0.01,0.0,0.0,0.0,0.0,0.0,0.0,0,125046.0
0,1,23,1,0,0,0,0,0,0,0,0,0,0,0,0,0,0,0,0,0,0,149,20,0.0,0.0,1.0,1.0,0.13,0.05,0.0,255,20,0.08,0.06,0.0,0.0,0.0,0.0,1.0,1.0,1,106239.0
0,1,22,9,215,29228,0,0,0,0,0,1,0,0,0,0,0,0,0,0,0,0,3,3,0.0,0.0,0.0,0.0,1.0,0.0,0.0,255,255,1.0,0.0,0.0,0.0,0.0,0.0,0.0,0.0,0,75052.0
0,2,11,9,45,45,0,0,0,0,0,0,0,0,0,0,0,0,0,0,0,0,130,210,0.0,0.0,0.0,0.0,1.0,0.0,0.01,255,254,1.0,0.01,0.01,0.0,0.0,0.0,0.0,0.0,0,2837.0
0,1,61,5,0,0,0,0,0,0,0,0,0,0,0,0,0,0,0,0,0,0,297,19,1.0,1.0,0.0,0.0,0.06,0.06,0.0,255,19,0.07,0.09,0.0,0.0,1.0,1.0,0.0,0.0,1,103263.0
0,2,44,9,105,147,0,0,0,0,0,0,0,0,0,0,0,0,0,0,0,0,1,1,0.0,0.0,0.0,0.0,1.0,0.0,0.0,240,238,0.99,0.01,0.0,0.0,0.0,0.0,0.0,0.0,0,57273.0
0,1,23,5,0,0,0,0,0,0,0,0,0,0,0,0,0,0,0,0,0,0,99,15,1.0,1.0,0.0,0.0,0.15,0.06,0.0,255,15,0.06,0.07,0.0,0.0,1.0,1.0,0.0,0.0,1,23473.0
0,1,4,5,0,0,0,0,0,0,0,0,0,0,0,0,0,0,0,0,0,0,224,7,1.0,1.0,0.0,0.0,0.03,0.07,0.0,255,7,0.03,0.09,0.0,0.0,1.0,1.0,0.0,0.0,1,90158.0
0,1,44,1,0,0,0,0,0,0,0,0,0,0,0,0,0,0,0,0,0,0,2,1,0.0,0.0,1.0,1.0,0.5,1.0,0.0,255,1,0.0,0.68,0.67,0.0,0.0,0.0,0.67,1.0,1,823.0
0,1,22,9,238,439,0,0,0,0,0,1,0,0,0,0,0,0,0,0,0,0,1,5,0.0,0.0,0.0,0.0,1.0,0.0,0.6,21,255,1.0,0.0,0.05,0.02,0.0,0.0,0.0,0.0,0,86760.0
1,1,49,9,1643,334,0,0,0,0,0,1,0,0,0,0,0,0,0,0,0,0,1,1,0.0,0.0,0.0,0.0,1.0,0.0,0.0,235,149,0.56,0.03,0.0,0.01,0.0,0.01,0.0,0.0,0,3551.0
0,1,35,5,0,0,0,0,0,0,0,0,0,0,0,0,0,0,0,0,0,0,191,3,1.0,1.0,0.0,0.0,0.02,0.07,0.0,255,3,0.01,0.07,0.0,0.0,1.0,1.0,0.0,0.0,1,28445.0
0,2,11,9,42,42,0,0,0,0,0,0,0,0,0,0,0,0,0,0,0,0,14,26,0.0,0.0,0.0,0.0,1.0,0.0,0.23,255,244,0.96,0.01,0.01,0.0,0.0,0.0,0.0,0.0,0,96083.0
0,0,14,9,520,0,0,0,0,0,0,0,0,0,0,0,0,0,0,0,0,0,434,434,0.0,0.0,0.0,0.0,1.0,0.0,0.0,29,29,1.0,0.0,1.0,0.0,0.0,0.0,0.0,0.0,1,14707.0
2620,2,40,9,146,105,0,0,0,0,0,0,0,0,0,0,0,0,0,0,0,0,2,2,0.0,0.0,0.0,0.0,1.0,0.0,0.0,255,2,0.01,0.87,0.99,0.0,0.0,0.0,0.0,0.0,0,86702.0
0,1,22,9,209,741,0,0,0,0,0,1,0,0,0,0,0,0,0,0,0,0,31,31,0.0,0.0,0.0,0.0,1.0,0.0,0.0,255,255,1.0,0.0,0.0,0.0,0.0,0.0,0.32,0.32,0,32255.0
0,1,22,1,0,0,0,0,0,0,0,0,0,0,0,0,0,0,0,0,0,0,21,21,0.0,0.0,0.76,0.76,1.0,0.0,0.0,56,251,1.0,0.0,0.02,0.17,0.0,0.0,0.91,0.98,0,69356.0
0,1,22,7,266,70559,0,0,0,0,0,1,0,0,0,0,0,0,0,0,0,0,1,1,1.0,1.0,0.0,0.0,1.0,0.0,0.0,1,255,1.0,0.0,1.0,0.02,1.0,0.0,0.0,0.0,1,43489.0
0,1,22,9,223,543,0,0,0,0,0,1,0,0,0,0,0,0,0,0,0,0,5,20,0.0,0.0,0.0,0.0,1.0,0.0,0.2,6,255,1.0,0.0,0.17,0.04,0.0,0.02,0.0,0.0,0,30796.0
0,1,16,5,0,0,0,0,0,0,0,0,0,0,0,0,0,0,0,0,0,0,116,16,1.0,1.0,0.0,0.0,0.14,0.05,0.0,255,16,0.06,0.05,0.0,0.0,1.0,1.0,0.0,0.0,1,55394.0
0,1,22,9,211,1005,0,0,0,0,0,1,0,0,0,0,0,0,0,0,0,0,1,2,0.0,0.0,0.0,0.0,1.0,0.0,1.0,34,255,1.0,0.0,0.03,0.04,0.0,0.0,0.0,0.0,0,44730.0
0,1,19,9,151,0,0,0,0,0,0,1,0,0,0,0,0,0,0,0,0,0,1,1,0.0,0.0,0.0,0.0,1.0,0.0,0.0,255,77,0.3,0.03,0.3,0.0,0.0,0.0,0.0,0.0,0,125972.0
0,1,49,9,1285,328,0,0,0,0,0,1,0,0,0,0,0,0,0,0,0,0,1,1,0.0,0.0,0.0,0.0,1.0,0.0,0.0,4,3,0.75,0.5,0.25,0.0,0.0,0.0,0.0,0.0,0,71715.0
0,1,44,5,0,0,0,0,0,0,0,0,0,0,0,0,0,0,0,0,0,0,101,4,1.0,1.0,0.0,0.0,0.04,0.09,0.0,255,4,0.02,0.07,0.0,0.0,1.0,1.0,0.0,0.0,1,113419.0
0,1,44,5,0,0,0,0,0,0,0,0,0,0,0,0,0,0,0,0,0,0,117,21,1.0,1.0,0.0,0.0,0.18,0.05,0.0,255,21,0.08,0.06,0.0,0.0,1.0,1.0,0.0,0.0,1,26017.0
0,1,10,1,0,0,0,0,0,0,0,0,0,0,0,0,0,0,0,0,0,0,259,19,0.0,0.0,1.0,1.0,0.07,0.05,0.0,255,19,0.07,0.07,0.0,0.0,0.0,0.0,1.0,1.0,1,124818.0
0,1,22,9,338,392,0,0,0,0,0,1,0,0,0,0,0,0,0,0,0,0,5,5,0.0,0.0,0.0,0.0,1.0,0.0,0.0,202,255,1.0,0.0,0.0,0.01,0.0,0.0,0.0,0.0,0,98652.0
2,1,44,4,0,0,0,0,0,0,0,0,0,0,0,0,0,0,0,0,0,0,397,2,0.0,0.0,1.0,1.0,0.01,0.52,0.0,255,2,0.01,0.52,1.0,0.0,0.0,0.0,1.0,1.0,1,87739.0
0,1,44,5,0,0,0,0,0,0,0,0,0,0,0,0,0,0,0,0,0,0,59,2,1.0,1.0,0.0,0.0,0.03,0.08,0.0,255,21,0.08,0.05,0.0,0.0,1.0,1.0,0.0,0.0,1,77591.0
36831,1,44,4,1,0,0,0,0,0,0,0,0,0,0,0,0,0,0,0,0,0,2,2,0.0,0.0,1.0,1.0,1.0,0.0,0.0,255,2,0.01,0.5,1.0,0.0,0.0,0.0,1.0,1.0,1,56102.0
0,1,49,9,988,329,0,0,0,0,0,1,0,0,0,0,0,0,0,0,0,0,1,4,0.0,0.0,0.0,0.0,1.0,0.0,1.0,219,169,0.77,0.02,0.0,0.0,0.0,0.0,0.0,0.0,0,62925.0
0,1,22,9,207,24293,0,0,0,0,0,1,0,0,0,0,0,0,0,0,0,0,2,2,0.0,0.0,0.0,0.0,1.0,0.0,0.0,255,255,1.0,0.0,0.0,0.0,0.0,0.0,0.0,0.0,0,122379.0
0,1,59,5,0,0,0,0,0,0,0,0,0,0,0,0,0,0,0,0,0,0,148,18,1.0,1.0,0.0,0.0,0.12,0.06,0.0,255,18,0.07,0.07,0.0,0.0,1.0,1.0,0.0,0.0,1,114226.0
0,1,44,1,0,0,0,0,0,0,0,0,0,0,0,0,0,0,0,0,0,0,195,12,0.0,0.0,0.99,1.0,0.06,0.08,0.0,255,12,0.05,0.08,0.0,0.0,0.0,0.0,1.0,1.0,1,104503.0
0,1,19,9,965,0,0,0,0,0,0,1,0,0,0,0,0,0,0,0,0,0,9,9,0.0,0.0,0.0,0.0,1.0,0.0,0.0,255,123,0.48,0.02,0.48,0.0,0.0,0.0,0.0,0.0,0,59606.0
0,2,11,9,86,0,0,0,0,0,0,0,0,0,0,0,0,0,0,0,0,0,1,1,0.0,0.0,0.0,0.0,1.0,0.0,0.0,2,1,0.5,1.0,0.5,0.0,0.0,0.0,0.0,0.0,0,106050.0
19,1,55,9,158,226,0,0,0,0,2,0,0,0,0,0,0,0,0,0,0,0,1,1,0.0,0.0,0.0,0.0,1.0,0.0,0.0,255,1,0.0,0.01,0.0,0.0,0.0,0.0,0.05,0.0,1,69396.0
0,1,22,9,243,7256,0,0,0,0,0,1,0,0,0,0,0,0,0,0,0,0,15,30,0.0,0.0,0.0,0.0,1.0,0.0,0.1,125,255,1.0,0.0,0.01,0.03,0.0,0.0,0.0,0.0,0,9162.0
0,1,40,1,0,0,0,0,0,0,0,0,0,0,0,0,0,0,0,0,0,0,509,1,0.22,0.0,0.77,1.0,0.0,1.0,0.0,255,1,0.0,1.0,0.0,0.0,0.19,0.0,0.81,1.0,1,35618.0
0,2,44,9,28,0,0,3,0,0,0,0,0,0,0,0,0,0,0,0,0,0,79,79,0.0,0.0,0.0,0.0,1.0,0.0,0.0,151,79,0.52,0.03,0.52,0.0,0.0,0.0,0.0,0.0,1,67838.0
0,1,22,2,0,0,0,0,0,0,0,1,0,0,0,0,0,0,0,0,0,0,2,2,0.0,0.0,0.5,0.5,1.0,0.0,0.0,2,255,1.0,0.0,1.0,0.06,0.0,0.0,0.5,0.0,0,60647.0
0,2,11,9,43,126,0,0,0,0,0,0,0,0,0,0,0,0,0,0,0,0,2,2,0.0,0.0,0.0,0.0,1.0,0.0,0.0,123,69,0.56,0.02,0.01,0.0,0.0,0.0,0.0,0.0,0,46042.0
0,1,44,5,0,0,0,0,0,0,0,0,0,0,0,0,0,0,0,0,0,0,213,14,1.0,1.0,0.0,0.0,0.07,0.05,0.0,255,14,0.05,0.06,0.0,0.0,1.0,1.0,0.0,0.0,1,2142.0
0,1,22,9,344,1247,0,0,0,0,0,1,0,0,0,0,0,0,0,0,0,0,9,9,0.0,0.0,0.0,0.0,1.0,0.0,0.0,209,255,1.0,0.0,0.0,0.02,0.0,0.0,0.0,0.0,0,1002.0
0,1,3,5,0,0,0,0,0,0,0,0,0,0,0,0,0,0,0,0,0,0,272,17,1.0,1.0,0.0,0.0,0.06,0.04,0.0,255,17,0.07,0.05,0.0,0.0,1.0,1.0,0.0,0.0,1,78228.0
0,1,22,9,247,546,0,0,0,0,0,1,0,0,0,0,0,0,0,0,0,0,32,35,0.0,0.0,0.0,0.0,1.0,0.0,0.09,255,255,1.0,0.0,0.0,0.0,0.0,0.0,0.0,0.0,0,102917.0
0,2,11,9,45,87,0,0,0,0,0,0,0,0,0,0,0,0,0,0,0,0,76,156,0.0,0.0,0.0,0.0,1.0,0.0,0.01,255,218,0.85,0.01,0.0,0.0,0.0,0.0,0.0,0.0,0,29528.0
0,1,22,9,357,1423,0,0,0,0,0,1,0,0,0,0,0,0,0,0,0,0,10,22,0.0,0.0,0.0,0.0,1.0,0.0,0.09,255,255,1.0,0.0,0.0,0.0,0.0,0.0,0.0,0.0,0,52424.0
0,0,14,9,1032,0,0,0,0,0,0,0,0,0,0,0,0,0,0,0,0,0,386,386,0.0,0.0,0.0,0.0,1.0,0.0,0.0,255,255,1.0,0.0,1.0,0.0,0.0,0.0,0.0,0.0,1,109623.0
0,1,22,9,239,488,0,0,0,0,0,1,0,0,0,0,0,0,0,0,0,0,8,8,0.0,0.0,0.0,0.0,1.0,0.0,0.0,255,255,1.0,0.0,0.01,0.0,0.0,0.0,0.0,0.0,0,28762.0
1,1,49,9,1052,333,0,0,0,0,0,1,0,0,0,0,0,0,0,0,0,0,1,2,0.0,0.0,0.0,0.0,1.0,0.0,1.0,75,150,0.65,0.05,0.01,0.01,0.0,0.0,0.01,0.05,0,79941.0
0,1,22,9,216,760,0,0,0,0,0,1,0,0,0,0,0,0,0,0,0,0,25,27,0.0,0.0,0.0,0.0,1.0,0.0,0.07,255,255,1.0,0.0,0.0,0.0,0.0,0.0,0.0,0.0,0,108334.0
0,1,22,9,303,8720,0,0,0,0,0,1,0,0,0,0,0,0,0,0,0,0,41,41,0.0,0.0,0.0,0.0,1.0,0.0,0.0,255,255,1.0,0.0,0.0,0.0,0.0,0.0,0.0,0.0,0,34151.0
0,1,22,9,306,5690,0,0,0,0,0,1,0,0,0,0,0,0,0,0,0,0,8,9,0.0,0.0,0.0,0.0,1.0,0.0,0.22,60,255,1.0,0.0,0.02,0.04,0.0,0.0,0.0,0.0,0,49333.0
0,1,19,9,567,0,0,0,0,0,0,0,0,0,0,0,0,0,0,0,0,0,1,1,0.0,0.0,0.0,0.0,1.0,0.0,0.0,72,49,0.01,0.08,0.01,0.04,0.0,0.0,0.0,0.0,0,87853.0
0,1,33,5,0,0,0,0,0,0,0,0,0,0,0,0,0,0,0,0,0,0,244,18,1.0,1.0,0.0,0.0,0.07,0.06,0.0,255,19,0.07,0.07,0.0,0.0,1.0,1.0,0.0,0.0,1,16958.0
0,1,44,5,0,0,0,0,0,0,0,0,0,0,0,0,0,0,0,0,0,0,201,2,1.0,1.0,0.0,0.0,0.01,0.05,0.0,5,2,0.4,0.6,0.2,0.0,0.6,1.0,0.0,0.0,1,13668.0
0,1,47,5,0,0,0,0,0,0,0,0,0,0,0,0,0,0,0,0,0,0,270,18,1.0,1.0,0.0,0.0,0.07,0.06,0.0,255,18,0.07,0.07,0.0,0.0,1.0,1.0,0.0,0.0,1,5808.0
0,1,55,5,0,0,0,0,0,0,0,0,0,0,0,0,0,0,0,0,0,0,10,10,1.0,1.0,0.0,0.0,1.0,0.0,0.0,12,12,1.0,0.0,0.08,0.0,0.83,0.83,0.0,0.0,1,124486.0
0,1,17,5,0,0,0,0,0,0,0,0,0,0,0,0,0,0,0,0,0,0,34,18,1.0,1.0,0.0,0.0,0.53,0.06,0.0,255,60,0.24,0.04,0.01,0.0,1.0,1.0,0.0,0.0,1,35676.0
0,2,11,9,31,31,0,0,0,0,0,0,0,0,0,0,0,0,0,0,0,0,2,7,0.0,0.0,0.0,0.0,1.0,0.0,0.43,255,238,0.93,0.01,0.0,0.0,0.0,0.0,0.0,0.0,0,42338.0
0,1,40,1,0,0,0,0,0,0,0,0,0,0,0,0,0,0,0,0,0,0,511,1,0.18,0.0,0.82,1.0,0.0,1.0,0.0,255,1,0.0,1.0,0.0,0.0,0.05,0.0,0.95,1.0,1,60104.0
0,1,2,5,0,0,0,0,0,0,0,0,0,0,0,0,0,0,0,0,0,0,195,5,1.0,1.0,0.0,0.0,0.03,0.06,0.0,255,5,0.02,0.06,0.0,0.0,1.0,1.0,0.0,0.0,1,22028.0
1,1,49,9,918,366,0,0,0,0,0,1,0,0,0,0,0,0,0,0,0,0,1,4,0.0,0.0,0.0,0.0,1.0,0.0,1.0,1,139,1.0,0.0,1.0,0.01,0.0,0.0,0.0,0.0,0,67361.0
0,1,35,5,0,0,0,0,0,0,0,0,0,0,0,0,0,0,0,0,0,0,241,19,1.0,1.0,0.0,0.0,0.08,0.06,0.0,255,19,0.07,0.06,0.0,0.0,1.0,1.0,0.0,0.0,1,56013.0
0,1,22,9,237,595,0,0,0,0,0,1,0,0,0,0,0,0,0,0,0,0,25,39,0.0,0.0,0.0,0.0,1.0,0.0,0.05,63,255,1.0,0.0,0.02,0.02,0.0,0.0,0.0,0.0,0,28490.0
0,1,22,9,233,1978,0,0,0,0,0,1,0,0,0,0,0,0,0,0,0,0,16,16,0.0,0.0,0.0,0.0,1.0,0.0,0.0,255,255,1.0,0.0,0.0,0.0,0.01,0.01,0.0,0.0,0,119270.0
0,1,28,1,0,0,0,0,0,0,0,0,0,0,0,0,0,0,0,0,0,0,141,20,0.0,0.0,1.0,1.0,0.14,0.06,0.0,255,20,0.08,0.06,0.0,0.0,0.0,0.0,1.0,1.0,1,38900.0
0,1,22,9,336,600,0,0,0,0,0,1,0,0,0,0,0,0,0,0,0,0,2,2,0.0,0.0,0.0,0.0,1.0,0.0,0.0,103,255,1.0,0.0,0.01,0.02,0.0,0.0,0.0,0.0,0,119271.0
0,1,49,9,1509,329,0,0,0,0,0,1,0,0,0,0,0,0,0,0,0,0,1,3,0.0,0.0,0.0,0.0,1.0,0.0,1.0,102,122,0.33,0.04,0.01,0.02,0.0,0.02,0.0,0.0,0,104276.0
0,1,18,5,0,0,0,0,0,0,0,0,0,0,0,0,0,0,0,0,0,0,231,5,1.0,1.0,0.0,0.0,0.02,0.07,0.0,255,6,0.02,0.07,0.0,0.0,1.0,1.0,0.0,0.0,1,87935.0
0,1,49,9,783,333,0,0,0,0,0,1,0,0,0,0,0,0,0,0,0,0,1,1,0.0,0.0,0.0,0.0,1.0,0.0,0.0,109,179,0.69,0.04,0.01,0.01,0.0,0.0,0.0,0.0,0,104299.0
0,1,22,9,327,5200,0,0,0,0,0,1,0,0,0,0,0,0,0,0,0,0,5,6,0.0,0.0,0.0,0.0,1.0,0.0,0.33,255,255,1.0,0.0,0.0,0.0,0.0,0.0,0.0,0.0,0,106596.0
0,1,22,9,213,1408,0,0,0,0,0,1,0,0,0,0,0,0,0,0,0,0,6,31,0.0,0.0,0.0,0.0,1.0,0.0,0.13,36,255,1.0,0.0,0.03,0.01,0.0,0.0,0.0,0.0,0,39207.0
0,1,44,4,0,0,0,0,0,0,0,0,0,0,0,0,0,0,0,0,0,0,1,1,0.0,0.0,1.0,1.0,1.0,0.0,0.0,165,1,0.01,0.41,0.41,0.0,0.0,0.0,0.4,1.0,1,91007.0
0,2,11,9,43,96,0,0,0,0,0,0,0,0,0,0,0,0,0,0,0,0,200,200,0.0,0.0,0.0,0.0,1.0,0.01,0.01,255,254,1.0,0.01,0.0,0.0,0.0,0.0,0.0,0.0,0,37346.0
0,1,44,4,0,0,0,0,0,0,0,0,0,0,0,0,0,0,0,0,0,0,1,1,0.0,0.0,1.0,1.0,1.0,0.0,0.0,255,1,0.0,0.54,1.0,0.0,0.0,0.0,1.0,1.0,1,66875.0
0,1,22,9,368,5262,0,0,0,0,0,1,0,0,0,0,0,0,0,0,0,0,5,5,0.0,0.0,0.0,0.0,1.0,0.0,0.0,255,255,1.0,0.0,0.0,0.0,0.0,0.0,0.0,0.0,0,117933.0
0,1,44,5,0,0,0,0,0,0,0,0,0,0,0,0,0,0,0,0,0,0,133,5,1.0,1.0,0.0,0.0,0.04,0.06,0.0,255,14,0.05,0.07,0.0,0.0,1.0,1.0,0.0,0.0,1,17681.0
0,1,44,5,0,0,0,0,0,0,0,0,0,0,0,0,0,0,0,0,0,0,259,12,1.0,1.0,0.0,0.0,0.05,0.06,0.0,255,11,0.04,0.09,0.0,0.0,1.0,1.0,0.0,0.0,1,46888.0
0,2,11,9,45,45,0,0,0,0,0,0,0,0,0,0,0,0,0,0,0,0,262,266,0.0,0.0,0.0,0.0,1.0,0.0,0.01,255,222,0.87,0.01,0.0,0.0,0.0,0.0,0.0,0.0,0,57268.0
0,1,42,9,35,130,0,0,0,0,0,1,0,0,0,0,0,0,0,0,0,0,1,1,0.0,0.0,0.0,0.0,1.0,0.0,0.0,154,6,0.03,0.05,0.01,0.33,0.0,0.0,0.01,0.0,0,48197.0
7405,2,40,9,145,105,0,0,0,0,0,0,0,0,0,0,0,0,0,0,0,0,1,1,0.0,0.0,0.0,0.0,1.0,0.0,0.0,255,1,0.0,0.64,0.96,0.0,0.0,0.0,0.0,0.0,0,102653.0
39458,1,44,4,1,0,0,0,0,0,0,0,0,0,0,0,0,0,0,0,0,0,2,2,0.0,0.0,1.0,1.0,1.0,0.0,0.0,255,2,0.01,0.5,1.0,0.0,0.0,0.0,1.0,1.0,1,51500.0
0,1,50,1,0,0,0,0,0,0,0,0,0,0,0,0,0,0,0,0,0,0,234,17,0.0,0.0,1.0,1.0,0.07,0.07,0.0,255,17,0.07,0.08,0.0,0.0,0.0,0.0,1.0,1.0,1,43538.0
0,1,8,5,0,0,0,0,0,0,0,0,0,0,0,0,0,0,0,0,0,0,137,21,1.0,1.0,0.0,0.0,0.15,0.05,0.0,255,10,0.04,0.06,0.0,0.0,1.0,1.0,0.0,0.0,1,121725.0
0,1,22,9,215,844,0,0,0,0,0,1,0,0,0,0,0,0,0,0,0,0,11,37,0.0,0.0,0.0,0.0,1.0,0.0,0.11,44,255,1.0,0.0,0.02,0.01,0.0,0.0,0.0,0.0,0,45522.0
0,1,44,5,0,0,0,0,0,0,0,0,0,0,0,0,0,0,0,0,0,0,135,19,1.0,1.0,0.0,0.0,0.14,0.06,0.0,255,6,0.02,0.06,0.0,0.0,1.0,1.0,0.0,0.0,1,84722.0
1,1,49,9,3617,282,0,0,0,0,0,1,0,0,0,0,0,0,0,0,0,0,1,2,0.0,0.0,0.0,0.0,1.0,0.0,1.0,169,140,0.56,0.03,0.01,0.01,0.01,0.01,0.0,0.0,0,23970.0
0,1,22,9,253,1054,0,0,0,0,0,1,0,0,0,0,0,0,0,0,0,0,9,12,0.0,0.0,0.0,0.0,1.0,0.0,0.17,47,255,1.0,0.0,0.02,0.02,0.0,0.0,0.0,0.0,0,11643.0
0,1,22,9,368,240,0,0,0,0,0,1,0,0,0,0,0,0,0,0,0,0,3,3,0.0,0.0,0.0,0.0,1.0,0.0,0.0,175,255,1.0,0.0,0.01,0.04,0.0,0.0,0.0,0.0,0,69977.0
0,1,22,9,229,622,0,0,0,0,0,1,0,0,0,0,0,0,0,0,0,0,11,12,0.0,0.0,0.0,0.0,1.0,0.0,0.17,147,255,1.0,0.0,0.01,0.04,0.0,0.0,0.0,0.0,0,48267.0
0,1,60,5,0,0,0,0,0,0,0,0,0,0,0,0,0,0,0,0,0,0,256,4,1.0,1.0,0.0,0.0,0.02,0.06,0.0,255,13,0.05,0.07,0.0,0.0,1.0,1.0,0.0,0.0,1,28601.0
0,1,22,9,202,4841,0,0,0,0,0,1,0,0,0,0,0,0,0,0,0,0,3,4,0.0,0.0,0.0,0.0,1.0,0.0,0.5,63,255,1.0,0.0,0.02,0.09,0.0,0.0,0.0,0.0,0,42795.0
0,1,59,2,0,0,0,0,0,0,0,0,0,0,0,0,0,0,0,0,0,0,76,5,0.0,0.0,1.0,1.0,0.07,0.08,0.0,255,5,0.02,0.07,0.0,0.0,0.0,0.0,1.0,1.0,1,60869.0
0,1,22,9,292,313,0,0,0,0,0,1,0,0,0,0,0,0,0,0,0,0,24,32,0.0,0.0,0.0,0.0,1.0,0.0,0.09,255,255,1.0,0.0,0.0,0.0,0.0,0.0,0.0,0.0,0,64856.0
0,1,19,9,71,0,0,0,0,0,0,0,0,0,0,0,0,0,0,0,0,0,1,1,0.0,0.0,0.0,0.0,1.0,0.0,0.0,230,11,0.02,0.01,0.02,0.18,0.87,0.0,0.0,0.0,0,101659.0
0,1,44,5,0,0,0,0,0,0,0,0,0,0,0,0,0,0,0,0,0,0,145,4,1.0,1.0,0.0,0.0,0.03,0.06,0.0,119,3,0.03,0.12,0.01,0.0,1.0,1.0,0.0,0.0,1,39081.0
0,1,61,5,0,0,0,0,0,0,0,0,0,0,0,0,0,0,0,0,0,0,269,19,1.0,1.0,0.0,0.0,0.07,0.07,0.0,255,20,0.08,0.07,0.0,0.0,1.0,1.0,0.0,0.0,1,112031.0
0,1,44,5,0,0,0,0,0,0,0,0,0,0,0,0,0,0,0,0,0,0,237,24,1.0,1.0,0.0,0.0,0.1,0.04,0.0,255,24,0.09,0.05,0.0,0.0,1.0,1.0,0.0,0.0,1,49931.0
0,1,44,5,0,0,0,0,0,0,0,0,0,0,0,0,0,0,0,0,0,0,144,3,0.99,1.0,0.0,0.0,0.02,0.06,0.0,255,2,0.01,0.06,0.0,0.0,1.0,1.0,0.0,0.0,1,65576.0
0,1,22,9,196,8921,0,0,0,0,0,1,0,0,0,0,0,0,0,0,0,0,1,54,0.0,0.0,0.0,0.0,1.0,0.0,0.06,29,255,1.0,0.0,0.03,0.03,0.0,0.02,0.0,0.02,0,35861.0
0,2,11,9,43,75,0,0,0,0,0,0,0,0,0,0,0,0,0,0,0,0,167,167,0.0,0.0,0.0,0.0,1.0,0.0,0.0,255,255,1.0,0.0,0.01,0.0,0.0,0.0,0.0,0.0,0,93638.0
0,1,22,9,238,9518,0,0,0,0,0,1,0,0,0,0,0,0,0,0,0,0,1,1,0.0,0.0,0.0,0.0,1.0,0.0,0.0,31,255,1.0,0.0,0.03,0.01,0.0,0.0,0.0,0.0,0,112737.0
0,1,22,9,252,1078,0,0,0,0,0,1,0,0,0,0,0,0,0,0,0,0,16,16,0.0,0.0,0.0,0.0,1.0,0.0,0.0,255,255,1.0,0.0,0.01,0.0,0.0,0.0,0.0,0.0,0,113665.0
0,1,44,5,0,0,0,0,0,0,0,0,0,0,0,0,0,0,0,0,0,0,282,5,1.0,1.0,0.0,0.0,0.02,0.06,0.0,255,13,0.05,0.07,0.0,0.0,1.0,1.0,0.0,0.0,1,83434.0
0,2,11,9,129,45,0,0,0,0,0,0,0,0,0,0,0,0,0,0,0,0,290,289,0.0,0.0,0.0,0.0,1.0,0.01,0.0,179,146,0.82,0.01,0.4,0.0,0.0,0.0,0.0,0.0,0,70495.0
0,1,0,6,2252,6679,0,0,0,0,0,1,0,0,0,0,0,0,0,0,0,0,1,1,1.0,1.0,0.0,0.0,1.0,0.0,0.0,53,22,0.42,0.04,0.02,0.0,0.11,0.27,0.26,0.64,0,77768.0
0,1,44,5,0,0,0,0,0,0,0,0,0,0,0,0,0,0,0,0,0,0,47,2,1.0,1.0,0.0,0.0,0.04,0.13,0.0,255,14,0.05,0.09,0.0,0.0,1.0,1.0,0.0,0.0,1,76538.0
0,2,11,9,44,125,0,0,0,0,0,0,0,0,0,0,0,0,0,0,0,0,76,156,0.0,0.0,0.0,0.0,1.0,0.0,0.01,255,255,1.0,0.0,0.0,0.0,0.0,0.0,0.0,0.0,0,40034.0
0,1,44,1,0,0,0,0,0,0,0,0,0,0,0,0,0,0,0,0,0,0,1,1,0.0,0.0,1.0,1.0,1.0,0.0,0.0,45,2,0.02,1.0,0.02,1.0,0.0,0.0,0.91,1.0,1,59716.0
0,1,19,9,7012,0,0,0,0,0,0,1,0,0,0,0,0,0,0,0,0,0,5,5,0.0,0.0,0.0,0.0,1.0,0.0,0.0,51,94,0.29,0.08,0.29,0.02,0.0,0.0,0.0,0.0,0,98781.0
0,1,22,9,54540,8314,0,0,0,2,0,1,1,0,0,0,0,0,0,0,0,0,5,7,0.0,0.0,0.0,0.29,1.0,0.0,0.43,153,153,1.0,0.0,0.01,0.0,0.0,0.0,0.06,0.06,1,42182.0
0,1,5,5,0,0,0,0,0,0,0,0,0,0,0,0,0,0,0,0,0,0,117,9,1.0,1.0,0.0,0.0,0.08,0.07,0.0,255,9,0.04,0.07,0.0,0.0,1.0,1.0,0.0,0.0,1,22811.0
0,1,22,9,207,5443,0,0,0,0,0,1,0,0,0,0,0,0,0,0,0,0,6,6,0.0,0.0,0.0,0.0,1.0,0.0,0.0,6,255,1.0,0.0,0.17,0.02,0.0,0.0,0.0,0.0,0,17373.0
0,1,22,9,202,6527,0,0,0,0,0,1,0,0,0,0,0,0,0,0,0,0,8,8,0.0,0.0,0.0,0.0,1.0,0.0,0.0,24,255,1.0,0.0,0.04,0.02,0.0,0.0,0.0,0.0,0,5845.0
0,1,22,9,279,783,0,0,0,0,0,1,0,0,0,0,0,0,0,0,0,0,11,14,0.0,0.0,0.0,0.0,1.0,0.0,0.21,39,255,1.0,0.0,0.03,0.04,0.0,0.0,0.0,0.0,0,60463.0
0,1,10,5,0,0,0,0,0,0,0,0,0,0,0,0,0,0,0,0,0,0,213,21,1.0,1.0,0.0,0.0,0.1,0.06,0.0,255,21,0.08,0.05,0.0,0.0,1.0,1.0,0.0,0.0,1,93669.0
0,1,22,9,264,32,0,0,0,0,0,1,0,0,0,0,0,0,0,0,0,0,1,7,0.0,0.0,0.0,0.0,1.0,0.0,0.29,1,255,1.0,0.0,1.0,0.05,0.0,0.0,0.0,0.0,0,95079.0
0,1,12,5,0,0,0,0,0,0,0,0,0,0,0,0,0,0,0,0,0,0,277,9,1.0,1.0,0.0,0.0,0.03,0.06,0.0,255,9,0.04,0.07,0.0,0.0,1.0,1.0,0.0,0.0,1,58758.0
0,1,44,4,0,0,0,0,0,0,0,0,0,0,0,0,0,0,0,0,0,0,1,1,0.0,0.0,1.0,1.0,1.0,0.0,0.0,189,1,0.01,0.48,0.48,0.0,0.0,0.0,0.48,1.0,1,68762.0
0,2,11,9,43,76,0,0,0,0,0,0,0,0,0,0,0,0,0,0,0,0,308,308,0.0,0.0,0.0,0.0,1.0,0.0,0.0,255,254,1.0,0.01,0.0,0.0,0.0,0.0,0.0,0.0,0,50829.0
0,2,44,9,105,145,0,0,0,0,0,0,0,0,0,0,0,0,0,0,0,0,2,2,0.0,0.0,0.0,0.0,1.0,0.0,0.0,255,245,0.96,0.01,0.01,0.0,0.0,0.0,0.0,0.0,0,116670.0
0,1,44,5,0,0,0,0,0,0,0,0,0,0,0,0,0,0,0,0,0,0,218,17,1.0,1.0,0.0,0.0,0.08,0.06,0.0,255,3,0.01,0.08,0.0,0.0,1.0,1.0,0.0,0.0,1,41560.0
0,1,22,9,258,7973,0,0,0,0,0,1,0,0,0,0,0,0,0,0,0,0,14,14,0.0,0.0,0.0,0.0,1.0,0.0,0.0,34,255,1.0,0.0,0.03,0.02,0.0,0.0,0.0,0.0,0,2213.0
0,2,11,9,45,131,0,0,0,0,0,0,0,0,0,0,0,0,0,0,0,0,42,172,0.0,0.0,0.0,0.0,1.0,0.0,0.01,100,223,0.86,0.02,0.86,0.01,0.0,0.0,0.08,0.0,0,115221.0
0,2,11,9,17,70,0,0,0,0,0,0,0,0,0,0,0,0,0,0,0,0,1,2,0.0,0.0,0.0,0.0,1.0,0.0,1.0,77,228,1.0,0.0,1.0,0.01,0.0,0.0,0.0,0.0,0,57929.0
16,1,49,9,12620,1361,0,0,0,0,0,1,0,0,0,0,0,0,0,0,0,0,1,2,0.0,0.0,0.0,0.0,1.0,0.0,1.0,67,163,0.55,0.06,0.01,0.01,0.01,0.0,0.0,0.0,0,45430.0
0,1,49,5,0,0,0,0,0,0,0,0,0,0,0,0,0,0,0,0,0,0,7,7,1.0,1.0,0.0,0.0,1.0,0.0,0.0,69,136,0.39,0.03,0.01,0.01,0.97,0.2,0.0,0.0,1,91440.0
0,2,11,9,45,45,0,0,0,0,0,0,0,0,0,0,0,0,0,0,0,0,82,162,0.0,0.0,0.0,0.0,1.0,0.0,0.01,255,254,1.0,0.01,0.01,0.0,0.0,0.0,0.0,0.0,0,12418.0
0,1,44,1,0,0,0,0,0,0,0,0,0,0,0,0,0,0,0,0,0,0,2,1,0.0,0.0,1.0,1.0,0.5,1.0,0.0,255,1,0.0,0.18,0.15,0.0,0.0,0.0,0.16,1.0,1,43822.0
0,0,14,9,1032,0,0,0,0,0,0,0,0,0,0,0,0,0,0,0,0,0,342,342,0.0,0.0,0.0,0.0,1.0,0.0,0.0,255,255,1.0,0.0,1.0,0.0,0.0,0.0,0.0,0.0,1,43065.0
0,2,11,9,46,77,0,0,0,0,0,0,0,0,0,0,0,0,0,0,0,0,125,125,0.0,0.0,0.0,0.0,1.0,0.0,0.0,255,255,1.0,0.0,0.01,0.0,0.0,0.0,0.0,0.0,0,122477.0
0,1,53,5,0,0,0,0,0,0,0,0,0,0,0,0,0,0,0,0,0,0,284,4,1.0,1.0,0.0,0.0,0.01,0.05,0.0,255,4,0.02,0.05,0.0,0.0,1.0,1.0,0.0,0.0,1,40972.0
0,1,22,9,142,8947,0,0,0,0,0,1,0,0,0,0,0,0,0,0,0,0,1,1,0.0,0.0,0.0,0.0,1.0,0.0,0.0,130,255,1.0,0.0,0.02,0.01,0.0,0.0,0.0,0.0,0,51290.0
0,1,44,1,0,0,0,0,0,0,0,0,0,0,0,0,0,0,0,0,0,0,234,17,0.0,0.0,1.0,1.0,0.07,0.07,0.0,255,17,0.07,0.09,0.0,0.0,0.0,0.0,1.0,1.0,1,79745.0
0,1,22,1,0,0,0,0,0,0,0,0,0,0,0,0,0,0,0,0,0,0,1,1,0.0,0.0,1.0,1.0,1.0,0.0,0.0,3,24,1.0,0.0,0.33,0.25,0.0,0.0,1.0,1.0,0,98265.0
0,1,22,9,340,3893,0,0,0,0,0,1,0,0,0,0,0,0,0,0,0,0,9,11,0.0,0.0,0.0,0.0,1.0,0.0,0.27,22,255,1.0,0.0,0.05,0.06,0.0,0.01,0.0,0.0,0,55341.0
0,1,22,9,230,16219,0,0,0,0,0,1,0,0,0,0,0,0,0,0,0,0,13,13,0.0,0.0,0.0,0.0,1.0,0.0,0.0,255,255,1.0,0.0,0.0,0.0,0.01,0.01,0.0,0.0,0,62002.0
0,1,22,9,309,1645,0,0,0,0,0,1,0,0,0,0,0,0,0,0,0,0,1,1,0.0,0.0,0.0,0.0,1.0,0.0,0.0,255,255,1.0,0.0,0.0,0.0,0.0,0.0,0.0,0.0,0,122463.0
0,1,40,9,852,0,0,0,0,0,0,1,0,0,0,0,0,0,0,0,0,0,5,1,0.2,0.0,0.0,0.0,0.2,0.6,0.0,255,1,0.0,0.02,0.22,0.0,0.0,0.0,0.0,0.0,0,8530.0
0,1,22,9,288,2289,0,0,0,0,0,1,0,0,0,0,0,0,0,0,0,0,11,11,0.0,0.0,0.0,0.0,1.0,0.0,0.0,28,255,1.0,0.0,0.04,0.02,0.0,0.01,0.0,0.0,0,91728.0
0,1,2,5,0,0,0,0,0,0,0,0,0,0,0,0,0,0,0,0,0,0,254,10,1.0,1.0,0.0,0.0,0.04,0.06,0.0,255,10,0.04,0.07,0.0,0.0,1.0,1.0,0.0,0.0,1,110045.0
0,2,44,9,105,146,0,0,0,0,0,0,0,0,0,0,0,0,0,0,0,0,7,1,0.0,0.0,0.0,0.0,0.14,0.29,0.0,255,227,0.89,0.01,0.0,0.0,0.0,0.0,0.0,0.0,0,87270.0
0,1,44,1,0,0,0,0,0,0,0,0,0,0,0,0,0,0,0,0,0,0,1,1,0.0,0.0,1.0,1.0,1.0,0.0,0.0,16,1,0.06,1.0,0.06,0.0,0.0,0.0,0.88,1.0,1,11668.0
0,1,3,9,10,38,0,0,0,0,0,1,0,0,0,0,0,0,0,0,0,0,1,1,0.0,0.0,0.0,0.0,1.0,0.0,0.0,28,9,0.04,0.07,0.04,0.22,0.0,0.0,0.0,0.0,0,71672.0
0,2,11,9,68,0,0,0,0,0,0,0,0,0,0,0,0,0,0,0,0,0,4,7,0.0,0.0,0.0,0.0,1.0,0.0,0.29,255,241,0.95,0.01,0.05,0.0,0.0,0.0,0.0,0.0,0,93592.0
0,1,55,5,0,0,0,0,0,0,0,0,0,0,0,0,0,0,0,0,0,0,51,11,1.0,1.0,0.0,0.0,0.22,0.08,0.0,255,63,0.25,0.02,0.01,0.0,1.0,1.0,0.0,0.0,1,39181.0
0,1,22,9,201,535,0,0,0,0,0,1,0,0,0,0,0,0,0,0,0,0,10,20,0.0,0.0,0.0,0.0,1.0,0.0,0.25,255,255,1.0,0.0,0.0,0.0,0.0,0.0,0.0,0.0,0,51657.0
0,1,59,2,0,0,0,0,0,0,0,0,0,0,0,0,0,0,0,0,0,0,104,3,0.0,0.0,1.0,1.0,0.03,0.08,0.0,255,3,0.01,0.06,0.0,0.0,0.0,0.0,1.0,1.0,1,48886.0
0,1,53,1,0,0,0,0,0,0,0,0,0,0,0,0,0,0,0,0,0,0,263,3,0.0,0.0,1.0,1.0,0.01,0.06,0.0,255,3,0.01,0.08,0.0,0.0,0.0,0.0,1.0,1.0,1,12909.0
0,1,22,9,171,3878,0,0,0,0,0,1,0,0,0,0,0,0,0,0,0,0,9,9,0.0,0.0,0.0,0.0,1.0,0.0,0.0,9,255,1.0,0.0,0.11,0.05,0.0,0.0,0.0,0.0,0,114391.0
0,1,36,5,0,0,0,0,0,0,0,0,0,0,0,0,0,0,0,0,0,0,214,16,1.0,1.0,0.0,0.0,0.07,0.06,0.0,255,15,0.06,0.07,0.0,0.0,1.0,1.0,0.0,0.0,1,14023.0
0,1,44,5,0,0,0,0,0,0,0,0,0,0,0,0,0,0,0,0,0,0,239,15,1.0,1.0,0.0,0.0,0.06,0.06,0.0,255,6,0.02,0.08,0.0,0.0,1.0,1.0,0.0,0.0,1,110289.0
0,1,44,5,0,0,0,0,0,0,0,0,0,0,0,0,0,0,0,0,0,0,118,7,1.0,1.0,0.0,0.0,0.06,0.06,0.0,196,10,0.05,0.09,0.01,0.0,1.0,1.0,0.0,0.0,1,104525.0
0,1,44,5,0,0,0,0,0,0,0,0,0,0,0,0,0,0,0,0,0,0,179,20,1.0,1.0,0.0,0.0,0.11,0.06,0.0,255,1,0.0,0.08,0.0,0.0,1.0,1.0,0.0,0.0,1,27729.0
0,1,22,9,236,14602,0,0,0,2,0,1,0,0,0,0,0,0,0,0,0,0,1,2,0.0,0.0,0.0,0.0,1.0,0.0,1.0,255,255,1.0,0.0,0.01,0.0,0.0,0.0,0.0,0.0,0,39082.0
0,1,22,9,292,7635,0,0,0,0,0,1,0,0,0,0,0,0,0,0,0,0,4,4,0.0,0.0,0.0,0.0,1.0,0.0,0.0,255,255,1.0,0.0,0.0,0.0,0.0,0.0,0.0,0.0,0,15550.0
0,1,19,5,0,0,0,0,0,0,0,0,0,0,0,0,0,0,0,0,0,0,15,2,1.0,1.0,0.0,0.0,0.13,0.27,0.0,255,25,0.1,0.06,0.0,0.0,1.0,1.0,0.0,0.0,1,112214.0
0,2,11,9,43,43,0,0,0,0,0,0,0,0,0,0,0,0,0,0,0,0,88,132,0.0,0.0,0.0,0.0,1.0,0.0,0.02,255,255,1.0,0.0,0.01,0.0,0.0,0.0,0.0,0.0,0,49269.0
0,1,44,5,0,0,0,0,0,0,0,0,0,0,0,0,0,0,0,0,0,0,181,11,1.0,1.0,0.0,0.0,0.06,0.06,0.0,255,12,0.05,0.08,0.0,0.0,1.0,1.0,0.0,0.0,1,34331.0
14517,1,55,9,794,152110,0,0,0,0,0,1,520,1,2,572,0,0,8,0,0,0,1,1,0.0,0.0,0.0,0.0,1.0,0.0,0.0,8,3,0.38,0.25,0.12,0.0,0.0,0.0,0.0,0.0,0,20614.0
0,1,44,5,0,0,0,0,0,0,0,0,0,0,0,0,0,0,0,0,0,0,85,1,1.0,1.0,0.0,0.0,0.01,0.07,0.0,255,19,0.07,0.07,0.0,0.0,1.0,1.0,0.0,0.0,1,50139.0
0,1,22,9,312,24572,0,0,0,0,0,1,0,0,0,0,0,0,0,0,0,0,2,8,0.0,0.0,0.0,0.0,1.0,0.0,0.38,131,255,1.0,0.0,0.01,0.02,0.01,0.0,0.0,0.0,0,103940.0
0,1,22,9,268,9518,0,0,0,0,0,1,0,0,0,0,0,0,0,0,0,0,1,2,0.0,0.0,0.0,0.0,1.0,0.0,1.0,148,255,1.0,0.0,0.01,0.05,0.0,0.0,0.0,0.0,0,6748.0
0,2,44,9,1,0,0,0,0,0,0,0,0,0,0,0,0,0,0,0,0,0,52,12,0.0,0.0,0.0,0.0,0.23,0.08,0.0,255,23,0.09,0.59,0.44,0.0,0.16,0.0,0.4,0.0,1,87941.0
0,1,22,9,293,1506,0,0,0,0,0,1,0,0,0,0,0,0,0,0,0,0,24,24,0.0,0.0,0.0,0.0,1.0,0.0,0.0,54,255,1.0,0.0,0.02,0.02,0.0,0.0,0.0,0.0,0,119189.0
0,1,22,9,212,1429,0,0,0,0,0,1,0,0,0,0,0,0,0,0,0,0,12,12,0.0,0.0,0.0,0.0,1.0,0.0,0.0,255,255,1.0,0.0,0.0,0.0,0.0,0.0,0.0,0.0,0,31241.0
0,2,11,9,44,44,0,0,0,0,0,0,0,0,0,0,0,0,0,0,0,0,90,170,0.0,0.0,0.0,0.0,1.0,0.0,0.01,255,252,0.99,0.01,0.01,0.0,0.0,0.0,0.0,0.0,0,46792.0
0,1,22,9,206,14927,0,0,0,0,0,1,0,0,0,0,0,0,0,0,0,0,2,2,0.0,0.0,0.0,0.0,1.0,0.0,0.0,13,255,1.0,0.0,0.08,0.03,0.0,0.0,0.0,0.0,0,10797.0
0,1,22,9,200,654,0,0,0,0,0,1,0,0,0,0,0,0,0,0,0,0,6,6,0.0,0.0,0.0,0.0,1.0,0.0,0.0,255,255,1.0,0.0,0.0,0.0,0.0,0.0,0.0,0.0,0,120359.0
0,1,22,9,359,724,0,0,0,0,0,1,0,0,0,0,0,0,0,0,0,0,10,10,0.0,0.0,0.0,0.0,1.0,0.0,0.0,255,255,1.0,0.0,0.0,0.0,0.0,0.0,0.0,0.0,0,106222.0
0,1,19,5,0,0,0,0,0,0,0,0,0,0,0,0,0,0,0,0,0,0,223,2,1.0,1.0,0.0,0.0,0.01,0.06,0.0,255,2,0.01,0.06,0.0,0.0,1.0,1.0,0.0,0.0,1,67828.0
0,2,11,9,45,74,0,0,0,0,0,0,0,0,0,0,0,0,0,0,0,0,156,156,0.0,0.0,0.0,0.0,1.0,0.0,0.0,255,254,1.0,0.01,0.0,0.0,0.0,0.0,0.0,0.0,0,10055.0
0,1,44,5,0,0,0,0,0,0,0,0,0,0,0,0,0,0,0,0,0,0,85,20,1.0,1.0,0.0,0.0,0.24,0.07,0.0,255,5,0.02,0.06,0.0,0.0,1.0,1.0,0.0,0.0,1,121924.0
0,1,44,4,0,0,0,0,0,0,0,0,0,0,0,0,0,0,0,0,0,0,1,1,0.0,0.0,1.0,1.0,1.0,0.0,0.0,124,1,0.01,0.22,0.21,0.0,0.0,0.0,0.2,1.0,1,122213.0
0,1,22,9,217,3005,0,0,0,0,0,1,0,0,0,0,0,0,0,0,0,0,3,4,0.0,0.0,0.0,0.0,1.0,0.0,0.5,13,255,1.0,0.0,0.08,0.05,0.0,0.0,0.0,0.0,0,10872.0
0,1,55,5,0,0,0,0,0,0,0,0,0,0,0,0,0,0,0,0,0,0,32,10,1.0,1.0,0.0,0.0,0.31,0.09,0.0,255,70,0.27,0.02,0.0,0.0,1.0,1.0,0.0,0.0,1,30052.0
0,1,22,9,345,487,0,0,0,0,0,1,0,0,0,0,0,0,0,0,0,0,24,27,0.0,0.0,0.0,0.0,1.0,0.0,0.11,255,255,1.0,0.0,0.0,0.0,0.0,0.0,0.0,0.0,0,70884.0
0,1,22,9,191,2241,0,0,0,0,0,1,0,0,0,0,0,0,0,0,0,0,4,13,0.0,0.0,0.0,0.0,1.0,0.0,0.31,255,255,1.0,0.0,0.01,0.0,0.0,0.0,0.0,0.0,0,84038.0
0,1,44,5,0,0,0,0,0,0,0,0,0,0,0,0,0,0,0,0,0,0,91,1,1.0,1.0,0.0,0.0,0.01,0.08,0.0,255,20,0.08,0.05,0.0,0.0,1.0,1.0,0.0,0.0,1,10587.0
0,1,22,9,189,9140,0,0,0,0,0,1,0,0,0,0,0,0,0,0,0,0,1,12,0.0,0.0,0.0,0.0,1.0,0.0,0.17,59,255,1.0,0.0,0.02,0.03,0.0,0.0,0.0,0.0,0,79432.0
0,0,14,9,1480,0,0,1,0,0,0,0,0,0,0,0,0,0,0,0,0,0,7,7,0.0,0.0,0.0,0.0,1.0,0.0,0.0,255,8,0.03,0.08,0.03,0.0,0.58,0.0,0.01,0.0,1,122259.0
0,2,11,9,44,124,0,0,0,0,0,0,0,0,0,0,0,0,0,0,0,0,68,148,0.0,0.0,0.0,0.0,1.0,0.0,0.01,255,254,1.0,0.01,0.0,0.0,0.0,0.0,0.0,0.0,0,7783.0
0,1,22,9,243,1156,0,0,0,0,0,1,0,0,0,0,0,0,0,0,0,0,11,11,0.0,0.0,0.0,0.0,1.0,0.0,0.0,12,255,1.0,0.0,0.08,0.02,0.0,0.0,0.0,0.0,0,109419.0
0,2,44,9,28,0,0,3,0,0,0,0,0,0,0,0,0,0,0,0,0,0,90,90,0.0,0.0,0.0,0.0,1.0,0.0,0.0,255,90,0.35,0.64,0.35,0.0,0.0,0.0,0.52,0.0,1,33701.0
0,1,22,9,162,571,0,0,0,0,0,1,0,0,0,0,0,0,0,0,0,0,1,1,0.0,0.0,0.0,0.0,1.0,0.0,0.0,2,255,1.0,0.0,0.5,0.04,0.0,0.0,0.0,0.0,0,118503.0
0,1,22,9,318,12589,0,0,0,0,0,1,0,0,0,0,0,0,0,0,0,0,2,3,0.0,0.0,0.0,0.0,1.0,0.0,0.67,255,255,1.0,0.0,0.0,0.0,0.0,0.0,0.0,0.0,0,68062.0
0,1,44,5,0,0,0,0,0,0,0,0,0,0,0,0,0,0,0,0,0,0,257,16,1.0,1.0,0.0,0.0,0.06,0.06,0.0,255,16,0.06,0.08,0.0,0.0,1.0,1.0,0.0,0.0,1,106344.0
0,1,19,9,12,0,0,0,0,0,0,1,0,0,0,0,0,0,0,0,0,0,2,2,0.0,0.0,0.0,0.0,1.0,0.0,0.0,168,54,0.19,0.02,0.19,0.04,0.0,0.0,0.0,0.0,0,100164.0
0,2,11,9,45,81,0,0,0,0,0,0,0,0,0,0,0,0,0,0,0,0,132,131,0.0,0.0,0.0,0.0,0.99,0.02,0.0,255,254,1.0,0.01,0.01,0.0,0.0,0.0,0.0,0.0,0,11989.0
0,1,9,5,0,0,0,0,0,0,0,0,0,0,0,0,0,0,0,0,0,0,264,15,1.0,1.0,0.0,0.0,0.06,0.06,0.0,255,15,0.06,0.07,0.0,0.0,1.0,1.0,0.0,0.0,1,7581.0
0,1,22,9,352,1358,0,0,0,0,0,1,0,0,0,0,0,0,0,0,0,0,6,7,0.0,0.0,0.0,0.0,1.0,0.0,0.29,28,255,1.0,0.0,0.04,0.04,0.0,0.01,0.0,0.0,0,111791.0
0,2,44,9,28,0,0,3,0,0,0,0,0,0,0,0,0,0,0,0,0,0,115,15,0.87,0.0,0.0,0.0,0.13,0.06,0.0,255,15,0.06,0.95,0.06,0.0,0.09,0.0,0.85,0.0,1,83150.0
0,1,52,5,0,0,0,0,0,0,0,0,0,0,0,0,0,0,0,0,0,0,140,15,1.0,1.0,0.0,0.0,0.11,0.04,0.0,255,15,0.06,0.05,0.0,0.0,1.0,1.0,0.0,0.0,1,7191.0
0,1,20,1,0,0,0,0,0,0,0,0,0,0,0,0,0,0,0,0,0,0,226,5,0.0,0.0,1.0,1.0,0.02,0.07,0.0,255,5,0.02,0.07,0.0,0.0,0.0,0.0,1.0,1.0,1,33291.0
13535,1,55,9,10606,17797,0,0,0,0,0,1,4,0,0,2,40,0,0,0,0,0,1,1,0.0,0.0,0.0,0.0,1.0,0.0,0.0,255,12,0.05,0.06,0.0,0.0,0.76,0.08,0.0,0.0,0,17314.0
0,1,22,9,322,659,0,0,0,0,0,1,0,0,0,0,0,0,0,0,0,0,6,6,0.0,0.0,0.0,0.0,1.0,0.0,0.0,111,255,1.0,0.0,0.01,0.05,0.0,0.0,0.0,0.0,0,56047.0
0,1,10,1,0,0,0,0,0,0,0,0,0,0,0,0,0,0,0,0,0,0,256,18,0.0,0.0,1.0,1.0,0.07,0.05,0.0,255,18,0.07,0.07,0.0,0.0,0.0,0.0,1.0,1.0,1,4181.0
5060,1,19,9,5133876,0,0,0,0,3,0,1,0,0,0,0,0,0,0,0,0,0,1,1,0.0,0.0,0.0,0.0,1.0,0.0,0.0,4,39,1.0,0.0,1.0,0.15,0.0,0.03,0.0,0.0,1,36709.0
4,1,49,9,1895,336,0,0,0,0,0,1,0,0,0,0,0,0,0,0,0,0,1,1,0.0,0.0,0.0,0.0,1.0,0.0,0.0,90,195,0.64,0.04,0.01,0.01,0.0,0.0,0.0,0.0,0,24611.0
11431,2,40,9,147,105,0,0,0,0,0,0,0,0,0,0,0,0,0,0,0,0,2,2,0.0,0.0,0.0,0.0,1.0,0.0,0.0,255,2,0.01,0.56,0.91,0.0,0.0,0.0,0.0,0.0,0,18448.0
0,1,22,9,315,405,0,0,0,0,0,1,0,0,0,0,0,0,0,0,0,0,1,13,0.0,0.0,0.0,0.0,1.0,0.0,0.15,4,255,1.0,0.0,0.25,0.04,0.0,0.0,0.0,0.0,0,35883.0
0,0,14,9,1032,0,0,0,0,0,0,0,0,0,0,0,0,0,0,0,0,0,511,511,0.0,0.0,0.0,0.0,1.0,0.0,0.0,255,160,0.63,0.01,0.63,0.0,0.0,0.0,0.0,0.0,1,76649.0
0,1,49,9,775,331,0,0,0,0,0,1,0,0,0,0,0,0,0,0,0,0,1,1,0.0,0.0,0.0,0.0,1.0,0.0,0.0,120,105,0.88,0.03,0.01,0.0,0.0,0.0,0.0,0.0,0,657.0
0,1,22,9,260,8745,0,0,0,0,0,1,0,0,0,0,0,0,0,0,0,0,1,17,0.0,0.0,0.0,0.0,1.0,0.0,0.12,55,53,0.96,0.04,0.02,0.0,0.0,0.0,0.0,0.0,0,113768.0
0,1,25,1,0,0,0,0,0,0,0,0,0,0,0,0,0,0,0,0,0,0,255,2,0.0,0.0,1.0,1.0,0.01,0.07,0.0,255,2,0.01,0.08,0.0,0.0,0.0,0.0,1.0,1.0,1,39553.0
0,1,22,9,306,511,0,0,0,0,0,1,0,0,0,0,0,0,0,0,0,0,5,14,0.0,0.0,0.0,0.07,1.0,0.0,0.43,255,255,1.0,0.0,0.0,0.0,0.0,0.0,0.0,0.0,0,44596.0
0,1,22,9,217,1371,0,0,0,0,0,1,0,0,0,0,0,0,0,0,0,0,3,3,0.0,0.0,0.0,0.0,1.0,0.0,0.0,255,255,1.0,0.0,0.0,0.0,0.0,0.0,0.0,0.0,0,53780.0
14,2,44,9,105,146,0,0,0,0,0,0,0,0,0,0,0,0,0,0,0,0,2,2,0.0,0.0,0.0,0.0,1.0,0.0,0.0,255,209,0.82,0.01,0.01,0.0,0.0,0.0,0.0,0.0,0,79254.0
0,1,44,1,0,0,0,0,0,0,0,0,0,0,0,0,0,0,0,0,0,0,78,2,0.0,0.0,1.0,1.0,0.03,0.09,0.0,255,2,0.01,0.07,0.0,0.0,0.0,0.0,1.0,1.0,1,114957.0
2585,2,40,9,146,105,0,0,0,0,0,0,0,0,0,0,0,0,0,0,0,0,4,2,0.0,0.0,0.0,0.0,0.5,0.5,0.0,255,2,0.01,0.83,1.0,0.0,0.0,0.0,0.0,0.0,0,96479.0
0,1,22,9,54540,8314,0,0,0,2,0,1,1,0,0,0,0,0,0,0,0,0,3,3,0.0,0.0,0.0,0.0,1.0,0.0,0.0,86,86,1.0,0.0,0.01,0.0,0.0,0.0,0.01,0.01,1,65891.0
0,1,22,9,239,1423,0,0,0,0,0,1,0,0,0,0,0,0,0,0,0,0,13,13,0.0,0.0,0.0,0.0,1.0,0.0,0.0,26,158,1.0,0.0,0.04,0.02,0.0,0.0,0.0,0.0,0,43712.0
0,1,44,5,0,0,0,0,0,0,0,0,0,0,0,0,0,0,0,0,0,0,147,6,1.0,1.0,0.0,0.0,0.04,0.06,0.0,166,5,0.03,0.1,0.01,0.0,1.0,1.0,0.0,0.0,1,124070.0
0,1,17,5,0,0,0,0,0,0,0,0,0,0,0,0,0,0,0,0,0,0,262,10,1.0,1.0,0.0,0.0,0.04,0.07,0.0,255,10,0.04,0.06,0.0,0.0,1.0,1.0,0.0,0.0,1,44919.0
0,1,19,9,11,0,0,0,0,0,0,1,0,0,0,0,0,0,0,0,0,0,2,2,0.0,0.0,0.0,0.0,1.0,0.0,0.0,147,119,0.4,0.48,0.39,0.02,0.0,0.0,0.46,0.01,0,14990.0
0,1,22,9,218,281,0,0,0,0,0,1,0,0,0,0,0,0,0,0,0,0,2,3,0.0,0.0,0.0,0.0,1.0,0.0,0.67,53,255,1.0,0.0,0.02,0.04,0.0,0.0,0.0,0.0,0,22741.0
1,1,17,9,9,178,0,0,0,1,0,0,0,0,0,0,0,0,0,0,0,0,2,3,0.0,0.0,0.0,0.0,1.0,0.0,0.67,255,4,0.02,0.31,0.0,0.0,0.0,0.0,0.13,0.0,1,34274.0
0,1,49,9,2742,328,0,0,0,0,0,1,0,0,0,0,0,0,0,0,0,0,1,1,0.0,0.0,0.0,0.0,1.0,0.0,0.0,251,154,0.61,0.07,0.0,0.0,0.0,0.0,0.0,0.0,0,33280.0
0,1,5,5,0,0,0,0,0,0,0,0,0,0,0,0,0,0,0,0,0,0,101,1,1.0,1.0,0.0,0.0,0.01,0.05,0.0,255,1,0.0,0.05,0.0,0.0,1.0,1.0,0.0,0.0,1,88007.0
0,1,22,9,145,364,0,0,0,0,0,1,0,0,0,0,0,0,0,0,0,0,1,11,0.0,0.0,0.0,0.0,1.0,0.0,0.18,20,255,1.0,0.0,0.05,0.05,0.0,0.0,0.0,0.0,0,39942.0
0,2,44,9,28,0,0,3,0,0,0,0,0,0,0,0,0,0,0,0,0,0,24,24,0.0,0.0,0.0,0.0,1.0,0.0,0.0,96,24,0.25,0.04,0.25,0.0,0.0,0.0,0.0,0.0,1,115193.0
0,1,22,9,204,1109,0,0,0,0,0,1,0,0,0,0,0,0,0,0,0,0,3,3,0.0,0.0,0.0,0.0,1.0,0.0,0.0,3,255,1.0,0.0,0.33,0.04,0.0,0.0,0.0,0.0,0,24253.0
0,1,19,9,2881,0,0,0,0,0,0,0,0,0,0,0,0,0,0,0,0,0,5,5,0.0,0.0,0.0,0.0,1.0,0.0,0.0,255,32,0.13,0.01,0.13,0.0,0.66,0.0,0.0,0.0,0,83736.0
0,2,40,9,147,0,0,0,0,0,0,0,0,0,0,0,0,0,0,0,0,0,5,1,0.0,0.0,0.0,0.0,0.2,0.6,0.0,255,1,0.0,0.48,0.93,0.0,0.0,0.0,0.0,0.0,0,37318.0
0,1,61,5,0,0,0,0,0,0,0,0,0,0,0,0,0,0,0,0,0,0,222,5,1.0,1.0,0.0,0.0,0.02,0.07,0.0,255,5,0.02,0.07,0.0,0.0,1.0,1.0,0.0,0.0,1,69911.0
0,1,22,9,316,714,0,0,0,0,0,1,0,0,0,0,0,0,0,0,0,0,15,20,0.0,0.0,0.0,0.0,1.0,0.0,0.1,93,255,1.0,0.0,0.01,0.02,0.0,0.0,0.0,0.0,0,122171.0
0,0,14,9,520,0,0,0,0,0,0,0,0,0,0,0,0,0,0,0,0,0,480,480,0.0,0.0,0.0,0.0,1.0,0.0,0.0,68,68,1.0,0.0,1.0,0.0,0.0,0.0,0.0,0.0,1,16163.0
0,1,37,5,0,0,0,0,0,0,0,0,0,0,0,0,0,0,0,0,0,0,144,4,1.0,1.0,0.0,0.0,0.03,0.06,0.0,255,6,0.02,0.07,0.0,0.0,1.0,1.0,0.0,0.0,1,61474.0
0,1,37,5,0,0,0,0,0,0,0,0,0,0,0,0,0,0,0,0,0,0,134,16,1.0,1.0,0.0,0.0,0.12,0.05,0.0,255,12,0.05,0.07,0.0,0.0,1.0,1.0,0.0,0.0,1,5934.0
0,1,44,5,0,0,0,0,0,0,0,0,0,0,0,0,0,0,0,0,0,0,127,3,1.0,1.0,0.0,0.0,0.02,0.09,0.0,255,3,0.01,0.08,0.0,0.0,1.0,1.0,0.0,0.0,1,108022.0
2310,2,40,9,145,105,0,0,0,0,0,0,0,0,0,0,0,0,0,0,0,0,2,2,0.0,0.0,0.0,0.0,1.0,0.0,0.0,255,2,0.01,0.15,0.23,0.0,0.0,0.0,0.0,0.0,0,121057.0
0,2,11,9,42,73,0,0,0,0,0,0,0,0,0,0,0,0,0,0,0,0,188,188,0.0,0.0,0.0,0.0,1.0,0.0,0.0,255,254,1.0,0.01,0.01,0.0,0.0,0.0,0.0,0.0,0,72320.0
0,1,22,9,169,1882,0,0,0,0,0,1,0,0,0,0,0,0,0,0,0,0,4,4,0.0,0.0,0.0,0.0,1.0,0.0,0.0,4,255,1.0,0.0,0.25,0.03,0.0,0.0,0.0,0.0,0,36321.0
0,0,13,9,8,0,0,0,0,0,0,0,0,0,0,0,0,0,0,0,0,0,1,30,0.0,0.0,0.0,0.0,1.0,0.0,1.0,2,61,1.0,0.0,1.0,0.26,0.0,0.0,0.0,0.0,1,120985.0
0,1,22,9,279,761,0,0,0,0,0,1,0,0,0,0,0,0,0,0,0,0,4,22,0.0,0.0,0.0,0.0,1.0,0.0,0.09,232,255,1.0,0.0,0.0,0.01,0.0,0.0,0.0,0.0,0,4350.0
0,1,5,5,0,0,0,0,0,0,0,0,0,0,0,0,0,0,0,0,0,0,18,3,1.0,1.0,0.0,0.0,0.17,0.17,0.0,255,3,0.01,0.07,0.0,0.0,1.0,1.0,0.0,0.0,1,110253.0
0,1,44,5,0,0,0,0,0,0,0,0,0,0,0,0,0,0,0,0,0,0,108,7,1.0,1.0,0.0,0.0,0.06,0.06,0.0,51,7,0.14,0.12,0.02,0.0,1.0,1.0,0.0,0.0,1,60011.0
0,1,22,9,337,222,0,0,0,0,0,1,0,0,0,0,0,0,0,0,0,0,5,6,0.0,0.0,0.0,0.0,1.0,0.0,0.33,35,255,1.0,0.0,0.03,0.02,0.0,0.0,0.0,0.0,0,10684.0
7,1,49,9,11998,1383,0,0,0,0,0,1,0,0,0,0,0,0,0,0,0,0,1,3,0.0,0.0,0.0,0.0,1.0,0.0,1.0,255,140,0.55,0.02,0.0,0.0,0.0,0.01,0.0,0.0,0,5560.0
0,1,24,5,0,0,0,0,0,0,0,0,0,0,0,0,0,0,0,0,0,0,257,5,1.0,1.0,0.0,0.0,0.02,0.06,0.0,255,4,0.02,0.06,0.0,0.0,1.0,1.0,0.0,0.0,1,13698.0
0,1,49,9,844,329,0,0,0,0,0,1,0,0,0,0,0,0,0,0,0,0,1,1,0.0,0.0,0.0,0.0,1.0,0.0,0.0,20,18,0.9,0.15,0.05,0.0,0.0,0.0,0.0,0.0,0,97036.0
7,1,55,8,31,53,0,0,0,0,0,0,0,0,0,0,0,0,0,0,0,0,81,1,0.01,1.0,0.91,0.0,0.01,1.0,0.0,206,3,0.01,0.43,0.0,0.0,0.0,0.33,0.37,0.0,1,37692.0
0,1,44,5,0,0,0,0,0,0,0,0,0,0,0,0,0,0,0,0,0,0,80,13,1.0,1.0,0.0,0.0,0.16,0.06,0.0,255,4,0.02,0.06,0.0,0.0,1.0,1.0,0.0,0.0,1,7182.0
1,1,49,9,743,378,0,0,0,0,0,1,0,0,0,0,0,0,0,0,0,0,1,1,0.0,0.0,0.0,0.0,1.0,0.0,0.0,25,242,0.96,0.08,0.04,0.02,0.0,0.0,0.0,0.0,0,48011.0
0,1,49,9,2315,328,0,0,0,0,0,1,0,0,0,0,0,0,0,0,0,0,1,1,0.0,0.0,0.0,0.0,1.0,0.0,0.0,164,121,0.43,0.02,0.01,0.02,0.0,0.0,0.0,0.0,0,6711.0
0,1,44,5,0,0,0,0,0,0,0,0,0,0,0,0,0,0,0,0,0,0,139,9,1.0,1.0,0.0,0.0,0.06,0.06,0.0,255,20,0.08,0.07,0.0,0.0,1.0,1.0,0.0,0.0,1,15439.0
0,0,14,9,520,0,0,0,0,0,0,0,0,0,0,0,0,0,0,0,0,0,381,381,0.0,0.0,0.0,0.0,1.0,0.0,0.0,255,255,1.0,0.0,1.0,0.0,0.0,0.0,0.0,0.0,1,107692.0
0,1,22,9,320,1886,0,0,0,0,0,1,0,0,0,0,0,0,0,0,0,0,10,10,0.0,0.0,0.0,0.0,1.0,0.0,0.0,30,255,1.0,0.0,0.03,0.02,0.0,0.0,0.0,0.0,0,115857.0
0,1,22,9,313,5226,0,0,0,0,0,1,0,0,0,0,0,0,0,0,0,0,11,11,0.0,0.0,0.0,0.0,1.0,0.0,0.0,33,255,1.0,0.0,0.03,0.01,0.0,0.0,0.0,0.01,0,115703.0
0,0,13,9,8,0,0,0,0,0,0,0,0,0,0,0,0,0,0,0,0,0,1,8,0.0,0.0,0.0,0.0,1.0,0.0,1.0,2,64,1.0,0.0,1.0,0.5,0.0,0.0,0.0,0.0,1,103601.0
0,1,7,1,0,0,0,0,0,0,0,0,0,0,0,0,0,0,0,0,0,0,202,1,0.0,0.0,1.0,1.0,0.0,0.07,0.0,255,1,0.0,0.08,0.0,0.0,0.0,0.0,1.0,1.0,1,20046.0
0,1,55,5,0,0,0,0,0,0,0,0,0,0,0,0,0,0,0,0,0,0,231,16,1.0,1.0,0.0,0.0,0.07,0.06,0.0,255,16,0.06,0.08,0.0,0.0,1.0,1.0,0.0,0.0,1,66842.0
0,1,22,9,232,2280,0,0,0,0,0,1,0,0,0,0,0,0,0,0,0,0,7,7,0.0,0.0,0.0,0.0,1.0,0.0,0.0,255,255,1.0,0.0,0.0,0.0,0.0,0.0,0.0,0.0,0,75736.0
0,2,40,9,5,0,0,0,0,0,0,0,0,0,0,0,0,0,0,0,0,0,140,1,0.0,0.0,0.0,0.0,0.01,0.01,0.0,255,11,0.04,0.02,0.04,0.0,0.0,0.0,0.0,0.0,1,124832.0
0,2,11,9,44,44,0,0,0,0,0,0,0,0,0,0,0,0,0,0,0,0,284,284,0.0,0.0,0.0,0.0,1.0,0.0,0.0,255,254,1.0,0.01,0.0,0.0,0.0,0.0,0.0,0.0,0,27791.0
0,2,11,9,45,132,0,0,0,0,0,0,0,0,0,0,0,0,0,0,0,0,178,178,0.0,0.0,0.0,0.0,1.0,0.0,0.0,255,255,1.0,0.0,0.0,0.0,0.0,0.0,0.0,0.0,0,89886.0
0,1,49,9,883,328,0,0,0,0,0,1,0,0,0,0,0,0,0,0,0,0,1,2,0.0,0.0,0.0,0.0,1.0,0.0,1.0,88,63,0.64,0.07,0.01,0.03,0.0,0.0,0.0,0.0,0,65403.0
0,1,22,9,155,3902,0,0,0,0,0,1,0,0,0,0,0,0,0,0,0,0,3,3,0.0,0.0,0.0,0.0,1.0,0.0,0.0,37,255,1.0,0.0,0.03,0.03,0.0,0.01,0.0,0.0,0,16484.0
0,1,22,9,231,7466,0,0,0,0,0,1,0,0,0,0,0,0,0,0,0,0,1,1,0.0,0.0,0.0,0.0,1.0,0.0,0.0,1,255,1.0,0.0,1.0,0.05,0.0,0.0,0.0,0.0,0,7436.0
0,1,22,9,297,312,0,0,0,0,0,1,0,0,0,0,0,0,0,0,0,0,18,23,0.0,0.0,0.0,0.0,1.0,0.0,0.22,20,255,1.0,0.0,0.05,0.02,0.0,0.02,0.1,0.03,0,89052.0
0,1,22,9,292,7918,0,0,0,0,0,1,0,0,0,0,0,0,0,0,0,0,7,8,0.0,0.0,0.0,0.0,1.0,0.0,0.25,255,255,1.0,0.0,0.0,0.0,0.0,0.0,0.0,0.0,0,58868.0
0,1,22,9,200,706,0,0,0,0,0,1,0,0,0,0,0,0,0,0,0,0,40,40,0.0,0.0,0.0,0.0,1.0,0.0,0.0,255,255,1.0,0.0,0.0,0.0,0.0,0.0,0.0,0.0,0,105226.0
0,1,44,1,0,0,0,0,0,0,0,0,0,0,0,0,0,0,0,0,0,0,190,1,0.07,0.0,0.87,1.0,0.01,0.99,0.0,255,1,0.0,0.75,0.0,0.0,0.05,0.0,0.65,1.0,1,24776.0
0,1,22,9,309,1713,0,0,0,0,0,1,0,0,0,0,0,0,0,0,0,0,4,9,0.0,0.0,0.0,0.0,1.0,0.0,0.22,24,255,1.0,0.0,0.04,0.03,0.0,0.01,0.0,0.0,0,45240.0
0,0,13,9,8,0,0,0,0,0,0,0,0,0,0,0,0,0,0,0,0,0,1,27,0.0,0.0,0.0,0.0,1.0,0.0,1.0,1,85,1.0,0.0,1.0,0.51,0.0,0.0,0.0,0.0,1,50859.0
0,1,16,5,0,0,0,0,0,0,0,0,0,0,0,0,0,0,0,0,0,0,101,15,1.0,1.0,0.0,0.0,0.15,0.06,0.0,255,15,0.06,0.05,0.0,0.0,1.0,1.0,0.0,0.0,1,11457.0
0,2,11,9,44,131,0,0,0,0,0,0,0,0,0,0,0,0,0,0,0,0,153,235,0.0,0.0,0.0,0.0,1.0,0.0,0.02,255,254,1.0,0.01,0.0,0.0,0.0,0.0,0.0,0.0,0,37964.0
0,0,13,9,8,0,0,0,0,0,0,0,0,0,0,0,0,0,0,0,0,0,1,24,0.0,0.0,0.0,0.0,1.0,0.0,1.0,3,107,1.0,0.0,1.0,0.25,0.0,0.0,0.0,0.0,1,111075.0
13970,2,40,9,146,105,0,0,0,0,0,0,0,0,0,0,0,0,0,0,0,0,2,2,0.0,0.0,0.0,0.0,1.0,0.0,0.0,255,2,0.01,0.6,0.96,0.0,0.0,0.0,0.0,0.0,0,71024.0
0,1,22,5,0,0,0,0,0,0,0,0,0,0,0,0,0,0,0,0,0,0,57,20,1.0,1.0,0.0,0.0,0.35,0.07,0.0,255,67,0.26,0.02,0.0,0.0,1.0,1.0,0.0,0.0,1,108361.0
0,1,44,5,0,0,0,0,0,0,0,0,0,0,0,0,0,0,0,0,0,0,215,2,1.0,1.0,0.0,0.0,0.01,0.07,0.0,255,19,0.07,0.07,0.0,0.0,1.0,1.0,0.0,0.0,1,14791.0
0,1,49,9,1885,330,0,0,0,0,0,1,0,0,0,0,0,0,0,0,0,0,1,1,0.0,0.0,0.0,0.0,1.0,0.0,0.0,57,45,0.79,0.04,0.02,0.0,0.0,0.0,0.0,0.0,0,122686.0
0,1,22,9,334,436,0,0,0,0,0,1,0,0,0,0,0,0,0,0,0,0,12,12,0.0,0.0,0.0,0.0,1.0,0.0,0.0,12,119,1.0,0.0,0.08,0.12,0.0,0.01,0.0,0.0,0,87763.0
0,1,22,1,0,0,0,0,0,0,0,0,0,0,0,0,0,0,0,0,0,0,1,2,0.0,0.0,1.0,1.0,1.0,0.0,1.0,53,249,1.0,0.0,0.02,0.11,0.0,0.0,0.51,0.84,0,80184.0
0,1,44,5,0,0,0,0,0,0,0,0,0,0,0,0,0,0,0,0,0,0,254,6,1.0,1.0,0.0,0.0,0.02,0.06,0.0,255,6,0.02,0.05,0.0,0.0,1.0,1.0,0.0,0.0,1,35066.0
0,1,22,9,193,761,0,0,0,0,0,1,0,0,0,0,0,0,0,0,0,0,1,1,0.0,0.0,0.0,0.0,1.0,0.0,0.0,25,255,1.0,0.0,0.04,0.02,0.0,0.0,0.0,0.0,0,88570.0
0,1,22,1,0,0,0,0,0,0,0,0,0,0,0,0,0,0,0,0,0,0,1,1,0.0,0.0,1.0,1.0,1.0,0.0,0.0,11,22,1.0,0.0,0.09,0.09,0.0,0.09,1.0,0.55,0,98168.0
0,1,22,9,165,2719,0,0,0,0,0,1,0,0,0,0,0,0,0,0,0,0,1,26,0.0,0.0,0.0,0.0,1.0,0.0,0.23,1,190,1.0,0.0,1.0,0.09,0.0,0.0,0.0,0.0,0,86121.0
0,1,49,9,1170,328,0,0,0,0,0,1,0,0,0,0,0,0,0,0,0,0,1,1,0.0,0.0,0.0,0.0,1.0,0.0,0.0,81,29,0.36,0.15,0.01,0.0,0.01,0.0,0.0,0.0,0,80821.0
0,1,22,9,219,4743,0,0,0,0,0,1,0,0,0,0,0,0,0,0,0,0,21,21,0.0,0.0,0.0,0.0,1.0,0.0,0.0,255,255,1.0,0.0,0.0,0.0,0.0,0.0,0.0,0.0,0,30210.0
0,1,22,9,192,353,0,0,0,0,0,1,0,0,0,0,0,0,0,0,0,0,16,32,0.0,0.0,0.0,0.0,1.0,0.0,0.09,255,255,1.0,0.0,0.0,0.0,0.0,0.0,0.0,0.0,0,88789.0
28,1,18,9,1504,4152,0,0,0,30,0,1,0,0,0,0,0,0,0,0,0,1,1,1,0.0,0.0,0.0,0.0,1.0,0.0,0.0,255,42,0.16,0.02,0.0,0.0,0.0,0.0,0.0,0.0,0,92879.0
0,1,22,9,247,457,0,0,0,0,0,1,0,0,0,0,0,0,0,0,0,0,1,1,0.0,0.0,0.0,0.0,1.0,0.0,0.0,46,255,1.0,0.0,0.02,0.02,0.0,0.0,0.0,0.02,0,71352.0
0,1,19,9,1153,0,0,0,0,0,0,1,0,0,0,0,0,0,0,0,0,0,2,2,0.0,0.0,0.0,0.0,1.0,0.0,0.0,255,113,0.44,0.02,0.44,0.0,0.0,0.0,0.0,0.0,0,62219.0
0,1,44,1,0,0,0,0,0,0,0,0,0,0,0,0,0,0,0,0,0,0,214,1,0.06,0.0,0.88,1.0,0.0,1.0,0.0,255,1,0.0,0.85,0.0,0.0,0.05,0.0,0.74,1.0,1,110582.0
0,1,40,1,0,0,0,0,0,0,0,0,0,0,0,0,0,0,0,0,0,0,511,1,0.04,0.0,0.96,1.0,0.0,1.0,0.0,255,1,0.0,1.0,0.0,0.0,0.07,0.0,0.93,1.0,1,96891.0
0,2,44,9,105,146,0,0,0,0,0,0,0,0,0,0,0,0,0,0,0,0,1,1,0.0,0.0,0.0,0.0,1.0,0.0,0.0,182,173,0.95,0.02,0.01,0.0,0.0,0.0,0.0,0.0,0,91450.0
0,1,22,1,0,0,0,0,0,0,0,0,0,0,0,0,0,0,0,0,0,0,1,1,0.0,0.0,1.0,1.0,1.0,0.0,0.0,20,249,1.0,0.0,0.05,0.11,0.0,0.0,0.9,0.69,0,91620.0
0,2,40,9,1,0,0,0,0,0,0,0,0,0,0,0,0,0,0,0,0,0,154,4,0.0,0.0,0.0,0.0,0.03,0.05,0.0,255,4,0.02,0.05,1.0,0.0,0.0,0.0,0.0,0.0,1,48532.0
0,1,22,1,0,0,0,0,0,0,0,0,0,0,0,0,0,0,0,0,0,0,22,22,0.0,0.0,0.82,0.82,1.0,0.0,0.0,25,178,1.0,0.0,0.04,0.21,0.0,0.0,0.84,0.98,0,40954.0
0,1,44,5,0,0,0,0,0,0,0,0,0,0,0,0,0,0,0,0,0,0,142,2,1.0,1.0,0.0,0.0,0.01,0.06,0.0,255,8,0.03,0.06,0.0,0.0,1.0,1.0,0.0,0.0,1,102792.0
0,1,44,2,0,0,0,0,0,0,0,0,0,0,0,0,0,0,0,0,0,0,199,13,0.0,0.0,1.0,1.0,0.07,0.06,0.0,255,13,0.05,0.06,0.0,0.0,0.0,0.0,1.0,1.0,1,70733.0
0,1,19,5,0,0,0,0,0,0,0,0,0,0,0,0,0,0,0,0,0,0,31,6,1.0,1.0,0.0,0.0,0.19,0.13,0.0,255,65,0.25,0.03,0.01,0.0,1.0,1.0,0.0,0.0,1,11459.0
0,0,13,9,8,0,0,0,0,0,0,0,0,0,0,0,0,0,0,0,0,0,1,5,0.0,0.0,0.0,0.0,1.0,0.0,1.0,2,124,1.0,0.0,1.0,0.5,0.0,0.0,0.0,0.0,1,29391.0
0,1,22,9,150,15388,0,0,0,0,0,1,0,0,0,0,0,0,0,0,0,0,10,10,0.0,0.0,0.0,0.0,1.0,0.0,0.0,255,255,1.0,0.0,0.0,0.0,0.0,0.0,0.0,0.0,0,54702.0
0,1,51,1,0,0,0,0,0,0,0,0,0,0,0,0,0,0,0,0,0,0,129,19,0.0,0.0,1.0,1.0,0.15,0.07,0.0,255,19,0.07,0.06,0.0,0.0,0.0,0.0,1.0,1.0,1,38348.0
0,1,57,5,0,0,0,0,0,0,0,0,0,0,0,0,0,0,0,0,0,0,183,4,1.0,1.0,0.0,0.0,0.02,0.08,0.0,255,4,0.02,0.07,0.0,0.0,1.0,1.0,0.0,0.0,1,114762.0
0,1,19,9,884,0,0,0,0,0,0,0,0,0,0,0,0,0,0,0,0,0,1,1,0.0,0.0,0.0,0.0,1.0,0.0,0.0,62,33,0.16,0.03,0.16,0.06,0.0,0.0,0.0,0.0,0,37473.0
0,2,44,9,1,0,0,0,0,0,0,0,0,0,0,0,0,0,0,0,0,0,22,19,0.0,0.0,0.0,0.0,0.86,0.09,0.0,255,32,0.13,0.68,0.36,0.0,0.05,0.0,0.58,0.0,1,59714.0
0,1,49,9,2066,386,0,0,0,0,0,1,0,0,0,0,0,0,0,0,0,0,1,2,0.0,0.0,0.0,0.0,1.0,0.0,1.0,255,94,0.37,0.05,0.0,0.0,0.24,0.0,0.02,0.0,0,22268.0
0,1,44,1,0,0,0,0,0,0,0,0,0,0,0,0,0,0,0,0,0,0,150,11,0.0,0.0,1.0,1.0,0.07,0.05,0.0,255,8,0.03,0.07,0.0,0.0,0.0,0.0,1.0,1.0,1,119433.0
0,1,44,1,0,0,0,0,0,0,0,0,0,0,0,0,0,0,0,0,0,0,1,1,0.0,0.0,1.0,1.0,1.0,0.0,0.0,35,1,0.03,1.0,0.03,0.0,0.0,0.0,0.94,1.0,1,29331.0
0,0,14,9,520,0,0,0,0,0,0,0,0,0,0,0,0,0,0,0,0,0,480,480,0.0,0.0,0.0,0.0,1.0,0.0,0.0,118,118,1.0,0.0,1.0,0.0,0.0,0.0,0.0,0.0,1,8386.0
0,1,44,1,0,0,0,0,0,0,0,0,0,0,0,0,0,0,0,0,0,0,96,9,0.0,0.0,1.0,1.0,0.09,0.07,0.0,255,9,0.04,0.08,0.0,0.0,0.0,0.0,1.0,1.0,1,36626.0
0,1,22,9,200,1061,0,0,0,0,0,1,0,0,0,0,0,0,0,0,0,0,18,18,0.0,0.0,0.0,0.0,1.0,0.0,0.0,18,255,1.0,0.0,0.06,0.06,0.0,0.0,0.0,0.0,0,1261.0
0,1,22,9,339,383,0,0,0,0,0,1,0,0,0,0,0,0,0,0,0,0,13,28,0.0,0.0,0.0,0.0,1.0,0.0,0.14,255,255,1.0,0.0,0.0,0.0,0.0,0.0,0.0,0.0,0,20809.0
0,1,22,5,0,0,0,0,0,0,0,0,0,0,0,0,0,0,0,0,0,0,3,1,1.0,1.0,0.0,0.0,0.33,1.0,0.0,255,63,0.25,0.02,0.0,0.0,1.0,1.0,0.0,0.0,1,78303.0
0,1,26,5,0,0,0,0,0,0,0,0,0,0,0,0,0,0,0,0,0,0,55,19,1.0,1.0,0.0,0.0,0.35,0.05,0.0,255,19,0.07,0.04,0.0,0.0,1.0,1.0,0.0,0.0,1,47010.0
0,1,22,9,154,3181,0,0,0,0,0,1,0,0,0,0,0,0,0,0,0,0,1,1,0.0,0.0,0.0,0.0,1.0,0.0,0.0,151,255,1.0,0.0,0.01,0.05,0.0,0.0,0.0,0.0,0,29349.0
0,1,22,9,315,764,0,0,0,0,0,1,0,0,0,0,0,0,0,0,0,0,2,2,0.0,0.0,0.0,0.0,1.0,0.0,0.0,28,255,1.0,0.0,0.04,0.07,0.0,0.0,0.0,0.0,0,122768.0
0,1,36,5,0,0,0,0,0,0,0,0,0,0,0,0,0,0,0,0,0,0,296,2,1.0,1.0,0.0,0.0,0.01,0.05,0.0,255,2,0.01,0.05,0.0,0.0,1.0,1.0,0.0,0.0,1,120738.0
0,1,44,1,0,0,0,0,0,0,0,0,0,0,0,0,0,0,0,0,0,0,297,17,0.0,0.0,1.0,1.0,0.06,0.06,0.0,255,17,0.07,0.08,0.0,0.0,0.0,0.0,1.0,1.0,1,2123.0
0,1,32,5,0,0,0,0,0,0,0,0,0,0,0,0,0,0,0,0,0,0,237,5,1.0,1.0,0.0,0.0,0.02,0.06,0.0,255,5,0.02,0.07,0.0,0.0,1.0,1.0,0.0,0.0,1,101991.0
0,1,22,1,0,0,0,0,0,0,0,0,0,0,0,0,0,0,0,0,0,0,1,2,0.0,0.0,1.0,1.0,1.0,0.0,1.0,2,145,1.0,0.0,0.5,0.2,0.0,0.0,1.0,1.0,0,105525.0
0,1,7,5,0,0,0,0,0,0,0,0,0,0,0,0,0,0,0,0,0,0,213,1,1.0,1.0,0.0,0.0,0.0,0.07,0.0,255,1,0.0,0.07,0.0,0.0,1.0,1.0,0.0,0.0,1,6555.0
0,1,8,5,0,0,0,0,0,0,0,0,0,0,0,0,0,0,0,0,0,0,235,3,1.0,1.0,0.0,0.0,0.01,0.07,0.0,255,3,0.01,0.08,0.0,0.0,1.0,1.0,0.0,0.0,1,89456.0
0,1,20,5,0,0,0,0,0,0,0,0,0,0,0,0,0,0,0,0,0,0,260,18,1.0,1.0,0.0,0.0,0.07,0.05,0.0,255,18,0.07,0.05,0.0,0.0,1.0,1.0,0.0,0.0,1,17660.0
0,1,19,9,7321,0,0,0,0,0,0,0,0,0,0,0,0,0,0,0,0,0,1,1,0.0,0.0,0.0,0.0,1.0,0.0,0.0,173,38,0.11,0.02,0.11,0.05,0.0,0.0,0.0,0.0,0,39567.0
0,1,22,9,347,1713,0,0,0,0,0,1,0,0,0,0,0,0,0,0,0,0,1,1,0.0,0.0,0.0,0.0,1.0,0.0,0.0,255,255,1.0,0.0,0.0,0.0,0.0,0.0,0.0,0.0,0,68305.0
0,1,22,9,210,518,0,0,0,0,0,1,0,0,0,0,0,0,0,0,0,0,19,19,0.0,0.0,0.0,0.0,1.0,0.0,0.0,255,255,1.0,0.0,0.0,0.0,0.0,0.0,0.0,0.0,0,86145.0
0,1,17,5,0,0,0,0,0,0,0,0,0,0,0,0,0,0,0,0,0,0,52,13,1.0,1.0,0.0,0.0,0.25,0.08,0.0,255,56,0.22,0.02,0.01,0.0,1.0,1.0,0.0,0.0,1,93684.0
0,2,11,9,32,94,0,0,0,0,0,0,0,0,0,0,0,0,0,0,0,0,4,4,0.0,0.0,0.0,0.0,1.0,0.0,0.0,255,253,0.99,0.01,0.01,0.0,0.0,0.0,0.0,0.0,0,62794.0
0,1,26,5,0,0,0,0,0,0,0,0,0,0,0,0,0,0,0,0,0,0,55,1,1.0,1.0,0.0,0.0,0.02,0.07,0.0,255,1,0.0,0.05,0.0,0.0,1.0,1.0,0.0,0.0,1,36094.0
0,1,55,5,0,0,0,0,0,0,0,0,0,0,0,0,0,0,0,0,0,0,57,19,1.0,1.0,0.0,0.0,0.33,0.05,0.0,255,71,0.28,0.02,0.01,0.0,1.0,1.0,0.0,0.0,1,22552.0
0,2,11,9,102,0,0,0,0,0,0,0,0,0,0,0,0,0,0,0,0,0,11,18,0.0,0.0,0.0,0.0,1.0,0.0,0.17,11,10,0.91,0.18,0.18,0.0,0.0,0.0,0.0,0.0,0,16292.0
0,1,22,9,305,1380,0,0,0,0,0,1,0,0,0,0,0,0,0,0,0,0,10,10,0.0,0.0,0.0,0.0,1.0,0.0,0.0,255,244,0.96,0.02,0.0,0.0,0.0,0.0,0.0,0.0,0,33288.0
0,1,54,5,0,0,0,0,0,0,0,0,0,0,0,0,0,0,0,0,0,0,259,17,1.0,1.0,0.0,0.0,0.07,0.06,0.0,255,17,0.07,0.06,0.0,0.0,1.0,1.0,0.0,0.0,1,116970.0
0,2,11,9,45,45,0,0,0,0,0,0,0,0,0,0,0,0,0,0,0,0,183,183,0.0,0.0,0.0,0.0,1.0,0.0,0.0,255,250,0.98,0.01,0.0,0.0,0.0,0.0,0.0,0.0,0,52369.0
0,1,44,5,0,0,0,0,0,0,0,0,0,0,0,0,0,0,0,0,0,0,125,17,1.0,1.0,0.0,0.0,0.14,0.06,0.0,255,12,0.05,0.07,0.0,0.0,1.0,1.0,0.0,0.0,1,28634.0
1,1,49,9,1322,516,0,0,0,0,0,1,0,0,0,0,0,0,0,0,0,0,1,3,0.0,0.0,0.0,0.0,1.0,0.0,1.0,132,244,0.95,0.02,0.01,0.01,0.0,0.0,0.0,0.0,0,99531.0
0,1,22,9,260,26088,0,0,0,0,0,1,0,0,0,0,0,0,0,0,0,0,2,2,0.0,0.0,0.0,0.0,1.0,0.0,0.0,255,255,1.0,0.0,0.0,0.0,0.0,0.0,0.0,0.0,0,7401.0
0,1,22,9,241,1839,0,0,0,0,0,1,0,0,0,0,0,0,0,0,0,0,4,4,0.0,0.0,0.0,0.0,1.0,0.0,0.0,65,255,1.0,0.0,0.02,0.02,0.0,0.0,0.0,0.0,0,104633.0
0,1,22,9,238,752,0,0,0,0,0,1,0,0,0,0,0,0,0,0,0,0,1,10,0.0,0.0,0.0,0.0,1.0,0.0,0.2,110,255,1.0,0.0,0.01,0.02,0.0,0.0,0.0,0.0,0,114894.0
0,1,22,9,54540,8314,0,0,0,2,0,1,1,0,0,0,0,0,0,0,0,0,2,2,0.0,0.0,0.0,0.0,1.0,0.0,0.0,187,187,1.0,0.0,0.01,0.0,0.0,0.0,0.01,0.01,1,104282.0
0,1,22,9,230,350,0,0,0,0,0,1,0,0,0,0,0,0,0,0,0,0,8,8,0.0,0.0,0.0,0.0,1.0,0.0,0.0,8,255,1.0,0.0,0.12,0.05,0.0,0.0,0.0,0.0,0,89204.0
0,2,44,9,207,207,0,0,0,0,0,0,0,0,0,0,0,0,0,0,0,0,2,2,0.0,0.0,0.0,0.0,1.0,0.0,0.0,250,210,0.84,0.01,0.84,0.0,0.0,0.0,0.0,0.0,0,69707.0
2,1,49,9,1253,327,0,0,0,0,0,1,0,0,0,0,0,0,0,0,0,0,1,1,0.0,0.0,0.0,0.0,1.0,0.0,0.0,112,82,0.73,0.03,0.01,0.0,0.0,0.0,0.0,0.0,0,89499.0
0,1,22,9,321,695,0,0,0,0,0,1,0,0,0,0,0,0,0,0,0,0,3,3,0.0,0.0,0.0,0.0,1.0,0.0,0.0,3,44,1.0,0.0,0.33,0.09,0.0,0.0,0.0,0.0,0,40961.0
0,1,22,1,0,0,0,0,0,0,0,0,0,0,0,0,0,0,0,0,0,0,1,2,0.0,0.0,1.0,1.0,1.0,0.0,1.0,25,159,1.0,0.0,0.04,0.03,0.0,0.0,1.0,1.0,0,78227.0
0,1,17,5,0,0,0,0,0,0,0,0,0,0,0,0,0,0,0,0,0,0,287,19,1.0,1.0,0.0,0.0,0.07,0.05,0.0,255,19,0.07,0.05,0.0,0.0,1.0,1.0,0.0,0.0,1,22487.0
2,1,49,9,798,330,0,0,0,0,0,1,0,0,0,0,0,0,0,0,0,0,1,1,0.0,0.0,0.0,0.0,1.0,0.0,0.0,7,156,0.71,0.29,0.14,0.02,0.0,0.01,0.0,0.0,0,24456.0
0,1,22,9,296,10328,0,0,0,0,0,1,0,0,0,0,0,0,0,0,0,0,9,10,0.0,0.0,0.0,0.0,1.0,0.0,0.2,36,255,1.0,0.0,0.03,0.04,0.0,0.01,0.0,0.0,0,70998.0
0,1,3,5,0,0,0,0,0,0,0,0,0,0,0,0,0,0,0,0,0,0,218,13,1.0,1.0,0.0,0.0,0.06,0.06,0.0,255,13,0.05,0.05,0.0,0.0,1.0,1.0,0.0,0.0,1,125187.0
0,1,8,5,0,0,0,0,0,0,0,0,0,0,0,0,0,0,0,0,0,0,211,6,1.0,1.0,0.0,0.0,0.03,0.07,0.0,255,6,0.02,0.08,0.0,0.0,1.0,1.0,0.0,0.0,1,34775.0
0,1,19,5,0,0,0,0,0,0,0,0,0,0,0,0,0,0,0,0,0,0,124,10,1.0,1.0,0.0,0.0,0.08,0.05,0.0,255,7,0.03,0.08,0.0,0.0,1.0,1.0,0.0,0.0,1,88186.0
0,1,22,9,181,5721,0,0,0,0,0,1,0,0,0,0,0,0,0,0,0,0,9,9,0.0,0.0,0.0,0.0,1.0,0.0,0.0,255,255,1.0,0.0,0.0,0.0,0.0,0.0,0.0,0.0,0,71766.0
0,1,40,1,0,0,0,0,0,0,0,0,0,0,0,0,0,0,0,0,0,0,509,1,0.17,0.0,0.83,1.0,0.0,1.0,0.0,255,1,0.0,1.0,0.0,0.0,0.02,0.0,0.98,1.0,1,122079.0
0,1,19,9,19,0,0,0,0,0,0,1,0,0,0,0,0,0,0,0,0,0,2,2,0.0,0.0,0.0,0.0,1.0,0.0,0.0,255,59,0.23,0.02,0.06,0.0,0.62,0.66,0.0,0.0,0,48469.0
0,1,19,5,0,0,0,0,0,0,0,0,0,0,0,0,0,0,0,0,0,0,297,8,1.0,1.0,0.0,0.0,0.03,0.05,0.0,255,8,0.03,0.05,0.0,0.0,1.0,1.0,0.0,0.0,1,26528.0
0,1,50,5,0,0,0,0,0,0,0,0,0,0,0,0,0,0,0,0,0,0,119,19,1.0,1.0,0.0,0.0,0.16,0.05,0.0,255,19,0.07,0.05,0.0,0.0,1.0,1.0,0.0,0.0,1,60637.0
0,1,22,9,302,2446,0,0,0,0,0,1,0,0,0,0,0,0,0,0,0,0,7,18,0.0,0.0,0.0,0.06,1.0,0.0,0.33,255,255,1.0,0.0,0.0,0.0,0.0,0.0,0.0,0.0,0,53663.0
0,1,22,9,236,2393,0,0,0,0,0,1,0,0,0,0,0,0,0,0,0,0,2,2,0.0,0.0,0.0,0.0,1.0,0.0,0.0,26,255,1.0,0.0,0.04,0.02,0.0,0.01,0.0,0.0,0,85839.0
1,1,49,9,250593,332,0,0,0,0,0,1,0,0,0,0,0,0,0,0,0,0,1,1,0.0,0.0,0.0,0.0,1.0,0.0,0.0,112,72,0.62,0.03,0.01,0.03,0.0,0.0,0.0,0.0,0,119775.0
0,2,11,9,46,132,0,0,0,0,0,0,0,0,0,0,0,0,0,0,0,0,77,157,0.0,0.0,0.0,0.0,0.99,0.03,0.01,255,241,0.95,0.01,0.0,0.0,0.0,0.0,0.0,0.0,0,16546.0
0,0,13,9,18,0,0,0,0,0,0,0,0,0,0,0,0,0,0,0,0,0,1,1,0.0,0.0,0.0,0.0,1.0,0.0,0.0,4,16,1.0,0.0,1.0,0.25,0.0,0.0,0.0,0.0,1,43038.0
0,1,44,5,0,0,0,0,0,0,0,0,0,0,0,0,0,0,0,0,0,0,294,4,1.0,1.0,0.0,0.0,0.01,0.06,0.0,255,4,0.02,0.06,0.0,0.0,1.0,1.0,0.0,0.0,1,95279.0
0,1,22,9,292,269,0,0,0,0,0,1,0,0,0,0,0,0,0,0,0,0,5,6,0.0,0.0,0.0,0.0,1.0,0.0,0.33,7,255,1.0,0.0,0.14,0.03,0.0,0.02,0.29,0.03,0,124140.0
0,1,44,5,0,0,0,0,0,0,0,0,0,0,0,0,0,0,0,0,0,0,246,6,1.0,1.0,0.0,0.0,0.02,0.07,0.0,255,5,0.02,0.09,0.0,0.0,1.0,1.0,0.0,0.0,1,87707.0
0,1,22,9,272,4139,0,0,0,0,0,1,0,0,0,0,0,0,0,0,0,0,2,2,0.0,0.0,0.0,0.0,1.0,0.0,0.0,106,255,1.0,0.0,0.01,0.02,0.0,0.0,0.0,0.0,0,76852.0
0,1,17,9,7,276,0,0,0,0,0,0,0,0,0,0,0,0,0,0,0,0,1,1,0.0,0.0,0.0,0.0,1.0,0.0,0.0,255,10,0.04,0.02,0.0,0.0,0.0,0.0,0.0,0.0,0,10503.0
0,1,22,9,203,39751,0,0,0,0,0,1,0,0,0,0,0,0,0,0,0,0,1,1,0.0,0.0,0.0,0.0,1.0,0.0,0.0,54,255,1.0,0.0,0.02,0.05,0.02,0.0,0.0,0.0,0,11783.0
0,1,18,9,1235,2451,0,0,0,28,0,1,0,0,0,0,0,0,0,0,0,1,2,1,0.0,0.0,0.0,0.0,0.5,1.0,0.0,183,11,0.06,0.03,0.01,0.0,0.01,0.0,0.01,0.0,1,108825.0
0,1,16,5,0,0,0,0,0,0,0,0,0,0,0,0,0,0,0,0,0,0,19,11,1.0,1.0,0.0,0.0,0.58,0.11,0.0,255,11,0.04,0.07,0.0,0.0,1.0,1.0,0.0,0.0,1,60540.0
0,2,44,9,28,0,0,3,0,0,0,0,0,0,0,0,0,0,0,0,0,0,79,79,0.0,0.0,0.0,0.0,1.0,0.0,0.0,255,79,0.31,0.01,0.31,0.0,0.0,0.0,0.0,0.0,1,14301.0
0,1,3,5,0,0,0,0,0,0,0,0,0,0,0,0,0,0,0,0,0,0,224,1,1.0,1.0,0.0,0.0,0.0,0.07,0.0,255,1,0.0,0.07,0.0,0.0,1.0,1.0,0.0,0.0,1,6723.0
0,1,10,5,0,0,0,0,0,0,0,0,0,0,0,0,0,0,0,0,0,0,275,7,1.0,1.0,0.0,0.0,0.03,0.05,0.0,255,7,0.03,0.05,0.0,0.0,1.0,1.0,0.0,0.0,1,12683.0
0,1,22,9,296,354,0,0,0,0,0,1,0,0,0,0,0,0,0,0,0,0,30,30,0.0,0.0,0.0,0.0,1.0,0.0,0.0,63,255,1.0,0.0,0.02,0.04,0.0,0.0,0.0,0.0,0,100454.0
0,2,11,9,45,115,0,0,0,0,0,0,0,0,0,0,0,0,0,0,0,0,1,2,0.0,0.0,0.0,0.0,1.0,0.0,1.0,130,124,0.95,0.02,0.01,0.0,0.0,0.0,0.0,0.0,0,79337.0
0,2,44,9,28,0,0,3,0,0,0,0,0,0,0,0,0,0,0,0,0,0,75,75,0.0,0.0,0.0,0.0,1.0,0.0,0.0,147,75,0.51,0.03,0.51,0.0,0.0,0.0,0.0,0.0,1,23556.0
0,1,22,9,211,15404,0,0,0,0,0,1,0,0,0,0,0,0,0,0,0,0,4,12,0.0,0.0,0.0,0.0,1.0,0.0,0.25,255,255,1.0,0.0,0.0,0.0,0.0,0.0,0.0,0.0,0,71759.0
0,1,22,9,141,7373,0,0,0,1,0,1,0,0,0,0,0,0,0,0,0,0,8,8,0.0,0.0,0.0,0.0,1.0,0.0,0.0,8,255,1.0,0.0,0.12,0.04,0.0,0.01,0.0,0.01,0,20825.0
5,1,49,9,1463,334,0,0,0,0,0,1,0,0,0,0,0,0,0,0,0,0,1,2,0.0,0.0,0.0,0.5,1.0,0.0,1.0,200,120,0.41,0.04,0.0,0.02,0.0,0.0,0.0,0.0,0,17805.0
0,1,22,9,324,369,0,0,0,0,0,1,0,0,0,0,0,0,0,0,0,0,4,9,0.0,0.0,0.0,0.0,1.0,0.0,0.22,148,255,1.0,0.0,0.01,0.02,0.0,0.0,0.0,0.0,0,101887.0
0,1,22,9,242,1377,0,0,0,0,0,1,0,0,0,0,0,0,0,0,0,0,12,12,0.0,0.0,0.0,0.0,1.0,0.0,0.0,36,255,1.0,0.0,0.03,0.02,0.0,0.0,0.08,0.09,0,32821.0
0,1,22,1,0,0,0,0,0,0,0,0,0,0,0,0,0,0,0,0,0,0,1,1,0.0,0.0,1.0,1.0,1.0,0.0,0.0,29,255,1.0,0.0,0.03,0.07,0.0,0.0,1.0,0.97,0,125111.0
0,1,19,5,0,0,0,0,0,0,0,0,0,0,0,0,0,0,0,0,0,0,25,5,1.0,1.0,0.0,0.0,0.2,0.08,0.0,27,51,0.19,0.11,0.07,0.04,0.93,0.1,0.0,0.0,1,760.0
0,1,44,5,0,0,0,0,0,0,0,0,0,0,0,0,0,0,0,0,0,0,135,16,1.0,1.0,0.0,0.0,0.12,0.05,0.0,255,16,0.06,0.05,0.0,0.0,1.0,1.0,0.0,0.0,1,99628.0
0,1,19,9,63,0,0,0,0,0,0,0,0,0,0,0,0,0,0,0,0,0,2,2,0.0,0.0,0.0,0.0,1.0,0.0,0.0,255,32,0.13,0.07,0.13,0.0,0.79,0.0,0.0,0.0,0,37996.0
0,1,22,9,208,2113,0,0,0,0,0,1,0,0,0,0,0,0,0,0,0,0,4,4,0.0,0.0,0.0,0.0,1.0,0.0,0.0,89,255,1.0,0.0,0.01,0.14,0.0,0.0,0.91,0.96,0,72995.0
0,1,44,5,0,0,0,0,0,0,0,0,0,0,0,0,0,0,0,0,0,0,128,23,1.0,1.0,0.0,0.0,0.18,0.05,0.0,255,23,0.09,0.06,0.0,0.0,1.0,1.0,0.0,0.0,1,81762.0
0,1,22,9,294,256,0,0,0,0,0,1,0,0,0,0,0,0,0,0,0,0,7,7,0.0,0.0,0.0,0.0,1.0,0.0,0.0,122,255,1.0,0.0,0.01,0.03,0.0,0.0,0.0,0.0,0,64175.0
0,0,13,9,30,0,0,0,0,0,0,0,0,0,0,0,0,0,0,0,0,0,8,1,0.0,0.0,0.0,0.0,0.12,0.38,0.0,255,7,0.03,0.01,0.09,0.0,0.0,0.0,0.0,0.0,0,2018.0
0,1,22,9,227,13337,0,0,0,0,0,1,0,0,0,0,0,0,0,0,0,0,3,4,0.0,0.0,0.0,0.0,1.0,0.0,0.5,14,255,1.0,0.0,0.07,0.02,0.0,0.0,0.0,0.0,0,125180.0
0,1,21,5,0,0,0,0,0,0,0,0,0,0,0,0,0,0,0,0,0,0,224,11,1.0,1.0,0.0,0.0,0.05,0.07,0.0,255,11,0.04,0.08,0.0,0.0,1.0,1.0,0.0,0.0,1,105396.0
0,1,22,9,54540,8314,0,0,0,2,0,1,1,0,0,0,0,0,0,0,0,0,1,1,0.0,0.0,0.0,0.0,1.0,0.0,0.0,29,29,1.0,0.0,0.03,0.0,0.0,0.0,0.0,0.0,1,32743.0
0,1,49,9,780,333,0,0,0,0,0,1,0,0,0,0,0,0,0,0,0,0,1,1,0.0,0.0,0.0,0.0,1.0,0.0,0.0,255,189,0.74,0.02,0.0,0.0,0.0,0.0,0.0,0.0,0,124879.0
0,0,13,9,8,0,0,0,0,0,0,0,0,0,0,0,0,0,0,0,0,0,1,34,0.0,0.0,0.0,0.0,1.0,0.0,1.0,1,43,1.0,0.0,1.0,0.51,0.0,0.0,0.0,0.0,1,93729.0
0,1,44,5,0,0,0,0,0,0,0,0,0,0,0,0,0,0,0,0,0,0,174,2,1.0,1.0,0.0,0.0,0.01,0.06,0.0,20,2,0.1,0.25,0.05,0.0,0.3,1.0,0.05,0.0,1,120039.0
0,1,10,5,0,0,0,0,0,0,0,0,0,0,0,0,0,0,0,0,0,0,211,14,1.0,1.0,0.0,0.0,0.07,0.06,0.0,255,14,0.05,0.06,0.0,0.0,1.0,1.0,0.0,0.0,1,29334.0
0,2,40,9,516,4,0,0,0,0,0,0,0,0,0,0,0,0,0,0,0,0,128,128,0.0,0.0,0.0,0.0,1.0,0.0,0.0,128,128,1.0,0.0,1.0,0.0,0.0,0.0,0.0,0.0,0,24107.0
0,1,4,1,0,0,0,0,0,0,0,0,0,0,0,0,0,0,0,0,0,0,2,1,0.0,0.0,1.0,1.0,0.5,1.0,0.0,255,1,0.0,0.7,0.69,0.0,0.0,0.0,0.69,1.0,1,112553.0
0,1,49,9,829,387,0,0,0,0,0,1,0,0,0,0,0,0,0,0,0,0,1,2,0.0,0.0,0.0,0.0,1.0,0.0,1.0,8,148,0.75,0.38,0.12,0.01,0.0,0.0,0.0,0.0,0,58089.0
0,1,22,9,250,719,0,0,0,0,0,1,0,0,0,0,0,0,0,0,0,0,8,19,0.0,0.0,0.0,0.0,1.0,0.0,0.21,45,255,1.0,0.0,0.02,0.05,0.0,0.0,0.0,0.0,0,114015.0
0,1,19,9,965,0,0,0,0,0,0,1,0,0,0,0,0,0,0,0,0,0,2,2,0.0,0.0,0.0,0.0,1.0,0.0,0.0,2,69,1.0,0.0,1.0,0.03,0.0,0.01,0.0,0.0,0,57840.0
0,1,16,5,0,0,0,0,0,0,0,0,0,0,0,0,0,0,0,0,0,0,150,20,1.0,1.0,0.0,0.0,0.13,0.06,0.0,255,20,0.08,0.06,0.0,0.0,1.0,1.0,0.0,0.0,1,94833.0
0,1,22,9,212,1769,0,0,0,0,0,1,0,0,0,0,0,0,0,0,0,0,40,41,0.0,0.0,0.0,0.0,1.0,0.0,0.05,255,255,1.0,0.0,0.0,0.0,0.0,0.0,0.02,0.02,0,67229.0
0,1,55,5,0,0,0,0,0,0,0,0,0,0,0,0,0,0,0,0,0,0,293,1,1.0,1.0,0.0,0.0,0.0,0.06,0.0,255,1,0.0,0.07,0.0,0.0,1.0,1.0,0.0,0.0,1,9057.0
0,0,13,9,8,0,0,0,0,0,0,0,0,0,0,0,0,0,0,0,0,0,1,39,0.0,0.0,0.0,0.0,1.0,0.0,1.0,1,101,1.0,0.0,1.0,0.5,0.0,0.0,0.0,0.0,1,53615.0
0,1,22,9,195,2150,0,0,0,0,0,1,0,0,0,0,0,0,0,0,0,0,3,3,0.0,0.0,0.0,0.0,1.0,0.0,0.0,3,255,1.0,0.0,0.33,0.01,0.0,0.0,0.0,0.0,0,6358.0
0,1,22,9,54540,8314,0,0,0,2,0,1,1,0,0,0,0,0,0,0,0,0,4,6,0.0,0.0,0.25,0.5,1.0,0.0,0.5,199,199,1.0,0.0,0.01,0.0,0.0,0.0,0.06,0.06,1,119201.0
0,1,18,5,0,0,0,0,0,0,0,0,0,0,0,0,0,0,0,0,0,0,227,8,1.0,1.0,0.0,0.0,0.04,0.07,0.0,255,8,0.03,0.09,0.0,0.0,1.0,1.0,0.0,0.0,1,7117.0
0,1,22,9,266,2066,0,0,0,0,0,1,0,0,0,0,0,0,0,0,0,0,1,7,0.0,0.0,0.0,0.0,1.0,0.0,0.29,255,255,1.0,0.0,0.0,0.0,0.0,0.0,0.0,0.0,0,91758.0
0,2,11,9,36,101,0,0,0,0,0,0,0,0,0,0,0,0,0,0,0,0,2,2,0.0,0.0,0.0,0.0,1.0,0.0,0.0,183,104,0.57,0.03,0.01,0.0,0.0,0.0,0.0,0.0,0,110749.0
0,1,25,5,0,0,0,0,0,0,0,0,0,0,0,0,0,0,0,0,0,0,299,3,1.0,1.0,0.0,0.0,0.01,0.05,0.0,255,3,0.01,0.05,0.0,0.0,1.0,1.0,0.0,0.0,1,41162.0
1457,2,40,9,146,105,0,0,0,0,0,0,0,0,0,0,0,0,0,0,0,0,1,1,0.0,0.0,0.0,0.0,1.0,0.0,0.0,255,1,0.0,0.6,0.88,0.0,0.0,0.0,0.0,0.0,0,34287.0
0,1,19,9,1830,0,0,0,0,0,0,0,0,0,0,0,0,0,0,0,0,0,4,4,0.0,0.0,0.0,0.0,1.0,0.0,0.0,78,82,0.74,0.06,0.74,0.02,0.0,0.0,0.0,0.0,0,116507.0
0,1,22,9,200,7071,0,0,0,0,0,1,0,0,0,0,0,0,0,0,0,0,26,26,0.0,0.0,0.0,0.0,1.0,0.0,0.0,255,255,1.0,0.0,0.0,0.0,0.0,0.0,0.0,0.0,0,40775.0
0,1,44,5,0,0,0,0,0,0,0,0,0,0,0,0,0,0,0,0,0,0,125,10,1.0,1.0,0.0,0.0,0.08,0.06,0.0,255,9,0.04,0.08,0.0,0.0,1.0,1.0,0.0,0.0,1,66822.0
7738,1,0,4,2046,3809,0,0,0,0,0,0,0,0,0,0,0,0,0,0,0,0,1,1,0.0,0.0,1.0,1.0,1.0,0.0,0.0,27,12,0.44,0.07,0.04,0.0,0.04,0.08,0.41,0.92,0,95989.0
0,1,30,5,0,0,0,0,0,0,0,0,0,0,0,0,0,0,0,0,0,0,113,22,1.0,1.0,0.0,0.0,0.19,0.06,0.0,255,22,0.09,0.05,0.0,0.0,1.0,1.0,0.0,0.0,1,29827.0
0,1,22,9,349,1719,0,0,0,0,0,1,0,0,0,0,0,0,0,0,0,0,13,13,0.0,0.0,0.0,0.0,1.0,0.0,0.0,187,255,1.0,0.0,0.01,0.02,0.0,0.0,0.0,0.0,0,22472.0
0,1,22,9,264,2622,0,0,0,0,0,1,0,0,0,0,0,0,0,0,0,0,25,54,0.0,0.0,0.0,0.0,1.0,0.0,0.07,25,255,1.0,0.0,0.04,0.07,0.0,0.0,0.0,0.0,0,86089.0
0,1,44,1,0,0,0,0,0,0,0,0,0,0,0,0,0,0,0,0,0,0,284,13,0.0,0.0,1.0,1.0,0.05,0.06,0.0,255,28,0.11,0.07,0.0,0.0,0.0,0.0,1.0,1.0,1,103310.0
0,1,22,9,227,1517,0,0,0,0,0,1,0,0,0,0,0,0,0,0,0,0,5,5,0.0,0.0,0.0,0.0,1.0,0.0,0.0,5,23,1.0,0.0,0.2,0.09,0.0,0.0,0.0,0.0,0,37178.0
0,1,61,5,0,0,0,0,0,0,0,0,0,0,0,0,0,0,0,0,0,0,297,13,1.0,1.0,0.0,0.0,0.04,0.05,0.0,255,13,0.05,0.05,0.0,0.0,1.0,1.0,0.0,0.0,1,112734.0
0,1,44,5,0,0,0,0,0,0,0,0,0,0,0,0,0,0,0,0,0,0,48,19,1.0,1.0,0.0,0.0,0.4,0.1,0.0,255,19,0.07,0.08,0.0,0.0,1.0,1.0,0.0,0.0,1,38122.0
0,1,30,5,0,0,0,0,0,0,0,0,0,0,0,0,0,0,0,0,0,0,134,11,1.0,1.0,0.0,0.0,0.08,0.07,0.0,255,11,0.04,0.06,0.0,0.0,1.0,1.0,0.0,0.0,1,8846.0
0,1,22,9,239,3393,0,0,0,0,0,1,0,0,0,0,0,0,0,0,0,0,17,17,0.0,0.0,0.0,0.0,1.0,0.0,0.0,255,255,1.0,0.0,0.0,0.0,0.0,0.0,0.0,0.0,0,89220.0
0,1,22,9,208,835,0,0,0,0,0,1,0,0,0,0,0,0,0,0,0,0,7,7,0.0,0.0,0.0,0.0,1.0,0.0,0.0,96,255,1.0,0.0,0.01,0.01,0.0,0.0,0.0,0.0,0,36998.0
0,1,22,9,158,4030,0,0,0,0,0,1,0,0,0,0,0,0,0,0,0,0,3,3,0.0,0.0,0.0,0.0,1.0,0.0,0.0,213,255,1.0,0.0,0.0,0.02,0.0,0.01,0.0,0.0,0,12843.0
1,1,49,9,10608,918,0,0,0,0,0,1,0,0,0,0,0,0,0,0,0,0,1,1,0.0,0.0,0.0,0.0,1.0,0.0,0.0,40,176,0.8,0.1,0.03,0.01,0.0,0.0,0.0,0.0,0,122501.0
0,1,44,5,0,0,0,0,0,0,0,0,0,0,0,0,0,0,0,0,0,0,149,19,1.0,1.0,0.0,0.0,0.13,0.06,0.0,255,16,0.06,0.06,0.0,0.0,1.0,1.0,0.0,0.0,1,93015.0
0,1,19,9,1699,0,0,0,0,0,0,1,0,0,0,0,0,0,0,0,0,0,1,1,0.0,0.0,0.0,0.0,1.0,0.0,0.0,255,11,0.04,0.06,0.04,0.0,0.84,0.0,0.01,0.0,0,24791.0
0,1,40,5,0,0,0,0,0,0,0,0,0,0,0,0,0,0,0,0,0,0,510,1,0.28,1.0,0.71,0.0,0.0,1.0,0.0,255,1,0.0,1.0,0.0,0.0,0.27,1.0,0.73,0.0,1,72952.0
0,1,9,5,0,0,0,0,0,0,0,0,0,0,0,0,0,0,0,0,0,0,272,7,1.0,1.0,0.0,0.0,0.03,0.06,0.0,255,7,0.03,0.07,0.0,0.0,1.0,1.0,0.0,0.0,1,20556.0
0,0,14,9,1032,0,0,0,0,0,0,0,0,0,0,0,0,0,0,0,0,0,460,460,0.0,0.0,0.0,0.0,1.0,0.0,0.0,255,255,1.0,0.0,1.0,0.0,0.0,0.0,0.0,0.0,1,79081.0
0,1,22,9,216,1242,0,0,0,0,0,1,0,0,0,0,0,0,0,0,0,0,14,14,0.0,0.0,0.0,0.0,1.0,0.0,0.0,255,255,1.0,0.0,0.0,0.0,0.0,0.0,0.0,0.0,0,66219.0
0,1,22,9,168,1150,0,0,0,0,0,1,0,0,0,0,0,0,0,0,0,0,1,1,0.0,0.0,0.0,0.0,1.0,0.0,0.0,29,255,1.0,0.0,0.03,0.04,0.0,0.0,0.0,0.0,0,62123.0
0,1,22,1,0,0,0,0,0,0,0,0,0,0,0,0,0,0,0,0,0,0,223,11,0.0,0.0,1.0,1.0,0.05,0.07,0.0,255,11,0.04,0.07,0.0,0.0,0.0,0.0,1.0,1.0,1,59078.0
0,1,4,5,0,0,0,0,0,0,0,0,0,0,0,0,0,0,0,0,0,0,271,9,1.0,1.0,0.0,0.0,0.03,0.06,0.0,255,9,0.04,0.07,0.0,0.0,1.0,1.0,0.0,0.0,1,104662.0
3,1,49,9,667,363,0,0,0,0,0,1,0,0,0,0,0,0,0,0,0,0,1,1,0.0,0.0,0.0,0.0,1.0,0.0,0.0,5,176,0.8,0.4,0.2,0.01,0.0,0.0,0.0,0.0,0,115955.0
0,2,11,9,43,74,0,0,0,0,0,0,0,0,0,0,0,0,0,0,0,0,108,108,0.0,0.0,0.0,0.0,1.0,0.0,0.0,255,255,1.0,0.0,0.01,0.0,0.0,0.0,0.0,0.0,0,115874.0
0,1,44,5,0,0,0,0,0,0,0,0,0,0,0,0,0,0,0,0,0,0,227,12,1.0,1.0,0.0,0.0,0.05,0.06,0.0,255,2,0.01,0.07,0.0,0.0,1.0,1.0,0.0,0.0,1,34363.0
0,1,7,1,0,0,0,0,0,0,0,0,0,0,0,0,0,0,0,0,0,0,224,13,0.0,0.0,1.0,1.0,0.06,0.07,0.0,255,13,0.05,0.07,0.0,0.0,0.0,0.0,1.0,1.0,1,23478.0
0,1,49,9,1093,333,0,0,0,0,0,1,0,0,0,0,0,0,0,0,0,0,1,2,0.0,0.0,0.0,0.0,1.0,0.0,1.0,162,180,0.72,0.02,0.01,0.01,0.0,0.0,0.0,0.0,0,8699.0
0,2,11,9,43,132,0,0,0,0,0,0,0,0,0,0,0,0,0,0,0,0,88,135,0.0,0.0,0.0,0.0,1.0,0.0,0.01,255,253,0.99,0.01,0.0,0.0,0.0,0.0,0.0,0.0,0,117012.0
0,0,58,9,78,0,0,0,0,0,0,0,0,0,0,0,0,0,0,0,0,0,9,1,0.0,0.0,0.0,0.0,0.11,0.22,0.0,255,28,0.11,0.01,0.11,0.0,0.0,0.0,0.0,0.0,0,61707.0
0,1,22,9,312,3222,0,0,0,0,0,1,0,0,0,0,0,0,0,0,0,0,3,3,0.0,0.0,0.0,0.0,1.0,0.0,0.0,255,246,0.96,0.02,0.0,0.0,0.0,0.0,0.0,0.0,0,1127.0
0,0,13,9,8,0,0,0,0,0,0,0,0,0,0,0,0,0,0,0,0,0,1,17,0.0,0.0,0.0,0.0,1.0,0.0,1.0,2,38,1.0,0.0,1.0,0.5,0.0,0.0,0.0,0.0,1,115406.0
0,1,22,9,255,3605,0,0,0,0,0,1,0,0,0,0,0,0,0,0,0,0,8,8,0.0,0.0,0.0,0.0,1.0,0.0,0.0,117,255,1.0,0.0,0.01,0.02,0.0,0.0,0.0,0.0,0,59783.0
0,1,22,9,199,597,0,0,0,0,0,1,0,0,0,0,0,0,0,0,0,0,11,11,0.0,0.0,0.0,0.0,1.0,0.0,0.0,255,255,1.0,0.0,0.0,0.0,0.0,0.0,0.0,0.0,0,80062.0
639,1,55,9,584,19887,0,0,0,0,0,1,2,0,0,0,0,0,0,0,0,0,1,1,0.0,0.0,0.0,0.0,1.0,0.0,0.0,255,13,0.05,0.62,0.0,0.0,0.62,0.15,0.0,0.0,0,3607.0
0,1,5,5,0,0,0,0,0,0,0,0,0,0,0,0,0,0,0,0,0,0,117,15,1.0,1.0,0.0,0.0,0.13,0.06,0.0,255,15,0.06,0.05,0.0,0.0,1.0,1.0,0.0,0.0,1,91206.0
0,1,17,5,0,0,0,0,0,0,0,0,0,0,0,0,0,0,0,0,0,0,256,9,1.0,1.0,0.0,0.0,0.04,0.06,0.0,255,9,0.04,0.07,0.0,0.0,1.0,1.0,0.0,0.0,1,36891.0
0,1,19,5,0,0,0,0,0,0,0,0,0,0,0,0,0,0,0,0,0,0,248,10,1.0,1.0,0.0,0.0,0.04,0.06,0.0,255,10,0.04,0.07,0.0,0.0,1.0,1.0,0.0,0.0,1,9377.0
0,1,22,9,297,4326,0,0,0,0,0,1,0,0,0,0,0,0,0,0,0,0,1,3,0.0,0.0,0.0,0.0,1.0,0.0,1.0,3,255,1.0,0.0,0.33,0.06,0.0,0.0,0.0,0.0,0,51530.0
0,1,19,9,16,0,0,0,0,0,0,0,0,0,0,0,0,0,0,0,0,0,1,1,0.0,0.0,0.0,0.0,1.0,0.0,0.0,97,49,0.34,0.03,0.34,0.04,0.0,0.0,0.0,0.0,0,44092.0
1,1,49,9,738,356,0,0,0,0,0,1,0,0,0,0,0,0,0,0,0,0,1,3,0.0,0.0,0.0,0.0,1.0,0.0,1.0,115,155,0.68,0.03,0.01,0.01,0.0,0.0,0.0,0.0,0,87246.0
12,1,42,9,66,3226,0,0,0,0,0,1,0,0,0,0,0,0,0,0,0,0,1,1,0.0,0.0,0.0,0.0,1.0,0.0,0.0,1,1,1.0,0.0,1.0,0.0,0.0,0.0,0.0,0.0,0,63325.0
0,1,44,1,0,0,0,0,0,0,0,0,0,0,0,0,0,0,0,0,0,0,110,6,0.0,0.0,1.0,1.0,0.05,0.06,0.0,255,6,0.02,0.06,0.0,0.0,0.0,0.0,1.0,1.0,1,52021.0
0,1,22,9,225,527,0,0,0,0,0,1,0,0,0,0,0,0,0,0,0,0,7,14,0.0,0.0,0.0,0.0,1.0,0.0,0.14,255,255,1.0,0.0,0.0,0.0,0.0,0.0,0.0,0.0,0,115443.0
0,1,22,9,164,4038,0,0,0,0,0,1,0,0,0,0,0,0,0,0,0,0,7,7,0.0,0.0,0.0,0.0,1.0,0.0,0.0,7,255,1.0,0.0,0.14,0.07,0.0,0.0,0.0,0.0,0,77216.0
4,1,49,9,17086,340,0,0,0,0,0,1,0,0,0,0,0,0,0,0,0,0,1,1,0.0,0.0,0.0,0.0,1.0,0.0,0.0,114,190,0.6,0.04,0.01,0.01,0.0,0.0,0.0,0.0,0,13910.0
0,1,49,9,2572,328,0,0,0,0,0,1,0,0,0,0,0,0,0,0,0,0,1,1,0.0,0.0,0.0,0.0,1.0,0.0,0.0,81,26,0.32,0.07,0.01,0.0,0.0,0.0,0.0,0.0,0,27124.0
0,1,35,5,0,0,0,0,0,0,0,0,0,0,0,0,0,0,0,0,0,0,288,15,1.0,1.0,0.0,0.0,0.05,0.06,0.0,255,7,0.03,0.06,0.0,0.0,1.0,1.0,0.0,0.0,1,84436.0
0,1,22,9,244,7848,0,0,0,0,0,1,0,0,0,0,0,0,0,0,0,0,7,13,0.0,0.0,0.0,0.0,1.0,0.0,0.31,255,255,1.0,0.0,0.0,0.0,0.0,0.0,0.0,0.0,0,16798.0
0,1,44,1,0,0,0,0,0,0,0,0,0,0,0,0,0,0,0,0,0,0,2,1,0.0,0.0,1.0,1.0,0.5,1.0,0.0,255,1,0.0,0.7,0.69,0.0,0.0,0.0,0.69,1.0,1,80385.0
0,1,22,9,333,492,0,0,0,0,0,1,0,0,0,0,0,0,0,0,0,0,34,41,0.0,0.0,0.0,0.0,1.0,0.0,0.12,255,255,1.0,0.0,0.0,0.0,0.0,0.0,0.0,0.0,0,12168.0
0,1,44,5,0,0,0,0,0,0,0,0,0,0,0,0,0,0,0,0,0,0,293,5,1.0,1.0,0.0,0.0,0.02,0.06,0.0,255,8,0.03,0.09,0.0,0.0,1.0,1.0,0.0,0.0,1,87860.0
0,1,60,5,0,0,0,0,0,0,0,0,0,0,0,0,0,0,0,0,0,0,236,1,1.0,1.0,0.0,0.0,0.0,0.06,0.0,255,1,0.0,0.07,0.0,0.0,1.0,1.0,0.0,0.0,1,73957.0
0,1,22,9,175,13735,0,0,0,0,0,1,0,0,0,0,0,0,0,0,0,0,2,10,0.0,0.0,0.0,0.0,1.0,0.0,0.3,9,255,1.0,0.0,0.11,0.01,0.0,0.0,0.78,0.08,0,56387.0
0,0,13,9,8,0,0,0,0,0,0,0,0,0,0,0,0,0,0,0,0,0,1,8,0.0,0.0,0.0,0.0,1.0,0.0,1.0,1,197,1.0,0.0,1.0,0.25,0.0,0.0,0.0,0.0,1,25717.0
0,1,22,9,212,2158,0,0,0,0,0,1,0,0,0,0,0,0,0,0,0,0,6,6,0.0,0.0,0.0,0.0,1.0,0.0,0.0,6,255,1.0,0.0,0.17,0.07,0.0,0.0,0.0,0.0,0,28542.0
0,1,19,9,12,0,0,0,0,0,0,1,0,0,0,0,0,0,0,0,0,0,1,3,0.0,0.0,0.0,0.0,1.0,0.0,0.67,74,37,0.18,0.08,0.18,0.05,0.0,0.0,0.0,0.0,0,5704.0
0,1,22,9,225,4112,0,0,0,0,0,1,0,0,0,0,0,0,0,0,0,0,1,1,0.0,0.0,0.0,0.0,1.0,0.0,0.0,1,255,1.0,0.0,1.0,0.02,0.0,0.0,0.0,0.0,0,42477.0
0,0,14,9,520,0,0,0,0,0,0,0,0,0,0,0,0,0,0,0,0,0,185,185,0.0,0.0,0.0,0.0,1.0,0.0,0.0,255,255,1.0,0.0,1.0,0.0,0.0,0.0,0.0,0.0,1,89300.0
0,1,25,5,0,0,0,0,0,0,0,0,0,0,0,0,0,0,0,0,0,0,249,19,1.0,1.0,0.0,0.0,0.08,0.07,0.0,255,19,0.07,0.09,0.0,0.0,1.0,1.0,0.0,0.0,1,38803.0
0,0,13,9,30,0,0,0,0,0,0,0,0,0,0,0,0,0,0,0,0,0,2,1,0.0,0.0,0.0,0.0,0.5,1.0,0.0,255,4,0.02,0.01,0.09,0.0,0.0,0.0,0.0,0.0,0,74143.0
2,1,49,9,1049,328,0,0,0,0,0,1,0,0,0,0,0,0,0,0,0,0,1,2,0.0,0.0,0.0,0.0,1.0,0.0,1.0,84,195,0.7,0.06,0.01,0.01,0.0,0.0,0.0,0.0,0,88830.0
0,1,49,5,0,0,0,0,0,0,0,0,0,0,0,0,0,0,0,0,0,0,285,20,1.0,1.0,0.0,0.0,0.07,0.06,0.0,255,20,0.08,0.06,0.0,0.0,1.0,1.0,0.0,0.0,1,113615.0
0,1,44,1,0,0,0,0,0,0,0,0,0,0,0,0,0,0,0,0,0,0,105,5,0.0,0.0,1.0,1.0,0.05,0.07,0.0,255,25,0.1,0.06,0.0,0.0,0.0,0.0,1.0,1.0,1,111181.0
0,1,17,9,8,225,0,0,0,0,0,0,0,0,0,0,0,0,0,0,0,0,1,1,0.0,0.0,0.0,0.0,1.0,0.0,0.0,49,11,0.04,0.04,0.02,0.27,0.0,0.0,0.0,0.0,0,111564.0
0,1,22,9,162,3236,0,0,0,0,0,1,0,0,0,0,0,0,0,0,0,0,2,20,0.0,0.0,0.0,0.0,1.0,0.0,0.1,2,255,1.0,0.0,0.5,0.05,0.0,0.0,0.0,0.0,0,57205.0
0,1,53,5,0,0,0,0,0,0,0,0,0,0,0,0,0,0,0,0,0,0,291,16,1.0,1.0,0.0,0.0,0.05,0.06,0.0,255,3,0.01,0.11,0.0,0.0,1.0,1.0,0.0,0.0,1,65140.0
0,1,26,5,0,0,0,0,0,0,0,0,0,0,0,0,0,0,0,0,0,0,101,17,1.0,1.0,0.0,0.0,0.17,0.06,0.0,255,17,0.07,0.08,0.0,0.0,1.0,1.0,0.0,0.0,1,97171.0
0,1,57,5,0,0,0,0,0,0,0,0,0,0,0,0,0,0,0,0,0,0,291,20,1.0,1.0,0.0,0.0,0.07,0.05,0.0,255,20,0.08,0.07,0.0,0.0,1.0,1.0,0.0,0.0,1,108331.0
0,1,44,1,0,0,0,0,0,0,0,0,0,0,0,0,0,0,0,0,0,0,191,8,0.0,0.0,1.0,1.0,0.04,0.06,0.0,255,8,0.03,0.09,0.0,0.0,0.0,0.0,1.0,1.0,1,30929.0
0,1,22,9,213,2759,0,0,0,0,0,1,0,0,0,0,0,0,0,0,0,0,4,4,0.0,0.0,0.0,0.0,1.0,0.0,0.0,14,255,1.0,0.0,0.07,0.03,0.0,0.0,0.0,0.0,0,82467.0
0,1,22,1,0,0,0,0,0,0,0,0,0,0,0,0,0,0,0,0,0,0,2,2,0.0,0.0,0.5,0.5,1.0,0.0,0.0,36,253,1.0,0.0,0.03,0.17,0.0,0.0,0.94,0.99,0,92587.0
0,1,34,5,0,0,0,0,0,0,0,0,0,0,0,0,0,0,0,0,0,0,124,7,1.0,1.0,0.0,0.0,0.06,0.06,0.0,255,7,0.03,0.06,0.0,0.0,1.0,1.0,0.0,0.0,1,41914.0
0,2,11,9,44,130,0,0,0,0,0,0,0,0,0,0,0,0,0,0,0,0,2,82,0.0,0.0,0.0,0.0,1.0,0.0,0.02,255,249,0.98,0.01,0.0,0.0,0.0,0.0,0.0,0.0,0,113370.0
0,1,22,9,218,495,0,0,0,0,0,1,0,0,0,0,0,0,0,0,0,0,4,13,0.0,0.0,0.0,0.0,1.0,0.0,0.15,19,255,1.0,0.0,0.05,0.01,0.0,0.0,0.0,0.0,0,52112.0
0,1,44,5,0,0,0,0,0,0,0,0,0,0,0,0,0,0,0,0,0,0,189,4,1.0,1.0,0.0,0.0,0.02,0.05,0.0,255,4,0.02,0.06,0.0,0.0,1.0,1.0,0.0,0.0,1,91697.0
0,1,44,5,0,0,0,0,0,0,0,0,0,0,0,0,0,0,0,0,0,0,217,5,1.0,1.0,0.0,0.0,0.02,0.06,0.0,255,20,0.08,0.08,0.0,0.0,1.0,1.0,0.0,0.0,1,29969.0
0,1,22,9,195,1254,0,0,0,0,0,1,0,0,0,0,0,0,0,0,0,0,20,20,0.0,0.0,0.0,0.0,1.0,0.0,0.0,50,255,1.0,0.0,0.02,0.02,0.0,0.0,0.0,0.0,0,6996.0
0,1,34,5,0,0,0,0,0,0,0,0,0,0,0,0,0,0,0,0,0,0,127,22,1.0,1.0,0.0,0.0,0.17,0.05,0.0,255,22,0.09,0.05,0.0,0.0,1.0,1.0,0.0,0.0,1,19690.0
0,1,44,5,0,0,0,0,0,0,0,0,0,0,0,0,0,0,0,0,0,0,211,16,1.0,1.0,0.0,0.0,0.08,0.06,0.0,255,17,0.07,0.07,0.0,0.0,1.0,1.0,0.0,0.0,1,67892.0
0,2,11,9,45,77,0,0,0,0,0,0,0,0,0,0,0,0,0,0,0,0,185,185,0.0,0.0,0.0,0.0,1.0,0.0,0.0,255,255,1.0,0.0,0.0,0.0,0.0,0.0,0.0,0.0,0,51696.0
0,1,22,9,196,7203,0,0,0,0,0,1,0,0,0,0,0,0,0,0,0,0,15,19,0.0,0.0,0.0,0.0,1.0,0.0,0.16,255,255,1.0,0.0,0.0,0.0,0.0,0.0,0.0,0.0,0,12756.0
0,1,44,5,0,0,0,0,0,0,0,0,0,0,0,0,0,0,0,0,0,0,238,17,1.0,1.0,0.0,0.0,0.07,0.06,0.0,255,19,0.07,0.05,0.0,0.0,1.0,1.0,0.0,0.0,1,66572.0
0,1,40,1,0,0,0,0,0,0,0,0,0,0,0,0,0,0,0,0,0,0,470,1,0.07,0.0,0.92,1.0,0.0,1.0,0.0,255,1,0.0,1.0,0.0,0.0,0.06,0.0,0.94,1.0,1,59533.0
0,1,22,9,345,255,0,0,0,0,0,1,0,0,0,0,0,0,0,0,0,0,14,14,0.0,0.0,0.0,0.0,1.0,0.0,0.0,255,255,1.0,0.0,0.0,0.0,0.0,0.0,0.0,0.0,0,110058.0
0,1,17,5,0,0,0,0,0,0,0,0,0,0,0,0,0,0,0,0,0,0,288,10,1.0,1.0,0.0,0.0,0.03,0.05,0.0,255,10,0.04,0.05,0.0,0.0,1.0,1.0,0.0,0.0,1,106645.0
2,1,18,9,1218,2447,0,0,0,28,0,1,0,0,0,0,0,0,0,0,0,1,1,1,0.0,0.0,0.0,0.0,1.0,0.0,0.0,255,71,0.28,0.02,0.0,0.0,0.0,0.0,0.0,0.0,1,20664.0
0,1,44,5,0,0,0,0,0,0,0,0,0,0,0,0,0,0,0,0,0,0,109,8,1.0,1.0,0.0,0.0,0.07,0.06,0.0,255,8,0.03,0.06,0.0,0.0,1.0,1.0,0.0,0.0,1,78153.0
0,1,44,5,0,0,0,0,0,0,0,0,0,0,0,0,0,0,0,0,0,0,287,1,1.0,1.0,0.0,0.0,0.0,0.06,0.0,255,6,0.02,0.08,0.0,0.0,1.0,1.0,0.0,0.0,1,93046.0
0,1,22,9,333,266,0,0,0,0,0,1,0,0,0,0,0,0,0,0,0,0,6,6,0.0,0.0,0.0,0.0,1.0,0.0,0.0,35,255,1.0,0.0,0.03,0.06,0.0,0.0,0.0,0.0,0,84273.0
0,1,23,5,0,0,0,0,0,0,0,0,0,0,0,0,0,0,0,0,0,0,112,13,1.0,1.0,0.0,0.0,0.12,0.05,0.0,255,7,0.03,0.07,0.0,0.0,1.0,1.0,0.0,0.0,1,61635.0
0,1,22,9,276,5100,0,0,0,0,0,1,0,0,0,0,0,0,0,0,0,0,5,25,0.0,0.0,0.0,0.0,1.0,0.0,0.12,10,255,1.0,0.0,0.1,0.05,0.0,0.0,0.0,0.0,0,55245.0
0,1,22,1,0,0,0,0,0,0,0,0,0,0,0,0,0,0,0,0,0,0,1,5,0.0,0.0,1.0,1.0,1.0,0.0,0.8,23,255,1.0,0.0,0.04,0.2,0.0,0.0,1.0,1.0,0,26950.0
0,1,22,9,328,312,0,0,0,0,0,1,0,0,0,0,0,0,0,0,0,0,3,3,0.33,0.33,0.0,0.0,1.0,0.0,0.0,255,255,1.0,0.0,0.0,0.0,0.0,0.0,0.0,0.0,0,114281.0
0,1,19,9,1339,0,0,0,0,0,0,1,0,0,0,0,0,0,0,0,0,0,2,2,0.0,0.0,0.0,0.0,1.0,0.0,0.0,76,68,0.13,0.05,0.13,0.04,0.0,0.0,0.0,0.0,0,73394.0
0,0,14,9,1032,0,0,0,0,0,0,0,0,0,0,0,0,0,0,0,0,0,321,321,0.0,0.0,0.0,0.0,1.0,0.0,0.0,255,255,1.0,0.0,1.0,0.0,0.0,0.0,0.0,0.0,1,75871.0
0,1,10,5,0,0,0,0,0,0,0,0,0,0,0,0,0,0,0,0,0,0,210,15,1.0,1.0,0.0,0.0,0.07,0.07,0.0,255,15,0.06,0.07,0.0,0.0,1.0,1.0,0.0,0.0,1,62128.0
0,1,42,9,66,4367,0,0,0,0,0,1,0,0,0,0,0,0,0,0,0,0,1,1,0.0,0.0,0.0,0.0,1.0,0.0,0.0,65,2,0.02,0.08,0.02,1.0,0.0,0.0,0.0,0.0,0,52076.0
0,1,55,5,0,0,0,0,0,0,0,0,0,0,0,0,0,0,0,0,0,0,1,1,1.0,1.0,0.0,0.0,1.0,0.0,0.0,83,43,0.52,0.02,0.01,0.0,0.98,0.95,0.0,0.0,1,22075.0
0,1,44,5,0,0,0,0,0,0,0,0,0,0,0,0,0,0,0,0,0,0,199,19,1.0,1.0,0.0,0.0,0.1,0.06,0.0,255,7,0.03,0.07,0.0,0.0,1.0,1.0,0.0,0.0,1,92138.0
0,1,22,9,190,682,0,0,0,0,0,1,0,0,0,0,0,0,0,0,0,0,12,12,0.0,0.0,0.0,0.0,1.0,0.0,0.0,71,71,1.0,0.0,0.01,0.0,0.01,0.01,0.0,0.0,0,15115.0
0,1,19,9,4539,0,0,0,0,0,0,1,0,0,0,0,0,0,0,0,0,0,19,19,0.0,0.0,0.0,0.0,1.0,0.0,0.0,141,54,0.31,0.03,0.31,0.04,0.0,0.0,0.0,0.0,0,60652.0
0,0,14,9,1032,0,0,0,0,0,0,0,0,0,0,0,0,0,0,0,0,0,511,511,0.0,0.0,0.0,0.0,1.0,0.0,0.0,227,82,0.36,0.01,0.36,0.0,0.0,0.0,0.0,0.0,1,31646.0
0,1,22,9,222,273,0,0,0,0,0,1,0,0,0,0,0,0,0,0,0,0,2,6,0.0,0.0,0.0,0.0,1.0,0.0,0.5,2,255,1.0,0.0,0.5,0.01,0.0,0.0,0.0,0.0,0,29477.0
0,0,13,9,8,0,0,0,0,0,0,0,0,0,0,0,0,0,0,0,0,0,1,44,0.0,0.0,0.0,0.0,1.0,0.0,1.0,2,98,1.0,0.0,1.0,0.5,0.0,0.0,0.0,0.0,1,28752.0
0,1,22,9,237,374,0,0,0,0,0,1,0,0,0,0,0,0,0,0,0,0,29,29,0.0,0.0,0.0,0.0,1.0,0.0,0.0,113,255,1.0,0.0,0.01,0.02,0.0,0.0,0.0,0.0,0,23327.0
0,1,36,5,0,0,0,0,0,0,0,0,0,0,0,0,0,0,0,0,0,0,134,5,1.0,1.0,0.0,0.0,0.04,0.06,0.0,255,5,0.02,0.08,0.0,0.0,1.0,1.0,0.0,0.0,1,54642.0
0,0,14,9,30,0,0,0,0,0,0,0,0,0,0,0,0,0,0,0,0,0,2,2,0.0,0.0,0.0,0.0,1.0,0.0,0.0,237,237,1.0,0.0,1.0,0.0,0.0,0.0,0.0,0.0,0,91360.0
0,1,54,5,0,0,0,0,0,0,0,0,0,0,0,0,0,0,0,0,0,0,265,17,1.0,1.0,0.0,0.0,0.06,0.06,0.0,255,17,0.07,0.07,0.0,0.0,1.0,1.0,0.0,0.0,1,89163.0
0,1,27,5,0,0,0,0,0,0,0,0,0,0,0,0,0,0,0,0,0,0,102,1,1.0,1.0,0.0,0.0,0.01,0.07,0.0,255,1,0.0,0.07,0.0,0.0,1.0,1.0,0.0,0.0,1,82631.0
0,2,11,9,45,45,0,0,0,0,0,0,0,0,0,0,0,0,0,0,0,0,114,114,0.0,0.0,0.0,0.0,1.0,0.0,0.0,255,254,1.0,0.01,0.0,0.0,0.0,0.0,0.0,0.0,0,55445.0
0,1,17,9,6,0,0,0,0,0,0,0,0,0,0,0,0,0,0,0,0,0,1,1,0.0,0.0,0.0,0.0,1.0,0.0,0.0,154,4,0.02,0.02,0.01,0.5,0.0,0.0,0.0,0.0,1,105279.0
0,1,22,5,0,0,0,0,0,0,0,0,0,0,0,0,0,0,0,0,0,0,278,6,1.0,1.0,0.0,0.0,0.02,0.06,0.0,255,5,0.02,0.06,0.0,0.0,1.0,1.0,0.0,0.0,1,1853.0
0,1,22,9,209,440,0,0,0,0,0,1,0,0,0,0,0,0,0,0,0,0,12,13,0.08,0.08,0.0,0.0,1.0,0.0,0.15,49,255,1.0,0.0,0.02,0.02,0.02,0.0,0.0,0.0,0,8043.0
0,1,42,9,35,130,0,0,0,0,0,1,0,0,0,0,0,0,0,0,0,0,1,1,0.0,0.0,0.0,0.0,1.0,0.0,0.0,179,7,0.03,0.03,0.01,0.29,0.0,0.0,0.0,0.0,0,53103.0
0,1,20,5,0,0,0,0,0,0,0,0,0,0,0,0,0,0,0,0,0,0,141,5,1.0,1.0,0.0,0.0,0.04,0.06,0.0,255,1,0.0,0.08,0.0,0.0,1.0,1.0,0.0,0.0,1,117658.0
0,0,13,9,8,0,0,0,0,0,0,0,0,0,0,0,0,0,0,0,0,0,1,8,0.0,0.0,0.0,0.0,1.0,0.0,1.0,2,154,1.0,0.0,1.0,0.5,0.0,0.0,0.0,0.0,1,100204.0
0,1,44,5,0,0,0,0,0,0,0,0,0,0,0,0,0,0,0,0,0,0,299,2,1.0,1.0,0.0,0.0,0.01,0.06,0.0,255,3,0.01,0.06,0.0,0.0,1.0,1.0,0.0,0.0,1,123987.0
0,0,14,9,520,0,0,0,0,0,0,0,0,0,0,0,0,0,0,0,0,0,374,374,0.0,0.0,0.0,0.0,1.0,0.0,0.0,255,255,1.0,0.0,1.0,0.0,0.0,0.0,0.0,0.0,1,90669.0
21,1,18,9,227,768,0,0,0,4,0,1,0,0,0,0,0,0,0,0,0,1,1,1,0.0,0.0,0.0,0.0,1.0,0.0,0.0,11,2,0.18,0.27,0.09,0.0,0.0,0.0,0.0,0.0,0,77292.0
0,1,22,9,215,2335,0,0,0,0,0,1,0,0,0,0,0,0,0,0,0,0,1,2,0.0,0.0,0.0,0.0,1.0,0.0,1.0,255,255,1.0,0.0,0.0,0.0,0.0,0.0,0.0,0.0,0,13826.0
0,1,22,9,216,296,0,0,0,0,0,1,0,0,0,0,0,0,0,0,0,0,30,32,0.0,0.0,0.0,0.0,1.0,0.0,0.09,124,177,1.0,0.0,0.01,0.06,0.0,0.0,0.0,0.0,0,102709.0
0,1,49,5,0,0,0,0,0,0,0,0,0,0,0,0,0,0,0,0,0,0,2,4,1.0,0.5,0.0,0.0,1.0,0.0,0.75,144,127,0.43,0.01,0.01,0.02,0.99,0.49,0.0,0.0,1,7491.0
0,1,10,5,0,0,0,0,0,0,0,0,0,0,0,0,0,0,0,0,0,0,242,5,1.0,1.0,0.0,0.0,0.02,0.07,0.0,255,5,0.02,0.07,0.0,0.0,1.0,1.0,0.0,0.0,1,82546.0
0,1,22,1,0,0,0,0,0,0,0,0,0,0,0,0,0,0,0,0,0,0,1,2,0.0,0.0,1.0,1.0,1.0,0.0,1.0,3,67,1.0,0.0,0.33,0.31,0.0,0.0,1.0,1.0,0,23599.0
0,1,27,5,0,0,0,0,0,0,0,0,0,0,0,0,0,0,0,0,0,0,109,6,1.0,1.0,0.0,0.0,0.06,0.06,0.0,255,18,0.07,0.05,0.0,0.0,1.0,1.0,0.0,0.0,1,73918.0
0,1,22,9,348,342,0,0,0,0,0,1,0,0,0,0,0,0,0,0,0,0,4,11,0.0,0.09,0.0,0.0,1.0,0.0,0.36,198,255,1.0,0.0,0.01,0.02,0.01,0.01,0.01,0.01,0,31253.0
0,1,44,5,0,0,0,0,0,0,0,0,0,0,0,0,0,0,0,0,0,0,116,10,1.0,1.0,0.0,0.0,0.09,0.07,0.0,115,10,0.09,0.09,0.01,0.0,1.0,1.0,0.0,0.0,1,125614.0
0,1,4,5,0,0,0,0,0,0,0,0,0,0,0,0,0,0,0,0,0,0,259,11,1.0,1.0,0.0,0.0,0.04,0.06,0.0,255,11,0.04,0.08,0.0,0.0,1.0,1.0,0.0,0.0,1,124206.0
8,1,59,9,6,0,0,0,0,0,0,1,0,0,0,0,0,0,0,0,0,0,510,1,0.2,0.0,0.79,0.0,0.0,1.0,0.0,255,1,0.0,1.0,0.0,0.0,0.23,0.0,0.75,0.0,1,23620.0
0,0,13,9,8,0,0,0,0,0,0,0,0,0,0,0,0,0,0,0,0,0,1,26,0.0,0.0,0.0,0.0,1.0,0.0,1.0,2,70,1.0,0.0,1.0,0.5,0.0,0.0,0.0,0.0,1,29714.0
0,1,33,1,0,0,0,0,0,0,0,0,0,0,0,0,0,0,0,0,0,0,277,15,0.0,0.0,1.0,1.0,0.05,0.06,0.0,255,15,0.06,0.06,0.0,0.0,0.0,0.0,1.0,1.0,1,24809.0
0,1,40,1,0,0,0,0,0,0,0,0,0,0,0,0,0,0,0,0,0,0,510,1,0.14,0.0,0.86,1.0,0.0,1.0,0.0,255,1,0.0,1.0,0.0,0.0,0.13,0.0,0.87,1.0,1,115695.0
0,1,22,9,295,38677,0,0,0,0,0,1,0,0,0,0,0,0,0,0,0,0,5,5,0.2,0.2,0.0,0.0,1.0,0.0,0.0,255,255,1.0,0.0,0.0,0.0,0.0,0.0,0.0,0.0,0,4987.0
0,1,12,5,0,0,0,0,0,0,0,0,0,0,0,0,0,0,0,0,0,0,223,17,1.0,1.0,0.0,0.0,0.08,0.06,0.0,255,17,0.07,0.06,0.0,0.0,1.0,1.0,0.0,0.0,1,193.0
0,1,22,9,329,818,0,0,0,0,0,1,0,0,0,0,0,0,0,0,0,0,8,8,0.0,0.0,0.0,0.0,1.0,0.0,0.0,46,244,1.0,0.0,0.02,0.02,0.0,0.0,0.0,0.0,0,108267.0
0,2,11,9,43,132,0,0,0,0,0,0,0,0,0,0,0,0,0,0,0,0,74,118,0.0,0.0,0.0,0.0,1.0,0.0,0.02,95,208,1.0,0.0,1.0,0.01,0.0,0.0,0.0,0.0,0,32375.0
0,1,22,9,317,300,0,0,0,0,0,1,0,0,0,0,0,0,0,0,0,0,6,6,0.0,0.0,0.0,0.0,1.0,0.0,0.0,86,253,1.0,0.0,0.01,0.07,0.0,0.0,0.73,0.91,0,48035.0
0,1,22,9,268,508,0,0,0,0,0,1,0,0,0,0,0,0,0,0,0,0,9,9,0.0,0.0,0.0,0.0,1.0,0.0,0.0,23,255,1.0,0.0,0.04,0.05,0.0,0.0,0.0,0.0,0,103645.0
0,2,11,9,46,140,0,0,0,0,0,0,0,0,0,0,0,0,0,0,0,0,79,159,0.0,0.0,0.0,0.0,1.0,0.0,0.01,193,162,0.84,0.01,0.01,0.0,0.0,0.0,0.0,0.0,0,123714.0
0,1,22,9,284,716,0,0,0,0,0,1,0,0,0,0,0,0,0,0,0,0,4,4,0.0,0.0,0.0,0.0,1.0,0.0,0.0,72,245,1.0,0.0,0.01,0.19,0.0,0.0,0.17,0.76,0,113621.0
0,1,22,9,203,4341,0,0,0,0,0,1,0,0,0,0,0,0,0,0,0,0,7,7,0.0,0.0,0.0,0.0,1.0,0.0,0.0,66,255,1.0,0.0,0.02,0.03,0.0,0.0,0.0,0.0,0,65452.0
4,1,49,9,1372,333,0,0,0,0,0,1,0,0,0,0,0,0,0,0,0,0,1,4,0.0,0.0,0.0,0.0,1.0,0.0,1.0,255,164,0.64,0.03,0.0,0.0,0.0,0.01,0.0,0.0,0,116792.0
0,1,22,9,312,124,0,0,0,0,0,1,0,0,0,0,0,0,0,0,0,0,4,6,0.0,0.0,0.0,0.0,1.0,0.0,0.33,4,255,1.0,0.0,0.25,0.04,0.0,0.0,0.0,0.0,0,68345.0
0,0,13,9,18,0,0,0,0,0,0,0,0,0,0,0,0,0,0,0,0,0,1,1,0.0,0.0,0.0,0.0,1.0,0.0,0.0,1,103,1.0,0.0,1.0,1.0,0.0,0.0,0.0,0.0,1,26734.0
0,1,25,5,0,0,0,0,0,0,0,0,0,0,0,0,0,0,0,0,0,0,261,15,1.0,1.0,0.0,0.0,0.06,0.07,0.0,255,15,0.06,0.07,0.0,0.0,1.0,1.0,0.0,0.0,1,30943.0
0,1,61,5,0,0,0,0,0,0,0,0,0,0,0,0,0,0,0,0,0,0,262,2,1.0,1.0,0.0,0.0,0.01,0.06,0.0,255,17,0.07,0.07,0.0,0.0,1.0,1.0,0.0,0.0,1,8547.0
0,1,22,9,194,1276,0,0,0,0,0,1,0,0,0,0,0,0,0,0,0,0,7,9,0.0,0.0,0.0,0.0,1.0,0.0,0.22,37,255,1.0,0.0,0.03,0.02,0.0,0.0,0.0,0.0,0,44410.0
0,2,11,9,45,133,0,0,0,0,0,0,0,0,0,0,0,0,0,0,0,0,74,154,0.0,0.0,0.0,0.0,1.0,0.0,0.01,255,207,0.81,0.02,0.0,0.0,0.0,0.0,0.0,0.0,0,55830.0
0,1,44,1,0,0,0,0,0,0,0,0,0,0,0,0,0,0,0,0,0,0,404,1,0.0,0.0,1.0,1.0,0.0,0.52,0.0,255,1,0.0,0.52,1.0,0.0,0.0,0.0,1.0,1.0,1,12704.0
0,1,22,9,305,458,0,0,0,0,0,1,0,0,0,0,0,0,0,0,0,0,2,2,0.0,0.0,0.0,0.0,1.0,0.0,0.0,8,255,1.0,0.0,0.12,0.06,0.0,0.0,0.0,0.0,0,24789.0
0,1,44,5,0,0,0,0,0,0,0,0,0,0,0,0,0,0,0,0,0,0,275,18,1.0,1.0,0.0,0.0,0.07,0.06,0.0,255,18,0.07,0.07,0.0,0.0,1.0,1.0,0.0,0.0,1,69871.0
0,1,22,9,208,683,0,0,0,0,0,1,0,0,0,0,0,0,0,0,0,0,31,35,0.0,0.0,0.0,0.0,1.0,0.0,0.06,255,255,1.0,0.0,0.0,0.0,0.0,0.0,0.0,0.0,0,91183.0
6860,2,40,9,145,105,0,0,0,0,0,0,0,0,0,0,0,0,0,0,0,0,2,1,0.0,0.0,0.0,0.0,0.5,1.0,0.0,255,3,0.01,0.6,0.92,0.0,0.0,0.0,0.0,0.0,0,36359.0
0,1,23,5,0,0,0,0,0,0,0,0,0,0,0,0,0,0,0,0,0,0,14,6,1.0,1.0,0.0,0.0,0.43,0.21,0.0,255,6,0.02,0.08,0.0,0.0,1.0,1.0,0.0,0.0,1,35016.0
0,1,6,5,0,0,0,0,0,0,0,0,0,0,0,0,0,0,0,0,0,0,272,3,1.0,1.0,0.0,0.0,0.01,0.06,0.0,255,3,0.01,0.07,0.0,0.0,1.0,1.0,0.0,0.0,1,99343.0
0,1,4,5,0,0,0,0,0,0,0,0,0,0,0,0,0,0,0,0,0,0,207,15,1.0,1.0,0.0,0.0,0.07,0.06,0.0,255,15,0.06,0.06,0.0,0.0,1.0,1.0,0.0,0.0,1,97957.0
0,1,22,9,309,6086,0,0,0,0,0,1,0,0,0,0,0,0,0,0,0,0,5,6,0.0,0.0,0.2,0.17,1.0,0.0,0.33,255,255,1.0,0.0,0.0,0.0,0.0,0.0,0.01,0.01,0,96865.0
0,1,44,5,0,0,0,0,0,0,0,0,0,0,0,0,0,0,0,0,0,0,201,3,1.0,1.0,0.0,0.0,0.01,0.06,0.0,255,3,0.01,0.05,0.0,0.0,1.0,1.0,0.0,0.0,1,51244.0
0,1,2,5,0,0,0,0,0,0,0,0,0,0,0,0,0,0,0,0,0,0,276,8,1.0,1.0,0.0,0.0,0.03,0.05,0.0,255,8,0.03,0.05,0.0,0.0,1.0,1.0,0.0,0.0,1,79772.0
0,1,20,5,0,0,0,0,0,0,0,0,0,0,0,0,0,0,0,0,0,0,268,22,1.0,1.0,0.0,0.0,0.08,0.05,0.0,255,22,0.09,0.05,0.0,0.0,1.0,1.0,0.0,0.0,1,9574.0
0,1,25,5,0,0,0,0,0,0,0,0,0,0,0,0,0,0,0,0,0,0,240,2,1.0,1.0,0.0,0.0,0.01,0.07,0.0,255,3,0.01,0.08,0.0,0.0,1.0,1.0,0.0,0.0,1,123771.0
0,1,44,5,0,0,0,0,0,0,0,0,0,0,0,0,0,0,0,0,0,0,90,2,1.0,1.0,0.0,0.0,0.02,0.08,0.0,255,19,0.07,0.06,0.0,0.0,1.0,1.0,0.0,0.0,1,55251.0
0,1,19,9,567,0,0,0,0,0,0,0,0,0,0,0,0,0,0,0,0,0,2,1,0.0,0.0,0.0,0.0,0.5,1.0,0.0,105,27,0.14,0.07,0.14,0.07,0.0,0.0,0.0,0.0,0,69464.0
0,1,3,9,14,37,0,0,0,0,0,1,1,0,0,1,0,0,0,0,0,0,1,1,0.0,0.0,0.0,0.0,1.0,0.0,0.0,16,5,0.12,0.19,0.06,0.4,0.0,0.0,0.0,0.0,0,58779.0
0,1,22,5,0,0,0,0,0,0,0,0,0,0,0,0,0,0,0,0,0,0,15,15,1.0,1.0,0.0,0.0,1.0,0.0,0.0,17,15,0.88,0.12,0.06,0.0,0.88,1.0,0.0,0.0,1,81099.0
0,1,49,9,1064,338,0,0,0,0,0,1,0,0,0,0,0,0,0,0,0,0,1,3,0.0,0.0,0.0,0.0,1.0,0.0,1.0,101,198,0.8,0.04,0.01,0.01,0.0,0.0,0.0,0.0,0,60054.0
0,1,22,9,222,660,0,0,0,0,0,1,0,0,0,0,0,0,0,0,0,0,9,11,0.0,0.0,0.0,0.0,1.0,0.0,0.27,216,255,1.0,0.0,0.0,0.02,0.0,0.0,0.0,0.0,0,40764.0
0,1,22,9,324,366,0,0,0,0,0,1,0,0,0,0,0,0,0,0,0,0,7,11,0.0,0.0,0.0,0.0,1.0,0.0,0.36,255,255,1.0,0.0,0.0,0.0,0.0,0.0,0.0,0.0,0,3216.0
0,1,22,9,290,60131,0,0,0,0,0,1,0,0,0,0,0,0,0,0,0,0,6,6,0.0,0.0,0.0,0.0,1.0,0.0,0.0,6,255,1.0,0.0,0.17,0.03,0.0,0.0,0.0,0.0,0,102362.0
0,1,44,1,0,0,0,0,0,0,0,0,0,0,0,0,0,0,0,0,0,0,38,1,0.16,0.0,0.84,1.0,0.03,1.0,0.0,255,1,0.0,0.47,0.0,0.0,0.02,0.0,0.14,1.0,1,16131.0
0,1,22,9,206,934,0,0,0,0,0,1,0,0,0,0,0,0,0,0,0,0,3,4,0.0,0.0,0.0,0.0,1.0,0.0,0.5,255,255,1.0,0.0,0.0,0.0,0.0,0.0,0.0,0.0,0,122544.0
0,1,18,9,1255,2451,0,0,0,28,0,1,0,0,0,0,0,0,0,0,0,1,1,1,0.0,0.0,0.0,0.0,1.0,0.0,0.0,255,129,0.51,0.02,0.0,0.0,0.0,0.0,0.0,0.0,1,102843.0
0,1,22,9,54540,8314,0,0,0,2,0,1,1,0,0,0,0,0,0,0,0,0,6,6,0.0,0.0,0.0,0.0,1.0,0.0,0.0,247,247,1.0,0.0,0.0,0.0,0.0,0.0,0.05,0.05,1,48673.0
0,1,53,5,0,0,0,0,0,0,0,0,0,0,0,0,0,0,0,0,0,0,293,7,1.0,1.0,0.0,0.0,0.02,0.05,0.0,255,7,0.03,0.05,0.0,0.0,1.0,1.0,0.0,0.0,1,39903.0
0,1,22,9,246,1783,0,0,0,0,0,1,0,0,0,0,0,0,0,0,0,0,9,9,0.0,0.0,0.0,0.0,1.0,0.0,0.0,23,103,1.0,0.0,0.04,0.05,0.0,0.0,0.0,0.0,0,39352.0
0,1,22,9,201,926,0,0,0,0,0,1,0,0,0,0,0,0,0,0,0,0,13,14,0.0,0.0,0.0,0.0,1.0,0.0,0.14,26,255,1.0,0.0,0.04,0.09,0.0,0.0,0.0,0.0,0,12946.0
0,1,19,9,5336,0,0,0,0,0,0,1,0,0,0,0,0,0,0,0,0,0,12,12,0.0,0.0,0.0,0.0,1.0,0.0,0.0,157,90,0.57,0.03,0.57,0.0,0.0,0.0,0.0,0.0,0,102475.0
2,1,42,9,52,1463,0,0,0,0,0,1,0,0,0,0,0,0,0,0,0,0,3,1,0.0,0.0,0.0,0.0,0.33,0.67,0.0,105,4,0.02,0.07,0.01,0.5,0.0,0.0,0.0,0.0,0,55041.0
0,1,22,9,230,1686,0,0,0,0,0,1,0,0,0,0,0,0,0,0,0,0,24,25,0.0,0.0,0.0,0.0,1.0,0.0,0.08,255,255,1.0,0.0,0.0,0.0,0.0,0.0,0.0,0.0,0,90189.0
0,2,11,9,44,110,0,0,0,0,0,0,0,0,0,0,0,0,0,0,0,0,224,224,0.0,0.0,0.0,0.0,1.0,0.0,0.0,255,243,0.95,0.01,0.0,0.0,0.0,0.0,0.0,0.0,0,29250.0
0,1,22,9,233,1075,0,0,0,0,0,1,0,0,0,0,0,0,0,0,0,0,1,2,0.0,0.0,0.0,0.5,1.0,0.0,1.0,249,223,0.9,0.02,0.0,0.0,0.0,0.0,0.0,0.0,0,7523.0
0,2,11,9,42,42,0,0,0,0,0,0,0,0,0,0,0,0,0,0,0,0,11,16,0.0,0.0,0.0,0.0,1.0,0.0,0.19,255,254,1.0,0.01,0.01,0.0,0.0,0.0,0.0,0.0,0,19249.0
0,1,3,1,0,0,0,0,0,0,0,0,0,0,0,0,0,0,0,0,0,0,264,3,0.0,0.0,1.0,1.0,0.01,0.06,0.0,255,3,0.01,0.08,0.0,0.0,0.0,0.0,1.0,1.0,1,13096.0
0,1,22,9,298,2445,0,0,0,0,0,1,0,0,0,0,0,0,0,0,0,0,4,9,0.0,0.0,0.0,0.0,1.0,0.0,0.22,255,255,1.0,0.0,0.0,0.0,0.0,0.0,0.01,0.01,0,87992.0
7,1,22,9,54540,8314,0,0,0,2,0,1,1,0,0,0,0,0,0,0,0,0,3,3,0.0,0.0,0.0,0.0,1.0,0.0,0.0,10,10,1.0,0.0,0.1,0.0,0.0,0.0,0.5,0.5,1,42380.0
0,1,44,4,0,0,0,0,0,0,0,0,0,0,0,0,0,0,0,0,0,0,1,1,0.0,0.0,1.0,1.0,1.0,0.0,0.0,255,1,0.0,0.29,0.28,0.0,0.0,0.0,0.28,1.0,1,82658.0
0,1,5,5,0,0,0,0,0,0,0,0,0,0,0,0,0,0,0,0,0,0,135,20,1.0,1.0,0.0,0.0,0.15,0.06,0.0,255,1,0.0,0.08,0.0,0.0,1.0,1.0,0.0,0.0,1,49709.0
0,0,14,9,520,0,0,0,0,0,0,0,0,0,0,0,0,0,0,0,0,0,110,110,0.0,0.0,0.0,0.0,1.0,0.0,0.0,255,255,1.0,0.0,1.0,0.0,0.0,0.0,0.0,0.0,1,111970.0
0,1,40,1,0,0,0,0,0,0,0,0,0,0,0,0,0,0,0,0,0,0,509,1,0.16,0.0,0.84,1.0,0.0,1.0,0.0,255,1,0.0,1.0,0.0,0.0,0.04,0.0,0.96,1.0,1,122333.0
0,2,11,9,46,122,0,0,0,0,0,0,0,0,0,0,0,0,0,0,0,0,150,152,0.0,0.0,0.0,0.0,1.0,0.0,0.01,255,229,0.9,0.01,0.0,0.0,0.0,0.0,0.0,0.0,0,30798.0
0,1,40,1,0,0,0,0,0,0,0,0,0,0,0,0,0,0,0,0,0,0,509,1,0.22,0.0,0.77,1.0,0.0,1.0,0.0,255,1,0.0,1.0,0.0,0.0,0.16,0.0,0.84,1.0,1,49155.0
0,1,10,5,0,0,0,0,0,0,0,0,0,0,0,0,0,0,0,0,0,0,297,11,1.0,1.0,0.0,0.0,0.04,0.05,0.0,255,11,0.04,0.07,0.0,0.0,1.0,1.0,0.0,0.0,1,92210.0
0,1,25,5,0,0,0,0,0,0,0,0,0,0,0,0,0,0,0,0,0,0,259,20,1.0,1.0,0.0,0.0,0.08,0.07,0.0,255,20,0.08,0.07,0.0,0.0,1.0,1.0,0.0,0.0,1,101470.0
0,1,22,9,300,9986,0,0,0,0,0,1,0,0,0,0,0,0,0,0,0,0,2,2,0.0,0.0,0.0,0.0,1.0,0.0,0.0,255,255,1.0,0.0,0.0,0.0,0.0,0.0,0.0,0.0,0,86352.0
0,1,19,9,748,0,0,0,0,0,0,0,0,0,0,0,0,0,0,0,0,0,1,1,0.0,0.0,0.0,0.0,1.0,0.0,0.0,7,64,0.14,0.43,0.14,0.03,0.0,0.0,0.0,0.0,0,118929.0
0,1,19,9,59,0,0,0,0,0,0,1,0,0,0,0,0,0,0,0,0,0,14,14,0.0,0.0,0.0,0.0,1.0,0.0,0.0,255,155,0.61,0.03,0.62,0.0,0.0,0.01,0.0,0.0,0,77436.0
0,1,62,5,0,0,0,0,0,0,0,0,0,0,0,0,0,0,0,0,0,0,254,17,1.0,1.0,0.0,0.0,0.07,0.06,0.0,255,17,0.07,0.05,0.0,0.0,1.0,1.0,0.0,0.0,1,16319.0
0,2,11,9,46,118,0,0,0,0,0,0,0,0,0,0,0,0,0,0,0,0,226,227,0.0,0.0,0.0,0.0,1.0,0.0,0.01,255,183,0.72,0.01,0.0,0.0,0.0,0.0,0.0,0.0,0,107877.0
1,1,49,9,855,332,0,0,0,0,0,1,0,0,0,0,0,0,0,0,0,0,1,2,0.0,0.0,0.0,0.0,1.0,0.0,1.0,73,172,0.74,0.05,0.01,0.02,0.01,0.01,0.0,0.0,0,22180.0
17038,2,40,9,147,105,0,0,0,0,0,0,0,0,0,0,0,0,0,0,0,0,1,1,0.0,0.0,0.0,0.0,1.0,0.0,0.0,255,1,0.0,0.85,1.0,0.0,0.0,0.0,0.0,0.0,0,69082.0
0,1,9,5,0,0,0,0,0,0,0,0,0,0,0,0,0,0,0,0,0,0,110,9,1.0,1.0,0.0,0.0,0.08,0.07,0.0,255,9,0.04,0.07,0.0,0.0,1.0,1.0,0.0,0.0,1,73550.0
0,1,22,9,327,125015,0,0,0,0,0,1,0,0,0,0,0,0,0,0,0,0,2,2,0.5,0.5,0.0,0.0,1.0,0.0,0.0,85,255,1.0,0.0,0.01,0.04,0.01,0.0,0.0,0.0,0,115574.0
0,1,19,5,0,0,0,0,0,0,0,0,0,0,0,0,0,0,0,0,0,0,31,6,1.0,1.0,0.0,0.0,0.19,0.13,0.0,255,41,0.16,0.04,0.01,0.0,1.0,1.0,0.0,0.0,1,84889.0
0,1,22,1,0,0,0,0,0,0,0,0,0,0,0,0,0,0,0,0,0,0,1,1,0.0,0.0,1.0,1.0,1.0,0.0,0.0,1,255,1.0,0.0,1.0,0.11,0.0,0.0,1.0,0.86,0,98651.0
0,1,55,5,0,0,0,0,0,0,0,0,0,0,0,0,0,0,0,0,0,0,61,8,1.0,1.0,0.0,0.0,0.13,0.1,0.0,255,8,0.03,0.08,0.0,0.0,1.0,1.0,0.0,0.0,1,51718.0
0,1,44,1,0,0,0,0,0,0,0,0,0,0,0,0,0,0,0,0,0,0,271,7,0.0,0.0,1.0,1.0,0.03,0.07,0.0,255,7,0.03,0.08,0.0,0.0,0.0,0.0,1.0,1.0,1,72981.0
0,1,4,5,0,0,0,0,0,0,0,0,0,0,0,0,0,0,0,0,0,0,223,19,1.0,1.0,0.0,0.0,0.09,0.06,0.0,255,2,0.01,0.09,0.0,0.0,1.0,1.0,0.0,0.0,1,113026.0
0,1,22,9,308,4073,0,0,0,0,0,1,0,0,0,0,0,0,0,0,0,0,2,3,0.0,0.0,0.0,0.0,1.0,0.0,0.67,67,255,1.0,0.0,0.01,0.03,0.0,0.0,0.0,0.0,0,19240.0
0,1,44,5,0,0,0,0,0,0,0,0,0,0,0,0,0,0,0,0,0,0,158,19,1.0,1.0,0.0,0.0,0.12,0.06,0.0,255,8,0.03,0.07,0.0,0.0,1.0,1.0,0.0,0.0,1,27688.0
0,2,11,9,31,0,0,0,0,0,0,0,0,0,0,0,0,0,0,0,0,0,1,2,0.0,0.0,0.0,0.0,1.0,0.0,1.0,28,2,0.07,0.14,0.07,0.0,0.0,0.0,0.0,0.0,0,96663.0
0,1,22,9,283,37266,0,0,0,0,0,1,0,0,0,0,0,0,0,0,0,0,1,1,0.0,0.0,0.0,0.0,1.0,0.0,0.0,5,255,1.0,0.0,0.2,0.04,0.0,0.0,0.0,0.0,0,17303.0
0,2,11,9,46,46,0,0,0,0,0,0,0,0,0,0,0,0,0,0,0,0,116,116,0.0,0.0,0.0,0.0,1.0,0.0,0.0,255,254,1.0,0.01,0.0,0.0,0.0,0.0,0.0,0.0,0,24626.0
0,2,11,9,45,83,0,0,0,0,0,0,0,0,0,0,0,0,0,0,0,0,304,304,0.0,0.0,0.0,0.0,1.0,0.0,0.0,255,254,1.0,0.01,0.0,0.0,0.0,0.0,0.0,0.0,0,4993.0
0,1,44,5,0,0,0,0,0,0,0,0,0,0,0,0,0,0,0,0,0,0,107,16,1.0,1.0,0.0,0.0,0.15,0.06,0.0,255,13,0.05,0.07,0.0,0.0,1.0,1.0,0.0,0.0,1,23021.0
0,1,22,9,163,5755,0,0,0,0,0,1,0,0,0,0,0,0,0,0,0,0,5,5,0.0,0.0,0.0,0.0,1.0,0.0,0.0,44,255,1.0,0.0,0.02,0.05,0.0,0.0,0.0,0.0,0,39513.0
0,1,6,5,0,0,0,0,0,0,0,0,0,0,0,0,0,0,0,0,0,0,276,16,1.0,1.0,0.0,0.0,0.06,0.06,0.0,255,16,0.06,0.08,0.0,0.0,1.0,1.0,0.0,0.0,1,75553.0
0,1,40,9,15876,0,0,0,0,0,0,0,0,0,0,0,0,0,0,0,0,0,17,1,0.06,0.0,0.0,0.0,0.06,0.71,0.0,189,1,0.01,0.08,0.4,0.0,0.01,0.0,0.0,0.0,0,49095.0
0,1,18,5,0,0,0,0,0,0,0,0,0,0,0,0,0,0,0,0,0,0,46,6,1.0,1.0,0.0,0.0,0.13,0.11,0.0,255,13,0.05,0.07,0.0,0.0,1.0,1.0,0.0,0.0,1,23391.0
0,1,22,9,354,397,0,0,0,0,0,1,0,0,0,0,0,0,0,0,0,0,13,13,0.0,0.0,0.0,0.0,1.0,0.0,0.0,255,255,1.0,0.0,0.0,0.0,0.0,0.0,0.0,0.0,0,55089.0
0,1,44,1,0,0,0,0,0,0,0,0,0,0,0,0,0,0,0,0,0,0,1,1,0.0,0.0,1.0,1.0,1.0,0.0,0.0,14,2,0.07,1.0,0.07,1.0,0.0,0.0,1.0,1.0,1,81657.0
0,1,44,4,0,0,0,0,0,0,0,0,0,0,0,0,0,0,0,0,0,0,1,1,0.0,0.0,1.0,1.0,1.0,0.0,0.0,88,1,0.01,0.47,0.45,0.0,0.07,0.0,0.43,1.0,1,108694.0
0,0,13,9,8,0,0,0,0,0,0,0,0,0,0,0,0,0,0,0,0,0,1,18,0.0,0.0,0.0,0.0,1.0,0.0,1.0,2,76,1.0,0.0,1.0,0.5,0.0,0.0,0.0,0.0,1,83918.0
0,1,55,2,126,179,0,0,0,1,1,0,0,0,0,0,0,0,0,0,0,0,1,1,0.0,0.0,1.0,1.0,1.0,0.0,0.0,48,48,1.0,0.0,0.02,0.0,0.04,0.04,0.96,0.96,1,26413.0
0,1,4,5,0,0,0,0,0,0,0,0,0,0,0,0,0,0,0,0,0,0,195,5,1.0,1.0,0.0,0.0,0.03,0.06,0.0,255,16,0.06,0.09,0.0,0.0,1.0,1.0,0.0,0.0,1,11350.0
0,1,55,5,0,0,0,0,0,0,0,0,0,0,0,0,0,0,0,0,0,0,16,3,1.0,1.0,0.0,0.0,0.19,0.12,0.0,43,4,0.07,0.07,0.02,0.5,1.0,0.75,0.0,0.0,1,62444.0
0,1,22,9,203,2323,0,0,0,0,0,1,0,0,0,0,0,0,0,0,0,0,5,5,0.0,0.0,0.0,0.0,1.0,0.0,0.0,27,255,1.0,0.0,0.04,0.04,0.0,0.04,0.0,0.0,0,122751.0
14,2,44,9,105,145,0,0,0,0,0,0,0,0,0,0,0,0,0,0,0,0,2,2,0.0,0.0,0.0,0.0,1.0,0.0,0.0,20,12,0.6,0.15,0.1,0.0,0.0,0.0,0.0,0.0,0,23626.0
0,1,19,9,201,0,0,0,0,0,0,0,0,0,0,0,0,0,0,0,0,0,2,2,0.0,0.0,0.0,0.0,1.0,0.0,0.0,255,102,0.4,0.02,0.4,0.0,0.0,0.0,0.0,0.0,0,118123.0
0,1,22,9,312,124,0,0,0,0,0,1,0,0,0,0,0,0,0,0,0,0,3,18,0.0,0.0,0.0,0.0,1.0,0.0,0.28,68,255,1.0,0.0,0.01,0.02,0.0,0.0,0.01,0.01,0,14247.0
0,1,22,1,0,0,0,0,0,0,0,0,0,0,0,0,0,0,0,0,0,0,1,1,0.0,0.0,1.0,1.0,1.0,0.0,0.0,2,54,1.0,0.0,0.5,0.22,0.0,0.02,1.0,0.96,0,2659.0
0,1,4,5,0,0,0,0,0,0,0,0,0,0,0,0,0,0,0,0,0,0,254,8,1.0,1.0,0.0,0.0,0.03,0.06,0.0,255,8,0.03,0.06,0.0,0.0,1.0,1.0,0.0,0.0,1,62851.0
0,1,44,5,0,0,0,0,0,0,0,0,0,0,0,0,0,0,0,0,0,0,166,11,1.0,1.0,0.0,0.0,0.07,0.06,0.0,255,20,0.08,0.07,0.0,0.0,1.0,1.0,0.0,0.0,1,85765.0
0,1,22,9,54540,8314,0,0,0,0,0,1,0,0,0,0,0,0,0,0,0,0,5,5,0.0,0.0,0.0,0.0,1.0,0.0,0.0,255,255,1.0,0.0,0.0,0.0,0.01,0.01,0.04,0.04,1,66994.0
0,1,22,9,223,687,0,0,0,0,0,1,0,0,0,0,0,0,0,0,0,0,9,9,0.0,0.0,0.0,0.0,1.0,0.0,0.0,255,255,1.0,0.0,0.0,0.0,0.0,0.0,0.0,0.0,0,123794.0
0,1,17,9,10,227,0,0,0,0,0,0,0,0,0,0,0,0,0,0,0,0,1,1,0.0,0.0,0.0,0.0,1.0,0.0,0.0,190,15,0.06,0.03,0.01,0.13,0.01,0.07,0.0,0.0,0,53623.0
0,0,14,9,1032,0,0,0,0,0,0,0,0,0,0,0,0,0,0,0,0,0,511,511,0.0,0.0,0.0,0.0,1.0,0.0,0.0,110,16,0.15,0.06,0.15,0.0,0.02,0.0,0.57,0.0,1,81596.0
0,0,14,9,64,0,0,0,0,0,0,0,0,0,0,0,0,0,0,0,0,0,2,2,0.0,0.0,0.0,0.0,1.0,0.0,0.0,255,2,0.01,0.02,0.01,0.0,0.0,0.0,0.0,0.0,0,45912.0
0,1,22,9,202,2747,0,0,0,0,0,1,0,0,0,0,0,0,0,0,0,0,2,11,0.0,0.0,0.0,0.0,1.0,0.0,0.45,97,255,1.0,0.0,0.01,0.07,0.0,0.0,0.0,0.0,0,116542.0
0,1,44,5,0,0,0,0,0,0,0,0,0,0,0,0,0,0,0,0,0,0,176,17,1.0,1.0,0.0,0.0,0.1,0.06,0.0,255,2,0.01,0.07,0.0,0.0,1.0,1.0,0.0,0.0,1,101711.0
0,1,22,9,254,18849,0,0,0,0,0,1,0,0,0,0,0,0,0,0,0,0,1,10,0.0,0.0,0.0,0.0,1.0,0.0,0.3,144,255,1.0,0.0,0.01,0.01,0.0,0.0,0.0,0.0,0,117074.0
0,2,44,9,1,0,0,0,0,0,0,0,0,0,0,0,0,0,0,0,0,0,23,23,0.0,0.0,0.0,0.0,1.0,0.0,0.0,91,23,0.25,0.05,0.29,0.0,0.0,0.0,0.0,0.0,1,87592.0
0,1,22,1,0,0,0,0,0,0,0,0,0,0,0,0,0,0,0,0,0,0,1,1,0.0,0.0,1.0,1.0,1.0,0.0,0.0,8,255,1.0,0.0,0.12,0.06,0.0,0.0,1.0,0.53,0,69675.0
0,1,22,5,0,0,0,0,0,0,0,0,0,0,0,0,0,0,0,0,0,0,2,2,0.5,0.5,0.0,0.0,1.0,0.0,0.0,3,254,1.0,0.0,0.67,0.07,0.33,0.01,0.0,0.0,0,122782.0
0,1,22,9,228,496,0,0,0,0,0,1,0,0,0,0,0,0,0,0,0,0,17,17,0.0,0.0,0.0,0.0,1.0,0.0,0.0,17,178,1.0,0.0,0.06,0.09,0.0,0.0,0.0,0.0,0,86818.0
0,2,11,9,44,129,0,0,0,0,0,0,0,0,0,0,0,0,0,0,0,0,74,154,0.0,0.0,0.0,0.0,0.99,0.03,0.01,255,240,0.94,0.01,0.0,0.0,0.0,0.0,0.0,0.0,0,74269.0
0,1,22,9,225,11723,0,0,0,0,0,1,0,0,0,0,0,0,0,0,0,0,2,4,0.0,0.0,0.0,0.0,1.0,0.0,0.5,63,255,1.0,0.0,0.03,0.05,0.0,0.0,0.0,0.0,0,79867.0
0,1,44,5,0,0,0,0,0,0,0,0,0,0,0,0,0,0,0,0,0,0,112,5,1.0,1.0,0.0,0.0,0.04,0.06,0.0,255,2,0.01,0.07,0.0,0.0,1.0,1.0,0.0,0.0,1,20114.0
0,1,16,5,0,0,0,0,0,0,0,0,0,0,0,0,0,0,0,0,0,0,145,9,1.0,1.0,0.0,0.0,0.06,0.06,0.0,255,9,0.04,0.05,0.0,0.0,1.0,1.0,0.0,0.0,1,50949.0
0,1,62,5,0,0,0,0,0,0,0,0,0,0,0,0,0,0,0,0,0,0,265,9,1.0,1.0,0.0,0.0,0.03,0.06,0.0,255,9,0.04,0.06,0.0,0.0,1.0,1.0,0.0,0.0,1,44337.0
0,1,22,9,297,13170,0,0,0,0,0,1,0,0,0,0,0,0,0,0,0,0,2,16,0.0,0.0,0.0,0.0,1.0,0.0,0.25,16,74,1.0,0.0,0.06,0.09,0.0,0.0,0.0,0.0,0,107044.0
0,1,49,9,2427,332,0,0,0,0,0,1,0,0,0,0,0,0,0,0,0,0,1,1,0.0,0.0,0.0,0.0,1.0,0.0,0.0,191,188,0.75,0.02,0.01,0.01,0.0,0.0,0.0,0.0,0,122326.0
0,1,10,1,0,0,0,0,0,0,0,0,0,0,0,0,0,0,0,0,0,0,213,1,0.0,0.0,1.0,1.0,0.0,0.07,0.0,255,1,0.0,0.08,0.0,0.0,0.0,0.0,1.0,1.0,1,118785.0
0,1,27,5,0,0,0,0,0,0,0,0,0,0,0,0,0,0,0,0,0,0,120,18,1.0,1.0,0.0,0.0,0.15,0.06,0.0,255,3,0.01,0.08,0.0,0.0,1.0,1.0,0.0,0.0,1,62005.0
2,1,19,9,2194619,0,0,0,0,0,0,1,0,0,0,0,0,0,0,0,0,0,1,1,0.0,0.0,0.0,0.0,1.0,0.0,0.0,113,83,0.42,0.06,0.42,0.02,0.0,0.0,0.0,0.0,0,55910.0
0,1,22,9,262,1314,0,0,0,0,0,1,0,0,0,0,0,0,0,0,0,0,6,6,0.0,0.0,0.0,0.0,1.0,0.0,0.0,93,255,1.0,0.0,0.01,0.01,0.0,0.0,0.0,0.0,0,16745.0
0,2,11,9,46,147,0,0,0,0,0,0,0,0,0,0,0,0,0,0,0,0,74,153,0.0,0.0,0.0,0.0,1.0,0.0,0.01,255,255,1.0,0.0,0.0,0.0,0.0,0.0,0.0,0.0,0,115838.0
0,1,22,9,205,728,0,0,0,0,0,1,0,0,0,0,0,0,0,0,0,0,23,23,0.0,0.0,0.0,0.0,1.0,0.0,0.0,255,255,1.0,0.0,0.0,0.0,0.0,0.0,0.0,0.0,0,106472.0
0,1,44,5,0,0,0,0,0,0,0,0,0,0,0,0,0,0,0,0,0,0,232,14,1.0,1.0,0.0,0.0,0.06,0.06,0.0,255,15,0.06,0.06,0.0,0.0,1.0,1.0,0.0,0.0,1,117993.0
0,1,22,9,287,2537,0,0,0,0,0,1,0,0,0,0,0,0,0,0,0,0,7,7,0.0,0.0,0.0,0.0,1.0,0.0,0.0,255,255,1.0,0.0,0.0,0.0,0.0,0.0,0.0,0.0,0,102834.0
0,1,32,5,0,0,0,0,0,0,0,0,0,0,0,0,0,0,0,0,0,0,215,15,1.0,1.0,0.0,0.0,0.07,0.06,0.0,255,15,0.06,0.07,0.0,0.0,1.0,1.0,0.0,0.0,1,102578.0
32,1,49,9,2673,339,0,0,0,0,0,1,0,0,0,0,0,0,0,0,0,0,1,1,0.0,0.0,0.0,0.0,1.0,0.0,0.0,255,118,0.46,0.02,0.0,0.0,0.0,0.0,0.0,0.0,0,78138.0
0,1,44,5,0,0,0,0,0,0,0,0,0,0,0,0,0,0,0,0,0,0,18,2,1.0,1.0,0.0,0.0,0.11,0.17,0.0,255,16,0.06,0.07,0.0,0.0,1.0,1.0,0.0,0.0,1,55037.0
0,1,37,5,0,0,0,0,0,0,0,0,0,0,0,0,0,0,0,0,0,0,145,2,1.0,1.0,0.0,0.0,0.01,0.06,0.0,255,1,0.0,0.05,0.0,0.0,1.0,1.0,0.0,0.0,1,105319.0
0,2,44,9,28,0,0,3,0,0,0,0,0,0,0,0,0,0,0,0,0,0,40,40,0.0,0.0,0.0,0.0,1.0,0.0,0.0,255,140,0.55,0.45,0.55,0.0,0.09,0.0,0.36,0.0,1,78424.0
0,1,59,5,0,0,0,0,0,0,0,0,0,0,0,0,0,0,0,0,0,0,113,15,1.0,1.0,0.0,0.0,0.13,0.07,0.0,255,15,0.06,0.07,0.0,0.0,1.0,1.0,0.0,0.0,1,22525.0
43,1,55,9,121,10269,0,0,0,0,0,1,0,0,0,0,0,0,0,0,0,0,1,1,0.0,0.0,0.0,0.0,1.0,0.0,0.0,136,2,0.01,0.04,0.01,1.0,0.01,0.0,0.0,0.0,0,4649.0
0,2,11,9,43,73,0,0,0,0,0,0,0,0,0,0,0,0,0,0,0,0,217,217,0.0,0.0,0.0,0.0,1.0,0.01,0.01,255,254,1.0,0.01,0.0,0.0,0.0,0.0,0.0,0.0,0,105828.0
0,1,10,5,0,0,0,0,0,0,0,0,0,0,0,0,0,0,0,0,0,0,297,12,1.0,1.0,0.0,0.0,0.04,0.05,0.0,255,12,0.05,0.05,0.0,0.0,1.0,1.0,0.0,0.0,1,91556.0
0,1,22,9,340,22965,0,0,0,0,0,1,0,0,0,0,0,0,0,0,0,0,1,1,0.0,0.0,0.0,0.0,1.0,0.0,0.0,36,207,1.0,0.0,0.03,0.08,0.0,0.0,0.0,0.0,0,65327.0
0,1,22,9,224,1155,0,0,0,0,0,1,0,0,0,0,0,0,0,0,0,0,31,33,0.0,0.0,0.0,0.0,1.0,0.0,0.09,255,255,1.0,0.0,0.0,0.0,0.0,0.0,0.0,0.0,0,123864.0
30277,1,44,4,1,0,0,0,0,0,0,0,0,0,0,0,0,0,0,0,0,0,2,2,0.0,0.0,1.0,1.0,1.0,0.0,0.0,255,2,0.01,0.65,1.0,0.0,0.0,0.0,1.0,1.0,1,36319.0
0,1,22,9,213,434,0,0,0,0,0,1,0,0,0,0,0,0,0,0,0,0,6,10,0.0,0.0,0.0,0.0,1.0,0.0,0.2,6,251,1.0,0.0,0.17,0.05,0.0,0.0,0.0,0.0,0,86358.0
0,1,44,5,0,0,0,0,0,0,0,0,0,0,0,0,0,0,0,0,0,0,47,3,1.0,1.0,0.0,0.0,0.06,0.13,0.0,255,3,0.01,0.09,0.0,0.0,1.0,1.0,0.0,0.0,1,39008.0
0,0,13,9,18,0,0,0,0,0,0,0,0,0,0,0,0,0,0,0,0,0,1,1,0.0,0.0,0.0,0.0,1.0,0.0,0.0,1,209,1.0,0.0,1.0,0.25,0.0,0.0,0.0,0.0,1,83581.0
0,1,22,9,235,940,0,0,0,0,0,1,0,0,0,0,0,0,0,0,0,0,1,1,0.0,0.0,0.0,0.0,1.0,0.0,0.0,93,255,1.0,0.0,0.01,0.02,0.0,0.0,0.0,0.0,0,59252.0
7,1,49,9,1066,337,0,0,0,0,0,1,0,0,0,0,0,0,0,0,0,0,1,1,0.0,0.0,0.0,0.0,1.0,0.0,0.0,46,143,0.8,0.07,0.02,0.01,0.0,0.0,0.0,0.0,0,51844.0
0,1,22,9,237,3211,0,0,0,0,0,1,0,0,0,0,0,0,0,0,0,0,7,7,0.0,0.0,0.0,0.0,1.0,0.0,0.0,255,255,1.0,0.0,0.0,0.0,0.0,0.0,0.0,0.0,0,52335.0
0,0,13,9,18,0,0,0,0,0,0,0,0,0,0,0,0,0,0,0,0,0,1,1,0.0,0.0,0.0,0.0,1.0,0.0,0.0,1,11,1.0,0.0,1.0,1.0,0.0,0.0,0.0,0.0,1,117676.0
0,2,11,9,44,134,0,0,0,0,0,0,0,0,0,0,0,0,0,0,0,0,10,90,0.0,0.0,0.0,0.0,1.0,0.0,0.02,255,255,1.0,0.0,0.0,0.0,0.0,0.0,0.0,0.0,0,113032.0
0,2,44,9,28,0,0,3,0,0,0,0,0,0,0,0,0,0,0,0,0,0,15,15,0.0,0.0,0.0,0.0,1.0,0.0,0.0,255,115,0.45,0.55,0.45,0.0,0.09,0.0,0.46,0.0,1,44259.0
0,1,49,9,13155,1427,0,0,0,0,0,1,0,0,0,0,0,0,0,0,0,0,1,1,0.0,0.0,0.0,0.0,1.0,0.0,0.0,54,215,1.0,0.0,0.02,0.01,0.0,0.0,0.0,0.0,0,47438.0
0,2,11,9,44,44,0,0,0,0,0,0,0,0,0,0,0,0,0,0,0,0,162,162,0.0,0.0,0.0,0.0,1.0,0.0,0.0,255,255,1.0,0.0,0.0,0.0,0.0,0.0,0.0,0.0,0,10440.0
0,1,25,5,0,0,0,0,0,0,0,0,0,0,0,0,0,0,0,0,0,0,245,21,1.0,1.0,0.0,0.0,0.09,0.05,0.0,255,21,0.08,0.06,0.0,0.0,1.0,1.0,0.0,0.0,1,63772.0
0,1,22,9,295,10203,0,0,0,0,0,1,0,0,0,0,0,0,0,0,0,0,17,18,0.0,0.0,0.0,0.0,1.0,0.0,0.11,20,255,1.0,0.0,0.05,0.04,0.0,0.0,0.0,0.0,0,14021.0
0,2,11,9,43,127,0,0,0,0,0,0,0,0,0,0,0,0,0,0,0,0,153,219,0.0,0.0,0.0,0.0,0.99,0.01,0.01,255,230,0.9,0.02,0.0,0.0,0.0,0.0,0.0,0.0,0,19625.0
0,1,38,5,0,0,0,0,0,0,0,0,0,0,0,0,0,0,0,0,0,0,289,8,1.0,1.0,0.0,0.0,0.03,0.06,0.0,255,9,0.04,0.07,0.0,0.0,1.0,1.0,0.0,0.0,1,93132.0
0,1,44,5,0,0,0,0,0,0,0,0,0,0,0,0,0,0,0,0,0,0,286,16,1.0,1.0,0.0,0.0,0.06,0.06,0.0,255,5,0.02,0.07,0.0,0.0,1.0,1.0,0.0,0.0,1,38533.0
0,1,44,5,0,0,0,0,0,0,0,0,0,0,0,0,0,0,0,0,0,0,139,10,1.0,1.0,0.0,0.0,0.07,0.06,0.0,255,28,0.11,0.05,0.0,0.0,1.0,1.0,0.0,0.0,1,79121.0
0,1,44,1,0,0,0,0,0,0,0,0,0,0,0,0,0,0,0,0,0,0,126,17,0.0,0.0,1.0,1.0,0.13,0.06,0.0,255,17,0.07,0.05,0.0,0.0,0.0,0.0,1.0,1.0,1,23009.0
0,1,19,9,768,0,0,0,0,0,0,1,0,0,0,0,0,0,0,0,0,0,3,3,0.0,0.0,0.0,0.0,1.0,0.0,0.0,255,114,0.45,0.02,0.45,0.0,0.0,0.0,0.0,0.0,0,32840.0
0,2,44,9,1,0,0,0,0,0,0,0,0,0,0,0,0,0,0,0,0,0,5,5,0.0,0.0,0.0,0.0,1.0,0.0,0.0,255,5,0.02,0.28,1.0,0.0,0.0,0.0,0.0,0.0,1,56325.0
0,1,17,9,10,225,0,0,0,0,0,0,0,0,0,0,0,0,0,0,0,0,1,1,0.0,0.0,0.0,0.0,1.0,0.0,0.0,68,10,0.04,0.06,0.01,0.3,0.0,0.1,0.01,0.0,0,73290.0
32,1,18,9,104,449,0,0,0,2,0,1,0,0,0,0,1,0,1,0,0,1,1,1,0.0,0.0,0.0,0.0,1.0,0.0,0.0,1,1,1.0,0.0,1.0,0.0,0.0,0.0,0.0,0.0,1,2294.0
0,1,19,5,0,0,0,0,0,0,0,0,0,0,0,0,0,0,0,0,0,0,62,8,1.0,1.0,0.0,0.0,0.13,0.06,0.0,255,28,0.11,0.06,0.02,0.0,1.0,1.0,0.0,0.0,1,20281.0
0,1,25,5,0,0,0,0,0,0,0,0,0,0,0,0,0,0,0,0,0,0,262,15,1.0,1.0,0.0,0.0,0.06,0.07,0.0,255,15,0.06,0.07,0.0,0.0,1.0,1.0,0.0,0.0,1,47237.0
0,1,22,9,232,27728,0,0,0,0,0,1,0,0,0,0,0,0,0,0,0,0,5,20,0.0,0.0,0.0,0.0,1.0,0.0,0.2,255,255,1.0,0.0,0.0,0.0,0.0,0.0,0.0,0.0,0,22317.0
0,1,53,5,0,0,0,0,0,0,0,0,0,0,0,0,0,0,0,0,0,0,169,7,1.0,1.0,0.0,0.0,0.04,0.07,0.0,255,7,0.03,0.07,0.0,0.0,1.0,1.0,0.0,0.0,1,117009.0
0,1,22,9,180,4386,0,0,0,0,0,1,0,0,0,0,0,0,0,0,0,0,2,2,0.0,0.0,0.0,0.0,1.0,0.0,0.0,4,255,1.0,0.0,0.25,0.07,0.0,0.0,0.0,0.0,0,93030.0
0,1,30,5,0,0,0,0,0,0,0,0,0,0,0,0,0,0,0,0,0,0,149,19,1.0,1.0,0.0,0.0,0.13,0.06,0.0,255,6,0.02,0.06,0.0,0.0,1.0,1.0,0.0,0.0,1,66199.0
0,1,22,9,208,4080,0,0,0,0,0,1,0,0,0,0,0,0,0,0,0,0,5,5,0.0,0.0,0.0,0.0,1.0,0.0,0.0,55,255,1.0,0.0,0.02,0.03,0.0,0.0,0.0,0.0,0,122690.0
0,1,22,9,284,1784,0,0,0,0,0,1,0,0,0,0,0,0,0,0,0,0,2,2,0.5,0.5,0.0,0.0,1.0,0.0,0.0,2,255,1.0,0.0,0.5,0.04,0.5,0.01,0.0,0.0,0,76545.0
0,1,28,5,0,0,0,0,0,0,0,0,0,0,0,0,0,0,0,0,0,0,115,10,1.0,1.0,0.0,0.0,0.09,0.08,0.0,255,10,0.04,0.06,0.0,0.0,1.0,1.0,0.0,0.0,1,51437.0
0,1,61,5,0,0,0,0,0,0,0,0,0,0,0,0,0,0,0,0,0,0,230,3,1.0,1.0,0.0,0.0,0.01,0.06,0.0,255,3,0.01,0.07,0.0,0.0,1.0,1.0,0.0,0.0,1,29132.0
0,2,11,9,44,140,0,0,0,0,0,0,0,0,0,0,0,0,0,0,0,0,75,155,0.0,0.0,0.0,0.0,1.0,0.0,0.01,255,254,1.0,0.01,0.0,0.0,0.0,0.0,0.0,0.0,0,21745.0
0,1,21,1,0,0,0,0,0,0,0,0,0,0,0,0,0,0,0,0,0,0,131,5,0.0,0.0,1.0,1.0,0.04,0.06,0.0,255,4,0.02,0.07,0.0,0.0,0.0,0.0,1.0,1.0,1,106106.0
0,1,22,9,204,56215,0,0,0,0,0,1,0,0,0,0,0,0,0,0,0,0,2,75,0.0,0.0,0.0,0.0,1.0,0.0,0.03,26,255,1.0,0.0,0.04,0.04,0.0,0.0,0.0,0.0,0,113761.0
0,1,44,5,0,0,0,0,0,0,0,0,0,0,0,0,0,0,0,0,0,0,224,18,1.0,1.0,0.0,0.0,0.08,0.06,0.0,255,3,0.01,0.07,0.0,0.0,1.0,1.0,0.0,0.0,1,43175.0
0,1,44,5,0,0,0,0,0,0,0,0,0,0,0,0,0,0,0,0,0,0,259,7,1.0,1.0,0.0,0.0,0.03,0.05,0.0,119,7,0.06,0.08,0.01,0.0,0.98,1.0,0.0,0.0,1,57223.0
0,1,22,9,244,7333,0,0,0,0,0,1,0,0,0,0,0,0,0,0,0,0,12,12,0.0,0.0,0.0,0.0,1.0,0.0,0.0,255,255,1.0,0.0,0.0,0.0,0.0,0.0,0.0,0.0,0,65218.0
0,1,22,9,324,3198,0,0,0,0,0,1,0,0,0,0,0,0,0,0,0,0,2,32,0.0,0.0,0.0,0.0,1.0,0.0,0.09,141,255,1.0,0.0,0.01,0.02,0.0,0.0,0.0,0.0,0,86395.0
2696,2,40,9,146,105,0,0,0,0,0,0,0,0,0,0,0,0,0,0,0,0,1,1,0.0,0.0,0.0,0.0,1.0,0.0,0.0,255,5,0.02,0.48,0.76,0.0,0.0,0.0,0.0,0.0,0,102045.0
0,1,33,5,0,0,0,0,0,0,0,0,0,0,0,0,0,0,0,0,0,0,281,19,1.0,1.0,0.0,0.0,0.07,0.05,0.0,255,3,0.01,0.07,0.0,0.0,1.0,1.0,0.0,0.0,1,83914.0
1,1,49,9,1470,332,0,0,0,0,0,1,0,0,0,0,0,0,0,0,0,0,1,2,0.0,0.0,0.0,0.0,1.0,0.0,1.0,9,244,1.0,0.0,0.11,0.01,0.0,0.0,0.0,0.0,0,71614.0
0,1,49,5,0,0,0,0,0,0,0,0,0,0,0,0,0,0,0,0,0,0,2,2,0.5,0.5,0.0,0.0,1.0,0.0,0.0,226,115,0.46,0.03,0.01,0.02,0.01,0.01,0.0,0.0,0,32183.0
0,1,44,1,0,0,0,0,0,0,0,0,0,0,0,0,0,0,0,0,0,0,96,4,0.0,0.0,1.0,1.0,0.04,0.08,0.0,255,4,0.02,0.06,0.0,0.0,0.0,0.0,1.0,1.0,1,67450.0
0,1,22,9,255,504,0,0,0,0,0,1,0,0,0,0,0,0,0,0,0,0,22,29,0.0,0.0,0.0,0.0,1.0,0.0,0.07,169,255,1.0,0.0,0.01,0.03,0.0,0.0,0.0,0.0,0,28697.0
0,2,11,9,43,75,0,0,0,0,0,0,0,0,0,0,0,0,0,0,0,0,242,242,0.0,0.0,0.0,0.0,1.0,0.0,0.0,255,254,1.0,0.01,0.0,0.0,0.0,0.0,0.0,0.0,0,87216.0
0,1,7,1,0,0,0,0,0,0,0,0,0,0,0,0,0,0,0,0,0,0,230,3,0.0,0.0,1.0,1.0,0.01,0.07,0.0,255,3,0.01,0.08,0.0,0.0,0.0,0.0,1.0,1.0,1,86259.0
0,1,22,9,205,2530,0,0,0,0,0,1,0,0,0,0,0,0,0,0,0,0,29,29,0.0,0.0,0.0,0.0,1.0,0.0,0.0,255,255,1.0,0.0,0.0,0.0,0.0,0.0,0.0,0.0,0,80055.0
8615,1,40,4,1,0,0,0,0,0,0,0,0,0,0,0,0,0,0,0,0,0,2,2,0.0,0.0,1.0,1.0,1.0,0.0,0.0,255,2,0.01,0.7,1.0,0.0,0.0,0.0,1.0,1.0,1,35525.0
0,1,44,5,0,0,0,0,0,0,0,0,0,0,0,0,0,0,0,0,0,0,62,3,1.0,1.0,0.0,0.0,0.05,0.1,0.0,255,22,0.09,0.05,0.0,0.0,1.0,1.0,0.0,0.0,1,26936.0
0,1,22,9,289,8822,0,0,0,0,0,1,0,0,0,0,0,0,0,0,0,0,4,33,0.0,0.0,0.0,0.0,1.0,0.0,0.09,141,255,1.0,0.0,0.01,0.02,0.0,0.0,0.0,0.0,0,20222.0
0,1,22,9,255,2134,0,0,0,0,0,1,0,0,0,0,0,0,0,0,0,0,8,8,0.0,0.0,0.0,0.0,1.0,0.0,0.0,17,255,1.0,0.0,0.06,0.04,0.0,0.0,0.0,0.0,0,111198.0
0,1,22,9,358,409,0,0,0,0,0,1,0,0,0,0,0,0,0,0,0,0,12,12,0.0,0.0,0.0,0.0,1.0,0.0,0.0,255,255,1.0,0.0,0.0,0.0,0.0,0.0,0.0,0.0,0,21152.0
0,1,44,5,0,0,0,0,0,0,0,0,0,0,0,0,0,0,0,0,0,0,153,2,1.0,1.0,0.0,0.0,0.01,0.09,0.0,255,2,0.01,0.07,0.0,0.0,1.0,1.0,0.0,0.0,1,25909.0
0,1,44,1,0,0,0,0,0,0,0,0,0,0,0,0,0,0,0,0,0,0,237,19,0.0,0.0,1.0,1.0,0.08,0.06,0.0,255,19,0.07,0.08,0.0,0.0,0.0,0.0,1.0,1.0,1,5571.0
0,1,8,5,0,0,0,0,0,0,0,0,0,0,0,0,0,0,0,0,0,0,12,4,1.0,1.0,0.0,0.0,0.33,0.5,0.0,255,8,0.03,0.1,0.0,0.0,1.0,1.0,0.0,0.0,1,51895.0
0,2,44,9,1,0,0,0,0,0,0,0,0,0,0,0,0,0,0,0,0,0,16,14,0.0,0.0,0.0,0.0,0.88,0.12,0.0,255,17,0.07,0.22,1.0,0.0,0.0,0.0,0.0,0.0,1,74564.0
0,2,44,9,1,0,0,0,0,0,0,0,0,0,0,0,0,0,0,0,0,0,51,11,0.0,0.0,0.0,0.0,0.22,0.08,0.0,255,22,0.09,0.59,0.44,0.0,0.16,0.0,0.41,0.0,1,88414.0
0,1,44,5,0,0,0,0,0,0,0,0,0,0,0,0,0,0,0,0,0,0,246,14,1.0,1.0,0.0,0.0,0.06,0.06,0.0,255,9,0.04,0.06,0.0,0.0,1.0,1.0,0.0,0.0,1,34417.0
0,1,44,5,0,0,0,0,0,0,0,0,0,0,0,0,0,0,0,0,0,0,143,12,1.0,1.0,0.0,0.0,0.08,0.06,0.0,216,10,0.05,0.08,0.0,0.0,1.0,1.0,0.0,0.0,1,18737.0
0,1,20,5,0,0,0,0,0,0,0,0,0,0,0,0,0,0,0,0,0,0,247,10,1.0,1.0,0.0,0.0,0.04,0.06,0.0,255,10,0.04,0.07,0.0,0.0,1.0,1.0,0.0,0.0,1,71628.0
0,1,22,5,0,0,0,0,0,0,0,0,0,0,0,0,0,0,0,0,0,0,2,2,0.5,0.5,0.0,0.0,1.0,0.0,0.0,19,255,1.0,0.0,0.11,0.03,0.05,0.01,0.05,0.0,0,11741.0
0,1,26,5,0,0,0,0,0,0,0,0,0,0,0,0,0,0,0,0,0,0,141,12,1.0,1.0,0.0,0.0,0.09,0.06,0.0,255,12,0.05,0.06,0.0,0.0,1.0,1.0,0.0,0.0,1,34257.0
0,1,44,1,0,0,0,0,0,0,0,0,0,0,0,0,0,0,0,0,0,0,273,15,0.0,0.0,1.0,1.0,0.05,0.06,0.0,255,15,0.06,0.08,0.0,0.0,0.0,0.0,1.0,1.0,1,64608.0
0,1,44,5,0,0,0,0,0,0,0,0,0,0,0,0,0,0,0,0,0,0,150,3,1.0,1.0,0.0,0.0,0.02,0.07,0.0,255,17,0.07,0.06,0.0,0.0,1.0,1.0,0.0,0.0,1,100072.0
27,1,18,9,1502,4152,0,0,0,30,0,1,0,0,0,0,0,0,0,0,0,1,1,1,0.0,0.0,0.0,0.0,1.0,0.0,0.0,10,5,0.5,0.3,0.1,0.0,0.0,0.0,0.0,0.0,0,15605.0
5,1,49,9,1950,481,0,0,0,0,0,1,0,0,0,0,0,0,0,0,0,0,1,1,0.0,0.0,0.0,0.0,1.0,0.0,0.0,203,83,0.16,0.01,0.0,0.02,0.0,0.0,0.84,0.0,0,125718.0
0,1,44,1,0,0,0,0,0,0,0,0,0,0,0,0,0,0,0,0,0,0,511,1,0.07,0.0,0.92,1.0,0.0,1.0,0.0,255,1,0.0,1.0,0.0,0.0,0.1,0.0,0.87,1.0,1,4527.0
0,1,48,4,0,0,0,0,0,0,0,0,0,0,0,0,0,0,0,0,0,0,1,1,0.0,0.0,1.0,1.0,1.0,0.0,0.0,255,1,0.0,0.77,1.0,0.0,0.0,0.0,1.0,1.0,1,109772.0
0,1,22,9,240,2043,0,0,0,0,0,1,0,0,0,0,0,0,0,0,0,0,9,9,0.0,0.0,0.0,0.0,1.0,0.0,0.0,155,255,1.0,0.0,0.01,0.02,0.0,0.01,0.03,0.04,0,82707.0
0,1,22,9,348,709,0,0,0,0,0,1,0,0,0,0,0,0,0,0,0,0,4,5,0.0,0.0,0.0,0.0,1.0,0.0,0.4,113,255,1.0,0.0,0.01,0.04,0.0,0.0,0.0,0.0,0,71319.0
0,1,8,5,0,0,0,0,0,0,0,0,0,0,0,0,0,0,0,0,0,0,189,25,1.0,1.0,0.0,0.0,0.13,0.05,0.0,255,25,0.1,0.05,0.0,0.0,1.0,1.0,0.0,0.0,1,14353.0
0,1,44,5,0,0,0,0,0,0,0,0,0,0,0,0,0,0,0,0,0,0,101,10,1.0,1.0,0.0,0.0,0.1,0.06,0.0,179,13,0.07,0.09,0.01,0.0,1.0,1.0,0.0,0.0,1,70064.0
0,1,4,5,0,0,0,0,0,0,0,0,0,0,0,0,0,0,0,0,0,0,293,23,1.0,1.0,0.0,0.0,0.08,0.05,0.0,255,23,0.09,0.05,0.0,0.0,1.0,1.0,0.0,0.0,1,25780.0
0,1,22,9,240,1198,0,0,0,0,0,1,0,0,0,0,0,0,0,0,0,0,9,15,0.0,0.0,0.0,0.0,1.0,0.0,0.13,67,255,1.0,0.0,0.01,0.05,0.0,0.01,0.0,0.0,0,119818.0
0,1,22,9,273,3957,0,0,0,0,0,1,0,0,0,0,0,0,0,0,0,0,24,24,0.0,0.0,0.0,0.0,1.0,0.0,0.0,24,255,1.0,0.0,0.04,0.04,0.0,0.01,0.0,0.0,0,80983.0
0,1,44,5,0,0,0,0,0,0,0,0,0,0,0,0,0,0,0,0,0,0,125,18,1.0,1.0,0.0,0.0,0.14,0.06,0.0,255,18,0.07,0.07,0.0,0.0,1.0,1.0,0.0,0.0,1,71047.0
0,2,11,9,33,0,0,0,0,0,0,0,0,0,0,0,0,0,0,0,0,0,1,1,0.0,0.0,0.0,0.0,1.0,0.0,0.0,15,1,0.07,0.27,0.07,0.0,0.0,0.0,0.0,0.0,0,51169.0
0,1,22,9,268,9822,0,0,0,0,0,1,0,0,0,0,0,0,0,0,0,0,3,3,0.0,0.0,0.0,0.0,1.0,0.0,0.0,11,162,1.0,0.0,0.09,0.03,0.0,0.0,0.0,0.0,0,9473.0
0,2,40,9,516,4,0,0,0,0,0,0,0,0,0,0,0,0,0,0,0,0,182,182,0.0,0.0,0.0,0.0,1.0,0.0,0.0,182,182,1.0,0.0,1.0,0.0,0.0,0.0,0.0,0.0,0,91179.0
0,1,49,9,1096,331,0,0,0,0,0,1,0,0,0,0,0,0,0,0,0,0,1,2,0.0,0.0,0.0,0.0,1.0,0.0,1.0,187,134,0.63,0.03,0.01,0.01,0.0,0.0,0.0,0.0,0,10452.0
0,1,9,2,0,0,0,0,0,0,0,0,0,0,0,0,0,0,0,0,0,0,248,5,0.0,0.0,1.0,1.0,0.02,0.06,0.0,255,5,0.02,0.08,0.0,0.0,0.0,0.0,1.0,1.0,1,89123.0
0,1,22,9,233,1065,0,0,0,0,0,1,0,0,0,0,0,0,0,0,0,0,4,4,0.0,0.0,0.0,0.0,1.0,0.0,0.0,255,255,1.0,0.0,0.0,0.0,0.0,0.0,0.0,0.0,0,63932.0
0,1,19,9,9,0,0,0,0,0,0,1,0,0,0,0,0,0,0,0,0,0,2,2,0.0,0.0,0.0,0.0,1.0,0.0,0.0,255,58,0.23,0.02,0.03,0.0,0.67,0.78,0.0,0.0,0,108465.0
0,2,11,9,41,94,0,0,0,0,0,0,0,0,0,0,0,0,0,0,0,0,1,1,0.0,0.0,0.0,0.0,1.0,0.0,0.0,62,212,0.61,0.05,0.48,0.01,0.0,0.0,0.23,0.0,0,74600.0
0,0,14,9,1032,0,0,0,0,0,0,0,0,0,0,0,0,0,0,0,0,0,273,273,0.0,0.0,0.0,0.0,1.0,0.0,0.0,255,255,1.0,0.0,1.0,0.0,0.0,0.0,0.0,0.0,1,38453.0
0,1,44,4,0,0,0,0,0,0,0,0,0,0,0,0,0,0,0,0,0,0,1,1,0.0,0.0,1.0,1.0,1.0,0.0,0.0,167,1,0.01,0.71,0.71,0.0,0.04,0.0,0.63,1.0,1,91113.0
0,1,3,5,0,0,0,0,0,0,0,0,0,0,0,0,0,0,0,0,0,0,232,2,1.0,1.0,0.0,0.0,0.01,0.07,0.0,255,2,0.01,0.07,0.0,0.0,1.0,1.0,0.0,0.0,1,7911.0
0,1,22,9,213,9879,0,0,0,0,0,1,0,0,0,0,0,0,0,0,0,0,3,3,0.0,0.0,0.0,0.0,1.0,0.0,0.0,24,255,1.0,0.0,0.04,0.04,0.0,0.0,0.0,0.0,0,118392.0
7650,2,40,9,145,105,0,0,0,0,0,0,0,0,0,0,0,0,0,0,0,0,1,1,0.0,0.0,0.0,0.0,1.0,0.0,0.0,255,2,0.01,0.67,0.97,0.0,0.0,0.0,0.0,0.0,0,85218.0
0,1,22,9,210,6745,0,0,0,0,0,1,0,0,0,0,0,0,0,0,0,0,67,67,0.0,0.0,0.0,0.0,1.0,0.0,0.0,68,255,1.0,0.0,0.01,0.03,0.0,0.0,0.0,0.0,0,118120.0
0,1,22,9,312,422,0,0,0,0,0,1,0,0,0,0,0,0,0,0,0,0,19,30,0.0,0.0,0.0,0.0,1.0,0.0,0.07,255,255,1.0,0.0,0.0,0.0,0.0,0.0,0.0,0.0,0,6812.0
1,1,49,9,2602,330,0,0,0,0,0,1,0,0,0,0,0,0,0,0,0,0,1,2,0.0,0.0,0.0,0.0,1.0,0.0,1.0,39,149,0.69,0.08,0.03,0.02,0.03,0.01,0.0,0.0,0,4498.0
0,1,19,9,192,0,0,0,0,0,0,1,0,0,0,0,0,0,0,0,0,0,2,2,0.0,0.0,0.0,0.0,1.0,0.0,0.0,106,34,0.32,0.06,0.32,0.0,0.0,0.0,0.0,0.0,0,90655.0
0,1,44,5,0,0,0,0,0,0,0,0,0,0,0,0,0,0,0,0,0,0,131,18,1.0,1.0,0.0,0.0,0.14,0.05,0.0,255,19,0.07,0.05,0.0,0.0,1.0,1.0,0.0,0.0,1,56995.0
0,1,8,5,0,0,0,0,0,0,0,0,0,0,0,0,0,0,0,0,0,0,281,25,1.0,1.0,0.0,0.0,0.09,0.05,0.0,255,25,0.1,0.05,0.0,0.0,1.0,1.0,0.0,0.0,1,4114.0
0,1,6,5,0,0,0,0,0,0,0,0,0,0,0,0,0,0,0,0,0,0,113,6,1.0,1.0,0.0,0.0,0.05,0.08,0.0,255,6,0.02,0.09,0.0,0.0,1.0,1.0,0.0,0.0,1,32202.0
0,1,22,9,326,398,0,0,0,0,0,1,0,0,0,0,0,0,0,0,0,0,10,10,0.0,0.0,0.0,0.0,1.0,0.0,0.0,255,255,1.0,0.0,0.0,0.0,0.0,0.0,0.0,0.0,0,78290.0
0,1,44,5,0,0,0,0,0,0,0,0,0,0,0,0,0,0,0,0,0,0,185,13,1.0,1.0,0.0,0.0,0.07,0.06,0.0,255,17,0.07,0.07,0.0,0.0,1.0,1.0,0.0,0.0,1,105803.0
0,1,49,9,684,330,0,0,0,0,0,1,0,0,0,0,0,0,0,0,0,0,1,1,0.0,0.0,0.0,0.0,1.0,0.0,0.0,255,115,0.45,0.03,0.0,0.0,0.0,0.0,0.0,0.0,0,53768.0
0,1,49,9,734,333,0,0,0,0,0,1,0,0,0,0,0,0,0,0,0,0,1,1,0.0,0.0,0.0,0.0,1.0,0.0,0.0,3,75,1.0,0.0,0.33,0.03,0.0,0.0,0.0,0.0,0,94002.0
0,1,44,5,0,0,0,0,0,0,0,0,0,0,0,0,0,0,0,0,0,0,129,8,1.0,1.0,0.0,0.0,0.06,0.06,0.0,136,13,0.1,0.11,0.01,0.0,1.0,1.0,0.0,0.0,1,20602.0
0,1,44,1,0,0,0,0,0,0,0,0,0,0,0,0,0,0,0,0,0,0,46,20,0.0,0.0,1.0,1.0,0.43,0.07,0.0,255,17,0.07,0.07,0.0,0.0,0.0,0.0,1.0,1.0,1,37799.0
0,1,31,5,0,0,0,0,0,0,0,0,0,0,0,0,0,0,0,0,0,0,206,18,1.0,1.0,0.0,0.0,0.09,0.05,0.0,255,18,0.07,0.05,0.0,0.0,1.0,1.0,0.0,0.0,1,62194.0
0,1,22,9,315,2731,0,0,0,0,0,1,0,0,0,0,0,0,0,0,0,0,4,4,0.0,0.0,0.0,0.0,1.0,0.0,0.0,57,255,1.0,0.0,0.02,0.05,0.02,0.0,0.0,0.0,0,82666.0
0,1,22,9,249,2265,0,0,0,0,0,1,0,0,0,0,0,0,0,0,0,0,7,22,0.0,0.0,0.0,0.0,1.0,0.0,0.09,255,255,1.0,0.0,0.0,0.0,0.01,0.01,0.0,0.0,0,71294.0
0,1,22,9,297,1309,0,0,0,0,0,1,0,0,0,0,0,0,0,0,0,0,21,21,0.0,0.0,0.0,0.0,1.0,0.0,0.0,255,255,1.0,0.0,0.0,0.0,0.0,0.0,0.0,0.0,0,91872.0
0,1,44,5,0,0,0,0,0,0,0,0,0,0,0,0,0,0,0,0,0,0,215,6,1.0,1.0,0.0,0.0,0.03,0.07,0.0,255,6,0.02,0.05,0.0,0.0,1.0,1.0,0.0,0.0,1,55850.0
0,2,11,9,42,42,0,0,0,0,0,0,0,0,0,0,0,0,0,0,0,0,7,11,0.0,0.0,0.0,0.0,1.0,0.0,0.18,255,248,0.97,0.01,0.0,0.0,0.0,0.0,0.0,0.0,0,29102.0
0,1,17,9,8,173,0,0,0,0,0,0,0,0,0,0,0,0,0,0,0,0,1,1,0.0,0.0,0.0,0.0,1.0,0.0,0.0,90,6,0.04,0.03,0.01,0.5,0.0,0.17,0.0,0.0,0,13973.0
0,1,44,5,0,0,0,0,0,0,0,0,0,0,0,0,0,0,0,0,0,0,26,3,1.0,1.0,0.0,0.0,0.12,0.12,0.0,255,14,0.05,0.07,0.0,0.0,1.0,1.0,0.0,0.0,1,38663.0
0,1,22,9,217,1511,0,0,0,0,0,1,0,0,0,0,0,0,0,0,0,0,3,3,0.33,0.33,0.0,0.0,1.0,0.0,0.0,102,255,1.0,0.0,0.01,0.01,0.01,0.0,0.0,0.0,0,59650.0
0,1,49,9,1879,323,0,0,0,0,0,1,0,0,0,0,0,0,0,0,0,0,1,3,0.0,0.0,0.0,0.0,1.0,0.0,1.0,17,244,0.76,0.12,0.06,0.02,0.0,0.0,0.0,0.0,0,8521.0
0,0,13,9,8,0,0,0,0,0,0,0,0,0,0,0,0,0,0,0,0,0,1,15,0.0,0.0,0.0,0.0,1.0,0.0,1.0,2,52,1.0,0.0,1.0,0.5,0.0,0.0,0.0,0.0,1,36172.0
0,1,44,5,0,0,0,0,0,0,0,0,0,0,0,0,0,0,0,0,0,0,143,3,1.0,1.0,0.0,0.0,0.02,0.06,0.0,255,2,0.01,0.07,0.0,0.0,1.0,1.0,0.0,0.0,1,90032.0
0,1,22,9,285,2531,0,0,0,0,0,1,0,0,0,0,0,0,0,0,0,0,6,6,0.0,0.0,0.0,0.0,1.0,0.0,0.0,45,45,1.0,0.0,0.02,0.0,0.0,0.0,0.0,0.0,0,41084.0
0,1,16,2,0,0,0,0,0,0,0,0,0,0,0,0,0,0,0,0,0,0,130,16,0.0,0.0,1.0,1.0,0.12,0.06,0.0,255,16,0.06,0.06,0.0,0.0,0.0,0.0,1.0,1.0,1,114274.0
0,1,19,5,0,0,0,0,0,0,0,0,0,0,0,0,0,0,0,0,0,0,194,6,1.0,1.0,0.0,0.0,0.03,0.06,0.0,255,6,0.02,0.07,0.0,0.0,1.0,1.0,0.0,0.0,1,125086.0
0,2,44,9,1,0,0,0,0,0,0,0,0,0,0,0,0,0,0,0,0,0,19,19,0.0,0.0,0.0,0.0,1.0,0.0,0.0,87,19,0.22,0.06,0.25,0.0,0.0,0.0,0.0,0.0,1,42903.0
0,1,22,9,274,1725,0,0,0,0,0,1,0,0,0,0,0,0,0,0,0,0,20,22,0.0,0.0,0.0,0.0,1.0,0.0,0.09,255,255,1.0,0.0,0.0,0.0,0.0,0.0,0.0,0.0,0,48638.0
0,1,44,5,0,0,0,0,0,0,0,0,0,0,0,0,0,0,0,0,0,0,105,11,1.0,1.0,0.0,0.0,0.1,0.06,0.0,255,10,0.04,0.06,0.0,0.0,1.0,1.0,0.0,0.0,1,54949.0
0,1,40,1,0,0,0,0,0,0,0,0,0,0,0,0,0,0,0,0,0,0,448,1,0.08,0.0,0.9,1.0,0.0,1.0,0.0,255,1,0.0,1.0,0.0,0.0,0.08,0.0,0.91,1.0,1,38950.0
0,1,44,4,0,0,0,0,0,0,0,0,0,0,0,0,0,0,0,0,0,0,1,1,0.0,0.0,1.0,1.0,1.0,0.0,0.0,215,1,0.0,0.24,0.22,0.0,0.0,0.0,0.23,1.0,1,102222.0
0,1,22,9,211,442,0,0,0,0,0,1,0,0,0,0,0,0,0,0,0,0,8,10,0.0,0.0,0.0,0.0,1.0,0.0,0.3,217,255,1.0,0.0,0.0,0.01,0.0,0.0,0.0,0.0,0,12289.0
0,1,44,5,0,0,0,0,0,0,0,0,0,0,0,0,0,0,0,0,0,0,256,13,1.0,1.0,0.0,0.0,0.05,0.06,0.0,255,8,0.03,0.1,0.0,0.0,1.0,1.0,0.0,0.0,1,118916.0
0,1,23,5,0,0,0,0,0,0,0,0,0,0,0,0,0,0,0,0,0,0,127,3,1.0,1.0,0.0,0.0,0.02,0.07,0.0,255,3,0.01,0.06,0.0,0.0,1.0,1.0,0.0,0.0,1,94536.0
0,1,22,9,160,1991,0,0,0,0,0,1,0,0,0,0,0,0,0,0,0,0,1,1,0.0,0.0,0.0,0.0,1.0,0.0,0.0,14,255,1.0,0.0,0.07,0.04,0.0,0.0,0.0,0.0,0,54456.0
0,1,44,1,0,0,0,0,0,0,0,0,0,0,0,0,0,0,0,0,0,0,225,1,0.06,0.0,0.88,1.0,0.0,1.0,0.0,255,1,0.0,0.89,0.0,0.0,0.05,0.0,0.78,1.0,1,47090.0
0,1,19,5,0,0,0,0,0,0,0,0,0,0,0,0,0,0,0,0,0,0,187,14,1.0,1.0,0.0,0.0,0.07,0.06,0.0,255,14,0.05,0.06,0.0,0.0,1.0,1.0,0.0,0.0,1,97340.0
0,1,22,9,302,551,0,0,0,0,0,1,0,0,0,0,0,0,0,0,0,0,11,11,0.0,0.0,0.0,0.0,1.0,0.0,0.0,21,255,1.0,0.0,0.05,0.02,0.0,0.0,0.0,0.0,0,39557.0
0,1,5,5,0,0,0,0,0,0,0,0,0,0,0,0,0,0,0,0,0,0,149,16,1.0,1.0,0.0,0.0,0.11,0.05,0.0,255,1,0.0,0.07,0.0,0.0,1.0,1.0,0.0,0.0,1,55010.0
0,1,26,5,0,0,0,0,0,0,0,0,0,0,0,0,0,0,0,0,0,0,18,13,1.0,1.0,0.0,0.0,0.72,0.11,0.0,255,13,0.05,0.06,0.0,0.0,1.0,1.0,0.0,0.0,1,91701.0
0,0,13,9,8,0,0,0,0,0,0,0,0,0,0,0,0,0,0,0,0,0,1,37,0.0,0.0,0.0,0.0,1.0,0.0,1.0,2,94,1.0,0.0,1.0,0.5,0.0,0.0,0.0,0.0,1,79413.0
0,1,22,9,228,2634,0,0,0,0,0,1,0,0,0,0,0,0,0,0,0,0,1,3,0.0,0.0,0.0,0.0,1.0,0.0,0.67,12,255,1.0,0.0,0.08,0.02,0.0,0.0,0.0,0.0,0,72867.0
0,1,22,9,292,215,0,0,0,0,0,1,0,0,0,0,0,0,0,0,0,0,3,3,0.0,0.0,0.0,0.0,1.0,0.0,0.0,53,255,1.0,0.0,0.02,0.01,0.0,0.0,0.13,0.07,0,78135.0
0,1,22,9,197,10194,0,0,0,0,0,1,0,0,0,0,0,0,0,0,0,0,5,30,0.0,0.0,0.0,0.0,1.0,0.0,0.07,10,255,1.0,0.0,0.1,0.03,0.0,0.0,0.0,0.0,0,59742.0
0,1,51,5,0,0,0,0,0,0,0,0,0,0,0,0,0,0,0,0,0,0,220,16,1.0,1.0,0.0,0.0,0.07,0.05,0.0,255,16,0.06,0.05,0.0,0.0,1.0,1.0,0.0,0.0,1,61909.0
0,1,49,9,2094,329,0,0,0,0,0,1,0,0,0,0,0,0,0,0,0,0,1,5,0.0,0.0,0.0,0.0,1.0,0.0,1.0,92,241,0.98,0.02,0.01,0.01,0.0,0.0,0.0,0.0,0,15827.0
4,1,22,9,180,1911,0,0,0,1,0,1,0,0,0,0,0,0,0,0,0,0,1,1,0.0,0.0,0.0,0.0,1.0,0.0,0.0,255,254,1.0,0.01,0.0,0.0,0.0,0.0,0.0,0.0,0,44383.0
0,1,55,5,0,0,0,0,0,0,0,0,0,0,0,0,0,0,0,0,0,0,111,11,1.0,1.0,0.0,0.0,0.1,0.06,0.0,255,30,0.12,0.06,0.0,0.0,1.0,1.0,0.0,0.0,1,55258.0
0,1,22,9,308,1481,0,0,0,0,0,1,0,0,0,0,0,0,0,0,0,0,9,9,0.0,0.0,0.0,0.0,1.0,0.0,0.0,107,255,1.0,0.0,0.01,0.02,0.0,0.0,0.0,0.0,0,5133.0
0,1,37,1,0,0,0,0,0,0,0,0,0,0,0,0,0,0,0,0,0,0,110,19,0.0,0.0,1.0,1.0,0.17,0.07,0.0,255,19,0.07,0.07,0.0,0.0,0.0,0.0,1.0,1.0,1,13039.0
0,1,44,5,0,0,0,0,0,0,0,0,0,0,0,0,0,0,0,0,0,0,259,14,1.0,1.0,0.0,0.0,0.05,0.05,0.0,255,14,0.05,0.07,0.0,0.0,1.0,1.0,0.0,0.0,1,27823.0
27,1,18,9,1495,4152,0,0,0,30,0,1,0,0,0,0,0,0,0,0,0,1,1,1,0.0,0.0,0.0,0.0,1.0,0.0,0.0,100,27,0.27,0.08,0.01,0.0,0.0,0.0,0.0,0.0,0,81634.0
0,1,22,9,242,1408,0,0,0,0,0,1,0,0,0,0,0,0,0,0,0,0,12,12,0.0,0.0,0.0,0.0,1.0,0.0,0.0,255,255,1.0,0.0,0.0,0.0,0.0,0.0,0.0,0.0,0,14770.0
0,1,49,9,787,332,0,0,0,0,0,1,0,0,0,0,0,0,0,0,0,0,1,1,0.0,0.0,0.0,0.0,1.0,0.0,0.0,51,167,0.65,0.08,0.02,0.01,0.0,0.0,0.0,0.0,0,5756.0
0,1,44,5,0,0,0,0,0,0,0,0,0,0,0,0,0,0,0,0,0,0,236,18,1.0,1.0,0.0,0.0,0.08,0.06,0.0,255,15,0.06,0.07,0.0,0.0,1.0,1.0,0.0,0.0,1,87245.0
0,1,44,1,0,0,0,0,0,0,0,0,0,0,0,0,0,0,0,0,0,0,449,1,0.05,0.0,0.94,1.0,0.0,1.0,0.0,255,1,0.0,1.0,0.0,0.0,0.08,0.0,0.92,1.0,1,79799.0
0,1,22,9,405,23786,0,0,0,0,0,1,0,0,0,0,0,0,0,0,0,0,1,1,0.0,0.0,0.0,0.0,1.0,0.0,0.0,9,255,1.0,0.0,0.11,0.05,0.0,0.0,0.0,0.0,0,473.0
0,1,22,9,295,770,0,0,0,0,0,1,0,0,0,0,0,0,0,0,0,0,13,18,0.0,0.0,0.0,0.0,1.0,0.0,0.17,13,255,1.0,0.0,0.08,0.05,0.0,0.0,0.0,0.0,0,8971.0
0,1,49,9,721,336,0,0,0,0,0,1,0,0,0,0,0,0,0,0,0,0,1,1,0.0,0.0,0.0,0.0,1.0,0.0,0.0,122,120,0.67,0.02,0.01,0.02,0.0,0.0,0.0,0.0,0,103326.0
0,1,49,9,930,333,0,0,0,0,0,1,0,0,0,0,0,0,0,0,0,0,3,4,0.0,0.0,0.0,0.0,0.33,1.0,1.0,98,160,0.79,0.04,0.01,0.01,0.0,0.0,0.0,0.0,0,19694.0
0,1,55,5,0,0,0,0,0,0,0,0,0,0,0,0,0,0,0,0,0,0,14,1,1.0,1.0,0.0,0.0,0.07,0.29,0.0,255,57,0.22,0.04,0.01,0.0,1.0,1.0,0.0,0.0,1,44502.0
0,2,40,9,145,0,0,0,0,0,0,0,0,0,0,0,0,0,0,0,0,0,2,1,0.0,0.0,0.0,0.0,0.5,1.0,0.0,255,1,0.0,0.87,1.0,0.0,0.0,0.0,0.0,0.0,0,111694.0
0,1,22,9,230,6804,0,0,0,0,0,1,0,0,0,0,0,0,0,0,0,0,8,8,0.0,0.0,0.0,0.0,1.0,0.0,0.0,51,255,1.0,0.0,0.02,0.02,0.0,0.0,0.0,0.0,0,40467.0
0,1,19,9,334,0,0,0,0,0,0,1,0,0,0,0,0,0,0,0,0,0,2,2,0.0,0.0,0.0,0.0,1.0,0.0,0.0,2,6,1.0,0.0,1.0,0.33,0.0,0.0,0.0,0.0,1,26465.0
0,1,22,9,139,32424,0,0,0,0,0,1,0,0,0,0,0,0,0,0,0,0,1,15,0.0,0.0,0.0,0.0,1.0,0.0,0.13,255,255,1.0,0.0,0.0,0.0,0.0,0.0,0.01,0.01,0,60732.0
42428,1,18,4,1,0,0,0,0,0,0,0,0,0,0,0,0,0,0,0,0,0,2,2,0.0,0.0,1.0,1.0,1.0,0.0,0.0,162,2,0.01,0.14,0.26,0.0,0.0,0.0,0.26,1.0,1,54581.0
0,1,22,1,0,0,0,0,0,0,0,0,0,0,0,0,0,0,0,0,0,0,267,9,0.0,0.0,1.0,1.0,0.03,0.06,0.0,255,9,0.04,0.07,0.0,0.0,0.0,0.0,1.0,1.0,1,115114.0
0,2,11,9,44,128,0,0,0,0,0,0,0,0,0,0,0,0,0,0,0,0,79,159,0.0,0.0,0.0,0.0,1.0,0.0,0.01,255,211,0.83,0.01,0.0,0.0,0.0,0.0,0.0,0.0,0,22950.0
0,1,22,5,0,0,0,0,0,0,0,0,0,0,0,0,0,0,0,0,0,0,2,2,0.5,0.5,0.0,0.0,1.0,0.0,0.0,160,255,1.0,0.0,0.01,0.01,0.01,0.0,0.02,0.02,0,93442.0
0,1,44,5,0,0,0,0,0,0,0,0,0,0,0,0,0,0,0,0,0,0,279,12,1.0,1.0,0.0,0.0,0.04,0.05,0.0,255,12,0.05,0.05,0.0,0.0,1.0,1.0,0.0,0.0,1,71828.0
0,2,44,9,28,0,0,3,0,0,0,0,0,0,0,0,0,0,0,0,0,0,2,2,0.0,0.0,0.0,0.0,1.0,0.0,0.0,74,2,0.03,0.05,0.03,0.0,0.0,0.0,0.0,0.0,1,72800.0
1111,2,40,9,147,105,0,0,0,0,0,0,0,0,0,0,0,0,0,0,0,0,1,1,0.0,0.0,0.0,0.0,1.0,0.0,0.0,255,1,0.0,0.8,0.99,0.0,0.0,0.0,0.0,0.0,0,106402.0
0,1,44,5,0,0,0,0,0,0,0,0,0,0,0,0,0,0,0,0,0,0,223,6,1.0,1.0,0.0,0.0,0.03,0.06,0.0,255,8,0.03,0.07,0.0,0.0,1.0,1.0,0.0,0.0,1,40744.0
0,0,13,9,64,0,0,0,0,0,0,0,0,0,0,0,0,0,0,0,0,0,3,3,0.0,0.0,0.0,0.0,1.0,0.0,0.0,97,3,0.03,0.07,0.03,0.0,0.0,0.0,0.0,0.0,0,58140.0
0,1,22,5,0,0,0,0,0,0,0,0,0,0,0,0,0,0,0,0,0,0,5,2,1.0,1.0,0.0,0.0,0.4,0.6,0.0,255,62,0.24,0.02,0.0,0.0,1.0,1.0,0.0,0.0,1,6325.0
18,1,55,9,384,269225,0,0,0,0,0,1,0,0,0,0,0,0,0,0,0,0,1,1,0.0,0.0,0.0,0.0,1.0,0.0,0.0,96,10,0.1,0.04,0.01,0.0,0.0,0.0,0.0,0.0,0,28077.0
0,1,22,9,292,2142,0,0,0,0,0,1,0,0,0,0,0,0,0,0,0,0,11,12,0.0,0.0,0.0,0.0,1.0,0.0,0.17,145,255,1.0,0.0,0.01,0.01,0.0,0.0,0.0,0.0,0,119671.0
0,1,22,9,214,308,0,0,0,0,0,1,0,0,0,0,0,0,0,0,0,0,2,6,0.5,0.17,0.0,0.0,1.0,0.0,0.33,255,255,1.0,0.0,0.0,0.0,0.0,0.0,0.0,0.0,0,39274.0
0,2,40,9,147,0,0,0,0,0,0,0,0,0,0,0,0,0,0,0,0,0,3,1,0.0,0.0,0.0,0.0,0.33,0.67,0.0,255,1,0.0,0.53,0.9,0.0,0.0,0.0,0.0,0.0,0,61735.0
0,2,11,9,44,68,0,0,0,0,0,0,0,0,0,0,0,0,0,0,0,0,140,140,0.0,0.0,0.0,0.0,1.0,0.0,0.0,255,254,1.0,0.01,0.0,0.0,0.0,0.0,0.0,0.0,0,122884.0
0,1,22,9,161,13985,0,0,0,2,0,1,0,0,0,0,0,0,0,0,0,0,3,4,0.0,0.0,0.0,0.0,1.0,0.0,0.5,255,255,1.0,0.0,0.0,0.0,0.01,0.01,0.0,0.0,0,53409.0
1,1,49,9,773,330,0,0,0,0,0,1,0,0,0,0,0,0,0,0,0,0,1,2,0.0,0.0,0.0,0.0,1.0,0.0,1.0,112,147,0.53,0.04,0.01,0.01,0.01,0.01,0.0,0.0,0,84806.0
0,2,11,9,43,43,0,0,0,0,0,0,0,0,0,0,0,0,0,0,0,0,152,232,0.0,0.0,0.0,0.0,1.0,0.0,0.01,255,254,1.0,0.01,0.01,0.0,0.0,0.0,0.0,0.0,0,11300.0
0,1,26,1,0,0,0,0,0,0,0,0,0,0,0,0,0,0,0,0,0,0,114,12,0.0,0.0,1.0,1.0,0.11,0.07,0.0,255,12,0.05,0.06,0.0,0.0,0.0,0.0,1.0,1.0,1,67493.0
7534,2,40,9,147,105,0,0,0,0,0,0,0,0,0,0,0,0,0,0,0,0,1,1,0.0,0.0,0.0,0.0,1.0,0.0,0.0,255,1,0.0,0.62,0.92,0.0,0.0,0.0,0.0,0.0,0,50076.0
0,1,61,1,0,0,0,0,0,0,0,0,0,0,0,0,0,0,0,0,0,0,267,6,0.0,0.0,1.0,1.0,0.02,0.06,0.0,255,6,0.02,0.07,0.0,0.0,0.0,0.0,1.0,1.0,1,52700.0
0,1,22,9,322,1301,0,0,0,0,0,1,0,0,0,0,0,0,0,0,0,0,5,7,0.0,0.0,0.0,0.0,1.0,0.0,0.29,53,255,1.0,0.0,0.02,0.02,0.0,0.0,0.0,0.0,0,10791.0
0,1,22,9,280,1538,0,0,0,0,0,1,0,0,0,0,0,0,0,0,0,0,15,33,0.0,0.0,0.0,0.0,1.0,0.0,0.12,36,255,1.0,0.0,0.03,0.05,0.0,0.0,0.0,0.0,0,20315.0
0,1,36,5,0,0,0,0,0,0,0,0,0,0,0,0,0,0,0,0,0,0,218,20,1.0,1.0,0.0,0.0,0.09,0.06,0.0,255,19,0.07,0.07,0.0,0.0,1.0,1.0,0.0,0.0,1,114106.0
0,1,17,5,0,0,0,0,0,0,0,0,0,0,0,0,0,0,0,0,0,0,55,16,1.0,1.0,0.0,0.0,0.29,0.07,0.0,255,56,0.22,0.02,0.01,0.0,1.0,1.0,0.0,0.0,1,115959.0
0,1,10,5,0,0,0,0,0,0,0,0,0,0,0,0,0,0,0,0,0,0,278,2,1.0,1.0,0.0,0.0,0.01,0.05,0.0,255,2,0.01,0.07,0.0,0.0,1.0,1.0,0.0,0.0,1,15629.0
30377,1,44,4,1,0,0,0,0,0,0,0,0,0,0,0,0,0,0,0,0,0,2,2,0.0,0.0,1.0,1.0,1.0,0.0,0.0,255,2,0.01,0.67,1.0,0.0,0.0,0.0,1.0,1.0,1,31392.0
0,1,44,5,0,0,0,0,0,0,0,0,0,0,0,0,0,0,0,0,0,0,264,15,1.0,1.0,0.0,0.0,0.06,0.06,0.0,255,14,0.05,0.08,0.0,0.0,1.0,1.0,0.0,0.0,1,50537.0
0,1,2,1,0,0,0,0,0,0,0,0,0,0,0,0,0,0,0,0,0,0,274,19,0.0,0.0,1.0,1.0,0.07,0.06,0.0,255,19,0.07,0.08,0.0,0.0,0.0,0.0,1.0,1.0,1,104865.0
0,1,22,1,0,0,0,0,0,0,0,0,0,0,0,0,0,0,0,0,0,0,1,1,0.0,0.0,1.0,1.0,1.0,0.0,0.0,1,14,1.0,0.0,1.0,0.64,0.0,0.07,1.0,0.86,0,62781.0
0,1,26,5,0,0,0,0,0,0,0,0,0,0,0,0,0,0,0,0,0,0,103,21,1.0,1.0,0.0,0.0,0.2,0.05,0.0,255,21,0.08,0.05,0.0,0.0,1.0,1.0,0.0,0.0,1,75430.0
0,1,22,1,0,0,0,0,0,0,0,0,0,0,0,0,0,0,0,0,0,0,1,1,0.0,0.0,1.0,1.0,1.0,0.0,0.0,4,255,1.0,0.0,0.25,0.07,0.0,0.0,1.0,0.92,0,73905.0
0,0,13,9,8,0,0,0,0,0,0,0,0,0,0,0,0,0,0,0,0,0,1,30,0.0,0.0,0.0,0.0,1.0,0.0,1.0,4,61,1.0,0.0,1.0,0.26,0.0,0.0,0.0,0.0,1,20449.0
1,1,44,3,0,0,0,0,0,0,0,0,0,0,0,0,0,0,0,0,0,0,171,2,0.68,0.5,0.32,0.5,0.01,0.39,0.0,255,2,0.01,0.26,0.67,0.0,0.45,0.5,0.22,0.5,1,120303.0
0,1,6,5,0,0,0,0,0,0,0,0,0,0,0,0,0,0,0,0,0,0,259,2,1.0,1.0,0.0,0.0,0.01,0.07,0.0,255,19,0.07,0.07,0.0,0.0,1.0,1.0,0.0,0.0,1,4775.0
0,1,22,9,241,3057,0,0,0,0,0,1,0,0,0,0,0,0,0,0,0,0,3,3,0.0,0.0,0.0,0.0,1.0,0.0,0.0,24,255,1.0,0.0,0.04,0.04,0.0,0.0,0.0,0.0,0,19661.0
0,1,22,9,187,3794,0,0,0,0,0,1,0,0,0,0,0,0,0,0,0,0,1,1,0.0,0.0,0.0,0.0,1.0,0.0,0.0,12,255,1.0,0.0,0.08,0.04,0.0,0.01,0.0,0.0,0,66578.0
0,1,44,5,0,0,0,0,0,0,0,0,0,0,0,0,0,0,0,0,0,0,80,2,1.0,1.0,0.0,0.0,0.03,0.06,0.0,255,2,0.01,0.05,0.0,0.0,1.0,1.0,0.0,0.0,1,101401.0
0,0,58,9,181,0,0,0,0,0,0,0,0,0,0,0,0,0,0,0,0,0,2,1,0.0,0.0,0.0,0.0,0.5,1.0,0.0,255,16,0.06,0.01,0.08,0.0,0.0,0.0,0.0,0.0,0,119906.0
0,1,40,1,0,0,0,0,0,0,0,0,0,0,0,0,0,0,0,0,0,0,511,1,0.12,0.0,0.88,1.0,0.0,1.0,0.0,255,1,0.0,1.0,0.0,0.0,0.1,0.0,0.9,1.0,1,19505.0
0,1,40,1,0,0,0,0,0,0,0,0,0,0,0,0,0,0,0,0,0,0,511,1,0.2,0.0,0.79,1.0,0.0,1.0,0.0,255,1,0.0,1.0,0.0,0.0,0.27,0.0,0.73,1.0,1,20763.0
0,1,7,5,0,0,0,0,0,0,0,0,0,0,0,0,0,0,0,0,0,0,226,1,1.0,1.0,0.0,0.0,0.0,0.06,0.0,255,1,0.0,0.07,0.0,0.0,1.0,1.0,0.0,0.0,1,38529.0
0,2,11,9,44,149,0,0,0,0,0,0,0,0,0,0,0,0,0,0,0,0,75,155,0.0,0.0,0.0,0.0,0.99,0.03,0.01,255,239,0.94,0.01,0.0,0.0,0.0,0.0,0.0,0.0,0,103463.0
0,1,22,9,246,11889,0,0,0,0,0,1,0,0,0,0,0,0,0,0,0,0,6,6,0.0,0.0,0.0,0.0,1.0,0.0,0.0,226,226,1.0,0.0,0.0,0.0,0.0,0.0,0.0,0.0,0,21524.0
0,1,19,9,11,0,0,0,0,0,0,1,0,0,0,0,0,0,0,0,0,0,2,2,0.0,0.0,0.0,0.0,1.0,0.0,0.0,120,45,0.13,0.05,0.13,0.04,0.01,0.0,0.0,0.0,0,108278.0
0,1,4,1,0,0,0,0,0,0,0,0,0,0,0,0,0,0,0,0,0,0,142,5,0.0,0.0,1.0,1.0,0.04,0.06,0.0,255,2,0.01,0.07,0.0,0.0,0.0,0.0,1.0,1.0,1,104684.0
0,1,10,5,0,0,0,0,0,0,0,0,0,0,0,0,0,0,0,0,0,0,260,12,1.0,1.0,0.0,0.0,0.05,0.05,0.0,255,12,0.05,0.05,0.0,0.0,1.0,1.0,0.0,0.0,1,120353.0
0,1,44,5,0,0,0,0,0,0,0,0,0,0,0,0,0,0,0,0,0,0,281,14,1.0,1.0,0.0,0.0,0.05,0.05,0.0,255,14,0.05,0.07,0.0,0.0,1.0,1.0,0.0,0.0,1,1512.0
0,1,22,1,0,0,0,0,0,0,0,0,0,0,0,0,0,0,0,0,0,0,1,2,0.0,0.0,1.0,1.0,1.0,0.0,1.0,62,255,1.0,0.0,0.02,0.13,0.0,0.0,1.0,1.0,0,91285.0
0,1,34,5,0,0,0,0,0,0,0,0,0,0,0,0,0,0,0,0,0,0,243,20,1.0,1.0,0.0,0.0,0.08,0.05,0.0,255,20,0.08,0.07,0.0,0.0,1.0,1.0,0.0,0.0,1,90981.0
0,2,39,9,48,48,0,0,0,0,0,0,0,0,0,0,0,0,0,0,0,0,1,1,0.0,0.0,0.0,0.0,1.0,0.0,0.0,54,17,0.31,0.06,0.31,0.0,0.0,0.0,0.0,0.0,0,63921.0
0,1,17,2,0,0,0,0,0,0,0,0,0,0,0,0,0,0,0,0,0,0,237,4,0.0,0.0,1.0,1.0,0.02,0.07,0.0,255,4,0.02,0.07,0.0,0.0,0.0,0.0,1.0,1.0,1,91168.0
0,1,44,1,0,0,0,0,0,0,0,0,0,0,0,0,0,0,0,0,0,0,111,11,0.0,0.0,1.0,1.0,0.1,0.06,0.0,255,6,0.02,0.07,0.0,0.0,0.0,0.0,1.0,1.0,1,66478.0
0,1,59,5,0,0,0,0,0,0,0,0,0,0,0,0,0,0,0,0,0,0,125,5,1.0,1.0,0.0,0.0,0.04,0.06,0.0,255,5,0.02,0.05,0.0,0.0,1.0,1.0,0.0,0.0,1,12127.0
6,1,49,9,1127,326,0,0,0,0,0,1,0,0,0,0,0,0,0,0,0,0,1,2,0.0,0.0,0.0,0.0,1.0,0.0,1.0,234,174,0.71,0.03,0.0,0.01,0.0,0.0,0.0,0.0,0,72289.0
0,1,10,1,0,0,0,0,0,0,0,0,0,0,0,0,0,0,0,0,0,0,223,11,0.0,0.0,1.0,1.0,0.05,0.07,0.0,255,11,0.04,0.09,0.0,0.0,0.0,0.0,1.0,1.0,1,67397.0
0,1,22,9,284,1108,0,0,0,0,0,1,0,0,0,0,0,0,0,0,0,0,3,7,0.0,0.0,0.0,0.0,1.0,0.0,0.29,163,255,1.0,0.0,0.01,0.02,0.0,0.0,0.0,0.0,0,10266.0
0,1,22,9,189,960,0,0,0,0,0,1,0,0,0,0,0,0,0,0,0,0,2,3,0.0,0.0,0.0,0.0,1.0,0.0,0.67,26,255,1.0,0.0,0.04,0.06,0.0,0.0,0.0,0.0,0,104337.0
0,1,22,9,54540,8314,0,0,0,2,0,1,1,0,0,0,0,0,0,0,0,0,1,1,0.0,0.0,0.0,0.0,1.0,0.0,0.0,223,223,1.0,0.0,0.0,0.0,0.0,0.0,0.01,0.01,1,86828.0
0,1,26,5,0,0,0,0,0,0,0,0,0,0,0,0,0,0,0,0,0,0,134,21,1.0,1.0,0.0,0.0,0.16,0.05,0.0,255,21,0.08,0.05,0.0,0.0,1.0,1.0,0.0,0.0,1,89424.0
0,1,22,9,222,566,0,0,0,0,0,1,0,0,0,0,0,0,0,0,0,0,16,17,0.0,0.0,0.0,0.0,1.0,0.0,0.12,85,253,1.0,0.0,0.01,0.03,0.0,0.0,0.0,0.0,0,41654.0
0,1,22,9,331,2406,0,0,0,0,0,1,0,0,0,0,0,0,0,0,0,0,5,5,0.0,0.0,0.0,0.0,1.0,0.0,0.0,116,255,1.0,0.0,0.01,0.05,0.0,0.0,0.0,0.0,0,123089.0
0,1,22,9,301,774,0,0,0,0,0,1,0,0,0,0,0,0,0,0,0,0,17,24,0.0,0.0,0.0,0.0,1.0,0.0,0.08,255,255,1.0,0.0,0.0,0.0,0.0,0.0,0.0,0.0,0,120048.0
0,1,22,9,272,16136,0,0,0,0,0,1,0,0,0,0,0,0,0,0,0,0,1,1,0.0,0.0,0.0,0.0,1.0,0.0,0.0,4,255,1.0,0.0,0.25,0.02,0.0,0.0,0.0,0.0,0,97690.0
0,1,22,9,227,397,0,0,0,0,0,1,0,0,0,0,0,0,0,0,0,0,6,6,0.17,0.17,0.0,0.0,1.0,0.0,0.0,255,255,1.0,0.0,0.0,0.0,0.0,0.0,0.0,0.0,0,45659.0
0,1,34,5,0,0,0,0,0,0,0,0,0,0,0,0,0,0,0,0,0,0,288,12,1.0,1.0,0.0,0.0,0.04,0.06,0.0,255,12,0.05,0.07,0.0,0.0,1.0,1.0,0.0,0.0,1,101900.0
0,1,23,1,0,0,0,0,0,0,0,0,0,0,0,0,0,0,0,0,0,0,112,12,0.0,0.0,1.0,1.0,0.11,0.06,0.0,255,12,0.05,0.05,0.0,0.0,0.0,0.0,1.0,1.0,1,87542.0
0,2,44,9,28,0,0,3,0,0,0,0,0,0,0,0,0,0,0,0,0,0,39,39,0.0,0.0,0.0,0.0,1.0,0.0,0.0,255,6,0.02,0.01,0.02,0.0,0.0,0.0,0.0,0.0,1,27895.0
0,2,11,9,46,46,0,0,0,0,0,0,0,0,0,0,0,0,0,0,0,0,144,224,0.0,0.0,0.0,0.0,1.0,0.0,0.01,255,255,1.0,0.0,0.01,0.0,0.0,0.0,0.0,0.0,0,20905.0
0,1,16,5,0,0,0,0,0,0,0,0,0,0,0,0,0,0,0,0,0,0,146,18,1.0,1.0,0.0,0.0,0.12,0.06,0.0,255,18,0.07,0.06,0.0,0.0,1.0,1.0,0.0,0.0,1,103322.0
0,1,3,5,0,0,0,0,0,0,0,0,0,0,0,0,0,0,0,0,0,0,245,2,1.0,1.0,0.0,0.0,0.01,0.05,0.0,255,2,0.01,0.05,0.0,0.0,1.0,1.0,0.0,0.0,1,11832.0
0,1,44,1,0,0,0,0,0,0,0,0,0,0,0,0,0,0,0,0,0,0,159,3,0.0,0.0,1.0,1.0,0.02,0.08,0.0,255,3,0.01,0.08,0.0,0.0,0.0,0.0,1.0,1.0,1,7557.0
0,0,14,9,1032,0,0,0,0,0,0,0,0,0,0,0,0,0,0,0,0,0,511,511,0.0,0.0,0.0,0.0,1.0,0.0,0.0,255,39,0.15,0.21,0.15,0.0,0.0,0.0,0.0,0.0,1,45415.0
0,2,11,9,44,73,0,0,0,0,0,0,0,0,0,0,0,0,0,0,0,0,188,188,0.0,0.0,0.0,0.0,1.0,0.0,0.0,255,255,1.0,0.0,0.0,0.0,0.0,0.0,0.0,0.0,0,61901.0
0,1,22,9,232,1075,0,0,0,0,0,1,0,0,0,0,0,0,0,0,0,0,6,6,0.0,0.0,0.0,0.0,1.0,0.0,0.0,255,250,0.98,0.01,0.0,0.0,0.0,0.0,0.0,0.0,0,110067.0
0,1,22,9,212,8001,0,0,0,0,0,1,0,0,0,0,0,0,0,0,0,0,1,1,0.0,0.0,0.0,0.0,1.0,0.0,0.0,69,255,1.0,0.0,0.01,0.06,0.0,0.0,0.01,0.0,0,118957.0
0,1,22,9,214,5773,0,0,0,0,0,1,0,0,0,0,0,0,0,0,0,0,14,16,0.0,0.0,0.0,0.0,1.0,0.0,0.12,14,255,1.0,0.0,0.07,0.01,0.0,0.0,0.0,0.06,0,7126.0
0,1,44,1,0,0,0,0,0,0,0,0,0,0,0,0,0,0,0,0,0,0,142,16,0.0,0.0,1.0,1.0,0.11,0.06,0.0,255,9,0.04,0.07,0.0,0.0,0.0,0.0,1.0,1.0,1,14522.0
0,1,22,1,0,0,0,0,0,0,0,0,0,0,0,0,0,0,0,0,0,0,1,1,0.0,0.0,1.0,1.0,1.0,0.0,0.0,5,210,1.0,0.0,0.2,0.09,0.0,0.0,1.0,1.0,0,26419.0
3,1,55,9,122,1348,0,0,0,0,0,1,0,0,0,0,0,0,0,0,0,0,1,1,0.0,0.0,0.0,0.0,1.0,0.0,0.0,255,63,0.25,0.02,0.0,0.0,0.96,0.97,0.0,0.0,0,5194.0
0,2,11,9,44,44,0,0,0,0,0,0,0,0,0,0,0,0,0,0,0,0,146,228,0.0,0.0,0.0,0.0,1.0,0.0,0.02,255,254,1.0,0.01,0.01,0.0,0.0,0.0,0.0,0.0,0,47201.0
0,1,22,9,192,10723,0,0,0,0,0,1,0,0,0,0,0,0,0,0,0,0,3,3,0.0,0.0,0.0,0.0,1.0,0.0,0.0,3,255,1.0,0.0,0.33,0.02,0.0,0.0,0.0,0.0,0,10375.0
0,0,13,9,8,0,0,0,0,0,0,0,0,0,0,0,0,0,0,0,0,0,1,12,0.0,0.0,0.0,0.0,1.0,0.0,1.0,2,164,1.0,0.0,1.0,0.5,0.0,0.0,0.0,0.0,1,78943.0
0,1,22,9,253,183,0,0,0,0,0,1,0,0,0,0,0,0,0,0,0,0,1,5,0.0,0.0,0.0,0.0,1.0,0.0,0.6,22,255,1.0,0.0,0.05,0.03,0.0,0.0,0.0,0.0,0,26839.0
0,1,22,9,329,1866,0,0,0,0,0,1,0,0,0,0,0,0,0,0,0,0,13,30,0.0,0.0,0.0,0.0,1.0,0.0,0.07,255,255,1.0,0.0,0.0,0.0,0.0,0.0,0.0,0.0,0,99843.0
0,2,44,9,1,0,0,0,0,0,0,0,0,0,0,0,0,0,0,0,0,0,17,9,0.0,0.0,0.0,0.0,0.53,0.24,0.0,255,9,0.04,0.22,1.0,0.0,0.0,0.0,0.0,0.0,1,102308.0
0,1,53,5,0,0,0,0,0,0,0,0,0,0,0,0,0,0,0,0,0,0,187,23,1.0,1.0,0.0,0.0,0.12,0.05,0.0,255,23,0.09,0.06,0.0,0.0,1.0,1.0,0.0,0.0,1,102098.0
9,1,17,9,10,139,0,0,0,0,0,0,0,0,0,0,0,0,0,0,0,0,1,1,0.0,0.0,0.0,0.0,1.0,0.0,0.0,66,11,0.03,0.05,0.02,0.27,0.0,0.0,0.0,0.0,0,112182.0
0,1,22,9,232,2299,0,0,0,0,0,1,0,0,0,0,0,0,0,0,0,0,16,16,0.0,0.0,0.0,0.0,1.0,0.0,0.0,255,255,1.0,0.0,0.0,0.0,0.0,0.0,0.0,0.0,0,30675.0
0,1,22,9,280,1904,0,0,0,0,0,1,0,0,0,0,0,0,0,0,0,0,19,20,0.0,0.0,0.0,0.0,1.0,0.0,0.1,19,255,1.0,0.0,0.05,0.05,0.0,0.0,0.0,0.0,0,29256.0
0,1,62,5,0,0,0,0,0,0,0,0,0,0,0,0,0,0,0,0,0,0,232,1,1.0,1.0,0.0,0.0,0.0,0.06,0.0,255,1,0.0,0.07,0.0,0.0,1.0,1.0,0.0,0.0,1,48477.0
0,1,55,2,126,179,0,0,0,1,1,0,0,0,0,0,0,0,0,0,0,0,1,1,0.0,0.0,1.0,1.0,1.0,0.0,0.0,15,15,1.0,0.0,0.07,0.0,0.07,0.07,0.93,0.93,1,47125.0
0,2,44,9,28,0,0,3,0,0,0,0,0,0,0,0,0,0,0,0,0,0,94,94,0.0,0.0,0.0,0.0,1.0,0.0,0.0,255,94,0.37,0.04,0.37,0.0,0.02,0.0,0.0,0.0,1,15286.0
0,1,49,9,919,335,0,0,0,0,0,1,0,0,0,0,0,0,0,0,0,0,1,1,0.0,0.0,0.0,0.0,1.0,0.0,0.0,62,157,0.97,0.03,0.02,0.01,0.0,0.0,0.0,0.0,0,67445.0
0,1,22,9,345,515,0,0,0,0,0,1,0,0,0,0,0,0,0,0,0,0,7,8,0.0,0.0,0.0,0.0,1.0,0.0,0.25,255,255,1.0,0.0,0.0,0.0,0.0,0.0,0.0,0.0,0,32494.0
0,2,11,9,46,128,0,0,0,0,0,0,0,0,0,0,0,0,0,0,0,0,70,150,0.0,0.0,0.0,0.0,0.99,0.03,0.01,255,236,0.93,0.01,0.0,0.0,0.0,0.0,0.0,0.0,0,24583.0
0,1,44,1,0,0,0,0,0,0,0,0,0,0,0,0,0,0,0,0,0,0,116,14,0.0,0.0,1.0,1.0,0.12,0.07,0.0,191,14,0.07,0.07,0.01,0.0,0.0,0.0,1.0,1.0,1,41685.0
0,1,44,5,0,0,0,0,0,0,0,0,0,0,0,0,0,0,0,0,0,0,58,14,1.0,1.0,0.0,0.0,0.24,0.09,0.0,255,15,0.06,0.08,0.0,0.0,1.0,1.0,0.0,0.0,1,106082.0
0,1,22,9,255,1828,0,0,0,0,0,1,0,0,0,0,0,0,0,0,0,0,1,1,0.0,0.0,0.0,0.0,1.0,0.0,0.0,255,237,0.93,0.02,0.0,0.0,0.0,0.0,0.0,0.0,0,28731.0
0,1,60,5,0,0,0,0,0,0,0,0,0,0,0,0,0,0,0,0,0,0,120,5,1.0,1.0,0.0,0.0,0.04,0.07,0.0,255,5,0.02,0.07,0.0,0.0,1.0,1.0,0.0,0.0,1,42430.0
0,1,44,5,0,0,0,0,0,0,0,0,0,0,0,0,0,0,0,0,0,0,212,3,1.0,1.0,0.0,0.0,0.01,0.07,0.0,255,3,0.01,0.08,0.0,0.0,1.0,1.0,0.0,0.0,1,13058.0
0,1,60,5,0,0,0,0,0,0,0,0,0,0,0,0,0,0,0,0,0,0,61,16,1.0,1.0,0.0,0.0,0.26,0.08,0.0,255,16,0.06,0.08,0.0,0.0,1.0,1.0,0.0,0.0,1,21157.0
0,1,22,9,206,7145,0,0,0,0,0,1,0,0,0,0,0,0,0,0,0,0,5,5,0.0,0.0,0.0,0.0,1.0,0.0,0.0,36,255,1.0,0.0,0.03,0.05,0.0,0.0,0.0,0.0,0,113575.0
0,0,14,9,1032,0,0,0,0,0,0,0,0,0,0,0,0,0,0,0,0,0,74,74,0.0,0.0,0.0,0.0,1.0,0.0,0.0,255,255,1.0,0.0,1.0,0.0,0.0,0.0,0.0,0.0,1,72924.0
0,1,44,5,0,0,0,0,0,0,0,0,0,0,0,0,0,0,0,0,0,0,229,2,1.0,1.0,0.0,0.0,0.01,0.06,0.0,255,2,0.01,0.07,0.0,0.0,1.0,1.0,0.0,0.0,1,72743.0
0,1,28,1,0,0,0,0,0,0,0,0,0,0,0,0,0,0,0,0,0,0,113,5,0.0,0.0,1.0,1.0,0.04,0.08,0.0,237,5,0.02,0.07,0.0,0.0,0.0,0.0,1.0,1.0,1,57142.0
0,2,11,9,46,85,0,0,0,0,0,0,0,0,0,0,0,0,0,0,0,0,153,152,0.0,0.0,0.0,0.0,0.99,0.01,0.0,255,254,1.0,0.01,0.01,0.0,0.0,0.0,0.0,0.0,0,104386.0
0,0,13,9,8,0,0,0,0,0,0,0,0,0,0,0,0,0,0,0,0,0,1,14,0.0,0.0,0.0,0.0,1.0,0.0,1.0,2,166,1.0,0.0,1.0,0.25,0.0,0.0,0.0,0.0,1,109540.0
0,2,11,9,44,44,0,0,0,0,0,0,0,0,0,0,0,0,0,0,0,0,154,154,0.0,0.0,0.0,0.0,1.0,0.0,0.0,255,255,1.0,0.0,0.0,0.0,0.0,0.0,0.0,0.0,0,109294.0
0,1,22,9,286,788,0,0,0,0,0,1,0,0,0,0,0,0,0,0,0,0,12,38,0.0,0.0,0.0,0.0,1.0,0.0,0.11,216,255,1.0,0.0,0.0,0.01,0.0,0.0,0.0,0.0,0,28641.0
356,2,40,9,147,105,0,0,0,0,0,0,0,0,0,0,0,0,0,0,0,0,1,1,0.0,0.0,0.0,0.0,1.0,0.0,0.0,255,2,0.01,0.58,0.92,0.0,0.0,0.0,0.0,0.0,0,111690.0
2,1,18,9,1146,2443,0,0,0,28,0,1,0,0,0,0,0,0,0,0,0,1,1,1,0.0,0.0,0.0,0.0,1.0,0.0,0.0,255,100,0.39,0.02,0.0,0.0,0.0,0.0,0.01,0.0,1,36516.0
0,1,22,9,253,1564,0,0,0,0,0,1,0,0,0,0,0,0,0,0,0,0,6,6,0.0,0.0,0.0,0.0,1.0,0.0,0.0,255,255,1.0,0.0,0.0,0.0,0.0,0.0,0.0,0.0,0,43916.0
0,1,22,9,349,2356,0,0,0,0,0,1,0,0,0,0,0,0,0,0,0,0,6,16,0.0,0.0,0.0,0.0,1.0,0.0,0.12,16,255,1.0,0.0,0.06,0.04,0.0,0.0,0.0,0.0,0,27544.0
0,1,22,9,195,1042,0,0,0,0,0,1,0,0,0,0,0,0,0,0,0,0,5,9,0.0,0.0,0.0,0.0,1.0,0.0,0.22,255,255,1.0,0.0,0.0,0.0,0.0,0.0,0.0,0.0,0,23015.0
0,0,13,9,8,0,0,0,0,0,0,0,0,0,0,0,0,0,0,0,0,0,1,28,0.0,0.0,0.0,0.0,1.0,0.0,1.0,1,113,1.0,0.0,1.0,0.5,0.0,0.0,0.0,0.0,1,77041.0
0,1,17,5,0,0,0,0,0,0,0,0,0,0,0,0,0,0,0,0,0,0,297,15,1.0,1.0,0.0,0.0,0.05,0.05,0.0,255,15,0.06,0.05,0.0,0.0,1.0,1.0,0.0,0.0,1,645.0
0,1,30,5,0,0,0,0,0,0,0,0,0,0,0,0,0,0,0,0,0,0,117,17,1.0,1.0,0.0,0.0,0.15,0.07,0.0,255,10,0.04,0.06,0.0,0.0,1.0,1.0,0.0,0.0,1,23249.0
0,1,44,1,0,0,0,0,0,0,0,0,0,0,0,0,0,0,0,0,0,0,204,3,0.0,0.0,1.0,1.0,0.01,0.06,0.0,255,3,0.01,0.08,0.0,0.0,0.0,0.0,1.0,1.0,1,93816.0
0,1,22,9,157,20974,0,0,0,0,0,1,0,0,0,0,0,0,0,0,0,0,2,2,0.0,0.0,0.0,0.0,1.0,0.0,0.0,44,255,1.0,0.0,0.02,0.01,0.02,0.0,0.0,0.0,0,63253.0
0,0,13,9,8,0,0,0,0,0,0,0,0,0,0,0,0,0,0,0,0,0,1,20,0.0,0.0,0.0,0.0,1.0,0.0,1.0,1,93,1.0,0.0,1.0,0.26,0.0,0.0,0.0,0.0,1,96169.0
0,1,22,9,319,3588,0,0,0,0,0,1,0,0,0,0,0,0,0,0,0,0,8,10,0.0,0.0,0.0,0.0,1.0,0.0,0.2,18,255,1.0,0.0,0.06,0.05,0.0,0.0,0.0,0.0,0,28014.0
0,1,44,5,0,0,0,0,0,0,0,0,0,0,0,0,0,0,0,0,0,0,261,24,1.0,1.0,0.0,0.0,0.09,0.05,0.0,202,24,0.12,0.06,0.0,0.0,0.93,1.0,0.0,0.0,1,119701.0
0,1,44,5,0,0,0,0,0,0,0,0,0,0,0,0,0,0,0,0,0,0,218,11,1.0,1.0,0.0,0.0,0.05,0.05,0.0,22,11,0.5,0.14,0.05,0.0,0.91,1.0,0.0,0.0,1,52212.0
0,1,22,9,203,2572,0,0,0,0,0,1,0,0,0,0,0,0,0,0,0,0,6,6,0.0,0.0,0.0,0.0,1.0,0.0,0.0,47,255,1.0,0.0,0.02,0.06,0.0,0.0,0.0,0.0,0,97538.0
0,2,11,9,45,87,0,0,0,0,0,0,0,0,0,0,0,0,0,0,0,0,240,240,0.0,0.0,0.0,0.0,1.0,0.0,0.0,255,255,1.0,0.0,0.01,0.0,0.0,0.0,0.0,0.0,0,108803.0
0,1,59,5,0,0,0,0,0,0,0,0,0,0,0,0,0,0,0,0,0,0,123,8,1.0,1.0,0.0,0.0,0.07,0.07,0.0,255,7,0.03,0.07,0.0,0.0,1.0,1.0,0.0,0.0,1,51487.0
0,1,44,1,0,0,0,0,0,0,0,0,0,0,0,0,0,0,0,0,0,0,120,6,0.0,0.0,1.0,1.0,0.05,0.07,0.0,95,6,0.06,0.08,0.01,0.0,0.0,0.0,1.0,1.0,1,3315.0
0,1,22,9,322,188,0,0,0,0,0,1,0,0,0,0,0,0,0,0,0,0,4,30,0.25,0.03,0.0,0.0,1.0,0.0,0.07,173,255,1.0,0.0,0.01,0.02,0.01,0.0,0.0,0.0,0,33660.0
0,1,22,9,219,1646,0,0,0,0,0,1,0,0,0,0,0,0,0,0,0,0,13,15,0.0,0.0,0.0,0.0,1.0,0.0,0.2,35,255,1.0,0.0,0.03,0.03,0.0,0.0,0.0,0.0,0,56280.0
0,1,26,5,0,0,0,0,0,0,0,0,0,0,0,0,0,0,0,0,0,0,105,19,1.0,1.0,0.0,0.0,0.18,0.06,0.0,255,20,0.08,0.07,0.0,0.0,1.0,1.0,0.0,0.0,1,38508.0
0,1,44,5,0,0,0,0,0,0,0,0,0,0,0,0,0,0,0,0,0,0,191,1,1.0,1.0,0.0,0.0,0.01,0.06,0.0,255,1,0.0,0.09,0.0,0.0,1.0,1.0,0.0,0.0,1,91754.0
0,1,22,9,237,484,0,0,0,0,0,1,0,0,0,0,0,0,0,0,0,0,19,33,0.0,0.0,0.0,0.0,1.0,0.0,0.09,255,255,1.0,0.0,0.0,0.0,0.0,0.0,0.0,0.0,0,31291.0
0,1,29,5,0,0,0,0,0,0,0,0,0,0,0,0,0,0,0,0,0,0,242,15,1.0,1.0,0.0,0.0,0.06,0.07,0.0,255,15,0.06,0.07,0.0,0.0,1.0,1.0,0.0,0.0,1,66317.0
12013,1,55,9,91,2396,0,0,0,0,0,1,0,0,0,0,0,0,0,0,0,0,1,1,0.0,0.0,0.0,0.0,1.0,0.0,0.0,255,46,0.18,0.02,0.0,0.0,0.23,0.33,0.0,0.0,0,23432.0
0,0,14,9,1032,0,0,0,0,0,0,0,0,0,0,0,0,0,0,0,0,0,511,511,0.0,0.0,0.0,0.0,1.0,0.0,0.0,255,94,0.37,0.1,0.37,0.0,0.0,0.0,0.0,0.0,1,57922.0
0,1,22,9,283,2612,0,0,0,0,0,1,0,0,0,0,0,0,0,0,0,0,6,6,0.0,0.0,0.0,0.0,1.0,0.0,0.0,255,255,1.0,0.0,0.0,0.0,0.0,0.0,0.0,0.0,0,70494.0
0,1,4,5,0,0,0,0,0,0,0,0,0,0,0,0,0,0,0,0,0,0,253,8,1.0,1.0,0.0,0.0,0.03,0.06,0.0,255,8,0.03,0.05,0.0,0.0,1.0,1.0,0.0,0.0,1,9650.0
0,1,44,5,0,0,0,0,0,0,0,0,0,0,0,0,0,0,0,0,0,0,228,8,1.0,1.0,0.0,0.0,0.04,0.06,0.0,255,6,0.02,0.06,0.0,0.0,1.0,1.0,0.0,0.0,1,83932.0
0,1,22,9,335,870,0,0,0,0,0,1,0,0,0,0,0,0,0,0,0,0,23,23,0.0,0.0,0.0,0.0,1.0,0.0,0.0,255,255,1.0,0.0,0.0,0.0,0.0,0.0,0.0,0.0,0,64790.0
0,1,22,9,318,428,0,0,0,0,0,1,0,0,0,0,0,0,0,0,0,0,2,3,0.0,0.0,0.0,0.0,1.0,0.0,0.67,51,255,1.0,0.0,0.02,0.05,0.0,0.0,0.0,0.0,0,88870.0
0,2,11,9,43,128,0,0,0,0,0,0,0,0,0,0,0,0,0,0,0,0,71,151,0.0,0.0,0.0,0.0,1.0,0.0,0.01,255,234,0.92,0.01,0.0,0.0,0.0,0.0,0.0,0.0,0,108289.0
0,1,10,5,0,0,0,0,0,0,0,0,0,0,0,0,0,0,0,0,0,0,235,3,1.0,1.0,0.0,0.0,0.01,0.07,0.0,255,3,0.01,0.07,0.0,0.0,1.0,1.0,0.0,0.0,1,39779.0
0,1,44,5,0,0,0,0,0,0,0,0,0,0,0,0,0,0,0,0,0,0,105,13,1.0,1.0,0.0,0.0,0.12,0.06,0.0,255,14,0.05,0.08,0.0,0.0,1.0,1.0,0.0,0.0,1,120920.0
0,1,25,5,0,0,0,0,0,0,0,0,0,0,0,0,0,0,0,0,0,0,236,1,1.0,1.0,0.0,0.0,0.0,0.06,0.0,255,1,0.0,0.07,0.0,0.0,1.0,1.0,0.0,0.0,1,81748.0
1,1,49,9,839,332,0,0,0,0,0,1,0,0,0,0,0,0,0,0,0,0,1,4,0.0,0.0,0.0,0.0,1.0,0.0,1.0,135,121,0.54,0.04,0.01,0.02,0.0,0.0,0.0,0.0,0,103575.0
0,1,22,9,197,27919,0,0,0,0,0,1,0,0,0,0,0,0,0,0,0,0,7,7,0.0,0.0,0.0,0.0,1.0,0.0,0.0,164,255,1.0,0.0,0.01,0.02,0.0,0.0,0.01,0.0,0,23929.0
0,1,40,1,0,0,0,0,0,0,0,0,0,0,0,0,0,0,0,0,0,0,511,1,0.14,0.0,0.86,1.0,0.0,1.0,0.0,255,1,0.0,1.0,0.0,0.0,0.27,0.0,0.73,1.0,1,65674.0
0,1,44,1,0,0,0,0,0,0,0,0,0,0,0,0,0,0,0,0,0,0,120,19,0.0,0.0,1.0,1.0,0.16,0.07,0.0,255,19,0.07,0.08,0.0,0.0,0.0,0.0,1.0,1.0,1,32053.0
0,1,19,9,3888,0,0,0,0,0,0,1,0,0,0,0,0,0,0,0,0,0,11,11,0.0,0.0,0.0,0.0,1.0,0.0,0.0,44,105,0.7,0.09,0.7,0.02,0.0,0.01,0.0,0.0,0,10681.0
0,1,22,5,0,0,0,0,0,0,0,0,0,0,0,0,0,0,0,0,0,0,2,2,0.5,0.5,0.0,0.0,1.0,0.0,0.0,13,255,1.0,0.0,0.15,0.04,0.08,0.01,0.0,0.0,0,124398.0
0,1,19,5,0,0,0,0,0,0,0,0,0,0,0,0,0,0,0,0,0,0,42,13,0.98,1.0,0.02,0.0,0.31,0.1,0.0,255,4,0.02,0.07,0.01,0.0,1.0,1.0,0.0,0.0,1,76446.0
0,1,26,1,0,0,0,0,0,0,0,0,0,0,0,0,0,0,0,0,0,0,105,14,0.0,0.0,1.0,1.0,0.13,0.07,0.0,255,14,0.05,0.06,0.0,0.0,0.0,0.0,1.0,1.0,1,105567.0
0,1,5,5,0,0,0,0,0,0,0,0,0,0,0,0,0,0,0,0,0,0,124,12,1.0,1.0,0.0,0.0,0.1,0.06,0.0,255,12,0.05,0.05,0.0,0.0,1.0,1.0,0.0,0.0,1,75395.0
0,1,52,2,0,0,0,0,0,0,0,0,0,0,0,0,0,0,0,0,0,0,295,18,0.0,0.0,1.0,1.0,0.06,0.05,0.0,255,18,0.07,0.06,0.0,0.0,0.0,0.0,1.0,1.0,1,108718.0
0,1,22,9,221,484,0,0,0,0,0,1,0,0,0,0,0,0,0,0,0,0,1,1,0.0,0.0,0.0,0.0,1.0,0.0,0.0,255,255,1.0,0.0,0.0,0.0,0.0,0.0,0.0,0.0,0,75394.0
0,2,11,9,46,149,0,0,0,0,0,0,0,0,0,0,0,0,0,0,0,0,64,144,0.0,0.0,0.0,0.0,1.0,0.0,0.01,255,234,0.92,0.01,0.0,0.0,0.0,0.0,0.0,0.0,0,106116.0
0,1,22,9,221,1384,0,0,0,0,0,1,0,0,0,0,0,0,0,0,0,0,3,3,0.0,0.0,0.0,0.0,1.0,0.0,0.0,59,255,1.0,0.0,0.02,0.02,0.0,0.0,0.0,0.0,0,55552.0
0,1,22,1,0,0,0,0,0,0,0,0,0,0,0,0,0,0,0,0,0,0,1,3,0.0,0.0,1.0,1.0,1.0,0.0,1.0,13,255,1.0,0.0,0.08,0.13,0.0,0.0,1.0,1.0,0,119319.0
0,2,11,9,44,71,0,0,0,0,0,0,0,0,0,0,0,0,0,0,0,0,273,272,0.0,0.0,0.0,0.0,1.0,0.01,0.0,255,254,1.0,0.01,0.0,0.0,0.0,0.0,0.0,0.0,0,4951.0
0,1,22,9,180,19488,0,0,0,0,0,1,0,0,0,0,0,0,0,0,0,0,9,9,0.0,0.0,0.0,0.0,1.0,0.0,0.0,255,255,1.0,0.0,0.01,0.0,0.0,0.0,0.0,0.0,0,33541.0
0,0,13,9,8,0,0,0,0,0,0,0,0,0,0,0,0,0,0,0,0,0,1,37,0.0,0.0,0.0,0.0,1.0,0.0,1.0,1,95,1.0,0.0,1.0,0.51,0.0,0.0,0.0,0.0,1,102446.0
111,2,11,9,95,37,0,0,0,0,0,0,0,0,0,0,0,0,0,0,0,0,2,1,0.0,0.0,0.0,0.0,0.5,1.0,0.0,62,44,0.71,0.05,0.65,0.0,0.0,0.0,0.0,0.0,0,32161.0
11,1,55,9,0,15,0,0,0,0,0,0,0,0,0,0,0,0,0,0,0,0,1,1,0.0,0.0,0.0,0.0,1.0,0.0,0.0,225,1,0.0,0.02,0.0,0.0,0.0,0.0,0.0,0.0,0,95040.0
0,1,22,9,219,351,0,0,0,0,0,1,0,0,0,0,0,0,0,0,0,0,2,2,0.0,0.0,0.0,0.0,1.0,0.0,0.0,255,255,1.0,0.0,0.0,0.0,0.0,0.0,0.0,0.0,0,75950.0
0,1,22,1,0,0,0,0,0,0,0,0,0,0,0,0,0,0,0,0,0,0,1,1,0.0,0.0,1.0,1.0,1.0,0.0,0.0,69,69,1.0,0.0,0.01,0.0,0.01,0.01,0.57,0.57,0,15254.0
0,1,49,9,777,332,0,0,0,0,0,1,0,0,0,0,0,0,0,0,0,0,1,1,0.0,0.0,0.0,0.0,1.0,0.0,0.0,100,160,0.79,0.04,0.01,0.01,0.0,0.0,0.0,0.0,0,121611.0
0,1,55,5,0,0,0,0,0,0,0,0,0,0,0,0,0,0,0,0,0,0,264,6,1.0,1.0,0.0,0.0,0.02,0.06,0.0,255,6,0.02,0.07,0.0,0.0,1.0,1.0,0.0,0.0,1,75404.0
0,2,11,9,46,134,0,0,0,0,0,0,0,0,0,0,0,0,0,0,0,0,170,236,0.0,0.0,0.0,0.0,0.99,0.01,0.01,255,238,0.93,0.02,0.0,0.0,0.0,0.0,0.0,0.0,0,62074.0
0,1,8,5,0,0,0,0,0,0,0,0,0,0,0,0,0,0,0,0,0,0,254,20,1.0,1.0,0.0,0.0,0.08,0.05,0.0,255,20,0.08,0.05,0.0,0.0,1.0,1.0,0.0,0.0,1,101584.0
0,1,21,5,0,0,0,0,0,0,0,0,0,0,0,0,0,0,0,0,0,0,277,11,1.0,1.0,0.0,0.0,0.04,0.06,0.0,255,11,0.04,0.07,0.0,0.0,1.0,1.0,0.0,0.0,1,124991.0
0,1,6,5,0,0,0,0,0,0,0,0,0,0,0,0,0,0,0,0,0,0,281,3,1.0,1.0,0.0,0.0,0.01,0.06,0.0,255,1,0.0,0.07,0.0,0.0,1.0,1.0,0.0,0.0,1,48525.0
0,1,22,9,233,575,0,0,0,0,0,1,0,0,0,0,0,0,0,0,0,0,5,6,0.0,0.0,0.0,0.0,1.0,0.0,0.33,255,255,1.0,0.0,0.0,0.0,0.0,0.0,0.0,0.0,0,53992.0
0,1,44,5,0,0,0,0,0,0,0,0,0,0,0,0,0,0,0,0,0,0,207,2,1.0,1.0,0.0,0.0,0.01,0.05,0.0,255,2,0.01,0.05,0.0,0.0,1.0,1.0,0.0,0.0,1,19906.0
0,1,25,1,0,0,0,0,0,0,0,0,0,0,0,0,0,0,0,0,0,0,228,13,0.0,0.0,1.0,1.0,0.06,0.07,0.0,255,13,0.05,0.08,0.0,0.0,0.0,0.0,1.0,1.0,1,112270.0
0,1,22,9,201,3720,0,0,0,0,0,1,0,0,0,0,0,0,0,0,0,0,5,6,0.0,0.0,0.0,0.0,1.0,0.0,0.33,5,255,1.0,0.0,0.2,0.03,0.0,0.0,0.0,0.0,0,67476.0
3,1,49,9,93028,328,0,0,0,0,0,1,0,0,0,0,0,0,0,0,0,0,1,3,0.0,0.0,0.0,0.0,1.0,0.0,1.0,7,3,0.43,0.29,0.14,0.0,0.0,0.0,0.0,0.0,0,111804.0
0,1,37,5,0,0,0,0,0,0,0,0,0,0,0,0,0,0,0,0,0,0,113,1,1.0,1.0,0.0,0.0,0.01,0.06,0.0,255,19,0.07,0.07,0.0,0.0,1.0,1.0,0.0,0.0,1,96957.0
0,1,44,5,0,0,0,0,0,0,0,0,0,0,0,0,0,0,0,0,0,0,171,18,1.0,1.0,0.0,0.0,0.11,0.06,0.0,255,3,0.01,0.07,0.0,0.0,1.0,1.0,0.0,0.0,1,56665.0
7990,1,0,4,1990,10146,0,0,0,0,0,0,0,0,0,0,0,0,0,0,0,0,1,1,0.0,0.0,1.0,1.0,1.0,0.0,0.0,1,1,1.0,0.0,1.0,0.0,0.0,0.0,1.0,1.0,0,64543.0
0,1,59,5,0,0,0,0,0,0,0,0,0,0,0,0,0,0,0,0,0,0,130,19,1.0,1.0,0.0,0.0,0.15,0.05,0.0,255,19,0.07,0.06,0.0,0.0,1.0,1.0,0.0,0.0,1,36393.0
2,1,49,9,1414,335,0,0,0,0,0,1,0,0,0,0,0,0,0,0,0,0,1,1,0.0,0.0,0.0,0.0,1.0,0.0,0.0,110,140,0.55,0.02,0.01,0.01,0.0,0.0,0.0,0.0,0,62438.0
0,1,15,5,0,0,0,0,0,0,0,0,0,0,0,0,0,0,0,0,0,0,146,24,1.0,1.0,0.0,0.0,0.16,0.05,0.0,255,24,0.09,0.05,0.0,0.0,1.0,1.0,0.0,0.0,1,123970.0
0,1,22,9,338,1179,0,0,0,0,0,1,0,0,0,0,0,0,0,0,0,0,2,2,0.0,0.0,0.0,0.0,1.0,0.0,0.0,2,255,1.0,0.0,0.5,0.04,0.0,0.0,0.0,0.0,0,2080.0
0,1,42,9,35,130,0,0,0,0,0,1,0,0,0,0,0,0,0,0,0,0,1,1,0.0,0.0,0.0,0.0,1.0,0.0,0.0,130,6,0.03,0.04,0.01,0.33,0.0,0.0,0.0,0.0,0,74122.0
0,1,22,1,0,0,0,0,0,0,0,0,0,0,0,0,0,0,0,0,0,0,1,2,0.0,0.0,1.0,1.0,1.0,0.0,1.0,73,255,1.0,0.0,0.01,0.15,0.0,0.01,1.0,0.99,0,44719.0
0,2,11,9,46,46,0,0,0,0,0,0,0,0,0,0,0,0,0,0,0,0,10,18,0.0,0.0,0.0,0.0,1.0,0.0,0.22,138,134,0.97,0.01,0.01,0.0,0.0,0.0,0.0,0.0,0,34487.0
0,1,6,1,0,0,0,0,0,0,0,0,0,0,0,0,0,0,0,0,0,0,236,18,0.0,0.0,1.0,1.0,0.08,0.06,0.0,255,18,0.07,0.07,0.0,0.0,0.0,0.0,1.0,1.0,1,9211.0
0,1,22,9,317,2276,0,0,0,0,0,1,0,0,0,0,0,0,0,0,0,0,10,23,0.0,0.0,0.0,0.0,1.0,0.0,0.09,203,255,1.0,0.0,0.0,0.01,0.0,0.01,0.0,0.0,0,92105.0
1,1,49,9,925,335,0,0,0,0,0,1,0,0,0,0,0,0,0,0,0,0,1,2,0.0,0.0,0.0,0.0,1.0,0.0,1.0,106,184,0.75,0.04,0.01,0.01,0.0,0.0,0.0,0.0,0,114385.0
0,1,22,9,217,273,0,0,0,0,0,1,0,0,0,0,0,0,0,0,0,0,7,20,0.29,0.25,0.0,0.0,1.0,0.0,0.2,15,255,1.0,0.0,0.07,0.05,0.07,0.0,0.0,0.05,0,44616.0
0,2,11,9,44,86,0,0,0,0,0,0,0,0,0,0,0,0,0,0,0,0,241,245,0.0,0.0,0.0,0.0,1.0,0.0,0.01,255,219,0.86,0.01,0.0,0.0,0.0,0.0,0.0,0.0,0,70806.0
0,1,22,1,0,0,0,0,0,0,0,0,0,0,0,0,0,0,0,0,0,0,259,7,0.0,0.0,1.0,1.0,0.03,0.07,0.0,255,7,0.03,0.07,0.0,0.0,0.0,0.0,1.0,1.0,1,43703.0
0,1,22,9,222,4945,0,0,0,0,0,1,0,0,0,0,0,0,0,0,0,0,6,11,0.0,0.0,0.0,0.0,1.0,0.0,0.27,19,255,1.0,0.0,0.05,0.01,0.0,0.0,0.05,0.01,0,8498.0
1,1,49,9,1315,331,0,0,0,0,0,1,0,0,0,0,0,0,0,0,0,0,1,2,0.0,0.0,0.0,0.0,1.0,0.0,1.0,255,135,0.53,0.04,0.0,0.0,0.0,0.0,0.0,0.0,0,62619.0
0,1,44,5,0,0,0,0,0,0,0,0,0,0,0,0,0,0,0,0,0,0,94,5,1.0,1.0,0.0,0.0,0.05,0.06,0.0,255,20,0.08,0.07,0.0,0.0,1.0,1.0,0.0,0.0,1,74434.0
0,1,17,5,0,0,0,0,0,0,0,0,0,0,0,0,0,0,0,0,0,0,75,19,1.0,1.0,0.0,0.0,0.25,0.05,0.0,255,61,0.24,0.02,0.01,0.0,1.0,1.0,0.0,0.0,1,105793.0
0,1,22,9,230,346,0,0,0,0,0,1,0,0,0,0,0,0,0,0,0,0,4,4,0.0,0.0,0.0,0.0,1.0,0.0,0.0,95,255,1.0,0.0,0.01,0.03,0.0,0.0,0.0,0.0,0,93298.0
0,1,38,5,0,0,0,0,0,0,0,0,0,0,0,0,0,0,0,0,0,0,145,7,1.0,1.0,0.0,0.0,0.05,0.06,0.0,255,7,0.03,0.06,0.0,0.0,1.0,1.0,0.0,0.0,1,28312.0
0,1,44,1,0,0,0,0,0,0,0,0,0,0,0,0,0,0,0,0,0,0,225,6,0.0,0.0,1.0,1.0,0.03,0.07,0.0,255,6,0.02,0.07,0.0,0.0,0.0,0.0,1.0,1.0,1,5352.0
0,1,22,9,201,458,0,0,0,0,0,1,0,0,0,0,0,0,0,0,0,0,35,37,0.0,0.0,0.0,0.0,1.0,0.0,0.08,103,215,1.0,0.0,0.01,0.03,0.0,0.0,0.0,0.0,0,23696.0
1,1,49,9,834,330,0,0,0,0,0,1,0,0,0,0,0,0,0,0,0,0,1,3,0.0,0.0,0.0,0.0,1.0,0.0,1.0,28,93,0.68,0.18,0.04,0.02,0.0,0.0,0.0,0.0,0,48571.0
0,1,49,9,637,326,0,0,0,0,0,1,0,0,0,0,0,0,0,0,0,0,1,1,0.0,0.0,0.0,0.0,1.0,0.0,0.0,38,42,0.84,0.13,0.03,0.05,0.0,0.0,0.0,0.0,0,69966.0
0,1,19,9,740,0,0,0,0,0,0,1,0,0,0,9,0,0,0,0,0,0,1,1,0.0,0.0,0.0,0.0,1.0,0.0,0.0,36,85,0.89,0.06,0.89,0.04,0.0,0.0,0.0,0.0,0,2661.0
0,1,30,5,0,0,0,0,0,0,0,0,0,0,0,0,0,0,0,0,0,0,134,19,1.0,1.0,0.0,0.0,0.14,0.07,0.0,255,2,0.01,0.07,0.0,0.0,1.0,1.0,0.0,0.0,1,1738.0
0,1,22,9,458,5946,0,0,0,0,0,1,0,0,0,0,0,0,0,0,0,0,6,7,0.0,0.0,0.0,0.0,1.0,0.0,0.29,188,255,1.0,0.0,0.01,0.01,0.0,0.0,0.0,0.0,0,123220.0
0,1,22,9,334,736,0,0,0,0,0,1,0,0,0,0,0,0,0,0,0,0,4,7,0.0,0.0,0.0,0.0,1.0,0.0,0.29,75,255,1.0,0.0,0.01,0.02,0.0,0.0,0.0,0.0,0,89575.0
0,1,22,9,325,3941,0,0,0,0,0,1,0,0,0,0,0,0,0,0,0,0,4,4,0.25,0.25,0.0,0.0,1.0,0.0,0.0,255,255,1.0,0.0,0.0,0.0,0.0,0.0,0.0,0.0,0,1006.0
0,1,22,1,0,0,0,0,0,0,0,0,0,0,0,0,0,0,0,0,0,0,1,1,0.0,0.0,1.0,1.0,1.0,0.0,0.0,32,255,1.0,0.0,0.03,0.09,0.0,0.0,1.0,0.67,0,87288.0
0,1,22,5,0,0,0,0,0,0,0,0,0,0,0,0,0,0,0,0,0,0,1,2,1.0,0.5,0.0,0.5,1.0,0.0,1.0,6,125,1.0,0.0,0.17,0.16,1.0,0.05,0.0,0.95,0,62659.0
0,1,19,9,172,0,0,0,0,0,0,0,0,0,0,0,0,0,0,0,0,0,1,1,0.0,0.0,0.0,0.0,1.0,0.0,0.0,155,39,0.25,0.03,0.25,0.0,0.0,0.0,0.0,0.0,0,89949.0
0,1,22,9,225,3265,0,0,0,0,0,1,0,0,0,0,0,0,0,0,0,0,12,12,0.0,0.0,0.0,0.0,1.0,0.0,0.0,255,255,1.0,0.0,0.0,0.0,0.0,0.0,0.0,0.0,0,114698.0
0,1,49,9,1436,279,0,0,0,0,0,1,0,0,0,0,0,0,0,0,0,0,1,1,0.0,0.0,0.0,0.0,1.0,0.0,0.0,143,120,0.64,0.03,0.01,0.02,0.0,0.0,0.0,0.0,0,93896.0
0,1,22,9,294,3159,0,0,0,0,0,1,0,0,0,0,0,0,0,0,0,0,25,25,0.0,0.0,0.0,0.0,1.0,0.0,0.0,255,255,1.0,0.0,0.0,0.0,0.0,0.0,0.0,0.0,0,59023.0
0,1,44,5,0,0,0,0,0,0,0,0,0,0,0,0,0,0,0,0,0,0,198,5,1.0,1.0,0.0,0.0,0.03,0.08,0.0,255,5,0.02,0.07,0.0,0.0,1.0,1.0,0.0,0.0,1,33607.0
0,1,22,9,199,263,0,0,0,0,0,1,0,0,0,0,0,0,0,0,0,0,28,37,0.0,0.0,0.0,0.0,1.0,0.0,0.08,255,255,1.0,0.0,0.0,0.0,0.0,0.0,0.0,0.0,0,17575.0
0,1,22,9,232,969,0,0,0,0,0,1,0,0,0,0,0,0,0,0,0,0,6,6,0.0,0.0,0.0,0.0,1.0,0.0,0.0,140,255,1.0,0.0,0.01,0.02,0.0,0.0,0.0,0.0,0,47822.0
0,2,11,9,42,42,0,0,0,0,0,0,0,0,0,0,0,0,0,0,0,0,3,5,0.0,0.0,0.0,0.0,1.0,0.0,0.4,255,238,0.93,0.01,0.01,0.0,0.0,0.0,0.0,0.0,0,86167.0
0,2,11,9,45,45,0,0,0,0,0,0,0,0,0,0,0,0,0,0,0,0,108,108,0.0,0.0,0.0,0.0,1.0,0.0,0.0,255,252,0.99,0.01,0.01,0.0,0.0,0.0,0.0,0.0,0,98891.0
0,1,22,9,248,10403,0,0,0,0,0,1,0,0,0,0,0,0,0,0,0,0,6,6,0.0,0.0,0.0,0.0,1.0,0.0,0.0,255,255,1.0,0.0,0.0,0.0,0.0,0.0,0.0,0.0,0,13948.0
18,1,49,9,2883,325,0,0,0,0,0,1,0,0,0,0,0,0,0,0,0,0,1,2,0.0,0.0,0.0,0.0,1.0,0.0,1.0,72,157,0.46,0.04,0.01,0.01,0.0,0.0,0.0,0.0,0,82768.0
0,1,7,5,0,0,0,0,0,0,0,0,0,0,0,0,0,0,0,0,0,0,289,23,1.0,1.0,0.0,0.0,0.08,0.05,0.0,255,23,0.09,0.05,0.0,0.0,1.0,1.0,0.0,0.0,1,22742.0
0,1,22,9,225,3616,0,0,0,0,0,1,0,0,0,0,0,0,0,0,0,0,6,8,0.0,0.0,0.0,0.0,1.0,0.0,0.25,6,182,1.0,0.0,0.17,0.06,0.0,0.01,0.0,0.0,0,118775.0
0,1,44,1,0,0,0,0,0,0,0,0,0,0,0,0,0,0,0,0,0,0,208,1,0.06,0.0,0.88,1.0,0.0,1.0,0.0,255,1,0.0,0.82,0.0,0.0,0.05,0.0,0.72,1.0,1,104568.0
4,1,49,9,590,331,0,0,0,0,0,1,0,0,0,0,0,0,0,0,0,0,3,2,0.0,0.0,0.0,0.0,0.33,0.67,1.0,255,20,0.08,0.6,0.0,0.0,0.0,0.0,0.0,0.0,0,115742.0
4,1,49,9,1019,360,0,0,0,0,0,1,0,0,0,0,0,0,0,0,0,0,1,1,0.0,0.0,0.0,0.0,1.0,0.0,0.0,98,152,0.48,0.04,0.01,0.01,0.0,0.0,0.0,0.0,0,13327.0
0,1,22,9,274,1233,0,0,0,0,0,1,0,0,0,0,0,0,0,0,0,0,35,46,0.0,0.0,0.0,0.0,1.0,0.0,0.13,255,255,1.0,0.0,0.0,0.0,0.0,0.0,0.0,0.0,0,70927.0
0,1,2,5,0,0,0,0,0,0,0,0,0,0,0,0,0,0,0,0,0,0,123,20,1.0,1.0,0.0,0.0,0.16,0.06,0.0,255,17,0.07,0.08,0.0,0.0,1.0,1.0,0.0,0.0,1,87175.0
0,0,14,9,1032,0,0,0,0,0,0,0,0,0,0,0,0,0,0,0,0,0,511,511,0.0,0.0,0.0,0.0,1.0,0.0,0.0,255,186,0.73,0.03,0.73,0.0,0.0,0.0,0.0,0.0,1,37442.0
0,1,44,5,0,0,0,0,0,0,0,0,0,0,0,0,0,0,0,0,0,0,138,15,0.94,1.0,0.0,0.0,0.11,0.06,0.0,255,14,0.05,0.07,0.0,0.0,1.0,1.0,0.0,0.0,1,59211.0
0,1,22,9,336,2431,0,0,0,0,0,1,0,0,0,0,0,0,0,0,0,0,2,2,0.0,0.0,0.0,0.0,1.0,0.0,0.0,114,255,1.0,0.0,0.01,0.02,0.0,0.0,0.0,0.0,0,86686.0
0,1,16,5,0,0,0,0,0,0,0,0,0,0,0,0,0,0,0,0,0,0,115,20,1.0,1.0,0.0,0.0,0.17,0.04,0.0,255,20,0.08,0.04,0.0,0.0,1.0,1.0,0.0,0.0,1,102924.0
0,1,20,5,0,0,0,0,0,0,0,0,0,0,0,0,0,0,0,0,0,0,131,19,1.0,1.0,0.0,0.0,0.15,0.05,0.0,255,12,0.05,0.06,0.0,0.0,1.0,1.0,0.0,0.0,1,40738.0
0,1,22,9,224,788,0,0,0,0,0,1,0,0,0,0,0,0,0,0,0,0,5,5,0.0,0.0,0.0,0.0,1.0,0.0,0.0,255,255,1.0,0.0,0.0,0.0,0.0,0.0,0.0,0.0,0,44972.0
0,1,36,5,0,0,0,0,0,0,0,0,0,0,0,0,0,0,0,0,0,0,276,5,1.0,1.0,0.0,0.0,0.02,0.06,0.0,255,6,0.02,0.07,0.0,0.0,1.0,1.0,0.0,0.0,1,122749.0
0,1,55,5,0,0,0,0,0,0,0,0,0,0,0,0,0,0,0,0,0,0,65,10,1.0,1.0,0.0,0.0,0.15,0.09,0.0,255,10,0.04,0.07,0.0,0.0,1.0,1.0,0.0,0.0,1,103814.0
0,1,22,9,191,3302,0,0,0,0,0,1,0,0,0,0,0,0,0,0,0,0,4,4,0.0,0.0,0.0,0.0,1.0,0.0,0.0,166,255,1.0,0.0,0.01,0.01,0.0,0.0,0.01,0.0,0,60255.0
38214,1,44,4,1,0,0,0,0,0,0,0,0,0,0,0,0,0,0,0,0,0,2,2,0.0,0.0,1.0,1.0,1.0,0.0,0.0,255,2,0.01,0.51,1.0,0.0,0.0,0.0,1.0,1.0,1,24946.0
0,1,22,9,239,8412,0,0,0,0,0,1,0,0,0,0,0,0,0,0,0,0,15,15,0.0,0.0,0.0,0.0,1.0,0.0,0.0,255,255,1.0,0.0,0.0,0.0,0.0,0.0,0.0,0.0,0,74774.0
0,1,22,9,225,1384,0,0,0,0,0,1,0,0,0,0,0,0,0,0,0,0,2,5,0.0,0.0,0.0,0.0,1.0,0.0,0.4,47,231,1.0,0.0,0.02,0.04,0.0,0.0,0.0,0.0,0,83156.0
0,0,14,9,1032,0,0,0,0,0,0,0,0,0,0,0,0,0,0,0,0,0,397,397,0.0,0.0,0.0,0.0,1.0,0.0,0.0,255,196,0.77,0.02,0.77,0.0,0.0,0.0,0.17,0.0,1,26466.0
0,1,22,9,147,10506,0,0,0,0,0,1,0,0,0,0,0,0,0,0,0,0,3,20,0.0,0.0,0.0,0.0,1.0,0.0,0.2,17,253,1.0,0.0,0.06,0.14,0.0,0.0,0.82,0.62,0,50451.0
1,1,17,9,6,32,0,0,0,0,0,0,0,0,0,0,0,0,0,0,0,0,4,4,0.0,0.0,0.0,0.0,0.75,0.5,0.5,255,3,0.01,0.31,0.0,0.0,0.0,0.0,0.13,0.0,1,76229.0
0,1,44,5,0,0,0,0,0,0,0,0,0,0,0,0,0,0,0,0,0,0,213,8,1.0,1.0,0.0,0.0,0.04,0.06,0.0,255,6,0.02,0.07,0.0,0.0,1.0,1.0,0.0,0.0,1,24025.0
0,1,22,9,334,280,0,0,0,0,0,1,0,0,0,0,0,0,0,0,0,0,6,6,0.0,0.0,0.0,0.0,1.0,0.0,0.0,174,255,1.0,0.0,0.01,0.02,0.01,0.0,0.01,0.01,0,37753.0
0,1,22,9,240,2279,0,0,0,0,0,1,0,0,0,0,0,0,0,0,0,0,18,18,0.0,0.0,0.0,0.0,1.0,0.0,0.0,18,255,1.0,0.0,0.06,0.07,0.0,0.02,0.0,0.0,0,40758.0
0,1,44,1,0,0,0,0,0,0,0,0,0,0,0,0,0,0,0,0,0,0,119,19,0.0,0.0,1.0,1.0,0.16,0.06,0.0,255,19,0.07,0.05,0.0,0.0,0.0,0.0,1.0,1.0,1,60543.0
0,2,40,9,516,4,0,0,0,0,0,0,0,0,0,0,0,0,0,0,0,0,276,276,0.0,0.0,0.0,0.0,1.0,0.0,0.0,255,255,1.0,0.0,1.0,0.0,0.0,0.0,0.0,0.0,0,30013.0
0,1,22,9,223,616,0,0,0,0,0,1,0,0,0,0,0,0,0,0,0,0,14,14,0.0,0.0,0.0,0.0,1.0,0.0,0.0,255,255,1.0,0.0,0.0,0.0,0.0,0.0,0.0,0.0,0,98451.0
1,1,55,9,24,36,0,0,0,0,0,0,0,0,0,0,0,0,0,0,0,0,1,1,0.0,0.0,0.0,0.0,1.0,0.0,0.0,37,1,0.03,0.11,0.03,0.0,0.0,0.0,0.0,0.0,0,119860.0
0,1,22,9,250,608,0,0,0,0,0,1,0,0,0,0,0,0,0,0,0,0,11,11,0.0,0.0,0.0,0.0,1.0,0.0,0.0,255,255,1.0,0.0,0.0,0.0,0.0,0.0,0.0,0.0,0,70734.0
0,1,22,9,288,4792,0,0,0,0,0,1,0,0,0,0,0,0,0,0,0,0,12,12,0.0,0.0,0.0,0.0,1.0,0.0,0.0,52,255,1.0,0.0,0.02,0.02,0.0,0.0,0.0,0.0,0,48317.0
0,1,22,9,213,18282,0,0,0,0,0,1,0,0,0,0,0,0,0,0,0,0,1,2,0.0,0.0,0.0,0.0,1.0,0.0,1.0,1,1,1.0,0.0,1.0,0.0,0.0,0.0,0.0,0.0,0,52202.0
0,0,13,9,8,0,0,0,0,0,0,0,0,0,0,0,0,0,0,0,0,0,1,38,0.0,0.0,0.0,0.0,1.0,0.0,1.0,3,191,1.0,0.0,1.0,0.25,0.0,0.0,0.0,0.0,1,75042.0
0,1,44,0,0,0,0,0,0,0,0,0,0,0,0,0,0,0,0,0,0,0,1,1,0.0,0.0,0.0,0.0,1.0,0.0,0.0,223,1,0.0,0.27,0.25,0.0,0.0,0.0,0.25,0.0,1,37253.0
0,1,19,9,383,0,0,0,0,0,0,1,0,0,0,0,0,0,0,0,0,0,3,3,0.0,0.0,0.0,0.0,0.67,0.67,0.67,18,70,0.17,0.22,0.17,0.03,0.0,0.01,0.0,0.0,0,45633.0
0,1,49,9,1848,333,0,0,0,0,0,1,0,0,0,0,0,0,0,0,0,0,1,3,0.0,0.0,0.0,0.0,1.0,0.0,1.0,135,120,0.47,0.04,0.01,0.02,0.01,0.0,0.0,0.0,0,32564.0
12,1,19,9,7045,0,0,0,0,0,0,1,0,0,0,0,0,0,0,0,0,0,2,2,0.0,0.0,0.0,0.0,1.0,0.0,0.0,2,14,1.0,0.0,1.0,0.29,0.0,0.0,0.0,0.0,1,43062.0
0,1,44,5,0,0,0,0,0,0,0,0,0,0,0,0,0,0,0,0,0,0,254,2,1.0,1.0,0.0,0.0,0.01,0.07,0.0,255,4,0.02,0.07,0.0,0.0,1.0,1.0,0.0,0.0,1,111062.0
0,1,22,9,226,1537,0,0,0,0,0,1,0,0,0,0,0,0,0,0,0,0,15,17,0.0,0.0,0.0,0.0,1.0,0.0,0.12,65,255,1.0,0.0,0.02,0.03,0.0,0.0,0.0,0.0,0,62713.0
0,1,3,5,0,0,0,0,0,0,0,0,0,0,0,0,0,0,0,0,0,0,205,2,1.0,1.0,0.0,0.0,0.01,0.06,0.0,255,2,0.01,0.07,0.0,0.0,1.0,1.0,0.0,0.0,1,70244.0
0,1,22,9,322,4320,0,0,0,0,0,1,0,0,0,0,0,0,0,0,0,0,3,3,0.0,0.0,0.0,0.0,1.0,0.0,0.0,3,255,1.0,0.0,0.33,0.03,0.0,0.0,0.0,0.0,0,57013.0
0,1,22,5,0,0,0,0,0,0,0,0,0,0,0,0,0,0,0,0,0,0,211,11,1.0,1.0,0.0,0.0,0.05,0.06,0.0,255,17,0.07,0.08,0.0,0.0,1.0,1.0,0.0,0.0,1,40901.0
0,1,25,5,0,0,0,0,0,0,0,0,0,0,0,0,0,0,0,0,0,0,212,12,1.0,1.0,0.0,0.0,0.06,0.05,0.0,255,12,0.05,0.06,0.0,0.0,1.0,1.0,0.0,0.0,1,33881.0
0,1,22,5,0,0,0,0,0,0,0,0,0,0,0,0,0,0,0,0,0,0,204,19,1.0,0.11,0.0,0.0,0.01,0.07,0.16,255,2,0.01,0.08,0.0,0.0,1.0,1.0,0.0,0.0,1,33900.0
0,1,22,9,155,4654,0,0,0,0,0,1,0,0,0,0,0,0,0,0,0,0,1,1,0.0,0.0,0.0,0.0,1.0,0.0,0.0,4,255,1.0,0.0,0.25,0.07,0.0,0.01,0.0,0.0,0,114269.0
8625,1,0,4,1788,9968,0,0,0,0,0,0,0,0,0,0,0,0,0,0,0,0,1,1,0.0,0.0,1.0,1.0,1.0,0.0,0.0,23,6,0.26,0.13,0.04,0.0,0.0,0.0,0.26,1.0,0,1460.0
0,1,19,5,0,0,0,0,0,0,0,0,0,0,0,0,0,0,0,0,0,0,32,16,1.0,1.0,0.0,0.0,0.5,0.06,0.0,255,60,0.24,0.02,0.0,0.0,1.0,1.0,0.0,0.0,1,31015.0
0,1,50,5,0,0,0,0,0,0,0,0,0,0,0,0,0,0,0,0,0,0,227,20,1.0,1.0,0.0,0.0,0.09,0.06,0.0,255,14,0.05,0.07,0.0,0.0,1.0,1.0,0.0,0.0,1,31514.0
0,1,49,9,942,332,0,0,0,0,0,1,0,0,0,0,0,0,0,0,0,0,2,2,0.0,0.0,0.0,0.0,1.0,0.0,0.0,207,117,0.44,0.03,0.0,0.02,0.0,0.0,0.0,0.0,0,84759.0
0,1,19,5,0,0,0,0,0,0,0,0,0,0,0,0,0,0,0,0,0,0,41,9,1.0,1.0,0.0,0.0,0.22,0.1,0.0,255,49,0.19,0.05,0.02,0.0,1.0,1.0,0.0,0.0,1,107442.0
0,1,18,9,1195,2449,0,0,0,28,0,1,0,0,0,0,0,0,0,0,0,1,1,1,0.0,0.0,0.0,0.0,1.0,0.0,0.0,116,14,0.12,0.05,0.01,0.0,0.02,0.0,0.07,0.0,1,1060.0
0,1,32,5,0,0,0,0,0,0,0,0,0,0,0,0,0,0,0,0,0,0,240,6,1.0,1.0,0.0,0.0,0.03,0.07,0.0,255,6,0.02,0.07,0.0,0.0,1.0,1.0,0.0,0.0,1,112642.0
0,2,11,9,45,115,0,0,0,0,0,0,0,0,0,0,0,0,0,0,0,0,4,7,0.0,0.0,0.0,0.0,1.0,0.0,0.29,255,235,0.92,0.01,0.0,0.0,0.0,0.0,0.0,0.0,0,118724.0
0,1,22,9,200,337,0,0,0,0,0,1,0,0,0,0,0,0,0,0,0,0,17,41,0.0,0.0,0.0,0.0,1.0,0.0,0.07,255,255,1.0,0.0,0.0,0.0,0.0,0.0,0.0,0.0,0,48875.0
0,1,22,9,332,7353,0,0,0,0,0,1,0,0,0,0,0,0,0,0,0,0,9,9,0.0,0.0,0.0,0.0,1.0,0.0,0.0,255,255,1.0,0.0,0.0,0.0,0.0,0.0,0.0,0.0,0,77790.0
0,1,22,9,349,1262,0,0,0,0,0,1,0,0,0,0,0,0,0,0,0,0,6,6,0.0,0.0,0.0,0.0,1.0,0.0,0.0,56,255,1.0,0.0,0.02,0.02,0.0,0.0,0.0,0.0,0,97990.0
0,1,44,5,0,0,0,0,0,0,0,0,0,0,0,0,0,0,0,0,0,0,251,16,1.0,1.0,0.0,0.0,0.06,0.06,0.0,255,20,0.08,0.07,0.0,0.0,1.0,1.0,0.0,0.0,1,65873.0
0,1,44,5,0,0,0,0,0,0,0,0,0,0,0,0,0,0,0,0,0,0,120,5,1.0,1.0,0.0,0.0,0.04,0.06,0.0,255,13,0.05,0.09,0.0,0.0,1.0,1.0,0.0,0.0,1,60523.0
1,1,49,9,1235,335,0,0,0,0,0,1,0,0,0,0,0,0,0,0,0,0,1,2,0.0,0.0,0.0,0.0,1.0,0.0,1.0,120,90,0.19,0.03,0.01,0.02,0.01,0.01,0.0,0.0,0,77329.0
0,1,44,5,0,0,0,0,0,0,0,0,0,0,0,0,0,0,0,0,0,0,181,2,1.0,1.0,0.0,0.0,0.01,0.07,0.0,255,15,0.06,0.06,0.0,0.0,1.0,1.0,0.0,0.0,1,77586.0
0,1,61,5,0,0,0,0,0,0,0,0,0,0,0,0,0,0,0,0,0,0,117,6,1.0,1.0,0.0,0.0,0.05,0.06,0.0,255,6,0.02,0.05,0.0,0.0,1.0,1.0,0.0,0.0,1,20867.0
0,1,22,9,442,4962,0,0,0,0,0,1,0,0,0,0,0,0,0,0,0,0,10,17,0.0,0.0,0.0,0.0,1.0,0.0,0.18,255,255,1.0,0.0,0.0,0.0,0.0,0.0,0.0,0.0,0,26665.0
0,1,22,9,287,185,0,0,0,0,0,1,0,0,0,0,0,0,0,0,0,0,4,4,0.0,0.0,0.0,0.0,1.0,0.0,0.0,255,255,1.0,0.0,0.0,0.0,0.0,0.0,0.0,0.0,0,99444.0
0,1,44,1,0,0,0,0,0,0,0,0,0,0,0,0,0,0,0,0,0,0,203,8,0.0,0.0,1.0,1.0,0.04,0.06,0.0,255,8,0.03,0.07,0.0,0.0,0.0,0.0,1.0,1.0,1,9998.0
0,1,3,5,0,0,0,0,0,0,0,0,0,0,0,0,0,0,0,0,0,0,136,6,1.0,1.0,0.0,0.0,0.04,0.06,0.0,255,19,0.07,0.07,0.0,0.0,1.0,1.0,0.0,0.0,1,12208.0
0,1,44,5,0,0,0,0,0,0,0,0,0,0,0,0,0,0,0,0,0,0,85,3,1.0,1.0,0.0,0.0,0.04,0.07,0.0,255,19,0.07,0.06,0.0,0.0,1.0,1.0,0.0,0.0,1,78801.0
0,0,58,9,78,0,0,0,0,0,0,0,0,0,0,0,0,0,0,0,0,0,52,7,0.0,0.0,0.0,0.0,0.13,0.04,0.0,224,7,0.03,0.02,0.04,0.0,0.0,0.0,0.0,0.0,0,104088.0
0,1,22,9,261,8412,0,0,0,0,0,1,0,0,0,0,0,0,0,0,0,0,9,9,0.0,0.0,0.0,0.0,1.0,0.0,0.0,255,255,1.0,0.0,0.0,0.0,0.0,0.0,0.0,0.0,0,140.0
0,1,17,5,0,0,0,0,0,0,0,0,0,0,0,0,0,0,0,0,0,0,15,6,1.0,1.0,0.0,0.0,0.4,0.13,0.0,255,57,0.22,0.04,0.0,0.0,1.0,1.0,0.0,0.0,1,54824.0
0,1,19,9,26,0,0,0,0,0,0,0,0,0,0,0,0,0,0,0,0,0,2,2,0.0,0.0,0.0,0.0,1.0,0.0,0.0,233,11,0.03,0.01,0.03,0.18,0.86,0.0,0.0,0.0,0,90475.0
0,1,49,9,1450,333,0,0,0,0,0,1,0,0,0,0,0,0,0,0,0,0,1,1,0.0,0.0,0.0,0.0,1.0,0.0,0.0,70,179,0.83,0.07,0.01,0.01,0.0,0.0,0.0,0.0,0,85933.0
0,1,5,5,0,0,0,0,0,0,0,0,0,0,0,0,0,0,0,0,0,0,125,18,1.0,1.0,0.0,0.0,0.14,0.06,0.0,255,18,0.07,0.07,0.0,0.0,1.0,1.0,0.0,0.0,1,41829.0
0,1,22,9,229,12195,0,0,0,0,0,1,0,0,0,0,0,0,0,0,0,0,1,1,0.0,0.0,0.0,0.0,1.0,0.0,0.0,1,255,1.0,0.0,1.0,0.02,0.0,0.0,0.0,0.0,0,73519.0
0,1,21,5,0,0,0,0,0,0,0,0,0,0,0,0,0,0,0,0,0,0,264,18,1.0,1.0,0.0,0.0,0.07,0.06,0.0,255,18,0.07,0.06,0.0,0.0,1.0,1.0,0.0,0.0,1,16221.0
0,1,44,5,0,0,0,0,0,0,0,0,0,0,0,0,0,0,0,0,0,0,133,1,1.0,1.0,0.0,0.0,0.01,0.06,0.0,255,3,0.01,0.06,0.0,0.0,1.0,1.0,0.0,0.0,1,55555.0
0,1,22,9,214,1032,0,0,0,0,0,1,0,0,0,0,0,0,0,0,0,0,13,13,0.0,0.0,0.0,0.0,1.0,0.0,0.0,13,255,1.0,0.0,0.08,0.02,0.0,0.0,0.0,0.0,0,2553.0
0,1,44,4,0,0,0,0,0,0,0,0,0,0,0,0,0,0,0,0,0,0,1,1,0.0,0.0,1.0,1.0,1.0,0.0,0.0,255,1,0.0,0.55,0.55,0.0,0.0,0.0,0.55,1.0,1,119849.0
0,1,22,9,236,392,0,0,0,0,0,1,0,0,0,0,0,0,0,0,0,0,4,5,0.25,0.2,0.0,0.0,1.0,0.0,0.4,255,255,1.0,0.0,0.0,0.0,0.01,0.01,0.0,0.0,0,49802.0
0,1,22,9,212,485,0,0,0,0,0,1,0,0,0,0,0,0,0,0,0,0,1,2,0.0,0.0,0.0,0.0,1.0,0.0,1.0,255,255,1.0,0.0,0.0,0.0,0.0,0.0,0.0,0.0,0,80798.0
0,1,44,10,0,0,0,0,0,0,0,0,0,0,0,0,0,0,0,0,0,0,1,1,1.0,1.0,0.0,0.0,1.0,0.0,0.0,86,1,0.01,0.88,0.91,0.0,0.91,1.0,0.0,0.0,1,95508.0
0,1,49,9,1493,327,0,0,0,0,0,1,0,0,0,0,0,0,0,0,0,0,1,1,0.0,0.0,0.0,0.0,1.0,0.0,0.0,5,182,0.8,0.4,0.2,0.01,0.0,0.0,0.0,0.0,0,56937.0
0,1,22,9,197,440,0,0,0,0,0,1,0,0,0,0,0,0,0,0,0,0,13,27,0.0,0.0,0.08,0.04,1.0,0.0,0.19,255,255,1.0,0.0,0.0,0.0,0.0,0.0,0.0,0.0,0,55974.0
0,1,44,1,0,0,0,0,0,0,0,0,0,0,0,0,0,0,0,0,0,0,199,3,0.0,0.0,1.0,1.0,0.02,0.07,0.0,255,3,0.01,0.09,0.0,0.0,0.0,0.0,1.0,1.0,1,77341.0
0,2,11,9,45,82,0,0,0,0,0,0,0,0,0,0,0,0,0,0,0,0,206,206,0.0,0.0,0.0,0.0,1.0,0.0,0.0,255,255,1.0,0.0,0.01,0.0,0.0,0.0,0.0,0.0,0,104032.0
0,1,22,9,262,2539,0,0,0,0,0,1,0,0,0,0,0,0,0,0,0,0,3,3,0.0,0.0,0.0,0.0,1.0,0.0,0.0,255,255,1.0,0.0,0.0,0.0,0.0,0.0,0.0,0.0,0,111653.0
0,1,2,5,0,0,0,0,0,0,0,0,0,0,0,0,0,0,0,0,0,0,271,16,1.0,1.0,0.0,0.0,0.06,0.05,0.0,255,16,0.06,0.05,0.0,0.0,1.0,1.0,0.0,0.0,1,96688.0
0,1,22,9,297,2762,0,0,0,0,0,1,0,0,0,0,0,0,0,0,0,0,10,10,0.0,0.0,0.0,0.0,1.0,0.0,0.0,10,255,1.0,0.0,0.1,0.02,0.0,0.0,0.0,0.0,0,9865.0
0,1,22,9,297,392,0,0,0,0,0,1,0,0,0,0,0,0,0,0,0,0,7,10,0.0,0.0,0.0,0.0,1.0,0.0,0.3,255,255,1.0,0.0,0.0,0.0,0.0,0.0,0.0,0.0,0,21586.0
0,1,22,9,303,2022,0,0,0,0,0,1,0,0,0,0,0,0,0,0,0,0,20,20,0.0,0.0,0.0,0.0,1.0,0.0,0.0,255,255,1.0,0.0,0.0,0.0,0.0,0.0,0.0,0.0,0,23451.0
0,1,22,9,313,3222,0,0,0,0,0,1,0,0,0,0,0,0,0,0,0,0,3,4,0.0,0.0,0.0,0.0,1.0,0.0,0.5,255,248,0.97,0.01,0.0,0.0,0.0,0.0,0.0,0.0,0,92812.0
0,1,22,9,326,4656,0,0,0,0,0,1,0,0,0,0,0,0,0,0,0,0,7,8,0.0,0.0,0.0,0.0,1.0,0.0,0.25,7,255,1.0,0.0,0.14,0.02,0.0,0.0,0.0,0.0,0,37678.0
0,1,18,5,0,0,0,0,0,0,0,0,0,0,0,0,0,0,0,0,0,0,45,3,1.0,1.0,0.0,0.0,0.07,0.13,0.0,255,3,0.01,0.09,0.0,0.0,1.0,1.0,0.0,0.0,1,88199.0
0,1,22,9,309,398,0,0,0,0,0,1,0,0,0,0,0,0,0,0,0,0,7,7,0.0,0.0,0.0,0.0,1.0,0.0,0.0,255,255,1.0,0.0,0.0,0.0,0.0,0.0,0.0,0.0,0,18788.0
0,1,49,5,0,0,0,0,0,0,0,0,0,0,0,0,0,0,0,0,0,0,269,20,1.0,1.0,0.0,0.0,0.07,0.06,0.0,255,20,0.08,0.06,0.0,0.0,1.0,1.0,0.0,0.0,1,102873.0
0,1,22,9,262,983,0,0,0,0,0,1,0,0,0,0,0,0,0,0,0,0,3,3,0.0,0.0,0.0,0.0,1.0,0.0,0.0,255,255,1.0,0.0,0.0,0.0,0.0,0.0,0.0,0.0,0,125913.0
0,1,22,9,232,8973,0,0,0,0,0,1,0,0,0,0,0,0,0,0,0,0,5,9,0.0,0.0,0.0,0.0,1.0,0.0,0.22,5,255,1.0,0.0,0.2,0.04,0.0,0.0,0.0,0.0,0,75770.0
0,2,11,9,100,0,0,0,0,0,0,0,0,0,0,0,0,0,0,0,0,0,2,2,0.0,0.0,0.0,0.0,0.5,1.0,1.0,36,36,1.0,0.0,1.0,0.0,0.0,0.0,0.0,0.0,0,85431.0
0,1,3,5,0,0,0,0,0,0,0,0,0,0,0,0,0,0,0,0,0,0,93,1,1.0,1.0,0.0,0.0,0.01,0.08,0.0,255,1,0.0,0.08,0.0,0.0,1.0,1.0,0.0,0.0,1,55112.0
0,0,13,9,8,0,0,0,0,0,0,0,0,0,0,0,0,0,0,0,0,0,1,33,0.0,0.0,0.0,0.0,1.0,0.0,1.0,1,123,1.0,0.0,1.0,0.5,0.0,0.0,0.0,0.0,1,26928.0
1,1,49,9,11647,324,0,0,0,0,0,1,0,0,0,0,0,0,0,0,0,0,1,2,0.0,0.0,0.0,0.0,1.0,0.0,1.0,2,115,1.0,0.0,0.5,0.02,0.0,0.0,0.0,0.0,0,69399.0
0,2,11,9,44,115,0,0,0,0,0,0,0,0,0,0,0,0,0,0,0,0,1,2,0.0,0.0,0.0,0.0,1.0,0.0,1.0,35,33,0.94,0.06,0.03,0.0,0.0,0.0,0.0,0.0,0,83721.0
0,1,22,9,321,182,0,0,0,0,0,1,0,0,0,0,0,0,0,0,0,0,24,24,0.0,0.0,0.0,0.0,1.0,0.0,0.0,164,255,1.0,0.0,0.01,0.01,0.0,0.0,0.07,0.05,0,97904.0
0,1,6,5,0,0,0,0,0,0,0,0,0,0,0,0,0,0,0,0,0,0,200,9,1.0,1.0,0.0,0.0,0.05,0.06,0.0,255,10,0.04,0.08,0.0,0.0,1.0,1.0,0.0,0.0,1,20954.0
8,1,49,9,714,328,0,0,0,0,0,1,0,0,0,0,0,0,0,0,0,0,1,1,0.0,0.0,0.0,0.0,1.0,0.0,0.0,255,154,0.6,0.02,0.0,0.0,0.0,0.0,0.0,0.0,0,121582.0
0,2,11,9,44,147,0,0,0,0,0,0,0,0,0,0,0,0,0,0,0,0,143,209,0.0,0.0,0.0,0.0,0.99,0.01,0.01,255,225,0.88,0.02,0.01,0.0,0.0,0.0,0.0,0.0,0,41401.0
0,1,22,9,189,29363,0,0,0,0,0,1,0,0,0,0,0,0,0,0,0,0,2,2,0.0,0.0,0.0,0.0,1.0,0.0,0.0,57,255,1.0,0.0,0.02,0.01,0.0,0.0,0.0,0.0,0,58083.0
0,1,19,9,67816,0,0,0,0,0,0,1,0,0,0,0,0,0,0,0,0,0,1,1,0.0,0.0,0.0,0.0,1.0,0.0,0.0,255,10,0.04,0.47,0.04,0.0,0.0,0.0,0.0,0.0,0,85346.0
0,1,44,1,0,0,0,0,0,0,0,0,0,0,0,0,0,0,0,0,0,0,259,1,0.03,0.0,0.94,1.0,0.0,1.0,0.0,255,1,0.0,0.97,0.0,0.0,0.04,0.0,0.92,1.0,1,48719.0
1,1,49,9,1183,332,0,0,0,0,0,1,0,0,0,0,0,0,0,0,0,0,1,3,0.0,0.0,0.0,0.0,1.0,0.0,1.0,143,136,0.35,0.04,0.01,0.01,0.0,0.0,0.01,0.0,0,125325.0
0,1,22,9,215,10499,0,0,0,0,0,1,0,0,0,0,0,0,0,0,0,0,14,14,0.0,0.0,0.0,0.0,1.0,0.0,0.0,255,255,1.0,0.0,0.0,0.0,0.0,0.0,0.0,0.0,0,28.0
0,1,25,5,0,0,0,0,0,0,0,0,0,0,0,0,0,0,0,0,0,0,268,17,1.0,1.0,0.0,0.0,0.06,0.06,0.0,255,17,0.07,0.07,0.0,0.0,1.0,1.0,0.0,0.0,1,87845.0
0,1,22,9,203,1415,0,0,0,0,0,1,0,0,0,0,0,0,0,0,0,0,4,11,0.0,0.0,0.0,0.09,1.0,0.0,0.27,4,255,1.0,0.0,0.25,0.05,0.0,0.0,0.0,0.01,0,94777.0
0,1,22,9,54540,8314,0,0,0,2,0,1,1,0,0,0,0,0,0,0,0,0,3,3,0.0,0.0,0.0,0.0,1.0,0.0,0.0,191,191,1.0,0.0,0.01,0.0,0.0,0.0,0.05,0.05,1,59666.0
0,0,14,9,1032,0,0,0,0,0,0,0,0,0,0,0,0,0,0,0,0,0,509,509,0.0,0.0,0.0,0.0,1.0,0.0,0.0,218,73,0.33,0.01,0.33,0.0,0.0,0.0,0.0,0.0,1,8673.0
0,1,22,9,278,2543,0,0,0,0,0,1,0,0,0,0,0,0,0,0,0,0,10,23,0.0,0.0,0.0,0.0,1.0,0.0,0.13,255,255,1.0,0.0,0.0,0.0,0.0,0.0,0.0,0.0,0,48151.0
0,1,44,1,0,0,0,0,0,0,0,0,0,0,0,0,0,0,0,0,0,0,223,1,0.06,0.0,0.88,1.0,0.0,1.0,0.0,255,1,0.0,0.88,0.0,0.0,0.05,0.0,0.78,1.0,1,96875.0
0,0,14,9,1032,0,0,0,0,0,0,0,0,0,0,0,0,0,0,0,0,0,511,511,0.0,0.0,0.0,0.0,1.0,0.0,0.0,201,107,0.53,0.03,0.53,0.0,0.01,0.0,0.31,0.0,1,92542.0
0,1,44,5,0,0,0,0,0,0,0,0,0,0,0,0,0,0,0,0,0,0,144,15,1.0,1.0,0.0,0.0,0.1,0.06,0.0,255,2,0.01,0.07,0.0,0.0,1.0,1.0,0.0,0.0,1,104449.0
0,1,44,5,0,0,0,0,0,0,0,0,0,0,0,0,0,0,0,0,0,0,168,11,1.0,1.0,0.0,0.0,0.07,0.05,0.0,255,20,0.08,0.06,0.0,0.0,1.0,1.0,0.0,0.0,1,33099.0
5,1,44,4,0,0,0,0,0,0,0,0,0,0,0,0,0,0,0,0,0,0,1,1,0.0,0.0,1.0,1.0,1.0,0.0,0.0,255,1,0.0,1.0,1.0,0.0,0.0,0.0,0.99,1.0,1,116438.0
0,1,19,9,607,0,0,0,0,0,0,0,0,0,0,0,0,0,0,0,0,0,2,2,0.0,0.0,0.0,0.0,1.0,0.0,0.0,132,96,0.48,0.02,0.48,0.02,0.0,0.0,0.0,0.0,0,65970.0
0,1,19,9,14189,0,0,0,0,0,0,0,0,0,0,0,0,0,0,0,0,0,15,15,0.0,0.0,0.0,0.0,1.0,0.0,0.0,161,51,0.32,0.02,0.32,0.0,0.0,0.0,0.0,0.0,0,98234.0
0,1,22,9,230,2361,0,0,0,0,0,1,0,0,0,0,0,0,0,0,0,0,1,1,0.0,0.0,0.0,0.0,1.0,0.0,0.0,86,255,1.0,0.0,0.01,0.06,0.01,0.0,0.0,0.0,0,34229.0
0,1,22,9,278,934,0,0,0,0,0,1,0,0,0,0,0,0,0,0,0,0,8,11,0.0,0.0,0.0,0.0,1.0,0.0,0.18,218,255,1.0,0.0,0.0,0.02,0.0,0.0,0.0,0.0,0,3184.0
0,1,22,9,210,6154,0,0,0,0,0,1,0,0,0,0,0,0,0,0,0,0,11,12,0.0,0.0,0.0,0.0,1.0,0.0,0.17,94,255,1.0,0.0,0.01,0.04,0.0,0.0,0.0,0.0,0,25262.0
0,1,34,5,0,0,0,0,0,0,0,0,0,0,0,0,0,0,0,0,0,0,125,20,1.0,1.0,0.0,0.0,0.16,0.05,0.0,255,20,0.08,0.05,0.0,0.0,1.0,1.0,0.0,0.0,1,112360.0
0,1,32,5,0,0,0,0,0,0,0,0,0,0,0,0,0,0,0,0,0,0,274,8,1.0,1.0,0.0,0.0,0.03,0.06,0.0,255,8,0.03,0.07,0.0,0.0,1.0,1.0,0.0,0.0,1,120571.0
0,1,22,9,212,498,0,0,0,0,0,1,0,0,0,0,0,0,0,0,0,0,5,5,0.0,0.0,0.0,0.0,1.0,0.0,0.0,26,255,1.0,0.0,0.04,0.04,0.0,0.0,0.0,0.0,0,47337.0
1,1,49,9,907,341,0,0,0,0,0,1,0,0,0,0,0,0,0,0,0,0,1,2,0.0,0.0,0.0,0.0,1.0,0.0,1.0,212,159,0.68,0.02,0.0,0.01,0.0,0.0,0.0,0.0,0,57164.0
0,1,22,9,280,5240,0,0,0,0,0,1,0,0,0,0,0,0,0,0,0,0,27,27,0.0,0.0,0.0,0.0,1.0,0.0,0.0,27,127,1.0,0.0,0.04,0.02,0.0,0.02,0.0,0.0,0,58386.0
0,1,44,5,0,0,0,0,0,0,0,0,0,0,0,0,0,0,0,0,0,0,162,12,1.0,1.0,0.0,0.0,0.07,0.06,0.0,255,12,0.05,0.07,0.0,0.0,1.0,1.0,0.0,0.0,1,6658.0
0,1,22,9,292,2367,0,0,0,0,0,1,0,0,0,0,0,0,0,0,0,0,2,2,0.0,0.0,0.0,0.0,1.0,0.0,0.0,117,255,1.0,0.0,0.01,0.01,0.0,0.0,0.0,0.0,0,104118.0
0,1,22,9,344,269,0,0,0,0,0,1,0,0,0,0,0,0,0,0,0,0,16,50,0.0,0.0,0.0,0.0,1.0,0.0,0.12,255,255,1.0,0.0,0.0,0.0,0.0,0.0,0.0,0.0,0,76579.0
0,0,58,9,181,0,0,0,0,0,0,0,0,0,0,0,0,0,0,0,0,0,3,1,0.0,0.0,0.0,0.0,0.33,1.0,0.0,255,16,0.06,0.01,0.08,0.0,0.0,0.0,0.0,0.0,0,89513.0
0,1,61,5,0,0,0,0,0,0,0,0,0,0,0,0,0,0,0,0,0,0,27,5,1.0,1.0,0.0,0.0,0.19,0.22,0.0,255,5,0.02,0.08,0.0,0.0,1.0,1.0,0.0,0.0,1,23907.0
1,1,22,2,0,0,0,0,0,0,0,1,0,0,0,0,0,0,0,0,0,0,1,2,0.0,0.0,1.0,0.5,1.0,0.0,1.0,1,255,1.0,0.0,1.0,0.03,0.0,0.0,1.0,0.0,0,76331.0
0,1,44,5,0,0,0,0,0,0,0,0,0,0,0,0,0,0,0,0,0,0,89,6,1.0,1.0,0.0,0.0,0.07,0.07,0.0,255,7,0.03,0.06,0.0,0.0,1.0,1.0,0.0,0.0,1,48436.0
0,1,22,9,206,5972,0,0,0,0,0,1,0,0,0,0,0,0,0,0,0,0,15,36,0.0,0.0,0.0,0.0,1.0,0.0,0.11,255,255,1.0,0.0,0.0,0.0,0.0,0.0,0.0,0.0,0,52443.0
0,1,34,5,0,0,0,0,0,0,0,0,0,0,0,0,0,0,0,0,0,0,265,6,1.0,1.0,0.0,0.0,0.02,0.06,0.0,255,6,0.02,0.07,0.0,0.0,1.0,1.0,0.0,0.0,1,114175.0
0,1,19,9,3690,0,0,0,0,0,0,1,0,0,0,0,0,0,0,0,0,0,6,7,0.0,0.0,0.0,0.0,1.0,0.0,0.29,26,56,0.46,0.12,0.46,0.05,0.0,0.0,0.0,0.0,0,15344.0
1,1,49,9,1303,369,0,0,0,0,0,1,0,0,0,0,0,0,0,0,0,0,1,3,0.0,0.0,0.0,0.0,1.0,0.0,1.0,119,77,0.65,0.03,0.01,0.0,0.0,0.0,0.0,0.0,0,6363.0
0,1,25,5,0,0,0,0,0,0,0,0,0,0,0,0,0,0,0,0,0,0,149,19,1.0,1.0,0.0,0.0,0.13,0.05,0.0,255,6,0.02,0.06,0.0,0.0,1.0,1.0,0.0,0.0,1,2670.0
0,1,44,5,0,0,0,0,0,0,0,0,0,0,0,0,0,0,0,0,0,0,146,15,1.0,1.0,0.0,0.0,0.1,0.05,0.0,71,5,0.07,0.15,0.01,0.0,1.0,1.0,0.0,0.0,1,106180.0
0,2,44,9,1,0,0,0,0,0,0,0,0,0,0,0,0,0,0,0,0,0,17,17,0.0,0.0,0.0,0.0,1.0,0.0,0.0,255,214,0.84,0.02,1.0,0.0,0.0,0.0,0.0,0.0,1,851.0
1,1,22,9,329,646195,0,0,0,0,0,1,0,0,0,0,0,0,0,0,0,0,8,8,0.0,0.0,0.0,0.0,1.0,0.0,0.0,100,255,1.0,0.0,0.01,0.01,0.0,0.0,0.03,0.02,0,27614.0
0,1,3,9,10,38,0,0,0,0,0,1,0,0,0,0,0,0,0,0,0,0,1,1,0.0,0.0,0.0,0.0,1.0,0.0,0.0,28,2,0.07,0.18,0.04,0.0,0.0,0.0,0.0,0.0,0,109058.0
891,1,40,4,1,0,0,0,0,0,0,0,0,0,0,0,0,0,0,0,0,0,2,2,0.0,0.0,1.0,1.0,1.0,0.0,0.0,255,2,0.01,0.73,1.0,0.0,0.0,0.0,1.0,1.0,1,55922.0
0,1,26,5,0,0,0,0,0,0,0,0,0,0,0,0,0,0,0,0,0,0,141,6,1.0,1.0,0.0,0.0,0.04,0.06,0.0,255,5,0.02,0.05,0.0,0.0,1.0,1.0,0.0,0.0,1,101224.0
0,1,49,9,1361,331,0,0,0,0,0,1,0,0,0,0,0,0,0,0,0,0,1,1,0.0,0.0,0.0,0.0,1.0,0.0,0.0,166,119,0.72,0.04,0.01,0.0,0.0,0.0,0.0,0.0,0,77115.0
0,1,22,9,252,8134,0,0,0,0,0,1,0,0,0,0,0,0,0,0,0,0,6,7,0.0,0.0,0.0,0.0,1.0,0.0,0.29,251,255,1.0,0.0,0.0,0.01,0.0,0.0,0.0,0.0,0,54894.0
0,1,22,9,291,1096,0,0,0,0,0,1,0,0,0,0,0,0,0,0,0,0,6,7,0.0,0.0,0.0,0.0,1.0,0.0,0.29,6,255,1.0,0.0,0.17,0.04,0.0,0.0,0.0,0.0,0,63541.0
23,1,18,9,227,768,0,0,0,4,0,1,0,0,0,0,0,0,0,0,0,1,1,1,0.0,0.0,0.0,0.0,1.0,0.0,0.0,255,49,0.19,0.02,0.0,0.0,0.0,0.0,0.0,0.0,0,43846.0
0,1,57,5,0,0,0,0,0,0,0,0,0,0,0,0,0,0,0,0,0,0,262,5,1.0,1.0,0.0,0.0,0.02,0.06,0.0,255,5,0.02,0.07,0.0,0.0,1.0,1.0,0.0,0.0,1,60743.0
0,1,8,5,0,0,0,0,0,0,0,0,0,0,0,0,0,0,0,0,0,0,21,8,1.0,1.0,0.0,0.0,0.38,0.29,0.0,255,12,0.05,0.1,0.0,0.0,1.0,1.0,0.0,0.0,1,111718.0
0,1,22,9,250,8467,0,0,0,0,0,1,0,0,0,0,0,0,0,0,0,0,6,7,0.0,0.0,0.0,0.0,1.0,0.0,0.29,37,255,1.0,0.0,0.03,0.04,0.0,0.0,0.0,0.0,0,20659.0
2630,2,40,9,146,105,0,0,0,0,0,0,0,0,0,0,0,0,0,0,0,0,3,1,0.0,0.0,0.0,0.0,0.33,0.67,0.0,255,1,0.0,0.86,0.99,0.0,0.0,0.0,0.0,0.0,0,71000.0
0,2,11,9,45,136,0,0,0,0,0,0,0,0,0,0,0,0,0,0,0,0,139,219,0.0,0.0,0.0,0.0,1.0,0.0,0.01,255,255,1.0,0.0,0.0,0.0,0.0,0.0,0.0,0.0,0,40023.0
0,1,54,5,0,0,0,0,0,0,0,0,0,0,0,0,0,0,0,0,0,0,296,19,1.0,1.0,0.0,0.0,0.06,0.05,0.0,255,13,0.05,0.07,0.0,0.0,1.0,1.0,0.0,0.0,1,72401.0
0,2,11,9,44,44,0,0,0,0,0,0,0,0,0,0,0,0,0,0,0,0,7,13,0.0,0.0,0.0,0.0,1.0,0.0,0.31,255,254,1.0,0.01,0.01,0.0,0.0,0.0,0.0,0.0,0,108681.0
0,1,22,9,289,6534,0,0,0,0,0,1,0,0,0,0,0,0,0,0,0,0,16,16,0.0,0.0,0.0,0.0,1.0,0.0,0.0,255,255,1.0,0.0,0.0,0.0,0.0,0.0,0.0,0.0,0,77337.0
0,1,19,9,491,0,0,0,0,0,0,1,0,0,0,5,0,0,0,0,0,0,1,1,0.0,0.0,0.0,0.0,1.0,0.0,0.0,238,63,0.21,0.02,0.21,0.03,0.0,0.0,0.03,0.0,0,19812.0
0,1,22,9,221,17014,0,0,0,0,0,1,0,0,0,0,0,0,0,0,0,0,10,10,0.0,0.0,0.0,0.0,1.0,0.0,0.0,23,255,1.0,0.0,0.04,0.05,0.0,0.0,0.0,0.0,0,32563.0
37,1,49,9,605,329,0,0,0,0,0,1,0,0,0,0,0,0,0,0,0,0,1,1,0.0,0.0,0.0,0.0,1.0,0.0,0.0,23,91,0.96,0.09,0.04,0.02,0.0,0.0,0.0,0.0,0,42037.0
0,1,22,9,201,169,0,0,0,0,0,1,0,0,0,0,0,0,0,0,0,0,7,7,0.0,0.0,0.0,0.0,1.0,0.0,0.0,29,255,1.0,0.0,0.03,0.04,0.03,0.0,0.0,0.0,0,225.0
0,1,22,9,249,2093,0,0,0,0,0,1,0,0,0,0,0,0,0,0,0,0,1,18,0.0,0.0,0.0,0.0,1.0,0.0,0.11,14,255,1.0,0.0,0.07,0.04,0.0,0.0,0.0,0.0,0,4517.0
0,1,19,9,3775,0,0,0,0,0,0,1,0,0,0,0,0,0,0,0,0,0,24,24,0.0,0.0,0.0,0.0,1.0,0.0,0.0,255,69,0.27,0.03,0.27,0.0,0.0,0.0,0.0,0.0,0,124390.0
0,1,22,9,172,326,0,0,0,0,0,1,0,0,0,0,0,0,0,0,0,0,4,4,0.0,0.0,0.0,0.0,1.0,0.0,0.0,4,255,1.0,0.0,0.25,0.04,0.0,0.0,0.0,0.0,0,115339.0
0,1,18,5,0,0,0,0,0,0,0,0,0,0,0,0,0,0,0,0,0,0,269,8,1.0,1.0,0.0,0.0,0.03,0.06,0.0,255,14,0.05,0.08,0.0,0.0,1.0,1.0,0.0,0.0,1,83582.0
0,1,44,1,0,0,0,0,0,0,0,0,0,0,0,0,0,0,0,0,0,0,478,1,0.06,0.0,0.93,1.0,0.0,1.0,0.0,255,1,0.0,1.0,0.0,0.0,0.08,0.0,0.92,1.0,1,52868.0
0,1,22,9,242,255,0,0,0,0,0,1,0,0,0,0,0,0,0,0,0,0,26,31,0.0,0.0,0.0,0.0,1.0,0.0,0.1,255,255,1.0,0.0,0.0,0.0,0.0,0.0,0.0,0.0,0,37915.0
0,1,31,5,0,0,0,0,0,0,0,0,0,0,0,0,0,0,0,0,0,0,54,3,1.0,1.0,0.0,0.0,0.06,0.09,0.0,255,3,0.01,0.07,0.0,0.0,1.0,1.0,0.0,0.0,1,120768.0
0,1,22,9,256,5567,0,0,0,0,0,1,0,0,0,0,0,0,0,0,0,0,20,20,0.05,0.05,0.0,0.0,1.0,0.0,0.0,255,255,1.0,0.0,0.0,0.0,0.0,0.0,0.0,0.0,0,69872.0
0,1,22,9,214,253,0,0,0,0,0,1,0,0,0,0,0,0,0,0,0,0,18,21,0.0,0.0,0.0,0.0,1.0,0.0,0.1,114,255,1.0,0.0,0.01,0.02,0.0,0.0,0.0,0.0,0,19802.0
0,1,44,5,0,0,0,0,0,0,0,0,0,0,0,0,0,0,0,0,0,0,232,3,1.0,1.0,0.0,0.0,0.01,0.05,0.0,255,3,0.01,0.05,0.0,0.0,1.0,1.0,0.0,0.0,1,98141.0
0,1,19,5,0,0,0,0,0,0,0,0,0,0,0,0,0,0,0,0,0,0,286,4,1.0,1.0,0.0,0.0,0.01,0.05,0.0,255,4,0.02,0.05,0.0,0.0,1.0,1.0,0.0,0.0,1,73369.0
0,1,22,9,299,2698,0,0,0,0,0,1,0,0,0,0,0,0,1,0,0,0,3,3,0.0,0.0,0.0,0.0,1.0,0.0,0.0,255,254,1.0,0.01,0.0,0.0,0.0,0.0,0.0,0.0,0,18232.0
0,2,11,9,44,81,0,0,0,0,0,0,0,0,0,0,0,0,0,0,0,0,153,153,0.0,0.0,0.0,0.0,0.99,0.01,0.01,255,255,1.0,0.0,0.0,0.0,0.0,0.0,0.0,0.0,0,52174.0
0,1,22,9,373,1514,0,0,0,0,0,1,0,0,0,0,0,0,0,0,0,0,8,8,0.0,0.0,0.0,0.0,1.0,0.0,0.0,73,255,1.0,0.0,0.01,0.03,0.01,0.0,0.0,0.0,0,67194.0
0,1,22,9,141,27078,0,0,0,1,0,1,0,0,0,0,0,0,0,0,0,0,3,3,0.0,0.0,0.0,0.0,1.0,0.0,0.0,224,255,1.0,0.0,0.0,0.02,0.0,0.0,0.0,0.0,0,39187.0
0,2,11,9,42,42,0,0,0,0,0,0,0,0,0,0,0,0,0,0,0,0,2,5,0.0,0.0,0.0,0.0,0.5,1.0,0.6,255,239,0.94,0.01,0.11,0.0,0.0,0.0,0.0,0.0,0,80880.0
0,0,13,9,8,0,0,0,0,0,0,0,0,0,0,0,0,0,0,0,0,0,1,2,0.0,0.0,0.0,0.0,1.0,0.0,1.0,1,9,1.0,0.0,1.0,0.67,0.0,0.0,0.0,0.0,1,41749.0
0,1,22,9,264,310,0,0,0,0,0,1,0,0,0,0,0,0,0,0,0,0,1,1,0.0,0.0,0.0,0.0,1.0,0.0,0.0,4,255,1.0,0.0,0.25,0.03,0.0,0.0,0.0,0.0,0,112036.0
0,1,44,5,0,0,0,0,0,0,0,0,0,0,0,0,0,0,0,0,0,0,251,21,1.0,1.0,0.0,0.0,0.08,0.05,0.0,55,21,0.38,0.11,0.02,0.0,0.96,1.0,0.0,0.0,1,44749.0
0,1,22,9,166,13261,0,0,0,0,0,1,0,0,0,0,0,0,0,0,0,0,5,5,0.0,0.0,0.0,0.0,1.0,0.0,0.0,255,255,1.0,0.0,0.0,0.0,0.0,0.0,0.0,0.0,0,117942.0
0,1,44,5,0,0,0,0,0,0,0,0,0,0,0,0,0,0,0,0,0,0,207,4,1.0,1.0,0.0,0.0,0.02,0.07,0.0,255,7,0.03,0.07,0.0,0.0,1.0,1.0,0.0,0.0,1,88246.0
0,1,22,9,231,11439,0,0,0,0,0,1,0,0,0,0,0,0,0,0,0,0,4,8,0.0,0.0,0.0,0.0,1.0,0.0,0.38,24,255,1.0,0.0,0.04,0.07,0.0,0.0,0.0,0.0,0,50217.0
0,1,22,9,324,364,0,0,0,0,0,1,0,0,0,0,0,0,0,0,0,0,6,7,0.0,0.0,0.0,0.0,1.0,0.0,0.29,30,255,1.0,0.0,0.03,0.02,0.0,0.0,0.0,0.0,0,78347.0
0,1,40,1,0,0,0,0,0,0,0,0,0,0,0,0,0,0,0,0,0,0,509,1,0.22,0.0,0.76,1.0,0.0,1.0,0.0,255,1,0.0,1.0,0.0,0.0,0.15,0.0,0.83,1.0,1,73303.0
0,1,30,2,0,0,0,0,0,0,0,0,0,0,0,0,0,0,0,0,0,0,141,6,0.0,0.0,1.0,1.0,0.04,0.06,0.0,255,6,0.02,0.07,0.0,0.0,0.0,0.0,1.0,1.0,1,95942.0
0,1,22,9,283,362,0,0,0,0,0,1,0,0,0,0,0,0,0,0,0,0,27,54,0.0,0.0,0.0,0.0,1.0,0.0,0.07,255,255,1.0,0.0,0.0,0.0,0.0,0.0,0.0,0.0,0,45961.0
0,1,44,5,0,0,0,0,0,0,0,0,0,0,0,0,0,0,0,0,0,0,280,12,1.0,1.0,0.0,0.0,0.04,0.06,0.0,255,27,0.11,0.06,0.0,0.0,1.0,1.0,0.0,0.0,1,1279.0
1,1,49,9,705,326,0,0,0,0,0,1,0,0,0,0,0,0,0,0,0,0,1,2,0.0,0.0,0.0,0.0,1.0,0.0,1.0,175,143,0.39,0.04,0.01,0.01,0.02,0.01,0.0,0.0,0,52688.0
0,1,22,9,232,6703,0,0,0,0,0,1,0,0,0,0,0,0,0,0,0,0,8,8,0.0,0.0,0.0,0.0,1.0,0.0,0.0,255,255,1.0,0.0,0.0,0.0,0.0,0.0,0.0,0.0,0,98238.0
0,1,44,5,0,0,0,0,0,0,0,0,0,0,0,0,0,0,0,0,0,0,293,18,1.0,1.0,0.0,0.0,0.06,0.06,0.0,255,17,0.07,0.06,0.0,0.0,1.0,1.0,0.0,0.0,1,27163.0
0,1,22,9,304,349,0,0,0,0,0,1,0,0,0,0,0,0,0,0,0,0,13,14,0.0,0.0,0.0,0.0,1.0,0.0,0.14,255,255,1.0,0.0,0.0,0.0,0.0,0.0,0.0,0.0,0,101061.0
0,1,49,9,1173,337,0,0,0,0,0,1,0,0,0,0,0,0,0,0,0,0,1,2,0.0,0.0,0.0,0.0,1.0,0.0,1.0,184,143,0.78,0.02,0.01,0.0,0.0,0.0,0.0,0.0,0,91712.0
0,1,33,1,0,0,0,0,0,0,0,0,0,0,0,0,0,0,0,0,0,0,233,3,0.0,0.0,1.0,1.0,0.01,0.07,0.0,255,3,0.01,0.07,0.0,0.0,0.0,0.0,1.0,1.0,1,35788.0
0,1,19,9,334,0,0,0,0,0,0,1,0,0,0,0,0,0,0,0,0,0,1,1,0.0,0.0,0.0,0.0,1.0,0.0,0.0,9,38,0.78,0.22,0.78,0.13,0.0,0.0,0.0,0.0,1,65396.0
0,0,13,9,30,0,0,0,0,0,0,0,0,0,0,0,0,0,0,0,0,0,3,1,0.0,0.0,0.0,0.0,0.33,0.67,0.0,255,3,0.01,0.01,0.05,0.0,0.0,0.0,0.0,0.0,0,72324.0
0,1,54,5,0,0,0,0,0,0,0,0,0,0,0,0,0,0,0,0,0,0,263,9,1.0,1.0,0.0,0.0,0.03,0.05,0.0,255,9,0.04,0.05,0.0,0.0,1.0,1.0,0.0,0.0,1,103116.0
0,1,49,9,648,332,0,0,0,0,0,1,0,0,0,0,0,0,0,0,0,0,1,1,0.0,0.0,0.0,0.0,1.0,0.0,0.0,154,76,0.49,0.05,0.01,0.0,0.0,0.0,0.0,0.0,0,63098.0
0,1,44,5,0,0,0,0,0,0,0,0,0,0,0,0,0,0,0,0,0,0,134,13,1.0,1.0,0.0,0.0,0.1,0.05,0.0,255,13,0.05,0.04,0.0,0.0,1.0,1.0,0.0,0.0,1,37192.0
0,1,19,5,0,0,0,0,0,0,0,0,0,0,0,0,0,0,0,0,0,0,229,11,1.0,1.0,0.0,0.0,0.05,0.07,0.0,255,11,0.04,0.08,0.0,0.0,1.0,1.0,0.0,0.0,1,98727.0
0,2,11,9,44,110,0,0,0,0,0,0,0,0,0,0,0,0,0,0,0,0,1,1,0.0,0.0,0.0,0.0,1.0,0.0,0.0,39,189,0.54,0.05,0.54,0.01,0.0,0.0,0.26,0.0,0,124606.0
0,2,11,9,45,78,0,0,0,0,0,0,0,0,0,0,0,0,0,0,0,0,292,292,0.0,0.0,0.0,0.0,1.0,0.0,0.0,255,254,1.0,0.01,0.0,0.0,0.0,0.0,0.0,0.0,0,15139.0
0,2,11,9,45,73,0,0,0,0,0,0,0,0,0,0,0,0,0,0,0,0,111,111,0.0,0.0,0.0,0.0,0.99,0.02,0.02,255,253,0.99,0.01,0.0,0.0,0.0,0.0,0.0,0.0,0,27710.0
0,1,19,9,748,0,0,0,0,0,0,0,0,0,0,0,0,0,0,0,0,0,1,1,0.0,0.0,0.0,0.0,1.0,0.0,0.0,187,27,0.12,0.02,0.12,0.07,0.0,0.0,0.0,0.0,0,92697.0
0,1,44,5,0,0,0,0,0,0,0,0,0,0,0,0,0,0,0,0,0,0,66,2,1.0,1.0,0.0,0.0,0.03,0.08,0.0,255,19,0.07,0.05,0.0,0.0,1.0,1.0,0.0,0.0,1,110770.0
0,1,15,5,0,0,0,0,0,0,0,0,0,0,0,0,0,0,0,0,0,0,148,2,1.0,1.0,0.0,0.0,0.01,0.05,0.0,255,2,0.01,0.05,0.0,0.0,1.0,1.0,0.0,0.0,1,35135.0
0,1,44,5,0,0,0,0,0,0,0,0,0,0,0,0,0,0,0,0,0,0,128,9,1.0,1.0,0.0,0.0,0.07,0.06,0.0,255,6,0.02,0.07,0.0,0.0,1.0,1.0,0.0,0.0,1,118894.0
0,1,9,4,0,0,0,0,0,0,0,0,0,0,0,0,0,0,0,0,0,0,1,1,0.0,0.0,1.0,1.0,1.0,0.0,0.0,137,1,0.01,0.09,0.12,0.0,0.0,0.0,0.12,1.0,1,14763.0
0,1,19,5,0,0,0,0,0,0,0,0,0,0,0,0,0,0,0,0,0,0,27,6,0.96,1.0,0.04,0.0,0.22,0.11,0.0,255,11,0.04,0.06,0.01,0.0,1.0,1.0,0.0,0.0,1,61741.0
0,1,44,5,0,0,0,0,0,0,0,0,0,0,0,0,0,0,0,0,0,0,140,10,0.99,1.0,0.0,0.0,0.07,0.06,0.0,255,18,0.07,0.06,0.0,0.0,1.0,1.0,0.0,0.0,1,74223.0
0,1,22,9,226,2663,0,0,0,0,0,1,0,0,0,0,0,0,0,0,0,0,3,24,0.0,0.0,0.0,0.0,1.0,0.0,0.21,141,255,1.0,0.0,0.01,0.01,0.01,0.0,0.0,0.0,0,21480.0
0,2,11,9,43,43,0,0,0,0,0,0,0,0,0,0,0,0,0,0,0,0,206,208,0.0,0.0,0.0,0.0,1.0,0.0,0.01,255,237,0.93,0.01,0.0,0.0,0.0,0.0,0.0,0.0,0,73786.0
1,1,49,9,1255,332,0,0,0,0,0,1,0,0,0,0,0,0,0,0,0,0,1,1,0.0,0.0,0.0,0.0,1.0,0.0,0.0,159,190,0.7,0.06,0.01,0.01,0.01,0.0,0.01,0.0,0,107029.0
0,1,22,9,231,1349,0,0,0,0,0,1,0,0,0,0,0,0,0,0,0,0,29,30,0.0,0.0,0.0,0.0,1.0,0.0,0.07,65,255,1.0,0.0,0.02,0.04,0.0,0.0,0.0,0.0,0,70119.0
0,1,22,9,253,2263,0,0,0,0,0,1,0,0,0,0,0,0,0,0,0,0,16,16,0.0,0.0,0.0,0.0,1.0,0.0,0.0,255,255,1.0,0.0,0.0,0.0,0.0,0.0,0.0,0.0,0,86144.0
0,0,13,9,8,0,0,0,0,0,0,0,0,0,0,0,0,0,0,0,0,0,1,8,0.0,0.0,0.0,0.0,1.0,0.0,1.0,1,223,1.0,0.0,1.0,0.5,0.0,0.0,0.0,0.0,1,13221.0
0,1,22,9,284,3608,0,0,0,0,0,1,0,0,0,0,0,0,0,0,0,0,7,8,0.0,0.0,0.0,0.0,1.0,0.0,0.25,29,255,1.0,0.0,0.03,0.07,0.0,0.0,0.0,0.0,0,46360.0
0,1,22,1,0,0,0,0,0,0,0,0,0,0,0,0,0,0,0,0,0,0,1,1,0.0,0.0,1.0,1.0,1.0,0.0,0.0,23,8,0.35,0.22,0.04,0.0,0.04,0.0,0.35,1.0,0,41164.0
0,1,29,5,0,0,0,0,0,0,0,0,0,0,0,0,0,0,0,0,0,0,203,9,1.0,1.0,0.0,0.0,0.04,0.06,0.0,255,9,0.04,0.06,0.0,0.0,1.0,1.0,0.0,0.0,1,73829.0
0,2,44,9,28,0,0,3,0,0,0,0,0,0,0,0,0,0,0,0,0,0,82,82,0.0,0.0,0.0,0.0,1.0,0.0,0.0,255,82,0.32,0.04,0.32,0.0,0.02,0.0,0.0,0.0,1,32514.0
0,1,22,9,223,9996,0,0,0,0,0,1,0,0,0,0,0,0,0,0,0,0,2,3,0.0,0.0,0.0,0.0,1.0,0.0,0.67,11,77,1.0,0.0,0.09,0.06,0.0,0.0,0.0,0.0,0,91235.0
3,1,49,9,1956,329,0,0,0,0,0,1,0,0,0,0,0,0,1,0,0,0,1,2,0.0,0.0,0.0,0.0,1.0,0.0,1.0,61,240,0.97,0.03,0.02,0.01,0.0,0.0,0.0,0.0,0,44417.0
25,1,18,9,324,1054,0,0,0,6,0,1,0,0,0,0,0,0,0,0,0,1,1,1,0.0,0.0,0.0,0.0,1.0,0.0,0.0,255,61,0.24,0.02,0.0,0.0,0.0,0.0,0.03,0.1,0,105832.0
0,1,22,9,332,3461,0,0,0,0,0,1,0,0,0,0,0,0,0,0,0,0,9,10,0.0,0.0,0.0,0.0,1.0,0.0,0.2,55,255,1.0,0.0,0.02,0.06,0.0,0.0,0.0,0.0,0,111799.0
0,2,11,9,42,42,0,0,0,0,0,0,0,0,0,0,0,0,0,0,0,0,21,30,0.0,0.0,0.0,0.0,1.0,0.0,0.1,255,255,1.0,0.0,0.01,0.0,0.0,0.0,0.0,0.0,0,13900.0
0,1,17,9,6,265,0,0,0,0,0,0,0,0,0,0,0,0,0,0,0,0,8,1,0.0,0.0,0.0,0.0,0.12,0.25,0.0,255,2,0.01,0.01,0.0,0.0,0.0,0.0,0.0,0.0,0,25852.0
0,1,22,1,0,0,0,0,0,0,0,0,0,0,0,0,0,0,0,0,0,0,1,2,0.0,0.5,1.0,0.5,1.0,0.0,1.0,9,254,1.0,0.0,0.11,0.16,0.0,0.0,1.0,0.98,0,62433.0
0,1,19,9,13239,0,0,0,0,0,0,0,0,0,0,0,0,0,0,0,0,0,10,11,0.0,0.0,0.0,0.0,1.0,0.0,0.18,108,44,0.35,0.03,0.35,0.05,0.0,0.0,0.0,0.0,0,66170.0
12873,1,40,4,1,0,0,0,0,0,0,0,0,0,0,0,0,0,0,0,0,0,2,2,0.0,0.0,1.0,1.0,1.0,0.0,0.0,255,2,0.01,0.67,1.0,0.0,0.0,0.0,1.0,1.0,1,101879.0
0,1,22,5,0,0,0,0,0,0,0,0,0,0,0,0,0,0,0,0,0,0,27,7,1.0,1.0,0.0,0.0,0.26,0.15,0.0,255,47,0.18,0.04,0.01,0.0,1.0,1.0,0.0,0.0,1,33027.0
0,0,13,9,8,0,0,0,0,0,0,0,0,0,0,0,0,0,0,0,0,0,1,17,0.0,0.0,0.0,0.0,1.0,0.0,1.0,2,58,1.0,0.0,1.0,0.5,0.0,0.0,0.0,0.0,1,95456.0
0,1,22,9,345,1610,0,0,0,0,0,1,0,0,0,0,0,0,0,0,0,0,7,7,0.0,0.0,0.0,0.0,1.0,0.0,0.0,204,255,1.0,0.0,0.0,0.01,0.0,0.0,0.0,0.0,0,109412.0
0,1,49,9,1696,808,0,0,0,0,0,1,0,0,0,0,0,0,0,0,0,0,1,1,0.0,0.0,0.0,0.0,1.0,0.0,0.0,255,34,0.13,0.06,0.0,0.0,0.63,0.0,0.01,0.0,0,83172.0
0,1,34,5,0,0,0,0,0,0,0,0,0,0,0,0,0,0,0,0,0,0,120,3,1.0,1.0,0.0,0.0,0.03,0.07,0.0,255,3,0.01,0.07,0.0,0.0,1.0,1.0,0.0,0.0,1,118421.0
0,1,44,5,0,0,0,0,0,0,0,0,0,0,0,0,0,0,0,0,0,0,231,12,1.0,1.0,0.0,0.0,0.05,0.06,0.0,255,12,0.05,0.06,0.0,0.0,1.0,1.0,0.0,0.0,1,34859.0
0,1,19,9,245,0,0,0,0,0,0,1,0,0,0,1,0,0,0,0,0,0,1,1,0.0,0.0,0.0,0.0,1.0,0.0,0.0,255,70,0.27,0.03,0.27,0.0,0.0,0.0,0.0,0.0,1,26031.0
0,1,22,9,54540,8314,0,0,0,2,0,1,1,0,0,0,0,0,0,0,0,0,3,3,0.0,0.0,0.0,0.0,1.0,0.0,0.0,33,33,1.0,0.0,0.03,0.0,0.03,0.03,0.03,0.03,1,44856.0
0,1,57,5,0,0,0,0,0,0,0,0,0,0,0,0,0,0,0,0,0,0,283,8,1.0,1.0,0.0,0.0,0.03,0.06,0.0,255,4,0.02,0.08,0.0,0.0,1.0,1.0,0.0,0.0,1,94854.0
0,1,59,5,0,0,0,0,0,0,0,0,0,0,0,0,0,0,0,0,0,0,18,4,1.0,1.0,0.0,0.0,0.22,0.11,0.0,255,4,0.02,0.07,0.0,0.0,1.0,1.0,0.0,0.0,1,118806.0
0,1,22,9,200,263,0,0,0,0,0,1,0,0,0,0,0,0,0,0,0,0,22,24,0.0,0.0,0.0,0.0,1.0,0.0,0.12,255,255,1.0,0.0,0.0,0.0,0.0,0.0,0.0,0.0,0,27963.0
0,1,2,5,0,0,0,0,0,0,0,0,0,0,0,0,0,0,0,0,0,0,289,9,1.0,1.0,0.0,0.0,0.03,0.05,0.0,255,9,0.04,0.05,0.0,0.0,1.0,1.0,0.0,0.0,1,71329.0
0,1,22,9,54540,8314,0,0,0,2,0,1,1,0,0,0,0,0,0,0,0,0,2,2,0.0,0.0,0.0,0.0,1.0,0.0,0.0,79,79,1.0,0.0,0.01,0.0,0.01,0.01,0.01,0.01,1,466.0
0,1,22,9,239,516,0,0,0,0,0,1,0,0,0,0,0,0,0,0,0,0,8,13,0.0,0.0,0.0,0.0,1.0,0.0,0.23,255,255,1.0,0.0,0.0,0.0,0.0,0.0,0.0,0.0,0,122301.0
0,1,19,5,0,0,0,0,0,0,0,0,0,0,0,0,0,0,0,0,0,0,56,13,1.0,1.0,0.0,0.0,0.23,0.07,0.0,218,53,0.24,0.02,0.0,0.0,0.99,1.0,0.0,0.0,1,38933.0
0,1,44,5,0,0,0,0,0,0,0,0,0,0,0,0,0,0,0,0,0,0,102,3,1.0,1.0,0.0,0.0,0.03,0.08,0.0,255,3,0.01,0.07,0.0,0.0,1.0,1.0,0.0,0.0,1,57150.0
0,2,44,9,1,0,0,0,0,0,0,0,0,0,0,0,0,0,0,0,0,0,21,5,0.0,0.0,0.0,0.0,0.24,0.14,0.0,255,5,0.02,0.61,0.52,0.0,0.0,0.0,0.48,0.0,1,108666.0
0,2,44,9,105,145,0,0,0,0,0,0,0,0,0,0,0,0,0,0,0,0,7,1,0.0,0.0,0.0,0.0,0.14,0.29,0.0,255,230,0.9,0.01,0.0,0.0,0.0,0.0,0.0,0.0,0,73807.0
0,1,22,9,323,6591,0,0,0,0,0,1,0,0,0,0,0,0,0,0,0,0,7,9,0.0,0.0,0.0,0.0,1.0,0.0,0.33,28,255,1.0,0.0,0.04,0.09,0.0,0.0,0.0,0.0,0,107532.0
0,2,11,9,89,0,0,0,0,0,0,0,0,0,0,0,0,0,0,0,0,0,1,2,0.0,0.0,0.0,0.0,1.0,0.0,1.0,39,39,1.0,0.0,1.0,0.0,0.0,0.0,0.0,0.0,0,56924.0
0,1,22,9,54540,8314,0,0,0,2,0,1,1,0,0,0,0,0,0,0,0,0,4,4,0.0,0.0,0.0,0.0,1.0,0.0,0.0,105,105,1.0,0.0,0.01,0.0,0.0,0.0,0.05,0.05,1,89226.0
0,1,3,9,14,39,0,0,0,0,0,0,0,0,0,0,0,0,0,0,0,0,1,1,0.0,0.0,0.0,0.0,1.0,0.0,0.0,48,2,0.02,0.06,0.02,1.0,0.0,0.0,0.0,0.0,0,32593.0
0,0,13,9,8,0,0,0,0,0,0,0,0,0,0,0,0,0,0,0,0,0,1,46,0.0,0.0,0.0,0.0,1.0,0.0,1.0,1,41,1.0,0.0,1.0,0.51,0.0,0.0,0.0,0.0,1,112315.0
8357,1,40,4,1,0,0,0,0,0,0,0,0,0,0,0,0,0,0,0,0,0,2,2,0.0,0.0,1.0,1.0,1.0,0.0,0.0,255,2,0.01,0.67,1.0,0.0,0.0,0.0,1.0,1.0,1,124134.0
0,1,22,9,305,179,0,0,0,0,0,1,0,0,0,0,0,0,0,0,0,0,1,39,0.0,0.0,0.0,0.0,1.0,0.0,0.26,4,255,1.0,0.0,0.25,0.05,0.25,0.01,0.0,0.0,0,94480.0
0,2,11,9,43,130,0,0,0,0,0,0,0,0,0,0,0,0,0,0,0,0,101,181,0.0,0.0,0.0,0.0,1.0,0.0,0.01,255,255,1.0,0.0,0.0,0.0,0.0,0.0,0.0,0.0,0,28951.0
0,1,22,9,253,1396,0,0,0,0,0,1,0,0,0,0,0,0,0,0,0,0,6,10,0.0,0.0,0.0,0.0,1.0,0.0,0.2,255,255,1.0,0.0,0.0,0.0,0.0,0.0,0.0,0.0,0,20385.0
0,1,15,5,0,0,0,0,0,0,0,0,0,0,0,0,0,0,0,0,0,0,139,15,1.0,1.0,0.0,0.0,0.11,0.05,0.0,255,15,0.06,0.05,0.0,0.0,1.0,1.0,0.0,0.0,1,114451.0
0,0,13,9,8,0,0,0,0,0,0,0,0,0,0,0,0,0,0,0,0,0,1,10,0.0,0.0,0.0,0.0,1.0,0.0,1.0,4,68,1.0,0.0,1.0,0.25,0.0,0.0,0.0,0.0,1,73113.0
0,1,22,9,222,1461,0,0,0,0,0,1,0,0,0,0,0,0,0,0,0,0,3,3,0.0,0.0,0.0,0.0,1.0,0.0,0.0,17,255,1.0,0.0,0.06,0.03,0.0,0.0,0.0,0.0,0,88285.0
0,1,61,5,0,0,0,0,0,0,0,0,0,0,0,0,0,0,0,0,0,0,20,2,1.0,1.0,0.0,0.0,0.1,0.3,0.0,255,2,0.01,0.08,0.0,0.0,1.0,1.0,0.0,0.0,1,12772.0
0,1,22,9,174,1733,0,0,0,0,0,1,0,0,0,0,0,0,0,0,0,0,1,1,0.0,0.0,0.0,0.0,1.0,0.0,0.0,255,249,0.98,0.01,0.0,0.0,0.0,0.0,0.0,0.0,0,34843.0
0,1,19,9,965,0,0,0,0,0,0,0,0,0,0,0,0,0,0,0,0,0,22,34,0.05,0.03,0.0,0.0,1.0,0.0,0.06,255,88,0.35,0.03,0.35,0.0,0.0,0.01,0.0,0.0,0,13817.0
0,1,19,9,1199,0,0,0,0,0,0,1,0,0,0,0,0,0,0,0,0,0,2,2,0.0,0.0,0.0,0.0,1.0,0.0,0.0,25,73,0.92,0.08,0.92,0.03,0.0,0.0,0.0,0.0,0,123207.0
0,1,17,5,0,0,0,0,0,0,0,0,0,0,0,0,0,0,0,0,0,0,161,23,1.0,1.0,0.0,0.0,0.14,0.06,0.0,255,23,0.09,0.05,0.0,0.0,1.0,1.0,0.0,0.0,1,28716.0
0,1,22,9,220,7312,0,0,0,0,0,1,0,0,0,0,0,0,0,0,0,0,7,37,0.0,0.0,0.0,0.0,1.0,0.0,0.11,106,255,1.0,0.0,0.01,0.03,0.0,0.0,0.0,0.0,0,59534.0
0,1,44,5,0,0,0,0,0,0,0,0,0,0,0,0,0,0,0,0,0,0,179,5,1.0,1.0,0.0,0.0,0.03,0.07,0.0,255,19,0.07,0.07,0.0,0.0,1.0,1.0,0.0,0.0,1,77570.0
0,0,14,9,1032,0,0,0,0,0,0,0,0,0,0,0,0,0,0,0,0,0,510,510,0.0,0.0,0.0,0.0,1.0,0.0,0.0,255,215,0.84,0.1,0.84,0.0,0.0,0.0,0.0,0.0,1,50910.0
0,1,22,9,256,6384,0,0,0,0,0,1,0,0,0,0,0,0,0,0,0,0,1,1,0.0,0.0,0.0,0.0,1.0,0.0,0.0,12,255,1.0,0.0,0.08,0.06,0.0,0.0,0.0,0.0,0,108863.0
2548,2,40,9,147,105,0,0,0,0,0,0,0,0,0,0,0,0,0,0,0,0,6,2,0.0,0.0,0.0,0.0,0.33,0.5,0.0,255,2,0.01,0.65,0.99,0.0,0.0,0.0,0.0,0.0,0,57156.0
0,1,4,5,0,0,0,0,0,0,0,0,0,0,0,0,0,0,0,0,0,0,279,2,1.0,1.0,0.0,0.0,0.01,0.06,0.0,255,19,0.07,0.07,0.0,0.0,1.0,1.0,0.0,0.0,1,59835.0
0,1,57,9,0,4,0,0,0,0,0,0,0,0,0,0,0,0,0,0,0,0,1,1,0.0,0.0,0.0,0.0,1.0,0.0,0.0,12,12,1.0,0.0,0.08,0.0,0.08,0.08,0.0,0.0,0,40304.0
0,1,25,5,0,0,0,0,0,0,0,0,0,0,0,0,0,0,0,0,0,0,208,20,1.0,1.0,0.0,0.0,0.1,0.06,0.0,255,20,0.08,0.06,0.0,0.0,1.0,1.0,0.0,0.0,1,31500.0
0,1,22,9,226,4946,0,0,0,0,0,1,0,0,0,0,0,0,0,0,0,0,5,11,0.0,0.0,0.0,0.0,1.0,0.0,0.27,16,255,1.0,0.0,0.06,0.09,0.0,0.0,0.06,0.32,0,95541.0
0,1,19,5,0,0,0,0,0,0,0,0,0,0,0,0,0,0,0,0,0,0,230,15,1.0,0.93,0.0,0.0,0.06,0.07,0.13,255,8,0.03,0.07,0.0,0.0,1.0,1.0,0.0,0.0,1,86678.0
0,1,44,5,0,0,0,0,0,0,0,0,0,0,0,0,0,0,0,0,0,0,214,9,1.0,1.0,0.0,0.0,0.04,0.07,0.0,255,9,0.04,0.06,0.0,0.0,1.0,1.0,0.0,0.0,1,90199.0
0,1,22,1,0,0,0,0,0,0,0,0,0,0,0,0,0,0,0,0,0,0,1,1,0.0,0.0,1.0,1.0,1.0,0.0,0.0,55,225,1.0,0.0,0.02,0.16,0.0,0.0,1.0,1.0,0,110455.0
0,2,40,9,1,0,0,0,0,0,0,0,0,0,0,0,0,0,0,0,0,0,21,1,0.0,0.0,0.0,0.0,0.05,0.24,0.0,255,1,0.0,0.21,0.64,0.0,0.0,0.0,0.3,0.0,1,73342.0
0,1,19,9,3468,0,0,0,0,0,0,0,0,0,0,0,0,0,0,0,0,0,11,11,0.0,0.0,0.0,0.0,1.0,0.0,0.0,1,76,1.0,0.0,1.0,0.03,0.0,0.0,0.0,0.0,0,69975.0
0,2,44,9,105,147,0,0,0,0,0,0,0,0,0,0,0,0,0,0,0,0,1,1,0.0,0.0,0.0,0.0,1.0,0.0,0.0,183,181,0.99,0.01,0.01,0.0,0.0,0.0,0.0,0.0,0,86375.0
0,1,22,9,54540,8314,0,0,0,2,0,1,1,0,0,0,0,0,0,0,0,0,1,2,0.0,0.0,0.0,0.5,1.0,0.0,1.0,189,189,1.0,0.0,0.01,0.0,0.0,0.0,0.01,0.01,1,103481.0
0,1,4,5,0,0,0,0,0,0,0,0,0,0,0,0,0,0,0,0,0,0,234,16,1.0,1.0,0.0,0.0,0.07,0.06,0.0,255,12,0.05,0.08,0.0,0.0,1.0,1.0,0.0,0.0,1,21876.0
1,1,49,9,658,331,0,0,0,0,0,1,0,0,0,0,0,0,0,0,0,0,1,2,0.0,0.0,0.0,0.0,1.0,0.0,1.0,34,29,0.85,0.09,0.03,0.0,0.0,0.0,0.03,0.03,0,112422.0
0,1,22,1,0,0,0,0,0,0,0,0,0,0,0,0,0,0,0,0,0,0,1,2,0.0,0.0,1.0,1.0,1.0,0.0,1.0,1,250,1.0,0.0,1.0,0.33,0.0,0.0,1.0,1.0,0,20217.0
0,2,11,9,43,43,0,0,0,0,0,0,0,0,0,0,0,0,0,0,0,0,166,166,0.0,0.0,0.0,0.0,1.0,0.0,0.0,255,255,1.0,0.0,0.0,0.0,0.0,0.0,0.0,0.0,0,2457.0
0,2,44,9,1,0,0,0,0,0,0,0,0,0,0,0,0,0,0,0,0,0,51,5,0.0,0.0,0.0,0.0,0.1,0.1,0.0,255,5,0.02,0.02,0.02,0.0,0.0,0.0,0.84,0.0,1,101778.0
264,1,55,9,174,4267,0,0,0,0,0,1,2,0,0,0,0,0,0,0,0,0,1,1,0.0,0.0,0.0,0.0,1.0,0.0,0.0,45,17,0.38,0.09,0.02,0.0,0.0,0.0,0.04,0.12,0,16202.0
0,1,22,9,324,495,0,0,0,0,0,1,0,0,0,0,0,0,0,0,0,0,10,10,0.0,0.0,0.0,0.0,1.0,0.0,0.0,255,255,1.0,0.0,0.0,0.0,0.0,0.0,0.0,0.0,0,50290.0
0,1,44,5,0,0,0,0,0,0,0,0,0,0,0,0,0,0,0,0,0,0,276,4,1.0,1.0,0.0,0.0,0.01,0.07,0.0,255,17,0.07,0.07,0.0,0.0,1.0,1.0,0.0,0.0,1,118434.0
0,1,44,5,0,0,0,0,0,0,0,0,0,0,0,0,0,0,0,0,0,0,158,6,1.0,1.0,0.0,0.0,0.04,0.06,0.0,255,16,0.06,0.07,0.0,0.0,1.0,1.0,0.0,0.0,1,4146.0
0,2,11,9,44,110,0,0,0,0,0,0,0,0,0,0,0,0,0,0,0,0,79,159,0.0,0.0,0.0,0.0,1.0,0.0,0.01,255,255,1.0,0.0,0.0,0.0,0.0,0.0,0.0,0.0,0,26259.0
0,1,50,5,0,0,0,0,0,0,0,0,0,0,0,0,0,0,0,0,0,0,209,20,1.0,1.0,0.0,0.0,0.1,0.06,0.0,255,20,0.08,0.06,0.0,0.0,1.0,1.0,0.0,0.0,1,101162.0
0,0,13,9,8,0,0,0,0,0,0,0,0,0,0,0,0,0,0,0,0,0,1,3,0.0,0.0,0.0,0.0,1.0,0.0,1.0,2,74,1.0,0.0,1.0,0.5,0.0,0.0,0.0,0.0,1,57143.0
0,1,22,9,310,327,0,0,0,0,0,1,0,0,0,0,0,0,0,0,0,0,3,24,0.0,0.0,0.0,0.0,1.0,0.0,0.17,91,255,1.0,0.0,0.01,0.01,0.0,0.0,0.0,0.0,0,96478.0
0,1,44,5,0,0,0,0,0,0,0,0,0,0,0,0,0,0,0,0,0,0,120,2,1.0,1.0,0.0,0.0,0.02,0.06,0.0,255,16,0.06,0.07,0.0,0.0,1.0,1.0,0.0,0.0,1,85877.0
0,1,19,9,1830,0,0,0,0,0,0,0,0,0,0,0,0,0,0,0,0,0,5,5,0.0,0.0,0.0,0.0,1.0,0.0,0.0,255,49,0.19,0.48,0.19,0.0,0.48,0.0,0.0,0.0,0,84398.0
0,2,44,9,28,0,0,3,0,0,0,0,0,0,0,0,0,0,0,0,0,0,34,34,0.0,0.0,0.0,0.0,1.0,0.0,0.0,255,34,0.13,0.02,0.13,0.0,0.0,0.0,0.0,0.0,1,95163.0
0,1,22,9,311,5973,0,0,0,0,0,1,0,0,0,0,0,0,0,0,0,0,5,5,0.0,0.0,0.0,0.0,1.0,0.0,0.0,5,255,1.0,0.0,0.2,0.08,0.0,0.01,0.0,0.0,0,40434.0
0,1,22,9,148,22265,0,0,0,0,0,1,0,0,0,0,0,0,0,0,0,0,1,1,0.0,0.0,0.0,0.0,1.0,0.0,0.0,255,255,1.0,0.0,0.0,0.0,0.0,0.0,0.0,0.0,0,8226.0
0,1,40,1,0,0,0,0,0,0,0,0,0,0,0,0,0,0,0,0,0,0,511,1,0.2,0.0,0.8,1.0,0.0,1.0,0.0,255,1,0.0,1.0,0.0,0.0,0.27,0.0,0.73,1.0,1,118972.0
0,1,22,9,158,16617,0,0,0,0,0,1,0,0,0,0,0,0,0,0,0,0,1,1,0.0,0.0,0.0,0.0,1.0,0.0,0.0,143,255,1.0,0.0,0.01,0.01,0.0,0.0,0.0,0.0,0,122407.0
0,1,18,2,0,0,0,0,0,0,0,0,0,0,0,0,0,0,0,0,0,0,250,7,0.0,0.0,1.0,1.0,0.03,0.07,0.0,255,7,0.03,0.08,0.0,0.0,0.0,0.0,1.0,1.0,1,41217.0
39890,1,44,4,1,0,0,0,0,0,0,0,0,0,0,0,0,0,0,0,0,0,2,2,0.0,0.0,1.0,1.0,1.0,0.0,0.0,255,2,0.01,0.5,1.0,0.0,0.0,0.0,1.0,1.0,1,118087.0
0,1,28,5,0,0,0,0,0,0,0,0,0,0,0,0,0,0,0,0,0,0,51,14,1.0,1.0,0.0,0.0,0.27,0.1,0.0,255,14,0.05,0.08,0.0,0.0,1.0,1.0,0.0,0.0,1,112542.0
0,1,22,1,0,0,0,0,0,0,0,0,0,0,0,0,0,0,0,0,0,0,1,2,0.0,0.0,1.0,1.0,1.0,0.0,1.0,2,250,1.0,0.0,0.5,0.18,0.0,0.0,1.0,1.0,0,23887.0
0,0,13,9,8,0,0,0,0,0,0,0,0,0,0,0,0,0,0,0,0,0,1,40,0.0,0.0,0.0,0.0,1.0,0.0,1.0,4,200,1.0,0.0,1.0,0.25,0.0,0.0,0.0,0.0,1,43896.0
0,1,25,5,0,0,0,0,0,0,0,0,0,0,0,0,0,0,0,0,0,0,267,22,1.0,1.0,0.0,0.0,0.08,0.05,0.0,255,22,0.09,0.05,0.0,0.0,1.0,1.0,0.0,0.0,1,35115.0
0,1,40,1,0,0,0,0,0,0,0,0,0,0,0,0,0,0,0,0,0,0,511,1,0.2,0.0,0.8,1.0,0.0,1.0,0.0,255,1,0.0,1.0,0.0,0.0,0.33,0.0,0.67,1.0,1,28148.0
0,2,44,9,28,0,0,3,0,0,0,0,0,0,0,0,0,0,0,0,0,0,11,11,0.0,0.0,0.0,0.0,1.0,0.0,0.0,255,11,0.04,0.02,0.04,0.0,0.0,0.0,0.74,0.0,1,9454.0
0,2,11,9,45,128,0,0,0,0,0,0,0,0,0,0,0,0,0,0,0,0,206,206,0.0,0.0,0.0,0.0,1.0,0.0,0.0,255,251,0.98,0.01,0.0,0.0,0.0,0.0,0.0,0.0,0,54921.0
0,1,2,5,0,0,0,0,0,0,0,0,0,0,0,0,0,0,0,0,0,0,123,19,1.0,1.0,0.0,0.0,0.15,0.06,0.0,255,19,0.07,0.07,0.0,0.0,1.0,1.0,0.0,0.0,1,42542.0
0,2,11,9,46,46,0,0,0,0,0,0,0,0,0,0,0,0,0,0,0,0,114,194,0.0,0.0,0.0,0.0,1.0,0.0,0.01,255,255,1.0,0.0,0.01,0.0,0.0,0.0,0.0,0.0,0,5437.0
0,2,11,9,46,46,0,0,0,0,0,0,0,0,0,0,0,0,0,0,0,0,126,128,0.0,0.0,0.0,0.0,1.0,0.0,0.02,246,181,0.74,0.02,0.01,0.0,0.0,0.0,0.0,0.0,0,25281.0
0,1,22,9,221,1112,0,0,0,0,0,1,0,0,0,0,0,0,0,0,0,0,14,28,0.0,0.0,0.0,0.0,1.0,0.0,0.11,255,255,1.0,0.0,0.0,0.0,0.0,0.0,0.0,0.0,0,81082.0
0,2,11,9,44,137,0,0,0,0,0,0,0,0,0,0,0,0,0,0,0,0,129,195,0.0,0.0,0.0,0.0,1.0,0.0,0.01,255,255,1.0,0.0,0.0,0.0,0.0,0.0,0.0,0.0,0,117216.0
0,0,14,9,1032,0,0,0,0,0,0,0,0,0,0,0,0,0,0,0,0,0,511,511,0.0,0.0,0.0,0.0,1.0,0.0,0.0,255,10,0.04,0.18,0.04,0.0,0.18,0.0,0.0,0.0,1,64472.0
0,1,22,9,308,1512,0,0,0,0,0,1,0,0,0,0,0,0,0,0,0,0,12,16,0.0,0.0,0.0,0.0,1.0,0.0,0.12,255,255,1.0,0.0,0.0,0.0,0.0,0.0,0.0,0.0,0,42189.0
0,1,22,1,0,0,0,0,0,0,0,0,0,0,0,0,0,0,0,0,0,0,1,1,0.0,0.0,1.0,1.0,1.0,0.0,0.0,1,255,1.0,0.0,1.0,0.22,0.0,0.0,1.0,0.92,0,56326.0
0,1,34,5,0,0,0,0,0,0,0,0,0,0,0,0,0,0,0,0,0,0,216,3,1.0,1.0,0.0,0.0,0.01,0.06,0.0,255,18,0.07,0.07,0.0,0.0,1.0,1.0,0.0,0.0,1,90963.0
0,1,22,9,320,296,0,0,0,0,0,1,0,0,0,0,0,0,0,0,0,0,6,8,0.0,0.0,0.0,0.0,1.0,0.0,0.38,187,255,1.0,0.0,0.01,0.02,0.01,0.0,0.0,0.0,0,42116.0
0,0,14,9,1032,0,0,0,0,0,0,0,0,0,0,0,0,0,0,0,0,0,511,511,0.0,0.0,0.0,0.0,1.0,0.0,0.0,255,128,0.5,0.17,0.5,0.0,0.0,0.0,0.0,0.0,1,73902.0
4,1,49,9,2005,358,0,0,0,0,0,1,0,0,0,0,0,0,0,0,0,0,1,1,0.0,0.0,0.0,0.0,1.0,0.0,0.0,171,147,0.44,0.02,0.01,0.01,0.01,0.0,0.0,0.0,0,48534.0
0,1,22,9,277,1993,0,0,0,0,0,1,0,0,0,0,0,0,0,0,0,0,7,10,0.0,0.0,0.0,0.0,1.0,0.0,0.2,177,255,1.0,0.0,0.01,0.02,0.0,0.0,0.0,0.0,0,121269.0
0,1,44,5,0,0,0,0,0,0,0,0,0,0,0,0,0,0,0,0,0,0,248,19,1.0,1.0,0.0,0.0,0.08,0.06,0.0,255,1,0.0,0.09,0.0,0.0,1.0,1.0,0.0,0.0,1,107223.0
0,1,44,5,0,0,0,0,0,0,0,0,0,0,0,0,0,0,0,0,0,0,190,24,1.0,1.0,0.0,0.0,0.13,0.05,0.0,255,24,0.09,0.06,0.0,0.0,1.0,1.0,0.0,0.0,1,62736.0
0,1,44,5,0,0,0,0,0,0,0,0,0,0,0,0,0,0,0,0,0,0,179,5,0.59,1.0,0.0,0.0,0.03,0.04,0.0,255,16,0.06,0.06,0.0,0.0,1.0,1.0,0.0,0.0,1,37506.0
0,1,44,5,0,0,0,0,0,0,0,0,0,0,0,0,0,0,0,0,0,0,125,4,1.0,1.0,0.0,0.0,0.03,0.06,0.0,255,3,0.01,0.07,0.0,0.0,1.0,1.0,0.0,0.0,1,83984.0
0,1,19,9,12983,0,0,0,0,0,0,0,0,0,0,0,0,0,0,0,0,0,3,2,0.0,0.0,0.0,0.0,0.67,0.67,0.0,36,75,0.47,0.11,0.47,0.03,0.0,0.0,0.0,0.0,0,43025.0
0,1,62,5,0,0,0,0,0,0,0,0,0,0,0,0,0,0,0,0,0,0,290,13,1.0,1.0,0.0,0.0,0.04,0.05,0.0,255,13,0.05,0.05,0.0,0.0,1.0,1.0,0.0,0.0,1,42571.0
0,1,22,9,284,307,0,0,0,0,0,1,0,0,0,0,0,0,0,0,0,0,2,29,0.0,0.0,0.0,0.0,1.0,0.0,0.07,255,255,1.0,0.0,0.0,0.0,0.0,0.0,0.0,0.0,0,797.0
0,1,19,9,12324,0,0,0,0,0,0,1,0,0,0,0,0,0,1,0,0,0,2,2,0.0,0.0,0.0,0.0,1.0,0.0,0.0,113,117,0.41,0.03,0.41,0.02,0.0,0.0,0.0,0.0,0,90164.0
0,1,22,9,212,29121,0,0,0,0,0,1,0,0,0,0,0,0,0,0,0,0,4,4,0.0,0.0,0.0,0.0,1.0,0.0,0.0,20,255,1.0,0.0,0.05,0.15,0.0,0.0,0.05,0.64,0,84525.0
0,2,11,9,45,45,0,0,0,0,0,0,0,0,0,0,0,0,0,0,0,0,176,175,0.0,0.0,0.0,0.0,0.99,0.01,0.0,255,254,1.0,0.01,0.0,0.0,0.0,0.0,0.0,0.0,0,112832.0
0,1,22,9,301,3010,0,0,0,0,0,1,0,0,0,0,0,0,0,0,0,0,10,16,0.0,0.0,0.0,0.0,1.0,0.0,0.19,92,255,1.0,0.0,0.01,0.01,0.0,0.0,0.02,0.01,0,4242.0
0,1,22,9,318,1230,0,0,0,0,0,1,0,0,0,0,0,0,0,0,0,0,10,10,0.0,0.0,0.0,0.0,1.0,0.0,0.0,46,255,1.0,0.0,0.02,0.06,0.0,0.0,0.0,0.0,0,110802.0
0,1,44,5,0,0,0,0,0,0,0,0,0,0,0,0,0,0,0,0,0,0,104,4,1.0,1.0,0.0,0.0,0.04,0.06,0.0,255,27,0.11,0.05,0.0,0.0,1.0,1.0,0.0,0.0,1,52727.0
0,0,14,9,1032,0,0,0,0,0,0,0,0,0,0,0,0,0,0,0,0,0,507,507,0.0,0.0,0.0,0.0,1.0,0.0,0.0,255,159,0.62,0.03,0.62,0.0,0.0,0.0,0.0,0.0,1,62767.0
0,0,14,9,520,0,0,0,0,0,0,0,0,0,0,0,0,0,0,0,0,0,477,477,0.0,0.0,0.0,0.0,1.0,0.0,0.0,53,53,1.0,0.0,1.0,0.0,0.0,0.0,0.0,0.0,1,29559.0
0,1,22,9,234,510,0,0,0,0,0,1,0,0,0,0,0,0,0,0,0,0,7,8,0.0,0.0,0.0,0.0,1.0,0.0,0.25,27,255,1.0,0.0,0.04,0.04,0.0,0.0,0.0,0.0,0,4006.0
0,1,26,5,0,0,0,0,0,0,0,0,0,0,0,0,0,0,0,0,0,0,135,22,1.0,1.0,0.0,0.0,0.16,0.05,0.0,255,22,0.09,0.05,0.0,0.0,1.0,1.0,0.0,0.0,1,41057.0
0,1,31,5,0,0,0,0,0,0,0,0,0,0,0,0,0,0,0,0,0,0,266,19,1.0,1.0,0.0,0.0,0.07,0.06,0.0,255,19,0.07,0.08,0.0,0.0,1.0,1.0,0.0,0.0,1,99597.0
0,1,22,9,307,6443,0,0,0,0,0,1,0,0,0,0,0,0,0,0,0,0,3,3,0.0,0.0,0.0,0.0,1.0,0.0,0.0,255,255,1.0,0.0,0.0,0.0,0.0,0.0,0.0,0.0,0,117982.0
0,2,11,9,44,118,0,0,0,0,0,0,0,0,0,0,0,0,0,0,0,0,202,203,0.0,0.0,0.0,0.0,1.0,0.0,0.01,255,166,0.65,0.01,0.0,0.0,0.0,0.0,0.0,0.0,0,17206.0
0,1,22,9,233,6084,0,0,0,0,0,1,0,0,0,0,0,0,0,0,0,0,22,22,0.0,0.0,0.0,0.0,1.0,0.0,0.0,255,255,1.0,0.0,0.0,0.0,0.0,0.0,0.01,0.01,0,113090.0
0,1,7,1,0,0,0,0,0,0,0,0,0,0,0,0,0,0,0,0,0,0,1,1,0.0,0.0,1.0,1.0,1.0,0.0,0.0,65,2,0.02,1.0,0.02,1.0,0.0,0.0,0.95,1.0,1,59917.0
0,1,17,9,9,0,0,0,0,0,0,0,0,0,0,0,0,0,0,0,0,0,1,1,0.0,0.0,0.0,0.0,1.0,0.0,0.0,35,9,0.09,0.09,0.03,0.22,0.03,0.11,0.0,0.0,0,15377.0
0,0,13,9,8,0,0,0,0,0,0,0,0,0,0,0,0,0,0,0,0,0,1,7,0.0,0.0,0.0,0.0,1.0,0.0,1.0,1,15,1.0,0.0,1.0,0.53,0.0,0.0,0.0,0.0,1,13431.0
0,1,60,5,0,0,0,0,0,0,0,0,0,0,0,0,0,0,0,0,0,0,201,2,1.0,1.0,0.0,0.0,0.01,0.05,0.0,255,2,0.01,0.05,0.0,0.0,1.0,1.0,0.0,0.0,1,105502.0
0,1,22,5,0,0,0,0,0,0,0,0,0,0,0,0,0,0,0,0,0,0,56,19,1.0,1.0,0.0,0.0,0.34,0.07,0.0,255,39,0.15,0.06,0.0,0.0,1.0,1.0,0.0,0.0,1,108584.0
0,1,22,9,151,1946,0,0,0,0,0,1,0,0,0,0,0,0,0,0,0,0,1,1,0.0,0.0,0.0,0.0,1.0,0.0,0.0,6,255,1.0,0.0,0.17,0.08,0.0,0.0,0.0,0.0,0,15825.0
0,1,22,5,0,0,0,0,0,0,0,0,0,0,0,0,0,0,0,0,0,0,227,18,1.0,0.06,0.0,0.0,0.0,0.07,0.11,255,1,0.0,0.07,0.0,0.0,1.0,1.0,0.0,0.0,1,101902.0
0,1,22,9,7420,7670,0,0,0,0,0,1,0,0,0,0,0,0,0,0,0,0,17,17,0.0,0.0,0.0,0.0,1.0,0.0,0.0,61,255,1.0,0.0,0.02,0.07,0.0,0.01,0.0,0.0,0,95687.0
0,1,44,1,0,0,0,0,0,0,0,0,0,0,0,0,0,0,0,0,0,0,292,1,0.07,0.0,0.88,1.0,0.0,1.0,0.0,255,1,0.0,1.0,0.0,0.0,0.08,0.0,0.88,1.0,1,55848.0
0,1,22,9,375,306,0,0,0,0,0,1,0,0,0,0,0,0,0,0,0,0,8,8,0.0,0.0,0.0,0.0,1.0,0.0,0.0,255,255,1.0,0.0,0.0,0.0,0.01,0.01,0.0,0.0,0,8956.0
0,1,22,1,0,0,0,0,0,0,0,0,0,0,0,0,0,0,0,0,0,0,1,1,0.0,0.0,1.0,1.0,1.0,0.0,0.0,17,255,1.0,0.0,0.06,0.03,0.0,0.0,1.0,0.89,0,61443.0
0,2,11,9,36,0,0,0,0,0,0,0,0,0,0,0,0,0,0,0,0,0,1,2,0.0,0.0,0.0,0.0,1.0,0.0,1.0,255,33,0.13,0.08,0.13,0.0,0.01,0.0,0.0,0.0,0,125024.0
0,1,22,9,265,40439,0,0,0,2,0,1,0,0,0,0,0,0,0,0,0,0,1,3,0.0,0.33,0.0,0.0,1.0,0.0,1.0,255,255,1.0,0.0,0.0,0.0,0.0,0.0,0.0,0.0,0,94925.0
0,1,22,9,211,1335,0,0,0,0,0,1,0,0,0,0,0,0,0,0,0,0,7,7,0.0,0.0,0.0,0.0,1.0,0.0,0.0,26,255,1.0,0.0,0.04,0.02,0.0,0.0,0.0,0.0,0,66347.0
2,1,49,9,1467,332,0,0,0,0,0,1,0,0,0,0,0,0,0,0,0,0,1,4,0.0,0.0,0.0,0.0,1.0,0.0,1.0,149,190,0.89,0.03,0.01,0.01,0.0,0.0,0.0,0.0,0,123510.0
0,2,11,9,46,75,0,0,0,0,0,0,0,0,0,0,0,0,0,0,0,0,92,92,0.0,0.0,0.0,0.0,1.0,0.0,0.0,255,168,0.66,0.01,0.0,0.0,0.0,0.0,0.0,0.0,0,79295.0
0,0,13,9,8,0,0,0,0,0,0,0,0,0,0,0,0,0,0,0,0,0,1,39,0.0,0.0,0.0,0.0,1.0,0.0,1.0,4,184,1.0,0.0,1.0,0.25,0.0,0.0,0.0,0.0,1,96598.0
0,1,44,5,0,0,0,0,0,0,0,0,0,0,0,0,0,0,0,0,0,0,248,19,1.0,1.0,0.0,0.0,0.08,0.06,0.0,255,19,0.07,0.05,0.0,0.0,1.0,1.0,0.0,0.0,1,105578.0
0,1,31,5,0,0,0,0,0,0,0,0,0,0,0,0,0,0,0,0,0,0,243,1,1.0,1.0,0.0,0.0,0.0,0.06,0.0,255,1,0.0,0.08,0.0,0.0,1.0,1.0,0.0,0.0,1,57742.0
0,1,22,9,319,1606,0,0,0,0,0,1,0,0,0,0,0,0,0,0,0,0,50,50,0.0,0.0,0.0,0.0,1.0,0.0,0.0,255,255,1.0,0.0,0.0,0.0,0.0,0.0,0.0,0.0,0,36560.0
0,1,50,5,0,0,0,0,0,0,0,0,0,0,0,0,0,0,0,0,0,0,121,15,1.0,1.0,0.0,0.0,0.12,0.07,0.0,255,15,0.06,0.09,0.0,0.0,1.0,1.0,0.0,0.0,1,36142.0
0,1,22,9,270,57,0,0,0,0,0,1,0,0,0,0,0,0,0,0,0,0,1,1,0.0,0.0,0.0,0.0,1.0,0.0,0.0,22,255,1.0,0.0,0.05,0.07,0.0,0.0,0.0,0.0,0,17368.0
73,1,22,9,344,487,0,0,0,0,0,1,0,0,0,0,0,0,0,0,0,0,1,6,0.0,0.0,0.0,0.0,1.0,0.0,0.33,4,255,1.0,0.0,0.25,0.04,0.0,0.01,0.0,0.0,0,51756.0
0,1,22,9,312,285,0,0,0,0,0,1,0,0,0,0,0,0,0,0,0,0,18,18,0.0,0.0,0.0,0.0,1.0,0.0,0.0,255,255,1.0,0.0,0.0,0.0,0.0,0.0,0.0,0.0,0,123442.0
0,1,44,5,0,0,0,0,0,0,0,0,0,0,0,0,0,0,0,0,0,0,79,19,1.0,1.0,0.0,0.0,0.24,0.05,0.0,255,20,0.08,0.06,0.0,0.0,1.0,1.0,0.0,0.0,1,70189.0
0,0,14,9,520,0,0,0,0,0,0,0,0,0,0,0,0,0,0,0,0,0,435,435,0.0,0.0,0.0,0.0,1.0,0.0,0.0,244,244,1.0,0.0,1.0,0.0,0.0,0.0,0.0,0.0,1,62161.0
0,1,8,10,0,0,0,0,0,0,0,0,0,0,0,0,0,0,0,0,0,0,1,1,1.0,1.0,0.0,0.0,1.0,0.0,0.0,255,1,0.0,1.0,1.0,0.0,1.0,1.0,0.0,0.0,1,55018.0
0,1,4,5,0,0,0,0,0,0,0,0,0,0,0,0,0,0,0,0,0,0,273,16,1.0,1.0,0.0,0.0,0.06,0.06,0.0,255,16,0.06,0.08,0.0,0.0,1.0,1.0,0.0,0.0,1,63263.0
0,1,19,5,0,0,0,0,0,0,0,0,0,0,0,0,0,0,0,0,0,0,5,1,1.0,1.0,0.0,0.0,0.2,0.4,0.0,255,69,0.27,0.02,0.0,0.0,1.0,1.0,0.0,0.0,1,122042.0
0,1,55,5,0,0,0,0,0,0,0,0,0,0,0,0,0,0,0,0,0,0,290,20,1.0,1.0,0.0,0.0,0.07,0.06,0.0,255,32,0.13,0.06,0.0,0.0,1.0,1.0,0.0,0.0,1,99651.0
3,1,49,9,2085,340,0,0,0,0,0,1,0,0,0,0,0,0,0,0,0,0,1,2,0.0,0.0,0.0,0.0,1.0,0.0,1.0,255,155,0.61,0.02,0.0,0.0,0.0,0.0,0.0,0.0,0,55413.0
0,1,44,5,0,0,0,0,0,0,0,0,0,0,0,0,0,0,0,0,0,0,221,11,1.0,1.0,0.0,0.0,0.05,0.05,0.0,81,11,0.14,0.1,0.01,0.0,0.98,1.0,0.0,0.0,1,89449.0
0,0,14,9,64,0,0,0,0,0,0,0,0,0,0,0,0,0,0,0,0,0,1,1,0.0,0.0,0.0,0.0,1.0,0.0,0.0,120,2,0.02,0.03,0.02,0.0,0.16,0.0,0.0,0.0,0,51544.0
0,2,11,9,46,141,0,0,0,0,0,0,0,0,0,0,0,0,0,0,0,0,284,283,0.0,0.0,0.0,0.0,1.0,0.01,0.0,249,214,0.86,0.01,0.0,0.0,0.0,0.0,0.0,0.0,0,75595.0
0,1,44,5,0,0,0,0,0,0,0,0,0,0,0,0,0,0,0,0,0,0,253,5,1.0,1.0,0.0,0.0,0.02,0.07,0.0,255,3,0.01,0.07,0.0,0.0,1.0,1.0,0.0,0.0,1,45327.0
0,1,22,9,265,10485,0,0,0,0,0,1,0,0,0,0,0,0,0,0,0,0,1,1,0.0,0.0,0.0,0.0,1.0,0.0,0.0,73,255,1.0,0.0,0.01,0.03,0.0,0.0,0.0,0.0,0,58461.0
0,1,44,5,0,0,0,0,0,0,0,0,0,0,0,0,0,0,0,0,0,0,170,2,1.0,1.0,0.0,0.0,0.01,0.09,0.0,255,2,0.01,0.09,0.0,0.0,1.0,1.0,0.0,0.0,1,1215.0
0,2,40,9,516,4,0,0,0,0,0,0,0,0,0,0,0,0,0,0,0,0,157,157,0.0,0.0,0.0,0.0,1.0,0.0,0.0,157,157,1.0,0.0,1.0,0.0,0.0,0.0,0.0,0.0,0,88623.0
0,1,5,5,0,0,0,0,0,0,0,0,0,0,0,0,0,0,0,0,0,0,10,6,1.0,1.0,0.0,0.0,0.6,0.2,0.0,255,15,0.06,0.07,0.0,0.0,1.0,1.0,0.0,0.0,1,52698.0
0,2,11,9,44,77,0,0,0,0,0,0,0,0,0,0,0,0,0,0,0,0,192,192,0.0,0.0,0.0,0.0,1.0,0.0,0.0,255,254,1.0,0.01,0.01,0.0,0.0,0.0,0.0,0.0,0,123218.0
0,1,22,9,245,7333,0,0,0,0,0,1,0,0,0,0,0,0,0,0,0,0,6,9,0.0,0.0,0.0,0.0,1.0,0.0,0.22,255,255,1.0,0.0,0.0,0.0,0.01,0.01,0.0,0.0,0,43433.0
0,0,13,9,18,0,0,0,0,0,0,0,0,0,0,0,0,0,0,0,0,0,1,1,0.0,0.0,0.0,0.0,1.0,0.0,0.0,4,60,1.0,0.0,1.0,0.25,0.0,0.0,0.0,0.0,1,85327.0
0,1,44,5,0,0,0,0,0,0,0,0,0,0,0,0,0,0,0,0,0,0,210,2,1.0,1.0,0.0,0.0,0.01,0.07,0.0,255,2,0.01,0.06,0.0,0.0,1.0,1.0,0.0,0.0,1,30365.0
7,1,22,9,284,148,0,0,0,0,0,1,0,0,0,0,0,0,0,0,0,0,3,3,0.0,0.0,0.0,0.0,1.0,0.0,0.0,20,255,1.0,0.0,0.05,0.01,0.0,0.0,0.0,0.0,0,8651.0
0,1,19,9,192,0,0,0,0,0,0,0,0,0,0,0,0,0,0,0,0,0,2,2,0.0,0.0,0.0,0.0,1.0,0.0,0.0,63,119,0.84,0.05,0.84,0.02,0.0,0.0,0.0,0.0,0,19048.0
0,0,14,9,520,0,0,0,0,0,0,0,0,0,0,0,0,0,0,0,0,0,367,367,0.0,0.0,0.0,0.0,1.0,0.0,0.0,255,255,1.0,0.0,1.0,0.0,0.0,0.0,0.0,0.0,1,22152.0
0,1,40,1,0,0,0,0,0,0,0,0,0,0,0,0,0,0,0,0,0,0,511,1,0.07,0.0,0.93,1.0,0.0,1.0,0.0,255,1,0.0,1.0,0.0,0.0,0.02,0.0,0.98,1.0,1,94762.0
0,2,11,9,44,74,0,0,0,0,0,0,0,0,0,0,0,0,0,0,0,0,109,110,0.0,0.0,0.0,0.0,1.0,0.0,0.02,255,254,1.0,0.01,0.0,0.0,0.0,0.0,0.0,0.0,0,29504.0
0,1,22,9,256,255,0,0,0,0,0,1,0,0,0,0,0,0,0,0,0,0,18,18,0.0,0.0,0.0,0.0,1.0,0.0,0.0,255,255,1.0,0.0,0.0,0.0,0.0,0.0,0.0,0.0,0,31123.0
0,1,22,9,333,259,0,0,0,0,0,1,0,0,0,0,0,0,0,0,0,0,30,30,0.0,0.0,0.0,0.0,1.0,0.0,0.0,255,255,1.0,0.0,0.0,0.0,0.0,0.0,0.0,0.0,0,72755.0
0,1,15,5,0,0,0,0,0,0,0,0,0,0,0,0,0,0,0,0,0,0,142,16,1.0,1.0,0.0,0.0,0.11,0.06,0.0,255,16,0.06,0.06,0.0,0.0,1.0,1.0,0.0,0.0,1,32736.0
0,1,7,5,0,0,0,0,0,0,0,0,0,0,0,0,0,0,0,0,0,0,239,8,1.0,1.0,0.0,0.0,0.03,0.06,0.0,255,7,0.03,0.07,0.0,0.0,1.0,1.0,0.0,0.0,1,41824.0
0,1,44,5,0,0,0,0,0,0,0,0,0,0,0,0,0,0,0,0,0,0,189,1,1.0,1.0,0.0,0.0,0.01,0.07,0.0,255,10,0.04,0.07,0.0,0.0,1.0,1.0,0.0,0.0,1,4362.0
0,1,22,1,0,0,0,0,0,0,0,0,0,0,0,0,0,0,0,0,0,0,1,1,0.0,0.0,1.0,1.0,1.0,0.0,0.0,16,22,1.0,0.0,0.06,0.09,0.0,0.09,1.0,0.77,0,124473.0
0,1,19,9,259,0,0,0,0,0,0,0,0,0,0,0,0,0,0,0,0,0,3,2,0.0,0.0,0.0,0.0,0.67,0.67,0.0,255,89,0.35,0.08,0.42,0.0,0.0,0.01,0.0,0.0,1,2384.0
0,1,20,5,0,0,0,0,0,0,0,0,0,0,0,0,0,0,0,0,0,0,233,17,1.0,1.0,0.0,0.0,0.07,0.06,0.0,255,4,0.02,0.08,0.0,0.0,1.0,1.0,0.0,0.0,1,27389.0
0,1,2,1,0,0,0,0,0,0,0,0,0,0,0,0,0,0,0,0,0,0,117,11,0.0,0.0,1.0,1.0,0.09,0.07,0.0,255,11,0.04,0.07,0.0,0.0,0.0,0.0,1.0,1.0,1,41221.0
0,1,22,9,228,13210,0,0,0,0,0,1,0,0,0,0,0,0,0,0,0,0,16,16,0.0,0.0,0.0,0.0,1.0,0.0,0.0,255,255,1.0,0.0,0.0,0.0,0.0,0.0,0.0,0.0,0,115081.0
0,1,44,5,0,0,0,0,0,0,0,0,0,0,0,0,0,0,0,0,0,0,172,2,1.0,1.0,0.0,0.0,0.01,0.06,0.0,18,2,0.11,0.22,0.06,0.0,0.22,1.0,0.06,0.0,1,115551.0
0,1,19,9,641,0,0,0,0,0,0,0,0,0,0,0,0,0,0,0,0,0,2,2,0.0,0.0,0.0,0.0,1.0,0.0,0.0,156,71,0.42,0.04,0.42,0.03,0.01,0.0,0.01,0.0,0,57341.0
0,1,22,9,54540,8314,0,0,0,2,0,1,1,0,0,0,0,0,0,0,0,0,2,2,0.0,0.0,0.0,0.0,1.0,0.0,0.0,172,172,1.0,0.0,0.01,0.0,0.0,0.0,0.01,0.01,1,27194.0
0,1,44,5,0,0,0,0,0,0,0,0,0,0,0,0,0,0,0,0,0,0,215,12,1.0,1.0,0.0,0.0,0.06,0.07,0.0,255,17,0.07,0.07,0.0,0.0,1.0,1.0,0.0,0.0,1,123321.0
0,1,22,9,219,435,0,0,0,0,0,1,0,0,0,0,0,0,0,0,0,0,21,21,0.0,0.0,0.0,0.0,1.0,0.0,0.0,255,255,1.0,0.0,0.0,0.0,0.0,0.0,0.0,0.0,0,112923.0
0,1,22,1,0,0,0,0,0,0,0,0,0,0,0,0,0,0,0,0,0,0,1,1,0.0,0.0,1.0,1.0,1.0,0.0,0.0,83,255,1.0,0.0,0.01,0.16,0.0,0.0,1.0,1.0,0,104346.0
0,1,22,9,313,1268,0,0,0,0,0,1,0,0,0,0,0,0,0,0,0,0,8,21,0.0,0.0,0.0,0.0,1.0,0.0,0.14,97,255,1.0,0.0,0.01,0.02,0.0,0.0,0.0,0.0,0,42376.0
0,2,44,9,105,0,0,0,0,0,0,0,0,0,0,0,0,0,0,0,0,0,2,2,0.0,0.0,0.0,0.0,1.0,0.0,0.0,34,34,1.0,0.0,0.09,0.0,0.0,0.0,0.0,0.0,0,103291.0
0,1,22,1,0,0,0,0,0,0,0,0,0,0,0,0,0,0,0,0,0,0,12,12,0.0,0.0,0.67,0.67,1.0,0.0,0.0,30,110,1.0,0.0,0.03,0.18,0.0,0.0,0.87,0.96,0,42421.0
0,1,62,5,0,0,0,0,0,0,0,0,0,0,0,0,0,0,0,0,0,0,280,10,1.0,1.0,0.0,0.0,0.04,0.06,0.0,255,10,0.04,0.08,0.0,0.0,1.0,1.0,0.0,0.0,1,85730.0
0,1,44,1,0,0,0,0,0,0,0,0,0,0,0,0,0,0,0,0,0,0,511,1,0.09,0.0,0.91,1.0,0.0,1.0,0.0,255,1,0.0,1.0,0.0,0.0,0.14,0.0,0.85,1.0,1,113538.0
0,2,11,9,44,125,0,0,0,0,0,0,0,0,0,0,0,0,0,0,0,0,110,111,0.0,0.0,0.0,0.0,1.0,0.0,0.02,255,253,0.99,0.01,0.0,0.0,0.0,0.0,0.0,0.0,0,31145.0
0,1,60,5,0,0,0,0,0,0,0,0,0,0,0,0,0,0,0,0,0,0,259,12,1.0,1.0,0.0,0.0,0.05,0.06,0.0,255,9,0.04,0.07,0.0,0.0,1.0,1.0,0.0,0.0,1,74479.0
0,0,13,9,18,0,0,0,0,0,0,0,0,0,0,0,0,0,0,0,0,0,1,1,0.0,0.0,0.0,0.0,1.0,0.0,0.0,3,87,1.0,0.0,1.0,0.25,0.0,0.0,0.0,0.0,1,112871.0
0,1,22,9,319,4385,0,0,0,0,0,1,0,0,0,0,0,0,0,0,0,0,9,9,0.0,0.0,0.0,0.0,1.0,0.0,0.0,35,255,1.0,0.0,0.03,0.04,0.0,0.01,0.0,0.01,0,50591.0
0,1,22,9,325,674,0,0,0,0,0,1,0,0,0,0,0,0,0,0,0,0,2,2,0.0,0.0,0.0,0.0,1.0,0.0,0.0,255,255,1.0,0.0,0.0,0.0,0.0,0.0,0.0,0.0,0,89104.0
0,1,44,5,0,0,0,0,0,0,0,0,0,0,0,0,0,0,0,0,0,0,28,4,1.0,1.0,0.0,0.0,0.14,0.11,0.0,255,18,0.07,0.07,0.0,0.0,1.0,1.0,0.0,0.0,1,29414.0
0,1,22,9,54540,8314,0,0,0,2,0,1,1,0,0,0,0,0,0,0,0,0,4,4,0.0,0.0,0.0,0.0,1.0,0.0,0.0,255,255,1.0,0.0,0.0,0.0,0.0,0.0,0.06,0.06,1,29389.0
0,2,11,9,45,134,0,0,0,0,0,0,0,0,0,0,0,0,0,0,0,0,301,301,0.0,0.0,0.0,0.0,1.0,0.0,0.0,255,254,1.0,0.01,0.0,0.0,0.0,0.0,0.0,0.0,0,94712.0
0,1,5,5,0,0,0,0,0,0,0,0,0,0,0,0,0,0,0,0,0,0,141,20,1.0,1.0,0.0,0.0,0.14,0.06,0.0,255,20,0.08,0.07,0.0,0.0,1.0,1.0,0.0,0.0,1,10712.0
0,1,22,9,257,1968,0,0,0,0,0,1,0,0,0,0,0,0,0,0,0,0,8,20,0.0,0.0,0.0,0.0,1.0,0.0,0.3,238,255,1.0,0.0,0.0,0.02,0.0,0.0,0.0,0.0,0,123543.0
0,2,11,9,46,135,0,0,0,0,0,0,0,0,0,0,0,0,0,0,0,0,77,157,0.0,0.0,0.0,0.0,1.0,0.0,0.01,255,255,1.0,0.0,0.0,0.0,0.0,0.0,0.0,0.0,0,36540.0
0,1,22,1,0,0,0,0,0,0,0,0,0,0,0,0,0,0,0,0,0,0,1,1,0.0,0.0,1.0,1.0,1.0,0.0,0.0,155,255,1.0,0.0,0.01,0.06,0.0,0.0,0.99,0.97,0,83933.0
0,1,55,5,0,0,0,0,0,0,0,0,0,0,0,0,0,0,0,0,0,0,25,15,1.0,1.0,0.0,0.0,0.6,0.08,0.0,225,56,0.24,0.02,0.0,0.04,1.0,0.98,0.0,0.0,1,119233.0
31,1,18,9,1472,4152,0,0,0,30,0,1,0,0,0,0,0,0,0,0,0,1,1,1,0.0,0.0,0.0,0.0,1.0,0.0,0.0,95,27,0.28,0.04,0.01,0.0,0.01,0.04,0.0,0.0,0,33993.0
0,2,44,9,1,0,0,0,0,0,0,0,0,0,0,0,0,0,0,0,0,0,10,6,0.0,0.0,0.0,0.0,0.6,0.2,0.0,255,6,0.02,0.86,0.16,0.0,0.03,0.0,0.82,0.0,1,9921.0
0,1,2,5,0,0,0,0,0,0,0,0,0,0,0,0,0,0,0,0,0,0,246,5,1.0,1.0,0.0,0.0,0.02,0.07,0.0,255,5,0.02,0.07,0.0,0.0,1.0,1.0,0.0,0.0,1,118184.0
0,1,44,5,0,0,0,0,0,0,0,0,0,0,0,0,0,0,0,0,0,0,116,13,1.0,1.0,0.0,0.0,0.11,0.06,0.0,255,3,0.01,0.06,0.0,0.0,1.0,1.0,0.0,0.0,1,90272.0
0,1,22,9,315,7736,0,0,0,0,0,1,0,0,0,0,0,0,0,0,0,0,5,5,0.0,0.0,0.0,0.0,1.0,0.0,0.0,140,255,1.0,0.0,0.01,0.01,0.0,0.0,0.0,0.0,0,34395.0
0,2,11,9,44,73,0,0,0,0,0,0,0,0,0,0,0,0,0,0,0,0,181,181,0.0,0.0,0.0,0.0,1.0,0.0,0.0,255,235,0.92,0.01,0.0,0.0,0.0,0.0,0.0,0.0,0,125653.0
0,1,44,5,0,0,0,0,0,0,0,0,0,0,0,0,0,0,0,0,0,0,17,8,1.0,1.0,0.0,0.0,0.47,0.18,0.0,255,8,0.03,0.06,0.0,0.0,1.0,1.0,0.0,0.0,1,119588.0
0,1,2,5,0,0,0,0,0,0,0,0,0,0,0,0,0,0,0,0,0,0,208,2,1.0,1.0,0.0,0.0,0.01,0.06,0.0,255,2,0.01,0.07,0.0,0.0,1.0,1.0,0.0,0.0,1,122714.0
0,1,22,6,0,0,0,0,0,0,0,1,0,0,0,0,0,0,0,0,0,0,1,1,1.0,1.0,0.0,0.0,1.0,0.0,0.0,37,255,1.0,0.0,0.03,0.08,0.03,0.0,0.97,1.0,0,31275.0
0,1,23,5,0,0,0,0,0,0,0,0,0,0,0,0,0,0,0,0,0,0,299,25,1.0,1.0,0.0,0.0,0.08,0.05,0.0,255,25,0.1,0.07,0.0,0.0,1.0,1.0,0.0,0.0,1,29339.0
0,1,44,1,0,0,0,0,0,0,0,0,0,0,0,0,0,0,0,0,0,0,1,1,0.0,0.0,1.0,1.0,1.0,0.0,0.0,255,1,0.0,0.67,0.65,0.0,0.0,0.0,0.65,1.0,1,71967.0
0,1,22,9,246,1342,0,0,0,0,0,1,0,0,0,0,0,0,0,0,0,0,5,9,0.0,0.0,0.0,0.0,1.0,0.0,0.22,255,255,1.0,0.0,0.0,0.0,0.0,0.0,0.0,0.0,0,38982.0
0,1,36,5,0,0,0,0,0,0,0,0,0,0,0,0,0,0,0,0,0,0,286,13,1.0,1.0,0.0,0.0,0.05,0.06,0.0,255,5,0.02,0.07,0.0,0.0,1.0,1.0,0.0,0.0,1,23242.0
0,1,22,9,311,1542,0,0,0,0,0,1,0,0,0,0,0,0,0,0,0,0,11,23,0.0,0.0,0.0,0.0,1.0,0.0,0.13,255,255,1.0,0.0,0.0,0.0,0.0,0.0,0.0,0.0,0,88410.0
0,2,11,9,46,72,0,0,0,0,0,0,0,0,0,0,0,0,0,0,0,0,106,106,0.0,0.0,0.0,0.0,1.0,0.0,0.0,255,223,0.87,0.01,0.0,0.0,0.0,0.0,0.0,0.0,0,125874.0
0,1,44,5,0,0,0,0,0,0,0,0,0,0,0,0,0,0,0,0,0,0,91,25,1.0,1.0,0.0,0.0,0.27,0.05,0.0,255,25,0.1,0.06,0.0,0.0,1.0,1.0,0.0,0.0,1,67591.0
0,1,22,9,465,8759,0,0,0,0,0,1,0,0,0,0,0,0,0,0,0,0,1,1,0.0,0.0,0.0,0.0,1.0,0.0,0.0,1,255,1.0,0.0,1.0,0.05,0.0,0.0,0.0,0.0,0,95608.0
0,1,32,5,0,0,0,0,0,0,0,0,0,0,0,0,0,0,0,0,0,0,211,11,1.0,1.0,0.0,0.0,0.05,0.06,0.0,255,11,0.04,0.07,0.0,0.0,1.0,1.0,0.0,0.0,1,50083.0
0,1,22,9,289,901,0,0,0,0,0,1,0,0,0,0,0,0,0,0,0,0,12,32,0.0,0.0,0.0,0.0,1.0,0.0,0.09,39,255,1.0,0.0,0.03,0.02,0.0,0.0,0.0,0.0,0,22657.0
0,2,11,9,46,134,0,0,0,0,0,0,0,0,0,0,0,0,0,0,0,0,203,280,0.0,0.0,0.0,0.0,1.0,0.01,0.01,205,166,0.81,0.01,0.0,0.0,0.0,0.0,0.0,0.0,0,86888.0
0,1,40,1,0,0,0,0,0,0,0,0,0,0,0,0,0,0,0,0,0,0,1,1,0.0,0.0,1.0,1.0,1.0,0.0,0.0,18,18,1.0,0.0,0.06,0.0,0.0,0.0,1.0,1.0,0,121477.0
0,0,14,9,1032,0,0,0,0,0,0,0,0,0,0,0,0,0,0,0,0,0,511,511,0.0,0.0,0.0,0.0,1.0,0.0,0.0,255,99,0.39,0.1,0.39,0.0,0.0,0.0,0.0,0.0,1,37689.0
0,1,22,9,221,2705,0,0,0,0,0,1,0,0,0,0,0,0,0,0,0,0,2,2,0.5,0.5,0.0,0.0,1.0,0.0,0.0,53,255,1.0,0.0,0.02,0.02,0.02,0.0,0.0,0.0,0,12749.0
0,1,7,5,0,0,0,0,0,0,0,0,0,0,0,0,0,0,0,0,0,0,212,20,1.0,1.0,0.0,0.0,0.09,0.07,0.0,255,20,0.08,0.07,0.0,0.0,1.0,1.0,0.0,0.0,1,122562.0
0,1,17,9,9,140,0,0,0,0,0,0,0,0,0,0,0,0,0,0,0,0,1,1,0.0,0.0,0.0,0.0,1.0,0.0,0.0,1,5,1.0,0.0,1.0,0.4,0.0,0.0,0.0,0.0,0,74228.0
0,1,49,9,1331,400,0,0,0,0,0,1,0,0,0,0,0,0,0,0,0,0,1,1,0.0,0.0,0.0,0.0,1.0,0.0,0.0,41,232,0.61,0.07,0.02,0.01,0.37,0.0,0.0,0.0,0,57773.0
0,1,26,5,0,0,0,0,0,0,0,0,0,0,0,0,0,0,0,0,0,0,139,7,1.0,1.0,0.0,0.0,0.05,0.06,0.0,255,10,0.04,0.07,0.0,0.0,1.0,1.0,0.0,0.0,1,57433.0
0,0,13,9,8,0,0,0,0,0,0,0,0,0,0,0,0,0,0,0,0,0,1,44,0.0,0.0,0.0,0.0,1.0,0.0,1.0,4,232,1.0,0.0,1.0,0.25,0.0,0.0,0.0,0.0,1,66569.0
0,1,44,1,0,0,0,0,0,0,0,0,0,0,0,0,0,0,0,0,0,0,77,1,0.01,0.0,0.92,1.0,0.01,1.0,0.0,255,1,0.0,0.33,0.0,0.0,0.0,0.0,0.29,1.0,1,68922.0
0,1,22,9,194,622,0,0,0,0,0,1,0,0,0,0,0,0,0,0,0,0,9,9,0.0,0.0,0.0,0.0,1.0,0.0,0.0,255,255,1.0,0.0,0.0,0.0,0.0,0.0,0.0,0.0,0,44032.0
0,2,44,9,215,0,0,0,0,0,0,0,0,0,0,0,0,0,0,0,0,0,1,1,0.0,0.0,0.0,0.0,1.0,0.0,0.0,51,43,0.84,0.04,0.84,0.0,0.0,0.0,0.0,0.0,1,13545.0
0,1,22,9,237,394,0,0,0,0,0,1,0,0,0,0,0,0,0,0,0,0,1,17,0.0,0.0,0.0,0.0,1.0,0.0,0.12,5,255,1.0,0.0,0.2,0.08,0.0,0.0,0.0,0.0,0,71509.0
0,1,44,1,0,0,0,0,0,0,0,0,0,0,0,0,0,0,0,0,0,0,256,17,0.0,0.0,1.0,1.0,0.07,0.07,0.0,255,17,0.07,0.07,0.0,0.0,0.0,0.0,1.0,1.0,1,10549.0
0,1,2,5,0,0,0,0,0,0,0,0,0,0,0,0,0,0,0,0,0,0,227,14,1.0,1.0,0.0,0.0,0.06,0.05,0.0,255,14,0.05,0.06,0.0,0.0,1.0,1.0,0.0,0.0,1,13763.0
0,1,22,9,337,4874,0,0,0,0,0,1,0,0,0,0,0,0,0,0,0,0,14,14,0.0,0.0,0.0,0.0,1.0,0.0,0.0,33,255,1.0,0.0,0.03,0.06,0.0,0.0,0.0,0.0,0,22046.0
4,1,18,9,6,109,0,0,0,0,0,0,0,0,0,0,0,0,0,0,0,0,3,1,0.0,0.0,0.33,0.0,0.33,1.0,0.0,255,1,0.0,0.32,0.0,0.0,0.0,0.0,0.11,0.0,1,95994.0
0,1,22,9,204,248,0,0,0,0,0,1,0,0,0,0,0,0,0,0,0,0,9,9,0.0,0.0,0.0,0.0,1.0,0.0,0.0,154,255,1.0,0.0,0.01,0.03,0.0,0.0,0.0,0.0,0,38759.0
0,1,44,1,0,0,0,0,0,0,0,0,0,0,0,0,0,0,0,0,0,0,232,14,0.0,0.0,1.0,1.0,0.06,0.06,0.0,255,14,0.05,0.06,0.0,0.0,0.0,0.0,1.0,1.0,1,81518.0
0,0,14,9,520,0,0,0,0,0,0,0,0,0,0,0,0,0,0,0,0,0,145,145,0.0,0.0,0.0,0.0,1.0,0.0,0.0,255,255,1.0,0.0,1.0,0.0,0.0,0.0,0.0,0.0,1,85727.0
0,1,22,9,219,1683,0,0,0,0,0,1,0,0,0,0,0,0,0,0,0,0,15,15,0.0,0.0,0.0,0.0,1.0,0.0,0.0,15,255,1.0,0.0,0.07,0.04,0.0,0.0,0.0,0.0,0,8512.0
0,1,22,9,317,759,0,0,0,0,0,1,0,0,0,0,0,0,0,0,0,0,24,34,0.0,0.0,0.0,0.0,1.0,0.0,0.09,255,255,1.0,0.0,0.0,0.0,0.0,0.0,0.0,0.0,0,35709.0
0,1,23,1,0,0,0,0,0,0,0,0,0,0,0,0,0,0,0,0,0,0,76,10,0.0,0.0,1.0,1.0,0.13,0.08,0.0,255,10,0.04,0.06,0.0,0.0,0.0,0.0,1.0,1.0,1,125486.0
0,1,41,1,0,0,0,0,0,0,0,0,0,0,0,0,0,0,0,0,0,0,201,10,0.0,0.0,1.0,1.0,0.05,0.06,0.0,255,10,0.04,0.07,0.0,0.0,0.0,0.0,1.0,1.0,1,8070.0
0,1,22,9,223,3616,0,0,0,0,0,1,0,0,0,0,0,0,0,0,0,0,5,8,0.2,0.12,0.0,0.0,1.0,0.0,0.25,97,231,1.0,0.0,0.01,0.04,0.0,0.0,0.0,0.0,0,8853.0
0,1,22,9,240,5294,0,0,0,0,0,1,0,0,0,0,0,0,0,0,0,0,1,1,0.0,0.0,0.0,0.0,1.0,0.0,0.0,25,255,1.0,0.0,0.04,0.03,0.0,0.0,0.0,0.0,0,80922.0
0,1,44,5,0,0,0,0,0,0,0,0,0,0,0,0,0,0,0,0,0,0,289,1,1.0,1.0,0.0,0.0,0.0,0.06,0.0,255,5,0.02,0.07,0.0,0.0,1.0,1.0,0.0,0.0,1,50798.0
0,1,44,4,0,0,0,0,0,0,0,0,0,0,0,0,0,0,0,0,0,0,1,1,0.0,0.0,1.0,1.0,1.0,0.0,0.0,129,1,0.01,0.06,0.07,0.0,0.0,0.0,0.07,1.0,1,96128.0
3,1,49,9,1263,331,0,0,0,0,0,1,0,0,0,0,0,0,0,0,0,0,1,3,0.0,0.0,0.0,0.0,1.0,0.0,1.0,121,160,0.7,0.02,0.01,0.01,0.0,0.0,0.0,0.0,0,84754.0
1,1,49,9,2943,328,0,0,0,0,0,1,0,0,0,0,0,0,0,0,0,0,1,1,0.0,0.0,0.0,0.0,1.0,0.0,0.0,94,183,0.66,0.03,0.01,0.01,0.0,0.0,0.0,0.0,0,108270.0
0,2,44,9,1,0,0,0,0,0,0,0,0,0,0,0,0,0,0,0,0,0,129,92,0.0,0.0,0.0,0.0,0.71,0.05,0.0,255,146,0.57,0.05,1.0,0.0,0.0,0.0,0.0,0.0,1,49691.0
0,1,22,9,297,1817,0,0,0,0,0,1,0,0,0,0,0,0,0,0,0,0,3,3,0.33,0.33,0.0,0.0,1.0,0.0,0.0,108,255,1.0,0.0,0.01,0.01,0.01,0.0,0.0,0.0,0,64782.0
0,1,30,5,0,0,0,0,0,0,0,0,0,0,0,0,0,0,0,0,0,0,109,17,1.0,1.0,0.0,0.0,0.16,0.06,0.0,255,17,0.07,0.06,0.0,0.0,1.0,1.0,0.0,0.0,1,96199.0
0,1,23,1,0,0,0,0,0,0,0,0,0,0,0,0,0,0,0,0,0,0,122,16,0.0,0.0,1.0,1.0,0.13,0.07,0.0,255,16,0.06,0.07,0.0,0.0,0.0,0.0,1.0,1.0,1,52573.0
0,0,45,9,91,0,0,0,0,0,0,0,0,0,0,0,0,0,0,0,0,0,7,7,0.0,0.0,0.0,0.0,1.0,0.0,0.0,132,7,0.05,0.02,0.05,0.0,0.0,0.0,0.11,0.0,0,1680.0
0,1,32,1,0,0,0,0,0,0,0,0,0,0,0,0,0,0,0,0,0,0,1,1,0.0,0.0,1.0,1.0,1.0,0.0,0.0,23,2,0.04,1.0,0.04,1.0,0.0,0.0,0.83,1.0,1,24019.0
0,1,22,9,315,1112,0,0,0,0,0,1,0,0,0,0,0,0,0,0,0,0,4,4,0.25,0.25,0.0,0.0,1.0,0.0,0.0,167,255,1.0,0.0,0.01,0.02,0.01,0.0,0.0,0.0,0,85678.0
0,2,11,9,1,0,0,0,0,0,0,0,0,0,0,0,0,0,0,0,0,0,25,7,0.0,0.0,0.0,0.0,0.28,0.12,0.0,255,7,0.03,0.9,0.11,0.0,0.03,0.0,0.86,0.0,1,40053.0
0,1,44,1,0,0,0,0,0,0,0,0,0,0,0,0,0,0,0,0,0,0,1,1,0.0,0.0,1.0,1.0,1.0,0.0,0.0,255,1,0.0,0.42,0.36,0.0,0.17,0.0,0.36,1.0,1,36685.0
1365,2,40,9,146,105,0,0,0,0,0,0,0,0,0,0,0,0,0,0,0,0,5,1,0.0,0.0,0.0,0.0,0.2,0.6,0.0,74,1,0.01,0.73,0.96,0.0,0.0,0.0,0.0,0.0,0,121607.0
0,2,11,9,46,46,0,0,0,0,0,0,0,0,0,0,0,0,0,0,0,0,15,23,0.0,0.0,0.0,0.0,1.0,0.0,0.17,255,255,1.0,0.0,0.01,0.0,0.0,0.0,0.0,0.0,0,67195.0
0,1,44,1,0,0,0,0,0,0,0,0,0,0,0,0,0,0,0,0,0,0,2,1,0.0,0.0,1.0,1.0,0.5,1.0,0.0,255,1,0.0,0.45,0.43,0.0,0.0,0.0,0.44,1.0,1,64273.0
0,1,19,9,1363,0,0,0,0,0,0,1,0,0,0,0,0,0,0,0,0,0,9,9,0.0,0.0,0.0,0.0,1.0,0.0,0.0,210,81,0.35,0.05,0.38,0.02,0.0,0.0,0.0,0.0,0,85622.0
0,1,60,5,0,0,0,0,0,0,0,0,0,0,0,0,0,0,0,0,0,0,263,16,1.0,1.0,0.0,0.0,0.06,0.06,0.0,255,14,0.05,0.06,0.0,0.0,1.0,1.0,0.0,0.0,1,85256.0
0,1,44,5,0,0,0,0,0,0,0,0,0,0,0,0,0,0,0,0,0,0,267,17,1.0,1.0,0.0,0.0,0.06,0.06,0.0,255,5,0.02,0.08,0.0,0.0,1.0,1.0,0.0,0.0,1,17316.0
0,1,44,5,0,0,0,0,0,0,0,0,0,0,0,0,0,0,0,0,0,0,250,13,1.0,1.0,0.0,0.0,0.05,0.06,0.0,255,13,0.05,0.08,0.0,0.0,1.0,1.0,0.0,0.0,1,14870.0
0,1,49,9,3842,333,0,0,0,0,0,1,0,0,0,0,0,0,0,0,0,0,1,1,0.0,0.0,0.0,0.0,1.0,0.0,0.0,255,146,0.57,0.08,0.0,0.0,0.0,0.0,0.0,0.0,0,62588.0
0,2,11,9,42,42,0,0,0,0,0,0,0,0,0,0,0,0,0,0,0,0,1,3,0.0,0.0,0.0,0.0,1.0,0.0,0.67,46,43,0.93,0.07,0.02,0.0,0.0,0.0,0.0,0.0,0,20513.0
0,1,27,5,0,0,0,0,0,0,0,0,0,0,0,0,0,0,0,0,0,0,115,9,1.0,1.0,0.0,0.0,0.08,0.06,0.0,255,9,0.04,0.06,0.0,0.0,1.0,1.0,0.0,0.0,1,23470.0
0,1,44,5,0,0,0,0,0,0,0,0,0,0,0,0,0,0,0,0,0,0,224,13,1.0,1.0,0.0,0.0,0.06,0.07,0.0,255,15,0.06,0.05,0.0,0.0,1.0,1.0,0.0,0.0,1,118251.0
0,1,19,9,491,0,0,0,0,0,0,0,0,0,0,0,0,0,0,0,0,0,2,2,0.0,0.0,0.0,0.0,1.0,0.0,0.0,156,54,0.23,0.03,0.23,0.04,0.0,0.0,0.03,0.0,0,53169.0
0,1,49,9,920,333,0,0,0,0,0,1,0,0,0,0,0,0,0,0,0,0,1,1,0.0,0.0,0.0,0.0,1.0,0.0,0.0,210,161,0.7,0.03,0.0,0.01,0.0,0.0,0.0,0.0,0,45424.0
0,1,49,5,0,0,0,0,0,0,0,0,0,0,0,0,0,0,0,0,0,0,11,11,1.0,1.0,0.0,0.0,1.0,0.0,0.0,73,136,0.42,0.03,0.01,0.01,0.97,0.23,0.0,0.0,1,111721.0
0,0,14,9,1032,0,0,0,0,0,0,0,0,0,0,0,0,0,0,0,0,0,511,511,0.0,0.0,0.0,0.0,1.0,0.0,0.0,255,123,0.48,0.01,0.48,0.0,0.0,0.0,0.0,0.0,1,47608.0
0,1,19,9,15377,0,0,0,0,0,0,1,0,0,0,0,0,0,0,0,0,0,3,3,0.0,0.0,0.0,0.0,1.0,0.0,0.0,60,97,0.75,0.05,0.75,0.02,0.0,0.0,0.0,0.0,0,117971.0
0,1,10,5,0,0,0,0,0,0,0,0,0,0,0,0,0,0,0,0,0,0,283,13,1.0,1.0,0.0,0.0,0.05,0.06,0.0,255,6,0.02,0.09,0.0,0.0,1.0,1.0,0.0,0.0,1,53412.0
0,2,44,9,1,0,0,0,0,0,0,0,0,0,0,0,0,0,0,0,0,0,35,32,0.0,0.0,0.0,0.0,0.91,0.06,0.0,255,32,0.13,0.25,1.0,0.0,0.0,0.0,0.0,0.0,1,28206.0
0,1,22,9,320,516,0,0,0,0,0,1,0,0,0,0,0,0,0,0,0,0,12,23,0.0,0.0,0.0,0.0,1.0,0.0,0.17,255,255,1.0,0.0,0.0,0.0,0.0,0.0,0.0,0.0,0,112259.0
0,1,44,5,0,0,0,0,0,0,0,0,0,0,0,0,0,0,0,0,0,0,77,19,1.0,1.0,0.0,0.0,0.25,0.05,0.0,255,7,0.03,0.06,0.0,0.0,1.0,1.0,0.0,0.0,1,123417.0
0,0,13,9,20,0,0,0,0,0,0,0,0,0,0,0,0,0,0,0,0,0,58,1,0.0,0.0,0.91,0.0,0.02,1.0,0.0,177,1,0.01,0.39,0.01,0.0,0.0,0.0,0.32,0.0,1,71154.0
0,0,13,9,18,0,0,0,0,0,0,0,0,0,0,0,0,0,0,0,0,0,1,1,0.0,0.0,0.0,0.0,1.0,0.0,0.0,2,50,1.0,0.0,1.0,0.26,0.0,0.0,0.0,0.0,1,80858.0
0,1,9,2,0,0,0,0,0,0,0,0,0,0,0,0,0,0,0,0,0,0,180,2,0.0,0.0,1.0,1.0,0.01,0.07,0.0,255,2,0.01,0.08,0.0,0.0,0.0,0.0,1.0,1.0,1,123777.0
0,1,22,9,332,1196,0,0,0,0,0,1,0,0,0,0,0,0,0,0,0,0,21,21,0.0,0.0,0.0,0.0,1.0,0.0,0.0,255,255,1.0,0.0,0.0,0.0,0.01,0.01,0.0,0.0,0,53895.0
0,1,22,9,330,870,0,0,0,0,0,1,0,0,0,0,0,0,0,0,0,0,22,22,0.0,0.0,0.0,0.0,1.0,0.0,0.0,77,255,1.0,0.0,0.01,0.03,0.0,0.0,0.0,0.0,0,81765.0
0,0,13,9,8,0,0,0,0,0,0,0,0,0,0,0,0,0,0,0,0,0,1,12,0.0,0.0,0.0,0.0,1.0,0.0,1.0,1,123,1.0,0.0,1.0,0.5,0.0,0.0,0.0,0.0,1,31695.0
0,1,44,5,0,0,0,0,0,0,0,0,0,0,0,0,0,0,0,0,0,0,110,1,1.0,1.0,0.0,0.0,0.01,0.06,0.0,255,19,0.07,0.06,0.0,0.0,1.0,1.0,0.0,0.0,1,75528.0
0,1,22,9,289,2949,0,0,0,0,0,1,0,0,0,0,0,0,0,0,0,0,5,5,0.0,0.0,0.0,0.0,1.0,0.0,0.0,5,255,1.0,0.0,0.2,0.02,0.0,0.0,0.0,0.0,0,90088.0
0,1,22,9,238,296,0,0,0,0,0,1,0,0,0,0,0,0,0,0,0,0,11,22,0.0,0.0,0.0,0.0,1.0,0.0,0.09,30,255,1.0,0.0,0.03,0.04,0.0,0.0,0.0,0.0,0,116975.0
0,1,9,2,0,0,0,0,0,0,0,0,0,0,0,0,0,0,0,0,0,0,276,20,0.0,0.0,1.0,1.0,0.07,0.06,0.0,255,20,0.08,0.07,0.0,0.0,0.0,0.0,1.0,1.0,1,13267.0
0,1,43,5,0,0,0,0,0,0,0,0,0,0,0,0,0,0,0,0,0,0,124,6,1.0,1.0,0.0,0.0,0.05,0.06,0.0,255,7,0.03,0.06,0.0,0.0,1.0,1.0,0.0,0.0,1,116694.0
0,1,22,9,175,13435,0,0,0,0,0,1,0,0,0,0,0,0,0,0,0,0,1,14,0.0,0.0,0.0,0.0,1.0,0.0,0.21,255,255,1.0,0.0,0.0,0.0,0.0,0.0,0.0,0.0,0,26954.0
65,1,55,9,189,25322,0,0,0,0,0,1,0,0,0,0,0,0,0,0,0,0,1,1,0.0,0.0,0.0,0.0,1.0,0.0,0.0,23,4,0.04,0.13,0.04,0.5,0.0,0.25,0.0,0.0,0,56968.0
0,1,57,5,0,0,0,0,0,0,0,0,0,0,0,0,0,0,0,0,0,0,206,6,1.0,1.0,0.0,0.0,0.03,0.06,0.0,255,10,0.04,0.07,0.0,0.0,1.0,1.0,0.0,0.0,1,16915.0
0,0,13,9,64,0,0,0,0,0,0,0,0,0,0,0,0,0,0,0,0,0,5,5,0.0,0.0,0.0,0.0,1.0,0.0,0.0,185,5,0.03,0.04,0.03,0.0,0.0,0.0,0.0,0.0,0,84966.0
0,1,22,9,240,1483,0,0,0,0,0,1,0,0,0,0,0,0,0,0,0,0,14,14,0.0,0.0,0.0,0.0,1.0,0.0,0.0,14,255,1.0,0.0,0.07,0.03,0.0,0.01,0.0,0.0,0,34167.0
0,1,22,9,54540,8314,0,0,0,2,0,1,1,0,0,0,0,0,0,0,0,0,4,4,0.0,0.0,0.25,0.25,1.0,0.0,0.0,255,255,1.0,0.0,0.0,0.0,0.0,0.0,0.02,0.02,1,98706.0
0,1,48,5,0,0,0,0,0,0,0,0,0,0,0,0,0,0,0,0,0,0,120,1,1.0,1.0,0.0,0.0,0.01,0.07,0.0,255,1,0.0,0.06,0.0,0.0,1.0,1.0,0.0,0.0,1,12990.0
0,1,19,9,334,0,0,0,0,0,0,1,0,0,0,0,0,0,0,0,0,0,2,2,0.0,0.0,0.0,0.0,1.0,0.0,0.0,6,10,1.0,0.0,1.0,0.2,0.0,0.0,0.0,0.0,1,23675.0
11,1,49,9,1435,337,0,0,0,0,0,1,0,0,0,0,0,0,0,0,0,0,1,2,0.0,0.0,0.0,0.0,1.0,0.0,1.0,87,142,0.38,0.02,0.01,0.01,0.0,0.0,0.0,0.0,0,117887.0
0,1,62,5,0,0,0,0,0,0,0,0,0,0,0,0,0,0,0,0,0,0,267,23,1.0,1.0,0.0,0.0,0.09,0.05,0.0,255,23,0.09,0.05,0.0,0.0,1.0,1.0,0.0,0.0,1,76504.0
0,1,22,9,254,1576,0,0,0,0,0,1,0,0,0,0,0,0,0,0,0,0,14,14,0.0,0.0,0.0,0.0,1.0,0.0,0.0,47,255,1.0,0.0,0.02,0.02,0.02,0.01,0.0,0.0,0,66077.0
0,1,22,9,201,4364,0,0,0,0,0,1,0,0,0,0,0,0,0,0,0,0,8,8,0.0,0.0,0.0,0.0,1.0,0.0,0.0,77,255,1.0,0.0,0.01,0.02,0.0,0.0,0.0,0.0,0,11700.0
0,1,31,5,0,0,0,0,0,0,0,0,0,0,0,0,0,0,0,0,0,0,210,11,1.0,1.0,0.0,0.0,0.05,0.06,0.0,255,11,0.04,0.07,0.0,0.0,1.0,1.0,0.0,0.0,1,75510.0
0,1,22,9,204,1147,0,0,0,0,0,1,0,0,0,0,0,0,0,0,0,0,4,4,0.0,0.0,0.0,0.0,1.0,0.0,0.0,4,255,1.0,0.0,0.25,0.05,0.0,0.0,0.0,0.0,0,121210.0
0,1,22,9,149,1548,0,0,0,0,0,1,0,0,0,0,0,0,0,0,0,0,2,4,0.0,0.0,0.0,0.0,1.0,0.0,0.5,2,255,1.0,0.0,0.5,0.04,0.0,0.0,0.0,0.0,0,98814.0
0,1,61,5,0,0,0,0,0,0,0,0,0,0,0,0,0,0,0,0,0,0,29,6,1.0,1.0,0.0,0.0,0.21,0.21,0.0,255,6,0.02,0.08,0.0,0.0,1.0,1.0,0.0,0.0,1,105568.0
0,1,44,5,0,0,0,0,0,0,0,0,0,0,0,0,0,0,0,0,0,0,111,10,1.0,1.0,0.0,0.0,0.09,0.06,0.0,155,11,0.07,0.1,0.01,0.0,1.0,1.0,0.0,0.0,1,606.0
3557,2,40,9,147,105,0,0,0,0,0,0,0,0,0,0,0,0,0,0,0,0,1,1,0.0,0.0,0.0,0.0,1.0,0.0,0.0,255,2,0.01,0.56,0.86,0.0,0.0,0.0,0.0,0.0,0,28611.0
0,2,40,9,146,0,0,0,0,0,0,0,0,0,0,0,0,0,0,0,0,0,3,1,0.0,0.0,0.0,0.0,0.33,0.67,0.0,255,1,0.0,0.49,0.89,0.0,0.0,0.0,0.0,0.0,0,86255.0
0,1,44,5,0,0,0,0,0,0,0,0,0,0,0,0,0,0,0,0,0,0,204,4,1.0,1.0,0.0,0.0,0.02,0.06,0.0,255,14,0.05,0.08,0.0,0.0,1.0,1.0,0.0,0.0,1,16909.0
0,1,22,5,0,0,0,0,0,0,0,0,0,0,0,0,0,0,0,0,0,0,187,1,1.0,1.0,0.0,0.0,0.01,0.07,0.0,255,1,0.0,0.08,0.0,0.0,1.0,1.0,0.0,0.0,1,49855.0
0,1,55,2,0,0,0,0,0,0,0,0,0,0,0,0,0,0,0,0,0,0,146,18,0.0,0.0,1.0,1.0,0.12,0.05,0.0,255,12,0.05,0.06,0.0,0.0,0.0,0.0,1.0,1.0,1,59065.0
27,1,18,9,873,2586,0,0,0,18,0,1,0,0,0,0,0,0,0,0,0,1,1,1,0.0,0.0,0.0,0.0,1.0,0.0,0.0,255,59,0.23,0.02,0.0,0.0,0.0,0.0,0.0,0.0,0,103117.0
0,1,22,9,223,11052,0,0,0,0,0,1,0,0,0,0,0,0,0,0,0,0,2,2,0.0,0.0,0.0,0.0,1.0,0.0,0.0,255,255,1.0,0.0,0.0,0.0,0.0,0.0,0.0,0.0,0,36614.0
0,1,19,9,1830,0,0,0,0,0,0,1,0,0,0,0,0,0,0,0,0,0,1,1,0.0,0.0,0.0,0.0,1.0,0.0,0.0,255,8,0.03,0.63,0.03,0.0,0.0,0.0,0.0,0.0,0,97734.0
0,1,22,9,249,548,0,0,0,0,0,1,0,0,0,0,0,0,0,0,0,0,23,27,0.0,0.0,0.0,0.0,1.0,0.0,0.11,255,255,1.0,0.0,0.0,0.0,0.0,0.0,0.0,0.0,0,78569.0
91,1,22,9,339,185,0,0,0,0,0,1,0,0,0,0,0,0,0,0,0,0,2,7,0.0,0.0,0.0,0.0,1.0,0.0,0.57,19,255,1.0,0.0,0.05,0.02,0.0,0.0,0.05,0.0,0,37182.0
0,1,22,5,0,0,0,0,0,0,0,0,0,0,0,0,0,0,0,0,0,0,295,15,1.0,1.0,0.0,0.0,0.05,0.06,0.0,255,13,0.05,0.07,0.0,0.0,1.0,1.0,0.0,0.0,1,6238.0
0,1,61,1,0,0,0,0,0,0,0,0,0,0,0,0,0,0,0,0,0,0,179,18,0.0,0.0,1.0,1.0,0.1,0.06,0.0,255,18,0.07,0.07,0.0,0.0,0.0,0.0,1.0,1.0,1,12970.0
0,1,62,5,0,0,0,0,0,0,0,0,0,0,0,0,0,0,0,0,0,0,188,18,1.0,1.0,0.0,0.0,0.1,0.06,0.0,255,18,0.07,0.06,0.0,0.0,1.0,1.0,0.0,0.0,1,13573.0
0,1,22,9,287,3534,0,0,0,0,0,1,0,0,0,0,0,0,0,0,0,0,13,43,0.0,0.0,0.0,0.0,1.0,0.0,0.12,115,255,1.0,0.0,0.01,0.01,0.0,0.0,0.0,0.0,0,125684.0
0,1,22,9,287,264,0,0,0,0,0,1,0,0,0,0,0,0,0,0,0,0,16,57,0.0,0.0,0.0,0.0,1.0,0.0,0.09,255,255,1.0,0.0,0.0,0.0,0.0,0.0,0.0,0.0,0,101131.0
0,1,22,9,201,4841,0,0,0,0,0,1,0,0,0,0,0,0,0,0,0,0,3,21,0.0,0.0,0.0,0.0,1.0,0.0,0.19,232,255,1.0,0.0,0.0,0.02,0.0,0.0,0.0,0.0,0,45006.0
0,1,44,5,0,0,0,0,0,0,0,0,0,0,0,0,0,0,0,0,0,0,275,11,1.0,1.0,0.0,0.0,0.04,0.06,0.0,255,11,0.04,0.06,0.0,0.0,1.0,1.0,0.0,0.0,1,91256.0
0,1,44,5,0,0,0,0,0,0,0,0,0,0,0,0,0,0,0,0,0,0,180,1,1.0,1.0,0.0,0.0,0.01,0.07,0.0,255,16,0.06,0.06,0.0,0.0,1.0,1.0,0.0,0.0,1,68144.0
0,1,9,2,0,0,0,0,0,0,0,0,0,0,0,0,0,0,0,0,0,0,268,18,0.0,0.0,1.0,1.0,0.07,0.06,0.0,255,18,0.07,0.07,0.0,0.0,0.0,0.0,1.0,1.0,1,40586.0
0,0,13,9,8,0,0,0,0,0,0,0,0,0,0,0,0,0,0,0,0,0,1,1,0.0,0.0,0.0,0.0,1.0,0.0,0.0,255,2,0.01,0.08,0.09,0.0,0.53,0.0,0.01,0.0,1,45419.0
0,1,22,9,301,456,0,0,0,0,0,1,0,0,0,0,0,0,0,0,0,0,6,6,0.0,0.0,0.0,0.0,1.0,0.0,0.0,13,255,1.0,0.0,0.08,0.06,0.0,0.0,0.0,0.0,0,100492.0
0,1,20,5,0,0,0,0,0,0,0,0,0,0,0,0,0,0,0,0,0,0,248,16,1.0,1.0,0.0,0.0,0.06,0.06,0.0,255,16,0.06,0.07,0.0,0.0,1.0,1.0,0.0,0.0,1,35368.0
0,1,55,5,0,0,0,0,0,0,0,0,0,0,0,0,0,0,0,0,0,0,71,11,1.0,1.0,0.0,0.0,0.15,0.06,0.0,255,11,0.04,0.06,0.0,0.0,1.0,1.0,0.0,0.0,1,95940.0
0,1,22,9,290,3376,0,0,0,0,0,1,0,0,0,0,0,0,0,0,0,0,5,5,0.0,0.0,0.2,0.2,1.0,0.0,0.0,51,255,1.0,0.0,0.02,0.07,0.0,0.0,0.02,0.0,0,42334.0
0,1,22,9,235,894,0,0,0,0,0,1,0,0,0,0,0,0,0,0,0,0,2,26,0.0,0.0,0.0,0.0,1.0,0.0,0.38,127,255,1.0,0.0,0.01,0.02,0.0,0.0,0.0,0.0,0,31062.0
0,0,14,9,1032,0,0,0,0,0,0,0,0,0,0,0,0,0,0,0,0,0,511,511,0.0,0.0,0.0,0.0,1.0,0.0,0.0,255,242,0.95,0.01,0.95,0.0,0.0,0.0,0.04,0.0,1,119263.0
0,2,11,9,45,131,0,0,0,0,0,0,0,0,0,0,0,0,0,0,0,0,72,150,0.0,0.0,0.0,0.0,1.0,0.0,0.01,255,174,0.68,0.02,0.01,0.0,0.0,0.0,0.0,0.0,0,82860.0
0,1,22,9,312,462,0,0,0,0,0,1,0,0,0,0,0,0,0,0,0,0,5,5,0.0,0.0,0.0,0.0,1.0,0.0,0.0,255,255,1.0,0.0,0.0,0.0,0.0,0.0,0.0,0.0,0,14784.0
0,1,44,5,0,0,0,0,0,0,0,0,0,0,0,0,0,0,0,0,0,0,291,5,1.0,1.0,0.0,0.0,0.02,0.05,0.0,255,4,0.02,0.07,0.0,0.0,1.0,1.0,0.0,0.0,1,28009.0
0,1,19,9,373,0,0,0,0,0,0,1,0,0,0,0,0,0,0,0,0,0,2,8,0.0,0.0,0.0,0.0,1.0,0.0,0.25,124,43,0.22,0.03,0.22,0.05,0.0,0.0,0.0,0.0,0,64689.0
0,1,20,5,0,0,0,0,0,0,0,0,0,0,0,0,0,0,0,0,0,0,235,2,1.0,1.0,0.0,0.0,0.01,0.07,0.0,255,2,0.01,0.08,0.0,0.0,1.0,1.0,0.0,0.0,1,20894.0
0,1,22,9,319,731,0,0,0,0,0,1,0,0,0,0,0,0,0,0,0,0,7,7,0.0,0.0,0.0,0.0,1.0,0.0,0.0,11,255,1.0,0.0,0.09,0.02,0.0,0.0,0.0,0.0,0,1449.0
0,1,19,9,554,0,0,0,0,0,0,1,0,0,0,6,0,0,0,0,0,0,2,2,0.0,0.0,0.0,0.0,1.0,0.0,0.0,2,45,1.0,0.0,1.0,0.04,0.0,0.02,0.0,0.0,0,33111.0
0,1,22,9,412,921,0,0,0,0,0,1,0,0,0,0,0,0,0,0,0,0,13,13,0.0,0.0,0.0,0.0,1.0,0.0,0.0,255,255,1.0,0.0,0.0,0.0,0.0,0.0,0.0,0.0,0,41834.0
0,1,22,9,324,185,0,0,0,0,0,1,0,0,0,0,0,0,0,0,0,0,2,2,0.0,0.0,0.0,0.0,1.0,0.0,0.0,4,255,1.0,0.0,0.25,0.02,0.25,0.0,0.0,0.0,0,1657.0
0,1,9,2,0,0,0,0,0,0,0,0,0,0,0,0,0,0,0,0,0,0,261,13,0.0,0.0,1.0,1.0,0.05,0.06,0.0,255,13,0.05,0.06,0.0,0.0,0.0,0.0,1.0,1.0,1,75465.0
0,2,44,9,28,0,0,3,0,0,0,0,0,0,0,0,0,0,0,0,0,0,89,89,0.0,0.0,0.0,0.0,1.0,0.0,0.0,161,89,0.55,0.02,0.55,0.0,0.0,0.0,0.0,0.0,1,18098.0
0,1,22,9,304,753,0,0,0,0,0,1,0,0,0,0,0,0,0,0,0,0,11,27,0.0,0.0,0.0,0.0,1.0,0.0,0.11,255,255,1.0,0.0,0.0,0.0,0.0,0.0,0.0,0.0,0,85124.0
0,1,36,5,0,0,0,0,0,0,0,0,0,0,0,0,0,0,0,0,0,0,201,16,1.0,1.0,0.0,0.0,0.08,0.07,0.0,255,16,0.06,0.08,0.0,0.0,1.0,1.0,0.0,0.0,1,47206.0
0,1,19,5,0,0,0,0,0,0,0,0,0,0,0,0,0,0,0,0,0,0,188,3,1.0,1.0,0.0,0.0,0.02,0.06,0.0,255,3,0.01,0.07,0.0,0.0,1.0,1.0,0.0,0.0,1,53034.0
0,1,44,1,0,0,0,0,0,0,0,0,0,0,0,0,0,0,0,0,0,0,283,12,0.0,0.0,1.0,1.0,0.04,0.06,0.0,255,12,0.05,0.08,0.0,0.0,0.0,0.0,1.0,1.0,1,85417.0
0,1,17,2,0,0,0,0,0,0,0,0,0,0,0,0,0,0,0,0,0,0,243,19,0.0,0.0,1.0,1.0,0.08,0.07,0.0,255,19,0.07,0.07,0.0,0.0,0.0,0.0,1.0,1.0,1,61131.0
0,1,19,9,26408,0,0,0,0,0,0,1,0,0,0,0,0,0,0,0,0,0,10,10,0.0,0.0,0.0,0.0,1.0,0.0,0.0,117,28,0.14,0.04,0.14,0.07,0.03,0.0,0.0,0.0,0,78547.0
0,1,22,9,220,3270,0,0,0,0,0,1,0,0,0,0,0,0,0,0,0,0,2,2,0.0,0.0,0.0,0.0,1.0,0.0,0.0,255,255,1.0,0.0,0.0,0.0,0.0,0.0,0.0,0.0,0,54528.0
0,1,22,9,314,9284,0,0,0,0,0,1,0,0,0,0,0,0,0,0,0,0,12,12,0.0,0.0,0.0,0.0,1.0,0.0,0.0,53,255,1.0,0.0,0.02,0.04,0.0,0.0,0.0,0.0,0,74504.0
0,1,44,1,0,0,0,0,0,0,0,0,0,0,0,0,0,0,0,0,0,0,2,1,0.0,0.0,1.0,1.0,0.5,1.0,0.0,255,1,0.0,0.81,0.79,0.0,0.0,0.0,0.79,1.0,1,19229.0
0,1,10,5,0,0,0,0,0,0,0,0,0,0,0,0,0,0,0,0,0,0,128,3,1.0,1.0,0.0,0.0,0.02,0.06,0.0,255,1,0.0,0.08,0.0,0.0,1.0,1.0,0.0,0.0,1,114971.0
0,1,17,5,0,0,0,0,0,0,0,0,0,0,0,0,0,0,0,0,0,0,34,10,0.97,0.9,0.03,0.1,0.26,0.15,0.2,255,44,0.17,0.05,0.01,0.0,1.0,1.0,0.0,0.0,1,59080.0
0,1,22,1,0,0,0,0,0,0,0,0,0,0,0,0,0,0,0,0,0,0,1,2,0.0,0.0,1.0,1.0,1.0,0.0,1.0,1,4,1.0,0.0,1.0,0.75,0.0,0.0,1.0,1.0,0,85437.0
0,1,22,9,54540,8314,0,0,0,2,0,1,1,0,0,0,0,0,0,0,0,0,4,6,0.0,0.0,0.0,0.33,1.0,0.0,0.5,155,155,1.0,0.0,0.01,0.0,0.0,0.0,0.06,0.06,1,35433.0
0,1,40,5,0,0,0,0,0,0,0,0,0,0,0,0,0,0,0,0,0,0,240,8,1.0,1.0,0.0,0.0,0.03,0.07,0.0,255,8,0.03,0.07,0.0,0.0,1.0,1.0,0.0,0.0,1,81873.0
0,1,22,9,198,10319,0,0,0,0,0,1,0,0,0,0,0,0,0,0,0,0,15,15,0.0,0.0,0.0,0.0,1.0,0.0,0.0,105,255,1.0,0.0,0.01,0.03,0.01,0.01,0.0,0.0,0,69318.0
0,1,55,5,0,0,0,0,0,0,0,0,0,0,0,0,0,0,0,0,0,0,71,16,1.0,1.0,0.0,0.0,0.23,0.06,0.0,255,56,0.22,0.04,0.01,0.0,1.0,1.0,0.0,0.0,1,62456.0
0,1,22,9,328,516,0,0,0,0,0,1,0,0,0,0,0,0,0,0,0,0,13,14,0.0,0.0,0.0,0.0,1.0,0.0,0.14,234,255,1.0,0.0,0.0,0.01,0.0,0.0,0.0,0.0,0,92795.0
0,1,57,5,0,0,0,0,0,0,0,0,0,0,0,0,0,0,0,0,0,0,243,23,1.0,1.0,0.0,0.0,0.09,0.05,0.0,255,23,0.09,0.06,0.0,0.0,1.0,1.0,0.0,0.0,1,53983.0
0,1,17,5,0,0,0,0,0,0,0,0,0,0,0,0,0,0,0,0,0,0,43,10,1.0,1.0,0.0,0.0,0.23,0.09,0.0,255,63,0.25,0.02,0.02,0.0,1.0,1.0,0.0,0.0,1,18595.0
0,1,44,5,0,0,0,0,0,0,0,0,0,0,0,0,0,0,0,0,0,0,266,4,1.0,1.0,0.0,0.0,0.02,0.06,0.0,255,2,0.01,0.08,0.0,0.0,1.0,1.0,0.0,0.0,1,28346.0
0,1,22,9,216,1354,0,0,0,0,0,1,0,0,0,0,0,0,0,0,0,0,3,3,0.0,0.0,0.0,0.0,1.0,0.0,0.0,3,255,1.0,0.0,0.33,0.05,0.0,0.0,0.0,0.0,0,106884.0
0,1,22,9,312,298,0,0,0,0,0,1,0,0,0,0,0,0,0,0,0,0,3,20,0.0,0.0,0.0,0.0,1.0,0.0,0.15,75,255,1.0,0.0,0.01,0.01,0.0,0.0,0.0,0.0,0,38760.0
0,1,22,9,314,1528,0,0,0,0,0,1,0,0,0,0,0,0,0,0,0,0,11,11,0.0,0.0,0.0,0.0,1.0,0.0,0.0,255,255,1.0,0.0,0.0,0.0,0.0,0.0,0.05,0.05,0,87169.0
0,1,16,5,0,0,0,0,0,0,0,0,0,0,0,0,0,0,0,0,0,0,116,4,1.0,1.0,0.0,0.0,0.03,0.07,0.0,255,4,0.02,0.07,0.0,0.0,1.0,1.0,0.0,0.0,1,43868.0
0,1,22,9,232,2698,0,0,0,0,0,1,0,0,0,0,0,0,1,0,0,0,4,4,0.0,0.0,0.0,0.0,1.0,0.0,0.0,255,230,0.9,0.02,0.0,0.0,0.0,0.0,0.0,0.0,0,3811.0
1,1,49,9,1464,370,0,0,0,0,0,1,0,0,0,0,0,0,0,0,0,0,1,1,0.0,0.0,0.0,0.0,1.0,0.0,0.0,185,244,0.97,0.01,0.01,0.01,0.0,0.0,0.0,0.0,0,63716.0
0,1,32,5,0,0,0,0,0,0,0,0,0,0,0,0,0,0,0,0,0,0,121,6,1.0,1.0,0.0,0.0,0.05,0.07,0.0,255,6,0.02,0.09,0.0,0.0,1.0,1.0,0.0,0.0,1,45691.0
0,1,3,9,10,36,0,0,0,0,0,0,0,0,0,0,0,0,0,0,0,0,1,1,0.0,0.0,0.0,0.0,1.0,0.0,0.0,194,8,0.03,0.02,0.01,0.25,0.0,0.0,0.03,0.0,0,2224.0
0,1,22,9,320,261,0,0,0,0,0,1,0,0,0,0,0,0,0,0,0,0,5,7,0.0,0.0,0.0,0.0,1.0,0.0,0.29,59,255,1.0,0.0,0.02,0.02,0.0,0.0,0.0,0.0,0,99659.0
0,1,55,5,0,0,0,0,0,0,0,0,0,0,0,0,0,0,0,0,0,0,258,15,1.0,1.0,0.0,0.0,0.06,0.05,0.0,255,15,0.06,0.05,0.0,0.0,1.0,1.0,0.0,0.0,1,71797.0
0,1,22,9,237,2226,0,0,0,0,0,1,0,0,0,0,0,0,0,0,0,0,12,12,0.0,0.0,0.0,0.0,1.0,0.0,0.0,30,255,1.0,0.0,0.03,0.01,0.0,0.0,0.0,0.0,0,85399.0
0,1,19,9,567,0,0,0,0,0,0,1,0,0,0,6,0,0,0,0,0,0,2,1,0.0,0.0,0.0,0.0,0.5,1.0,0.0,64,73,0.38,0.06,0.38,0.03,0.0,0.0,0.0,0.0,0,25903.0
0,1,5,5,0,0,0,0,0,0,0,0,0,0,0,0,0,0,0,0,0,0,146,19,1.0,1.0,0.0,0.0,0.13,0.05,0.0,255,19,0.07,0.06,0.0,0.0,1.0,1.0,0.0,0.0,1,88606.0
0,1,22,9,316,1461,0,0,0,0,0,1,0,0,0,0,0,0,0,0,0,0,2,2,0.5,0.5,0.0,0.0,1.0,0.0,0.0,165,255,1.0,0.0,0.01,0.02,0.01,0.0,0.0,0.0,0,124159.0
0,1,2,5,0,0,0,0,0,0,0,0,0,0,0,0,0,0,0,0,0,0,288,16,1.0,1.0,0.0,0.0,0.06,0.06,0.0,255,1,0.0,0.07,0.0,0.0,1.0,1.0,0.0,0.0,1,36269.0
0,0,14,9,1032,0,0,0,0,0,0,0,0,0,0,0,0,0,0,0,0,0,249,249,0.0,0.0,0.0,0.0,1.0,0.0,0.0,255,249,0.98,0.01,0.98,0.0,0.0,0.0,0.0,0.0,1,109710.0
0,1,44,5,0,0,0,0,0,0,0,0,0,0,0,0,0,0,0,0,0,0,111,7,1.0,1.0,0.0,0.0,0.06,0.08,0.0,255,10,0.04,0.07,0.0,0.0,1.0,1.0,0.0,0.0,1,28827.0
0,1,22,9,308,2698,0,0,0,0,0,1,0,0,0,0,0,0,1,0,0,0,3,3,0.0,0.0,0.0,0.0,1.0,0.0,0.0,255,246,0.96,0.01,0.0,0.0,0.0,0.0,0.0,0.0,0,103029.0
0,1,22,9,309,1528,0,0,0,0,0,1,0,0,0,0,0,0,0,0,0,0,4,4,0.0,0.0,0.0,0.0,1.0,0.0,0.0,104,255,1.0,0.0,0.01,0.03,0.0,0.0,0.0,0.0,0,113926.0
0,1,22,9,235,952,0,0,0,0,0,1,0,0,0,0,0,0,0,0,0,0,7,14,0.0,0.0,0.0,0.0,1.0,0.0,0.14,182,255,1.0,0.0,0.01,0.01,0.0,0.0,0.0,0.0,0,121448.0
0,1,44,5,0,0,0,0,0,0,0,0,0,0,0,0,0,0,0,0,0,0,180,20,1.0,1.0,0.0,0.0,0.11,0.06,0.0,255,20,0.08,0.05,0.0,0.0,1.0,1.0,0.0,0.0,1,105439.0
0,1,22,9,332,11255,0,0,0,0,0,1,0,0,0,0,0,0,0,0,0,0,1,2,0.0,0.0,0.0,0.0,1.0,0.0,1.0,18,255,1.0,0.0,0.06,0.05,0.0,0.0,0.0,0.0,0,25584.0
0,1,22,9,237,370,0,0,0,0,0,1,0,0,0,0,0,0,0,0,0,0,13,13,0.0,0.0,0.0,0.0,1.0,0.0,0.0,255,255,1.0,0.0,0.0,0.0,0.0,0.0,0.0,0.0,0,54701.0
0,1,22,9,234,2229,0,0,0,0,0,1,0,0,0,0,0,0,0,0,0,0,3,6,0.0,0.0,0.0,0.0,1.0,0.0,0.5,23,23,1.0,0.0,0.04,0.0,0.0,0.0,0.0,0.0,0,41700.0
0,1,22,1,0,0,0,0,0,0,0,0,0,0,0,0,0,0,0,0,0,0,1,1,0.0,0.0,1.0,1.0,1.0,0.0,0.0,125,255,1.0,0.0,0.01,0.15,0.0,0.0,0.22,0.6,0,24378.0
0,1,22,9,325,1227,0,0,0,0,0,1,0,0,0,0,0,0,0,0,0,0,13,13,0.0,0.0,0.0,0.0,1.0,0.0,0.0,13,13,1.0,0.0,0.08,0.0,0.0,0.0,0.0,0.0,0,40760.0
0,1,22,5,0,0,0,0,0,0,0,0,0,0,0,0,0,0,0,0,0,0,74,19,1.0,1.0,0.0,0.0,0.26,0.05,0.0,255,60,0.24,0.02,0.01,0.0,1.0,1.0,0.0,0.0,1,35213.0
0,1,9,5,0,0,0,0,0,0,0,0,0,0,0,0,0,0,0,0,0,0,261,11,1.0,1.0,0.0,0.0,0.04,0.05,0.0,255,11,0.04,0.05,0.0,0.0,1.0,1.0,0.0,0.0,1,64454.0
0,1,44,5,0,0,0,0,0,0,0,0,0,0,0,0,0,0,0,0,0,0,137,20,1.0,1.0,0.0,0.0,0.15,0.06,0.0,36,1,0.03,0.19,0.03,0.0,1.0,1.0,0.0,0.0,1,38249.0
0,1,44,5,0,0,0,0,0,0,0,0,0,0,0,0,0,0,0,0,0,0,220,11,1.0,1.0,0.0,0.0,0.05,0.08,0.0,255,11,0.04,0.09,0.0,0.0,1.0,1.0,0.0,0.0,1,39691.0
0,1,22,9,162,3656,0,0,0,0,0,1,0,0,0,0,0,0,0,0,0,0,1,1,0.0,0.0,0.0,0.0,1.0,0.0,0.0,1,255,1.0,0.0,1.0,0.07,0.0,0.0,0.0,0.0,0,14850.0
0,1,49,9,1829,393,0,0,0,0,0,1,0,0,0,0,0,0,0,0,0,0,1,1,0.0,0.0,0.0,0.0,1.0,0.0,0.0,56,118,0.75,0.05,0.02,0.03,0.04,0.0,0.0,0.0,0,117287.0
0,1,19,1,0,0,0,0,0,0,0,0,0,0,0,0,0,0,0,0,0,0,200,2,0.0,0.0,1.0,1.0,0.01,0.06,0.0,255,2,0.01,0.07,0.0,0.0,0.0,0.0,1.0,1.0,1,70019.0
0,1,22,9,217,784,0,0,0,0,0,1,0,0,0,0,0,0,0,0,0,0,6,20,0.0,0.0,0.0,0.0,1.0,0.0,0.15,255,255,1.0,0.0,0.0,0.0,0.0,0.0,0.0,0.0,0,91043.0
0,1,22,9,173,4306,0,0,0,0,0,1,0,0,0,0,0,0,0,0,0,0,2,2,0.0,0.0,0.0,0.0,1.0,0.0,0.0,2,2,1.0,0.0,0.5,0.0,0.0,0.0,0.0,0.0,0,83101.0
0,1,22,9,198,1278,0,0,0,0,0,1,0,0,0,0,0,0,0,0,0,0,12,12,0.0,0.0,0.0,0.0,1.0,0.0,0.0,12,255,1.0,0.0,0.08,0.01,0.0,0.0,0.0,0.0,0,47352.0
0,1,44,1,0,0,0,0,0,0,0,0,0,0,0,0,0,0,0,0,0,0,188,12,0.0,0.0,1.0,1.0,0.06,0.07,0.0,255,12,0.05,0.07,0.0,0.0,0.0,0.0,1.0,1.0,1,37001.0
0,1,22,9,297,12884,0,0,0,0,0,1,0,0,0,0,0,0,0,0,0,0,5,29,0.0,0.0,0.0,0.0,1.0,0.0,0.07,255,255,1.0,0.0,0.0,0.0,0.01,0.01,0.0,0.0,0,59026.0
0,1,36,5,0,0,0,0,0,0,0,0,0,0,0,0,0,0,0,0,0,0,123,2,1.0,1.0,0.0,0.0,0.02,0.06,0.0,255,2,0.01,0.07,0.0,0.0,1.0,1.0,0.0,0.0,1,77666.0
1,1,49,9,969,331,0,0,0,0,0,1,0,0,0,0,0,0,0,0,0,0,1,3,0.0,0.0,0.0,0.0,1.0,0.0,1.0,14,60,0.79,0.21,0.07,0.03,0.0,0.0,0.0,0.0,0,97341.0
1,1,49,9,1411,330,0,0,0,0,0,1,0,0,0,0,0,0,0,0,0,0,1,2,0.0,0.0,0.0,0.0,1.0,0.0,1.0,14,160,0.93,0.14,0.07,0.01,0.0,0.0,0.0,0.0,0,100091.0
0,2,44,9,1,0,0,0,0,0,0,0,0,0,0,0,0,0,0,0,0,0,13,2,0.0,0.0,0.0,0.0,0.15,0.38,0.0,255,2,0.01,0.7,0.4,0.0,0.0,0.0,0.6,0.0,1,27909.0
0,1,30,5,0,0,0,0,0,0,0,0,0,0,0,0,0,0,0,0,0,0,139,10,1.0,1.0,0.0,0.0,0.07,0.06,0.0,255,10,0.04,0.06,0.0,0.0,1.0,1.0,0.0,0.0,1,74043.0
0,1,19,9,13239,0,0,0,0,0,0,0,0,0,0,0,0,0,0,0,0,0,1,1,0.0,0.0,0.0,0.0,1.0,0.0,0.0,206,29,0.14,0.03,0.14,0.0,0.0,0.0,0.0,0.0,0,7971.0
0,1,22,9,230,830,0,0,0,0,0,1,0,0,0,0,0,0,0,0,0,0,12,12,0.0,0.0,0.0,0.0,1.0,0.0,0.0,151,255,1.0,0.0,0.01,0.01,0.0,0.0,0.0,0.0,0,25879.0
0,2,11,9,44,76,0,0,0,0,0,0,0,0,0,0,0,0,0,0,0,0,154,154,0.0,0.0,0.0,0.0,1.0,0.0,0.0,255,255,1.0,0.0,0.01,0.0,0.0,0.0,0.0,0.0,0,26983.0
0,2,44,9,105,146,0,0,0,0,0,0,0,0,0,0,0,0,0,0,0,0,1,1,0.0,0.0,0.0,0.0,1.0,0.0,0.0,57,47,0.82,0.04,0.02,0.0,0.0,0.0,0.0,0.0,0,26058.0
0,1,22,9,329,2321,0,0,0,0,0,1,0,0,0,0,0,0,0,0,0,0,8,50,0.0,0.0,0.0,0.0,1.0,0.0,0.12,69,255,1.0,0.0,0.01,0.04,0.0,0.0,0.0,0.0,0,72904.0
0,0,13,9,8,0,0,0,0,0,0,0,0,0,0,0,0,0,0,0,0,0,1,48,0.0,0.0,0.0,0.0,1.0,0.0,1.0,1,155,1.0,0.0,1.0,0.5,0.0,0.0,0.0,0.0,1,7421.0
0,1,22,9,231,2578,0,0,0,0,0,1,0,0,0,0,0,0,0,0,0,0,22,22,0.0,0.0,0.0,0.0,1.0,0.0,0.0,255,255,1.0,0.0,0.0,0.0,0.0,0.0,0.0,0.0,0,9966.0
1,1,49,9,1631,335,0,0,0,0,0,1,0,0,0,0,0,0,0,0,0,0,1,2,0.0,0.0,0.0,0.0,1.0,0.0,1.0,140,157,0.75,0.02,0.01,0.01,0.0,0.0,0.0,0.0,0,62870.0
0,1,44,5,0,0,0,0,0,0,0,0,0,0,0,0,0,0,0,0,0,0,123,2,1.0,1.0,0.0,0.0,0.02,0.08,0.0,255,2,0.01,0.08,0.0,0.0,1.0,1.0,0.0,0.0,1,19842.0
0,1,22,9,235,1258,0,0,0,0,0,1,0,0,0,0,0,0,0,0,0,0,10,10,0.0,0.0,0.0,0.0,1.0,0.0,0.0,31,255,1.0,0.0,0.03,0.01,0.0,0.0,0.0,0.0,0,123202.0
0,1,37,1,0,0,0,0,0,0,0,0,0,0,0,0,0,0,0,0,0,0,134,5,0.0,0.0,1.0,1.0,0.04,0.07,0.0,255,4,0.02,0.06,0.0,0.0,0.0,0.0,1.0,1.0,1,12238.0
0,0,58,9,128,0,0,0,0,0,0,0,0,0,0,0,0,0,0,0,0,0,7,2,0.0,0.0,0.0,0.0,0.29,0.29,0.0,178,23,0.12,0.02,0.12,0.09,0.0,0.0,0.0,0.0,0,107218.0
0,1,22,9,226,2070,0,0,0,0,0,1,0,0,0,0,0,0,0,0,0,0,3,9,0.33,0.22,0.0,0.0,1.0,0.0,0.44,88,255,1.0,0.0,0.01,0.04,0.01,0.0,0.0,0.0,0,85701.0
0,1,59,2,0,0,0,0,0,0,0,0,0,0,0,0,0,0,0,0,0,0,110,5,0.0,0.0,1.0,1.0,0.05,0.07,0.0,255,5,0.02,0.06,0.0,0.0,0.0,0.0,1.0,1.0,1,57525.0
0,1,22,9,240,1143,0,0,0,0,0,1,0,0,0,0,0,0,0,0,0,0,3,3,0.0,0.0,0.0,0.0,1.0,0.0,0.0,22,255,1.0,0.0,0.05,0.02,0.0,0.0,0.0,0.0,0,44675.0
0,1,44,5,0,0,0,0,0,0,0,0,0,0,0,0,0,0,0,0,0,0,221,18,1.0,1.0,0.0,0.0,0.08,0.06,0.0,255,15,0.06,0.08,0.0,0.0,1.0,1.0,0.0,0.0,1,93453.0
0,1,12,5,0,0,0,0,0,0,0,0,0,0,0,0,0,0,0,0,0,0,277,12,1.0,1.0,0.0,0.0,0.04,0.05,0.0,255,8,0.03,0.07,0.0,0.0,1.0,1.0,0.0,0.0,1,28990.0
0,2,40,9,1,0,0,0,0,0,0,0,0,0,0,0,0,0,0,0,0,0,11,1,0.0,0.0,0.0,0.0,0.09,0.82,0.0,255,1,0.0,0.2,1.0,0.0,0.0,0.0,0.0,0.0,1,54143.0
0,1,22,9,192,13525,0,0,0,0,0,1,0,0,0,0,0,0,0,0,0,0,3,5,0.0,0.0,0.0,0.0,1.0,0.0,0.4,3,255,1.0,0.0,0.33,0.05,0.0,0.0,0.0,0.0,0,108663.0
0,1,17,5,0,0,0,0,0,0,0,0,0,0,0,0,0,0,0,0,0,0,187,7,1.0,1.0,0.0,0.0,0.04,0.08,0.0,255,7,0.03,0.08,0.0,0.0,1.0,1.0,0.0,0.0,1,38983.0
0,1,22,9,228,1401,0,0,0,0,0,1,0,0,0,0,0,0,0,0,0,0,11,16,0.0,0.0,0.0,0.0,1.0,0.0,0.12,36,39,1.0,0.0,0.03,0.05,0.03,0.03,0.0,0.0,0,49703.0
0,1,49,9,1085,338,0,0,0,0,0,1,0,0,0,0,0,0,0,0,0,0,1,1,0.0,0.0,0.0,0.0,1.0,0.0,0.0,87,177,0.61,0.06,0.01,0.02,0.01,0.01,0.0,0.0,0,51016.0
0,1,22,9,298,9303,0,0,0,0,0,1,0,0,0,0,0,0,0,0,0,0,6,6,0.0,0.0,0.0,0.0,1.0,0.0,0.0,6,255,1.0,0.0,0.17,0.04,0.0,0.0,0.0,0.0,0,43657.0
0,1,22,9,221,863,0,0,0,0,0,1,0,0,0,0,0,0,0,0,0,0,5,11,0.0,0.0,0.0,0.0,1.0,0.0,0.18,5,255,1.0,0.0,0.2,0.01,0.0,0.0,0.0,0.0,0,58845.0
0,2,11,9,44,44,0,0,0,0,0,0,0,0,0,0,0,0,0,0,0,0,3,6,0.0,0.0,0.0,0.0,1.0,0.0,0.33,255,252,0.99,0.01,0.0,0.0,0.0,0.0,0.0,0.0,0,93929.0
0,0,58,9,183,0,0,0,0,0,0,0,0,0,0,0,0,0,0,0,0,0,2,1,0.0,0.0,0.0,0.0,0.5,1.0,0.0,255,40,0.16,0.01,0.17,0.0,0.0,0.0,0.0,0.0,0,90000.0
0,1,19,5,0,0,0,0,0,0,0,0,0,0,0,0,0,0,0,0,0,0,190,2,1.0,1.0,0.0,0.0,0.01,0.06,0.0,255,2,0.01,0.07,0.0,0.0,1.0,1.0,0.0,0.0,1,21005.0
0,1,44,5,0,0,0,0,0,0,0,0,0,0,0,0,0,0,0,0,0,0,133,3,1.0,1.0,0.0,0.0,0.02,0.07,0.0,255,18,0.07,0.07,0.0,0.0,1.0,1.0,0.0,0.0,1,123737.0
0,1,22,9,195,1274,0,0,0,0,0,1,0,0,0,0,0,0,0,0,0,0,13,13,0.0,0.0,0.0,0.0,1.0,0.0,0.0,255,255,1.0,0.0,0.0,0.0,0.0,0.0,0.0,0.0,0,43432.0
0,2,40,9,147,0,0,0,0,0,0,0,0,0,0,0,0,0,0,0,0,0,3,1,0.0,0.0,0.0,0.0,0.33,0.67,0.0,255,3,0.01,0.64,0.86,0.0,0.0,0.0,0.0,0.0,0,115195.0
0,1,30,5,0,0,0,0,0,0,0,0,0,0,0,0,0,0,0,0,0,0,74,11,1.0,1.0,0.0,0.0,0.15,0.07,0.0,255,11,0.04,0.06,0.0,0.0,1.0,1.0,0.0,0.0,1,9222.0
0,1,22,9,237,1565,0,0,0,0,0,1,0,0,0,0,0,0,0,0,0,0,12,12,0.0,0.0,0.0,0.0,1.0,0.0,0.0,148,255,1.0,0.0,0.01,0.03,0.0,0.0,0.0,0.0,0,120951.0
0,1,59,5,0,0,0,0,0,0,0,0,0,0,0,0,0,0,0,0,0,0,116,5,1.0,1.0,0.0,0.0,0.04,0.06,0.0,255,5,0.02,0.06,0.0,0.0,1.0,1.0,0.0,0.0,1,18030.0
3,1,0,4,77,18,0,0,0,1,0,1,0,0,0,0,0,0,0,0,0,0,1,1,0.0,0.0,1.0,1.0,1.0,0.0,0.0,41,12,0.29,0.05,0.02,0.0,0.0,0.0,0.17,0.58,0,46425.0
0,1,18,5,0,0,0,0,0,0,0,0,0,0,0,0,0,0,0,0,0,0,288,20,1.0,1.0,0.0,0.0,0.07,0.06,0.0,255,20,0.08,0.06,0.0,0.0,1.0,1.0,0.0,0.0,1,106893.0
0,1,44,5,0,0,0,0,0,0,0,0,0,0,0,0,0,0,0,0,0,0,27,16,1.0,1.0,0.0,0.0,0.59,0.07,0.0,255,16,0.06,0.07,0.0,0.0,1.0,1.0,0.0,0.0,1,12421.0
0,1,31,5,0,0,0,0,0,0,0,0,0,0,0,0,0,0,0,0,0,0,272,7,1.0,1.0,0.0,0.0,0.03,0.06,0.0,255,7,0.03,0.09,0.0,0.0,1.0,1.0,0.0,0.0,1,39070.0
0,1,49,2,0,0,0,0,0,0,0,0,0,0,0,0,0,0,0,0,0,0,1,1,0.0,0.0,1.0,1.0,1.0,0.0,0.0,184,158,0.58,0.03,0.01,0.01,0.0,0.0,0.04,0.05,0,43641.0
0,2,44,9,28,0,0,3,0,0,0,0,0,0,0,0,0,0,0,0,0,0,73,73,0.0,0.0,0.0,0.0,1.0,0.0,0.0,255,40,0.16,0.01,0.16,0.0,0.0,0.0,0.0,0.0,1,70265.0
0,1,22,9,220,1181,0,0,0,0,0,1,0,0,0,0,0,0,0,0,0,0,13,14,0.0,0.0,0.0,0.0,1.0,0.0,0.14,255,255,1.0,0.0,0.0,0.0,0.0,0.0,0.0,0.0,0,110434.0
0,1,55,5,0,0,0,0,0,0,0,0,0,0,0,0,0,0,0,0,0,0,1,1,1.0,1.0,0.0,0.0,1.0,0.0,0.0,255,66,0.26,0.02,0.0,0.0,1.0,1.0,0.0,0.0,1,102104.0
0,1,49,9,1766,335,0,0,0,0,0,1,0,0,0,0,0,0,0,0,0,0,1,1,0.0,0.0,0.0,0.0,1.0,0.0,0.0,186,157,0.68,0.02,0.01,0.01,0.0,0.0,0.0,0.0,0,28552.0
0,1,19,9,4539,0,0,0,0,0,0,0,0,0,0,0,0,0,0,0,0,0,6,6,0.0,0.0,0.0,0.0,1.0,0.0,0.0,234,110,0.47,0.03,0.47,0.0,0.0,0.0,0.0,0.0,0,37792.0
0,1,44,5,0,0,0,0,0,0,0,0,0,0,0,0,0,0,0,0,0,0,132,5,1.0,1.0,0.0,0.0,0.04,0.06,0.0,255,15,0.06,0.08,0.0,0.0,1.0,1.0,0.0,0.0,1,81425.0
28,1,18,9,1501,4152,0,0,0,30,0,1,0,0,0,0,0,0,0,0,0,1,1,1,0.0,0.0,0.0,0.0,1.0,0.0,0.0,255,63,0.25,0.03,0.0,0.0,0.0,0.0,0.0,0.02,0,60365.0
0,0,14,9,1032,0,0,0,0,0,0,0,0,0,0,0,0,0,0,0,0,0,137,137,0.0,0.0,0.0,0.0,1.0,0.0,0.0,255,137,0.54,0.01,0.54,0.0,0.0,0.0,0.0,0.0,1,79115.0
0,1,22,9,198,289,0,0,0,0,0,1,0,0,0,0,0,0,0,0,0,0,6,27,0.0,0.0,0.0,0.0,1.0,0.0,0.19,255,255,1.0,0.0,0.0,0.0,0.0,0.0,0.0,0.0,0,11260.0
0,1,22,9,240,2602,0,0,0,0,0,1,0,0,0,0,0,0,0,0,0,0,26,26,0.0,0.0,0.0,0.0,1.0,0.0,0.0,116,255,1.0,0.0,0.01,0.02,0.0,0.0,0.0,0.0,0,117233.0
971,1,40,4,1,0,0,0,0,0,0,0,0,0,0,0,0,0,0,0,0,0,2,2,0.0,0.0,1.0,1.0,1.0,0.0,0.0,255,2,0.01,0.73,1.0,0.0,0.0,0.0,1.0,1.0,1,52138.0
0,1,22,9,244,394,0,0,0,0,0,1,0,0,0,0,0,0,0,0,0,0,11,28,0.0,0.0,0.0,0.0,1.0,0.0,0.11,11,255,1.0,0.0,0.09,0.04,0.0,0.0,0.0,0.0,0,61687.0
0,1,22,9,340,851,0,0,0,0,0,1,0,0,0,0,0,0,0,0,0,0,11,18,0.0,0.0,0.0,0.0,1.0,0.0,0.11,12,255,1.0,0.0,0.08,0.03,0.0,0.0,0.0,0.0,0,102858.0
0,1,44,5,0,0,0,0,0,0,0,0,0,0,0,0,0,0,0,0,0,0,274,9,1.0,1.0,0.0,0.0,0.03,0.05,0.0,255,6,0.02,0.09,0.0,0.0,1.0,1.0,0.0,0.0,1,68256.0
0,1,44,1,0,0,0,0,0,0,0,0,0,0,0,0,0,0,0,0,0,0,1,1,0.0,0.0,1.0,1.0,1.0,0.0,0.0,13,2,0.08,1.0,0.08,1.0,0.0,0.0,1.0,1.0,1,88860.0
0,1,25,5,0,0,0,0,0,0,0,0,0,0,0,0,0,0,0,0,0,0,205,3,1.0,1.0,0.0,0.0,0.01,0.07,0.0,255,3,0.01,0.07,0.0,0.0,1.0,1.0,0.0,0.0,1,33134.0
0,1,19,9,22,0,0,0,0,0,0,1,0,0,0,0,0,0,0,0,0,0,1,1,0.0,0.0,0.0,0.0,1.0,0.0,0.0,35,58,0.11,0.11,0.11,0.03,0.0,0.0,0.0,0.0,0,31702.0
0,1,44,1,0,0,0,0,0,0,0,0,0,0,0,0,0,0,0,0,0,0,2,1,0.0,0.0,1.0,1.0,0.5,1.0,0.0,255,1,0.0,0.29,0.26,0.0,0.0,0.0,0.27,1.0,1,54121.0
0,1,7,5,0,0,0,0,0,0,0,0,0,0,0,0,0,0,0,0,0,0,203,1,1.0,1.0,0.0,0.0,0.0,0.06,0.0,255,1,0.0,0.08,0.0,0.0,1.0,1.0,0.0,0.0,1,94873.0
0,1,27,5,0,0,0,0,0,0,0,0,0,0,0,0,0,0,0,0,0,0,133,20,1.0,1.0,0.0,0.0,0.15,0.05,0.0,255,18,0.07,0.07,0.0,0.0,1.0,1.0,0.0,0.0,1,106858.0
0,2,44,9,1,0,0,0,0,0,0,0,0,0,0,0,0,0,0,0,0,0,40,21,0.0,0.0,0.0,0.0,0.52,0.12,0.0,255,21,0.08,0.27,1.0,0.0,0.0,0.0,0.0,0.0,1,108475.0
0,1,32,5,0,0,0,0,0,0,0,0,0,0,0,0,0,0,0,0,0,0,170,1,1.0,1.0,0.0,0.0,0.01,0.08,0.0,255,1,0.0,0.07,0.0,0.0,1.0,1.0,0.0,0.0,1,121596.0
0,1,22,9,225,18273,0,0,0,0,0,1,0,0,0,0,0,0,0,0,0,0,2,7,0.0,0.0,0.0,0.0,1.0,0.0,0.29,2,255,1.0,0.0,0.5,0.01,0.0,0.0,0.0,0.0,0,16058.0
0,1,22,9,181,11928,0,0,0,0,0,1,0,0,0,0,0,0,0,0,0,0,2,2,0.0,0.0,0.0,0.0,1.0,0.0,0.0,255,255,1.0,0.0,0.0,0.0,0.0,0.0,0.0,0.0,0,97156.0
0,2,11,9,45,129,0,0,0,0,0,0,0,0,0,0,0,0,0,0,0,0,7,42,0.0,0.0,0.0,0.0,1.0,0.0,0.05,255,252,0.99,0.01,0.0,0.0,0.0,0.0,0.0,0.0,0,57916.0
0,1,40,1,0,0,0,0,0,0,0,0,0,0,0,0,0,0,0,0,0,0,488,1,0.08,0.0,0.89,1.0,0.0,0.95,0.0,255,1,0.0,0.91,0.0,0.0,0.1,0.0,0.9,1.0,1,9753.0
0,2,11,9,42,42,0,0,0,0,0,0,0,0,0,0,0,0,0,0,0,0,10,17,0.0,0.0,0.0,0.0,1.0,0.0,0.24,255,234,0.92,0.01,0.0,0.0,0.0,0.0,0.0,0.0,0,105278.0
30,1,18,9,242,774,0,0,0,4,0,1,0,0,0,0,0,0,0,0,0,1,1,1,0.0,0.0,0.0,0.0,1.0,0.0,0.0,241,29,0.12,0.02,0.0,0.0,0.0,0.0,0.0,0.0,0,78648.0
0,1,22,1,0,0,0,0,0,0,0,0,0,0,0,0,0,0,0,0,0,0,1,1,0.0,0.0,1.0,1.0,1.0,0.0,0.0,15,223,1.0,0.0,0.07,0.15,0.0,0.0,1.0,0.95,0,69670.0
0,1,44,5,0,0,0,0,0,0,0,0,0,0,0,0,0,0,0,0,0,0,148,8,1.0,1.0,0.0,0.0,0.05,0.05,0.0,255,10,0.04,0.06,0.0,0.0,1.0,1.0,0.0,0.0,1,80964.0
0,2,11,9,45,45,0,0,0,0,0,0,0,0,0,0,0,0,0,0,0,0,156,238,0.0,0.0,0.0,0.0,1.0,0.0,0.02,255,255,1.0,0.0,0.01,0.0,0.0,0.0,0.0,0.0,0,95672.0
0,0,13,9,8,0,0,0,0,0,0,0,0,0,0,0,0,0,0,0,0,0,1,12,0.0,0.0,0.0,0.0,1.0,0.0,1.0,1,87,1.0,0.0,1.0,0.51,0.0,0.0,0.0,0.0,1,32171.0
0,1,44,5,0,0,0,0,0,0,0,0,0,0,0,0,0,0,0,0,0,0,130,16,1.0,1.0,0.0,0.0,0.12,0.05,0.0,255,16,0.06,0.04,0.0,0.0,1.0,1.0,0.0,0.0,1,37921.0
0,1,22,9,346,1969,0,0,0,0,0,1,0,0,0,0,0,0,0,0,0,0,25,25,0.0,0.0,0.0,0.0,1.0,0.0,0.0,255,255,1.0,0.0,0.0,0.0,0.0,0.0,0.0,0.0,0,122521.0
0,1,16,5,0,0,0,0,0,0,0,0,0,0,0,0,0,0,0,0,0,0,108,8,1.0,1.0,0.0,0.0,0.07,0.06,0.0,255,3,0.01,0.09,0.0,0.0,1.0,1.0,0.0,0.0,1,73660.0
0,1,22,9,207,697,0,0,0,0,0,1,0,0,0,0,0,0,0,0,0,0,18,18,0.0,0.0,0.0,0.0,1.0,0.0,0.0,42,255,1.0,0.0,0.02,0.02,0.0,0.0,0.0,0.0,0,33992.0
0,1,5,1,0,0,0,0,0,0,0,0,0,0,0,0,0,0,0,0,0,0,113,11,0.0,0.0,1.0,1.0,0.1,0.07,0.0,255,11,0.04,0.07,0.0,0.0,0.0,0.0,1.0,1.0,1,23957.0
0,0,14,9,30,0,0,0,0,0,0,0,0,0,0,0,0,0,0,0,0,0,1,1,0.0,0.0,0.0,0.0,1.0,0.0,0.0,205,205,1.0,0.0,1.0,0.0,0.0,0.0,0.0,0.0,0,8433.0
0,1,19,9,12,0,0,0,0,0,0,0,0,0,0,0,0,0,0,0,0,0,2,2,0.0,0.0,0.0,0.0,1.0,0.0,0.0,64,15,0.23,0.05,0.23,0.0,0.0,0.0,0.0,0.0,0,59998.0
0,1,23,5,0,0,0,0,0,0,0,0,0,0,0,0,0,0,0,0,0,0,143,10,1.0,1.0,0.0,0.0,0.07,0.06,0.0,255,10,0.04,0.06,0.0,0.0,1.0,1.0,0.0,0.0,1,75257.0
0,1,49,9,800,329,0,0,0,0,0,1,0,0,0,0,0,0,0,0,0,0,1,3,0.0,0.0,0.0,0.0,1.0,0.0,1.0,255,145,0.57,0.02,0.0,0.0,0.0,0.01,0.0,0.0,0,12993.0
0,2,44,9,1,0,0,0,0,0,0,0,0,0,0,0,0,0,0,0,0,0,5,5,0.0,0.0,0.0,0.0,1.0,0.0,0.0,255,5,0.02,0.51,0.64,0.0,0.0,0.0,0.36,0.0,1,93494.0
0,2,11,9,43,112,0,0,0,0,0,0,0,0,0,0,0,0,0,0,0,0,221,224,0.0,0.0,0.0,0.0,1.0,0.01,0.01,255,255,1.0,0.0,0.0,0.0,0.0,0.0,0.0,0.0,0,20386.0
0,1,22,9,274,10121,0,0,0,0,0,1,0,0,0,0,0,0,0,0,0,0,2,29,0.0,0.0,0.0,0.0,1.0,0.0,0.1,40,255,1.0,0.0,0.03,0.04,0.0,0.0,0.0,0.0,0,75380.0
0,1,22,9,332,460,0,0,0,0,0,1,0,0,0,0,0,0,0,0,0,0,2,3,0.0,0.0,0.0,0.0,1.0,0.0,0.67,16,255,1.0,0.0,0.06,0.03,0.0,0.01,0.0,0.0,0,109569.0
0,1,60,5,0,0,0,0,0,0,0,0,0,0,0,0,0,0,0,0,0,0,297,20,1.0,1.0,0.0,0.0,0.07,0.06,0.0,255,20,0.08,0.07,0.0,0.0,1.0,1.0,0.0,0.0,1,42309.0
0,1,19,9,884,0,0,0,0,0,0,0,0,0,0,0,0,0,0,0,0,0,1,1,0.0,0.0,0.0,0.0,1.0,0.0,0.0,115,20,0.17,0.03,0.17,0.0,0.0,0.0,0.0,0.0,0,85141.0
0,1,22,9,318,2965,0,0,0,0,0,1,0,0,0,0,0,0,0,0,0,0,1,1,0.0,0.0,0.0,0.0,1.0,0.0,0.0,2,255,1.0,0.0,0.5,0.01,0.0,0.0,0.0,0.0,0,24266.0
0,1,19,9,0,2890,0,0,0,0,0,0,0,0,0,0,0,0,0,0,0,0,1,10,0.0,0.1,0.0,0.0,1.0,0.0,0.2,128,86,0.19,0.1,0.01,0.02,0.02,0.05,0.0,0.0,0,45586.0
0,2,11,9,42,76,0,0,0,0,0,0,0,0,0,0,0,0,0,0,0,0,200,200,0.0,0.0,0.0,0.0,1.0,0.0,0.0,255,231,0.91,0.01,0.0,0.0,0.0,0.0,0.0,0.0,0,81880.0
0,1,44,4,0,0,0,0,0,0,0,0,0,0,0,0,0,0,0,0,0,0,1,1,0.0,0.0,1.0,1.0,1.0,0.0,0.0,255,1,0.0,0.59,0.58,0.0,0.0,0.0,0.59,1.0,1,87632.0
0,1,19,5,0,0,0,0,0,0,0,0,0,0,0,0,0,0,0,0,0,0,55,12,1.0,1.0,0.0,0.0,0.22,0.07,0.0,255,71,0.28,0.02,0.02,0.0,1.0,1.0,0.0,0.0,1,47843.0
0,1,22,9,248,1875,0,0,0,0,0,1,0,0,0,0,0,0,0,0,0,0,3,3,0.0,0.0,0.0,0.0,1.0,0.0,0.0,255,255,1.0,0.0,0.0,0.0,0.0,0.0,0.0,0.0,0,30174.0
0,1,22,9,260,784,0,0,0,0,0,1,0,0,0,0,0,0,0,0,0,0,2,2,0.0,0.0,0.0,0.0,1.0,0.0,0.0,169,255,1.0,0.0,0.01,0.01,0.01,0.0,0.04,0.03,0,62210.0
0,1,22,9,286,267,0,0,0,0,0,1,0,0,0,0,0,0,0,0,0,0,4,4,0.0,0.0,0.0,0.0,1.0,0.0,0.0,200,255,1.0,0.0,0.0,0.02,0.0,0.0,0.0,0.0,0,28835.0
0,1,22,9,353,1408,0,0,0,0,0,1,0,0,0,0,0,0,0,0,0,0,4,10,0.0,0.0,0.0,0.0,1.0,0.0,0.3,255,255,1.0,0.0,0.0,0.0,0.0,0.0,0.0,0.0,0,50588.0
0,1,22,9,265,213,0,0,0,0,0,1,0,0,0,0,0,0,0,0,0,0,1,1,0.0,0.0,0.0,0.0,1.0,0.0,0.0,19,255,1.0,0.0,0.05,0.06,0.0,0.0,0.0,0.0,0,89940.0
0,1,44,1,0,0,0,0,0,0,0,0,0,0,0,0,0,0,0,0,0,0,7,1,0.0,0.0,1.0,1.0,0.14,1.0,0.0,255,1,0.0,0.36,0.0,0.0,0.0,0.0,0.11,1.0,1,67681.0
0,1,3,5,0,0,0,0,0,0,0,0,0,0,0,0,0,0,0,0,0,0,235,3,1.0,1.0,0.0,0.0,0.01,0.05,0.0,255,3,0.01,0.05,0.0,0.0,1.0,1.0,0.0,0.0,1,27646.0
0,1,22,9,241,389,0,0,0,0,0,1,0,0,0,0,0,0,0,0,0,0,4,4,0.0,0.0,0.0,0.0,1.0,0.0,0.0,46,255,1.0,0.0,0.02,0.01,0.0,0.0,0.0,0.0,0,80916.0
0,1,22,9,271,2418,0,0,0,0,0,1,0,0,0,0,0,0,0,0,0,0,2,2,0.0,0.0,0.0,0.0,1.0,0.0,0.0,1,1,1.0,0.0,1.0,0.0,0.0,0.0,0.0,0.0,0,23169.0
0,1,44,4,0,0,0,0,0,0,0,0,0,0,0,0,0,0,0,0,0,0,1,1,0.0,0.0,1.0,1.0,1.0,0.0,0.0,255,1,0.0,0.69,0.68,0.0,0.0,0.0,0.69,1.0,1,111793.0
0,1,44,1,0,0,0,0,0,0,0,0,0,0,0,0,0,0,0,0,0,0,203,1,0.06,0.0,0.88,1.0,0.0,1.0,0.0,255,1,0.0,0.8,0.0,0.0,0.05,0.0,0.7,1.0,1,20213.0
0,0,13,9,8,0,0,0,0,0,0,0,0,0,0,0,0,0,0,0,0,0,1,47,0.0,0.0,0.0,0.0,1.0,0.0,1.0,2,140,1.0,0.0,1.0,0.5,0.0,0.0,0.0,0.0,1,86182.0
0,1,44,5,0,0,0,0,0,0,0,0,0,0,0,0,0,0,0,0,0,0,286,18,1.0,1.0,0.0,0.0,0.06,0.06,0.0,255,2,0.01,0.07,0.0,0.0,1.0,1.0,0.0,0.0,1,84922.0
0,2,11,9,45,45,0,0,0,0,0,0,0,0,0,0,0,0,0,0,0,0,48,129,0.0,0.0,0.0,0.0,1.0,0.0,0.02,255,255,1.0,0.0,0.01,0.0,0.0,0.0,0.0,0.0,0,1176.0
23132,1,44,4,1,0,0,0,0,0,0,0,0,0,0,0,0,0,0,0,0,0,2,2,0.0,0.0,1.0,1.0,1.0,0.0,0.0,255,2,0.01,0.73,1.0,0.0,0.0,0.0,1.0,1.0,1,109704.0
0,2,11,9,43,132,0,0,0,0,0,0,0,0,0,0,0,0,0,0,0,0,168,168,0.0,0.0,0.0,0.0,1.0,0.0,0.0,255,255,1.0,0.0,0.0,0.0,0.0,0.0,0.0,0.0,0,36384.0
0,1,50,5,0,0,0,0,0,0,0,0,0,0,0,0,0,0,0,0,0,0,116,16,1.0,1.0,0.0,0.0,0.14,0.05,0.0,255,16,0.06,0.05,0.0,0.0,1.0,1.0,0.0,0.0,1,54016.0
0,1,49,9,1647,384,0,0,0,0,0,1,0,0,0,0,0,0,0,0,0,0,1,1,0.0,0.0,0.0,0.0,1.0,0.0,0.0,255,121,0.47,0.02,0.0,0.0,0.51,0.57,0.0,0.0,0,19119.0
0,1,19,9,59,0,0,0,0,0,0,1,0,0,0,0,0,0,0,0,0,0,8,27,0.0,0.0,0.0,0.0,1.0,0.0,0.07,23,148,0.61,0.09,0.61,0.01,0.0,0.0,0.0,0.0,0,76192.0
0,2,11,9,46,128,0,0,0,0,0,0,0,0,0,0,0,0,0,0,0,0,283,283,0.0,0.0,0.0,0.0,1.0,0.0,0.0,255,253,0.99,0.01,0.0,0.0,0.0,0.0,0.0,0.0,0,81403.0
0,1,44,5,0,0,0,0,0,0,0,0,0,0,0,0,0,0,0,0,0,0,287,18,1.0,1.0,0.0,0.0,0.06,0.06,0.0,255,35,0.14,0.06,0.0,0.0,1.0,1.0,0.0,0.0,1,26508.0
0,0,13,9,8,0,0,0,0,0,0,0,0,0,0,0,0,0,0,0,0,0,1,29,0.0,0.0,0.0,0.0,1.0,0.0,1.0,1,101,1.0,0.0,1.0,0.26,0.0,0.0,0.0,0.0,1,26991.0
0,1,22,9,322,3127,0,0,0,0,0,1,0,0,0,0,0,0,0,0,0,0,23,23,0.0,0.0,0.0,0.0,1.0,0.0,0.0,255,255,1.0,0.0,0.0,0.0,0.0,0.0,0.0,0.0,0,114668.0
0,1,22,9,240,492,0,0,0,0,0,1,0,0,0,0,0,0,0,0,0,0,29,33,0.0,0.0,0.0,0.0,1.0,0.0,0.09,255,255,1.0,0.0,0.0,0.0,0.0,0.0,0.0,0.0,0,88066.0
0,1,22,9,302,259,0,0,0,0,0,1,0,0,0,0,0,0,0,0,0,0,4,4,0.0,0.0,0.0,0.0,1.0,0.0,0.0,29,255,1.0,0.0,0.03,0.02,0.0,0.0,0.0,0.0,0,98177.0
0,1,44,5,0,0,0,0,0,0,0,0,0,0,0,0,0,0,0,0,0,0,178,18,1.0,1.0,0.0,0.0,0.1,0.06,0.0,255,3,0.01,0.08,0.0,0.0,1.0,1.0,0.0,0.0,1,121303.0
0,1,22,9,171,409,0,0,0,0,0,1,0,0,0,0,0,0,0,0,0,0,4,4,0.25,0.25,0.0,0.0,1.0,0.0,0.0,35,255,1.0,0.0,0.03,0.01,0.06,0.01,0.0,0.0,0,14775.0
0,2,11,9,44,44,0,0,0,0,0,0,0,0,0,0,0,0,0,0,0,0,149,149,0.0,0.0,0.0,0.0,1.0,0.0,0.0,255,255,1.0,0.0,0.01,0.0,0.0,0.0,0.0,0.0,0,124881.0
0,1,54,5,0,0,0,0,0,0,0,0,0,0,0,0,0,0,0,0,0,0,270,9,1.0,1.0,0.0,0.0,0.03,0.06,0.0,255,20,0.08,0.07,0.0,0.0,1.0,1.0,0.0,0.0,1,7235.0
0,0,13,9,8,0,0,0,0,0,0,0,0,0,0,0,0,0,0,0,0,0,1,41,0.0,0.0,0.0,0.0,1.0,0.0,1.0,1,103,1.0,0.0,1.0,0.5,0.0,0.0,0.0,0.0,1,41551.0
0,1,31,1,0,0,0,0,0,0,0,0,0,0,0,0,0,0,0,0,0,0,231,10,0.0,0.0,1.0,1.0,0.04,0.07,0.0,255,10,0.04,0.07,0.0,0.0,0.0,0.0,1.0,1.0,1,124277.0
0,1,8,5,0,0,0,0,0,0,0,0,0,0,0,0,0,0,0,0,0,0,284,14,1.0,1.0,0.0,0.0,0.05,0.05,0.0,255,7,0.03,0.08,0.0,0.0,1.0,1.0,0.0,0.0,1,51620.0
0,1,19,9,334,0,0,0,0,0,0,1,0,0,0,0,0,0,0,0,0,0,2,2,0.0,0.0,0.0,0.0,1.0,0.0,0.0,2,8,1.0,0.0,1.0,0.38,0.0,0.0,0.0,0.0,1,38640.0
0,1,9,5,0,0,0,0,0,0,0,0,0,0,0,0,0,0,0,0,0,0,208,18,1.0,1.0,0.0,0.0,0.09,0.06,0.0,255,17,0.07,0.07,0.0,0.0,1.0,1.0,0.0,0.0,1,64840.0
0,1,44,0,0,0,0,0,0,0,0,0,0,0,0,0,0,0,0,0,0,0,1,1,0.0,0.0,0.0,0.0,1.0,0.0,0.0,199,1,0.01,0.76,0.76,0.0,0.03,0.0,0.63,0.0,1,28724.0
0,1,19,5,0,0,0,0,0,0,0,0,0,0,0,0,0,0,0,0,0,0,261,23,1.0,1.0,0.0,0.0,0.09,0.05,0.0,255,23,0.09,0.05,0.0,0.0,1.0,1.0,0.0,0.0,1,65484.0
0,1,22,9,208,764,0,0,0,0,0,1,0,0,0,0,0,0,0,0,0,0,1,2,0.0,0.0,0.0,0.0,1.0,0.0,1.0,95,255,1.0,0.0,0.01,0.02,0.0,0.0,0.0,0.0,0,44231.0
0,1,44,5,0,0,0,0,0,0,0,0,0,0,0,0,0,0,0,0,0,0,111,10,1.0,1.0,0.0,0.0,0.09,0.08,0.0,255,10,0.04,0.08,0.0,0.0,1.0,1.0,0.0,0.0,1,83537.0
0,1,6,5,0,0,0,0,0,0,0,0,0,0,0,0,0,0,0,0,0,0,108,10,1.0,1.0,0.0,0.0,0.09,0.06,0.0,255,8,0.03,0.07,0.0,0.0,1.0,1.0,0.0,0.0,1,29783.0
0,2,44,9,105,105,0,0,0,0,0,0,0,0,0,0,0,0,0,0,0,0,7,1,0.0,0.0,0.0,0.0,0.14,0.29,0.0,255,247,0.97,0.01,0.0,0.0,0.0,0.0,0.0,0.0,0,68359.0
0,1,22,9,200,767,0,0,0,0,0,1,0,0,0,0,0,0,0,0,0,0,4,4,0.0,0.0,0.0,0.0,1.0,0.0,0.0,255,255,1.0,0.0,0.0,0.0,0.0,0.0,0.0,0.0,0,86853.0
0,1,22,1,0,0,0,0,0,0,0,0,0,0,0,0,0,0,0,0,0,0,2,2,0.0,0.0,1.0,1.0,1.0,0.0,0.0,255,218,0.85,0.02,0.0,0.0,0.0,0.0,0.85,1.0,0,74215.0
0,1,22,9,227,456,0,0,0,0,0,1,0,0,0,0,0,0,0,0,0,0,3,7,0.0,0.0,0.0,0.0,1.0,0.0,0.29,153,255,1.0,0.0,0.01,0.05,0.0,0.0,0.01,0.01,0,8799.0
0,1,62,5,0,0,0,0,0,0,0,0,0,0,0,0,0,0,0,0,0,0,135,6,1.0,1.0,0.0,0.0,0.04,0.07,0.0,255,6,0.02,0.07,0.0,0.0,1.0,1.0,0.0,0.0,1,35396.0
0,2,11,9,44,79,0,0,0,0,0,0,0,0,0,0,0,0,0,0,0,0,125,125,0.0,0.0,0.0,0.0,1.0,0.0,0.0,255,254,1.0,0.01,0.0,0.0,0.0,0.0,0.0,0.0,0,107157.0
0,1,49,9,813,327,0,0,0,0,0,1,0,0,0,0,0,0,0,0,0,0,2,1,0.0,0.0,0.0,0.0,0.5,1.0,0.0,126,92,0.73,0.03,0.01,0.0,0.0,0.0,0.0,0.0,0,7923.0
0,1,22,9,330,2103,0,0,0,0,0,1,0,0,0,0,0,0,0,0,0,0,5,5,0.0,0.0,0.0,0.0,1.0,0.0,0.0,152,255,1.0,0.0,0.01,0.02,0.01,0.0,0.01,0.0,0,82297.0
0,2,11,9,43,71,0,0,0,0,0,0,0,0,0,0,0,0,0,0,0,0,114,114,0.0,0.0,0.0,0.0,1.0,0.0,0.0,255,254,1.0,0.01,0.0,0.0,0.0,0.0,0.0,0.0,0,21805.0
0,1,22,9,231,274,0,0,0,0,0,1,0,0,0,0,0,0,0,0,0,0,1,1,0.0,0.0,0.0,0.0,1.0,0.0,0.0,2,255,1.0,0.0,0.5,0.04,0.0,0.0,0.0,0.0,0,85690.0
0,1,44,1,0,0,0,0,0,0,0,0,0,0,0,0,0,0,0,0,0,0,150,1,0.05,0.0,0.93,1.0,0.01,1.0,0.0,255,1,0.0,0.78,0.0,0.0,0.03,0.0,0.56,1.0,1,42158.0
0,0,14,9,520,0,0,0,0,0,0,0,0,0,0,0,0,0,0,0,0,0,258,258,0.0,0.0,0.0,0.0,1.0,0.0,0.0,255,255,1.0,0.0,1.0,0.0,0.0,0.0,0.0,0.0,1,80924.0
0,1,9,5,0,0,0,0,0,0,0,0,0,0,0,0,0,0,0,0,0,0,262,12,1.0,1.0,0.0,0.0,0.05,0.06,0.0,255,12,0.05,0.07,0.0,0.0,1.0,1.0,0.0,0.0,1,50067.0
0,1,4,1,0,0,0,0,0,0,0,0,0,0,0,0,0,0,0,0,0,0,143,6,0.0,0.0,1.0,1.0,0.04,0.06,0.0,255,3,0.01,0.07,0.0,0.0,0.0,0.0,1.0,1.0,1,38100.0
0,1,44,5,0,0,0,0,0,0,0,0,0,0,0,0,0,0,0,0,0,0,300,20,1.0,1.0,0.0,0.0,0.07,0.06,0.0,255,6,0.02,0.09,0.0,0.0,1.0,1.0,0.0,0.0,1,93201.0
0,1,22,9,328,888,0,0,0,0,0,1,0,0,0,0,0,0,0,0,0,0,12,12,0.0,0.0,0.0,0.0,1.0,0.0,0.0,12,48,1.0,0.0,0.08,0.19,0.0,0.0,0.0,0.0,0,44550.0
0,1,22,9,322,5280,0,0,0,0,0,1,0,0,0,0,0,0,0,0,0,0,4,4,0.0,0.0,0.0,0.0,1.0,0.0,0.0,225,255,1.0,0.0,0.0,0.01,0.0,0.0,0.0,0.0,0,125503.0
0,0,13,9,8,0,0,0,0,0,0,0,0,0,0,0,0,0,0,0,0,0,1,23,0.0,0.0,0.0,0.0,1.0,0.0,1.0,1,23,1.0,0.0,1.0,0.52,0.0,0.0,0.0,0.0,1,4053.0
0,0,13,9,8,0,0,0,0,0,0,0,0,0,0,0,0,0,0,0,0,0,1,10,0.0,0.0,0.0,0.0,1.0,0.0,1.0,1,153,1.0,0.0,1.0,0.25,0.0,0.0,0.0,0.0,1,35963.0
0,2,11,9,44,75,0,0,0,0,0,0,0,0,0,0,0,0,0,0,0,0,130,130,0.0,0.0,0.0,0.0,1.0,0.0,0.0,255,255,1.0,0.0,0.01,0.0,0.0,0.0,0.0,0.0,0,52290.0
0,1,22,9,338,1484,0,0,0,0,0,1,0,0,0,0,0,0,0,0,0,0,13,27,0.0,0.0,0.0,0.0,1.0,0.0,0.11,255,255,1.0,0.0,0.0,0.0,0.0,0.0,0.0,0.0,0,78369.0
0,1,31,5,0,0,0,0,0,0,0,0,0,0,0,0,0,0,0,0,0,0,275,4,1.0,1.0,0.0,0.0,0.01,0.05,0.0,255,4,0.02,0.05,0.0,0.0,1.0,1.0,0.0,0.0,1,29670.0
0,1,19,9,259,0,0,0,0,0,0,0,0,0,0,0,0,0,0,0,0,0,2,2,0.0,0.0,0.0,0.0,1.0,0.0,0.0,173,18,0.08,0.02,0.08,0.11,0.0,0.0,0.02,0.0,0,15800.0
0,1,28,1,0,0,0,0,0,0,0,0,0,0,0,0,0,0,0,0,0,0,261,2,0.0,0.0,1.0,1.0,0.01,0.07,0.0,255,2,0.01,0.07,0.0,0.0,0.0,0.0,1.0,1.0,1,52149.0
0,1,19,9,212,0,0,0,0,0,0,1,0,0,0,1,0,0,0,0,0,0,2,2,0.0,0.0,0.0,0.0,1.0,0.0,0.0,166,73,0.44,0.04,0.44,0.0,0.0,0.0,0.0,0.0,0,49298.0
0,1,22,1,0,0,0,0,0,0,0,0,0,0,0,0,0,0,0,0,0,0,1,1,0.0,0.0,1.0,1.0,1.0,0.0,0.0,1,250,1.0,0.0,1.0,0.08,0.0,0.0,1.0,0.38,0,68361.0
0,1,42,5,0,0,0,0,0,0,0,0,0,0,0,0,0,0,0,0,0,0,111,8,1.0,1.0,0.0,0.0,0.07,0.05,0.0,255,8,0.03,0.05,0.0,0.0,1.0,1.0,0.0,0.0,1,89258.0
0,1,44,1,0,0,0,0,0,0,0,0,0,0,0,0,0,0,0,0,0,0,224,1,0.11,0.0,0.88,1.0,0.0,1.0,0.0,255,1,0.0,0.95,0.0,0.0,0.1,0.0,0.78,1.0,1,94902.0
0,1,22,9,218,12640,0,0,0,0,0,1,0,0,0,0,0,0,0,0,0,0,3,3,0.0,0.0,0.0,0.0,1.0,0.0,0.0,255,255,1.0,0.0,0.0,0.0,0.0,0.0,0.0,0.0,0,62546.0
0,1,17,5,0,0,0,0,0,0,0,0,0,0,0,0,0,0,0,0,0,0,31,9,0.97,0.89,0.03,0.11,0.26,0.16,0.22,255,50,0.2,0.04,0.01,0.0,1.0,1.0,0.0,0.0,1,108088.0
25,1,18,9,343,1072,0,0,0,6,0,1,0,0,0,0,0,0,0,0,0,1,1,1,0.0,0.0,0.0,0.0,1.0,0.0,0.0,255,60,0.24,0.02,0.0,0.0,0.0,0.0,0.0,0.0,0,94995.0
0,1,55,5,0,0,0,0,0,0,0,0,0,0,0,0,0,0,0,0,0,0,37,16,0.97,1.0,0.03,0.0,0.43,0.08,0.0,255,13,0.05,0.06,0.01,0.0,1.0,1.0,0.0,0.0,1,89316.0
0,1,22,9,224,4794,0,0,0,0,0,1,0,0,0,0,0,0,0,0,0,0,5,5,0.0,0.0,0.0,0.0,1.0,0.0,0.0,15,255,1.0,0.0,0.07,0.06,0.0,0.0,0.0,0.0,0,9964.0
0,1,49,9,966,387,0,0,0,0,0,1,0,0,0,0,0,0,0,0,0,0,1,2,0.0,0.0,0.0,0.0,1.0,0.0,1.0,22,159,0.73,0.14,0.05,0.01,0.0,0.0,0.0,0.0,0,64573.0
0,0,13,9,8,0,0,0,0,0,0,0,0,0,0,0,0,0,0,0,0,0,1,31,0.0,0.0,0.0,0.0,1.0,0.0,1.0,1,161,1.0,0.0,1.0,0.25,0.0,0.0,0.0,0.0,1,117837.0
0,1,40,1,0,0,0,0,0,0,0,0,0,0,0,0,0,0,0,0,0,0,509,1,0.23,0.0,0.76,1.0,0.0,1.0,0.0,255,1,0.0,1.0,0.0,0.0,0.18,0.0,0.79,1.0,1,2764.0
0,1,44,5,0,0,0,0,0,0,0,0,0,0,0,0,0,0,0,0,0,0,124,19,1.0,1.0,0.0,0.0,0.15,0.06,0.0,255,18,0.07,0.05,0.0,0.0,1.0,1.0,0.0,0.0,1,101715.0
0,2,11,9,45,45,0,0,0,0,0,0,0,0,0,0,0,0,0,0,0,0,156,236,0.0,0.0,0.0,0.0,1.0,0.0,0.01,255,255,1.0,0.0,0.01,0.0,0.0,0.0,0.0,0.0,0,116245.0
111,1,22,9,257,274,0,0,0,0,0,1,0,0,0,0,0,0,0,0,0,0,1,1,0.0,0.0,0.0,0.0,1.0,0.0,0.0,255,248,0.97,0.01,0.0,0.0,0.0,0.0,0.0,0.0,0,33986.0
0,2,11,9,45,45,0,0,0,0,0,0,0,0,0,0,0,0,0,0,0,0,115,115,0.0,0.0,0.0,0.0,1.0,0.0,0.0,255,255,1.0,0.0,0.01,0.0,0.0,0.0,0.0,0.0,0,92358.0
0,1,19,9,276,0,0,0,0,0,0,0,0,0,0,0,0,0,0,0,0,0,3,4,0.0,0.0,0.0,0.0,1.0,0.0,0.5,53,70,0.42,0.09,0.26,0.03,0.0,0.0,0.04,0.0,0,81675.0
0,2,44,9,105,147,0,0,0,0,0,0,0,0,0,0,0,0,0,0,0,0,11,2,0.0,0.0,0.0,0.0,0.18,0.18,0.0,255,239,0.94,0.01,0.01,0.0,0.0,0.0,0.0,0.0,0,32769.0
0,1,60,5,0,0,0,0,0,0,0,0,0,0,0,0,0,0,0,0,0,0,104,1,1.0,1.0,0.0,0.0,0.01,0.08,0.0,255,1,0.0,0.08,0.0,0.0,1.0,1.0,0.0,0.0,1,104781.0
0,1,22,9,256,8708,0,0,0,0,0,1,0,0,0,0,0,0,0,0,0,0,1,31,0.0,0.0,0.0,0.0,1.0,0.0,0.1,44,255,1.0,0.0,0.02,0.04,0.0,0.0,0.0,0.0,0,6742.0
0,1,22,9,297,1964,0,0,0,0,0,1,0,0,0,0,0,0,0,0,0,0,33,33,0.0,0.0,0.0,0.0,1.0,0.0,0.0,82,255,1.0,0.0,0.01,0.1,0.0,0.0,0.6,0.87,0,103123.0
0,0,58,9,182,0,0,0,0,0,0,0,0,0,0,0,0,0,0,0,0,0,5,3,0.0,0.0,0.0,0.0,0.6,0.6,0.0,255,18,0.07,0.01,0.11,0.0,0.0,0.0,0.0,0.0,0,64592.0
0,1,22,9,286,315,0,0,0,0,0,1,0,0,0,0,0,0,0,0,0,0,39,39,0.0,0.0,0.0,0.0,1.0,0.0,0.0,174,255,1.0,0.0,0.01,0.02,0.0,0.0,0.0,0.0,0,4011.0
0,1,22,9,227,2322,0,0,0,0,0,1,0,0,0,0,0,0,0,0,0,0,10,11,0.0,0.0,0.0,0.0,1.0,0.0,0.18,255,255,1.0,0.0,0.0,0.0,0.0,0.0,0.0,0.0,0,97624.0
0,1,22,9,287,9875,0,0,0,0,0,1,0,0,0,0,0,0,0,0,0,0,9,9,0.0,0.0,0.0,0.0,1.0,0.0,0.0,9,255,1.0,0.0,0.11,0.02,0.0,0.0,0.0,0.0,0,81288.0
0,2,40,9,1,0,0,0,0,0,0,0,0,0,0,0,0,0,0,0,0,0,11,1,0.0,0.0,0.0,0.0,0.09,0.82,0.0,255,1,0.0,0.14,0.38,0.0,0.0,0.0,0.54,0.0,1,111845.0
0,1,3,5,0,0,0,0,0,0,0,0,0,0,0,0,0,0,0,0,0,0,265,11,1.0,1.0,0.0,0.0,0.04,0.05,0.0,255,11,0.04,0.05,0.0,0.0,1.0,1.0,0.0,0.0,1,25704.0
0,1,22,9,288,546,0,0,0,0,0,1,0,0,0,0,0,0,0,0,0,0,19,39,0.0,0.0,0.0,0.0,1.0,0.0,0.1,255,255,1.0,0.0,0.0,0.0,0.0,0.0,0.0,0.0,0,16914.0
0,1,44,1,0,0,0,0,0,0,0,0,0,0,0,0,0,0,0,0,0,0,300,18,0.0,0.0,1.0,1.0,0.06,0.05,0.0,255,18,0.07,0.07,0.0,0.0,0.0,0.0,1.0,1.0,1,61518.0
0,1,22,9,302,2766,0,0,0,0,0,1,0,0,0,0,0,0,0,0,0,0,7,7,0.0,0.0,0.0,0.0,1.0,0.0,0.0,118,255,1.0,0.0,0.01,0.02,0.0,0.0,0.0,0.0,0,73188.0
0,1,22,9,304,2239,0,0,0,0,0,1,0,0,0,0,0,0,0,0,0,0,1,1,0.0,0.0,0.0,0.0,1.0,0.0,0.0,255,255,1.0,0.0,0.0,0.0,0.0,0.0,0.0,0.0,0,80666.0
0,1,22,9,219,16777,0,0,0,0,0,1,0,0,0,0,0,0,0,0,0,0,2,16,0.0,0.0,0.0,0.0,1.0,0.0,0.19,255,255,1.0,0.0,0.0,0.0,0.0,0.0,0.0,0.0,0,58577.0
0,0,58,9,78,0,0,0,0,0,0,0,0,0,0,0,0,0,0,0,0,0,10,2,0.0,0.0,0.0,0.0,0.2,0.2,0.0,255,8,0.03,0.01,0.03,0.0,0.0,0.0,0.0,0.0,0,5297.0
0,1,2,4,0,0,0,0,0,0,0,0,0,0,0,0,0,0,0,0,0,0,1,1,0.0,0.0,1.0,1.0,1.0,0.0,0.0,255,1,0.0,1.0,1.0,0.0,0.0,0.0,0.99,1.0,1,59524.0
16,1,49,9,1530,330,0,0,0,0,0,1,0,0,0,0,0,0,0,0,0,0,1,2,0.0,0.0,0.0,0.0,1.0,0.0,1.0,183,143,0.78,0.02,0.01,0.0,0.0,0.0,0.0,0.0,0,83361.0
0,1,49,9,1338,367,0,0,0,0,0,1,0,0,0,0,0,0,0,0,0,0,1,3,0.0,0.0,0.0,0.0,1.0,0.0,1.0,92,221,0.96,0.02,0.01,0.01,0.0,0.0,0.0,0.0,0,2084.0
0,1,19,9,1766,0,0,0,0,0,0,1,0,0,0,0,0,0,0,0,0,0,2,2,0.0,0.0,0.0,0.0,1.0,0.0,0.0,160,77,0.28,0.03,0.28,0.03,0.0,0.0,0.03,0.0,0,38926.0
0,2,40,9,147,0,0,0,0,0,0,0,0,0,0,0,0,0,0,0,0,0,1,1,0.0,0.0,0.0,0.0,1.0,0.0,0.0,255,1,0.0,0.53,0.95,0.0,0.0,0.0,0.0,0.0,0,115669.0
1297,2,40,9,146,105,0,0,0,0,0,0,0,0,0,0,0,0,0,0,0,0,1,1,0.0,0.0,0.0,0.0,1.0,0.0,0.0,255,3,0.01,0.72,0.97,0.0,0.0,0.0,0.0,0.0,0,87731.0
0,1,22,9,289,10736,0,0,0,0,0,1,0,0,0,0,0,0,0,0,0,0,11,24,0.09,0.08,0.0,0.0,1.0,0.0,0.21,160,255,1.0,0.0,0.01,0.01,0.01,0.0,0.01,0.0,0,102237.0
0,1,53,5,0,0,0,0,0,0,0,0,0,0,0,0,0,0,0,0,0,0,207,15,1.0,1.0,0.0,0.0,0.07,0.08,0.0,255,15,0.06,0.07,0.0,0.0,1.0,1.0,0.0,0.0,1,36277.0
0,1,44,5,0,0,0,0,0,0,0,0,0,0,0,0,0,0,0,0,0,0,238,10,1.0,1.0,0.0,0.0,0.04,0.07,0.0,255,10,0.04,0.06,0.0,0.0,1.0,1.0,0.0,0.0,1,9003.0
198,1,22,9,222,259,0,0,0,0,0,1,0,0,0,0,0,0,0,0,0,0,1,3,0.0,0.0,0.0,0.0,1.0,0.0,0.67,255,240,0.94,0.02,0.01,0.0,0.0,0.0,0.0,0.0,0,24964.0
0,2,11,9,46,74,0,0,0,0,0,0,0,0,0,0,0,0,0,0,0,0,243,242,0.0,0.0,0.0,0.0,1.0,0.01,0.0,255,250,0.98,0.01,0.0,0.0,0.0,0.0,0.0,0.0,0,55772.0
0,1,22,9,303,1380,0,0,0,0,0,1,0,0,0,0,0,0,0,0,0,0,3,4,0.0,0.0,0.0,0.25,1.0,0.0,0.5,21,18,0.86,0.1,0.05,0.0,0.0,0.0,0.0,0.0,0,115178.0
0,2,11,9,17,17,0,0,0,0,0,0,0,0,0,0,0,0,0,0,0,0,15,16,0.0,0.0,0.0,0.0,1.0,0.0,0.12,255,237,0.93,0.01,0.0,0.0,0.0,0.0,0.0,0.0,0,15194.0
0,1,22,9,229,2698,0,0,0,0,0,1,0,0,0,0,0,0,1,0,0,0,2,2,0.0,0.0,0.0,0.0,1.0,0.0,0.0,255,251,0.98,0.01,0.0,0.0,0.0,0.0,0.0,0.0,0,51690.0
0,1,44,5,0,0,0,0,0,0,0,0,0,0,0,0,0,0,0,0,0,0,136,18,1.0,1.0,0.0,0.0,0.13,0.06,0.0,255,27,0.11,0.06,0.0,0.0,1.0,1.0,0.0,0.0,1,81077.0
0,1,7,5,0,0,0,0,0,0,0,0,0,0,0,0,0,0,0,0,0,0,259,6,1.0,1.0,0.0,0.0,0.02,0.07,0.0,255,6,0.02,0.09,0.0,0.0,1.0,1.0,0.0,0.0,1,21485.0
0,1,22,9,246,1814,0,0,0,0,0,1,0,0,0,0,0,0,0,0,0,0,10,11,0.0,0.0,0.0,0.0,1.0,0.0,0.18,198,255,1.0,0.0,0.01,0.03,0.0,0.0,0.01,0.0,0,38496.0
0,1,22,5,0,0,0,0,0,0,0,0,0,0,0,0,0,0,0,0,0,0,1,1,1.0,1.0,0.0,0.0,1.0,0.0,0.0,2,255,1.0,0.0,0.5,0.06,1.0,0.01,0.0,0.0,0,83685.0
0,1,22,9,229,273,0,0,0,0,0,1,0,0,0,0,0,0,0,0,0,0,2,2,0.0,0.0,0.0,0.0,1.0,0.0,0.0,102,255,1.0,0.0,0.01,0.07,0.0,0.0,0.0,0.0,0,110026.0
0,1,22,9,296,788,0,0,0,0,0,1,0,0,0,0,0,0,0,0,0,0,13,13,0.0,0.0,0.0,0.0,1.0,0.0,0.0,255,255,1.0,0.0,0.0,0.0,0.0,0.0,0.0,0.0,0,107342.0
0,2,11,9,45,136,0,0,0,0,0,0,0,0,0,0,0,0,0,0,0,0,312,311,0.0,0.0,0.0,0.0,1.0,0.01,0.0,201,168,0.84,0.01,0.0,0.0,0.0,0.0,0.0,0.0,0,47135.0
0,2,40,9,146,0,0,0,0,0,0,0,0,0,0,0,0,0,0,0,0,0,3,1,0.0,0.0,0.0,0.0,0.33,0.67,0.0,255,1,0.0,0.56,0.88,0.0,0.0,0.0,0.0,0.0,0,106467.0
0,1,59,5,0,0,0,0,0,0,0,0,0,0,0,0,0,0,0,0,0,0,99,1,1.0,1.0,0.0,0.0,0.01,0.06,0.0,255,1,0.0,0.05,0.0,0.0,1.0,1.0,0.0,0.0,1,50300.0
0,1,22,9,241,285,0,0,0,0,0,1,0,0,0,0,0,0,0,0,0,0,10,39,0.0,0.0,0.0,0.0,1.0,0.0,0.05,255,255,1.0,0.0,0.0,0.0,0.0,0.0,0.0,0.0,0,34482.0
0,1,26,1,0,0,0,0,0,0,0,0,0,0,0,0,0,0,0,0,0,0,113,20,0.0,0.0,1.0,1.0,0.18,0.07,0.0,255,20,0.08,0.06,0.0,0.0,0.0,0.0,1.0,1.0,1,16846.0
0,1,22,9,322,1334,0,0,0,0,0,1,0,0,0,0,0,0,0,0,0,0,18,18,0.0,0.0,0.0,0.0,1.0,0.0,0.0,42,210,1.0,0.0,0.02,0.1,0.0,0.0,0.0,0.0,0,97646.0
0,2,11,9,44,70,0,0,0,0,0,0,0,0,0,0,0,0,0,0,0,0,174,174,0.0,0.0,0.0,0.0,1.0,0.0,0.0,255,255,1.0,0.0,0.01,0.0,0.0,0.0,0.0,0.0,0,41289.0
0,1,22,9,197,15085,0,0,0,0,0,1,0,0,0,0,0,0,0,0,0,0,1,1,0.0,0.0,0.0,0.0,1.0,0.0,0.0,38,255,1.0,0.0,0.03,0.07,0.0,0.0,0.0,0.0,0,35057.0
12,1,49,9,1033,334,0,0,0,0,0,1,0,0,0,0,0,0,0,0,0,0,1,2,0.0,0.0,0.0,0.0,1.0,0.0,1.0,198,116,0.59,0.03,0.01,0.0,0.0,0.0,0.0,0.0,0,116132.0
0,1,30,5,0,0,0,0,0,0,0,0,0,0,0,0,0,0,0,0,0,0,98,14,1.0,1.0,0.0,0.0,0.14,0.05,0.0,255,14,0.05,0.05,0.0,0.0,1.0,1.0,0.0,0.0,1,69248.0
0,1,22,9,273,985,0,0,0,0,0,1,0,0,0,0,0,0,0,0,0,0,9,9,0.0,0.0,0.0,0.0,1.0,0.0,0.0,255,255,1.0,0.0,0.0,0.0,0.0,0.0,0.0,0.0,0,4479.0
0,0,14,9,1032,0,0,0,0,0,0,0,0,0,0,0,0,0,0,0,0,0,155,155,0.0,0.0,0.0,0.0,1.0,0.0,0.0,255,155,0.61,0.01,0.61,0.0,0.0,0.0,0.0,0.0,1,79230.0
0,1,22,9,235,34021,0,0,0,0,0,1,0,0,0,0,0,0,0,0,0,0,17,17,0.0,0.0,0.0,0.0,1.0,0.0,0.0,201,255,1.0,0.0,0.0,0.02,0.0,0.01,0.12,0.12,0,123066.0
0,1,19,9,383,0,0,0,0,0,0,1,0,0,0,0,0,0,0,0,0,0,2,2,0.0,0.0,0.0,0.0,1.0,0.0,0.0,255,107,0.42,0.02,0.42,0.0,0.0,0.0,0.0,0.0,0,28040.0
0,2,11,9,44,115,0,0,0,0,0,0,0,0,0,0,0,0,0,0,0,0,112,117,0.0,0.0,0.0,0.0,1.0,0.0,0.03,255,255,1.0,0.0,0.0,0.0,0.0,0.0,0.0,0.0,0,1883.0
0,1,4,5,0,0,0,0,0,0,0,0,0,0,0,0,0,0,0,0,0,0,215,20,1.0,1.0,0.0,0.0,0.09,0.06,0.0,255,20,0.08,0.07,0.0,0.0,1.0,1.0,0.0,0.0,1,61578.0
0,2,11,9,46,131,0,0,0,0,0,0,0,0,0,0,0,0,0,0,0,0,78,158,0.0,0.0,0.0,0.0,1.0,0.0,0.01,255,254,1.0,0.01,0.0,0.0,0.0,0.0,0.0,0.0,0,17302.0
0,1,53,5,0,0,0,0,0,0,0,0,0,0,0,0,0,0,0,0,0,0,125,19,1.0,1.0,0.0,0.0,0.15,0.06,0.0,255,18,0.07,0.06,0.0,0.0,1.0,1.0,0.0,0.0,1,41761.0
0,1,22,9,213,1415,0,0,0,0,0,1,0,0,0,0,0,0,0,0,0,0,2,7,0.0,0.0,0.0,0.0,1.0,0.0,0.29,255,255,1.0,0.0,0.0,0.0,0.0,0.0,0.0,0.0,0,14050.0
0,1,22,9,268,2974,0,0,0,0,0,1,0,0,0,0,0,0,0,0,0,0,10,13,0.0,0.0,0.0,0.0,1.0,0.0,0.23,255,255,1.0,0.0,0.0,0.0,0.0,0.0,0.0,0.0,0,24527.0
0,1,22,1,0,0,0,0,0,0,0,0,0,0,0,0,0,0,0,0,0,0,220,9,0.0,0.0,1.0,1.0,0.04,0.07,0.0,255,9,0.04,0.09,0.0,0.0,0.0,0.0,1.0,1.0,1,12995.0
0,1,22,9,222,2125,0,0,0,0,0,1,0,0,0,0,0,0,0,0,0,0,6,6,0.0,0.0,0.0,0.0,1.0,0.0,0.0,9,113,1.0,0.0,0.11,0.03,0.0,0.0,0.33,0.04,0,64336.0
0,1,22,9,210,319,0,0,0,0,0,1,0,0,0,0,0,0,0,0,0,0,18,22,0.0,0.0,0.0,0.0,1.0,0.0,0.14,18,255,1.0,0.0,0.06,0.02,0.0,0.0,0.0,0.0,0,45221.0
0,1,19,9,334,0,0,0,0,0,0,1,0,0,0,0,0,0,0,0,0,0,2,2,0.0,0.0,0.0,0.0,1.0,0.0,0.0,4,24,1.0,0.0,1.0,0.21,0.0,0.0,0.0,0.0,1,92959.0
0,1,37,5,0,0,0,0,0,0,0,0,0,0,0,0,0,0,0,0,0,0,101,1,1.0,1.0,0.0,0.0,0.01,0.07,0.0,255,1,0.0,0.08,0.0,0.0,1.0,1.0,0.0,0.0,1,61816.0
0,1,22,9,297,29678,0,0,0,0,0,1,0,0,0,0,0,0,0,0,0,0,1,1,0.0,0.0,0.0,0.0,1.0,0.0,0.0,68,255,1.0,0.0,0.01,0.02,0.0,0.0,0.0,0.0,0,120076.0
0,1,12,5,0,0,0,0,0,0,0,0,0,0,0,0,0,0,0,0,0,0,229,1,0.63,1.0,0.37,0.0,0.0,0.42,0.0,255,1,0.0,0.38,0.9,0.0,0.57,1.0,0.33,0.0,1,8464.0
0,2,11,9,43,123,0,0,0,0,0,0,0,0,0,0,0,0,0,0,0,0,117,199,0.0,0.0,0.0,0.0,1.0,0.0,0.02,255,254,1.0,0.01,0.0,0.0,0.0,0.0,0.0,0.0,0,69435.0
0,1,22,1,0,0,0,0,0,0,0,0,0,0,0,0,0,0,0,0,0,0,1,2,0.0,0.0,1.0,1.0,1.0,0.0,1.0,7,64,1.0,0.0,0.14,0.11,0.0,0.0,1.0,1.0,0,74189.0
0,1,44,5,0,0,0,0,0,0,0,0,0,0,0,0,0,0,0,0,0,0,117,18,1.0,1.0,0.0,0.0,0.15,0.05,0.0,255,18,0.07,0.05,0.0,0.0,1.0,1.0,0.0,0.0,1,34687.0
0,1,44,5,0,0,0,0,0,0,0,0,0,0,0,0,0,0,0,0,0,0,239,10,1.0,1.0,0.0,0.0,0.04,0.06,0.0,255,11,0.04,0.07,0.0,0.0,1.0,1.0,0.0,0.0,1,62106.0
0,1,22,9,209,784,0,0,0,0,0,1,0,0,0,0,0,0,0,0,0,0,4,5,0.0,0.0,0.0,0.0,1.0,0.0,0.4,255,255,1.0,0.0,0.0,0.0,0.0,0.0,0.0,0.0,0,29035.0
0,1,44,1,0,0,0,0,0,0,0,0,0,0,0,0,0,0,0,0,0,0,97,2,0.0,0.0,1.0,1.0,0.02,0.07,0.0,255,2,0.01,0.08,0.0,0.0,0.0,0.0,1.0,1.0,1,122273.0
0,1,22,9,228,262,0,0,0,0,0,1,0,0,0,0,0,0,0,0,0,0,7,7,0.0,0.0,0.0,0.0,1.0,0.0,0.0,195,255,1.0,0.0,0.01,0.02,0.0,0.0,0.0,0.0,0,7670.0
0,1,29,5,0,0,0,0,0,0,0,0,0,0,0,0,0,0,0,0,0,0,273,9,1.0,1.0,0.0,0.0,0.03,0.06,0.0,255,20,0.08,0.07,0.0,0.0,1.0,1.0,0.0,0.0,1,93976.0
0,1,22,9,202,567,0,0,0,0,0,1,0,0,0,0,0,0,0,0,0,0,15,15,0.0,0.0,0.0,0.0,1.0,0.0,0.0,140,255,1.0,0.0,0.01,0.03,0.0,0.0,0.0,0.0,0,33696.0
0,1,22,9,226,28076,0,0,0,0,0,1,0,0,0,0,0,0,0,0,0,0,14,14,0.0,0.0,0.0,0.0,1.0,0.0,0.0,14,255,1.0,0.0,0.07,0.04,0.0,0.0,0.0,0.0,0,68372.0
0,1,4,5,0,0,0,0,0,0,0,0,0,0,0,0,0,0,0,0,0,0,132,24,1.0,1.0,0.0,0.0,0.18,0.05,0.0,255,24,0.09,0.05,0.0,0.0,1.0,1.0,0.0,0.0,1,19281.0
0,1,10,5,0,0,0,0,0,0,0,0,0,0,0,0,0,0,0,0,0,0,209,20,1.0,1.0,0.0,0.0,0.1,0.06,0.0,255,13,0.05,0.06,0.0,0.0,1.0,1.0,0.0,0.0,1,110401.0
0,1,44,5,0,0,0,0,0,0,0,0,0,0,0,0,0,0,0,0,0,0,208,20,1.0,1.0,0.0,0.0,0.1,0.05,0.0,255,2,0.01,0.07,0.0,0.0,1.0,1.0,0.0,0.0,1,94262.0
0,1,22,5,0,0,0,0,0,0,0,0,0,0,0,0,0,0,0,0,0,0,5,2,1.0,1.0,0.0,0.0,0.4,0.4,0.0,255,58,0.23,0.04,0.0,0.0,1.0,1.0,0.0,0.0,1,29719.0
0,1,22,9,224,382,0,0,0,0,0,1,0,0,0,0,0,0,0,0,0,0,3,14,0.0,0.0,0.0,0.0,1.0,0.0,0.21,255,255,1.0,0.0,0.0,0.0,0.0,0.0,0.0,0.0,0,104228.0
0,1,22,9,335,630,0,0,0,0,0,1,0,0,0,0,0,0,0,0,0,0,9,28,0.0,0.0,0.0,0.0,1.0,0.0,0.07,9,255,1.0,0.0,0.11,0.06,0.0,0.0,0.0,0.0,0,17388.0
0,1,60,5,0,0,0,0,0,0,0,0,0,0,0,0,0,0,0,0,0,0,296,12,1.0,1.0,0.0,0.0,0.04,0.05,0.0,255,12,0.05,0.06,0.0,0.0,1.0,1.0,0.0,0.0,1,118363.0
0,0,13,9,8,0,0,0,0,0,0,0,0,0,0,0,0,0,0,0,0,0,1,48,0.0,0.0,0.0,0.0,1.0,0.0,1.0,2,26,1.0,0.0,1.0,0.5,0.0,0.0,0.0,0.0,1,8523.0
0,1,22,9,216,265,0,0,0,0,0,1,0,0,0,0,0,0,0,0,0,0,15,15,0.0,0.0,0.0,0.0,1.0,0.0,0.0,42,255,1.0,0.0,0.02,0.05,0.0,0.0,0.0,0.0,0,119204.0
0,1,50,5,0,0,0,0,0,0,0,0,0,0,0,0,0,0,0,0,0,0,285,18,1.0,1.0,0.0,0.0,0.06,0.05,0.0,255,18,0.07,0.05,0.0,0.0,1.0,1.0,0.0,0.0,1,62507.0
0,1,22,9,272,1174,0,0,0,0,0,1,0,0,0,0,0,0,0,0,0,0,1,1,0.0,0.0,0.0,0.0,1.0,0.0,0.0,255,255,1.0,0.0,0.0,0.0,0.0,0.0,0.0,0.0,0,91780.0
0,1,25,5,0,0,0,0,0,0,0,0,0,0,0,0,0,0,0,0,0,0,231,22,1.0,1.0,0.0,0.0,0.1,0.05,0.0,255,22,0.09,0.06,0.0,0.0,1.0,1.0,0.0,0.0,1,58363.0
0,2,11,9,44,69,0,0,0,0,0,0,0,0,0,0,0,0,0,0,0,0,174,174,0.0,0.0,0.0,0.0,1.0,0.0,0.0,255,255,1.0,0.0,0.01,0.0,0.0,0.0,0.0,0.0,0,11586.0
3,1,18,9,1242,2451,0,0,0,28,0,1,0,0,0,0,0,0,0,0,0,1,1,1,0.0,0.0,0.0,0.0,1.0,0.0,0.0,255,99,0.39,0.02,0.0,0.0,0.0,0.0,0.0,0.0,1,23326.0
0,2,11,9,34,34,0,0,0,0,0,0,0,0,0,0,0,0,0,0,0,0,3,6,0.0,0.0,0.0,0.0,1.0,0.0,0.5,255,236,0.93,0.01,0.01,0.0,0.0,0.0,0.0,0.0,0,63443.0
0,1,25,5,0,0,0,0,0,0,0,0,0,0,0,0,0,0,0,0,0,0,219,2,1.0,1.0,0.0,0.0,0.01,0.07,0.0,255,2,0.01,0.08,0.0,0.0,1.0,1.0,0.0,0.0,1,46902.0
0,1,1,1,0,0,0,0,0,0,0,0,0,0,0,0,0,0,0,0,0,0,3,3,0.0,0.0,1.0,1.0,1.0,0.0,0.0,255,6,0.02,0.03,0.0,0.0,0.0,0.0,0.02,1.0,0,72979.0
0,1,19,5,0,0,0,0,0,0,0,0,0,0,0,0,0,0,0,0,0,0,132,18,1.0,1.0,0.0,0.0,0.14,0.05,0.0,255,15,0.06,0.06,0.0,0.0,1.0,1.0,0.0,0.0,1,43055.0
0,2,11,9,43,127,0,0,0,0,0,0,0,0,0,0,0,0,0,0,0,0,179,179,0.0,0.0,0.0,0.0,1.0,0.0,0.0,255,251,0.98,0.01,0.0,0.0,0.0,0.0,0.0,0.0,0,16562.0
0,1,22,9,257,654,0,0,0,0,0,1,0,0,0,0,0,0,0,0,0,0,24,24,0.0,0.0,0.0,0.0,1.0,0.0,0.0,255,255,1.0,0.0,0.0,0.0,0.0,0.0,0.0,0.0,0,51631.0
0,1,44,4,0,0,0,0,0,0,0,0,0,0,0,0,0,0,0,0,0,0,1,1,0.0,0.0,1.0,1.0,1.0,0.0,0.0,239,1,0.0,0.59,0.59,0.0,0.0,0.0,0.59,1.0,1,122787.0
0,2,11,9,33,88,0,0,0,0,0,0,0,0,0,0,0,0,0,0,0,0,1,1,0.0,0.0,0.0,0.0,1.0,0.0,0.0,255,253,0.99,0.01,0.01,0.0,0.0,0.0,0.0,0.0,0,35320.0
0,1,44,1,0,0,0,0,0,0,0,0,0,0,0,0,0,0,0,0,0,0,135,1,0.01,0.0,0.95,1.0,0.01,1.0,0.0,255,1,0.0,0.56,0.0,0.0,0.0,0.0,0.51,1.0,1,77182.0
0,1,44,5,0,0,0,0,0,0,0,0,0,0,0,0,0,0,0,0,0,0,165,10,1.0,1.0,0.0,0.0,0.06,0.06,0.0,255,20,0.08,0.07,0.0,0.0,1.0,1.0,0.0,0.0,1,100652.0
0,1,22,9,206,1648,0,0,0,0,0,1,0,0,0,0,0,0,0,0,0,0,1,1,0.0,0.0,0.0,0.0,1.0,0.0,0.0,1,255,1.0,0.0,1.0,0.05,0.0,0.0,0.0,0.0,0,73992.0
0,1,44,5,0,0,0,0,0,0,0,0,0,0,0,0,0,0,0,0,0,0,98,24,1.0,1.0,0.0,0.0,0.24,0.05,0.0,255,24,0.09,0.05,0.0,0.0,1.0,1.0,0.0,0.0,1,83173.0
0,2,11,9,44,44,0,0,0,0,0,0,0,0,0,0,0,0,0,0,0,0,181,183,0.0,0.0,0.0,0.0,1.0,0.0,0.01,255,230,0.9,0.01,0.01,0.0,0.0,0.0,0.0,0.0,0,47472.0
0,1,22,2,0,0,0,0,0,0,0,1,0,0,0,0,0,0,0,0,0,0,2,2,0.0,0.0,0.5,0.5,1.0,0.0,0.0,2,255,1.0,0.0,1.0,0.03,0.0,0.01,0.5,0.01,0,60715.0
0,1,44,5,0,0,0,0,0,0,0,0,0,0,0,0,0,0,0,0,0,0,215,15,1.0,1.0,0.0,0.0,0.07,0.06,0.0,255,7,0.03,0.07,0.0,0.0,1.0,1.0,0.0,0.0,1,119734.0
0,1,44,5,0,0,0,0,0,0,0,0,0,0,0,0,0,0,0,0,0,0,295,20,1.0,1.0,0.0,0.0,0.07,0.05,0.0,255,10,0.04,0.06,0.0,0.0,1.0,1.0,0.0,0.0,1,71827.0
0,1,22,9,283,8812,0,0,0,0,0,1,0,0,0,0,0,0,0,0,0,0,1,1,0.0,0.0,0.0,0.0,1.0,0.0,0.0,135,255,1.0,0.0,0.01,0.02,0.0,0.0,0.0,0.0,0,34416.0
0,1,22,9,290,2747,0,0,0,0,0,1,0,0,0,0,0,0,0,0,0,0,2,16,0.0,0.0,0.0,0.0,1.0,0.0,0.12,216,255,1.0,0.0,0.0,0.02,0.0,0.0,0.0,0.0,0,63961.0
0,1,44,5,0,0,0,0,0,0,0,0,0,0,0,0,0,0,0,0,0,0,292,16,1.0,1.0,0.0,0.0,0.05,0.05,0.0,255,6,0.02,0.07,0.0,0.0,1.0,1.0,0.0,0.0,1,123033.0
0,1,22,9,54540,8314,0,0,0,2,0,1,1,0,0,0,0,0,0,0,0,0,2,2,0.0,0.0,0.0,0.0,1.0,0.0,0.0,255,240,0.94,0.01,0.0,0.0,0.0,0.0,0.0,0.0,1,63360.0
0,1,22,9,192,301,0,0,0,0,0,1,0,0,0,0,0,0,0,0,0,0,9,9,0.0,0.0,0.0,0.0,1.0,0.0,0.0,9,255,1.0,0.0,0.11,0.05,0.0,0.0,0.0,0.0,0,569.0
0,1,22,9,373,7329,0,0,0,0,0,1,0,0,0,0,0,0,0,0,0,0,5,5,0.2,0.2,0.0,0.0,1.0,0.0,0.0,255,255,1.0,0.0,0.0,0.0,0.01,0.01,0.0,0.0,0,18535.0
0,1,44,5,0,0,0,0,0,0,0,0,0,0,0,0,0,0,0,0,0,0,133,12,1.0,1.0,0.0,0.0,0.09,0.06,0.0,255,2,0.01,0.07,0.0,0.0,1.0,1.0,0.0,0.0,1,47632.0
0,1,44,1,0,0,0,0,0,0,0,0,0,0,0,0,0,0,0,0,0,0,208,1,0.01,0.0,0.96,1.0,0.0,1.0,0.0,255,1,0.0,0.84,0.0,0.0,0.01,0.0,0.79,1.0,1,112366.0
0,2,44,9,28,0,0,3,0,0,0,0,0,0,0,0,0,0,0,0,0,0,9,9,0.0,0.0,0.0,0.0,1.0,0.0,0.0,212,9,0.04,0.05,0.04,0.0,0.02,0.0,0.0,0.0,1,96297.0
0,1,22,9,211,3592,0,0,0,0,0,1,0,0,0,0,0,0,0,0,0,0,22,36,0.0,0.0,0.0,0.0,1.0,0.0,0.11,255,255,1.0,0.0,0.0,0.0,0.0,0.0,0.0,0.0,0,61090.0
0,1,24,5,0,0,0,0,0,0,0,0,0,0,0,0,0,0,0,0,0,0,275,11,1.0,1.0,0.0,0.0,0.04,0.06,0.0,255,11,0.04,0.06,0.0,0.0,1.0,1.0,0.0,0.0,1,70886.0
7,1,18,9,230,644,0,0,0,4,0,1,0,0,0,0,4,0,0,0,0,0,1,1,0.0,0.0,0.0,0.0,1.0,0.0,0.0,4,1,0.25,0.75,0.25,0.0,0.0,0.0,0.0,0.0,0,102579.0
0,1,44,1,0,0,0,0,0,0,0,0,0,0,0,0,0,0,0,0,0,0,198,1,0.1,0.0,0.89,1.0,0.01,1.0,0.0,255,1,0.0,0.89,0.0,0.0,0.07,0.0,0.71,1.0,1,49730.0
0,1,44,1,0,0,0,0,0,0,0,0,0,0,0,0,0,0,0,0,0,0,214,10,0.0,0.0,1.0,1.0,0.05,0.07,0.0,255,10,0.04,0.07,0.0,0.0,0.0,0.0,1.0,1.0,1,89265.0
0,1,55,5,0,0,0,0,0,0,0,0,0,0,0,0,0,0,0,0,0,0,1,1,1.0,1.0,0.0,0.0,1.0,0.0,0.0,255,21,0.08,0.08,0.0,0.0,1.0,1.0,0.0,0.0,1,47800.0
0,1,22,9,213,1168,0,0,0,0,0,1,0,0,0,0,0,0,0,0,0,0,26,26,0.0,0.0,0.0,0.0,1.0,0.0,0.0,26,255,1.0,0.0,0.04,0.04,0.0,0.0,0.0,0.0,0,100467.0
409,1,55,9,222,8653,0,0,0,0,0,1,6,0,0,6,2,0,0,0,0,0,1,1,0.0,0.0,0.0,0.0,1.0,0.0,0.0,43,16,0.37,0.09,0.02,0.0,0.0,0.0,0.05,0.12,0,29457.0
0,1,22,9,199,337,0,0,0,0,0,1,0,0,0,0,0,0,0,0,0,0,7,7,0.0,0.0,0.0,0.0,1.0,0.0,0.0,255,255,1.0,0.0,0.0,0.0,0.0,0.0,0.0,0.0,0,100147.0
0,1,59,5,0,0,0,0,0,0,0,0,0,0,0,0,0,0,0,0,0,0,123,12,1.0,1.0,0.0,0.0,0.1,0.06,0.0,255,12,0.05,0.06,0.0,0.0,1.0,1.0,0.0,0.0,1,27093.0
0,1,37,1,0,0,0,0,0,0,0,0,0,0,0,0,0,0,0,0,0,0,82,15,0.0,0.0,1.0,1.0,0.18,0.07,0.0,255,15,0.06,0.07,0.0,0.0,0.0,0.0,1.0,1.0,1,38964.0
0,2,11,9,45,45,0,0,0,0,0,0,0,0,0,0,0,0,0,0,0,0,130,210,0.0,0.0,0.0,0.0,1.0,0.0,0.01,255,255,1.0,0.0,0.01,0.0,0.0,0.0,0.0,0.0,0,17869.0
0,1,44,5,0,0,0,0,0,0,0,0,0,0,0,0,0,0,0,0,0,0,143,13,1.0,1.0,0.0,0.0,0.09,0.06,0.0,255,6,0.02,0.06,0.0,0.0,1.0,1.0,0.0,0.0,1,1772.0
0,1,22,9,241,397,0,0,0,0,0,1,0,0,0,0,0,0,0,0,0,0,14,14,0.0,0.0,0.0,0.0,1.0,0.0,0.0,129,255,1.0,0.0,0.01,0.02,0.01,0.0,0.0,0.0,0,79842.0
0,1,22,9,321,3532,0,0,0,0,0,1,0,0,0,0,0,0,0,0,0,0,14,14,0.0,0.0,0.0,0.0,1.0,0.0,0.0,43,255,1.0,0.0,0.02,0.02,0.0,0.0,0.0,0.0,0,85921.0
0,1,44,1,0,0,0,0,0,0,0,0,0,0,0,0,0,0,0,0,0,0,24,1,0.0,0.0,1.0,1.0,0.04,0.54,0.0,194,1,0.01,0.08,0.12,0.0,0.01,0.0,0.38,1.0,1,41142.0
0,1,44,1,0,0,0,0,0,0,0,0,0,0,0,0,0,0,0,0,0,0,202,8,0.0,0.0,1.0,1.0,0.04,0.07,0.0,255,8,0.03,0.08,0.0,0.0,0.0,0.0,1.0,1.0,1,5900.0
0,1,22,9,200,2345,0,0,0,0,0,1,0,0,0,0,0,0,0,0,0,0,6,6,0.0,0.0,0.0,0.0,1.0,0.0,0.0,255,255,1.0,0.0,0.0,0.0,0.0,0.0,0.0,0.0,0,17281.0
0,1,44,5,0,0,0,0,0,0,0,0,0,0,0,0,0,0,0,0,0,0,112,11,1.0,1.0,0.0,0.0,0.1,0.06,0.0,255,16,0.06,0.07,0.0,0.0,1.0,1.0,0.0,0.0,1,71290.0
0,1,61,5,0,0,0,0,0,0,0,0,0,0,0,0,0,0,0,0,0,0,88,20,1.0,1.0,0.0,0.0,0.23,0.07,0.0,255,5,0.02,0.07,0.0,0.0,1.0,1.0,0.0,0.0,1,73481.0
0,1,22,9,54540,8314,0,0,0,2,0,1,1,0,0,0,0,0,0,0,0,0,2,2,0.0,0.0,0.0,0.0,1.0,0.0,0.0,170,170,1.0,0.0,0.01,0.0,0.0,0.0,0.01,0.01,1,74411.0
0,0,14,9,1032,0,0,0,0,0,0,0,0,0,0,0,0,0,0,0,0,0,409,409,0.0,0.0,0.0,0.0,1.0,0.0,0.0,255,255,1.0,0.0,1.0,0.0,0.0,0.0,0.0,0.0,1,91673.0
0,1,54,5,0,0,0,0,0,0,0,0,0,0,0,0,0,0,0,0,0,0,299,6,1.0,1.0,0.0,0.0,0.02,0.06,0.0,255,4,0.02,0.09,0.0,0.0,1.0,1.0,0.0,0.0,1,25707.0
0,1,37,5,0,0,0,0,0,0,0,0,0,0,0,0,0,0,0,0,0,0,130,5,1.0,1.0,0.0,0.0,0.04,0.06,0.0,255,5,0.02,0.05,0.0,0.0,1.0,1.0,0.0,0.0,1,116782.0
0,1,25,5,0,0,0,0,0,0,0,0,0,0,0,0,0,0,0,0,0,0,252,15,1.0,1.0,0.0,0.0,0.06,0.06,0.0,255,15,0.06,0.05,0.0,0.0,1.0,1.0,0.0,0.0,1,118014.0
0,1,40,9,59,0,0,0,0,0,0,0,0,0,0,0,0,0,0,0,0,0,22,1,0.05,0.0,0.0,0.0,0.05,0.77,0.0,255,1,0.0,0.07,0.46,0.0,0.0,0.0,0.0,0.0,0,14963.0
0,1,44,5,0,0,0,0,0,0,0,0,0,0,0,0,0,0,0,0,0,0,289,14,1.0,1.0,0.0,0.0,0.05,0.06,0.0,255,7,0.03,0.09,0.0,0.0,1.0,1.0,0.0,0.0,1,44677.0
0,1,19,9,5558,0,0,0,0,0,0,1,0,0,0,0,0,0,0,0,0,0,14,14,0.0,0.0,0.0,0.0,1.0,0.0,0.0,86,80,0.49,0.06,0.49,0.03,0.0,0.01,0.0,0.0,0,123712.0
0,1,22,9,327,385,0,0,0,0,0,1,0,0,0,0,0,0,0,0,0,0,22,22,0.0,0.0,0.0,0.0,1.0,0.0,0.0,98,255,1.0,0.0,0.01,0.03,0.0,0.0,0.0,0.0,0,20063.0
0,1,22,9,228,955,0,0,0,0,0,1,0,0,0,0,0,0,0,0,0,0,15,17,0.0,0.0,0.0,0.0,1.0,0.0,0.12,173,255,1.0,0.0,0.01,0.02,0.0,0.0,0.02,0.01,0,45849.0
0,1,22,9,346,258,0,0,0,0,0,1,0,0,0,0,0,0,0,0,0,0,9,9,0.0,0.0,0.0,0.0,1.0,0.0,0.0,255,255,1.0,0.0,0.0,0.0,0.0,0.0,0.0,0.0,0,60837.0
0,1,22,9,247,236,0,0,0,0,0,1,0,0,0,0,0,0,0,0,0,0,3,3,0.0,0.0,0.0,0.0,1.0,0.0,0.0,6,255,1.0,0.0,0.17,0.07,0.0,0.0,0.0,0.0,0,90315.0
0,1,26,5,0,0,0,0,0,0,0,0,0,0,0,0,0,0,0,0,0,0,143,14,1.0,1.0,0.0,0.0,0.1,0.06,0.0,255,14,0.05,0.06,0.0,0.0,1.0,1.0,0.0,0.0,1,201.0
0,1,22,9,201,1617,0,0,0,0,0,1,0,0,0,0,0,0,0,0,0,0,18,18,0.0,0.0,0.0,0.0,1.0,0.0,0.0,255,255,1.0,0.0,0.0,0.0,0.0,0.0,0.0,0.0,0,10395.0
0,1,44,5,0,0,0,0,0,0,0,0,0,0,0,0,0,0,0,0,0,0,102,20,1.0,1.0,0.0,0.0,0.2,0.06,0.0,255,19,0.07,0.08,0.0,0.0,1.0,1.0,0.0,0.0,1,111368.0
0,1,22,9,222,1718,0,0,0,0,0,1,0,0,0,0,0,0,0,0,0,0,6,6,0.0,0.0,0.0,0.0,1.0,0.0,0.0,212,255,1.0,0.0,0.0,0.01,0.01,0.01,0.0,0.0,0,107580.0
655,2,40,9,146,105,0,0,0,0,0,0,0,0,0,0,0,0,0,0,0,0,4,2,0.0,0.0,0.0,0.0,0.5,0.75,0.0,255,3,0.01,0.6,0.87,0.0,0.0,0.0,0.0,0.0,0,29232.0
0,1,22,9,298,13020,0,0,0,0,0,1,0,0,0,0,0,0,0,0,0,0,2,2,0.0,0.0,0.0,0.0,1.0,0.0,0.0,255,255,1.0,0.0,0.0,0.0,0.0,0.0,0.0,0.0,0,100606.0
0,1,19,9,884,0,0,0,0,0,0,1,0,0,0,0,0,0,0,0,0,0,1,1,0.0,0.0,0.0,0.0,1.0,0.0,0.0,7,6,0.86,0.29,0.86,0.0,0.0,0.0,0.0,0.0,0,6524.0
0,0,14,9,1032,0,0,0,0,0,0,0,0,0,0,0,0,0,0,0,0,0,510,510,0.0,0.0,0.0,0.0,1.0,0.0,0.0,255,27,0.11,0.18,0.11,0.0,0.0,0.0,0.0,0.0,1,41027.0
0,1,22,9,314,1145,0,0,0,0,0,1,0,0,0,0,0,0,0,0,0,0,20,40,0.0,0.0,0.0,0.0,1.0,0.0,0.05,255,255,1.0,0.0,0.0,0.0,0.0,0.0,0.0,0.0,0,5317.0
0,2,11,9,42,42,0,0,0,0,0,0,0,0,0,0,0,0,0,0,0,0,8,13,0.0,0.0,0.0,0.0,1.0,0.0,0.15,255,248,0.97,0.01,0.0,0.0,0.0,0.0,0.0,0.0,0,90787.0
0,1,22,9,350,284,0,0,0,0,0,1,0,0,0,0,0,0,0,0,0,0,12,12,0.0,0.0,0.0,0.0,1.0,0.0,0.0,255,255,1.0,0.0,0.0,0.0,0.0,0.0,0.0,0.0,0,22036.0
0,1,44,10,0,0,0,0,0,0,0,0,0,0,0,0,0,0,0,0,0,0,1,1,1.0,1.0,0.0,0.0,1.0,0.0,0.0,96,1,0.01,0.9,0.92,0.0,0.92,1.0,0.0,0.0,1,112594.0
0,1,19,9,567,0,0,0,0,0,0,0,0,0,0,0,0,0,0,0,0,0,1,1,0.0,0.0,0.0,0.0,1.0,0.0,0.0,113,37,0.18,0.04,0.18,0.05,0.03,0.0,0.0,0.0,0,25210.0
0,1,59,5,0,0,0,0,0,0,0,0,0,0,0,0,0,0,0,0,0,0,129,20,1.0,1.0,0.0,0.0,0.16,0.05,0.0,255,20,0.08,0.05,0.0,0.0,1.0,1.0,0.0,0.0,1,112766.0
0,1,22,9,165,24859,0,0,0,0,0,1,0,0,0,0,0,0,0,0,0,0,1,9,0.0,0.0,0.0,0.0,1.0,0.0,0.33,52,255,1.0,0.0,0.02,0.07,0.02,0.01,0.0,0.0,0,89355.0
0,1,53,5,0,0,0,0,0,0,0,0,0,0,0,0,0,0,0,0,0,0,154,5,1.0,1.0,0.0,0.0,0.03,0.06,0.0,255,5,0.02,0.06,0.0,0.0,1.0,1.0,0.0,0.0,1,39904.0
0,1,44,5,0,0,0,0,0,0,0,0,0,0,0,0,0,0,0,0,0,0,52,11,1.0,1.0,0.0,0.0,0.21,0.08,0.0,255,11,0.04,0.07,0.0,0.0,1.0,1.0,0.0,0.0,1,98073.0
0,1,44,5,0,0,0,0,0,0,0,0,0,0,0,0,0,0,0,0,0,0,185,10,1.0,1.0,0.0,0.0,0.05,0.07,0.0,255,10,0.04,0.06,0.0,0.0,1.0,1.0,0.0,0.0,1,124311.0
0,1,22,9,321,611,0,0,0,0,0,1,0,0,0,0,0,0,0,0,0,0,16,16,0.0,0.0,0.0,0.0,1.0,0.0,0.0,54,255,1.0,0.0,0.02,0.04,0.0,0.0,0.0,0.0,0,47107.0
0,1,8,5,0,0,0,0,0,0,0,0,0,0,0,0,0,0,0,0,0,0,150,8,1.0,1.0,0.0,0.0,0.05,0.07,0.0,255,8,0.03,0.07,0.0,0.0,1.0,1.0,0.0,0.0,1,9840.0
0,1,44,5,0,0,0,0,0,0,0,0,0,0,0,0,0,0,0,0,0,0,134,11,1.0,1.0,0.0,0.0,0.08,0.07,0.0,255,11,0.04,0.05,0.0,0.0,1.0,1.0,0.0,0.0,1,8187.0
0,1,44,5,0,0,0,0,0,0,0,0,0,0,0,0,0,0,0,0,0,0,103,4,1.0,1.0,0.0,0.0,0.04,0.06,0.0,255,5,0.02,0.08,0.0,0.0,1.0,1.0,0.0,0.0,1,73536.0
0,1,53,5,0,0,0,0,0,0,0,0,0,0,0,0,0,0,0,0,0,0,285,14,1.0,1.0,0.0,0.0,0.05,0.06,0.0,255,14,0.05,0.06,0.0,0.0,1.0,1.0,0.0,0.0,1,46852.0
0,1,35,1,0,0,0,0,0,0,0,0,0,0,0,0,0,0,0,0,0,0,243,19,0.0,0.0,1.0,1.0,0.08,0.07,0.0,255,19,0.07,0.07,0.0,0.0,0.0,0.0,1.0,1.0,1,14894.0
0,1,20,5,0,0,0,0,0,0,0,0,0,0,0,0,0,0,0,0,0,0,274,5,1.0,1.0,0.0,0.0,0.02,0.06,0.0,255,4,0.02,0.09,0.0,0.0,1.0,1.0,0.0,0.0,1,24493.0
0,0,13,9,8,0,0,0,0,0,0,0,0,0,0,0,0,0,0,0,0,0,1,43,0.0,0.0,0.0,0.0,1.0,0.0,1.0,1,77,1.0,0.0,1.0,0.51,0.0,0.0,0.0,0.0,1,122592.0
0,1,17,9,7,363,0,0,0,0,0,0,0,0,0,0,0,0,0,0,0,0,1,1,0.0,0.0,0.0,0.0,1.0,0.0,0.0,83,5,0.04,0.05,0.01,0.4,0.0,0.0,0.0,0.2,0,14785.0
7,1,49,9,1759,335,0,0,0,0,0,1,0,0,0,0,0,0,0,0,0,0,1,3,0.0,0.0,0.0,0.0,1.0,0.0,1.0,150,215,0.85,0.03,0.01,0.01,0.0,0.0,0.0,0.0,0,74793.0
0,1,22,9,252,6160,0,0,0,0,0,1,0,0,0,0,0,0,0,0,0,0,3,5,0.0,0.0,0.0,0.0,1.0,0.0,0.6,3,255,1.0,0.0,0.33,0.04,0.0,0.0,0.0,0.0,0,25168.0
0,0,13,9,8,0,0,0,0,0,0,0,0,0,0,0,0,0,0,0,0,0,1,20,0.0,0.0,0.0,0.0,1.0,0.0,1.0,3,83,1.0,0.0,1.0,0.25,0.0,0.0,0.0,0.0,1,64058.0
0,2,11,9,45,130,0,0,0,0,0,0,0,0,0,0,0,0,0,0,0,0,76,156,0.0,0.0,0.0,0.0,1.0,0.0,0.01,255,239,0.94,0.01,0.0,0.0,0.0,0.0,0.0,0.0,0,117204.0
0,1,40,1,0,0,0,0,0,0,0,0,0,0,0,0,0,0,0,0,0,0,327,1,0.09,0.0,0.9,1.0,0.0,1.0,0.0,255,1,0.0,1.0,0.0,0.0,0.09,0.0,0.9,1.0,1,36080.0
0,1,22,9,237,247,0,0,0,0,0,1,0,0,0,0,0,0,0,0,0,0,10,10,0.0,0.0,0.0,0.0,1.0,0.0,0.0,178,255,1.0,0.0,0.01,0.02,0.0,0.0,0.0,0.0,0,120976.0
0,0,14,9,520,0,0,0,0,0,0,0,0,0,0,0,0,0,0,0,0,0,54,54,0.0,0.0,0.0,0.0,1.0,0.0,0.0,255,255,1.0,0.0,1.0,0.0,0.0,0.0,0.0,0.0,1,31051.0
6869,1,55,9,1143,38864,0,0,0,1,0,1,5,0,0,0,1,0,0,0,0,0,1,1,0.0,0.0,0.0,0.0,1.0,0.0,0.0,14,4,0.29,0.21,0.07,0.0,0.0,0.0,0.0,0.0,0,60802.0
0,1,49,9,1177,391,0,0,0,0,0,1,0,0,0,0,0,0,0,0,0,0,1,1,0.0,0.0,0.0,0.0,1.0,0.0,0.0,50,181,0.52,0.06,0.02,0.01,0.02,0.0,0.0,0.0,0,14475.0
0,1,22,9,373,9357,0,0,0,0,0,1,0,0,0,0,0,0,0,0,0,0,3,14,0.0,0.0,0.0,0.0,1.0,0.0,0.29,136,255,1.0,0.0,0.01,0.01,0.0,0.0,0.0,0.0,0,92162.0
0,1,40,5,0,0,0,0,0,0,0,0,0,0,0,0,0,0,0,0,0,0,233,20,1.0,1.0,0.0,0.0,0.09,0.06,0.0,255,20,0.08,0.07,0.0,0.0,1.0,1.0,0.0,0.0,1,25112.0
0,1,22,9,206,3731,0,0,0,0,0,1,0,0,0,0,0,0,0,0,0,0,7,9,0.0,0.0,0.0,0.0,1.0,0.0,0.22,185,255,1.0,0.0,0.01,0.03,0.01,0.01,0.0,0.0,0,60838.0
0,1,22,9,231,3817,0,0,0,0,0,1,0,0,0,0,0,0,0,0,0,0,10,10,0.0,0.0,0.0,0.0,1.0,0.0,0.0,255,255,1.0,0.0,0.01,0.0,0.0,0.0,0.0,0.0,0,43015.0
0,1,22,9,333,2224,0,0,0,0,0,1,0,0,0,0,0,0,0,0,0,0,17,17,0.0,0.0,0.0,0.0,1.0,0.0,0.0,37,255,1.0,0.0,0.03,0.02,0.0,0.0,0.0,0.0,0,104652.0
1,1,49,9,1110,331,0,0,0,0,0,1,0,0,0,0,0,0,0,0,0,0,1,2,0.0,0.0,0.0,0.0,1.0,0.0,1.0,255,137,0.54,0.02,0.0,0.0,0.0,0.0,0.0,0.0,0,113759.0
0,1,5,5,0,0,0,0,0,0,0,0,0,0,0,0,0,0,0,0,0,0,124,2,1.0,1.0,0.0,0.0,0.02,0.07,0.0,255,2,0.01,0.06,0.0,0.0,1.0,1.0,0.0,0.0,1,20444.0
28,1,18,9,957,2720,0,0,0,19,0,1,0,0,0,0,0,0,0,0,0,1,2,1,0.0,0.0,0.0,0.0,0.5,1.0,0.0,130,27,0.21,0.04,0.01,0.0,0.0,0.0,0.0,0.0,0,66467.0
0,1,44,5,0,0,0,0,0,0,0,0,0,0,0,0,0,0,0,0,0,0,25,7,1.0,1.0,0.0,0.0,0.28,0.12,0.0,255,7,0.03,0.08,0.0,0.0,1.0,1.0,0.0,0.0,1,37427.0
0,2,11,9,45,45,0,0,0,0,0,0,0,0,0,0,0,0,0,0,0,0,103,105,0.0,0.0,0.0,0.0,1.0,0.0,0.02,255,227,0.89,0.01,0.01,0.0,0.0,0.0,0.0,0.0,0,87679.0
0,1,22,9,315,21778,0,0,0,0,0,1,0,0,0,0,0,0,0,0,0,0,3,3,0.0,0.0,0.0,0.0,1.0,0.0,0.0,24,255,1.0,0.0,0.04,0.02,0.0,0.01,0.0,0.0,0,96466.0
0,2,44,9,1,0,0,0,0,0,0,0,0,0,0,0,0,0,0,0,0,0,12,1,0.0,0.0,0.0,0.0,0.08,0.17,0.0,255,28,0.11,0.51,0.54,0.0,0.03,0.0,0.43,0.0,1,56592.0
0,1,44,5,0,0,0,0,0,0,0,0,0,0,0,0,0,0,0,0,0,0,211,7,1.0,1.0,0.0,0.0,0.03,0.07,0.0,255,17,0.07,0.07,0.0,0.0,1.0,1.0,0.0,0.0,1,54157.0
0,1,44,5,0,0,0,0,0,0,0,0,0,0,0,0,0,0,0,0,0,0,94,4,1.0,1.0,0.0,0.0,0.04,0.06,0.0,255,18,0.07,0.07,0.0,0.0,1.0,1.0,0.0,0.0,1,7070.0
2,1,49,9,672,326,0,0,0,0,0,1,0,0,0,0,0,0,0,0,0,0,1,3,0.0,0.0,0.0,0.0,1.0,0.0,1.0,191,138,0.39,0.02,0.01,0.01,0.0,0.0,0.0,0.0,0,71164.0
0,0,14,9,1032,0,0,0,0,0,0,0,0,0,0,0,0,0,0,0,0,0,129,129,0.0,0.0,0.0,0.0,1.0,0.0,0.0,255,129,0.51,0.01,0.51,0.0,0.0,0.0,0.0,0.0,1,56100.0
0,1,53,5,0,0,0,0,0,0,0,0,0,0,0,0,0,0,0,0,0,0,118,12,1.0,1.0,0.0,0.0,0.1,0.07,0.0,255,12,0.05,0.07,0.0,0.0,1.0,1.0,0.0,0.0,1,75652.0
0,1,53,5,0,0,0,0,0,0,0,0,0,0,0,0,0,0,0,0,0,0,272,20,1.0,1.0,0.0,0.0,0.07,0.05,0.0,255,20,0.08,0.05,0.0,0.0,1.0,1.0,0.0,0.0,1,125612.0
0,1,44,5,0,0,0,0,0,0,0,0,0,0,0,0,0,0,0,0,0,0,207,22,1.0,1.0,0.0,0.0,0.11,0.06,0.0,246,22,0.09,0.07,0.0,0.0,0.94,1.0,0.0,0.0,1,59884.0
0,1,24,5,0,0,0,0,0,0,0,0,0,0,0,0,0,0,0,0,0,0,40,9,1.0,1.0,0.0,0.0,0.22,0.15,0.0,255,9,0.04,0.09,0.0,0.0,1.0,1.0,0.0,0.0,1,118802.0
0,0,13,9,30,0,0,0,0,0,0,0,0,0,0,0,0,0,0,0,0,0,2,1,0.0,0.0,0.0,0.0,0.5,1.0,0.0,255,4,0.02,0.01,0.07,0.0,0.0,0.0,0.0,0.0,0,49904.0
0,1,44,5,0,0,0,0,0,0,0,0,0,0,0,0,0,0,0,0,0,0,114,14,1.0,1.0,0.0,0.0,0.12,0.05,0.0,46,3,0.07,0.15,0.02,0.0,1.0,1.0,0.0,0.0,1,40606.0
0,1,44,5,0,0,0,0,0,0,0,0,0,0,0,0,0,0,0,0,0,0,90,15,1.0,1.0,0.0,0.0,0.17,0.06,0.0,255,2,0.01,0.06,0.0,0.0,1.0,1.0,0.0,0.0,1,116659.0
0,1,22,9,195,4086,0,0,0,0,0,1,0,0,0,0,0,0,0,0,0,0,14,14,0.0,0.0,0.0,0.0,1.0,0.0,0.0,14,255,1.0,0.0,0.07,0.02,0.0,0.0,0.0,0.0,0,20396.0
0,1,44,5,0,0,0,0,0,0,0,0,0,0,0,0,0,0,0,0,0,0,356,1,0.03,1.0,0.95,0.0,0.0,1.0,0.0,255,1,0.0,1.0,0.0,0.0,0.04,1.0,0.96,0.0,1,15545.0
7999,2,40,9,147,105,0,0,0,0,0,0,0,0,0,0,0,0,0,0,0,0,1,1,0.0,0.0,0.0,0.0,1.0,0.0,0.0,255,2,0.01,0.74,1.0,0.0,0.0,0.0,0.0,0.0,0,14078.0
0,1,55,5,0,0,0,0,0,0,0,0,0,0,0,0,0,0,0,0,0,0,7,7,1.0,1.0,0.0,0.0,1.0,0.0,0.0,49,29,0.59,0.04,0.02,0.0,0.96,0.93,0.0,0.0,1,1909.0
0,1,44,5,0,0,0,0,0,0,0,0,0,0,0,0,0,0,0,0,0,0,160,20,1.0,1.0,0.0,0.0,0.12,0.07,0.0,255,11,0.04,0.07,0.0,0.0,1.0,1.0,0.0,0.0,1,72886.0
0,1,22,9,220,3207,0,0,0,0,0,1,0,0,0,0,0,0,0,0,0,0,4,4,0.0,0.0,0.0,0.0,1.0,0.0,0.0,4,255,1.0,0.0,0.25,0.02,0.0,0.0,0.0,0.0,0,2006.0
0,1,19,9,40494,0,0,0,0,0,0,0,0,0,0,0,0,0,0,0,0,0,10,10,0.0,0.0,0.0,0.0,1.0,0.0,0.0,255,16,0.06,0.07,0.06,0.0,0.87,0.0,0.0,0.0,0,106579.0
10,1,49,9,2868,334,0,0,0,0,0,1,0,0,0,0,0,0,0,0,0,0,1,1,0.0,0.0,0.0,0.0,1.0,0.0,0.0,3,176,1.0,0.0,0.33,0.02,0.0,0.0,0.0,0.0,0,80522.0
0,0,13,9,18,0,0,0,0,0,0,0,0,0,0,0,0,0,0,0,0,0,1,1,0.0,0.0,0.0,0.0,1.0,0.0,0.0,1,255,1.0,0.0,1.0,0.25,0.0,0.0,0.0,0.0,1,98937.0
0,2,11,9,46,133,0,0,0,0,0,0,0,0,0,0,0,0,0,0,0,0,74,154,0.0,0.0,0.0,0.0,0.99,0.03,0.01,255,254,1.0,0.01,0.0,0.0,0.0,0.0,0.0,0.0,0,57024.0
0,1,22,1,0,0,0,0,0,0,0,0,0,0,0,0,0,0,0,0,0,0,1,3,0.0,0.0,1.0,1.0,1.0,0.0,1.0,6,255,1.0,0.0,0.17,0.11,0.0,0.0,1.0,0.65,0,64738.0
0,0,13,9,8,0,0,0,0,0,0,0,0,0,0,0,0,0,0,0,0,0,1,5,0.0,0.0,0.0,0.0,1.0,0.0,1.0,2,5,1.0,0.0,1.0,0.6,0.0,0.0,0.0,0.0,1,43046.0
0,1,22,9,232,5834,0,0,0,0,0,1,0,0,0,0,0,0,0,0,0,0,1,40,0.0,0.0,0.0,0.0,1.0,0.0,0.05,1,193,1.0,0.0,1.0,0.09,0.0,0.01,0.0,0.0,0,49146.0
0,1,22,9,231,258,0,0,0,0,0,1,0,0,0,0,0,0,0,0,0,0,2,15,0.0,0.0,0.0,0.0,1.0,0.0,0.13,255,249,0.98,0.01,0.0,0.0,0.0,0.0,0.0,0.0,0,7559.0
0,1,37,5,0,0,0,0,0,0,0,0,0,0,0,0,0,0,0,0,0,0,128,10,1.0,1.0,0.0,0.0,0.08,0.05,0.0,255,14,0.05,0.06,0.0,0.0,1.0,1.0,0.0,0.0,1,70132.0
0,1,17,5,0,0,0,0,0,0,0,0,0,0,0,0,0,0,0,0,0,0,27,7,1.0,1.0,0.0,0.0,0.26,0.15,0.0,255,46,0.18,0.05,0.02,0.0,1.0,1.0,0.0,0.0,1,16870.0
0,1,44,1,0,0,0,0,0,0,0,0,0,0,0,0,0,0,0,0,0,0,95,20,0.0,0.0,1.0,1.0,0.21,0.07,0.0,255,2,0.01,0.09,0.0,0.0,0.0,0.0,1.0,1.0,1,90099.0
0,1,61,1,0,0,0,0,0,0,0,0,0,0,0,0,0,0,0,0,0,0,181,5,0.0,0.0,1.0,1.0,0.03,0.07,0.0,255,5,0.02,0.08,0.0,0.0,0.0,0.0,1.0,1.0,1,55108.0
6139,2,40,9,147,105,0,0,0,0,0,0,0,0,0,0,0,0,0,0,0,0,2,2,0.0,0.0,0.0,0.0,1.0,0.0,0.0,255,2,0.01,0.57,0.94,0.0,0.0,0.0,0.0,0.0,0,125215.0
0,1,29,5,0,0,0,0,0,0,0,0,0,0,0,0,0,0,0,0,0,0,282,16,1.0,1.0,0.0,0.0,0.06,0.06,0.0,255,13,0.05,0.07,0.0,0.0,1.0,1.0,0.0,0.0,1,72705.0
0,2,44,9,1,0,0,0,0,0,0,0,0,0,0,0,0,0,0,0,0,0,14,10,0.0,0.0,0.0,0.0,0.71,0.14,0.0,255,10,0.04,0.41,0.71,0.0,0.02,0.0,0.26,0.0,1,83520.0
0,0,14,9,520,0,0,0,0,0,0,0,0,0,0,0,0,0,0,0,0,0,160,160,0.0,0.0,0.0,0.0,1.0,0.0,0.0,255,255,1.0,0.0,1.0,0.0,0.0,0.0,0.0,0.0,1,92962.0
0,1,52,5,0,0,0,0,0,0,0,0,0,0,0,0,0,0,0,0,0,0,227,14,1.0,1.0,0.0,0.0,0.06,0.06,0.0,255,14,0.05,0.07,0.0,0.0,1.0,1.0,0.0,0.0,1,85670.0
0,1,22,9,305,2698,0,0,0,0,0,1,0,0,0,0,0,0,1,0,0,0,8,9,0.0,0.0,0.0,0.11,1.0,0.0,0.22,255,250,0.98,0.01,0.0,0.0,0.0,0.0,0.0,0.0,0,119739.0
0,1,49,9,1115,328,0,0,0,0,0,1,0,0,0,0,0,0,0,0,0,0,1,1,0.0,0.0,0.0,0.0,1.0,0.0,0.0,81,141,0.62,0.06,0.01,0.01,0.0,0.0,0.0,0.0,0,122445.0
0,1,44,10,0,0,0,0,0,0,0,0,0,0,0,0,0,0,0,0,0,0,1,1,1.0,1.0,0.0,0.0,1.0,0.0,0.0,164,1,0.01,0.94,0.95,0.0,0.95,1.0,0.0,0.0,1,95285.0
0,1,9,5,0,0,0,0,0,0,0,0,0,0,0,0,0,0,0,0,0,0,260,4,1.0,1.0,0.0,0.0,0.02,0.05,0.0,255,4,0.02,0.05,0.0,0.0,1.0,1.0,0.0,0.0,1,77852.0
0,1,44,1,0,0,0,0,0,0,0,0,0,0,0,0,0,0,0,0,0,0,201,17,0.0,0.0,1.0,1.0,0.08,0.07,0.0,255,17,0.07,0.06,0.0,0.0,0.0,0.0,1.0,1.0,1,104714.0
0,1,49,9,1163,326,0,0,0,0,0,1,0,0,0,0,0,0,0,0,0,0,1,1,0.0,0.0,0.0,0.0,1.0,0.0,0.0,90,167,0.73,0.04,0.01,0.02,0.01,0.01,0.0,0.0,0,101650.0
0,1,22,9,263,17087,0,0,0,0,0,1,0,0,0,0,0,0,0,0,0,0,1,3,0.0,0.0,0.0,0.0,1.0,0.0,1.0,7,255,1.0,0.0,0.14,0.04,0.0,0.0,0.0,0.0,0,19509.0
0,1,7,5,0,0,0,0,0,0,0,0,0,0,0,0,0,0,0,0,0,0,274,3,1.0,1.0,0.0,0.0,0.01,0.06,0.0,255,3,0.01,0.07,0.0,0.0,1.0,1.0,0.0,0.0,1,124732.0
0,0,13,9,8,0,0,0,0,0,0,0,0,0,0,0,0,0,0,0,0,0,1,47,0.0,0.0,0.0,0.0,1.0,0.0,1.0,1,73,1.0,0.0,1.0,0.26,0.0,0.0,0.0,0.0,1,29834.0
0,0,13,9,8,0,0,0,0,0,0,0,0,0,0,0,0,0,0,0,0,0,1,35,0.0,0.0,0.0,0.0,1.0,0.0,1.0,2,78,1.0,0.0,1.0,0.5,0.0,0.0,0.0,0.0,1,65494.0
0,2,11,9,31,91,0,0,0,0,0,0,0,0,0,0,0,0,0,0,0,0,1,1,0.0,0.0,0.0,0.0,1.0,0.0,0.0,255,249,0.98,0.01,0.01,0.0,0.0,0.0,0.0,0.0,0,95136.0
0,1,22,9,312,1423,0,0,0,0,0,1,0,0,0,0,0,0,0,0,0,0,8,8,0.0,0.0,0.0,0.0,1.0,0.0,0.0,255,255,1.0,0.0,0.01,0.0,0.0,0.0,0.0,0.0,0,114582.0
0,1,22,9,236,608,0,0,0,0,0,1,0,0,0,0,0,0,0,0,0,0,18,18,0.0,0.0,0.0,0.0,1.0,0.0,0.0,255,255,1.0,0.0,0.0,0.0,0.0,0.0,0.0,0.0,0,58945.0
0,1,59,5,0,0,0,0,0,0,0,0,0,0,0,0,0,0,0,0,0,0,142,12,1.0,1.0,0.0,0.0,0.08,0.06,0.0,255,5,0.02,0.07,0.0,0.0,1.0,1.0,0.0,0.0,1,90494.0
0,1,32,5,0,0,0,0,0,0,0,0,0,0,0,0,0,0,0,0,0,0,247,4,1.0,1.0,0.0,0.0,0.02,0.06,0.0,255,5,0.02,0.06,0.0,0.0,1.0,1.0,0.0,0.0,1,3403.0
4,1,9,4,0,0,0,0,0,0,0,0,0,0,0,0,0,0,0,0,0,0,98,2,0.0,0.0,1.0,1.0,0.02,0.53,0.0,255,2,0.01,0.21,0.38,0.0,0.0,0.0,0.86,1.0,1,88244.0
0,1,12,2,0,0,0,0,0,0,0,0,0,0,0,0,0,0,0,0,0,0,289,16,0.0,0.0,1.0,1.0,0.06,0.06,0.0,255,16,0.06,0.07,0.0,0.0,0.0,0.0,1.0,1.0,1,87702.0
0,1,22,9,209,4789,0,0,0,0,0,1,0,0,0,0,0,0,0,0,0,0,1,1,0.0,0.0,0.0,0.0,1.0,0.0,0.0,19,255,1.0,0.0,0.05,0.05,0.0,0.0,0.0,0.0,0,23277.0
0,1,22,9,212,537,0,0,0,0,0,1,0,0,0,0,0,0,0,0,0,0,37,37,0.0,0.0,0.0,0.0,1.0,0.0,0.0,223,255,1.0,0.0,0.0,0.01,0.0,0.0,0.0,0.0,0,75344.0
0,0,13,9,8,0,0,0,0,0,0,0,0,0,0,0,0,0,0,0,0,0,1,32,0.0,0.0,0.0,0.0,1.0,0.0,1.0,1,69,1.0,0.0,1.0,0.51,0.0,0.0,0.0,0.0,1,2280.0
0,1,22,9,294,2318,0,0,0,0,0,1,0,0,0,0,0,0,0,0,0,0,5,12,0.0,0.0,0.0,0.0,1.0,0.0,0.17,35,255,1.0,0.0,0.03,0.02,0.0,0.0,0.0,0.0,0,96817.0
0,1,44,5,0,0,0,0,0,0,0,0,0,0,0,0,0,0,0,0,0,0,180,3,1.0,1.0,0.0,0.0,0.02,0.08,0.0,255,3,0.01,0.08,0.0,0.0,1.0,1.0,0.0,0.0,1,99166.0
0,1,22,9,227,4005,0,0,0,0,0,1,0,0,0,0,0,0,0,0,0,0,19,22,0.0,0.0,0.0,0.0,1.0,0.0,0.09,255,255,1.0,0.0,0.0,0.0,0.0,0.0,0.0,0.0,0,100855.0
0,1,62,5,0,0,0,0,0,0,0,0,0,0,0,0,0,0,0,0,0,0,268,4,1.0,1.0,0.0,0.0,0.01,0.06,0.0,255,4,0.02,0.08,0.0,0.0,1.0,1.0,0.0,0.0,1,33004.0
0,1,62,5,0,0,0,0,0,0,0,0,0,0,0,0,0,0,0,0,0,0,114,8,1.0,1.0,0.0,0.0,0.07,0.06,0.0,255,8,0.03,0.06,0.0,0.0,1.0,1.0,0.0,0.0,1,45951.0
0,1,19,9,334,0,0,0,0,0,0,1,0,0,0,0,0,0,0,0,0,0,2,2,0.0,0.0,0.0,0.0,1.0,0.0,0.0,4,18,1.0,0.0,1.0,0.17,0.0,0.0,0.0,0.0,1,62476.0
12793,1,40,4,1,0,0,0,0,0,0,0,0,0,0,0,0,0,0,0,0,0,2,2,0.0,0.0,1.0,1.0,1.0,0.0,0.0,255,2,0.01,0.66,1.0,0.0,0.0,0.0,1.0,1.0,1,49743.0
0,1,44,1,0,0,0,0,0,0,0,0,0,0,0,0,0,0,0,0,0,0,2,1,0.0,0.0,1.0,1.0,0.5,1.0,0.0,255,1,0.0,0.88,0.87,0.0,0.0,0.0,0.87,1.0,1,86746.0
0,1,22,9,236,770,0,0,0,0,0,1,0,0,0,0,0,0,0,0,0,0,13,13,0.0,0.0,0.0,0.0,1.0,0.0,0.0,255,255,1.0,0.0,0.0,0.0,0.0,0.0,0.0,0.0,0,17472.0
0,0,58,9,182,0,0,0,0,0,0,0,0,0,0,0,0,0,0,0,0,0,3,1,0.0,0.0,0.0,0.0,0.33,1.0,0.0,255,1,0.0,0.01,0.01,0.0,0.0,0.0,0.0,0.0,0,106233.0
1,1,49,9,752,345,0,0,0,0,0,1,0,0,0,0,0,0,0,0,0,0,1,1,0.0,0.0,0.0,0.0,1.0,0.0,0.0,255,109,0.43,0.02,0.0,0.0,0.0,0.0,0.0,0.0,0,1804.0
0,1,31,5,0,0,0,0,0,0,0,0,0,0,0,0,0,0,0,0,0,0,284,19,1.0,1.0,0.0,0.0,0.07,0.06,0.0,255,19,0.07,0.08,0.0,0.0,1.0,1.0,0.0,0.0,1,124105.0
0,1,3,9,9,36,0,0,0,0,0,0,0,0,0,0,0,0,0,0,0,0,2,1,0.0,0.0,0.0,0.0,0.5,1.0,0.0,251,4,0.02,0.03,0.0,0.0,0.0,0.0,0.0,0.0,0,96321.0
0,1,22,9,249,643,0,0,0,0,0,1,0,0,0,0,0,0,0,0,0,0,5,5,0.0,0.0,0.0,0.0,1.0,0.0,0.0,231,255,1.0,0.0,0.0,0.01,0.0,0.0,0.0,0.0,0,95828.0
0,1,50,5,0,0,0,0,0,0,0,0,0,0,0,0,0,0,0,0,0,0,118,17,1.0,1.0,0.0,0.0,0.14,0.07,0.0,255,17,0.07,0.07,0.0,0.0,1.0,1.0,0.0,0.0,1,113183.0
0,1,44,5,0,0,0,0,0,0,0,0,0,0,0,0,0,0,0,0,0,0,99,9,1.0,1.0,0.0,0.0,0.09,0.07,0.0,255,14,0.05,0.05,0.0,0.0,1.0,1.0,0.0,0.0,1,10699.0
0,2,11,9,46,136,0,0,0,0,0,0,0,0,0,0,0,0,0,0,0,0,97,177,0.0,0.0,0.0,0.0,1.0,0.0,0.01,255,254,1.0,0.01,0.0,0.0,0.0,0.0,0.0,0.0,0,70005.0
0,1,49,9,1118,398,0,0,0,0,0,1,0,0,0,0,0,0,0,0,0,0,1,1,0.0,0.0,0.0,0.0,1.0,0.0,0.0,28,221,0.46,0.07,0.04,0.01,0.54,0.0,0.0,0.0,0,86318.0
0,1,22,9,54540,8314,0,0,0,2,0,1,1,0,0,0,0,0,0,0,0,0,1,1,0.0,0.0,0.0,0.0,1.0,0.0,0.0,175,175,1.0,0.0,0.01,0.0,0.0,0.0,0.01,0.01,1,28466.0
0,1,60,5,0,0,0,0,0,0,0,0,0,0,0,0,0,0,0,0,0,0,264,8,1.0,1.0,0.0,0.0,0.03,0.06,0.0,255,9,0.04,0.09,0.0,0.0,1.0,1.0,0.0,0.0,1,119180.0
0,1,19,9,194,0,0,0,0,0,0,0,0,0,0,0,0,0,0,0,0,0,2,2,0.0,0.0,0.0,0.0,1.0,0.0,0.0,39,121,0.82,0.08,0.82,0.02,0.0,0.0,0.0,0.0,0,45844.0
0,1,44,10,0,0,0,0,0,0,0,0,0,0,0,0,0,0,0,0,0,0,1,1,1.0,1.0,0.0,0.0,1.0,0.0,0.0,176,1,0.01,0.94,0.95,0.0,0.95,1.0,0.0,0.0,1,112013.0
0,2,11,9,44,110,0,0,0,0,0,0,0,0,0,0,0,0,0,0,0,0,1,1,0.0,0.0,0.0,0.0,1.0,0.0,0.0,73,212,0.67,0.04,0.01,0.01,0.0,0.0,0.19,0.0,0,34742.0
0,2,40,9,516,4,0,0,0,0,0,0,0,0,0,0,0,0,0,0,0,0,285,285,0.0,0.0,0.0,0.0,1.0,0.0,0.0,255,255,1.0,0.0,1.0,0.0,0.0,0.0,0.0,0.0,1,35430.0
0,1,44,5,0,0,0,0,0,0,0,0,0,0,0,0,0,0,0,0,0,0,114,16,1.0,1.0,0.0,0.0,0.14,0.07,0.0,255,16,0.06,0.06,0.0,0.0,1.0,1.0,0.0,0.0,1,6160.0
0,2,11,9,42,42,0,0,0,0,0,0,0,0,0,0,0,0,0,0,0,0,2,8,0.0,0.0,0.0,0.0,1.0,0.0,0.25,8,229,0.5,0.25,0.5,0.01,0.25,0.0,0.0,0.0,0,115548.0
0,1,53,1,0,0,0,0,0,0,0,0,0,0,0,0,0,0,0,0,0,0,227,13,0.0,0.0,1.0,1.0,0.06,0.07,0.0,255,13,0.05,0.09,0.0,0.0,0.0,0.0,1.0,1.0,1,43962.0
0,1,22,9,223,1296,0,0,0,0,0,1,0,0,0,0,0,0,0,0,0,0,41,41,0.0,0.0,0.0,0.0,1.0,0.0,0.0,255,255,1.0,0.0,0.0,0.0,0.0,0.0,0.0,0.0,0,96905.0
0,1,22,9,210,581,0,0,0,0,0,1,0,0,0,0,0,0,0,0,0,0,13,13,0.0,0.0,0.0,0.0,1.0,0.0,0.0,13,255,1.0,0.0,0.08,0.01,0.0,0.0,0.0,0.0,0,112195.0
0,1,22,9,373,535,0,0,0,0,0,1,0,0,0,0,0,0,0,0,0,0,27,33,0.0,0.0,0.0,0.0,1.0,0.0,0.15,255,255,1.0,0.0,0.0,0.0,0.0,0.0,0.0,0.0,0,71459.0
0,2,11,9,44,74,0,0,0,0,0,0,0,0,0,0,0,0,0,0,0,0,70,150,0.0,0.0,0.0,0.0,1.0,0.0,0.01,255,254,1.0,0.01,0.0,0.0,0.0,0.0,0.0,0.0,0,62068.0
0,2,11,9,45,115,0,0,0,0,0,0,0,0,0,0,0,0,0,0,0,0,1,1,0.0,0.0,0.0,0.0,1.0,0.0,0.0,255,234,0.92,0.01,0.01,0.0,0.0,0.0,0.0,0.0,0,98874.0
0,2,44,9,207,0,0,0,0,0,0,0,0,0,0,0,0,0,0,0,0,0,2,2,0.0,0.0,0.0,0.0,1.0,0.0,0.0,232,192,0.83,0.01,0.83,0.0,0.0,0.0,0.0,0.0,1,75480.0
0,1,17,5,0,0,0,0,0,0,0,0,0,0,0,0,0,0,0,0,0,0,258,7,1.0,1.0,0.0,0.0,0.03,0.06,0.0,255,7,0.03,0.06,0.0,0.0,1.0,1.0,0.0,0.0,1,11488.0
0,1,44,5,0,0,0,0,0,0,0,0,0,0,0,0,0,0,0,0,0,0,31,11,1.0,1.0,0.0,0.0,0.35,0.16,0.0,255,11,0.04,0.09,0.0,0.0,1.0,1.0,0.0,0.0,1,48220.0
0,1,19,5,0,0,0,0,0,0,0,0,0,0,0,0,0,0,0,0,0,0,231,6,1.0,1.0,0.0,0.0,0.03,0.06,0.0,255,6,0.02,0.06,0.0,0.0,1.0,1.0,0.0,0.0,1,6878.0
0,1,44,1,0,0,0,0,0,0,0,0,0,0,0,0,0,0,0,0,0,0,174,13,0.0,0.0,1.0,1.0,0.07,0.07,0.0,255,13,0.05,0.07,0.0,0.0,0.0,0.0,1.0,1.0,1,29479.0
0,1,32,5,0,0,0,0,0,0,0,0,0,0,0,0,0,0,0,0,0,0,277,18,1.0,1.0,0.0,0.0,0.06,0.06,0.0,255,1,0.0,0.09,0.0,0.0,1.0,1.0,0.0,0.0,1,55350.0
0,1,22,9,170,19109,0,0,0,0,0,1,0,0,0,0,0,0,0,0,0,0,1,1,0.0,0.0,0.0,0.0,1.0,0.0,0.0,77,255,1.0,0.0,0.01,0.01,0.0,0.0,0.0,0.0,0,23183.0
0,1,17,5,0,0,0,0,0,0,0,0,0,0,0,0,0,0,0,0,0,0,25,5,1.0,1.0,0.0,0.0,0.2,0.08,0.0,67,9,0.07,0.06,0.06,0.22,0.97,0.56,0.0,0.0,1,99466.0
0,2,11,9,43,76,0,0,0,0,0,0,0,0,0,0,0,0,0,0,0,0,151,151,0.0,0.0,0.0,0.0,1.0,0.0,0.0,255,255,1.0,0.0,0.0,0.0,0.0,0.0,0.0,0.0,0,92172.0
0,2,11,9,45,73,0,0,0,0,0,0,0,0,0,0,0,0,0,0,0,0,67,67,0.0,0.0,0.0,0.0,1.0,0.0,0.0,255,255,1.0,0.0,0.0,0.0,0.0,0.0,0.0,0.0,0,37845.0
0,1,22,9,228,462,0,0,0,0,0,1,0,0,0,0,0,0,0,0,0,0,21,24,0.0,0.0,0.0,0.0,1.0,0.0,0.12,255,255,1.0,0.0,0.0,0.0,0.0,0.0,0.0,0.0,0,18261.0
0,1,44,5,0,0,0,0,0,0,0,0,0,0,0,0,0,0,0,0,0,0,236,12,1.0,1.0,0.0,0.0,0.05,0.07,0.0,255,12,0.05,0.09,0.0,0.0,1.0,1.0,0.0,0.0,1,111033.0
0,1,19,9,884,0,0,0,0,0,0,1,0,0,0,0,0,0,0,0,0,0,2,2,0.0,0.0,0.0,0.0,1.0,0.0,0.0,11,94,0.91,0.18,0.91,0.03,0.0,0.0,0.0,0.0,0,118157.0
11,1,51,2,6,34,0,0,0,0,0,1,0,0,0,0,0,0,0,0,0,0,87,1,0.01,0.0,0.91,1.0,0.01,1.0,0.0,255,1,0.0,0.36,0.0,0.0,0.0,0.0,0.32,1.0,1,123450.0
0,1,25,5,0,0,0,0,0,0,0,0,0,0,0,0,0,0,0,0,0,0,279,10,1.0,1.0,0.0,0.0,0.04,0.06,0.0,255,10,0.04,0.08,0.0,0.0,1.0,1.0,0.0,0.0,1,115283.0
5,1,22,9,339,279,0,0,0,1,0,1,0,0,0,0,0,0,0,0,0,0,1,5,0.0,0.0,0.0,0.0,1.0,0.0,0.4,255,246,0.96,0.01,0.0,0.0,0.0,0.0,0.0,0.0,0,18312.0
0,2,11,9,35,0,0,0,0,0,0,0,0,0,0,0,0,0,0,0,0,0,4,9,0.0,0.0,0.0,0.0,1.0,0.0,0.22,34,7,0.21,0.15,0.21,0.0,0.0,0.0,0.0,0.0,0,107849.0
0,1,29,5,0,0,0,0,0,0,0,0,0,0,0,0,0,0,0,0,0,0,237,10,1.0,1.0,0.0,0.0,0.04,0.06,0.0,255,10,0.04,0.07,0.0,0.0,1.0,1.0,0.0,0.0,1,75149.0
0,2,11,9,44,130,0,0,0,0,0,0,0,0,0,0,0,0,0,0,0,0,101,167,0.0,0.0,0.0,0.0,1.0,0.0,0.01,255,255,1.0,0.0,0.0,0.0,0.0,0.0,0.0,0.0,0,42149.0
0,1,22,9,218,482,0,0,0,0,0,1,0,0,0,0,0,0,0,0,0,0,5,5,0.0,0.0,0.0,0.0,1.0,0.0,0.0,110,255,1.0,0.0,0.01,0.02,0.01,0.0,0.0,0.0,0,23199.0
0,1,44,5,0,0,0,0,0,0,0,0,0,0,0,0,0,0,0,0,0,0,232,15,1.0,1.0,0.0,0.0,0.06,0.06,0.0,255,6,0.02,0.09,0.0,0.0,1.0,1.0,0.0,0.0,1,88748.0
0,0,14,9,1032,0,0,0,0,0,0,0,0,0,0,0,0,0,0,0,0,0,511,511,0.0,0.0,0.0,0.0,1.0,0.0,0.0,255,227,0.89,0.07,0.89,0.0,0.0,0.0,0.0,0.0,1,81267.0
0,1,22,9,271,1380,0,0,0,0,0,1,0,0,0,0,0,0,0,0,0,0,3,3,0.0,0.0,0.0,0.0,1.0,0.0,0.0,32,255,1.0,0.0,0.03,0.02,0.0,0.0,0.0,0.0,0,69078.0
0,2,11,9,46,76,0,0,0,0,0,0,0,0,0,0,0,0,0,0,0,0,300,300,0.0,0.0,0.0,0.0,1.0,0.0,0.0,255,216,0.85,0.01,0.0,0.0,0.0,0.0,0.0,0.0,0,47299.0
0,1,44,5,0,0,0,0,0,0,0,0,0,0,0,0,0,0,0,0,0,0,174,3,1.0,1.0,0.0,0.0,0.02,0.07,0.0,255,19,0.07,0.07,0.0,0.0,1.0,1.0,0.0,0.0,1,54081.0
0,2,11,9,45,137,0,0,0,0,0,0,0,0,0,0,0,0,0,0,0,0,113,193,0.0,0.0,0.0,0.0,1.0,0.0,0.01,255,255,1.0,0.0,0.0,0.0,0.0,0.0,0.0,0.0,0,122110.0
0,1,49,9,1708,278,0,0,0,0,0,1,0,0,0,0,0,0,0,0,0,0,1,1,0.0,0.0,0.0,0.0,1.0,0.0,0.0,23,20,0.87,0.13,0.04,0.0,0.0,0.0,0.0,0.0,0,74660.0
0,1,22,9,216,1270,0,0,0,0,0,1,0,0,0,0,0,0,0,0,0,0,8,13,0.0,0.0,0.0,0.0,1.0,0.0,0.15,45,255,1.0,0.0,0.02,0.02,0.0,0.0,0.0,0.0,0,26368.0
0,1,22,9,260,301,0,0,0,0,0,1,0,0,0,0,0,0,0,0,0,0,4,4,0.0,0.0,0.0,0.0,1.0,0.0,0.0,26,255,1.0,0.0,0.04,0.06,0.0,0.0,0.0,0.0,0,7850.0
0,1,22,9,294,1350,0,0,0,0,0,1,0,0,0,0,0,0,0,0,0,0,13,13,0.0,0.0,0.0,0.0,1.0,0.0,0.0,37,255,1.0,0.0,0.03,0.04,0.0,0.0,0.0,0.0,0,50541.0
0,1,22,9,215,301,0,0,0,0,0,1,0,0,0,0,0,0,0,0,0,0,20,20,0.0,0.0,0.0,0.0,1.0,0.0,0.0,255,255,1.0,0.0,0.01,0.0,0.0,0.0,0.0,0.0,0,98910.0
0,1,44,1,0,0,0,0,0,0,0,0,0,0,0,0,0,0,0,0,0,0,87,6,0.0,0.0,1.0,1.0,0.07,0.08,0.0,255,6,0.02,0.07,0.0,0.0,0.0,0.0,1.0,1.0,1,43411.0
0,0,14,9,30,0,0,0,0,0,0,0,0,0,0,0,0,0,0,0,0,0,1,510,0.0,0.0,0.0,0.0,1.0,0.0,0.0,229,229,1.0,0.0,1.0,0.0,0.0,0.0,0.0,0.0,0,104897.0
0,1,44,5,0,0,0,0,0,0,0,0,0,0,0,0,0,0,0,0,0,0,106,16,1.0,1.0,0.0,0.0,0.15,0.07,0.0,107,16,0.15,0.07,0.01,0.0,1.0,1.0,0.0,0.0,1,108528.0
0,1,62,1,0,0,0,0,0,0,0,0,0,0,0,0,0,0,0,0,0,0,225,5,0.0,0.0,1.0,1.0,0.02,0.07,0.0,255,5,0.02,0.07,0.0,0.0,0.0,0.0,1.0,1.0,1,85270.0
0,1,44,5,0,0,0,0,0,0,0,0,0,0,0,0,0,0,0,0,0,0,226,13,1.0,1.0,0.0,0.0,0.06,0.07,0.0,255,2,0.01,0.08,0.0,0.0,1.0,1.0,0.0,0.0,1,28386.0
2,1,49,9,1627,408,0,0,0,0,0,1,0,0,0,0,0,0,0,0,0,0,1,3,0.0,0.0,0.0,0.0,1.0,0.0,1.0,28,169,0.93,0.07,0.04,0.01,0.0,0.01,0.0,0.0,0,69719.0
0,1,44,5,0,0,0,0,0,0,0,0,0,0,0,0,0,0,0,0,0,0,145,7,1.0,1.0,0.0,0.0,0.05,0.06,0.0,255,10,0.04,0.06,0.0,0.0,1.0,1.0,0.0,0.0,1,13952.0
0,1,22,9,155,5797,0,0,0,0,0,1,0,0,0,0,0,0,0,0,0,0,2,2,0.0,0.0,0.0,0.0,1.0,0.0,0.0,255,255,1.0,0.0,0.0,0.0,0.0,0.0,0.0,0.0,0,69474.0
0,1,22,9,306,913,0,0,0,0,0,1,0,0,0,0,0,0,0,0,0,0,15,22,0.0,0.0,0.0,0.0,1.0,0.0,0.09,255,255,1.0,0.0,0.0,0.0,0.0,0.0,0.0,0.0,0,72556.0
0,1,55,5,0,0,0,0,0,0,0,0,0,0,0,0,0,0,0,0,0,0,297,18,1.0,1.0,0.0,0.0,0.06,0.06,0.0,255,18,0.07,0.07,0.0,0.0,1.0,1.0,0.0,0.0,1,125502.0
0,1,22,9,397,788,0,0,0,0,0,1,0,0,0,0,0,0,0,0,0,0,1,18,0.0,0.0,0.0,0.0,1.0,0.0,0.11,11,255,1.0,0.0,0.09,0.06,0.0,0.0,0.0,0.0,0,19456.0
0,1,44,5,0,0,0,0,0,0,0,0,0,0,0,0,0,0,0,0,0,0,134,5,1.0,1.0,0.0,0.0,0.04,0.06,0.0,137,5,0.04,0.07,0.01,0.0,1.0,1.0,0.0,0.0,1,14022.0
0,1,17,5,0,0,0,0,0,0,0,0,0,0,0,0,0,0,0,0,0,0,59,15,1.0,1.0,0.0,0.0,0.25,0.07,0.0,255,44,0.17,0.04,0.02,0.0,1.0,1.0,0.0,0.0,1,67739.0
0,1,22,9,245,677,0,0,0,0,0,1,0,0,0,0,0,0,0,0,0,0,3,3,0.0,0.0,0.0,0.0,1.0,0.0,0.0,255,255,1.0,0.0,0.0,0.0,0.0,0.0,0.0,0.0,0,121770.0
0,1,25,5,0,0,0,0,0,0,0,0,0,0,0,0,0,0,0,0,0,0,228,9,1.0,1.0,0.0,0.0,0.04,0.06,0.0,255,14,0.05,0.07,0.0,0.0,1.0,1.0,0.0,0.0,1,106750.0
0,1,3,9,10,35,0,0,0,0,0,0,0,0,0,0,0,0,0,0,0,0,14,1,0.0,0.0,0.0,0.0,0.07,0.14,0.0,255,1,0.0,0.01,0.0,0.0,0.0,0.0,0.0,0.0,0,75674.0
0,1,27,1,0,0,0,0,0,0,0,0,0,0,0,0,0,0,0,0,0,0,136,9,0.0,0.0,1.0,1.0,0.07,0.06,0.0,255,4,0.02,0.07,0.0,0.0,0.0,0.0,1.0,1.0,1,2320.0
0,1,44,5,0,0,0,0,0,0,0,0,0,0,0,0,0,0,0,0,0,0,85,7,1.0,1.0,0.0,0.0,0.08,0.07,0.0,255,7,0.03,0.05,0.0,0.0,1.0,1.0,0.0,0.0,1,110169.0
0,1,44,5,0,0,0,0,0,0,0,0,0,0,0,0,0,0,0,0,0,0,123,1,1.0,1.0,0.0,0.0,0.01,0.07,0.0,26,1,0.04,0.15,0.04,0.0,1.0,1.0,0.0,0.0,1,98092.0
0,1,44,1,0,0,0,0,0,0,0,0,0,0,0,0,0,0,0,0,0,0,115,9,0.0,0.0,1.0,1.0,0.08,0.07,0.0,255,9,0.04,0.06,0.0,0.0,0.0,0.0,1.0,1.0,1,2495.0
0,0,58,9,181,0,0,0,0,0,0,0,0,0,0,0,0,0,0,0,0,0,4,3,0.0,0.0,0.0,0.0,0.75,0.5,0.0,255,104,0.41,0.01,0.51,0.0,0.0,0.0,0.0,0.0,0,40358.0
0,0,13,9,18,0,0,0,0,0,0,0,0,0,0,0,0,0,0,0,0,0,1,1,0.0,0.0,0.0,0.0,1.0,0.0,0.0,4,28,1.0,0.0,1.0,0.25,0.0,0.0,0.0,0.0,1,25207.0
0,1,44,5,0,0,0,0,0,0,0,0,0,0,0,0,0,0,0,0,0,0,272,13,1.0,1.0,0.0,0.0,0.05,0.04,0.0,255,13,0.05,0.05,0.0,0.0,1.0,1.0,0.0,0.0,1,87035.0
0,1,22,9,238,1374,0,0,0,0,0,1,0,0,0,0,0,0,0,0,0,0,19,19,0.0,0.0,0.0,0.0,1.0,0.0,0.0,128,255,1.0,0.0,0.01,0.02,0.0,0.0,0.0,0.0,0,97542.0
0,1,17,5,0,0,0,0,0,0,0,0,0,0,0,0,0,0,0,0,0,0,250,1,1.0,1.0,0.0,0.0,0.0,0.07,0.0,255,1,0.0,0.07,0.0,0.0,1.0,1.0,0.0,0.0,1,85832.0
0,1,22,9,332,279,0,0,0,0,0,1,0,0,0,0,0,0,0,0,0,0,2,2,0.0,0.0,0.0,0.0,1.0,0.0,0.0,255,251,0.98,0.01,0.0,0.0,0.0,0.0,0.0,0.0,0,42914.0
0,1,22,9,207,2065,0,0,0,0,0,1,0,0,0,0,0,0,0,0,0,0,7,11,0.0,0.0,0.0,0.0,1.0,0.0,0.18,168,255,1.0,0.0,0.01,0.02,0.0,0.0,0.0,0.0,0,90091.0
17,1,49,9,9654,337,0,0,0,0,0,1,0,0,0,0,0,0,0,0,0,0,1,3,0.0,0.0,0.0,0.0,1.0,0.0,1.0,156,213,0.81,0.03,0.01,0.01,0.0,0.0,0.0,0.0,0,22221.0
0,1,49,9,977,330,0,0,0,0,0,1,0,0,0,0,0,0,0,0,0,0,1,1,0.0,0.0,0.0,0.0,1.0,0.0,0.0,50,44,0.88,0.06,0.02,0.0,0.0,0.0,0.0,0.0,0,23366.0
0,1,24,5,0,0,0,0,0,0,0,0,0,0,0,0,0,0,0,0,0,0,272,12,1.0,1.0,0.0,0.0,0.04,0.05,0.0,255,12,0.05,0.05,0.0,0.0,1.0,1.0,0.0,0.0,1,56793.0
0,1,22,9,266,499,0,0,0,0,0,1,0,0,0,0,0,0,0,0,0,0,1,3,0.0,0.0,0.0,0.0,1.0,0.0,0.67,12,255,1.0,0.0,0.08,0.04,0.08,0.0,0.0,0.0,0,1252.0
0,2,11,9,44,136,0,0,0,0,0,0,0,0,0,0,0,0,0,0,0,0,83,162,0.0,0.0,0.0,0.0,1.0,0.0,0.01,255,255,1.0,0.0,0.0,0.0,0.0,0.0,0.0,0.0,0,69030.0
0,1,49,9,4018,324,0,0,0,0,0,1,0,0,0,0,0,0,0,0,0,0,2,1,0.0,0.0,0.0,0.0,0.5,1.0,0.0,255,96,0.38,0.24,0.0,0.0,0.0,0.0,0.0,0.0,0,22533.0
0,1,24,1,0,0,0,0,0,0,0,0,0,0,0,0,0,0,0,0,0,0,252,13,0.0,0.0,1.0,1.0,0.05,0.07,0.0,255,13,0.05,0.07,0.0,0.0,0.0,0.0,1.0,1.0,1,69523.0
0,0,14,9,1480,0,0,1,0,0,0,0,0,0,0,0,0,0,0,0,0,0,1,3,0.0,0.0,0.0,0.0,1.0,0.0,0.67,1,151,1.0,0.0,1.0,0.13,0.0,0.0,0.0,0.0,1,109587.0
0,1,60,1,0,0,0,0,0,0,0,0,0,0,0,0,0,0,0,0,0,0,273,19,0.0,0.0,1.0,1.0,0.07,0.06,0.0,255,19,0.07,0.07,0.0,0.0,0.0,0.0,1.0,1.0,1,8735.0
0,1,19,9,1874,0,0,0,0,0,0,1,0,0,0,0,0,0,0,0,0,0,11,11,0.0,0.0,0.0,0.0,1.0,0.0,0.0,255,125,0.49,0.03,0.49,0.0,0.0,0.0,0.0,0.0,0,2494.0
0,1,19,9,151,0,0,0,0,0,0,1,0,0,0,0,0,0,0,0,0,0,9,9,0.0,0.0,0.0,0.0,1.0,0.0,0.0,255,19,0.07,0.06,0.07,0.0,0.8,0.0,0.01,0.0,0,46623.0
0,1,44,5,0,0,0,0,0,0,0,0,0,0,0,0,0,0,0,0,0,0,57,15,1.0,1.0,0.0,0.0,0.26,0.07,0.0,236,15,0.06,0.06,0.0,0.0,1.0,1.0,0.0,0.0,1,125478.0
0,2,40,9,516,4,0,0,0,0,0,0,0,0,0,0,0,0,0,0,0,0,480,480,0.0,0.0,0.0,0.0,1.0,0.0,0.0,255,255,1.0,0.0,1.0,0.0,0.0,0.0,0.0,0.0,0,89602.0
0,1,44,5,0,0,0,0,0,0,0,0,0,0,0,0,0,0,0,0,0,0,172,14,1.0,1.0,0.0,0.0,0.08,0.06,0.0,255,5,0.02,0.07,0.0,0.0,1.0,1.0,0.0,0.0,1,17343.0
0,1,55,2,0,0,0,0,0,0,0,0,0,0,0,0,0,0,0,0,0,0,142,14,0.0,0.0,1.0,1.0,0.1,0.06,0.0,255,8,0.03,0.06,0.0,0.0,0.0,0.0,1.0,1.0,1,110370.0
0,0,13,9,18,0,0,0,0,0,0,0,0,0,0,0,0,0,0,0,0,0,1,1,0.0,0.0,0.0,0.0,1.0,0.0,0.0,1,143,1.0,0.0,1.0,1.0,0.0,0.0,0.0,0.0,1,15406.0
0,0,13,9,8,0,0,0,0,0,0,0,0,0,0,0,0,0,0,0,0,0,1,9,0.0,0.0,0.0,0.0,1.0,0.0,1.0,2,36,1.0,0.0,1.0,0.5,0.0,0.0,0.0,0.0,1,54199.0
0,1,44,1,0,0,0,0,0,0,0,0,0,0,0,0,0,0,0,0,0,0,117,1,0.07,0.0,0.91,1.0,0.01,1.0,0.0,255,1,0.0,0.69,0.0,0.0,0.03,0.0,0.43,1.0,1,54749.0
0,1,19,9,1470,0,0,0,0,0,0,1,0,0,0,0,0,0,0,0,0,0,1,1,0.0,0.0,0.0,0.0,1.0,0.0,0.0,255,65,0.25,0.02,0.06,0.0,0.71,0.75,0.0,0.0,0,114473.0
0,1,44,5,0,0,0,0,0,0,0,0,0,0,0,0,0,0,0,0,0,0,125,20,1.0,1.0,0.0,0.0,0.16,0.07,0.0,255,19,0.07,0.08,0.0,0.0,1.0,1.0,0.0,0.0,1,64645.0
0,1,44,4,0,0,0,0,0,0,0,0,0,0,0,0,0,0,0,0,0,0,1,1,0.0,0.0,1.0,1.0,1.0,0.0,0.0,248,1,0.0,0.34,0.32,0.0,0.0,0.0,0.33,1.0,1,124048.0
0,0,14,9,1032,0,0,0,0,0,0,0,0,0,0,0,0,0,0,0,0,0,511,511,0.0,0.0,0.0,0.0,1.0,0.0,0.0,255,57,0.22,0.15,0.22,0.0,0.0,0.0,0.0,0.0,1,18117.0
0,1,37,5,0,0,0,0,0,0,0,0,0,0,0,0,0,0,0,0,0,0,104,7,1.0,1.0,0.0,0.0,0.07,0.07,0.0,255,7,0.03,0.06,0.0,0.0,1.0,1.0,0.0,0.0,1,105532.0
0,2,11,9,46,46,0,0,0,0,0,0,0,0,0,0,0,0,0,0,0,0,116,116,0.0,0.0,0.0,0.0,1.0,0.0,0.0,255,255,1.0,0.0,0.0,0.0,0.0,0.0,0.0,0.0,0,61186.0
0,1,44,1,0,0,0,0,0,0,0,0,0,0,0,0,0,0,0,0,0,0,1,1,0.0,0.0,1.0,1.0,1.0,0.0,0.0,55,2,0.02,1.0,0.02,1.0,0.0,0.0,0.98,1.0,1,58380.0
0,1,22,9,304,2239,0,0,0,0,0,1,0,0,0,0,0,0,0,0,0,0,4,5,0.0,0.0,0.0,0.2,1.0,0.0,0.4,255,255,1.0,0.0,0.0,0.0,0.0,0.0,0.0,0.0,0,83545.0
0,0,13,9,8,0,0,0,0,0,0,0,0,0,0,0,0,0,0,0,0,0,1,33,0.0,0.0,0.0,0.0,1.0,0.0,1.0,1,86,1.0,0.0,1.0,0.51,0.0,0.0,0.0,0.0,1,101478.0
0,1,22,9,232,784,0,0,0,0,0,1,0,0,0,0,0,0,0,0,0,0,2,3,0.0,0.0,0.0,0.0,1.0,0.0,0.67,36,255,1.0,0.0,0.03,0.02,0.0,0.0,0.0,0.0,0,61481.0
0,1,22,9,226,298,0,0,0,0,0,1,0,0,0,0,0,0,0,0,0,0,3,26,0.0,0.0,0.0,0.0,1.0,0.0,0.23,12,255,1.0,0.0,0.08,0.01,0.0,0.0,0.0,0.0,0,22318.0
6,1,44,4,0,0,0,0,0,0,0,0,0,0,0,0,0,0,0,0,0,0,2,2,0.0,0.0,1.0,1.0,1.0,0.0,0.0,255,2,0.01,0.74,1.0,0.0,0.0,0.0,1.0,1.0,1,50220.0
0,1,22,9,275,1274,0,0,0,0,0,1,0,0,0,0,0,0,0,0,0,0,18,23,0.0,0.0,0.0,0.0,1.0,0.0,0.13,255,255,1.0,0.0,0.0,0.0,0.0,0.0,0.0,0.0,0,94958.0
0,1,60,5,0,0,0,0,0,0,0,0,0,0,0,0,0,0,0,0,0,0,289,10,1.0,1.0,0.0,0.0,0.03,0.06,0.0,255,7,0.03,0.06,0.0,0.0,1.0,1.0,0.0,0.0,1,104828.0
0,1,22,9,218,3957,0,0,0,0,0,1,0,0,0,0,0,0,0,0,0,0,17,17,0.0,0.0,0.0,0.0,1.0,0.0,0.0,50,255,1.0,0.0,0.02,0.05,0.0,0.0,0.0,0.0,0,42894.0
0,2,11,9,33,0,0,0,0,0,0,0,0,0,0,0,0,0,0,0,0,0,1,2,0.0,0.0,0.0,0.0,1.0,0.0,1.0,173,36,0.09,0.04,0.09,0.06,0.0,0.0,0.0,0.0,0,26565.0
0,1,44,5,0,0,0,0,0,0,0,0,0,0,0,0,0,0,0,0,0,0,228,14,1.0,1.0,0.0,0.0,0.06,0.05,0.0,89,14,0.16,0.11,0.01,0.0,0.84,1.0,0.01,0.0,1,4537.0
0,1,22,9,317,1617,0,0,0,0,0,1,0,0,0,0,0,0,0,0,0,0,15,15,0.0,0.0,0.0,0.0,1.0,0.0,0.0,255,255,1.0,0.0,0.0,0.0,0.0,0.0,0.0,0.0,0,98860.0
0,1,22,9,214,2861,0,0,0,0,0,1,0,0,0,0,0,0,0,0,0,0,5,5,0.0,0.0,0.0,0.0,1.0,0.0,0.0,255,255,1.0,0.0,0.0,0.0,0.0,0.0,0.0,0.0,0,64812.0
0,1,22,9,228,3200,0,0,0,0,0,1,0,0,0,0,0,0,0,0,0,0,2,9,0.0,0.0,0.0,0.0,1.0,0.0,0.33,29,255,1.0,0.0,0.03,0.01,0.0,0.0,0.0,0.0,0,85340.0
0,1,9,5,0,0,0,0,0,0,0,0,0,0,0,0,0,0,0,0,0,0,206,16,1.0,1.0,0.0,0.0,0.08,0.06,0.0,255,15,0.06,0.07,0.0,0.0,1.0,1.0,0.0,0.0,1,116539.0
0,1,36,5,0,0,0,0,0,0,0,0,0,0,0,0,0,0,0,0,0,0,217,19,1.0,1.0,0.0,0.0,0.09,0.06,0.0,255,18,0.07,0.07,0.0,0.0,1.0,1.0,0.0,0.0,1,6823.0
0,1,22,9,318,1342,0,0,0,0,0,1,0,0,0,0,0,0,0,0,0,0,23,23,0.0,0.0,0.0,0.0,1.0,0.0,0.0,255,255,1.0,0.0,0.0,0.0,0.0,0.0,0.0,0.0,0,9101.0
0,1,49,9,663,328,0,0,0,0,0,1,0,0,0,0,0,0,0,0,0,0,1,1,0.0,0.0,0.0,0.0,1.0,0.0,0.0,32,18,0.56,0.06,0.03,0.0,0.0,0.0,0.0,0.0,0,101223.0
0,1,22,9,245,7649,0,0,0,0,0,1,0,0,0,0,0,0,0,0,0,0,3,4,0.0,0.0,0.0,0.0,1.0,0.0,0.5,172,255,1.0,0.0,0.01,0.04,0.0,0.0,0.0,0.0,0,71004.0
0,1,22,9,298,5290,0,0,0,0,0,1,0,0,0,0,0,0,0,0,0,0,10,10,0.0,0.0,0.0,0.0,1.0,0.0,0.0,57,255,1.0,0.0,0.02,0.01,0.02,0.0,0.0,0.0,0,39191.0
0,2,11,9,45,134,0,0,0,0,0,0,0,0,0,0,0,0,0,0,0,0,60,122,0.0,0.0,0.0,0.0,1.0,0.0,0.02,255,194,0.76,0.01,0.0,0.0,0.0,0.0,0.0,0.0,0,38805.0
0,1,19,9,95,0,0,0,0,0,0,1,0,0,0,0,0,0,0,0,0,0,1,1,0.0,0.0,0.0,0.0,1.0,0.0,0.0,7,94,1.0,0.0,1.0,0.02,0.0,0.01,0.0,0.0,0,61986.0
0,2,11,9,43,131,0,0,0,0,0,0,0,0,0,0,0,0,0,0,0,0,40,120,0.0,0.0,0.0,0.0,1.0,0.0,0.02,255,232,0.91,0.02,0.0,0.0,0.0,0.0,0.0,0.0,0,124293.0
0,1,22,9,277,1942,0,0,0,0,0,1,0,0,0,0,0,0,0,0,0,0,14,14,0.0,0.0,0.0,0.0,1.0,0.0,0.0,107,255,1.0,0.0,0.01,0.02,0.0,0.0,0.0,0.0,0,104809.0
0,1,22,9,157,3512,0,0,0,0,0,1,0,0,0,0,0,0,0,0,0,0,2,2,0.0,0.0,0.0,0.0,1.0,0.0,0.0,17,255,1.0,0.0,0.06,0.05,0.0,0.0,0.0,0.0,0,84687.0
0,1,44,5,0,0,0,0,0,0,0,0,0,0,0,0,0,0,0,0,0,0,139,5,1.0,1.0,0.0,0.0,0.04,0.06,0.0,255,9,0.04,0.06,0.0,0.0,1.0,1.0,0.0,0.0,1,48010.0
0,0,13,9,8,0,0,0,0,0,0,0,0,0,0,0,0,0,0,0,0,0,1,3,0.0,0.0,0.0,0.0,1.0,0.0,1.0,1,91,1.0,0.0,1.0,0.51,0.0,0.0,0.0,0.0,1,86757.0
0,0,14,9,1032,0,0,0,0,0,0,0,0,0,0,0,0,0,0,0,0,0,510,510,0.0,0.0,0.0,0.0,1.0,0.0,0.0,255,219,0.86,0.09,0.86,0.0,0.0,0.0,0.0,0.0,1,15165.0
0,2,11,9,43,131,0,0,0,0,0,0,0,0,0,0,0,0,0,0,0,0,264,264,0.0,0.0,0.0,0.0,1.0,0.0,0.0,255,251,0.98,0.01,0.0,0.0,0.0,0.0,0.0,0.0,0,86297.0
0,1,17,9,8,141,0,0,0,0,0,0,0,0,0,0,0,0,0,0,0,0,1,1,0.0,0.0,0.0,0.0,1.0,0.0,0.0,108,6,0.06,0.05,0.01,0.0,0.02,0.17,0.0,0.0,0,15164.0
0,1,22,9,303,7208,0,0,0,0,0,1,0,0,0,0,0,0,0,0,0,0,12,12,0.0,0.0,0.0,0.0,1.0,0.0,0.0,138,255,1.0,0.0,0.01,0.03,0.0,0.0,0.0,0.0,0,110143.0
0,1,44,5,0,0,0,0,0,0,0,0,0,0,0,0,0,0,0,0,0,0,129,17,1.0,1.0,0.0,0.0,0.13,0.07,0.0,255,17,0.07,0.08,0.0,0.0,1.0,1.0,0.0,0.0,1,28766.0
0,1,19,9,212,0,0,0,0,0,0,1,0,0,0,1,0,0,0,0,0,0,2,2,0.0,0.0,0.0,0.0,1.0,0.0,0.0,12,65,0.33,0.33,0.33,0.03,0.0,0.05,0.0,0.0,0,66820.0
0,1,44,5,0,0,0,0,0,0,0,0,0,0,0,0,0,0,0,0,0,0,31,8,1.0,1.0,0.0,0.0,0.26,0.16,0.0,255,8,0.03,0.08,0.0,0.0,1.0,1.0,0.0,0.0,1,62828.0
0,1,60,5,0,0,0,0,0,0,0,0,0,0,0,0,0,0,0,0,0,0,232,14,1.0,1.0,0.0,0.0,0.06,0.06,0.0,255,14,0.05,0.06,0.0,0.0,1.0,1.0,0.0,0.0,1,64508.0
0,1,44,5,0,0,0,0,0,0,0,0,0,0,0,0,0,0,0,0,0,0,84,20,1.0,1.0,0.0,0.0,0.24,0.06,0.0,255,1,0.0,0.07,0.0,0.0,1.0,1.0,0.0,0.0,1,79741.0
0,1,22,9,247,933,0,0,0,0,0,1,0,0,0,0,0,0,0,0,0,0,8,10,0.0,0.0,0.0,0.0,1.0,0.0,0.2,218,255,1.0,0.0,0.0,0.01,0.0,0.0,0.0,0.0,0,69791.0
0,1,44,5,0,0,0,0,0,0,0,0,0,0,0,0,0,0,0,0,0,0,135,11,1.0,1.0,0.0,0.0,0.08,0.06,0.0,255,16,0.06,0.07,0.0,0.0,1.0,1.0,0.0,0.0,1,14067.0
0,1,22,9,316,1054,0,0,0,0,0,1,0,0,0,0,0,0,0,0,0,0,5,5,0.0,0.0,0.0,0.0,1.0,0.0,0.0,169,255,1.0,0.0,0.01,0.01,0.0,0.0,0.0,0.0,0,15307.0
0,1,60,5,0,0,0,0,0,0,0,0,0,0,0,0,0,0,0,0,0,0,203,9,1.0,1.0,0.0,0.0,0.04,0.07,0.0,255,9,0.04,0.06,0.0,0.0,1.0,1.0,0.0,0.0,1,20471.0
3,1,49,9,785,330,0,0,0,0,0,1,0,0,0,0,0,0,0,0,0,0,1,2,0.0,0.0,0.0,0.0,1.0,0.0,1.0,75,63,0.84,0.04,0.01,0.0,0.0,0.0,0.0,0.0,0,44212.0
0,1,22,9,196,2380,0,0,0,0,0,1,0,0,0,0,0,0,0,0,0,0,5,9,0.0,0.0,0.0,0.0,1.0,0.0,0.33,18,255,1.0,0.0,0.06,0.04,0.0,0.0,0.0,0.0,0,119085.0
0,1,60,1,0,0,0,0,0,0,0,0,0,0,0,0,0,0,0,0,0,0,280,15,0.0,0.0,1.0,1.0,0.05,0.06,0.0,255,15,0.06,0.07,0.0,0.0,0.0,0.0,1.0,1.0,1,107043.0
0,1,22,9,218,1701,0,0,0,0,0,1,0,0,0,0,0,0,0,0,0,0,11,11,0.0,0.0,0.0,0.0,1.0,0.0,0.0,71,255,1.0,0.0,0.01,0.02,0.0,0.0,0.0,0.0,0,81345.0
0,1,44,1,0,0,0,0,0,0,0,0,0,0,0,0,0,0,0,0,0,0,2,1,0.0,0.0,1.0,1.0,0.5,1.0,0.0,255,1,0.0,0.63,0.58,0.0,0.01,0.0,0.59,1.0,1,53670.0
12597,2,40,9,147,105,0,0,0,0,0,0,0,0,0,0,0,0,0,0,0,0,4,2,0.0,0.0,0.0,0.0,0.5,0.5,0.0,255,2,0.01,0.59,0.93,0.0,0.0,0.0,0.0,0.0,0,89767.0
0,1,55,5,0,0,0,0,0,0,0,0,0,0,0,0,0,0,0,0,0,0,82,13,1.0,1.0,0.0,0.0,0.16,0.05,0.0,255,13,0.05,0.07,0.0,0.0,1.0,1.0,0.0,0.0,1,26359.0
0,1,22,9,310,267,0,0,0,0,0,1,0,0,0,0,0,0,0,0,0,0,5,5,0.0,0.0,0.0,0.0,1.0,0.0,0.0,255,255,1.0,0.0,0.0,0.0,0.0,0.0,0.0,0.0,0,26347.0
0,1,22,9,229,534,0,0,0,0,0,1,0,0,0,0,0,0,0,0,0,0,6,7,0.0,0.0,0.0,0.0,1.0,0.0,0.29,42,255,1.0,0.0,0.02,0.01,0.0,0.0,0.0,0.0,0,79396.0
0,1,44,1,0,0,0,0,0,0,0,0,0,0,0,0,0,0,0,0,0,0,264,1,0.09,0.0,0.9,1.0,0.0,1.0,0.0,255,1,0.0,1.0,0.0,0.0,0.1,0.0,0.89,1.0,1,112838.0
0,1,22,9,277,9867,0,0,0,0,0,1,0,0,0,0,0,0,0,0,0,0,5,5,0.0,0.0,0.0,0.0,1.0,0.0,0.0,36,255,1.0,0.0,0.03,0.02,0.0,0.0,0.0,0.0,0,74535.0
0,2,11,9,42,135,0,0,0,0,0,0,0,0,0,0,0,0,0,0,0,0,71,151,0.0,0.0,0.0,0.0,1.0,0.0,0.01,255,255,1.0,0.0,0.0,0.0,0.0,0.0,0.0,0.0,0,90568.0
0,1,10,1,0,0,0,0,0,0,0,0,0,0,0,0,0,0,0,0,0,0,280,20,0.0,0.0,1.0,1.0,0.07,0.06,0.0,255,20,0.08,0.08,0.0,0.0,0.0,0.0,1.0,1.0,1,19635.0
0,1,60,1,0,0,0,0,0,0,0,0,0,0,0,0,0,0,0,0,0,0,202,1,0.0,0.0,1.0,1.0,0.0,0.07,0.0,255,1,0.0,0.07,0.0,0.0,0.0,0.0,1.0,1.0,1,12203.0
0,0,13,9,30,0,0,0,0,0,0,0,0,0,0,0,0,0,0,0,0,0,4,1,0.0,0.0,0.0,0.0,0.25,0.5,0.0,255,26,0.1,0.01,0.49,0.0,0.0,0.0,0.0,0.0,0,44537.0
0,1,22,9,164,3253,0,0,0,0,0,1,0,0,0,0,0,0,0,0,0,0,1,1,0.0,0.0,0.0,0.0,1.0,0.0,0.0,255,255,1.0,0.0,0.0,0.0,0.0,0.0,0.0,0.0,0,94054.0
0,1,22,9,209,397,0,0,0,0,0,1,0,0,0,0,0,0,0,0,0,0,23,30,0.0,0.0,0.0,0.0,1.0,0.0,0.07,65,255,1.0,0.0,0.02,0.04,0.0,0.0,0.0,0.0,0,57921.0
0,1,17,2,0,0,0,0,0,0,0,0,0,0,0,0,0,0,0,0,0,0,274,7,0.0,0.0,1.0,1.0,0.03,0.06,0.0,255,7,0.03,0.07,0.0,0.0,0.0,0.0,1.0,1.0,1,119943.0
0,1,22,9,180,1745,0,0,0,0,0,1,0,0,0,0,0,0,0,0,0,0,2,2,0.0,0.0,0.0,0.0,1.0,0.0,0.0,255,255,1.0,0.0,0.0,0.0,0.0,0.0,0.0,0.0,0,12691.0
0,2,11,9,44,75,0,0,0,0,0,0,0,0,0,0,0,0,0,0,0,0,106,107,0.0,0.0,0.0,0.0,1.0,0.0,0.02,255,254,1.0,0.01,0.0,0.0,0.0,0.0,0.0,0.0,0,36083.0
0,1,19,9,3888,0,0,0,0,0,0,1,0,0,0,0,0,0,0,0,0,0,19,19,0.0,0.0,0.0,0.0,1.0,0.0,0.0,157,55,0.32,0.02,0.32,0.04,0.0,0.0,0.0,0.0,0,30376.0
0,1,22,9,336,1223,0,0,0,0,0,1,0,0,0,0,0,0,0,0,0,0,24,24,0.0,0.0,0.0,0.0,1.0,0.0,0.0,224,255,1.0,0.0,0.0,0.01,0.0,0.0,0.0,0.0,0,106790.0
0,1,44,5,0,0,0,0,0,0,0,0,0,0,0,0,0,0,0,0,0,0,132,24,1.0,1.0,0.0,0.0,0.18,0.05,0.0,255,24,0.09,0.05,0.0,0.0,1.0,1.0,0.0,0.0,1,91141.0
0,1,22,9,304,421,0,0,0,0,0,1,0,0,0,0,0,0,0,0,0,0,20,22,0.0,0.0,0.0,0.0,1.0,0.0,0.14,255,255,1.0,0.0,0.0,0.0,0.0,0.0,0.0,0.0,0,72398.0
0,1,7,5,0,0,0,0,0,0,0,0,0,0,0,0,0,0,0,0,0,0,244,5,1.0,1.0,0.0,0.0,0.02,0.05,0.0,255,5,0.02,0.05,0.0,0.0,1.0,1.0,0.0,0.0,1,31939.0
0,1,44,5,0,0,0,0,0,0,0,0,0,0,0,0,0,0,0,0,0,0,180,4,1.0,1.0,0.0,0.0,0.02,0.06,0.0,255,17,0.07,0.07,0.0,0.0,1.0,1.0,0.0,0.0,1,105376.0
0,1,22,9,264,1237,0,0,0,0,0,1,0,0,0,0,0,0,0,0,0,0,9,10,0.0,0.0,0.0,0.0,1.0,0.0,0.2,255,255,1.0,0.0,0.0,0.0,0.0,0.0,0.0,0.0,0,108067.0
0,1,44,4,0,0,0,0,0,0,0,0,0,0,0,0,0,0,0,0,0,0,1,1,0.0,0.0,1.0,1.0,1.0,0.0,0.0,198,1,0.01,0.76,0.76,0.0,0.03,0.0,0.63,1.0,1,22739.0
0,2,11,9,43,131,0,0,0,0,0,0,0,0,0,0,0,0,0,0,0,0,76,156,0.0,0.0,0.0,0.0,0.99,0.03,0.01,255,241,0.95,0.01,0.0,0.0,0.0,0.0,0.0,0.0,0,48596.0
10354,1,55,9,1832,37667,0,0,0,0,0,1,2,0,0,2,4,0,0,0,0,0,1,1,0.0,0.0,0.0,0.0,1.0,0.0,0.0,255,77,0.3,0.02,0.0,0.0,0.44,0.66,0.0,0.01,0,90926.0
0,1,22,9,325,2789,0,0,0,0,0,1,0,0,0,0,0,0,0,0,0,0,10,18,0.0,0.0,0.0,0.0,1.0,0.0,0.11,255,255,1.0,0.0,0.0,0.0,0.0,0.0,0.0,0.0,0,92865.0
0,1,53,5,0,0,0,0,0,0,0,0,0,0,0,0,0,0,0,0,0,0,117,11,1.0,1.0,0.0,0.0,0.09,0.07,0.0,255,11,0.04,0.07,0.0,0.0,1.0,1.0,0.0,0.0,1,49225.0
0,1,22,9,325,2554,0,0,0,0,0,1,0,0,0,0,0,0,0,0,0,0,18,18,0.0,0.0,0.0,0.0,1.0,0.0,0.0,58,255,1.0,0.0,0.02,0.09,0.0,0.0,0.22,0.62,0,104132.0
0,1,22,9,221,12891,0,0,0,0,0,1,0,0,0,0,0,0,0,0,0,0,1,1,0.0,0.0,0.0,0.0,1.0,0.0,0.0,1,255,1.0,0.0,1.0,0.03,0.0,0.0,0.0,0.0,0,37354.0
0,1,22,9,258,7770,0,0,0,0,0,1,0,0,0,0,0,0,0,0,0,0,1,1,0.0,0.0,0.0,0.0,1.0,0.0,0.0,255,241,0.95,0.02,0.0,0.0,0.0,0.0,0.04,0.05,0,120953.0
0,1,22,9,151,511,0,0,0,0,0,1,0,0,0,0,0,0,0,0,0,0,1,14,0.0,0.0,0.0,0.0,1.0,0.0,0.21,4,255,1.0,0.0,0.25,0.04,0.0,0.0,0.0,0.0,0,25986.0
0,2,11,9,44,135,0,0,0,0,0,0,0,0,0,0,0,0,0,0,0,0,81,161,0.0,0.0,0.0,0.0,0.99,0.02,0.01,255,216,0.85,0.02,0.0,0.0,0.0,0.0,0.0,0.0,0,100635.0
0,1,22,9,296,2442,0,0,0,0,0,1,0,0,0,0,0,0,0,0,0,0,7,24,0.0,0.0,0.0,0.0,1.0,0.0,0.17,255,255,1.0,0.0,0.0,0.0,0.0,0.0,0.0,0.0,0,109558.0
0,1,34,5,0,0,0,0,0,0,0,0,0,0,0,0,0,0,0,0,0,0,264,20,1.0,1.0,0.0,0.0,0.08,0.06,0.0,255,18,0.07,0.07,0.0,0.0,1.0,1.0,0.0,0.0,1,17027.0
0,1,44,5,0,0,0,0,0,0,0,0,0,0,0,0,0,0,0,0,0,0,251,5,1.0,1.0,0.0,0.0,0.02,0.05,0.0,192,5,0.03,0.07,0.01,0.0,0.93,1.0,0.01,0.0,1,26372.0
0,1,44,5,0,0,0,0,0,0,0,0,0,0,0,0,0,0,0,0,0,0,94,1,1.0,1.0,0.0,0.0,0.01,0.07,0.0,255,14,0.05,0.06,0.0,0.0,1.0,1.0,0.0,0.0,1,31284.0
0,1,22,9,311,466,0,0,0,0,0,1,0,0,0,0,0,0,0,0,0,0,16,22,0.0,0.0,0.0,0.0,1.0,0.0,0.14,255,255,1.0,0.0,0.0,0.0,0.0,0.0,0.0,0.0,0,55455.0
0,1,62,5,0,0,0,0,0,0,0,0,0,0,0,0,0,0,0,0,0,0,283,8,1.0,1.0,0.0,0.0,0.03,0.06,0.0,255,10,0.04,0.07,0.0,0.0,1.0,1.0,0.0,0.0,1,125879.0
0,2,11,9,46,135,0,0,0,0,0,0,0,0,0,0,0,0,0,0,0,0,76,156,0.0,0.0,0.0,0.0,1.0,0.0,0.01,255,254,1.0,0.01,0.0,0.0,0.0,0.0,0.0,0.0,0,64777.0
0,2,11,9,91,0,0,0,0,0,0,0,0,0,0,0,0,0,0,0,0,0,1,1,0.0,0.0,0.0,0.0,1.0,0.0,0.0,255,229,0.9,0.01,0.22,0.0,0.0,0.0,0.0,0.0,0,50160.0
0,1,49,9,12237,1549,0,0,0,0,0,1,0,0,0,0,0,0,0,0,0,0,1,1,0.0,0.0,0.0,0.0,1.0,0.0,0.0,255,37,0.15,0.09,0.0,0.0,0.71,0.0,0.01,0.0,0,30470.0
0,1,22,9,165,17623,0,0,0,0,0,1,0,0,0,0,0,0,0,0,0,0,1,20,0.0,0.0,0.0,0.0,1.0,0.0,0.1,255,255,1.0,0.0,0.0,0.0,0.0,0.0,0.0,0.0,0,87132.0
0,1,24,1,0,0,0,0,0,0,0,0,0,0,0,0,0,0,0,0,0,0,121,2,0.0,0.0,1.0,1.0,0.02,0.07,0.0,255,2,0.01,0.09,0.0,0.0,0.0,0.0,1.0,1.0,1,91696.0
0,1,3,5,0,0,0,0,0,0,0,0,0,0,0,0,0,0,0,0,0,0,274,20,1.0,1.0,0.0,0.0,0.07,0.05,0.0,255,20,0.08,0.07,0.0,0.0,1.0,1.0,0.0,0.0,1,67874.0
0,1,44,1,0,0,0,0,0,0,0,0,0,0,0,0,0,0,0,0,0,0,269,9,0.0,0.0,1.0,1.0,0.03,0.06,0.0,255,9,0.04,0.07,0.0,0.0,0.0,0.0,1.0,1.0,1,80342.0
0,0,58,9,181,0,0,0,0,0,0,0,0,0,0,0,0,0,0,0,0,0,5,5,0.0,0.0,0.0,0.0,1.0,0.0,0.0,255,17,0.07,0.01,0.07,0.0,0.0,0.0,0.0,0.0,0,71883.0
4229,1,40,4,1,0,0,0,0,0,0,0,0,0,0,0,0,0,0,0,0,0,2,2,0.0,0.0,1.0,1.0,1.0,0.0,0.0,255,2,0.01,0.73,1.0,0.0,0.0,0.0,1.0,1.0,1,6186.0
0,1,22,9,219,579,0,0,0,0,0,1,0,0,0,0,0,0,0,0,0,0,4,4,0.0,0.0,0.0,0.0,1.0,0.0,0.0,45,211,1.0,0.0,0.02,0.06,0.0,0.0,0.0,0.0,0,115041.0
0,2,40,9,147,0,0,0,0,0,0,0,0,0,0,0,0,0,0,0,0,0,3,1,0.0,0.0,0.0,0.0,0.33,0.67,0.0,255,1,0.0,0.6,0.93,0.0,0.0,0.0,0.0,0.0,0,71021.0
38342,1,44,4,1,0,0,0,0,0,0,0,0,0,0,0,0,0,0,0,0,0,2,2,0.0,0.0,1.0,1.0,1.0,0.0,0.0,255,2,0.01,0.51,1.0,0.0,0.0,0.0,1.0,1.0,1,116491.0
0,1,22,9,287,2168,0,0,0,0,0,1,0,0,0,0,0,0,0,0,0,0,16,16,0.0,0.0,0.0,0.0,1.0,0.0,0.0,255,255,1.0,0.0,0.01,0.0,0.0,0.0,0.0,0.0,0,70289.0
0,0,14,9,1032,0,0,0,0,0,0,0,0,0,0,0,0,0,0,0,0,0,216,216,0.0,0.0,0.0,0.0,1.0,0.0,0.0,255,216,0.85,0.01,0.85,0.0,0.0,0.0,0.0,0.0,1,71981.0
0,1,22,9,248,2746,0,0,0,0,0,1,0,0,0,0,0,0,0,0,0,0,45,46,0.0,0.0,0.0,0.0,1.0,0.0,0.04,255,255,1.0,0.0,0.0,0.0,0.0,0.0,0.0,0.0,0,52245.0
0,0,14,9,1032,0,0,0,0,0,0,0,0,0,0,0,0,0,0,0,0,0,271,271,0.0,0.0,0.0,0.0,1.0,0.0,0.0,255,255,1.0,0.0,1.0,0.0,0.0,0.0,0.0,0.0,1,23634.0
0,1,28,5,0,0,0,0,0,0,0,0,0,0,0,0,0,0,0,0,0,0,235,22,1.0,1.0,0.0,0.0,0.09,0.05,0.0,255,22,0.09,0.06,0.0,0.0,1.0,1.0,0.0,0.0,1,66498.0
0,1,22,9,206,310,0,0,0,0,0,1,0,0,0,0,0,0,0,0,0,0,13,13,0.0,0.0,0.0,0.0,1.0,0.0,0.0,204,255,1.0,0.0,0.0,0.01,0.0,0.0,0.0,0.0,0,14000.0
0,1,22,9,270,11636,0,0,0,0,0,1,0,0,0,0,0,0,0,0,0,0,7,7,0.0,0.0,0.0,0.0,1.0,0.0,0.0,27,255,1.0,0.0,0.04,0.07,0.0,0.0,0.0,0.0,0,28581.0
0,1,22,9,354,2997,0,0,0,0,0,1,0,0,0,0,0,0,0,0,0,0,1,2,0.0,0.0,0.0,0.0,1.0,0.0,1.0,90,255,1.0,0.0,0.01,0.02,0.0,0.0,0.0,0.0,0,62874.0
0,2,40,9,516,4,0,0,0,0,0,0,0,0,0,0,0,0,0,0,0,0,380,380,0.0,0.0,0.0,0.0,1.0,0.0,0.0,255,255,1.0,0.0,1.0,0.0,0.0,0.0,0.0,0.0,0,87407.0
0,1,22,9,232,8119,0,0,0,0,0,1,0,0,0,0,0,0,0,0,0,0,4,19,0.0,0.0,0.0,0.0,1.0,0.0,0.11,10,255,1.0,0.0,0.1,0.05,0.0,0.0,0.0,0.0,0,62948.0
0,1,44,5,0,0,0,0,0,0,0,0,0,0,0,0,0,0,0,0,0,0,110,8,1.0,1.0,0.0,0.0,0.07,0.06,0.0,255,8,0.03,0.08,0.0,0.0,1.0,1.0,0.0,0.0,1,69787.0
0,1,52,5,0,0,0,0,0,0,0,0,0,0,0,0,0,0,0,0,0,0,276,1,1.0,1.0,0.0,0.0,0.0,0.05,0.0,255,1,0.0,0.05,0.0,0.0,1.0,1.0,0.0,0.0,1,43053.0
6,1,55,9,102,893,0,0,0,0,0,0,0,0,0,0,0,0,0,0,0,0,1,1,0.0,0.0,0.0,0.0,1.0,0.0,0.0,24,1,0.04,0.21,0.04,0.0,0.0,0.0,0.0,0.0,0,125110.0
0,1,9,5,0,0,0,0,0,0,0,0,0,0,0,0,0,0,0,0,0,0,291,23,1.0,1.0,0.0,0.0,0.08,0.05,0.0,255,23,0.09,0.05,0.0,0.0,1.0,1.0,0.0,0.0,1,124333.0
0,1,44,5,0,0,0,0,0,0,0,0,0,0,0,0,0,0,0,0,0,0,139,18,0.99,1.0,0.0,0.0,0.13,0.06,0.0,255,18,0.07,0.05,0.0,0.0,1.0,1.0,0.0,0.0,1,17880.0
0,2,11,9,45,89,0,0,0,0,0,0,0,0,0,0,0,0,0,0,0,0,139,139,0.0,0.0,0.0,0.0,1.0,0.0,0.0,255,185,0.73,0.01,0.0,0.0,0.0,0.0,0.0,0.0,0,65804.0
0,1,22,9,305,571,0,0,0,0,0,1,0,0,0,0,0,0,0,0,0,0,19,19,0.0,0.0,0.0,0.0,1.0,0.0,0.0,80,139,1.0,0.0,0.01,0.03,0.0,0.01,0.0,0.0,0,105191.0
1,1,49,9,895,327,0,0,0,0,0,1,0,0,0,0,0,0,0,0,0,0,1,3,0.0,0.0,0.0,0.0,1.0,0.0,1.0,169,144,0.41,0.02,0.01,0.01,0.0,0.0,0.0,0.0,0,58919.0
0,1,22,6,279,14600,0,0,0,0,0,1,0,0,0,0,0,0,0,0,0,0,1,1,1.0,1.0,0.0,0.0,1.0,0.0,0.0,255,255,1.0,0.0,0.0,0.0,0.0,0.0,0.0,0.0,0,33790.0
0,1,7,5,0,0,0,0,0,0,0,0,0,0,0,0,0,0,0,0,0,0,109,7,1.0,1.0,0.0,0.0,0.06,0.07,0.0,89,7,0.08,0.09,0.01,0.0,1.0,1.0,0.0,0.0,1,71121.0
0,2,11,9,45,80,0,0,0,0,0,0,0,0,0,0,0,0,0,0,0,0,205,204,0.0,0.0,0.0,0.0,1.0,0.01,0.0,255,254,1.0,0.01,0.01,0.0,0.0,0.0,0.0,0.0,0,53240.0
0,1,22,5,0,0,0,0,0,0,0,0,0,0,0,0,0,0,0,0,0,0,6,2,1.0,1.0,0.0,0.0,0.33,0.67,0.0,255,62,0.24,0.02,0.01,0.0,1.0,1.0,0.0,0.0,1,2253.0
0,1,44,1,0,0,0,0,0,0,0,0,0,0,0,0,0,0,0,0,0,0,246,1,0.09,0.0,0.86,1.0,0.0,1.0,0.0,255,1,0.0,0.97,0.0,0.0,0.08,0.0,0.84,1.0,1,27948.0
0,1,19,5,0,0,0,0,0,0,0,0,0,0,0,0,0,0,0,0,0,0,23,5,1.0,1.0,0.0,0.0,0.22,0.17,0.0,105,57,0.24,0.04,0.01,0.04,0.98,0.44,0.0,0.0,1,62257.0
0,1,22,9,273,2285,0,0,0,0,0,1,0,0,0,0,0,0,0,0,0,0,1,1,0.0,0.0,0.0,0.0,1.0,0.0,0.0,57,255,1.0,0.0,0.02,0.04,0.0,0.0,0.0,0.0,0,71458.0
0,1,22,9,268,5671,0,0,0,0,0,1,0,0,0,0,0,0,0,0,0,0,4,5,0.0,0.0,0.0,0.0,1.0,0.0,0.4,4,255,1.0,0.0,0.25,0.04,0.0,0.01,0.0,0.0,0,105720.0
0,1,21,5,0,0,0,0,0,0,0,0,0,0,0,0,0,0,0,0,0,0,228,14,1.0,1.0,0.0,0.0,0.06,0.06,0.0,255,17,0.07,0.07,0.0,0.0,1.0,1.0,0.0,0.0,1,49618.0
0,1,62,1,0,0,0,0,0,0,0,0,0,0,0,0,0,0,0,0,0,0,176,1,0.0,0.0,1.0,1.0,0.01,0.07,0.0,255,1,0.0,0.08,0.0,0.0,0.0,0.0,1.0,1.0,1,83178.0
0,2,11,9,46,46,0,0,0,0,0,0,0,0,0,0,0,0,0,0,0,0,142,222,0.0,0.0,0.0,0.0,1.0,0.0,0.01,255,255,1.0,0.0,0.01,0.0,0.0,0.0,0.0,0.0,0,15656.0
0,1,22,9,248,619,0,0,0,0,0,1,0,0,0,0,0,0,0,0,0,0,7,7,0.0,0.0,0.0,0.0,1.0,0.0,0.0,7,255,1.0,0.0,0.14,0.02,0.0,0.0,0.0,0.0,0,85883.0
0,1,55,5,0,0,0,0,0,0,0,0,0,0,0,0,0,0,0,0,0,0,16,7,1.0,1.0,0.0,0.0,0.44,0.12,0.0,255,47,0.18,0.04,0.01,0.0,1.0,1.0,0.0,0.0,1,10371.0
0,1,55,5,0,0,0,0,0,0,0,0,0,0,0,0,0,0,0,0,0,0,286,24,1.0,1.0,0.0,0.0,0.08,0.05,0.0,255,24,0.09,0.05,0.0,0.0,1.0,1.0,0.0,0.0,1,9830.0
0,1,5,5,0,0,0,0,0,0,0,0,0,0,0,0,0,0,0,0,0,0,99,6,1.0,1.0,0.0,0.0,0.06,0.05,0.0,255,6,0.02,0.05,0.0,0.0,1.0,1.0,0.0,0.0,1,3348.0
0,1,22,9,226,736,0,0,0,0,0,1,0,0,0,0,0,0,0,0,0,0,2,4,0.0,0.0,0.0,0.0,1.0,0.0,0.5,37,255,1.0,0.0,0.03,0.01,0.0,0.0,0.0,0.0,0,9871.0
0,0,13,9,30,0,0,0,0,0,0,0,0,0,0,0,0,0,0,0,0,0,1,1,0.0,0.0,0.0,0.0,1.0,0.0,0.0,40,131,1.0,0.0,1.0,0.36,0.0,0.0,0.0,0.0,0,41013.0
0,1,44,5,0,0,0,0,0,0,0,0,0,0,0,0,0,0,0,0,0,0,165,18,1.0,1.0,0.0,0.0,0.11,0.06,0.0,255,7,0.03,0.08,0.0,0.0,1.0,1.0,0.0,0.0,1,78140.0
0,1,22,9,357,1587,0,0,0,0,0,1,0,0,0,0,0,0,0,0,0,0,2,11,0.5,0.09,0.0,0.0,1.0,0.0,0.36,4,255,1.0,0.0,0.25,0.03,0.25,0.01,0.0,0.0,0,87043.0
0,1,22,9,200,16499,0,0,0,0,0,1,0,0,0,0,0,0,0,0,0,0,4,4,0.0,0.0,0.0,0.0,1.0,0.0,0.0,32,255,1.0,0.0,0.03,0.01,0.0,0.0,0.0,0.0,0,94528.0
0,1,19,9,334,0,0,0,0,0,0,1,0,0,0,0,0,0,0,0,0,0,1,1,0.0,0.0,0.0,0.0,1.0,0.0,0.0,9,36,1.0,0.0,1.0,0.11,0.0,0.0,0.0,0.0,1,22341.0
0,1,52,5,0,0,0,0,0,0,0,0,0,0,0,0,0,0,0,0,0,0,165,6,1.0,1.0,0.0,0.0,0.04,0.07,0.0,255,7,0.03,0.08,0.0,0.0,1.0,1.0,0.0,0.0,1,117575.0
0,1,37,5,0,0,0,0,0,0,0,0,0,0,0,0,0,0,0,0,0,0,251,1,1.0,1.0,0.0,0.0,0.0,0.05,0.0,255,1,0.0,0.05,0.0,0.0,1.0,1.0,0.0,0.0,1,86706.0
0,1,22,9,245,1890,0,0,0,0,0,1,0,0,0,0,0,0,0,0,0,0,1,12,0.0,0.0,0.0,0.0,1.0,0.0,0.17,3,255,1.0,0.0,0.33,0.04,0.0,0.0,0.0,0.0,0,62501.0
0,1,22,9,309,262,0,0,0,0,0,1,0,0,0,0,0,0,0,0,0,0,5,5,0.0,0.0,0.0,0.0,1.0,0.0,0.0,255,255,1.0,0.0,0.0,0.0,0.0,0.0,0.0,0.0,0,101405.0
0,1,22,9,296,955,0,0,0,0,0,1,0,0,0,0,0,0,0,0,0,0,1,9,0.0,0.0,0.0,0.22,1.0,0.0,0.56,255,255,1.0,0.0,0.0,0.0,0.0,0.0,0.0,0.0,0,37400.0
0,1,22,9,297,2376,0,0,0,0,0,1,0,0,0,0,0,0,0,0,0,0,20,20,0.0,0.0,0.0,0.0,1.0,0.0,0.0,20,255,1.0,0.0,0.05,0.05,0.0,0.0,0.0,0.0,0,33107.0
0,1,44,1,0,0,0,0,0,0,0,0,0,0,0,0,0,0,0,0,0,0,136,1,0.06,0.0,0.93,1.0,0.01,1.0,0.0,255,1,0.0,0.73,0.0,0.0,0.03,0.0,0.51,1.0,1,108513.0
0,1,44,5,0,0,0,0,0,0,0,0,0,0,0,0,0,0,0,0,0,0,23,18,1.0,1.0,0.0,0.0,0.78,0.13,0.0,255,18,0.07,0.08,0.0,0.0,1.0,1.0,0.0,0.0,1,97833.0
0,1,22,9,54540,8314,0,0,0,2,0,1,1,0,0,0,0,0,0,0,0,0,1,1,0.0,0.0,0.0,0.0,1.0,0.0,0.0,163,163,1.0,0.0,0.01,0.0,0.0,0.0,0.01,0.01,1,125574.0
0,1,18,5,0,0,0,0,0,0,0,0,0,0,0,0,0,0,0,0,0,0,275,11,1.0,1.0,0.0,0.0,0.04,0.06,0.0,255,11,0.04,0.07,0.0,0.0,1.0,1.0,0.0,0.0,1,14910.0
0,2,11,9,45,140,0,0,0,0,0,0,0,0,0,0,0,0,0,0,0,0,76,156,0.0,0.0,0.0,0.0,1.0,0.0,0.01,255,255,1.0,0.0,0.0,0.0,0.0,0.0,0.0,0.0,0,96536.0
0,1,22,9,283,255,0,0,0,0,0,1,0,0,0,0,0,0,0,0,0,0,8,8,0.0,0.0,0.0,0.0,1.0,0.0,0.0,255,255,1.0,0.0,0.01,0.0,0.0,0.0,0.0,0.0,0,2125.0
0,1,62,5,0,0,0,0,0,0,0,0,0,0,0,0,0,0,0,0,0,0,124,4,1.0,1.0,0.0,0.0,0.03,0.06,0.0,255,4,0.02,0.06,0.0,0.0,1.0,1.0,0.0,0.0,1,60134.0
0,1,22,9,316,763,0,0,0,0,0,1,0,0,0,0,0,0,0,0,0,0,11,11,0.0,0.0,0.0,0.0,1.0,0.0,0.0,11,255,1.0,0.0,0.09,0.06,0.0,0.0,0.0,0.0,0,106493.0
0,1,19,9,383,0,0,0,0,0,0,1,0,0,0,0,0,0,0,0,0,0,2,2,0.0,0.0,0.0,0.0,1.0,0.0,0.0,165,78,0.24,0.02,0.24,0.03,0.0,0.0,0.0,0.0,0,113507.0
0,1,19,9,37,0,0,0,0,0,0,1,0,0,0,0,0,0,0,0,0,0,2,2,0.5,0.5,0.0,0.0,1.0,0.0,0.0,25,78,0.32,0.08,0.32,0.04,0.04,0.01,0.0,0.0,0,58832.0
29,1,18,9,376,1181,0,0,0,7,0,1,0,0,0,0,0,0,0,0,0,1,1,1,0.0,0.0,0.0,0.0,1.0,0.0,0.0,51,22,0.43,0.1,0.02,0.0,0.0,0.0,0.0,0.0,0,105714.0
0,1,22,9,241,261,0,0,0,0,0,1,0,0,0,0,0,0,0,0,0,0,6,6,0.0,0.0,0.0,0.0,1.0,0.0,0.0,68,193,1.0,0.0,0.01,0.03,0.0,0.0,0.0,0.0,0,123023.0
0,1,22,9,231,2288,0,0,0,0,0,1,0,0,0,0,0,0,0,0,0,0,54,68,0.0,0.0,0.0,0.0,1.0,0.0,0.04,255,255,1.0,0.0,0.0,0.0,0.0,0.0,0.0,0.0,0,79119.0
0,1,57,5,0,0,0,0,0,0,0,0,0,0,0,0,0,0,0,0,0,0,237,11,1.0,1.0,0.0,0.0,0.05,0.06,0.0,255,11,0.04,0.07,0.0,0.0,1.0,1.0,0.0,0.0,1,71343.0
0,1,22,9,237,2748,0,0,0,0,0,1,0,0,0,0,0,0,0,0,0,0,3,5,0.0,0.0,0.0,0.0,1.0,0.0,0.6,78,255,1.0,0.0,0.01,0.05,0.0,0.0,0.04,0.04,0,122231.0
0,1,22,9,377,12591,0,0,0,0,0,1,0,0,0,0,0,0,0,0,0,0,5,5,0.0,0.0,0.0,0.0,1.0,0.0,0.0,255,255,1.0,0.0,0.0,0.0,0.0,0.0,0.0,0.0,0,6258.0
1,1,49,9,1495,483,0,0,0,0,0,1,0,0,0,0,0,0,0,0,0,0,1,1,0.0,0.0,0.0,0.0,1.0,0.0,0.0,255,46,0.18,0.02,0.0,0.0,0.0,0.0,0.77,0.0,0,71405.0
11720,2,40,9,145,105,0,0,0,0,0,0,0,0,0,0,0,0,0,0,0,0,4,2,0.0,0.0,0.0,0.0,0.5,0.5,0.0,255,2,0.01,0.79,0.99,0.0,0.0,0.0,0.0,0.0,0,91559.0
0,1,44,5,0,0,0,0,0,0,0,0,0,0,0,0,0,0,0,0,0,0,157,7,1.0,1.0,0.0,0.0,0.04,0.06,0.0,255,18,0.07,0.07,0.0,0.0,1.0,1.0,0.0,0.0,1,18680.0
0,1,22,9,286,1415,0,0,0,0,0,1,0,0,0,0,0,0,0,0,0,0,3,14,0.33,0.14,0.0,0.07,1.0,0.0,0.36,60,60,1.0,0.0,0.02,0.0,0.02,0.02,0.0,0.0,0,17485.0
0,1,22,9,199,532,0,0,0,0,0,1,0,0,0,0,0,0,0,0,0,0,4,4,0.0,0.0,0.0,0.0,1.0,0.0,0.0,4,255,1.0,0.0,0.25,0.08,0.0,0.0,0.0,0.0,0,26651.0
39,1,18,9,1506,4145,0,0,0,30,0,1,0,0,0,0,0,0,0,0,0,1,2,2,0.0,0.0,0.0,0.0,1.0,0.0,0.0,85,16,0.19,0.07,0.01,0.0,0.0,0.0,0.0,0.0,0,103842.0
0,2,11,9,33,0,0,0,0,0,0,0,0,0,0,0,0,0,0,0,0,0,1,2,0.0,0.0,0.0,0.0,1.0,0.0,1.0,255,74,0.29,0.03,0.29,0.0,0.0,0.0,0.0,0.0,0,110476.0
0,1,44,5,0,0,0,0,0,0,0,0,0,0,0,0,0,0,0,0,0,0,198,12,1.0,1.0,0.0,0.0,0.06,0.07,0.0,255,12,0.05,0.06,0.0,0.0,1.0,1.0,0.0,0.0,1,66501.0
0,1,44,1,0,0,0,0,0,0,0,0,0,0,0,0,0,0,0,0,0,0,2,1,0.0,0.0,1.0,1.0,0.5,1.0,0.0,255,1,0.0,0.63,0.61,0.0,0.0,0.0,0.61,1.0,1,86284.0
0,1,44,5,0,0,0,0,0,0,0,0,0,0,0,0,0,0,0,0,0,0,96,6,1.0,1.0,0.0,0.0,0.06,0.06,0.0,255,22,0.09,0.06,0.0,0.0,1.0,1.0,0.0,0.0,1,45149.0
0,2,11,9,43,129,0,0,0,0,0,0,0,0,0,0,0,0,0,0,0,0,1,3,0.0,0.0,0.0,0.0,1.0,0.0,0.67,255,253,0.99,0.01,0.0,0.0,0.0,0.0,0.0,0.0,0,84555.0
0,0,13,9,8,0,0,0,0,0,0,0,0,0,0,0,0,0,0,0,0,0,1,52,0.0,0.0,0.0,0.0,1.0,0.0,1.0,2,20,1.0,0.0,1.0,0.5,0.0,0.0,0.0,0.0,1,84433.0
0,1,55,5,0,0,0,0,0,0,0,0,0,0,0,0,0,0,0,0,0,0,3,1,1.0,1.0,0.0,0.0,0.33,0.67,0.0,255,41,0.16,0.05,0.0,0.0,1.0,1.0,0.0,0.0,1,98405.0
0,1,22,1,0,0,0,0,0,0,0,0,0,0,0,0,0,0,0,0,0,0,1,1,0.0,0.0,1.0,1.0,1.0,0.0,0.0,7,75,1.0,0.0,0.14,0.24,0.0,0.0,1.0,1.0,0,38525.0
23120,2,40,9,146,105,0,0,0,0,0,0,0,0,0,0,0,0,0,0,0,0,6,2,0.17,0.0,0.0,0.0,0.33,0.5,0.0,255,2,0.01,0.56,0.88,0.0,0.0,0.0,0.0,0.0,1,11713.0
1,1,62,4,0,0,0,0,0,0,0,0,0,0,0,0,0,0,0,0,0,0,74,2,0.0,0.0,1.0,1.0,0.03,0.54,0.0,244,2,0.01,0.17,0.3,0.0,0.01,0.0,0.5,1.0,1,70276.0
0,1,60,1,0,0,0,0,0,0,0,0,0,0,0,0,0,0,0,0,0,0,139,14,0.0,0.0,1.0,1.0,0.1,0.06,0.0,255,2,0.01,0.07,0.0,0.0,0.0,0.0,1.0,1.0,1,89383.0
0,1,44,10,0,0,0,0,0,0,0,0,0,0,0,0,0,0,0,0,0,0,1,1,1.0,1.0,0.0,0.0,1.0,0.0,0.0,52,1,0.02,0.81,0.85,0.0,0.85,1.0,0.0,0.0,1,93437.0
0,2,44,9,1,0,0,0,0,0,0,0,0,0,0,0,0,0,0,0,0,0,4,4,0.0,0.0,0.0,0.0,1.0,0.0,0.0,255,4,0.02,0.21,1.0,0.0,0.0,0.0,0.0,0.0,1,8355.0
0,1,6,1,0,0,0,0,0,0,0,0,0,0,0,0,0,0,0,0,0,0,149,19,0.0,0.0,1.0,1.0,0.13,0.05,0.0,255,14,0.05,0.07,0.0,0.0,0.0,0.0,1.0,1.0,1,13481.0
0,1,22,9,260,784,0,0,0,0,0,1,0,0,0,0,0,0,0,0,0,0,3,3,0.0,0.0,0.0,0.0,1.0,0.0,0.0,182,255,1.0,0.0,0.01,0.01,0.01,0.0,0.04,0.03,0,96805.0
0,1,19,9,334,0,0,0,0,0,0,1,0,0,0,0,0,0,0,0,0,0,2,2,0.0,0.0,0.0,0.0,1.0,0.0,0.0,5,30,1.0,0.0,1.0,0.17,0.0,0.03,0.0,0.0,1,19602.0
0,1,44,5,0,0,0,0,0,0,0,0,0,0,0,0,0,0,0,0,0,0,145,9,1.0,1.0,0.0,0.0,0.06,0.06,0.0,255,14,0.05,0.05,0.0,0.0,1.0,1.0,0.0,0.0,1,87383.0
0,1,44,1,0,0,0,0,0,0,0,0,0,0,0,0,0,0,0,0,0,0,90,9,0.0,0.0,1.0,1.0,0.1,0.08,0.0,255,9,0.04,0.07,0.0,0.0,0.0,0.0,1.0,1.0,1,105808.0
0,1,16,2,0,0,0,0,0,0,0,0,0,0,0,0,0,0,0,0,0,0,117,4,0.0,0.0,1.0,1.0,0.03,0.07,0.0,255,4,0.02,0.07,0.0,0.0,0.0,0.0,1.0,1.0,1,80929.0
0,1,22,9,230,3618,0,0,0,0,0,1,0,0,0,0,0,0,0,0,0,0,12,16,0.0,0.0,0.0,0.0,1.0,0.0,0.19,40,255,1.0,0.0,0.03,0.01,0.0,0.0,0.0,0.0,0,124519.0
0,0,58,9,183,0,0,0,0,0,0,0,0,0,0,0,0,0,0,0,0,0,2,1,0.0,0.0,0.0,0.0,0.5,1.0,0.0,255,16,0.06,0.01,0.09,0.0,0.0,0.0,0.0,0.0,0,88111.0
0,0,14,9,1032,0,0,0,0,0,0,0,0,0,0,0,0,0,0,0,0,0,511,511,0.0,0.0,0.0,0.0,1.0,0.0,0.0,249,104,0.42,0.01,0.42,0.0,0.0,0.0,0.0,0.0,1,73728.0
0,1,44,5,0,0,0,0,0,0,0,0,0,0,0,0,0,0,0,0,0,0,60,1,1.0,1.0,0.0,0.0,0.02,0.08,0.0,255,15,0.06,0.06,0.0,0.0,1.0,1.0,0.0,0.0,1,82437.0
0,1,22,5,0,0,0,0,0,0,0,0,0,0,0,0,0,0,0,0,0,0,2,3,0.5,0.33,0.0,0.0,1.0,0.0,0.67,30,255,1.0,0.0,0.07,0.03,0.07,0.02,0.0,0.0,0,75291.0
0,1,22,9,224,3172,0,0,0,0,0,1,0,0,0,0,0,0,0,0,0,0,13,13,0.0,0.0,0.0,0.0,1.0,0.0,0.0,24,24,1.0,0.0,0.04,0.0,0.0,0.0,0.0,0.0,0,93979.0
0,1,22,9,373,870,0,0,0,0,0,1,0,0,0,0,0,0,0,0,0,0,1,6,0.0,0.0,0.0,0.0,1.0,0.0,0.5,21,231,1.0,0.0,0.05,0.22,0.0,0.0,0.14,0.82,0,118653.0
0,1,22,9,319,2091,0,0,0,0,0,1,0,0,0,0,0,0,0,0,0,0,18,18,0.0,0.0,0.0,0.0,1.0,0.0,0.0,207,255,1.0,0.0,0.0,0.01,0.0,0.0,0.0,0.0,0,34390.0
0,1,60,5,0,0,0,0,0,0,0,0,0,0,0,0,0,0,0,0,0,0,257,7,1.0,1.0,0.0,0.0,0.03,0.06,0.0,255,7,0.03,0.07,0.0,0.0,1.0,1.0,0.0,0.0,1,34359.0
0,2,44,9,1,0,0,0,0,0,0,0,0,0,0,0,0,0,0,0,0,0,58,2,0.0,0.0,0.0,0.0,0.03,0.16,0.0,255,2,0.01,0.03,0.05,0.0,0.0,0.0,0.81,0.0,1,102595.0
0,1,44,4,0,0,0,0,0,0,0,0,0,0,0,0,0,0,0,0,0,0,1,1,0.0,0.0,1.0,1.0,1.0,0.0,0.0,255,1,0.0,0.31,0.29,0.0,0.0,0.0,0.29,1.0,1,114466.0
0,1,44,5,0,0,0,0,0,0,0,0,0,0,0,0,0,0,0,0,0,0,89,2,1.0,1.0,0.0,0.0,0.02,0.07,0.0,255,18,0.07,0.06,0.0,0.0,1.0,1.0,0.0,0.0,1,31353.0
0,1,8,5,0,0,0,0,0,0,0,0,0,0,0,0,0,0,0,0,0,0,181,21,1.0,1.0,0.0,0.0,0.12,0.06,0.0,255,21,0.08,0.05,0.0,0.0,1.0,1.0,0.0,0.0,1,5242.0
0,0,13,9,30,0,0,0,0,0,0,0,0,0,0,0,0,0,0,0,0,0,1,1,0.0,0.0,0.0,0.0,1.0,0.0,0.0,27,27,1.0,0.0,1.0,0.0,0.0,0.0,0.0,0.0,0,31563.0
0,1,22,9,241,9038,0,0,0,0,0,1,0,0,0,0,0,0,0,0,0,0,10,10,0.0,0.0,0.0,0.0,1.0,0.0,0.0,25,255,1.0,0.0,0.04,0.07,0.0,0.0,0.0,0.0,0,95509.0
0,1,22,9,309,491,0,0,0,0,0,1,0,0,0,0,0,0,0,0,0,0,6,6,0.17,0.17,0.0,0.0,1.0,0.0,0.0,182,255,1.0,0.0,0.01,0.01,0.02,0.01,0.01,0.0,0,122843.0
0,1,22,9,276,8497,0,0,0,0,0,1,0,0,0,0,0,0,0,0,0,0,25,30,0.0,0.0,0.0,0.0,1.0,0.0,0.1,255,255,1.0,0.0,0.0,0.0,0.0,0.0,0.0,0.0,0,50082.0
0,1,26,1,0,0,0,0,0,0,0,0,0,0,0,0,0,0,0,0,0,0,105,3,0.0,0.0,1.0,1.0,0.03,0.08,0.0,255,3,0.01,0.07,0.0,0.0,0.0,0.0,1.0,1.0,1,84971.0
0,1,22,9,243,6940,0,0,0,0,0,1,0,0,0,0,0,0,0,0,0,0,14,14,0.0,0.0,0.0,0.0,1.0,0.0,0.0,255,255,1.0,0.0,0.0,0.0,0.0,0.0,0.0,0.0,0,92677.0
0,1,22,9,209,685,0,0,0,0,0,1,0,0,0,0,0,0,0,0,0,0,6,17,0.0,0.0,0.0,0.0,1.0,0.0,0.12,8,255,1.0,0.0,0.12,0.11,0.0,0.0,0.0,0.62,0,35053.0
0,1,52,5,0,0,0,0,0,0,0,0,0,0,0,0,0,0,0,0,0,0,145,16,1.0,1.0,0.0,0.0,0.11,0.06,0.0,255,11,0.04,0.07,0.0,0.0,1.0,1.0,0.0,0.0,1,71051.0
0,1,32,1,0,0,0,0,0,0,0,0,0,0,0,0,0,0,0,0,0,0,241,13,0.0,0.0,1.0,1.0,0.05,0.07,0.0,255,26,0.1,0.07,0.0,0.0,0.0,0.0,1.0,1.0,1,48068.0
0,1,4,5,0,0,0,0,0,0,0,0,0,0,0,0,0,0,0,0,0,0,266,5,1.0,1.0,0.0,0.0,0.02,0.06,0.0,255,5,0.02,0.07,0.0,0.0,1.0,1.0,0.0,0.0,1,121102.0
0,2,11,9,44,132,0,0,0,0,0,0,0,0,0,0,0,0,0,0,0,0,64,144,0.0,0.0,0.0,0.0,1.0,0.0,0.01,255,254,1.0,0.01,0.0,0.0,0.0,0.0,0.0,0.0,0,17284.0
0,1,22,9,54540,8314,0,0,0,2,0,1,1,0,0,0,0,0,0,0,0,0,3,4,0.0,0.0,0.0,0.25,1.0,0.0,0.5,157,157,1.0,0.0,0.01,0.0,0.0,0.0,0.01,0.01,1,66510.0
0,1,55,5,0,0,0,0,0,0,0,0,0,0,0,0,0,0,0,0,0,0,24,3,1.0,1.0,0.0,0.0,0.12,0.17,0.0,255,3,0.01,0.08,0.0,0.0,1.0,1.0,0.0,0.0,1,56411.0
0,2,44,9,1,0,0,0,0,0,0,0,0,0,0,0,0,0,0,0,0,0,167,147,0.0,0.0,0.0,0.0,0.88,0.02,0.0,255,178,0.7,0.04,1.0,0.0,0.0,0.0,0.0,0.0,1,89850.0
0,2,11,9,46,128,0,0,0,0,0,0,0,0,0,0,0,0,0,0,0,0,222,302,0.0,0.0,0.0,0.0,1.0,0.0,0.01,255,253,0.99,0.01,0.0,0.0,0.0,0.0,0.0,0.0,0,162.0
0,0,14,9,1032,0,0,0,0,0,0,0,0,0,0,0,0,0,0,0,0,0,511,511,0.0,0.0,0.0,0.0,1.0,0.0,0.0,255,152,0.6,0.01,0.6,0.0,0.0,0.0,0.0,0.0,1,107996.0
0,1,22,9,321,1096,0,0,0,0,0,1,0,0,0,0,0,0,0,0,0,0,13,13,0.0,0.0,0.0,0.0,1.0,0.0,0.0,218,255,1.0,0.0,0.0,0.02,0.0,0.0,0.0,0.0,0,91554.0
0,1,22,9,251,13491,0,0,0,0,0,1,0,0,0,0,0,0,0,0,0,0,1,1,0.0,0.0,0.0,0.0,1.0,0.0,0.0,11,255,1.0,0.0,0.09,0.14,0.0,0.0,0.27,0.93,0,17761.0
0,1,19,9,11,0,0,0,0,0,0,1,0,0,0,0,0,0,0,0,0,0,2,2,0.0,0.0,0.0,0.0,1.0,0.0,0.0,12,107,0.33,0.25,0.33,0.03,0.0,0.01,0.0,0.0,0,121964.0
0,1,3,9,10,35,0,0,0,0,0,0,0,0,0,0,0,0,0,0,0,0,1,1,0.0,0.0,0.0,0.0,1.0,0.0,0.0,56,2,0.04,0.04,0.02,0.0,0.0,0.0,0.0,0.0,0,121852.0
0,1,19,9,854,0,0,0,0,0,0,0,0,0,0,0,0,0,0,0,0,0,1,1,0.0,0.0,0.0,0.0,1.0,0.0,0.0,108,29,0.18,0.04,0.18,0.07,0.0,0.0,0.0,0.0,0,54852.0
0,1,22,9,209,1433,0,0,0,0,0,1,0,0,0,0,0,0,0,0,0,0,11,14,0.0,0.0,0.0,0.0,1.0,0.0,0.29,255,255,1.0,0.0,0.0,0.0,0.0,0.0,0.0,0.0,0,13054.0
0,1,22,9,202,8104,0,0,0,0,0,1,0,0,0,0,0,0,0,0,0,0,25,26,0.0,0.0,0.0,0.0,1.0,0.0,0.08,25,255,1.0,0.0,0.04,0.03,0.0,0.0,0.0,0.0,0,12462.0
0,2,40,9,1,0,0,0,0,0,0,0,0,0,0,0,0,0,0,0,0,0,17,1,0.0,0.0,0.0,0.0,0.06,0.29,0.0,255,1,0.0,0.26,0.77,0.0,0.0,0.0,0.2,0.0,1,24200.0
0,1,22,9,300,748,0,0,0,0,0,1,0,0,0,0,0,0,0,0,0,0,3,3,0.0,0.0,0.0,0.0,1.0,0.0,0.0,255,255,1.0,0.0,0.0,0.0,0.0,0.0,0.0,0.0,0,38578.0
0,1,22,9,326,1380,0,0,0,0,0,1,0,0,0,0,0,0,0,0,0,0,2,2,0.0,0.0,0.0,0.0,1.0,0.0,0.0,10,255,1.0,0.0,0.1,0.04,0.0,0.0,0.0,0.0,0,24547.0
0,1,44,5,0,0,0,0,0,0,0,0,0,0,0,0,0,0,0,0,0,0,148,18,1.0,1.0,0.0,0.0,0.12,0.06,0.0,255,2,0.01,0.07,0.0,0.0,1.0,1.0,0.0,0.0,1,41189.0
0,1,44,5,0,0,0,0,0,0,0,0,0,0,0,0,0,0,0,0,0,0,219,20,1.0,1.0,0.0,0.0,0.09,0.05,0.0,255,20,0.08,0.05,0.0,0.0,1.0,1.0,0.0,0.0,1,99930.0
0,1,19,9,14,0,0,0,0,0,0,1,0,0,0,0,0,0,0,0,0,0,1,1,0.0,0.0,0.0,0.0,1.0,0.0,0.0,87,82,0.26,0.03,0.26,0.02,0.0,0.0,0.0,0.0,0,51211.0
0,1,55,5,0,0,0,0,0,0,0,0,0,0,0,0,0,0,0,0,0,0,35,17,1.0,1.0,0.0,0.0,0.49,0.06,0.0,59,21,0.32,0.05,0.05,0.1,0.97,0.81,0.0,0.0,1,110236.0
0,1,22,9,277,525,0,0,0,0,0,1,0,0,0,0,0,0,0,0,0,0,2,3,0.0,0.0,0.0,0.0,1.0,0.0,0.67,34,255,1.0,0.0,0.03,0.09,0.0,0.0,0.0,0.0,0,89638.0
0,1,22,9,266,529,0,0,0,0,0,1,0,0,0,0,0,0,0,0,0,0,1,6,0.0,0.0,0.0,0.0,1.0,0.0,0.67,94,255,1.0,0.0,0.01,0.02,0.0,0.0,0.0,0.0,0,167.0
0,2,44,9,215,0,0,0,0,0,0,0,0,0,0,0,0,0,0,0,0,0,1,1,0.0,0.0,0.0,0.0,1.0,0.0,0.0,71,63,0.89,0.03,0.89,0.0,0.0,0.0,0.0,0.0,1,75424.0
0,1,17,9,9,139,0,0,0,0,0,0,0,0,0,0,0,0,0,0,0,0,1,1,0.0,0.0,0.0,0.0,1.0,0.0,0.0,161,9,0.06,0.03,0.01,0.0,0.01,0.11,0.0,0.0,0,93101.0
0,1,22,5,0,0,0,0,0,0,0,0,0,0,0,0,0,0,0,0,0,0,5,2,1.0,1.0,0.0,0.0,0.4,0.4,0.0,255,62,0.24,0.02,0.0,0.0,1.0,1.0,0.0,0.0,1,20784.0
0,1,22,9,288,956,0,0,0,0,0,1,0,0,0,0,0,0,0,0,0,0,8,8,0.0,0.0,0.0,0.0,1.0,0.0,0.0,138,255,1.0,0.0,0.01,0.02,0.0,0.0,0.0,0.0,0,15066.0
0,1,44,5,0,0,0,0,0,0,0,0,0,0,0,0,0,0,0,0,0,0,250,11,1.0,1.0,0.0,0.0,0.04,0.06,0.0,255,1,0.0,0.08,0.0,0.0,1.0,1.0,0.0,0.0,1,73313.0
0,1,40,1,0,0,0,0,0,0,0,0,0,0,0,0,0,0,0,0,0,0,437,1,0.08,0.0,0.92,1.0,0.0,1.0,0.0,255,1,0.0,1.0,0.0,0.0,0.06,0.0,0.94,1.0,1,65072.0
0,2,40,9,516,4,0,0,0,0,0,0,0,0,0,0,0,0,0,0,0,0,397,397,0.0,0.0,0.0,0.0,1.0,0.0,0.0,255,255,1.0,0.0,1.0,0.0,0.0,0.0,0.0,0.0,0,35760.0
0,1,22,9,272,2386,0,0,0,0,0,1,0,0,0,0,0,0,0,0,0,0,7,7,0.0,0.0,0.0,0.0,1.0,0.0,0.0,188,254,1.0,0.0,0.01,0.01,0.01,0.0,0.0,0.0,0,96982.0
0,1,44,4,0,0,0,0,0,0,0,0,0,0,0,0,0,0,0,0,0,0,1,1,0.0,0.0,1.0,1.0,1.0,0.0,0.0,220,1,0.0,0.26,0.24,0.0,0.0,0.0,0.25,1.0,1,119614.0
0,1,22,9,312,668,0,0,0,0,0,1,0,0,0,0,0,0,0,0,0,0,16,16,0.0,0.0,0.0,0.0,1.0,0.0,0.0,51,255,1.0,0.0,0.02,0.07,0.0,0.01,0.02,0.01,0,29656.0
0,1,22,9,294,1214,0,0,0,0,0,1,0,0,0,0,0,0,0,0,0,0,9,9,0.0,0.0,0.0,0.0,1.0,0.0,0.0,255,255,1.0,0.0,0.0,0.0,0.0,0.0,0.0,0.0,0,11390.0
0,1,55,5,0,0,0,0,0,0,0,0,0,0,0,0,0,0,0,0,0,0,113,13,1.0,1.0,0.0,0.0,0.12,0.06,0.0,255,33,0.13,0.07,0.0,0.0,1.0,1.0,0.0,0.0,1,100811.0
0,1,22,1,0,0,0,0,0,0,0,0,0,0,0,0,0,0,0,0,0,0,1,1,0.0,0.0,1.0,1.0,1.0,0.0,0.0,255,190,0.75,0.02,0.01,0.0,0.0,0.0,0.75,1.0,0,34197.0
0,1,44,5,0,0,0,0,0,0,0,0,0,0,0,0,0,0,0,0,0,0,258,2,1.0,1.0,0.0,0.0,0.01,0.07,0.0,255,18,0.07,0.08,0.0,0.0,1.0,1.0,0.0,0.0,1,1877.0
0,1,22,9,54540,8314,0,0,0,2,0,1,1,0,0,0,0,0,0,0,0,0,2,2,0.0,0.0,0.0,0.0,1.0,0.0,0.0,202,202,1.0,0.0,0.0,0.0,0.0,0.0,0.01,0.01,1,112118.0
0,0,13,9,30,0,0,0,0,0,0,0,0,0,0,0,0,0,0,0,0,0,1,1,0.0,0.0,0.0,0.0,1.0,0.0,0.0,91,90,0.99,0.02,0.99,0.0,0.0,0.0,0.0,0.0,0,118106.0
0,1,30,5,0,0,0,0,0,0,0,0,0,0,0,0,0,0,0,0,0,0,141,12,1.0,1.0,0.0,0.0,0.09,0.06,0.0,255,12,0.05,0.06,0.0,0.0,1.0,1.0,0.0,0.0,1,88004.0
3,1,49,9,1196,331,0,0,0,0,0,1,0,0,0,0,0,0,0,0,0,0,1,3,0.0,0.0,0.0,0.0,1.0,0.0,0.67,21,75,0.71,0.1,0.05,0.03,0.0,0.0,0.0,0.0,0,81105.0
0,1,20,5,0,0,0,0,0,0,0,0,0,0,0,0,0,0,0,0,0,0,221,1,1.0,1.0,0.0,0.0,0.0,0.06,0.0,255,1,0.0,0.06,0.0,0.0,1.0,1.0,0.0,0.0,1,86805.0
0,1,22,1,0,0,0,0,0,0,0,0,0,0,0,0,0,0,0,0,0,0,1,1,0.0,0.0,1.0,1.0,1.0,0.0,0.0,15,247,1.0,0.0,0.07,0.11,0.0,0.0,1.0,0.4,0,18154.0
0,1,37,5,0,0,0,0,0,0,0,0,0,0,0,0,0,0,0,0,0,0,123,5,1.0,1.0,0.0,0.0,0.04,0.06,0.0,255,4,0.02,0.07,0.0,0.0,1.0,1.0,0.0,0.0,1,50619.0
0,1,22,9,349,1881,0,0,0,0,0,1,0,0,0,0,0,0,0,0,0,0,17,18,0.0,0.0,0.0,0.0,1.0,0.0,0.11,133,255,1.0,0.0,0.01,0.03,0.0,0.0,0.0,0.0,0,114956.0
0,1,26,5,0,0,0,0,0,0,0,0,0,0,0,0,0,0,0,0,0,0,115,10,1.0,1.0,0.0,0.0,0.09,0.07,0.0,255,10,0.04,0.06,0.0,0.0,1.0,1.0,0.0,0.0,1,109550.0
0,1,23,5,0,0,0,0,0,0,0,0,0,0,0,0,0,0,0,0,0,0,105,19,1.0,1.0,0.0,0.0,0.18,0.06,0.0,255,19,0.07,0.05,0.0,0.0,1.0,1.0,0.0,0.0,1,93546.0
0,1,19,9,10272,0,0,0,0,0,0,1,0,0,0,0,1,0,0,0,0,0,4,4,0.0,0.0,0.0,0.0,1.0,0.0,0.0,255,32,0.13,0.05,0.13,0.0,0.47,0.0,0.02,0.0,0,113098.0
0,1,49,9,860,330,0,0,0,0,0,1,0,0,0,0,0,0,0,0,0,0,1,2,0.0,0.0,0.0,0.0,1.0,0.0,1.0,217,134,0.56,0.03,0.0,0.01,0.01,0.01,0.0,0.0,0,47764.0
0,1,54,5,0,0,0,0,0,0,0,0,0,0,0,0,0,0,0,0,0,0,267,6,1.0,1.0,0.0,0.0,0.02,0.06,0.0,255,2,0.01,0.09,0.0,0.0,1.0,1.0,0.0,0.0,1,16436.0
3,1,49,9,1702,575,0,0,0,0,0,1,0,0,0,0,0,0,0,0,0,0,1,1,0.0,0.0,0.0,0.0,1.0,0.0,0.0,60,166,0.55,0.07,0.02,0.01,0.0,0.0,0.0,0.0,0,21058.0
0,1,17,5,0,0,0,0,0,0,0,0,0,0,0,0,0,0,0,0,0,0,278,20,1.0,1.0,0.0,0.0,0.07,0.06,0.0,255,20,0.08,0.07,0.0,0.0,1.0,1.0,0.0,0.0,1,794.0
0,2,44,9,207,0,0,0,0,0,0,0,0,0,0,0,0,0,0,0,0,0,2,2,0.0,0.0,0.0,0.0,1.0,0.0,0.0,174,150,0.86,0.01,0.86,0.0,0.0,0.0,0.0,0.0,1,67307.0
0,1,21,5,0,0,0,0,0,0,0,0,0,0,0,0,0,0,0,0,0,0,215,7,1.0,1.0,0.0,0.0,0.03,0.07,0.0,255,7,0.03,0.07,0.0,0.0,1.0,1.0,0.0,0.0,1,52339.0
0,1,44,5,0,0,0,0,0,0,0,0,0,0,0,0,0,0,0,0,0,0,290,20,1.0,1.0,0.0,0.0,0.07,0.06,0.0,255,19,0.07,0.06,0.0,0.0,1.0,1.0,0.0,0.0,1,53255.0
0,1,46,1,0,0,0,0,0,0,0,0,0,0,0,0,0,0,0,0,0,0,1,1,0.0,0.0,1.0,1.0,1.0,0.0,0.0,52,2,0.02,1.0,0.02,1.0,0.0,0.0,0.96,1.0,1,99668.0
0,1,30,5,0,0,0,0,0,0,0,0,0,0,0,0,0,0,0,0,0,0,127,4,1.0,1.0,0.0,0.0,0.03,0.07,0.0,255,4,0.02,0.06,0.0,0.0,1.0,1.0,0.0,0.0,1,89579.0
0,2,44,9,1,0,0,0,0,0,0,0,0,0,0,0,0,0,0,0,0,0,152,132,0.0,0.0,0.0,0.0,0.87,0.03,0.0,255,169,0.66,0.04,1.0,0.0,0.0,0.0,0.0,0.0,1,68822.0
0,2,44,9,105,0,0,0,0,0,0,0,0,0,0,0,0,0,0,0,0,0,2,2,0.0,0.0,0.0,0.0,1.0,0.0,0.0,255,149,0.58,0.01,0.01,0.0,0.0,0.0,0.0,0.0,0,28992.0
0,0,14,9,520,0,0,0,0,0,0,0,0,0,0,0,0,0,0,0,0,0,296,296,0.0,0.0,0.0,0.0,1.0,0.0,0.0,255,255,1.0,0.0,1.0,0.0,0.0,0.0,0.0,0.0,1,41456.0
0,1,17,5,0,0,0,0,0,0,0,0,0,0,0,0,0,0,0,0,0,0,10,5,1.0,1.0,0.0,0.0,0.5,0.2,0.0,255,65,0.25,0.03,0.0,0.0,1.0,1.0,0.0,0.0,1,124775.0
0,1,22,9,259,417,0,0,0,0,0,1,0,0,0,0,0,0,0,0,0,0,1,1,0.0,0.0,0.0,0.0,1.0,0.0,0.0,224,249,1.0,0.0,0.0,0.01,0.0,0.0,0.0,0.0,0,120485.0
0,1,22,9,238,406,0,0,0,0,0,1,0,0,0,0,0,0,0,0,0,0,24,24,0.0,0.0,0.0,0.0,1.0,0.0,0.0,181,255,1.0,0.0,0.01,0.08,0.0,0.0,0.4,0.56,0,26890.0
0,2,11,9,45,138,0,0,0,0,0,0,0,0,0,0,0,0,0,0,0,0,284,284,0.0,0.0,0.0,0.0,1.0,0.0,0.0,255,251,0.98,0.01,0.0,0.0,0.0,0.0,0.0,0.0,0,91867.0
0,2,44,9,28,0,0,3,0,0,0,0,0,0,0,0,0,0,0,0,0,0,80,80,0.0,0.0,0.0,0.0,1.0,0.0,0.0,255,80,0.31,0.04,0.31,0.0,0.02,0.0,0.0,0.0,1,38613.0
0,1,52,5,0,0,0,0,0,0,0,0,0,0,0,0,0,0,0,0,0,0,149,19,1.0,1.0,0.0,0.0,0.13,0.05,0.0,255,13,0.05,0.07,0.0,0.0,1.0,1.0,0.0,0.0,1,26875.0
1,1,49,9,802,330,0,0,0,0,0,1,0,0,0,0,0,0,0,0,0,0,1,3,0.0,0.0,0.0,0.0,1.0,0.0,1.0,240,123,0.49,0.03,0.0,0.02,0.01,0.01,0.0,0.0,0,100739.0
0,1,22,9,311,1695,0,0,0,0,0,1,0,0,0,0,0,0,0,0,0,0,9,9,0.0,0.0,0.0,0.0,1.0,0.0,0.0,255,255,1.0,0.0,0.0,0.0,0.01,0.01,0.0,0.0,0,61123.0
0,1,22,9,306,2698,0,0,0,0,0,1,0,0,0,0,0,0,1,0,0,0,4,4,0.0,0.0,0.0,0.0,1.0,0.0,0.0,255,228,0.89,0.02,0.0,0.0,0.0,0.0,0.0,0.0,0,30463.0
0,1,44,5,0,0,0,0,0,0,0,0,0,0,0,0,0,0,0,0,0,0,191,6,1.0,1.0,0.0,0.0,0.03,0.06,0.0,255,1,0.0,0.07,0.0,0.0,1.0,1.0,0.0,0.0,1,65278.0
27221,1,44,4,1,0,0,0,0,0,0,0,0,0,0,0,0,0,0,0,0,0,2,2,0.0,0.0,1.0,1.0,1.0,0.0,0.0,255,2,0.01,0.74,1.0,0.0,0.0,0.0,1.0,1.0,1,59270.0
0,1,19,5,0,0,0,0,0,0,0,0,0,0,0,0,0,0,0,0,0,0,253,19,1.0,1.0,0.0,0.0,0.08,0.06,0.0,255,19,0.07,0.06,0.0,0.0,1.0,1.0,0.0,0.0,1,113770.0
0,1,19,9,172,0,0,0,0,0,0,0,0,0,0,0,0,0,0,0,0,0,7,7,0.0,0.0,0.0,0.0,1.0,0.0,0.0,22,13,0.59,0.09,0.59,0.0,0.0,0.0,0.0,0.0,0,74787.0
0,1,55,5,0,0,0,0,0,0,0,0,0,0,0,0,0,0,0,0,0,0,263,7,1.0,1.0,0.0,0.0,0.03,0.06,0.0,255,7,0.03,0.07,0.0,0.0,1.0,1.0,0.0,0.0,1,73665.0
11398,2,40,9,145,105,0,0,0,0,0,0,0,0,0,0,0,0,0,0,0,0,1,1,0.0,0.0,0.0,0.0,1.0,0.0,0.0,255,1,0.0,0.14,0.22,0.0,0.0,0.0,0.0,0.0,0,101866.0
0,1,25,5,0,0,0,0,0,0,0,0,0,0,0,0,0,0,0,0,0,0,217,14,1.0,1.0,0.0,0.0,0.06,0.07,0.0,255,14,0.05,0.07,0.0,0.0,1.0,1.0,0.0,0.0,1,1450.0
0,1,22,9,192,581,0,0,0,0,0,1,0,0,0,0,0,0,0,0,0,0,10,10,0.0,0.0,0.0,0.0,1.0,0.0,0.0,10,255,1.0,0.0,0.1,0.06,0.0,0.0,0.0,0.0,0,29027.0
0,1,35,5,0,0,0,0,0,0,0,0,0,0,0,0,0,0,0,0,0,0,291,8,1.0,1.0,0.0,0.0,0.03,0.05,0.0,255,2,0.01,0.06,0.0,0.0,1.0,1.0,0.0,0.0,1,80480.0
0,1,22,9,240,254,0,0,0,0,0,1,0,0,0,0,0,0,0,0,0,0,20,20,0.0,0.0,0.0,0.0,1.0,0.0,0.0,38,255,1.0,0.0,0.03,0.06,0.0,0.01,0.0,0.0,0,62839.0
0,1,44,5,0,0,0,0,0,0,0,0,0,0,0,0,0,0,0,0,0,0,74,16,1.0,1.0,0.0,0.0,0.22,0.05,0.0,255,5,0.02,0.06,0.0,0.0,1.0,1.0,0.0,0.0,1,299.0
0,1,22,9,322,2015,0,0,0,0,0,1,0,0,0,0,0,0,0,0,0,0,22,29,0.0,0.0,0.0,0.0,1.0,0.0,0.07,255,255,1.0,0.0,0.0,0.0,0.0,0.0,0.0,0.0,0,119877.0
21,1,18,9,233,768,0,0,0,4,0,1,0,0,0,0,0,0,0,0,0,1,1,1,0.0,0.0,0.0,0.0,1.0,0.0,0.0,194,21,0.11,0.04,0.01,0.0,0.01,0.0,0.0,0.0,0,94639.0
0,1,4,5,0,0,0,0,0,0,0,0,0,0,0,0,0,0,0,0,0,0,111,3,1.0,1.0,0.0,0.0,0.03,0.06,0.0,255,3,0.01,0.05,0.0,0.0,1.0,1.0,0.0,0.0,1,101101.0
0,1,44,5,0,0,0,0,0,0,0,0,0,0,0,0,0,0,0,0,0,0,262,15,1.0,1.0,0.0,0.0,0.06,0.06,0.0,255,6,0.02,0.09,0.0,0.0,1.0,1.0,0.0,0.0,1,118612.0
0,1,23,5,0,0,0,0,0,0,0,0,0,0,0,0,0,0,0,0,0,0,140,7,1.0,1.0,0.0,0.0,0.05,0.06,0.0,255,7,0.03,0.06,0.0,0.0,1.0,1.0,0.0,0.0,1,119750.0
0,1,22,9,307,3222,0,0,0,0,0,1,0,0,0,0,0,0,0,0,0,0,2,2,0.0,0.0,0.0,0.0,1.0,0.0,0.0,121,72,0.6,0.03,0.01,0.0,0.0,0.0,0.0,0.0,0,25479.0
0,1,22,9,157,15174,0,0,0,0,0,1,0,0,0,0,0,0,0,0,0,0,2,2,0.0,0.0,0.0,0.0,1.0,0.0,0.0,216,255,1.0,0.0,0.0,0.02,0.0,0.01,0.0,0.01,0,99394.0
6,1,49,9,972,339,0,0,0,0,0,1,0,0,0,0,0,0,0,0,0,0,1,1,0.0,0.0,0.0,0.0,1.0,0.0,0.0,144,173,0.6,0.04,0.01,0.01,0.01,0.01,0.0,0.0,0,60698.0
6,1,44,4,0,0,0,0,0,0,0,0,0,0,0,0,0,0,0,0,0,0,1,1,0.0,0.0,1.0,1.0,1.0,0.0,0.0,255,1,0.0,0.52,1.0,0.0,0.0,0.0,1.0,1.0,1,118651.0
0,1,44,5,0,0,0,0,0,0,0,0,0,0,0,0,0,0,0,0,0,0,106,14,0.99,1.0,0.0,0.0,0.13,0.07,0.0,255,13,0.05,0.05,0.0,0.0,1.0,1.0,0.0,0.0,1,111846.0
0,1,19,5,0,0,0,0,0,0,0,0,0,0,0,0,0,0,0,0,0,0,71,17,1.0,1.0,0.0,0.0,0.24,0.06,0.0,255,57,0.22,0.04,0.01,0.0,1.0,1.0,0.0,0.0,1,32797.0
0,1,51,5,0,0,0,0,0,0,0,0,0,0,0,0,0,0,0,0,0,0,227,16,1.0,1.0,0.0,0.0,0.07,0.06,0.0,255,20,0.08,0.06,0.0,0.0,1.0,1.0,0.0,0.0,1,72460.0
0,1,22,9,233,31639,0,0,0,0,0,1,0,0,0,0,0,0,0,0,0,0,16,16,0.0,0.0,0.0,0.0,1.0,0.0,0.0,255,255,1.0,0.0,0.0,0.0,0.0,0.0,0.0,0.0,0,11513.0
0,2,39,9,48,48,0,0,0,0,0,0,0,0,0,0,0,0,0,0,0,0,3,1,0.0,0.0,0.0,0.0,0.33,0.67,0.0,184,64,0.35,0.02,0.35,0.0,0.0,0.0,0.0,0.0,0,99454.0
0,1,22,9,202,1263,0,0,0,0,0,1,0,0,0,0,0,0,0,0,0,0,1,2,0.0,0.0,0.0,0.0,1.0,0.0,1.0,255,255,1.0,0.0,0.0,0.0,0.0,0.0,0.0,0.0,0,37869.0
2,1,49,9,1002,337,0,0,0,0,0,1,0,0,0,0,0,0,0,0,0,0,1,1,0.0,0.0,0.0,0.0,1.0,0.0,0.0,45,185,0.89,0.07,0.02,0.01,0.0,0.0,0.0,0.0,0,37458.0
0,1,44,10,0,0,0,0,0,0,0,0,0,0,0,0,0,0,0,0,0,0,1,1,1.0,1.0,0.0,0.0,1.0,0.0,0.0,72,1,0.01,0.86,0.89,0.0,0.89,1.0,0.0,0.0,1,20533.0
0,1,42,9,136,17122,0,0,0,0,0,1,0,0,0,0,0,0,0,0,0,0,1,1,0.0,0.0,0.0,0.0,1.0,0.0,0.0,35,5,0.03,0.17,0.03,0.4,0.0,0.0,0.0,0.0,0,33105.0
0,1,22,9,237,260,0,0,0,0,0,1,0,0,0,0,0,0,0,0,0,0,2,17,0.0,0.0,0.0,0.0,1.0,0.0,0.24,118,255,1.0,0.0,0.01,0.02,0.0,0.0,0.0,0.0,0,42359.0
0,1,50,1,0,0,0,0,0,0,0,0,0,0,0,0,0,0,0,0,0,0,108,6,0.0,0.0,1.0,1.0,0.06,0.06,0.0,255,6,0.02,0.07,0.0,0.0,0.0,0.0,1.0,1.0,1,19393.0
0,1,25,5,0,0,0,0,0,0,0,0,0,0,0,0,0,0,0,0,0,0,236,4,1.0,1.0,0.0,0.0,0.02,0.06,0.0,255,1,0.0,0.07,0.0,0.0,1.0,1.0,0.0,0.0,1,62590.0
0,1,44,5,0,0,0,0,0,0,0,0,0,0,0,0,0,0,0,0,0,0,34,6,1.0,1.0,0.0,0.0,0.18,0.09,0.0,255,6,0.02,0.07,0.0,0.0,1.0,1.0,0.0,0.0,1,75451.0
0,1,59,5,0,0,0,0,0,0,0,0,0,0,0,0,0,0,0,0,0,0,131,7,1.0,1.0,0.0,0.0,0.05,0.06,0.0,255,7,0.03,0.07,0.0,0.0,1.0,1.0,0.0,0.0,1,744.0
0,1,22,9,224,1556,0,0,0,0,0,1,0,0,0,0,0,0,0,0,0,0,13,36,0.0,0.0,0.0,0.0,1.0,0.0,0.17,89,249,1.0,0.0,0.01,0.04,0.0,0.0,0.0,0.0,0,111143.0
0,1,22,9,198,293,0,0,0,0,0,1,0,0,0,0,0,0,0,0,0,0,6,6,0.0,0.0,0.0,0.0,1.0,0.0,0.0,6,255,1.0,0.0,0.17,0.05,0.0,0.0,0.0,0.0,0,17648.0
0,1,55,2,0,0,0,0,0,0,0,0,0,0,0,0,0,0,0,0,0,0,231,2,0.0,0.0,1.0,1.0,0.01,0.07,0.0,255,2,0.01,0.07,0.0,0.0,0.0,0.0,1.0,1.0,1,111516.0
3,1,57,9,0,4,0,0,0,0,0,0,0,0,0,0,0,0,0,0,0,0,1,1,0.0,0.0,0.0,0.0,1.0,0.0,0.0,6,6,1.0,0.0,0.17,0.0,0.0,0.0,0.0,0.0,0,76619.0
0,1,22,5,0,0,0,0,0,0,0,0,0,0,0,0,0,0,0,0,0,0,14,6,1.0,1.0,0.0,0.0,0.43,0.29,0.0,94,26,0.28,0.04,0.01,0.0,1.0,1.0,0.0,0.0,1,281.0
0,1,23,5,0,0,0,0,0,0,0,0,0,0,0,0,0,0,0,0,0,0,128,25,1.0,1.0,0.0,0.0,0.2,0.05,0.0,255,25,0.1,0.05,0.0,0.0,1.0,1.0,0.0,0.0,1,106569.0
0,1,19,9,1470,0,0,0,0,0,0,1,0,0,0,0,0,0,0,0,0,0,11,11,0.0,0.0,0.0,0.0,1.0,0.0,0.0,11,76,1.0,0.0,1.0,0.03,0.0,0.01,0.0,0.0,0,64641.0
0,1,22,9,242,2109,0,0,0,0,0,1,0,0,0,0,0,0,0,0,0,0,4,4,0.0,0.0,0.0,0.0,1.0,0.0,0.0,87,255,1.0,0.0,0.01,0.04,0.01,0.0,0.0,0.0,0,101696.0
0,1,22,5,0,0,0,0,0,0,0,0,0,0,0,0,0,0,0,0,0,0,2,4,0.5,0.25,0.0,0.0,1.0,0.0,0.5,255,255,1.0,0.0,0.01,0.0,0.01,0.01,0.02,0.02,0,61801.0
0,2,11,9,43,72,0,0,0,0,0,0,0,0,0,0,0,0,0,0,0,0,214,214,0.0,0.0,0.0,0.0,1.0,0.0,0.0,255,255,1.0,0.0,0.01,0.0,0.0,0.0,0.0,0.0,0,124735.0
0,1,43,5,0,0,0,0,0,0,0,0,0,0,0,0,0,0,0,0,0,0,130,15,1.0,1.0,0.0,0.0,0.12,0.06,0.0,255,15,0.06,0.06,0.0,0.0,1.0,1.0,0.0,0.0,1,107644.0
0,1,22,9,227,4257,0,0,0,0,0,1,0,0,0,0,0,0,0,0,0,0,15,15,0.0,0.0,0.0,0.0,1.0,0.0,0.0,255,255,1.0,0.0,0.0,0.0,0.0,0.0,0.0,0.0,0,122518.0
0,1,49,9,1313,328,0,0,0,0,0,1,0,0,0,0,0,0,0,0,0,0,1,1,0.0,0.0,0.0,0.0,1.0,0.0,0.0,87,92,0.38,0.02,0.01,0.02,0.0,0.0,0.0,0.0,0,80290.0
0,1,22,9,311,1352,0,0,0,0,0,1,0,0,0,0,0,0,0,0,0,0,29,31,0.0,0.0,0.0,0.0,1.0,0.0,0.1,255,255,1.0,0.0,0.0,0.0,0.0,0.0,0.0,0.0,0,103894.0
0,1,44,5,0,0,0,0,0,0,0,0,0,0,0,0,0,0,0,0,0,0,262,10,1.0,1.0,0.0,0.0,0.04,0.05,0.0,255,10,0.04,0.06,0.0,0.0,1.0,1.0,0.0,0.0,1,82390.0
0,1,44,1,0,0,0,0,0,0,0,0,0,0,0,0,0,0,0,0,0,0,106,12,0.0,0.0,1.0,1.0,0.11,0.06,0.0,255,10,0.04,0.07,0.0,0.0,0.0,0.0,1.0,1.0,1,107626.0
0,1,22,5,0,0,0,0,0,0,0,0,0,0,0,0,0,0,0,0,0,0,65,19,1.0,1.0,0.0,0.0,0.29,0.06,0.0,255,61,0.24,0.02,0.01,0.0,1.0,1.0,0.0,0.0,1,83776.0
0,1,40,1,0,0,0,0,0,0,0,0,0,0,0,0,0,0,0,0,0,0,392,1,0.09,0.0,0.91,1.0,0.0,1.0,0.0,255,1,0.0,1.0,0.0,0.0,0.11,0.0,0.89,1.0,1,112016.0
0,1,22,9,335,7902,0,0,0,0,0,1,0,0,0,0,0,0,0,0,0,0,1,1,0.0,0.0,0.0,0.0,1.0,0.0,0.0,3,255,1.0,0.0,0.33,0.02,0.0,0.0,0.0,0.0,0,82902.0
44,1,18,9,1192,3373,0,0,0,24,0,1,0,0,0,0,0,0,0,0,0,1,1,1,0.0,0.0,0.0,0.0,1.0,0.0,0.0,217,23,0.11,0.03,0.0,0.0,0.0,0.0,0.0,0.0,0,95634.0
0,1,22,9,241,1035,0,0,0,0,0,1,0,0,0,0,0,0,0,0,0,0,6,19,0.0,0.0,0.0,0.0,1.0,0.0,0.21,185,255,1.0,0.0,0.01,0.01,0.01,0.01,0.0,0.0,0,17645.0
0,1,29,5,0,0,0,0,0,0,0,0,0,0,0,0,0,0,0,0,0,0,262,2,1.0,1.0,0.0,0.0,0.01,0.06,0.0,255,2,0.01,0.07,0.0,0.0,1.0,1.0,0.0,0.0,1,94332.0
0,1,25,5,0,0,0,0,0,0,0,0,0,0,0,0,0,0,0,0,0,0,260,17,1.0,1.0,0.0,0.0,0.07,0.05,0.0,255,17,0.07,0.05,0.0,0.0,1.0,1.0,0.0,0.0,1,110967.0
0,1,44,5,0,0,0,0,0,0,0,0,0,0,0,0,0,0,0,0,0,0,249,14,1.0,1.0,0.0,0.0,0.06,0.06,0.0,255,2,0.01,0.08,0.0,0.0,1.0,1.0,0.0,0.0,1,96816.0
0,1,62,1,0,0,0,0,0,0,0,0,0,0,0,0,0,0,0,0,0,0,264,14,0.0,0.0,1.0,1.0,0.05,0.07,0.0,255,14,0.05,0.09,0.0,0.0,0.0,0.0,1.0,1.0,1,124039.0
0,1,22,9,323,273,0,0,0,0,0,1,0,0,0,0,0,0,0,0,0,0,5,5,0.0,0.0,0.0,0.0,1.0,0.0,0.0,255,252,0.99,0.01,0.0,0.0,0.0,0.0,0.0,0.0,0,25737.0
0,1,22,9,286,293,0,0,0,0,0,1,0,0,0,0,0,0,0,0,0,0,3,6,0.0,0.0,0.0,0.0,1.0,0.0,0.5,255,255,1.0,0.0,0.0,0.0,0.0,0.0,0.0,0.0,0,12467.0
0,1,19,9,607,0,0,0,0,0,0,0,0,0,0,0,0,0,0,0,0,0,1,1,0.0,0.0,0.0,0.0,1.0,0.0,0.0,255,104,0.41,0.02,0.41,0.0,0.0,0.0,0.0,0.0,0,121347.0
1,1,49,9,1092,326,0,0,0,0,0,1,0,0,0,0,0,0,0,0,0,0,1,2,0.0,0.0,0.0,0.0,1.0,0.0,1.0,255,199,0.78,0.02,0.0,0.0,0.0,0.0,0.0,0.0,0,79916.0
0,1,59,5,0,0,0,0,0,0,0,0,0,0,0,0,0,0,0,0,0,0,129,3,1.0,1.0,0.0,0.0,0.02,0.07,0.0,255,3,0.01,0.06,0.0,0.0,1.0,1.0,0.0,0.0,1,69886.0
0,0,13,9,8,0,0,0,0,0,0,0,0,0,0,0,0,0,0,0,0,0,1,30,0.0,0.0,0.0,0.0,1.0,0.0,1.0,3,255,1.0,0.0,1.0,0.25,0.0,0.0,0.0,0.0,1,34351.0
0,1,22,9,309,370,0,0,0,0,0,1,0,0,0,0,0,0,0,0,0,0,11,11,0.0,0.0,0.0,0.0,1.0,0.0,0.0,255,255,1.0,0.0,0.0,0.0,0.0,0.0,0.0,0.0,0,91270.0
0,1,55,5,0,0,0,0,0,0,0,0,0,0,0,0,0,0,0,0,0,0,294,7,1.0,1.0,0.0,0.0,0.02,0.05,0.0,255,1,0.0,0.09,0.0,0.0,1.0,1.0,0.0,0.0,1,101538.0
0,1,22,9,306,1380,0,0,0,0,0,1,0,0,0,0,0,0,0,0,0,0,3,3,0.0,0.0,0.0,0.0,1.0,0.0,0.0,255,236,0.93,0.02,0.0,0.0,0.0,0.0,0.0,0.0,0,80332.0
539,1,40,4,1,0,0,0,0,0,0,0,0,0,0,0,0,0,0,0,0,0,2,2,0.0,0.0,1.0,1.0,1.0,0.0,0.0,255,2,0.01,0.73,1.0,0.0,0.0,0.0,1.0,1.0,1,84508.0
0,1,44,1,0,0,0,0,0,0,0,0,0,0,0,0,0,0,0,0,0,0,278,16,0.0,0.0,1.0,1.0,0.06,0.06,0.0,255,16,0.06,0.06,0.0,0.0,0.0,0.0,1.0,1.0,1,5032.0
0,0,13,9,8,0,0,0,0,0,0,0,0,0,0,0,0,0,0,0,0,0,1,22,0.0,0.0,0.0,0.0,1.0,0.0,1.0,2,44,1.0,0.0,1.0,0.5,0.0,0.0,0.0,0.0,1,48679.0
0,1,44,5,0,0,0,0,0,0,0,0,0,0,0,0,0,0,0,0,0,0,234,14,1.0,1.0,0.0,0.0,0.06,0.06,0.0,255,14,0.05,0.07,0.0,0.0,1.0,1.0,0.0,0.0,1,63766.0
0,1,22,5,0,0,0,0,0,0,0,0,0,0,0,0,0,0,0,0,0,0,2,8,0.5,0.25,0.0,0.0,1.0,0.0,0.62,36,255,1.0,0.0,0.06,0.05,0.03,0.0,0.0,0.0,0,21473.0
0,1,22,1,0,0,0,0,0,0,0,0,0,0,0,0,0,0,0,0,0,0,1,1,0.0,0.0,1.0,1.0,1.0,0.0,0.0,2,76,1.0,0.0,0.5,0.2,0.0,0.0,1.0,1.0,0,108877.0
0,1,17,5,0,0,1,0,0,0,0,0,0,0,0,0,0,0,0,0,0,0,1,2,1.0,1.0,0.0,0.0,1.0,0.0,1.0,1,4,1.0,0.0,1.0,1.0,1.0,0.75,0.0,0.0,1,59752.0
0,1,22,9,243,1541,0,0,0,0,0,1,0,0,0,0,0,0,0,0,0,0,1,21,0.0,0.0,0.0,0.0,1.0,0.0,0.1,24,255,1.0,0.0,0.04,0.04,0.0,0.0,0.0,0.0,0,49959.0
1890,2,40,9,146,105,0,0,0,0,0,0,0,0,0,0,0,0,0,0,0,0,4,2,0.0,0.0,0.0,0.0,0.5,0.5,0.0,255,2,0.01,0.61,0.96,0.0,0.0,0.0,0.0,0.0,0,92613.0
0,2,11,9,43,124,0,0,0,0,0,0,0,0,0,0,0,0,0,0,0,0,141,221,0.0,0.0,0.0,0.0,1.0,0.0,0.01,255,254,1.0,0.01,0.0,0.0,0.0,0.0,0.0,0.0,0,107338.0
2,1,49,9,724,328,0,0,0,0,0,1,0,0,0,0,0,0,0,0,0,0,1,2,0.0,0.0,0.0,0.0,1.0,0.0,1.0,58,191,0.88,0.07,0.02,0.01,0.0,0.0,0.0,0.0,0,83846.0
0,1,22,9,308,1461,0,0,0,0,0,1,0,0,0,0,0,0,0,0,0,0,4,4,0.0,0.0,0.0,0.0,1.0,0.0,0.0,128,255,1.0,0.0,0.01,0.02,0.0,0.0,0.0,0.0,0,69480.0
0,2,44,9,1,0,0,0,0,0,0,0,0,0,0,0,0,0,0,0,0,0,9,9,0.0,0.0,0.0,0.0,1.0,0.0,0.0,77,9,0.12,0.06,0.16,0.0,0.0,0.0,0.0,0.0,1,54272.0
0,1,4,1,0,0,0,0,0,0,0,0,0,0,0,0,0,0,0,0,0,0,215,7,0.0,0.0,1.0,1.0,0.03,0.07,0.0,255,7,0.03,0.07,0.0,0.0,0.0,0.0,1.0,1.0,1,99864.0
0,1,22,5,0,0,0,0,0,0,0,0,0,0,0,0,0,0,0,0,0,0,2,11,0.5,0.18,0.0,0.0,1.0,0.0,0.27,11,255,1.0,0.0,0.18,0.01,0.09,0.01,0.0,0.0,0,8359.0
0,1,4,5,0,0,0,0,0,0,0,0,0,0,0,0,0,0,0,0,0,0,220,11,1.0,1.0,0.0,0.0,0.05,0.05,0.0,178,11,0.06,0.07,0.01,0.0,0.99,1.0,0.0,0.0,1,68786.0
1,1,44,4,0,0,0,0,0,0,0,0,0,0,0,0,0,0,0,0,0,0,60,2,0.0,0.0,1.0,1.0,0.03,0.53,0.0,230,2,0.01,0.14,0.26,0.0,0.01,0.0,0.47,1.0,1,52051.0
0,1,22,9,242,3200,0,0,0,0,0,1,0,0,0,0,0,0,0,0,0,0,17,17,0.0,0.0,0.0,0.0,1.0,0.0,0.0,185,255,1.0,0.0,0.01,0.01,0.0,0.0,0.0,0.0,0,61720.0
0,1,22,9,369,1335,0,0,0,0,0,1,0,0,0,0,0,0,0,0,0,0,8,8,0.0,0.0,0.0,0.0,1.0,0.0,0.0,208,255,1.0,0.0,0.0,0.02,0.0,0.0,0.0,0.0,0,68585.0
0,1,19,9,2459,0,0,0,0,0,0,1,0,0,0,0,0,0,0,0,0,0,1,1,0.0,0.0,0.0,0.0,1.0,0.0,0.0,156,30,0.17,0.12,0.26,0.07,0.01,0.03,0.0,0.0,0,31754.0
2009,2,40,9,145,105,0,0,0,0,0,0,0,0,0,0,0,0,0,0,0,0,1,1,0.0,0.0,0.0,0.0,1.0,0.0,0.0,247,1,0.0,0.53,0.91,0.0,0.0,0.0,0.0,0.0,0,23882.0
0,1,44,5,0,0,0,0,0,0,0,0,0,0,0,0,0,0,0,0,0,0,298,20,1.0,1.0,0.0,0.0,0.07,0.06,0.0,255,20,0.08,0.06,0.0,0.0,1.0,1.0,0.0,0.0,1,20243.0
0,0,14,9,1480,0,0,1,0,0,0,0,0,0,0,0,0,0,0,0,0,0,17,17,0.0,0.0,0.0,0.0,1.0,0.0,0.0,255,18,0.07,0.08,0.07,0.0,0.55,0.0,0.01,0.0,1,40540.0
0,1,22,5,0,0,0,0,0,0,0,0,0,0,0,0,0,0,0,0,0,0,20,8,1.0,1.0,0.0,0.0,0.4,0.2,0.0,255,63,0.25,0.02,0.01,0.0,1.0,1.0,0.0,0.0,1,65039.0
0,1,49,9,964,400,0,0,0,0,0,1,0,0,0,0,0,0,0,0,0,0,1,4,0.0,0.0,0.0,0.0,1.0,0.0,1.0,95,167,0.82,0.04,0.01,0.01,0.01,0.0,0.0,0.0,0,75134.0
5,1,17,9,10,273,0,0,0,0,0,0,0,0,0,0,0,0,0,0,0,0,1,1,0.0,0.0,0.0,0.0,1.0,0.0,0.0,255,2,0.01,0.02,0.0,0.0,0.0,0.0,0.81,0.0,0,40635.0
0,1,22,9,295,3048,0,0,0,0,0,1,0,0,0,0,0,0,0,0,0,0,15,15,0.0,0.0,0.0,0.0,1.0,0.0,0.0,255,255,1.0,0.0,0.0,0.0,0.0,0.0,0.0,0.0,0,72920.0
0,1,44,5,0,0,0,0,0,0,0,0,0,0,0,0,0,0,0,0,0,0,7,3,1.0,1.0,0.0,0.0,0.43,0.43,0.0,255,3,0.01,0.09,0.0,0.0,1.0,1.0,0.0,0.0,1,60759.0
0,1,22,9,399,9572,0,0,0,0,0,1,0,0,0,0,0,0,0,0,0,0,6,6,0.0,0.0,0.0,0.0,1.0,0.0,0.0,255,255,1.0,0.0,0.0,0.0,0.0,0.0,0.0,0.0,0,4407.0
6715,2,40,9,145,105,0,0,0,0,0,0,0,0,0,0,0,0,0,0,0,0,4,2,0.0,0.0,0.0,0.0,0.5,0.5,0.0,255,2,0.01,0.65,0.93,0.0,0.0,0.0,0.0,0.0,0,44042.0
0,1,44,5,0,0,0,0,0,0,0,0,0,0,0,0,0,0,0,0,0,0,258,2,1.0,1.0,0.0,0.0,0.01,0.06,0.0,255,19,0.07,0.08,0.0,0.0,1.0,1.0,0.0,0.0,1,104214.0
0,1,49,5,0,0,0,0,0,0,0,0,0,0,0,0,0,0,0,0,0,0,4,6,1.0,0.67,0.0,0.0,1.0,0.0,0.5,146,129,0.44,0.01,0.01,0.02,0.99,0.5,0.0,0.0,1,18521.0
0,2,11,9,46,73,0,0,0,0,0,0,0,0,0,0,0,0,0,0,0,0,210,209,0.0,0.0,0.0,0.0,1.0,0.01,0.0,255,254,1.0,0.01,0.01,0.0,0.0,0.0,0.0,0.0,0,59964.0
0,1,44,5,0,0,0,0,0,0,0,0,0,0,0,0,0,0,0,0,0,0,218,1,1.0,1.0,0.0,0.0,0.0,0.06,0.0,255,1,0.0,0.05,0.0,0.0,1.0,1.0,0.0,0.0,1,70603.0
0,1,19,9,22,0,0,0,0,0,0,1,0,0,0,0,0,0,0,0,0,0,2,2,0.0,0.0,0.0,0.0,1.0,0.0,0.0,255,67,0.26,0.02,0.03,0.0,0.94,0.9,0.0,0.0,0,82637.0
0,1,22,9,212,2809,0,0,0,0,0,1,0,0,0,0,0,0,0,0,0,0,4,7,0.0,0.0,0.0,0.0,1.0,0.0,0.29,67,255,1.0,0.0,0.01,0.02,0.0,0.0,0.0,0.0,0,48592.0
0,1,19,9,3475,0,0,0,0,0,0,1,0,0,0,0,0,0,0,0,0,0,1,1,0.0,0.0,0.0,0.0,1.0,0.0,0.0,198,45,0.23,0.03,0.23,0.0,0.0,0.0,0.0,0.0,0,23113.0
0,2,44,9,1,0,0,0,0,0,0,0,0,0,0,0,0,0,0,0,0,0,1,1,0.0,0.0,0.0,0.0,1.0,0.0,0.0,255,1,0.0,0.28,1.0,0.0,0.0,0.0,0.0,0.0,1,38543.0
0,1,44,5,0,0,0,0,0,0,0,0,0,0,0,0,0,0,0,0,0,0,255,14,1.0,1.0,0.0,0.0,0.05,0.06,0.0,255,7,0.03,0.06,0.0,0.0,1.0,1.0,0.0,0.0,1,41721.0
0,0,14,9,1032,0,0,0,0,0,0,0,0,0,0,0,0,0,0,0,0,0,511,511,0.0,0.0,0.0,0.0,1.0,0.0,0.0,255,167,0.65,0.02,0.65,0.0,0.0,0.0,0.0,0.0,1,116193.0
0,1,31,5,0,0,0,0,0,0,0,0,0,0,0,0,0,0,0,0,0,0,206,10,1.0,1.0,0.0,0.0,0.05,0.07,0.0,255,10,0.04,0.08,0.0,0.0,1.0,1.0,0.0,0.0,1,121481.0
0,1,17,5,0,0,0,0,0,0,0,0,0,0,0,0,0,0,0,0,0,0,55,14,1.0,1.0,0.0,0.0,0.25,0.07,0.0,255,65,0.25,0.02,0.01,0.0,1.0,1.0,0.0,0.0,1,51010.0
0,1,44,1,0,0,0,0,0,0,0,0,0,0,0,0,0,0,0,0,0,0,146,1,0.05,0.0,0.93,1.0,0.01,1.0,0.0,255,1,0.0,0.76,0.0,0.0,0.03,0.0,0.55,1.0,1,27752.0
0,1,22,9,360,7852,0,0,0,0,0,1,0,0,0,0,0,0,0,0,0,0,6,6,0.0,0.0,0.0,0.0,1.0,0.0,0.0,16,255,1.0,0.0,0.06,0.04,0.0,0.0,0.0,0.0,0,119339.0
0,1,32,5,0,0,0,0,0,0,0,0,0,0,0,0,0,0,0,0,0,0,232,1,1.0,1.0,0.0,0.0,0.0,0.06,0.0,255,2,0.01,0.07,0.0,0.0,1.0,1.0,0.0,0.0,1,21821.0
0,2,44,9,105,146,0,0,0,0,0,0,0,0,0,0,0,0,0,0,0,0,1,1,0.0,0.0,0.0,0.0,1.0,0.0,0.0,8,7,0.88,0.25,0.12,0.0,0.0,0.0,0.0,0.0,0,118721.0
0,0,14,9,1032,0,0,0,0,0,0,0,0,0,0,0,0,0,0,0,0,0,511,511,0.0,0.0,0.0,0.0,1.0,0.0,0.0,255,244,0.96,0.01,0.96,0.0,0.0,0.0,0.01,0.0,1,16104.0
0,1,55,5,0,0,0,0,0,0,0,0,0,0,0,0,0,0,0,0,0,0,29,2,1.0,1.0,0.0,0.0,0.07,0.14,0.0,255,62,0.24,0.02,0.01,0.0,1.0,1.0,0.0,0.0,1,946.0
0,1,49,9,836,331,0,0,0,0,0,1,0,0,0,0,0,0,0,0,0,0,1,1,0.0,0.0,0.0,0.0,1.0,0.0,0.0,153,131,0.86,0.03,0.01,0.0,0.0,0.0,0.0,0.0,0,34198.0
0,1,22,9,224,3707,0,0,0,0,0,1,0,0,0,0,0,0,0,0,0,0,3,47,0.0,0.0,0.0,0.0,1.0,0.0,0.04,87,255,1.0,0.0,0.01,0.03,0.0,0.0,0.0,0.0,0,21386.0
0,1,22,9,218,4675,0,0,0,0,0,1,0,0,0,0,0,0,0,0,0,0,8,8,0.0,0.0,0.0,0.0,1.0,0.0,0.0,8,255,1.0,0.0,0.12,0.01,0.0,0.0,0.0,0.0,0,103914.0
0,1,22,9,304,1000,0,0,0,0,0,1,0,0,0,0,0,0,0,0,0,0,2,2,0.0,0.0,0.0,0.0,1.0,0.0,0.0,155,255,1.0,0.0,0.01,0.01,0.0,0.0,0.0,0.0,0,18068.0
0,0,14,9,1032,0,0,0,0,0,0,0,0,0,0,0,0,0,0,0,0,0,511,511,0.0,0.0,0.0,0.0,1.0,0.0,0.0,200,106,0.53,0.04,0.53,0.0,0.01,0.0,0.31,0.0,1,98036.0
0,1,19,9,1556,0,0,0,0,0,0,1,0,0,0,0,0,0,0,0,0,0,5,7,0.0,0.0,0.0,0.0,1.0,0.0,0.29,136,44,0.18,0.02,0.18,0.05,0.0,0.0,0.0,0.0,0,30872.0
0,1,19,9,7077,0,0,0,0,0,0,1,0,0,0,0,0,0,0,0,0,0,4,4,0.0,0.0,0.0,0.0,1.0,0.0,0.0,44,93,0.91,0.05,0.91,0.03,0.0,0.0,0.0,0.0,0,7279.0
0,1,18,2,0,0,0,0,0,0,0,0,0,0,0,0,0,0,0,0,0,0,244,4,0.0,0.0,1.0,1.0,0.02,0.07,0.0,255,4,0.02,0.08,0.0,0.0,0.0,0.0,1.0,1.0,1,7064.0
0,1,22,1,0,0,0,0,0,0,0,0,0,0,0,0,0,0,0,0,0,0,1,2,0.0,0.0,1.0,1.0,1.0,0.0,1.0,6,149,1.0,0.0,0.17,0.03,0.0,0.0,1.0,0.36,0,28526.0
0,1,46,1,0,0,0,0,0,0,0,0,0,0,0,0,0,0,0,0,0,0,250,9,0.0,0.0,1.0,1.0,0.04,0.06,0.0,255,9,0.04,0.07,0.0,0.0,0.0,0.0,1.0,1.0,1,7384.0
0,1,21,5,0,0,0,0,0,0,0,0,0,0,0,0,0,0,0,0,0,0,285,4,1.0,1.0,0.0,0.0,0.01,0.05,0.0,255,4,0.02,0.05,0.0,0.0,1.0,1.0,0.0,0.0,1,118204.0
0,1,60,5,0,0,0,0,0,0,0,0,0,0,0,0,0,0,0,0,0,0,200,1,1.0,1.0,0.0,0.0,0.0,0.05,0.0,255,1,0.0,0.05,0.0,0.0,1.0,1.0,0.0,0.0,1,119323.0
0,1,21,5,0,0,0,0,0,0,0,0,0,0,0,0,0,0,0,0,0,0,253,10,1.0,1.0,0.0,0.0,0.04,0.06,0.0,255,10,0.04,0.07,0.0,0.0,1.0,1.0,0.0,0.0,1,48494.0
0,1,62,5,0,0,0,0,0,0,0,0,0,0,0,0,0,0,0,0,0,0,210,22,1.0,1.0,0.0,0.0,0.1,0.05,0.0,255,22,0.09,0.05,0.0,0.0,1.0,1.0,0.0,0.0,1,73271.0
0,1,44,5,0,0,0,0,0,0,0,0,0,0,0,0,0,0,0,0,0,0,240,15,1.0,1.0,0.0,0.0,0.06,0.06,0.0,255,6,0.02,0.07,0.0,0.0,1.0,1.0,0.0,0.0,1,87893.0
0,2,11,9,45,130,0,0,0,0,0,0,0,0,0,0,0,0,0,0,0,0,68,148,0.0,0.0,0.0,0.0,0.99,0.03,0.01,255,233,0.91,0.02,0.0,0.0,0.0,0.0,0.0,0.0,0,28919.0
0,1,33,5,0,0,0,0,0,0,0,0,0,0,0,0,0,0,0,0,0,0,249,3,1.0,1.0,0.0,0.0,0.01,0.06,0.0,255,3,0.01,0.07,0.0,0.0,1.0,1.0,0.0,0.0,1,57165.0
15,1,55,9,137,136,0,0,2,0,0,0,0,0,0,0,0,0,0,0,0,0,1,1,0.0,0.0,0.0,0.0,1.0,0.0,0.0,84,1,0.01,0.06,0.01,0.0,0.08,0.0,0.0,0.0,0,89785.0
0,1,12,5,0,0,0,0,0,0,0,0,0,0,0,0,0,0,0,0,0,0,253,18,1.0,1.0,0.0,0.0,0.07,0.06,0.0,255,18,0.07,0.06,0.0,0.0,1.0,1.0,0.0,0.0,1,38792.0
0,1,22,9,327,2825,0,0,0,0,0,1,0,0,0,0,0,0,0,0,0,0,4,4,0.0,0.0,0.0,0.0,1.0,0.0,0.0,32,255,1.0,0.0,0.03,0.03,0.0,0.0,0.0,0.0,0,116188.0
0,1,22,9,211,976,0,0,0,0,0,1,0,0,0,0,0,0,0,0,0,0,25,29,0.0,0.0,0.0,0.0,1.0,0.0,0.07,25,255,1.0,0.0,0.04,0.02,0.0,0.01,0.0,0.0,0,16507.0
0,1,33,5,0,0,0,0,0,0,0,0,0,0,0,0,0,0,0,0,0,0,27,1,1.0,1.0,0.0,0.0,0.04,0.19,0.0,255,1,0.0,0.07,0.0,0.0,1.0,1.0,0.0,0.0,1,49710.0
0,1,19,5,0,0,0,0,0,0,0,0,0,0,0,0,0,0,0,0,0,0,280,11,1.0,1.0,0.0,0.0,0.04,0.05,0.0,255,11,0.04,0.05,0.0,0.0,1.0,1.0,0.0,0.0,1,54541.0
0,1,22,9,231,5712,0,0,0,0,0,1,0,0,0,0,0,0,0,0,0,0,15,16,0.0,0.0,0.0,0.0,1.0,0.0,0.12,15,43,1.0,0.0,0.07,0.07,0.0,0.0,0.0,0.0,0,51463.0
0,1,22,5,0,0,0,0,0,0,0,0,0,0,0,0,0,0,0,0,0,0,19,8,1.0,1.0,0.0,0.0,0.42,0.21,0.0,255,64,0.25,0.02,0.02,0.0,1.0,1.0,0.0,0.0,1,87480.0
0,1,53,5,0,0,0,0,0,0,0,0,0,0,0,0,0,0,0,0,0,0,204,16,1.0,1.0,0.0,0.0,0.08,0.06,0.0,255,16,0.06,0.07,0.0,0.0,1.0,1.0,0.0,0.0,1,81806.0
0,1,57,5,0,0,0,0,0,0,0,0,0,0,0,0,0,0,0,0,0,0,264,13,1.0,1.0,0.0,0.0,0.05,0.06,0.0,255,13,0.05,0.07,0.0,0.0,1.0,1.0,0.0,0.0,1,47477.0
0,1,61,5,0,0,0,0,0,0,0,0,0,0,0,0,0,0,0,0,0,0,298,20,1.0,1.0,0.0,0.0,0.07,0.06,0.0,255,20,0.08,0.06,0.0,0.0,1.0,1.0,0.0,0.0,1,97068.0
0,2,11,9,91,0,0,0,0,0,0,0,0,0,0,0,0,0,0,0,0,0,1,1,0.0,0.0,0.0,0.0,1.0,0.0,0.0,17,13,0.76,0.12,0.76,0.0,0.0,0.0,0.0,0.0,0,12702.0
0,1,22,9,231,867,0,0,0,0,0,1,0,0,0,0,0,0,0,0,0,0,17,18,0.0,0.0,0.0,0.0,1.0,0.0,0.11,238,255,1.0,0.0,0.0,0.01,0.0,0.0,0.0,0.0,0,60472.0
0,1,22,9,233,2507,0,0,0,0,0,1,0,0,0,0,0,0,0,0,0,0,6,6,0.0,0.0,0.0,0.0,1.0,0.0,0.0,255,236,0.93,0.01,0.0,0.0,0.0,0.0,0.0,0.0,0,82533.0
0,2,11,9,45,123,0,0,0,0,0,0,0,0,0,0,0,0,0,0,0,0,29,68,0.0,0.0,0.0,0.0,1.0,0.0,0.03,255,255,1.0,0.0,0.0,0.0,0.0,0.0,0.0,0.0,0,12400.0
0,1,22,9,293,306,0,0,0,0,0,1,0,0,0,0,0,0,0,0,0,0,27,28,0.0,0.0,0.0,0.0,1.0,0.0,0.07,255,255,1.0,0.0,0.0,0.0,0.0,0.0,0.0,0.0,0,44109.0
0,0,14,9,1032,0,0,0,0,0,0,0,0,0,0,0,0,0,0,0,0,0,510,510,0.0,0.0,0.0,0.0,1.0,0.0,0.0,255,153,0.6,0.03,0.6,0.0,0.0,0.0,0.0,0.0,1,15843.0
0,1,19,9,12,0,0,0,0,0,0,1,0,0,0,0,0,0,0,0,0,0,1,1,0.0,0.0,0.0,0.0,1.0,0.0,0.0,155,67,0.26,0.46,0.25,0.03,0.0,0.0,0.43,0.01,0,85392.0
0,1,61,5,0,0,0,0,0,0,0,0,0,0,0,0,0,0,0,0,0,0,72,4,1.0,1.0,0.0,0.0,0.06,0.08,0.0,255,1,0.0,0.07,0.0,0.0,1.0,1.0,0.0,0.0,1,17158.0
0,1,2,5,0,0,0,0,0,0,0,0,0,0,0,0,0,0,0,0,0,0,128,17,1.0,1.0,0.0,0.0,0.13,0.05,0.0,255,17,0.07,0.05,0.0,0.0,1.0,1.0,0.0,0.0,1,68995.0
0,1,49,9,711,328,0,0,0,0,0,1,0,0,0,0,0,0,0,0,0,0,1,1,0.0,0.0,0.0,0.0,1.0,0.0,0.0,255,155,0.61,0.02,0.0,0.0,0.0,0.0,0.0,0.0,0,30855.0
0,1,22,5,0,0,0,0,0,0,0,0,0,0,0,0,0,0,0,0,0,0,39,10,1.0,1.0,0.0,0.0,0.26,0.1,0.0,255,58,0.23,0.04,0.01,0.0,1.0,1.0,0.0,0.0,1,109775.0
0,1,22,9,309,2698,0,0,0,0,0,1,0,0,0,0,0,0,1,0,0,0,1,1,0.0,0.0,0.0,0.0,1.0,0.0,0.0,255,239,0.94,0.02,0.0,0.0,0.0,0.0,0.0,0.0,0,65332.0
0,1,44,5,0,0,0,0,0,0,0,0,0,0,0,0,0,0,0,0,0,0,160,6,0.86,1.0,0.0,0.0,0.04,0.06,0.0,255,17,0.07,0.05,0.0,0.0,1.0,1.0,0.0,0.0,1,88803.0
1,1,49,9,1046,360,0,0,0,0,0,1,0,0,0,0,0,0,0,0,0,0,1,2,0.0,0.0,0.0,0.0,1.0,0.0,1.0,255,104,0.41,0.03,0.0,0.0,0.0,0.0,0.0,0.0,0,29281.0
0,1,40,1,0,0,0,0,0,0,0,0,0,0,0,0,0,0,0,0,0,0,511,1,0.11,0.0,0.86,1.0,0.0,1.0,0.0,255,1,0.0,1.0,0.0,0.0,0.15,0.0,0.84,1.0,1,71655.0
1,1,57,9,0,4,0,0,0,0,0,0,0,0,0,0,0,0,0,0,0,0,1,1,0.0,0.0,0.0,0.0,1.0,0.0,0.0,2,2,1.0,0.0,0.5,0.0,0.0,0.0,0.0,0.0,0,105829.0
0,1,22,9,294,810,0,0,0,0,0,1,0,0,0,0,0,0,0,0,0,0,36,39,0.0,0.0,0.0,0.0,1.0,0.0,0.08,110,255,1.0,0.0,0.01,0.05,0.0,0.0,0.0,0.0,0,33705.0
0,0,14,9,1032,0,0,0,0,0,0,0,0,0,0,0,0,0,0,0,0,0,18,18,0.0,0.0,0.0,0.0,1.0,0.0,0.0,255,255,1.0,0.0,1.0,0.0,0.0,0.0,0.0,0.0,1,27390.0
0,1,3,1,0,0,0,0,0,0,0,0,0,0,0,0,0,0,0,0,0,0,266,9,0.0,0.0,1.0,1.0,0.03,0.06,0.0,255,9,0.04,0.07,0.0,0.0,0.0,0.0,1.0,1.0,1,24435.0
0,1,22,9,225,17888,0,0,0,0,0,1,0,0,0,0,0,0,0,0,0,0,4,7,0.0,0.0,0.0,0.14,1.0,0.0,0.29,7,13,1.0,0.0,0.14,0.23,0.0,0.0,0.0,0.08,0,36108.0
0,1,22,9,381,622,0,0,0,0,0,1,0,0,0,0,0,0,0,0,0,0,12,17,0.0,0.0,0.0,0.0,1.0,0.0,0.12,255,255,1.0,0.0,0.0,0.0,0.0,0.0,0.0,0.0,0,2563.0
0,1,19,9,748,0,0,0,0,0,0,1,0,0,0,9,0,0,0,0,0,0,1,1,0.0,0.0,0.0,0.0,1.0,0.0,0.0,208,45,0.2,0.01,0.2,0.04,0.0,0.0,0.0,0.0,0,55550.0
0,1,22,1,0,0,0,0,0,0,0,0,0,0,0,0,0,0,0,0,0,0,212,5,0.0,0.0,1.0,1.0,0.02,0.07,0.0,255,5,0.02,0.08,0.0,0.0,0.0,0.0,1.0,1.0,1,29985.0
0,2,11,9,46,75,0,0,0,0,0,0,0,0,0,0,0,0,0,0,0,0,152,155,0.0,0.0,0.0,0.0,1.0,0.0,0.02,255,227,0.89,0.01,0.0,0.0,0.0,0.0,0.0,0.0,0,20975.0
252,1,55,9,205,5359,0,0,0,0,0,1,2,0,0,0,0,0,0,0,0,0,1,1,0.0,0.0,0.0,0.0,1.0,0.0,0.0,255,34,0.13,0.33,0.0,0.0,0.33,0.12,0.0,0.03,0,65698.0
0,1,22,9,241,1899,0,0,0,0,0,1,0,0,0,0,0,0,0,0,0,0,15,15,0.0,0.0,0.0,0.0,1.0,0.0,0.0,15,78,1.0,0.0,0.07,0.06,0.0,0.0,0.0,0.0,0,32188.0
0,2,40,9,1,0,0,0,0,0,0,0,0,0,0,0,0,0,0,0,0,0,10,10,0.0,0.0,0.0,0.0,1.0,0.0,0.0,255,10,0.04,0.2,0.6,0.0,0.0,0.0,0.35,0.0,1,14907.0
0,1,22,9,215,1376,0,0,0,0,0,1,0,0,0,0,0,0,0,0,0,0,11,11,0.0,0.0,0.0,0.0,1.0,0.0,0.0,255,255,1.0,0.0,0.01,0.0,0.0,0.0,0.0,0.0,0,27534.0
0,1,22,9,332,277,0,0,0,0,0,1,0,0,0,0,0,0,0,0,0,0,10,10,0.0,0.0,0.0,0.0,1.0,0.0,0.0,255,232,0.91,0.01,0.0,0.0,0.0,0.0,0.0,0.0,0,41287.0
0,2,44,9,1,0,0,0,0,0,0,0,0,0,0,0,0,0,0,0,0,0,2,2,0.0,0.0,0.0,0.0,1.0,0.0,0.0,255,2,0.01,0.42,0.77,0.0,0.0,0.0,0.23,0.0,1,96980.0
0,1,22,9,302,1509,0,0,0,0,0,1,0,0,0,0,0,0,0,0,0,0,2,2,0.0,0.0,0.0,0.0,1.0,0.0,0.0,15,255,1.0,0.0,0.07,0.03,0.0,0.0,0.0,0.0,0,9265.0
0,1,19,5,0,0,0,0,0,0,0,0,0,0,0,0,0,0,0,0,0,0,66,14,1.0,1.0,0.0,0.0,0.21,0.06,0.0,255,52,0.2,0.04,0.02,0.0,1.0,1.0,0.0,0.0,1,88090.0
0,1,22,9,213,10194,0,0,0,0,0,1,0,0,0,0,0,0,0,0,0,0,3,3,0.0,0.0,0.0,0.0,1.0,0.0,0.0,8,255,1.0,0.0,0.12,0.05,0.0,0.0,0.0,0.01,0,35741.0
0,1,22,1,0,0,0,0,0,0,0,0,0,0,0,0,0,0,0,0,0,0,1,2,0.0,0.0,1.0,1.0,1.0,0.0,1.0,30,255,1.0,0.0,0.03,0.1,0.0,0.0,1.0,1.0,0,30455.0
0,2,11,9,88,0,0,0,0,0,0,0,0,0,0,0,0,0,0,0,0,0,1,2,0.0,0.0,0.0,0.0,1.0,0.0,1.0,88,34,0.39,0.05,0.39,0.0,0.0,0.0,0.0,0.0,0,110148.0
0,1,44,5,0,0,0,0,0,0,0,0,0,0,0,0,0,0,0,0,0,0,113,18,1.0,1.0,0.0,0.0,0.16,0.05,0.0,255,7,0.03,0.07,0.0,0.0,1.0,1.0,0.0,0.0,1,110459.0
0,0,13,9,8,0,0,0,0,0,0,0,0,0,0,0,0,0,0,0,0,0,1,20,0.0,0.0,0.0,0.0,1.0,0.0,1.0,2,180,1.0,0.0,1.0,0.5,0.0,0.0,0.0,0.0,1,7811.0
0,1,22,9,328,71032,0,0,0,0,0,1,0,0,0,0,0,0,0,0,0,0,11,20,0.0,0.0,0.0,0.0,1.0,0.0,0.1,30,255,1.0,0.0,0.03,0.09,0.0,0.0,0.0,0.0,1,66944.0
0,1,44,5,0,0,0,0,0,0,0,0,0,0,0,0,0,0,0,0,0,0,230,13,1.0,1.0,0.0,0.0,0.06,0.06,0.0,255,13,0.05,0.07,0.0,0.0,1.0,1.0,0.0,0.0,1,85714.0
0,1,44,1,0,0,0,0,0,0,0,0,0,0,0,0,0,0,0,0,0,0,2,1,0.0,0.0,1.0,1.0,0.5,1.0,0.0,255,1,0.0,0.69,0.68,0.0,0.0,0.0,0.68,1.0,1,25086.0
0,1,44,5,0,0,0,0,0,0,0,0,0,0,0,0,0,0,0,0,0,0,119,9,1.0,1.0,0.0,0.0,0.08,0.07,0.0,255,11,0.04,0.05,0.0,0.0,1.0,1.0,0.0,0.0,1,120291.0
0,1,22,9,315,283,0,0,0,0,0,1,0,0,0,0,0,0,0,0,0,0,18,18,0.0,0.0,0.0,0.0,1.0,0.0,0.0,227,255,1.0,0.0,0.0,0.01,0.0,0.0,0.0,0.0,0,82828.0
0,1,22,5,0,0,0,0,0,0,0,0,0,0,0,0,0,0,0,0,0,0,19,6,1.0,1.0,0.0,0.0,0.32,0.16,0.0,255,63,0.25,0.02,0.0,0.0,1.0,1.0,0.0,0.0,1,91309.0
0,1,22,9,317,7203,0,0,0,0,0,1,0,0,0,0,0,0,0,0,0,0,12,12,0.0,0.0,0.0,0.0,1.0,0.0,0.0,13,254,1.0,0.0,0.08,0.08,0.0,0.0,0.0,0.0,0,113509.0
0,2,11,9,44,139,0,0,0,0,0,0,0,0,0,0,0,0,0,0,0,0,42,123,0.0,0.0,0.0,0.0,1.0,0.0,0.02,176,128,0.73,0.02,0.01,0.0,0.0,0.0,0.0,0.0,0,65187.0
0,1,22,9,230,27222,0,0,0,0,0,1,0,0,0,0,0,0,0,0,0,0,6,11,0.0,0.0,0.0,0.0,1.0,0.0,0.18,243,255,1.0,0.0,0.0,0.02,0.0,0.0,0.0,0.0,0,109783.0
0,1,22,9,225,22047,0,0,0,0,0,1,0,0,0,0,0,0,0,0,0,0,20,20,0.05,0.05,0.0,0.0,1.0,0.0,0.0,119,255,1.0,0.0,0.01,0.01,0.01,0.0,0.0,0.0,0,20651.0
0,1,22,9,139,31614,0,0,0,0,0,1,0,0,0,0,0,0,0,0,0,0,2,2,0.0,0.0,0.0,0.0,1.0,0.0,0.0,35,255,1.0,0.0,0.03,0.03,0.0,0.0,0.0,0.0,0,122338.0
0,2,44,9,28,0,0,3,0,0,0,0,0,0,0,0,0,0,0,0,0,0,91,91,0.0,0.0,0.0,0.0,1.0,0.0,0.0,255,58,0.23,0.01,0.23,0.0,0.0,0.0,0.0,0.0,1,60315.0
0,1,50,1,0,0,0,0,0,0,0,0,0,0,0,0,0,0,0,0,0,0,185,17,0.0,0.0,1.0,1.0,0.09,0.07,0.0,255,17,0.07,0.07,0.0,0.0,0.0,0.0,1.0,1.0,1,58397.0
0,1,23,5,0,0,0,0,0,0,0,0,0,0,0,0,0,0,0,0,0,0,138,18,1.0,1.0,0.0,0.0,0.13,0.05,0.0,255,18,0.07,0.06,0.0,0.0,1.0,1.0,0.0,0.0,1,33037.0
0,1,22,9,350,1378,0,0,0,0,0,1,0,0,0,0,0,0,0,0,0,0,4,4,0.0,0.0,0.0,0.0,1.0,0.0,0.0,131,255,1.0,0.0,0.01,0.02,0.0,0.0,0.0,0.0,0,8056.0
0,2,11,9,44,74,0,0,0,0,0,0,0,0,0,0,0,0,0,0,0,0,190,190,0.0,0.0,0.0,0.0,1.0,0.0,0.0,255,206,0.81,0.01,0.0,0.0,0.0,0.0,0.0,0.0,0,74060.0
0,1,22,9,214,762,0,0,0,0,0,1,0,0,0,0,0,0,0,0,0,0,8,15,0.0,0.0,0.0,0.0,1.0,0.0,0.2,189,255,1.0,0.0,0.01,0.01,0.0,0.0,0.0,0.0,0,12570.0
0,1,44,5,0,0,0,0,0,0,0,0,0,0,0,0,0,0,0,0,0,0,47,11,1.0,1.0,0.0,0.0,0.23,0.13,0.0,255,13,0.05,0.09,0.0,0.0,1.0,1.0,0.0,0.0,1,40045.0
0,1,22,9,213,2325,0,0,0,0,0,1,0,0,0,0,0,0,0,0,0,0,10,11,0.0,0.0,0.0,0.0,1.0,0.0,0.18,198,255,1.0,0.0,0.01,0.02,0.0,0.0,0.0,0.0,0,2111.0
0,0,13,9,8,0,0,0,0,0,0,0,0,0,0,0,0,0,0,0,0,0,1,33,0.0,0.0,0.0,0.0,1.0,0.0,1.0,2,48,1.0,0.0,1.0,0.5,0.0,0.0,0.0,0.0,1,10219.0
0,1,44,5,0,0,0,0,0,0,0,0,0,0,0,0,0,0,0,0,0,0,93,4,1.0,1.0,0.0,0.0,0.04,0.09,0.0,255,4,0.02,0.07,0.0,0.0,1.0,1.0,0.0,0.0,1,25236.0
0,1,44,5,0,0,0,0,0,0,0,0,0,0,0,0,0,0,0,0,0,0,297,19,1.0,1.0,0.0,0.0,0.06,0.06,0.0,255,14,0.05,0.07,0.0,0.0,1.0,1.0,0.0,0.0,1,63970.0
0,1,22,9,273,6921,0,0,0,0,0,1,0,0,0,0,0,0,0,0,0,0,20,20,0.0,0.0,0.0,0.0,1.0,0.0,0.0,20,255,1.0,0.0,0.05,0.04,0.0,0.0,0.0,0.0,0,115004.0
0,1,44,5,0,0,0,0,0,0,0,0,0,0,0,0,0,0,0,0,0,0,56,11,1.0,1.0,0.0,0.0,0.2,0.11,0.0,255,11,0.04,0.08,0.0,0.0,1.0,1.0,0.0,0.0,1,78286.0
0,1,44,5,0,0,0,0,0,0,0,0,0,0,0,0,0,0,0,0,0,0,85,6,1.0,1.0,0.0,0.0,0.07,0.07,0.0,255,6,0.02,0.05,0.0,0.0,1.0,1.0,0.0,0.0,1,43172.0
0,1,22,9,253,613,0,0,0,0,0,1,0,0,0,0,0,0,0,0,0,0,16,16,0.0,0.0,0.0,0.0,1.0,0.0,0.0,255,255,1.0,0.0,0.0,0.0,0.0,0.0,0.0,0.0,0,108635.0
9163,2,40,9,146,105,0,0,0,0,0,0,0,0,0,0,0,0,0,0,0,0,4,2,0.0,0.0,0.0,0.0,0.5,0.5,0.0,255,2,0.01,0.69,0.97,0.0,0.0,0.0,0.0,0.0,0,104972.0
0,1,16,2,0,0,0,0,0,0,0,0,0,0,0,0,0,0,0,0,0,0,122,8,0.0,0.0,1.0,1.0,0.07,0.06,0.0,255,8,0.03,0.07,0.0,0.0,0.0,0.0,1.0,1.0,1,114093.0
0,1,2,5,0,0,0,0,0,0,0,0,0,0,0,0,0,0,0,0,0,0,263,19,1.0,1.0,0.0,0.0,0.07,0.05,0.0,255,19,0.07,0.05,0.0,0.0,1.0,1.0,0.0,0.0,1,49967.0
0,1,22,9,297,1695,0,0,0,0,0,1,0,0,0,0,0,0,0,0,0,0,5,14,0.0,0.0,0.0,0.0,1.0,0.0,0.21,92,255,1.0,0.0,0.01,0.04,0.0,0.0,0.0,0.0,0,74539.0
0,1,44,1,0,0,0,0,0,0,0,0,0,0,0,0,0,0,0,0,0,0,114,12,0.0,0.0,1.0,1.0,0.11,0.06,0.0,255,12,0.05,0.06,0.0,0.0,0.0,0.0,1.0,1.0,1,107879.0
0,0,58,9,181,0,0,0,0,0,0,0,0,0,0,0,0,0,0,0,0,0,5,3,0.0,0.0,0.0,0.0,0.6,0.4,0.0,255,89,0.35,0.01,0.44,0.0,0.0,0.0,0.0,0.0,0,90919.0
0,1,22,9,219,392,0,0,0,0,0,1,0,0,0,0,0,0,0,0,0,0,24,45,0.0,0.0,0.0,0.0,1.0,0.0,0.11,255,255,1.0,0.0,0.0,0.0,0.0,0.0,0.0,0.0,0,99184.0
0,0,13,9,8,0,0,0,0,0,0,0,0,0,0,0,0,0,0,0,0,0,1,42,0.0,0.0,0.0,0.0,1.0,0.0,1.0,1,58,1.0,0.0,1.0,0.52,0.0,0.0,0.0,0.0,1,57252.0
0,1,44,5,0,0,0,0,0,0,0,0,0,0,0,0,0,0,0,0,0,0,135,25,1.0,1.0,0.0,0.0,0.19,0.05,0.0,255,25,0.1,0.05,0.0,0.0,1.0,1.0,0.0,0.0,1,112454.0
0,1,22,9,217,4459,0,0,0,0,0,1,0,0,0,0,0,0,0,0,0,0,8,9,0.0,0.0,0.0,0.0,1.0,0.0,0.22,255,255,1.0,0.0,0.0,0.0,0.0,0.0,0.0,0.0,0,13088.0
0,1,22,9,217,1079,0,0,0,0,0,1,0,0,0,0,0,0,0,0,0,0,4,4,0.25,0.25,0.0,0.0,1.0,0.0,0.0,29,255,1.0,0.0,0.03,0.04,0.03,0.01,0.0,0.01,0,118241.0
0,1,22,9,313,370,0,0,0,0,0,1,0,0,0,0,0,0,0,0,0,0,10,10,0.0,0.0,0.0,0.0,1.0,0.0,0.0,255,255,1.0,0.0,0.0,0.0,0.0,0.0,0.0,0.0,0,78990.0
0,1,22,6,253,73000,0,0,0,0,0,1,0,0,0,0,0,0,0,0,0,0,1,1,1.0,1.0,0.0,0.0,1.0,0.0,0.0,255,255,1.0,0.0,0.0,0.0,0.0,0.0,0.0,0.0,0,103905.0
0,0,13,9,8,0,0,0,0,0,0,0,0,0,0,0,0,0,0,0,0,0,1,4,0.0,0.0,0.0,0.0,1.0,0.0,1.0,1,23,1.0,0.0,1.0,0.57,0.0,0.0,0.0,0.0,1,116353.0
0,2,40,9,1,0,0,0,0,0,0,0,0,0,0,0,0,0,0,0,0,0,16,2,0.0,0.0,0.0,0.0,0.12,0.44,0.0,255,2,0.01,0.25,1.0,0.0,0.0,0.0,0.0,0.0,1,19221.0
0,1,55,5,0,0,0,0,0,0,0,0,0,0,0,0,0,0,0,0,0,0,19,19,1.0,1.0,0.0,0.0,1.0,0.0,0.0,141,81,0.57,0.01,0.01,0.0,0.99,0.98,0.0,0.0,1,54860.0
0,1,22,5,0,0,0,0,0,0,0,0,0,0,0,0,0,0,0,0,0,0,22,5,1.0,1.0,0.0,0.0,0.23,0.18,0.0,255,57,0.22,0.04,0.01,0.0,1.0,1.0,0.0,0.0,1,54141.0
0,2,11,9,45,136,0,0,0,0,0,0,0,0,0,0,0,0,0,0,0,0,70,220,0.0,0.0,0.0,0.0,1.0,0.0,0.02,210,196,0.81,0.01,0.73,0.01,0.0,0.0,0.07,0.0,0,27770.0
0,2,40,9,516,4,0,0,0,0,0,0,0,0,0,0,0,0,0,0,0,0,194,194,0.0,0.0,0.0,0.0,1.0,0.0,0.0,194,194,1.0,0.0,1.0,0.0,0.0,0.0,0.0,0.0,0,97781.0
0,1,44,5,0,0,0,0,0,0,0,0,0,0,0,0,0,0,0,0,0,0,94,3,1.0,1.0,0.0,0.0,0.03,0.06,0.0,255,20,0.08,0.07,0.0,0.0,1.0,1.0,0.0,0.0,1,29776.0
0,1,22,9,208,1227,0,0,0,0,0,1,0,0,0,0,0,0,0,0,0,0,6,6,0.0,0.0,0.0,0.0,1.0,0.0,0.0,64,64,1.0,0.0,0.02,0.0,0.0,0.0,0.02,0.02,0,74684.0
0,1,22,9,328,19281,0,0,0,0,0,1,0,0,0,0,0,0,0,0,0,0,1,1,0.0,0.0,0.0,0.0,1.0,0.0,0.0,27,255,1.0,0.0,0.04,0.04,0.0,0.0,0.0,0.0,0,29226.0
0,1,30,2,0,0,0,0,0,0,0,0,0,0,0,0,0,0,0,0,0,0,107,2,0.0,0.0,1.0,1.0,0.02,0.07,0.0,255,2,0.01,0.06,0.0,0.0,0.0,0.0,1.0,1.0,1,125598.0
0,2,11,9,42,108,0,0,0,0,0,0,0,0,0,0,0,0,0,0,0,0,1,1,0.0,0.0,0.0,0.0,1.0,0.0,0.0,66,203,0.74,0.03,0.74,0.01,0.02,0.0,0.2,0.0,0,17611.0
0,1,22,9,200,286,0,0,0,0,0,1,0,0,0,0,0,0,0,0,0,0,13,21,0.0,0.0,0.0,0.0,1.0,0.0,0.1,60,255,1.0,0.0,0.02,0.05,0.0,0.0,0.0,0.0,0,66967.0
0,1,22,9,294,1389,0,0,0,0,0,1,0,0,0,0,0,0,0,0,0,0,14,15,0.0,0.0,0.0,0.0,1.0,0.0,0.13,255,255,1.0,0.0,0.0,0.0,0.0,0.0,0.0,0.0,0,20035.0
0,1,54,5,0,0,0,0,0,0,0,0,0,0,0,0,0,0,0,0,0,0,235,1,1.0,1.0,0.0,0.0,0.0,0.05,0.0,255,1,0.0,0.06,0.0,0.0,1.0,1.0,0.0,0.0,1,9883.0
0,1,49,9,1176,331,0,0,0,0,0,1,0,0,0,0,0,0,0,0,0,0,1,1,0.0,0.0,0.0,0.0,1.0,0.0,0.0,4,157,1.0,0.0,0.25,0.02,0.0,0.0,0.0,0.0,0,53355.0
0,0,13,9,8,0,0,0,0,0,0,0,0,0,0,0,0,0,0,0,0,0,1,13,0.0,0.0,0.0,0.0,1.0,0.0,1.0,3,75,1.0,0.0,1.0,0.25,0.0,0.0,0.0,0.0,1,77791.0
0,1,18,5,0,0,0,0,0,0,0,0,0,0,0,0,0,0,0,0,0,0,254,8,1.0,1.0,0.0,0.0,0.03,0.06,0.0,255,8,0.03,0.05,0.0,0.0,1.0,1.0,0.0,0.0,1,93504.0
0,2,40,9,146,0,0,0,0,0,0,0,0,0,0,0,0,0,0,0,0,0,1,1,0.0,0.0,0.0,0.0,1.0,0.0,0.0,255,1,0.0,0.83,0.97,0.0,0.0,0.0,0.0,0.0,0,66361.0
0,1,19,9,7196,0,0,0,0,0,0,0,0,0,0,0,0,0,0,0,0,0,2,2,0.0,0.0,0.0,0.0,1.0,0.0,0.0,255,18,0.07,0.03,0.07,0.0,0.0,0.0,0.01,0.0,0,79527.0
0,1,19,9,10261,0,0,0,0,0,0,0,0,0,0,0,0,0,0,0,0,0,6,6,0.0,0.0,0.0,0.0,1.0,0.0,0.0,28,68,0.43,0.14,0.43,0.03,0.0,0.0,0.0,0.0,0,89760.0
0,2,44,9,105,147,0,0,0,0,0,0,0,0,0,0,0,0,0,0,0,0,8,1,0.0,0.0,0.0,0.0,0.12,0.25,0.0,255,224,0.88,0.01,0.0,0.0,0.0,0.0,0.0,0.0,0,69704.0
0,1,22,7,267,0,0,0,0,2,0,1,0,0,0,0,0,0,0,0,0,0,1,1,1.0,1.0,0.0,0.0,1.0,0.0,0.0,86,159,1.0,0.0,0.01,0.05,0.01,0.01,0.0,0.01,0,74217.0
0,1,22,9,286,5989,0,0,0,0,0,1,0,0,0,0,0,0,0,0,0,0,2,2,0.0,0.0,0.0,0.0,1.0,0.0,0.0,1,255,1.0,0.0,1.0,0.07,0.0,0.0,0.0,0.03,0,74502.0
0,1,22,1,0,0,0,0,0,0,0,0,0,0,0,0,0,0,0,0,0,0,228,5,0.0,0.0,1.0,1.0,0.02,0.07,0.0,255,5,0.02,0.07,0.0,0.0,0.0,0.0,1.0,1.0,1,22205.0
0,1,22,1,0,0,0,0,0,0,0,0,0,0,0,0,0,0,0,0,0,0,1,5,0.0,0.0,1.0,0.4,1.0,0.0,0.6,118,255,1.0,0.0,0.01,0.09,0.0,0.0,0.47,0.67,0,117746.0
0,1,44,1,0,0,0,0,0,0,0,0,0,0,0,0,0,0,0,0,0,0,2,1,0.0,0.0,1.0,1.0,0.5,1.0,0.0,255,1,0.0,0.37,0.31,0.0,0.22,0.0,0.32,1.0,1,37463.0
0,2,44,9,1,0,0,0,0,0,0,0,0,0,0,0,0,0,0,0,0,0,124,114,0.0,0.0,0.0,0.0,0.92,0.02,0.0,255,182,0.71,0.04,1.0,0.0,0.0,0.0,0.0,0.0,1,63886.0
0,0,13,9,8,0,0,0,0,0,0,0,0,0,0,0,0,0,0,0,0,0,1,41,0.0,0.0,0.0,0.0,1.0,0.0,1.0,2,42,1.0,0.0,1.0,0.26,0.0,0.0,0.0,0.0,1,40347.0
0,1,44,5,0,0,0,0,0,0,0,0,0,0,0,0,0,0,0,0,0,0,21,21,1.0,1.0,0.0,0.0,1.0,0.0,0.0,255,21,0.08,0.06,0.0,0.0,1.0,1.0,0.0,0.0,1,82541.0
0,1,44,1,0,0,0,0,0,0,0,0,0,0,0,0,0,0,0,0,0,0,199,2,0.0,0.0,1.0,1.0,0.01,0.07,0.0,255,2,0.01,0.09,0.0,0.0,0.0,0.0,1.0,1.0,1,6860.0
0,1,19,9,334,0,0,0,0,0,0,1,0,0,0,0,0,0,0,0,0,0,2,2,0.0,0.0,0.0,0.0,1.0,0.0,0.0,251,101,0.4,0.02,0.4,0.0,0.0,0.0,0.0,0.0,1,39711.0
0,1,36,5,0,0,0,0,0,0,0,0,0,0,0,0,0,0,0,0,0,0,194,13,1.0,1.0,0.0,0.0,0.07,0.08,0.0,255,13,0.05,0.08,0.0,0.0,1.0,1.0,0.0,0.0,1,79038.0
0,1,5,5,0,0,0,0,0,0,0,0,0,0,0,0,0,0,0,0,0,0,141,20,1.0,1.0,0.0,0.0,0.14,0.06,0.0,255,20,0.08,0.06,0.0,0.0,1.0,1.0,0.0,0.0,1,123324.0
0,2,11,9,46,46,0,0,0,0,0,0,0,0,0,0,0,0,0,0,0,0,218,218,0.0,0.0,0.0,0.0,1.0,0.0,0.0,255,255,1.0,0.0,0.0,0.0,0.0,0.0,0.0,0.0,0,42745.0
0,0,13,9,8,0,0,0,0,0,0,0,0,0,0,0,0,0,0,0,0,0,1,11,0.0,0.0,0.0,0.0,1.0,0.0,1.0,1,9,1.0,0.0,1.0,0.33,0.0,0.0,0.0,0.0,1,7021.0
0,1,19,9,12,0,0,0,0,0,0,1,0,0,0,0,0,0,0,0,0,0,2,2,0.0,0.0,0.0,0.0,1.0,0.0,0.0,37,11,0.24,0.14,0.24,0.18,0.0,0.0,0.0,0.0,0,11334.0
0,2,44,9,28,0,0,3,0,0,0,0,0,0,0,0,0,0,0,0,0,0,29,29,0.0,0.0,0.0,0.0,1.0,0.0,0.0,255,96,0.38,0.01,0.38,0.0,0.0,0.0,0.0,0.0,1,46857.0
0,1,44,1,0,0,0,0,0,0,0,0,0,0,0,0,0,0,0,0,0,0,319,1,0.07,0.0,0.89,1.0,0.0,1.0,0.0,255,1,0.0,1.0,0.0,0.0,0.08,0.0,0.89,1.0,1,82301.0
0,1,22,2,0,2920,0,0,0,0,0,1,0,0,0,0,0,0,0,0,0,0,9,9,0.0,0.0,0.11,0.11,1.0,0.0,0.0,117,255,1.0,0.0,0.01,0.02,0.0,0.0,0.01,0.0,0,120032.0
0,1,44,5,0,0,0,0,0,0,0,0,0,0,0,0,0,0,0,0,0,0,280,6,1.0,1.0,0.0,0.0,0.02,0.06,0.0,255,7,0.03,0.06,0.0,0.0,1.0,1.0,0.0,0.0,1,85025.0
0,1,2,5,0,0,0,0,0,0,0,0,0,0,0,0,0,0,0,0,0,0,201,1,1.0,1.0,0.0,0.0,0.0,0.06,0.0,255,6,0.02,0.08,0.0,0.0,1.0,1.0,0.0,0.0,1,116399.0
0,1,19,9,567,0,0,0,0,0,0,1,0,0,0,6,0,0,0,0,0,0,1,1,0.0,0.0,0.0,0.0,1.0,0.0,0.0,174,44,0.22,0.04,0.22,0.05,0.0,0.0,0.0,0.0,0,112367.0
0,1,22,9,292,8258,0,0,0,0,0,1,0,0,0,0,0,0,0,0,0,0,4,45,0.0,0.0,0.0,0.0,1.0,0.0,0.04,255,255,1.0,0.0,0.0,0.0,0.0,0.0,0.0,0.0,0,21824.0
0,1,22,9,166,1129,0,0,0,0,0,1,0,0,0,0,0,0,0,0,0,0,7,7,0.0,0.0,0.0,0.0,1.0,0.0,0.0,50,255,1.0,0.0,0.02,0.04,0.0,0.0,0.0,0.0,0,47907.0
0,1,44,5,0,0,0,0,0,0,0,0,0,0,0,0,0,0,0,0,0,0,166,7,1.0,1.0,0.0,0.0,0.04,0.07,0.0,255,7,0.03,0.06,0.0,0.0,1.0,1.0,0.0,0.0,1,12444.0
0,1,22,9,185,15279,0,0,0,0,0,1,0,0,0,0,0,0,0,0,0,0,1,1,0.0,0.0,0.0,0.0,1.0,0.0,0.0,163,255,1.0,0.0,0.01,0.02,0.0,0.0,0.0,0.0,0,31199.0
0,1,28,5,0,0,0,0,0,0,0,0,0,0,0,0,0,0,0,0,0,0,288,9,1.0,1.0,0.0,0.0,0.03,0.05,0.0,255,9,0.04,0.05,0.0,0.0,1.0,1.0,0.0,0.0,1,31511.0
0,1,19,9,15876,0,0,0,0,0,0,0,0,0,0,0,0,0,0,0,0,0,16,16,0.0,0.0,0.0,0.0,1.0,0.0,0.0,201,92,0.46,0.03,0.46,0.0,0.0,0.0,0.0,0.0,0,14416.0
0,2,44,9,207,0,0,0,0,0,0,0,0,0,0,0,0,0,0,0,0,0,2,2,0.0,0.0,0.0,0.0,1.0,0.0,0.0,255,214,0.84,0.01,0.84,0.0,0.0,0.0,0.0,0.0,0,101154.0
0,1,22,5,0,0,0,0,0,0,0,0,0,0,0,0,0,0,0,0,0,0,55,18,1.0,1.0,0.0,0.0,0.33,0.05,0.0,255,64,0.25,0.02,0.0,0.0,1.0,1.0,0.0,0.0,1,120415.0
0,1,50,5,0,0,0,0,0,0,0,0,0,0,0,0,0,0,0,0,0,0,101,1,1.0,1.0,0.0,0.0,0.01,0.07,0.0,255,21,0.08,0.08,0.0,0.0,1.0,1.0,0.0,0.0,1,104247.0
0,1,22,9,224,14144,0,0,0,0,0,1,0,0,0,0,0,0,0,0,0,0,1,1,0.0,0.0,0.0,0.0,1.0,0.0,0.0,34,255,1.0,0.0,0.03,0.02,0.09,0.01,0.0,0.01,0,89675.0
0,1,22,9,296,3899,0,0,0,0,0,1,0,0,0,0,0,0,0,0,0,0,18,18,0.0,0.0,0.0,0.0,1.0,0.0,0.0,18,18,1.0,0.0,0.06,0.0,0.0,0.0,0.0,0.0,0,91035.0
0,1,22,9,188,31244,0,0,0,0,0,1,0,0,0,0,0,0,0,0,0,0,1,1,0.0,0.0,0.0,0.0,1.0,0.0,0.0,255,255,1.0,0.0,0.0,0.0,0.0,0.0,0.0,0.0,0,52244.0
1,1,49,9,1561,327,0,0,0,0,0,1,0,0,0,0,0,0,0,0,0,0,1,4,0.0,0.0,0.0,0.0,1.0,0.0,1.0,58,153,0.67,0.05,0.02,0.02,0.0,0.0,0.0,0.0,0,40015.0
0,1,44,5,0,0,0,0,0,0,0,0,0,0,0,0,0,0,0,0,0,0,235,22,1.0,1.0,0.0,0.0,0.09,0.05,0.0,255,22,0.09,0.05,0.0,0.0,1.0,1.0,0.0,0.0,1,18201.0
0,1,59,5,0,0,0,0,0,0,0,0,0,0,0,0,0,0,0,0,0,0,111,2,1.0,1.0,0.0,0.0,0.02,0.06,0.0,255,2,0.01,0.05,0.0,0.0,1.0,1.0,0.0,0.0,1,64983.0
0,1,22,9,363,336,0,0,0,0,0,1,0,0,0,0,0,0,0,0,0,0,11,13,0.0,0.0,0.0,0.0,1.0,0.0,0.23,255,255,1.0,0.0,0.0,0.0,0.0,0.0,0.01,0.01,0,11275.0
0,1,22,9,176,10478,0,0,0,0,0,1,0,0,0,0,0,0,0,0,0,0,1,1,0.0,0.0,0.0,0.0,1.0,0.0,0.0,255,248,0.97,0.01,0.0,0.0,0.0,0.0,0.0,0.0,0,91025.0
0,2,40,9,147,0,0,0,0,0,0,0,0,0,0,0,0,0,0,0,0,0,5,1,0.0,0.0,0.0,0.0,0.2,0.6,0.0,255,1,0.0,0.17,0.32,0.0,0.0,0.0,0.0,0.0,0,106411.0
0,1,22,9,234,4137,0,0,0,0,0,1,0,0,0,0,0,0,0,0,0,0,19,19,0.0,0.0,0.0,0.0,1.0,0.0,0.0,255,255,1.0,0.0,0.0,0.0,0.0,0.0,0.0,0.0,0,85588.0
0,1,1,9,248,400,0,0,0,0,0,1,0,0,0,0,0,0,0,0,0,0,1,1,0.0,0.0,0.0,0.0,1.0,0.0,0.0,4,4,1.0,0.0,0.25,0.0,0.25,0.25,0.0,0.0,0,73795.0
0,1,25,1,0,0,0,0,0,0,0,0,0,0,0,0,0,0,0,0,0,0,239,17,0.0,0.0,1.0,1.0,0.07,0.07,0.0,255,17,0.07,0.08,0.0,0.0,0.0,0.0,1.0,1.0,1,46591.0
0,1,28,1,0,0,0,0,0,0,0,0,0,0,0,0,0,0,0,0,0,0,117,2,0.0,0.0,1.0,1.0,0.02,0.08,0.0,255,2,0.01,0.08,0.0,0.0,0.0,0.0,1.0,1.0,1,7153.0
0,1,44,5,0,0,0,0,0,0,0,0,0,0,0,0,0,0,0,0,0,0,192,13,1.0,1.0,0.0,0.0,0.07,0.08,0.0,255,13,0.05,0.07,0.0,0.0,1.0,1.0,0.0,0.0,1,33459.0
0,1,7,5,0,0,0,0,0,0,0,0,0,0,0,0,0,0,0,0,0,0,208,4,1.0,1.0,0.0,0.0,0.02,0.07,0.0,255,4,0.02,0.09,0.0,0.0,1.0,1.0,0.0,0.0,1,121839.0
0,1,22,9,207,1158,0,0,0,0,0,1,0,0,0,0,0,0,0,0,0,0,21,22,0.0,0.0,0.0,0.0,1.0,0.0,0.09,24,255,1.0,0.0,0.04,0.04,0.0,0.0,0.0,0.0,0,77065.0
0,2,11,9,46,46,0,0,0,0,0,0,0,0,0,0,0,0,0,0,0,0,135,135,0.0,0.0,0.0,0.0,1.0,0.0,0.0,255,255,1.0,0.0,0.0,0.0,0.0,0.0,0.0,0.0,0,92528.0
0,1,22,9,348,387,0,0,0,0,0,1,0,0,0,0,0,0,0,0,0,0,13,13,0.0,0.0,0.0,0.0,1.0,0.0,0.0,255,255,1.0,0.0,0.0,0.0,0.0,0.0,0.0,0.0,0,120215.0
0,1,27,5,0,0,0,0,0,0,0,0,0,0,0,0,0,0,0,0,0,0,150,25,1.0,1.0,0.0,0.0,0.17,0.05,0.0,255,25,0.1,0.05,0.0,0.0,1.0,1.0,0.0,0.0,1,75607.0
0,1,44,5,0,0,0,0,0,0,0,0,0,0,0,0,0,0,0,0,0,0,129,16,1.0,1.0,0.0,0.0,0.12,0.06,0.0,255,8,0.03,0.07,0.0,0.0,1.0,1.0,0.0,0.0,1,19244.0
0,1,49,9,895,366,0,0,0,0,0,1,0,0,0,0,0,0,0,0,0,0,1,4,0.0,0.0,0.0,0.0,1.0,0.0,1.0,126,116,0.3,0.06,0.01,0.02,0.0,0.0,0.0,0.0,0,34931.0
0,0,13,9,8,0,0,0,0,0,0,0,0,0,0,0,0,0,0,0,0,0,1,30,0.0,0.0,0.0,0.0,1.0,0.0,1.0,2,86,1.0,0.0,1.0,0.5,0.0,0.0,0.0,0.0,1,114597.0
0,1,44,5,0,0,0,0,0,0,0,0,0,0,0,0,0,0,0,0,0,0,184,12,1.0,1.0,0.0,0.0,0.07,0.08,0.0,255,2,0.01,0.08,0.0,0.0,1.0,1.0,0.0,0.0,1,112917.0
911,1,40,4,1,0,0,0,0,0,0,0,0,0,0,0,0,0,0,0,0,0,2,2,0.0,0.0,1.0,1.0,1.0,0.0,0.0,255,2,0.01,0.73,1.0,0.0,0.0,0.0,1.0,1.0,1,115397.0
0,1,44,5,0,0,0,0,0,0,0,0,0,0,0,0,0,0,0,0,0,0,247,19,1.0,1.0,0.0,0.0,0.08,0.06,0.0,255,12,0.05,0.09,0.0,0.0,1.0,1.0,0.0,0.0,1,94189.0
0,1,22,9,300,370,0,0,0,0,0,1,0,0,0,0,0,0,0,0,0,0,7,7,0.0,0.0,0.0,0.0,1.0,0.0,0.0,7,255,1.0,0.0,0.14,0.01,0.0,0.0,0.0,0.0,0,93100.0
0,1,22,9,163,9221,0,0,0,0,0,1,0,0,0,0,0,0,0,0,0,0,15,16,0.0,0.0,0.0,0.0,1.0,0.0,0.12,15,255,1.0,0.0,0.07,0.05,0.0,0.0,0.0,0.0,0,47180.0
0,1,22,9,334,280,0,0,0,0,0,1,0,0,0,0,0,0,0,0,0,0,10,10,0.0,0.0,0.0,0.0,1.0,0.0,0.0,255,255,1.0,0.0,0.0,0.0,0.0,0.0,0.0,0.0,0,10460.0
0,1,4,5,0,0,0,0,0,0,0,0,0,0,0,0,0,0,0,0,0,0,276,17,1.0,1.0,0.0,0.0,0.06,0.07,0.0,255,17,0.07,0.08,0.0,0.0,1.0,1.0,0.0,0.0,1,9728.0
0,1,44,5,0,0,0,0,0,0,0,0,0,0,0,0,0,0,0,0,0,0,100,20,1.0,1.0,0.0,0.0,0.2,0.07,0.0,255,20,0.08,0.07,0.0,0.0,1.0,1.0,0.0,0.0,1,98993.0
0,1,55,5,0,0,0,0,0,0,0,0,0,0,0,0,0,0,0,0,0,0,51,12,1.0,1.0,0.0,0.0,0.24,0.08,0.0,255,46,0.18,0.04,0.01,0.0,1.0,1.0,0.0,0.0,1,43957.0
0,1,22,9,255,1645,0,0,0,0,0,1,0,0,0,0,0,0,0,0,0,0,4,7,0.0,0.0,0.0,0.0,1.0,0.0,0.29,126,255,1.0,0.0,0.01,0.04,0.0,0.0,0.0,0.0,0,68343.0
0,1,22,9,294,5173,0,0,0,0,0,1,0,0,0,0,0,0,0,0,0,0,14,22,0.0,0.0,0.0,0.0,1.0,0.0,0.14,14,255,1.0,0.0,0.07,0.02,0.0,0.0,0.0,0.0,0,118715.0
0,0,58,9,182,0,0,0,0,0,0,0,0,0,0,0,0,0,0,0,0,0,2,1,0.0,0.0,0.0,0.0,0.5,1.0,0.0,255,21,0.08,0.01,0.09,0.0,0.0,0.0,0.0,0.0,0,60677.0
0,1,19,9,201,0,0,0,0,0,0,1,0,0,0,0,0,0,0,0,0,0,5,5,0.0,0.0,0.0,0.0,1.0,0.0,0.0,255,114,0.45,0.02,0.45,0.0,0.0,0.0,0.0,0.0,0,1128.0
0,1,10,5,0,0,0,0,0,0,0,0,0,0,0,0,0,0,0,0,0,0,217,18,1.0,1.0,0.0,0.0,0.08,0.07,0.0,255,18,0.07,0.07,0.0,0.0,1.0,1.0,0.0,0.0,1,120225.0
0,1,49,5,0,0,0,0,0,0,0,0,0,0,0,0,0,0,0,0,0,0,257,6,1.0,1.0,0.0,0.0,0.02,0.06,0.0,255,6,0.02,0.07,0.0,0.0,1.0,1.0,0.0,0.0,1,22223.0
0,1,10,9,48,489,0,0,0,0,0,1,0,0,0,0,0,0,0,0,0,0,6,1,0.0,0.0,0.0,0.0,0.17,0.5,0.0,255,1,0.0,0.01,0.0,0.0,0.0,0.0,0.0,0.0,0,48993.0
0,2,11,9,43,124,0,0,0,0,0,0,0,0,0,0,0,0,0,0,0,0,149,229,0.0,0.0,0.0,0.0,1.0,0.0,0.01,255,255,1.0,0.0,0.0,0.0,0.0,0.0,0.0,0.0,0,102448.0
0,1,19,9,5319,0,0,0,0,0,0,1,0,0,0,0,0,0,0,0,0,0,7,7,0.0,0.0,0.0,0.0,1.0,0.0,0.0,255,43,0.17,0.02,0.17,0.0,0.0,0.0,0.73,0.0,0,45140.0
0,1,22,9,177,2175,0,0,0,0,0,1,0,0,0,0,0,0,0,0,0,0,1,1,0.0,0.0,0.0,0.0,1.0,0.0,0.0,255,249,0.98,0.01,0.0,0.0,0.0,0.0,0.0,0.0,0,46667.0
0,1,40,1,0,0,0,0,0,0,0,0,0,0,0,0,0,0,0,0,0,0,509,1,0.18,0.0,0.82,1.0,0.0,1.0,0.0,255,1,0.0,1.0,0.0,0.0,0.11,0.0,0.89,1.0,1,83226.0
0,1,19,9,740,0,0,0,0,0,0,0,0,0,0,0,0,0,0,0,0,0,1,1,0.0,0.0,0.0,0.0,1.0,0.0,0.0,52,32,0.27,0.08,0.27,0.06,0.0,0.0,0.0,0.0,0,20909.0
0,1,22,9,247,1586,0,0,0,0,0,1,0,0,0,0,0,0,0,0,0,0,5,5,0.0,0.0,0.0,0.0,1.0,0.0,0.0,255,255,1.0,0.0,0.01,0.0,0.0,0.0,0.0,0.0,0,43234.0
0,1,19,9,2191,0,0,0,0,0,0,0,0,0,0,0,0,0,0,0,0,0,15,15,0.0,0.0,0.0,0.0,1.0,0.0,0.0,102,39,0.38,0.06,0.38,0.0,0.0,0.0,0.0,0.0,0,103486.0
0,1,44,5,0,0,0,0,0,0,0,0,0,0,0,0,0,0,0,0,0,0,210,13,1.0,1.0,0.0,0.0,0.06,0.07,0.0,255,20,0.08,0.06,0.0,0.0,1.0,1.0,0.0,0.0,1,49712.0
0,0,13,9,8,0,0,0,0,0,0,0,0,0,0,0,0,0,0,0,0,0,1,37,0.0,0.0,0.0,0.0,1.0,0.0,1.0,3,143,1.0,0.0,1.0,0.25,0.0,0.0,0.0,0.0,1,42806.0
0,1,19,9,4316,0,0,0,0,0,0,1,0,0,0,0,0,1,0,0,0,0,11,11,0.0,0.0,0.0,0.0,1.0,0.0,0.0,17,17,1.0,0.0,1.0,0.0,0.0,0.0,0.0,0.0,0,16476.0
0,2,11,9,44,110,0,0,0,0,0,0,0,0,0,0,0,0,0,0,0,0,80,160,0.0,0.0,0.0,0.0,1.0,0.0,0.01,255,218,0.85,0.01,0.0,0.0,0.0,0.0,0.0,0.0,0,19032.0
0,1,22,9,312,1078,0,0,0,0,0,1,0,0,0,0,0,0,0,0,0,0,9,9,0.0,0.0,0.0,0.0,1.0,0.0,0.0,9,255,1.0,0.0,0.11,0.04,0.0,0.0,0.0,0.0,0,71293.0
0,1,36,5,0,0,0,0,0,0,0,0,0,0,0,0,0,0,0,0,0,0,298,25,1.0,1.0,0.0,0.0,0.08,0.05,0.0,255,25,0.1,0.05,0.0,0.0,1.0,1.0,0.0,0.0,1,80829.0
0,0,14,9,520,0,0,0,0,0,0,0,0,0,0,0,0,0,0,0,0,0,302,302,0.0,0.0,0.0,0.0,1.0,0.0,0.0,255,255,1.0,0.0,1.0,0.0,0.0,0.0,0.0,0.0,1,59603.0
0,1,22,9,273,1617,0,0,0,0,0,1,0,0,0,0,0,0,0,0,0,0,5,5,0.0,0.0,0.0,0.0,1.0,0.0,0.0,39,255,1.0,0.0,0.03,0.05,0.0,0.0,0.0,0.0,0,59795.0
0,1,17,5,0,0,0,0,0,0,0,0,0,0,0,0,0,0,0,0,0,0,234,2,1.0,1.0,0.0,0.0,0.01,0.06,0.0,255,14,0.05,0.08,0.0,0.0,1.0,1.0,0.0,0.0,1,72772.0
0,1,0,6,3400,14607,0,0,0,0,0,1,0,0,0,0,0,0,0,0,0,0,2,1,0.5,1.0,0.0,0.0,0.5,1.0,0.0,148,16,0.11,0.01,0.01,0.0,0.01,0.06,0.07,0.69,0,50392.0
0,1,8,2,0,0,0,0,0,0,0,0,0,0,0,0,0,0,0,0,0,0,255,8,0.0,0.0,1.0,1.0,0.03,0.06,0.0,255,8,0.03,0.06,0.0,0.0,0.0,0.0,1.0,1.0,1,15413.0
0,1,19,9,12,0,0,0,0,0,0,1,0,0,0,0,0,0,0,0,0,0,1,1,0.0,0.0,0.0,0.0,1.0,0.0,0.0,95,102,0.06,0.75,0.05,0.02,0.01,0.0,0.72,0.01,0,79915.0
0,1,44,5,0,0,0,0,0,0,0,0,0,0,0,0,0,0,0,0,0,0,275,13,1.0,1.0,0.0,0.0,0.05,0.06,0.0,255,4,0.02,0.08,0.0,0.0,1.0,1.0,0.0,0.0,1,46939.0
0,1,22,9,229,2658,0,0,0,0,0,1,0,0,0,0,0,0,0,0,0,0,3,3,0.0,0.0,0.0,0.0,1.0,0.0,0.0,255,255,1.0,0.0,0.0,0.0,0.0,0.0,0.0,0.0,0,21283.0
0,1,22,9,310,3222,0,0,0,0,0,1,0,0,0,0,0,0,0,0,0,0,7,7,0.0,0.0,0.0,0.0,1.0,0.0,0.0,255,254,1.0,0.01,0.0,0.0,0.0,0.0,0.0,0.0,0,37979.0
0,1,22,9,225,1089,0,0,0,0,0,1,0,0,0,0,0,0,0,0,0,0,36,36,0.0,0.0,0.0,0.0,1.0,0.0,0.0,255,255,1.0,0.0,0.0,0.0,0.0,0.0,0.0,0.0,0,63974.0
0,1,59,5,0,0,0,0,0,0,0,0,0,0,0,0,0,0,0,0,0,0,102,2,1.0,1.0,0.0,0.0,0.02,0.07,0.0,255,4,0.02,0.08,0.0,0.0,1.0,1.0,0.0,0.0,1,28985.0
0,1,44,5,0,0,0,0,0,0,0,0,0,0,0,0,0,0,0,0,0,0,48,13,1.0,1.0,0.0,0.0,0.27,0.12,0.0,255,14,0.05,0.09,0.0,0.0,1.0,1.0,0.0,0.0,1,4662.0
0,2,44,9,1,0,0,0,0,0,0,0,0,0,0,0,0,0,0,0,0,0,19,10,0.0,0.0,0.0,0.0,0.53,0.26,0.0,255,10,0.04,0.22,1.0,0.0,0.0,0.0,0.0,0.0,1,28494.0
0,1,35,4,0,0,0,0,0,0,0,0,0,0,0,0,0,0,0,0,0,0,1,1,0.0,0.0,1.0,1.0,1.0,0.0,0.0,255,1,0.0,0.5,1.0,0.0,0.0,0.0,1.0,1.0,1,16753.0
0,1,40,1,0,0,0,0,0,0,0,0,0,0,0,0,0,0,0,0,0,0,508,1,0.08,0.0,0.92,1.0,0.0,1.0,0.0,255,1,0.0,1.0,0.0,0.0,0.09,0.0,0.91,1.0,1,89333.0
0,2,40,9,516,4,0,0,0,0,0,0,0,0,0,0,0,0,0,0,0,0,305,305,0.0,0.0,0.0,0.0,1.0,0.0,0.0,255,255,1.0,0.0,1.0,0.0,0.0,0.0,0.0,0.0,1,4688.0
0,1,40,1,0,0,0,0,0,0,0,0,0,0,0,0,0,0,0,0,0,0,510,1,0.09,0.0,0.91,1.0,0.0,1.0,0.0,255,1,0.0,1.0,0.0,0.0,0.09,0.0,0.91,1.0,1,99096.0
0,1,22,9,211,481,0,0,0,0,0,1,0,0,0,0,0,0,0,0,0,0,1,1,0.0,0.0,0.0,0.0,1.0,0.0,0.0,70,255,1.0,0.0,0.01,0.03,0.0,0.0,0.0,0.0,0,120197.0
0,1,19,5,0,0,0,0,0,0,0,0,0,0,0,0,0,0,0,0,0,0,72,12,1.0,1.0,0.0,0.0,0.17,0.06,0.0,255,32,0.13,0.06,0.01,0.0,1.0,1.0,0.0,0.0,1,69558.0
0,1,22,9,292,998,0,0,0,0,0,1,0,0,0,0,0,0,0,0,0,0,3,4,0.0,0.0,0.0,0.0,1.0,0.0,0.5,255,255,1.0,0.0,0.0,0.0,0.0,0.0,0.0,0.0,0,61113.0
0,1,22,9,240,2065,0,0,0,0,0,1,0,0,0,0,0,0,0,0,0,0,3,3,0.0,0.0,0.0,0.0,1.0,0.0,0.0,3,255,1.0,0.0,0.33,0.04,0.0,0.0,0.0,0.0,0,122458.0
0,1,59,5,0,0,0,0,0,0,0,0,0,0,0,0,0,0,0,0,0,0,144,20,1.0,1.0,0.0,0.0,0.14,0.06,0.0,255,20,0.08,0.06,0.0,0.0,1.0,1.0,0.0,0.0,1,42702.0
0,1,44,1,0,0,0,0,0,0,0,0,0,0,0,0,0,0,0,0,0,0,1,1,0.0,0.0,1.0,1.0,1.0,0.0,0.0,11,2,0.09,1.0,0.09,1.0,0.0,0.0,1.0,1.0,1,115525.0
0,1,4,5,0,0,0,0,0,0,0,0,0,0,0,0,0,0,0,0,0,0,253,19,1.0,1.0,0.0,0.0,0.08,0.06,0.0,255,3,0.01,0.06,0.0,0.0,1.0,1.0,0.0,0.0,1,20190.0
0,1,49,9,2369,330,0,0,0,0,0,1,0,0,0,0,0,0,0,0,0,0,1,1,0.0,0.0,0.0,0.0,1.0,0.0,0.0,67,102,0.52,0.09,0.01,0.02,0.0,0.0,0.0,0.0,0,70388.0
0,0,14,9,64,0,0,0,0,0,0,0,0,0,0,0,0,0,0,0,0,0,1,1,0.0,0.0,0.0,0.0,1.0,0.0,0.0,41,1,0.02,0.07,0.02,0.0,0.0,0.0,0.0,0.0,0,15780.0
0,1,22,9,280,3307,0,0,0,0,0,1,0,0,0,0,0,0,0,0,0,0,7,7,0.0,0.0,0.0,0.0,1.0,0.0,0.0,121,157,1.0,0.0,0.01,0.01,0.0,0.0,0.0,0.0,0,6275.0
0,0,14,9,520,0,0,0,0,0,0,0,0,0,0,0,0,0,0,0,0,0,457,457,0.0,0.0,0.0,0.0,1.0,0.0,0.0,202,202,1.0,0.0,1.0,0.0,0.0,0.0,0.0,0.0,1,6140.0
0,1,22,1,0,0,0,0,0,0,0,0,0,0,0,0,0,0,0,0,0,0,1,1,0.0,0.0,1.0,1.0,1.0,0.0,0.0,2,255,1.0,0.0,0.5,0.15,0.0,0.0,1.0,0.8,0,20308.0
0,1,22,5,0,0,0,0,0,0,0,0,0,0,0,0,0,0,0,0,0,0,270,17,1.0,1.0,0.0,0.0,0.06,0.05,0.0,255,17,0.07,0.05,0.0,0.0,1.0,1.0,0.0,0.0,1,2480.0
0,2,44,9,105,146,0,0,0,0,0,0,0,0,0,0,0,0,0,0,0,0,6,1,0.0,0.0,0.0,0.0,0.17,0.33,0.0,255,232,0.91,0.01,0.0,0.0,0.0,0.0,0.0,0.0,0,40706.0
0,1,19,5,0,0,0,0,0,0,0,0,0,0,0,0,0,0,0,0,0,0,10,2,1.0,1.0,0.0,0.0,0.2,0.3,0.0,92,54,0.24,0.04,0.01,0.04,0.98,0.41,0.0,0.0,1,116560.0
0,1,44,5,0,0,0,0,0,0,0,0,0,0,0,0,0,0,0,0,0,0,204,10,1.0,1.0,0.0,0.0,0.05,0.06,0.0,255,10,0.04,0.05,0.0,0.0,1.0,1.0,0.0,0.0,1,71775.0
0,1,19,9,641,0,0,0,0,0,0,0,0,0,0,0,0,0,0,0,0,0,1,1,0.0,0.0,0.0,0.0,1.0,0.0,0.0,68,33,0.16,0.06,0.16,0.06,0.0,0.0,0.03,0.0,0,9397.0
0,1,5,1,0,0,0,0,0,0,0,0,0,0,0,0,0,0,0,0,0,0,127,14,0.0,0.0,1.0,1.0,0.11,0.06,0.0,255,14,0.05,0.07,0.0,0.0,0.0,0.0,1.0,1.0,1,55113.0
0,1,49,9,756,335,0,0,0,0,0,1,0,0,0,0,0,0,0,0,0,0,1,2,0.0,0.0,0.0,0.0,1.0,0.0,1.0,63,121,0.54,0.08,0.02,0.02,0.0,0.0,0.0,0.0,0,117564.0
0,0,13,9,8,0,0,0,0,0,0,0,0,0,0,0,0,0,0,0,0,0,1,44,0.0,0.0,0.0,0.0,1.0,0.0,1.0,2,28,1.0,0.0,1.0,0.54,0.0,0.0,0.0,0.0,1,52631.0
0,1,44,5,0,0,0,0,0,0,0,0,0,0,0,0,0,0,0,0,0,0,118,11,1.0,1.0,0.0,0.0,0.09,0.07,0.0,255,10,0.04,0.07,0.0,0.0,1.0,1.0,0.0,0.0,1,38135.0
0,1,4,1,0,0,0,0,0,0,0,0,0,0,0,0,0,0,0,0,0,0,127,10,0.0,0.0,1.0,1.0,0.08,0.08,0.0,255,10,0.04,0.06,0.0,0.0,0.0,0.0,1.0,1.0,1,85634.0
0,2,40,9,516,4,0,0,0,0,0,0,0,0,0,0,0,0,0,0,0,0,458,458,0.0,0.0,0.0,0.0,1.0,0.0,0.0,255,255,1.0,0.0,1.0,0.0,0.0,0.0,0.0,0.0,0,113653.0
0,2,44,9,1,0,0,0,0,0,0,0,0,0,0,0,0,0,0,0,0,0,12,12,0.0,0.0,0.0,0.0,1.0,0.0,0.0,255,209,0.82,0.03,1.0,0.0,0.0,0.0,0.0,0.0,1,17679.0
0,0,13,9,8,0,0,0,0,0,0,0,0,0,0,0,0,0,0,0,0,0,1,35,0.0,0.0,0.0,0.0,1.0,0.0,1.0,2,55,1.0,0.0,1.0,0.51,0.0,0.0,0.0,0.0,1,41200.0
0,1,44,1,0,0,0,0,0,0,0,0,0,0,0,0,0,0,0,0,0,0,144,5,0.0,0.0,1.0,1.0,0.03,0.06,0.0,255,23,0.09,0.06,0.0,0.0,0.0,0.0,1.0,1.0,1,92586.0
30,1,18,9,1227,3380,0,0,0,24,0,1,0,0,0,0,0,0,0,0,0,1,1,1,0.0,0.0,0.0,0.0,1.0,0.0,0.0,243,60,0.25,0.02,0.0,0.0,0.0,0.0,0.0,0.0,0,10333.0
0,1,32,5,0,0,0,0,0,0,0,0,0,0,0,0,0,0,0,0,0,0,299,19,1.0,1.0,0.0,0.0,0.06,0.05,0.0,255,20,0.08,0.06,0.0,0.0,1.0,1.0,0.0,0.0,1,70856.0
0,0,13,9,8,0,0,0,0,0,0,0,0,0,0,0,0,0,0,0,0,0,1,45,0.0,0.0,0.0,0.0,1.0,0.0,1.0,2,62,1.0,0.0,1.0,0.26,0.0,0.0,0.0,0.0,1,16320.0
0,2,11,9,44,117,0,0,0,0,0,0,0,0,0,0,0,0,0,0,0,0,192,191,0.0,0.0,0.0,0.0,0.99,0.01,0.0,255,254,1.0,0.01,0.0,0.0,0.0,0.0,0.0,0.0,0,33816.0
0,1,25,5,0,0,0,0,0,0,0,0,0,0,0,0,0,0,0,0,0,0,294,17,1.0,1.0,0.0,0.0,0.06,0.06,0.0,255,3,0.01,0.07,0.0,0.0,1.0,1.0,0.0,0.0,1,22038.0
0,1,22,9,297,5940,0,0,0,0,0,1,0,0,0,0,0,0,0,0,0,0,18,18,0.0,0.0,0.0,0.0,1.0,0.0,0.0,255,255,1.0,0.0,0.0,0.0,0.0,0.0,0.0,0.0,0,89671.0
1,1,49,9,713,340,0,0,0,0,0,1,0,0,0,0,0,0,0,0,0,0,1,3,0.0,0.0,0.0,0.0,1.0,0.0,1.0,255,149,0.58,0.02,0.0,0.0,0.0,0.0,0.0,0.0,0,69500.0
0,1,33,5,0,0,0,0,0,0,0,0,0,0,0,0,0,0,0,0,0,0,244,20,1.0,1.0,0.0,0.0,0.08,0.05,0.0,255,20,0.08,0.07,0.0,0.0,1.0,1.0,0.0,0.0,1,93642.0
0,1,22,1,0,0,0,0,0,0,0,0,0,0,0,0,0,0,0,0,0,0,1,1,0.0,0.0,1.0,1.0,1.0,0.0,0.0,1,255,1.0,0.0,1.0,0.03,0.0,0.02,1.0,0.03,0,12899.0
0,1,22,9,320,359,0,0,0,0,0,1,0,0,0,0,0,0,0,0,0,0,29,31,0.0,0.0,0.0,0.0,1.0,0.0,0.06,255,255,1.0,0.0,0.0,0.0,0.0,0.0,0.0,0.0,0,31610.0
0,1,59,5,0,0,0,0,0,0,0,0,0,0,0,0,0,0,0,0,0,0,107,6,1.0,1.0,0.0,0.0,0.06,0.06,0.0,255,6,0.02,0.04,0.0,0.0,1.0,1.0,0.0,0.0,1,18679.0
5623,2,40,9,147,105,0,0,0,0,0,0,0,0,0,0,0,0,0,0,0,0,2,2,0.0,0.0,0.0,0.0,1.0,0.0,0.0,255,2,0.01,0.65,0.92,0.0,0.0,0.0,0.0,0.0,0,34381.0
1,1,49,9,978,331,0,0,0,0,0,1,0,0,0,0,0,0,0,0,0,0,1,1,0.0,0.0,0.0,0.0,1.0,0.0,0.0,69,183,0.87,0.07,0.01,0.01,0.0,0.0,0.0,0.0,0,13129.0
0,2,44,9,105,146,0,0,0,0,0,0,0,0,0,0,0,0,0,0,0,0,4,1,0.0,0.0,0.0,0.0,0.25,0.5,0.0,255,238,0.93,0.01,0.01,0.0,0.0,0.0,0.0,0.0,0,95653.0
0,1,19,9,383,0,0,0,0,0,0,1,0,0,0,0,0,0,0,0,0,0,2,2,0.0,0.0,0.0,0.0,1.0,0.0,0.0,88,95,0.49,0.05,0.49,0.02,0.0,0.0,0.05,0.0,0,119645.0
0,1,61,5,0,0,0,0,0,0,0,0,0,0,0,0,0,0,0,0,0,0,238,1,1.0,1.0,0.0,0.0,0.0,0.05,0.0,255,1,0.0,0.06,0.0,0.0,1.0,1.0,0.0,0.0,1,37891.0
0,1,22,9,208,6823,0,0,0,0,0,1,0,0,0,0,0,0,0,0,0,0,1,16,0.0,0.0,0.0,0.0,1.0,0.0,0.25,19,255,1.0,0.0,0.05,0.05,0.0,0.0,0.0,0.0,0,97264.0
0,1,44,5,0,0,0,0,0,0,0,0,0,0,0,0,0,0,0,0,0,0,195,16,1.0,1.0,0.0,0.0,0.08,0.07,0.0,255,2,0.01,0.08,0.0,0.0,1.0,1.0,0.0,0.0,1,27522.0
0,1,5,5,0,0,0,0,0,0,0,0,0,0,0,0,0,0,0,0,0,0,111,17,1.0,1.0,0.0,0.0,0.15,0.05,0.0,255,11,0.04,0.07,0.0,0.0,1.0,1.0,0.0,0.0,1,43359.0
0,1,44,5,0,0,0,0,0,0,0,0,0,0,0,0,0,0,0,0,0,0,290,4,1.0,1.0,0.0,0.0,0.01,0.05,0.0,255,4,0.02,0.05,0.0,0.0,1.0,1.0,0.0,0.0,1,71566.0
0,1,5,5,0,0,0,0,0,0,0,0,0,0,0,0,0,0,0,0,0,0,110,10,1.0,1.0,0.0,0.0,0.09,0.06,0.0,255,10,0.04,0.07,0.0,0.0,1.0,1.0,0.0,0.0,1,90237.0
0,2,11,9,44,80,0,0,0,0,0,0,0,0,0,0,0,0,0,0,0,0,145,145,0.0,0.0,0.0,0.0,1.0,0.0,0.0,255,255,1.0,0.0,0.0,0.0,0.0,0.0,0.0,0.0,0,24851.0
23,1,18,9,285,892,0,0,0,5,0,1,0,0,0,0,0,0,0,0,0,1,1,1,0.0,0.0,0.0,0.0,1.0,0.0,0.0,98,26,0.27,0.05,0.01,0.0,0.0,0.0,0.01,0.04,0,89263.0
0,1,22,6,264,14600,0,0,0,0,0,1,0,0,0,0,0,0,0,0,0,0,1,3,1.0,0.33,0.0,0.0,1.0,0.0,1.0,255,255,1.0,0.0,0.0,0.0,0.01,0.01,0.0,0.0,0,2388.0
0,1,22,9,207,1215,0,0,0,0,0,1,0,0,0,0,0,0,0,0,0,0,8,8,0.0,0.0,0.0,0.0,1.0,0.0,0.0,23,255,1.0,0.0,0.04,0.04,0.0,0.0,0.0,0.0,0,61513.0
0,1,20,5,0,0,0,0,0,0,0,0,0,0,0,0,0,0,0,0,0,0,234,18,1.0,1.0,0.0,0.0,0.08,0.08,0.0,255,18,0.07,0.07,0.0,0.0,1.0,1.0,0.0,0.0,1,117374.0
0,2,44,9,28,0,0,3,0,0,0,0,0,0,0,0,0,0,0,0,0,0,41,41,0.0,0.0,0.0,0.0,1.0,0.0,0.0,255,141,0.55,0.45,0.55,0.0,0.09,0.0,0.36,0.0,1,63676.0
0,1,44,5,0,0,0,0,0,0,0,0,0,0,0,0,0,0,0,0,0,0,233,10,1.0,1.0,0.0,0.0,0.04,0.06,0.0,255,10,0.04,0.09,0.0,0.0,1.0,1.0,0.0,0.0,1,82410.0
0,1,38,5,0,0,0,0,0,0,0,0,0,0,0,0,0,0,0,0,0,0,32,15,1.0,1.0,0.0,0.0,0.47,0.16,0.0,255,15,0.06,0.07,0.0,0.0,1.0,1.0,0.0,0.0,1,32093.0
0,1,22,9,189,12615,0,0,0,0,0,1,0,0,0,0,0,0,0,0,0,0,4,13,0.0,0.0,0.0,0.0,1.0,0.0,0.23,4,255,1.0,0.0,0.25,0.02,0.0,0.0,0.0,0.0,0,46562.0
0,1,22,9,242,5452,0,0,0,0,0,1,0,0,0,0,0,0,0,0,0,0,17,17,0.0,0.0,0.0,0.0,1.0,0.0,0.0,255,255,1.0,0.0,0.0,0.0,0.0,0.0,0.0,0.0,0,34569.0
0,1,22,9,219,356,0,0,0,0,0,1,0,0,0,0,0,0,0,0,0,0,26,26,0.0,0.0,0.0,0.0,1.0,0.0,0.0,255,255,1.0,0.0,0.0,0.0,0.0,0.0,0.0,0.0,0,110652.0
0,1,22,9,193,1658,0,0,0,0,0,1,0,0,0,0,0,0,0,0,0,0,1,1,0.0,0.0,0.0,0.0,1.0,0.0,0.0,103,255,1.0,0.0,0.01,0.02,0.0,0.0,0.0,0.0,0,94303.0
0,0,14,9,1032,0,0,0,0,0,0,0,0,0,0,0,0,0,0,0,0,0,511,511,0.0,0.0,0.0,0.0,1.0,0.0,0.0,255,66,0.26,0.15,0.26,0.0,0.0,0.0,0.0,0.0,1,7679.0
0,0,13,9,30,0,0,0,0,0,0,0,0,0,0,0,0,0,0,0,0,0,5,1,0.0,0.0,0.0,0.0,0.2,0.6,0.0,255,5,0.02,0.01,0.07,0.0,0.0,0.0,0.0,0.0,0,100163.0
0,1,22,9,265,10724,0,0,0,0,0,1,0,0,0,0,0,0,0,0,0,0,15,15,0.0,0.0,0.0,0.0,1.0,0.0,0.0,106,255,1.0,0.0,0.01,0.02,0.0,0.0,0.0,0.0,0,65505.0
0,1,22,9,300,615,0,0,0,0,0,1,0,0,0,0,0,0,0,0,0,0,13,13,0.0,0.0,0.0,0.0,1.0,0.0,0.0,15,255,1.0,0.0,0.07,0.04,0.0,0.0,0.0,0.0,0,114146.0
0,1,22,9,236,4214,0,0,0,0,0,1,0,0,0,0,0,0,0,0,0,0,3,3,0.33,0.33,0.0,0.0,1.0,0.0,0.0,255,255,1.0,0.0,0.0,0.0,0.0,0.0,0.0,0.0,0,85794.0
0,1,40,1,0,0,0,0,0,0,0,0,0,0,0,0,0,0,0,0,0,0,511,1,0.25,0.0,0.75,1.0,0.0,1.0,0.0,255,1,0.0,1.0,0.0,0.0,0.24,0.0,0.76,1.0,1,114850.0
0,1,3,9,13,37,0,0,0,0,0,1,0,0,0,0,0,0,0,0,0,0,1,1,0.0,0.0,0.0,0.0,1.0,0.0,0.0,160,1,0.01,0.03,0.01,0.0,0.0,0.0,0.0,0.0,0,120211.0
0,1,22,9,216,4929,0,0,0,0,0,1,0,0,0,0,0,0,0,0,0,0,6,6,0.0,0.0,0.0,0.0,1.0,0.0,0.0,255,255,1.0,0.0,0.0,0.0,0.0,0.0,0.0,0.0,0,35905.0
0,1,19,9,12,0,0,0,0,0,0,1,0,0,0,0,0,0,0,0,0,0,2,2,0.0,0.0,0.0,0.0,1.0,0.0,0.0,18,100,0.56,0.17,0.56,0.02,0.0,0.0,0.06,0.0,0,73009.0
0,1,22,9,263,700,0,0,0,0,0,1,0,0,0,0,0,0,0,0,0,0,29,29,0.0,0.0,0.0,0.0,1.0,0.0,0.0,128,255,1.0,0.0,0.01,0.01,0.0,0.0,0.0,0.0,0,88257.0
0,2,44,9,105,146,0,0,0,0,0,0,0,0,0,0,0,0,0,0,0,0,7,1,0.0,0.0,0.0,0.0,0.14,0.29,0.0,255,231,0.91,0.01,0.0,0.0,0.0,0.0,0.0,0.0,0,73926.0
0,1,44,5,0,0,0,0,0,0,0,0,0,0,0,0,0,0,0,0,0,0,133,20,1.0,1.0,0.0,0.0,0.15,0.06,0.0,255,20,0.08,0.06,0.0,0.0,1.0,1.0,0.0,0.0,1,55604.0
0,1,44,5,0,0,0,0,0,0,0,0,0,0,0,0,0,0,0,0,0,0,107,22,1.0,1.0,0.0,0.0,0.21,0.06,0.0,255,22,0.09,0.04,0.0,0.0,1.0,1.0,0.0,0.0,1,50211.0
0,1,44,5,0,0,0,0,0,0,0,0,0,0,0,0,0,0,0,0,0,0,155,20,1.0,1.0,0.0,0.0,0.13,0.05,0.0,255,3,0.01,0.08,0.0,0.0,1.0,1.0,0.0,0.0,1,82118.0
0,1,22,9,286,2887,0,0,0,0,0,1,0,0,0,0,0,0,0,0,0,0,8,8,0.0,0.0,0.0,0.0,1.0,0.0,0.0,8,255,1.0,0.0,0.12,0.07,0.0,0.01,0.0,0.0,0,115201.0
0,1,49,9,1153,328,0,0,0,0,0,1,0,0,0,0,1,0,0,0,0,0,1,2,0.0,0.0,0.0,0.0,1.0,0.0,1.0,54,158,0.52,0.24,0.02,0.01,0.02,0.0,0.0,0.05,0,65459.0
0,1,17,5,0,0,0,0,0,0,0,0,0,0,0,0,0,0,0,0,0,0,246,11,1.0,1.0,0.0,0.0,0.04,0.06,0.0,255,11,0.04,0.08,0.0,0.0,1.0,1.0,0.0,0.0,1,102912.0
0,1,22,9,146,464,0,0,0,0,0,1,0,0,0,0,0,0,0,0,0,0,1,1,0.0,0.0,0.0,0.0,1.0,0.0,0.0,1,255,1.0,0.0,1.0,0.02,0.0,0.0,0.0,0.0,0,54994.0
0,1,22,9,219,1629,0,0,0,0,0,1,0,0,0,0,0,0,0,0,0,0,1,12,0.0,0.0,0.0,0.0,1.0,0.0,0.25,9,255,1.0,0.0,0.11,0.05,0.0,0.0,0.0,0.0,0,40810.0
28,2,11,9,44,44,0,0,0,0,0,0,0,0,0,0,0,0,0,0,0,0,5,5,0.0,0.0,0.0,0.0,0.2,0.4,0.4,21,20,0.95,0.1,0.05,0.0,0.0,0.0,0.0,0.0,0,5819.0
11042,1,55,9,75,1423,0,0,0,0,0,1,0,0,0,0,0,0,0,0,0,0,1,1,0.0,0.0,0.0,0.0,1.0,0.0,0.0,32,9,0.28,0.12,0.03,0.0,0.0,0.0,0.0,0.0,0,82269.0
7781,2,40,9,147,105,0,0,0,0,0,0,0,0,0,0,0,0,0,0,0,0,1,1,0.0,0.0,0.0,0.0,1.0,0.0,0.0,255,1,0.0,0.85,1.0,0.0,0.0,0.0,0.0,0.0,0,57065.0
0,1,44,5,0,0,0,0,0,0,0,0,0,0,0,0,0,0,0,0,0,0,130,2,1.0,1.0,0.0,0.0,0.02,0.07,0.0,255,1,0.0,0.07,0.0,0.0,1.0,1.0,0.0,0.0,1,77596.0
0,1,44,5,0,0,0,0,0,0,0,0,0,0,0,0,0,0,0,0,0,0,249,13,1.0,1.0,0.0,0.0,0.05,0.06,0.0,255,20,0.08,0.06,0.0,0.0,1.0,1.0,0.0,0.0,1,113011.0
0,1,22,5,0,0,0,0,0,0,0,0,0,0,0,0,0,0,0,0,0,0,8,6,1.0,1.0,0.0,0.0,0.75,0.38,0.0,90,26,0.29,0.04,0.01,0.0,0.98,1.0,0.0,0.0,1,66789.0
0,1,22,9,249,12405,0,0,0,0,0,1,0,0,0,0,0,0,0,0,0,0,10,11,0.0,0.0,0.0,0.0,1.0,0.0,0.18,171,255,1.0,0.0,0.01,0.02,0.0,0.0,0.0,0.0,0,9232.0
0,1,22,9,235,609,0,0,0,0,0,1,0,0,0,0,0,0,0,0,0,0,24,24,0.0,0.0,0.0,0.0,1.0,0.0,0.0,255,255,1.0,0.0,0.0,0.0,0.0,0.0,0.0,0.0,0,37646.0
0,1,22,9,291,868,0,0,0,0,0,1,0,0,0,0,0,0,0,0,0,0,23,23,0.0,0.0,0.0,0.0,1.0,0.0,0.0,255,255,1.0,0.0,0.0,0.0,0.0,0.0,0.0,0.0,0,848.0
0,1,17,5,0,0,0,0,0,0,0,0,0,0,0,0,0,0,0,0,0,0,14,6,1.0,1.0,0.0,0.0,0.43,0.21,0.0,255,67,0.26,0.02,0.01,0.0,1.0,1.0,0.0,0.0,1,42664.0
0,0,13,9,20,0,0,0,0,0,0,0,0,0,0,0,0,0,0,0,0,0,1,1,0.0,0.0,0.0,0.0,1.0,0.0,0.0,212,3,0.01,0.76,0.01,0.0,0.03,0.0,0.62,0.0,1,40175.0
0,1,22,9,197,7182,0,0,0,0,0,1,0,0,0,0,0,0,0,0,0,0,11,11,0.0,0.0,0.0,0.0,1.0,0.0,0.0,35,255,1.0,0.0,0.03,0.01,0.0,0.0,0.0,0.0,0,74238.0
0,1,17,5,0,0,0,0,0,0,0,0,0,0,0,0,0,0,0,0,0,0,16,6,1.0,1.0,0.0,0.0,0.38,0.19,0.0,255,55,0.22,0.03,0.01,0.0,1.0,1.0,0.0,0.0,1,97516.0
0,1,55,5,0,0,0,0,0,0,0,0,0,0,0,0,0,0,0,0,0,0,11,11,1.0,1.0,0.0,0.0,1.0,0.0,0.0,53,33,0.62,0.04,0.02,0.0,0.96,0.94,0.0,0.0,1,3441.0
0,1,22,9,213,170,0,0,0,0,0,1,0,0,0,0,0,0,0,0,0,0,4,7,0.0,0.0,0.0,0.0,1.0,0.0,0.29,98,255,1.0,0.0,0.01,0.03,0.0,0.0,0.0,0.0,0,31020.0
0,2,11,9,46,46,0,0,0,0,0,0,0,0,0,0,0,0,0,0,0,0,142,142,0.0,0.0,0.0,0.0,1.0,0.0,0.0,255,185,0.73,0.01,0.0,0.0,0.0,0.0,0.0,0.0,0,94504.0
0,1,22,9,237,10146,0,0,0,0,0,1,0,0,0,0,0,0,0,0,0,0,3,3,0.0,0.0,0.0,0.0,1.0,0.0,0.0,29,255,1.0,0.0,0.03,0.06,0.0,0.01,0.0,0.0,0,98988.0
0,1,8,2,0,0,0,0,0,0,0,0,0,0,0,0,0,0,0,0,0,0,240,18,0.0,0.0,1.0,1.0,0.08,0.07,0.0,255,18,0.07,0.08,0.0,0.0,0.0,0.0,1.0,1.0,1,68076.0
0,1,17,9,9,0,0,0,0,0,0,0,0,0,0,0,0,0,0,0,0,0,1,1,0.0,0.0,0.0,0.0,1.0,0.0,0.0,35,10,0.09,0.09,0.03,0.3,0.0,0.0,0.0,0.0,0,22763.0
0,0,14,9,1032,0,0,0,0,0,0,0,0,0,0,0,0,0,0,0,0,0,511,511,0.0,0.0,0.0,0.0,1.0,0.0,0.0,255,99,0.39,0.19,0.39,0.0,0.0,0.0,0.0,0.0,1,42832.0
0,1,22,9,208,3897,0,0,0,0,0,1,0,0,0,0,0,0,0,0,0,0,3,4,0.0,0.0,0.0,0.0,1.0,0.0,0.5,3,255,1.0,0.0,0.33,0.04,0.0,0.01,0.0,0.0,0,61914.0
0,1,44,5,0,0,0,0,0,0,0,0,0,0,0,0,0,0,0,0,0,0,49,2,1.0,1.0,0.0,0.0,0.04,0.08,0.0,255,2,0.01,0.06,0.0,0.0,1.0,1.0,0.0,0.0,1,117640.0
0,1,19,5,0,0,0,0,0,0,0,0,0,0,0,0,0,0,0,0,0,0,37,9,0.97,1.0,0.03,0.0,0.24,0.14,0.0,255,41,0.16,0.05,0.0,0.0,1.0,1.0,0.0,0.0,1,104256.0
0,1,44,5,0,0,0,0,0,0,0,0,0,0,0,0,0,0,0,0,0,0,203,6,1.0,1.0,0.0,0.0,0.03,0.06,0.0,255,19,0.07,0.07,0.01,0.0,1.0,1.0,0.0,0.0,1,90906.0
0,1,53,5,0,0,0,0,0,0,0,0,0,0,0,0,0,0,0,0,0,0,126,14,1.0,1.0,0.0,0.0,0.11,0.06,0.0,255,3,0.01,0.07,0.0,0.0,1.0,1.0,0.0,0.0,1,5975.0
0,1,22,9,353,337,0,0,0,0,0,1,0,0,0,0,0,0,0,0,0,0,10,12,0.0,0.0,0.0,0.0,1.0,0.0,0.17,255,255,1.0,0.0,0.0,0.0,0.0,0.0,0.0,0.0,0,59623.0
3,1,49,9,1237,409,0,0,0,0,0,1,0,0,0,0,0,0,0,0,0,0,1,2,0.0,0.0,0.0,0.0,1.0,0.0,1.0,217,161,0.64,0.02,0.0,0.01,0.0,0.0,0.0,0.0,0,116320.0
0,1,22,9,225,17,0,0,0,0,0,1,0,0,0,0,0,0,0,0,0,0,39,39,0.0,0.0,0.0,0.0,1.0,0.0,0.0,255,255,1.0,0.0,0.0,0.0,0.0,0.0,0.0,0.0,0,16639.0
0,1,22,9,294,1043,0,0,0,0,0,1,0,0,0,0,0,0,0,0,0,0,6,14,0.0,0.0,0.0,0.0,1.0,0.0,0.14,39,255,1.0,0.0,0.03,0.07,0.0,0.0,0.0,0.0,0,46727.0
0,2,44,9,28,0,0,3,0,0,0,0,0,0,0,0,0,0,0,0,0,0,44,44,0.0,0.0,0.0,0.0,1.0,0.0,0.0,247,44,0.18,0.04,0.18,0.0,0.02,0.0,0.0,0.0,1,61830.0
0,1,22,9,318,6652,0,0,0,0,0,1,0,0,0,0,0,0,0,0,0,0,1,8,0.0,0.0,0.0,0.0,1.0,0.0,0.38,8,255,1.0,0.0,0.12,0.07,0.0,0.0,0.0,0.0,0,38415.0
0,1,44,5,0,0,0,0,0,0,0,0,0,0,0,0,0,0,0,0,0,0,106,5,1.0,1.0,0.0,0.0,0.05,0.07,0.0,161,16,0.1,0.1,0.01,0.0,1.0,1.0,0.0,0.0,1,110638.0
0,1,9,2,0,0,0,0,0,0,0,0,0,0,0,0,0,0,0,0,0,0,274,13,0.0,0.0,1.0,1.0,0.05,0.06,0.0,255,13,0.05,0.07,0.0,0.0,0.0,0.0,1.0,1.0,1,31759.0
0,1,17,5,0,0,0,0,0,0,0,0,0,0,0,0,0,0,0,0,0,0,243,17,1.0,1.0,0.0,0.0,0.07,0.05,0.0,255,17,0.07,0.06,0.0,0.0,1.0,1.0,0.0,0.0,1,10617.0
0,1,22,9,179,1654,0,0,0,0,0,1,0,0,0,0,0,0,0,0,0,0,3,3,0.0,0.0,0.0,0.0,1.0,0.0,0.0,3,255,1.0,0.0,0.33,0.06,0.0,0.0,0.0,0.01,0,103815.0
0,1,9,5,0,0,0,0,0,0,0,0,0,0,0,0,0,0,0,0,0,0,257,20,1.0,1.0,0.0,0.0,0.08,0.06,0.0,255,2,0.01,0.08,0.0,0.0,1.0,1.0,0.0,0.0,1,125424.0
0,2,11,9,45,45,0,0,0,0,0,0,0,0,0,0,0,0,0,0,0,0,306,306,0.0,0.0,0.0,0.0,1.0,0.0,0.0,255,218,0.85,0.01,0.0,0.0,0.0,0.0,0.0,0.0,0,5712.0
0,1,22,9,321,640,0,0,0,0,0,1,0,0,0,0,0,0,0,0,0,0,6,6,0.0,0.0,0.0,0.0,1.0,0.0,0.0,217,255,1.0,0.0,0.0,0.02,0.0,0.0,0.0,0.0,0,110735.0
0,1,49,9,696,337,0,0,0,0,0,1,0,0,0,0,0,0,0,0,0,0,1,1,0.0,0.0,0.0,0.0,1.0,0.0,0.0,36,167,0.89,0.06,0.03,0.01,0.0,0.0,0.0,0.0,0,31632.0
0,1,40,1,0,0,0,0,0,0,0,0,0,0,0,0,0,0,0,0,0,0,510,1,0.1,0.0,0.89,1.0,0.0,1.0,0.0,255,1,0.0,1.0,0.0,0.0,0.17,0.0,0.83,1.0,1,37348.0
0,1,22,9,311,304,0,0,0,0,0,1,0,0,0,0,0,0,0,0,0,0,15,15,0.0,0.0,0.0,0.0,1.0,0.0,0.0,21,255,1.0,0.0,0.05,0.09,0.0,0.0,0.0,0.0,0,35073.0
0,1,22,9,261,5848,0,0,0,0,0,1,0,0,0,0,0,0,0,0,0,0,1,26,0.0,0.0,0.0,0.0,1.0,0.0,0.15,69,255,1.0,0.0,0.01,0.04,0.0,0.0,0.0,0.0,0,107405.0
0,1,22,9,144,2700,0,0,0,0,0,1,0,0,0,0,0,0,0,0,0,0,12,33,0.0,0.0,0.0,0.0,1.0,0.0,0.09,24,255,1.0,0.0,0.04,0.03,0.0,0.0,0.0,0.0,0,75339.0
0,1,49,9,1191,374,0,0,0,0,0,1,0,0,0,0,0,0,0,0,0,0,1,2,0.0,0.0,0.0,0.0,1.0,0.0,1.0,6,140,0.67,0.33,0.17,0.04,0.0,0.0,0.0,0.0,0,77328.0
0,1,22,9,225,6943,0,0,0,0,0,1,0,0,0,0,0,0,0,0,0,0,4,4,0.0,0.0,0.0,0.0,1.0,0.0,0.0,221,255,1.0,0.0,0.0,0.01,0.0,0.0,0.0,0.0,0,20752.0
0,1,19,9,1363,0,0,0,0,0,0,1,0,0,0,0,0,0,0,0,0,0,18,18,0.0,0.0,0.0,0.0,1.0,0.0,0.0,255,102,0.4,0.01,0.4,0.0,0.0,0.0,0.0,0.0,0,17451.0
0,1,22,1,0,0,0,0,0,0,0,0,0,0,0,0,0,0,0,0,0,0,1,1,0.0,0.0,1.0,1.0,1.0,0.0,0.0,3,255,1.0,0.0,0.33,0.22,0.0,0.0,1.0,0.92,0,56444.0
0,0,13,9,8,0,0,0,0,0,0,0,0,0,0,0,0,0,0,0,0,0,1,51,0.0,0.0,0.0,0.0,1.0,0.0,1.0,1,29,1.0,0.0,1.0,0.52,0.0,0.0,0.0,0.0,1,21467.0
1,1,49,9,1459,325,0,0,0,0,0,1,0,0,0,0,0,0,0,0,0,0,1,4,0.0,0.0,0.0,0.0,1.0,0.0,1.0,166,124,0.43,0.02,0.01,0.02,0.0,0.0,0.0,0.0,0,2192.0
0,2,11,9,41,70,0,0,0,0,0,0,0,0,0,0,0,0,0,0,0,0,170,170,0.0,0.0,0.0,0.0,1.0,0.0,0.0,255,255,1.0,0.0,0.0,0.0,0.0,0.0,0.0,0.0,0,87363.0
0,0,13,9,8,0,0,0,0,0,0,0,0,0,0,0,0,0,0,0,0,0,1,45,0.0,0.0,0.0,0.0,1.0,0.0,1.0,1,99,1.0,0.0,1.0,0.51,0.0,0.0,0.0,0.0,1,21453.0
0,1,44,1,0,0,0,0,0,0,0,0,0,0,0,0,0,0,0,0,0,0,311,1,0.0,0.0,1.0,1.0,0.0,0.5,0.0,255,1,0.0,0.51,1.0,0.0,0.0,0.0,1.0,1.0,1,30041.0
4,1,49,9,1157,333,0,0,0,0,0,1,0,0,0,0,0,0,0,0,0,0,1,2,0.0,0.0,0.0,0.0,1.0,0.0,1.0,143,193,0.8,0.02,0.01,0.01,0.0,0.0,0.0,0.0,0,18421.0
0,1,44,5,0,0,0,0,0,0,0,0,0,0,0,0,0,0,0,0,0,0,217,1,1.0,1.0,0.0,0.0,0.0,0.05,0.0,255,1,0.0,0.07,0.0,0.0,1.0,1.0,0.0,0.0,1,8513.0
0,1,22,9,199,1705,0,0,0,0,0,1,0,0,0,0,0,0,0,0,0,0,22,22,0.0,0.0,0.0,0.0,1.0,0.0,0.0,22,255,1.0,0.0,0.05,0.05,0.0,0.0,0.0,0.0,0,100462.0
0,1,32,5,0,0,0,0,0,0,0,0,0,0,0,0,0,0,0,0,0,0,137,20,1.0,1.0,0.0,0.0,0.15,0.06,0.0,255,20,0.08,0.08,0.0,0.0,1.0,1.0,0.0,0.0,1,40498.0
0,1,22,9,317,1721,0,0,0,0,0,1,0,0,0,0,0,0,0,0,0,0,8,18,0.0,0.0,0.0,0.0,1.0,0.0,0.11,56,255,1.0,0.0,0.02,0.07,0.0,0.0,0.71,0.89,0,114823.0
0,2,11,9,44,44,0,0,0,0,0,0,0,0,0,0,0,0,0,0,0,0,197,197,0.0,0.0,0.0,0.0,1.0,0.0,0.0,255,255,1.0,0.0,0.0,0.0,0.0,0.0,0.0,0.0,0,25749.0
0,1,22,9,340,930,0,0,0,0,0,1,0,0,0,0,0,0,0,0,0,0,15,15,0.0,0.0,0.0,0.0,1.0,0.0,0.0,255,255,1.0,0.0,0.0,0.0,0.0,0.0,0.0,0.0,0,121540.0
0,1,23,1,0,0,0,0,0,0,0,0,0,0,0,0,0,0,0,0,0,0,147,18,0.0,0.0,1.0,1.0,0.12,0.05,0.0,255,18,0.07,0.05,0.0,0.0,0.0,0.0,1.0,1.0,1,64617.0
0,1,19,9,749,0,0,0,0,0,0,1,0,0,0,0,0,0,0,0,0,0,2,2,0.0,0.0,0.0,0.0,1.0,0.0,0.0,114,115,0.79,0.03,0.79,0.02,0.0,0.0,0.0,0.0,0,95527.0
0,1,49,9,557,325,0,0,0,0,0,1,0,0,0,0,0,0,0,0,0,0,1,2,0.0,0.0,0.0,0.0,1.0,0.0,1.0,80,154,0.56,0.19,0.01,0.01,0.01,0.0,0.0,0.0,0,84765.0
4741,1,40,4,1,0,0,0,0,0,0,0,0,0,0,0,0,0,0,0,0,0,2,2,0.0,0.0,1.0,1.0,1.0,0.0,0.0,255,2,0.01,0.74,1.0,0.0,0.0,0.0,1.0,1.0,1,42793.0
0,0,14,9,1032,0,0,0,0,0,0,0,0,0,0,0,0,0,0,0,0,0,511,511,0.0,0.0,0.0,0.0,1.0,0.0,0.0,255,204,0.8,0.01,0.8,0.0,0.0,0.0,0.0,0.0,1,79358.0
0,1,61,5,0,0,0,0,0,0,0,0,0,0,0,0,0,0,0,0,0,0,284,20,1.0,1.0,0.0,0.0,0.07,0.06,0.0,255,20,0.08,0.07,0.0,0.0,1.0,1.0,0.0,0.0,1,9023.0
0,2,11,9,34,0,0,0,0,0,0,0,0,0,0,0,0,0,0,0,0,0,1,2,0.0,0.0,0.0,0.0,1.0,0.0,1.0,135,8,0.06,0.04,0.06,0.0,0.0,0.0,0.0,0.0,0,39320.0
0,1,22,9,286,616,0,0,0,0,0,1,0,0,0,0,0,0,0,0,0,0,12,12,0.0,0.0,0.0,0.0,1.0,0.0,0.0,12,255,1.0,0.0,0.08,0.03,0.0,0.0,0.0,0.0,0,8068.0
0,1,30,5,0,0,0,0,0,0,0,0,0,0,0,0,0,0,0,0,0,0,118,24,1.0,1.0,0.0,0.0,0.2,0.06,0.0,255,24,0.09,0.05,0.0,0.0,1.0,1.0,0.0,0.0,1,29643.0
0,2,11,9,45,129,0,0,0,0,0,0,0,0,0,0,0,0,0,0,0,0,159,239,0.0,0.0,0.0,0.0,1.0,0.0,0.01,255,249,0.98,0.01,0.0,0.0,0.0,0.0,0.0,0.0,0,74156.0
0,1,49,9,1060,333,0,0,0,0,0,1,0,0,0,0,0,0,0,0,0,0,1,2,0.0,0.0,0.0,0.0,1.0,0.0,1.0,31,139,0.71,0.13,0.03,0.01,0.0,0.0,0.0,0.0,0,44321.0
0,1,44,1,0,0,0,0,0,0,0,0,0,0,0,0,0,0,0,0,0,0,321,1,0.03,0.0,0.95,1.0,0.0,1.0,0.0,255,1,0.0,1.0,0.0,0.0,0.04,0.0,0.96,1.0,1,19370.0
0,1,44,5,0,0,0,0,0,0,0,0,0,0,0,0,0,0,0,0,0,0,113,13,1.0,1.0,0.0,0.0,0.12,0.06,0.0,255,1,0.0,0.08,0.0,0.0,1.0,1.0,0.0,0.0,1,76573.0
0,1,2,5,0,0,0,0,0,0,0,0,0,0,0,0,0,0,0,0,0,0,287,7,1.0,1.0,0.0,0.0,0.02,0.05,0.0,255,7,0.03,0.05,0.0,0.0,1.0,1.0,0.0,0.0,1,61911.0
0,1,22,9,213,1239,0,0,0,0,0,1,0,0,0,0,0,0,0,0,0,0,18,18,0.0,0.0,0.0,0.0,1.0,0.0,0.0,38,255,1.0,0.0,0.03,0.07,0.0,0.0,0.0,0.0,0,88163.0
0,0,14,9,1032,0,0,0,0,0,0,0,0,0,0,0,0,0,0,0,0,0,511,511,0.0,0.0,0.0,0.0,1.0,0.0,0.0,255,240,0.94,0.02,0.94,0.0,0.0,0.0,0.05,0.0,1,4446.0
0,1,22,9,205,253,0,0,0,0,0,1,0,0,0,0,0,0,0,0,0,0,15,16,0.0,0.0,0.0,0.06,1.0,0.0,0.12,255,255,1.0,0.0,0.0,0.0,0.0,0.0,0.0,0.0,0,88295.0
0,1,22,9,274,3315,0,0,0,0,0,1,0,0,0,0,0,0,0,0,0,0,4,8,0.0,0.0,0.0,0.0,1.0,0.0,0.25,255,255,1.0,0.0,0.0,0.0,0.0,0.0,0.0,0.0,0,100459.0
0,1,3,5,0,0,0,0,0,0,0,0,0,0,0,0,0,0,0,0,0,0,266,18,1.0,1.0,0.0,0.0,0.07,0.05,0.0,255,18,0.07,0.05,0.0,0.0,1.0,1.0,0.0,0.0,1,90375.0
0,1,22,9,297,4929,0,0,0,0,0,1,0,0,0,0,0,0,0,0,0,0,6,6,0.0,0.0,0.0,0.0,1.0,0.0,0.0,255,255,1.0,0.0,0.0,0.0,0.0,0.0,0.0,0.0,0,29740.0
0,1,24,1,0,0,0,0,0,0,0,0,0,0,0,0,0,0,0,0,0,0,300,20,0.0,0.0,1.0,1.0,0.07,0.05,0.0,255,20,0.08,0.07,0.0,0.0,0.0,0.0,1.0,1.0,1,110219.0
0,1,27,1,0,0,0,0,0,0,0,0,0,0,0,0,0,0,0,0,0,0,147,20,0.0,0.0,1.0,1.0,0.14,0.06,0.0,255,20,0.08,0.06,0.0,0.0,0.0,0.0,1.0,1.0,1,18050.0
27018,1,44,4,1,0,0,0,0,0,0,0,0,0,0,0,0,0,0,0,0,0,2,2,0.0,0.0,1.0,1.0,1.0,0.0,0.0,255,2,0.01,0.74,1.0,0.0,0.0,0.0,1.0,1.0,1,2654.0
0,1,22,9,205,505,0,0,0,0,0,1,0,0,0,0,0,0,0,0,0,0,13,13,0.0,0.0,0.0,0.0,1.0,0.0,0.0,62,255,1.0,0.0,0.02,0.05,0.02,0.01,0.0,0.0,0,69858.0
0,1,22,9,261,201,0,0,0,0,0,1,0,0,0,0,0,0,0,0,0,0,26,27,0.0,0.0,0.0,0.0,1.0,0.0,0.07,255,255,1.0,0.0,0.0,0.0,0.0,0.0,0.0,0.0,0,115338.0
0,1,22,9,229,258,0,0,0,0,0,1,0,0,0,0,0,0,0,0,0,0,1,2,0.0,0.0,0.0,0.0,1.0,0.0,1.0,255,241,0.95,0.01,0.0,0.0,0.0,0.0,0.0,0.0,0,105509.0
0,2,44,9,1,0,0,0,0,0,0,0,0,0,0,0,0,0,0,0,0,0,133,113,0.0,0.0,0.0,0.0,0.85,0.03,0.0,255,155,0.61,0.05,1.0,0.0,0.0,0.0,0.0,0.0,1,79024.0
0,1,22,9,292,1839,0,0,0,0,0,1,0,0,0,0,0,0,0,0,0,0,13,30,0.0,0.0,0.0,0.0,1.0,0.0,0.07,13,255,1.0,0.0,0.08,0.04,0.0,0.0,0.0,0.0,0,73027.0
0,0,13,9,8,0,0,0,0,0,0,0,0,0,0,0,0,0,0,0,0,0,1,46,0.0,0.0,0.0,0.0,1.0,0.0,1.0,1,13,1.0,0.0,1.0,0.54,0.0,0.0,0.0,0.0,1,103429.0
0,1,22,9,347,1875,0,0,0,0,0,1,0,0,0,0,0,0,0,0,0,0,6,6,0.0,0.0,0.0,0.0,1.0,0.0,0.0,255,255,1.0,0.0,0.0,0.0,0.0,0.0,0.0,0.0,0,63722.0
0,1,22,9,239,371,0,0,0,0,0,1,0,0,0,0,0,0,0,0,0,0,5,5,0.0,0.0,0.0,0.0,1.0,0.0,0.0,22,255,1.0,0.0,0.05,0.05,0.0,0.0,0.0,0.0,0,110938.0
0,1,51,5,0,0,0,0,0,0,0,0,0,0,0,0,0,0,0,0,0,0,288,7,1.0,1.0,0.0,0.0,0.02,0.06,0.0,255,6,0.02,0.07,0.0,0.0,1.0,1.0,0.0,0.0,1,107329.0
0,0,14,9,520,0,0,0,0,0,0,0,0,0,0,0,0,0,0,0,0,0,269,269,0.0,0.0,0.0,0.0,1.0,0.0,0.0,255,255,1.0,0.0,1.0,0.0,0.0,0.0,0.0,0.0,1,2298.0
0,1,17,5,0,0,0,0,0,0,0,0,0,0,0,0,0,0,0,0,0,0,276,9,1.0,1.0,0.0,0.0,0.03,0.06,0.0,255,9,0.04,0.07,0.0,0.0,1.0,1.0,0.0,0.0,1,70118.0
0,1,17,5,0,0,0,0,0,0,0,0,0,0,0,0,0,0,0,0,0,0,3,1,1.0,1.0,0.0,0.0,0.33,1.0,0.0,255,45,0.18,0.05,0.02,0.0,1.0,1.0,0.0,0.0,1,55571.0
0,1,44,1,0,0,0,0,0,0,0,0,0,0,0,0,0,0,0,0,0,0,2,1,0.0,0.0,1.0,1.0,0.5,1.0,0.0,255,1,0.0,0.48,0.42,0.0,0.11,0.0,0.43,1.0,1,9010.0
0,0,14,9,30,0,0,0,0,0,0,0,0,0,0,0,0,0,0,0,0,0,1,1,0.0,0.0,0.0,0.0,1.0,0.0,0.0,170,170,1.0,0.0,1.0,0.0,0.0,0.0,0.0,0.0,0,32317.0
2,1,55,2,0,15,0,0,0,0,0,0,0,0,0,0,0,0,0,0,0,0,1,1,0.0,0.0,1.0,1.0,1.0,0.0,0.0,184,2,0.01,0.08,0.01,0.0,0.02,0.0,0.01,0.5,0,67301.0
0,2,44,9,28,0,0,3,0,0,0,0,0,0,0,0,0,0,0,0,0,0,55,55,0.0,0.0,0.0,0.0,1.0,0.0,0.0,127,55,0.43,0.03,0.43,0.0,0.0,0.0,0.0,0.0,1,81489.0
0,1,22,1,0,0,0,0,0,0,0,0,0,0,0,0,0,0,0,0,0,0,1,3,0.0,0.0,1.0,0.33,1.0,0.0,0.67,1,255,1.0,0.0,1.0,0.16,0.0,0.0,1.0,0.53,0,45224.0
29,1,18,9,1507,4152,0,0,0,30,0,1,0,0,0,0,0,0,0,0,0,1,1,1,0.0,0.0,0.0,0.0,1.0,0.0,0.0,248,58,0.23,0.03,0.0,0.0,0.0,0.0,0.0,0.02,0,117060.0
0,1,22,9,301,671,0,0,0,0,0,1,0,0,0,0,0,0,0,0,0,0,17,35,0.0,0.0,0.0,0.0,1.0,0.0,0.06,92,255,1.0,0.0,0.01,0.02,0.0,0.0,0.0,0.0,0,99006.0
0,1,18,2,0,0,0,0,0,0,0,0,0,0,0,0,0,0,0,0,0,0,235,9,0.0,0.0,1.0,1.0,0.04,0.07,0.0,255,9,0.04,0.08,0.0,0.0,0.0,0.0,1.0,1.0,1,103899.0
0,2,11,9,36,0,0,0,0,0,0,0,0,0,0,0,0,0,0,0,0,0,10,12,0.0,0.0,0.0,0.0,1.0,0.0,0.25,75,179,1.0,0.0,1.0,0.01,0.0,0.0,0.0,0.0,0,106182.0
0,2,11,9,99,45,0,0,0,0,0,0,0,0,0,0,0,0,0,0,0,0,1,1,0.0,0.0,0.0,0.0,1.0,0.0,0.0,101,100,0.99,0.02,0.99,0.0,0.0,0.0,0.0,0.0,0,109733.0
21,1,18,9,233,767,0,0,0,4,0,1,0,0,0,0,0,0,0,0,0,1,4,1,0.0,0.0,0.0,0.0,0.25,0.75,0.0,61,14,0.23,0.1,0.02,0.0,0.0,0.0,0.0,0.0,0,125485.0
0,1,44,5,0,0,0,0,0,0,0,0,0,0,0,0,0,0,0,0,0,0,214,20,1.0,1.0,0.0,0.0,0.09,0.07,0.0,255,18,0.07,0.07,0.0,0.0,1.0,1.0,0.0,0.0,1,46152.0
0,1,22,9,251,1911,0,0,0,0,0,1,0,0,0,0,0,0,0,0,0,0,2,2,0.0,0.0,0.0,0.0,1.0,0.0,0.0,255,232,0.91,0.01,0.0,0.0,0.0,0.0,0.0,0.0,0,18946.0
0,1,22,9,317,734,0,0,0,0,0,1,0,0,0,0,0,0,0,0,0,0,8,9,0.0,0.0,0.0,0.0,1.0,0.0,0.22,255,255,1.0,0.0,0.0,0.0,0.0,0.0,0.0,0.0,0,29844.0
0,1,22,9,253,696,0,0,0,0,0,1,0,0,0,0,0,0,0,0,0,0,20,20,0.0,0.0,0.0,0.0,1.0,0.0,0.0,255,255,1.0,0.0,0.0,0.0,0.0,0.0,0.0,0.0,0,30903.0
0,1,22,9,316,1260,0,0,0,0,0,1,0,0,0,0,0,0,0,0,0,0,3,9,0.0,0.0,0.0,0.0,1.0,0.0,0.56,255,255,1.0,0.0,0.0,0.0,0.0,0.0,0.0,0.0,0,523.0
0,2,11,9,44,44,0,0,0,0,0,0,0,0,0,0,0,0,0,0,0,0,285,285,0.0,0.0,0.0,0.0,1.0,0.0,0.0,255,254,1.0,0.01,0.0,0.0,0.0,0.0,0.0,0.0,0,69044.0
0,1,31,5,0,0,0,0,0,0,0,0,0,0,0,0,0,0,0,0,0,0,286,4,1.0,1.0,0.0,0.0,0.01,0.05,0.0,255,4,0.02,0.05,0.0,0.0,1.0,1.0,0.0,0.0,1,23673.0
0,1,22,9,211,3828,0,0,0,0,0,1,0,0,0,0,0,0,0,0,0,0,3,3,0.0,0.0,0.0,0.0,1.0,0.0,0.0,108,255,1.0,0.0,0.01,0.05,0.01,0.0,0.0,0.0,0,64088.0
0,1,22,9,311,8292,0,0,0,0,0,1,0,0,0,0,0,0,0,0,0,0,5,5,0.0,0.0,0.0,0.0,1.0,0.0,0.0,5,255,1.0,0.0,0.2,0.01,0.0,0.0,0.0,0.0,0,30935.0
0,1,22,9,199,3386,0,0,0,0,0,1,0,0,0,0,0,0,0,0,0,0,1,2,0.0,0.0,0.0,0.0,1.0,0.0,1.0,162,255,1.0,0.0,0.01,0.04,0.0,0.0,0.0,0.0,0,72641.0
0,2,11,9,45,45,0,0,0,0,0,0,0,0,0,0,0,0,0,0,0,0,139,139,0.0,0.0,0.0,0.0,1.0,0.0,0.0,255,255,1.0,0.0,0.01,0.0,0.0,0.0,0.0,0.0,0,21172.0
0,0,13,9,8,0,0,0,0,0,0,0,0,0,0,0,0,0,0,0,0,0,1,11,0.0,0.0,0.0,0.0,1.0,0.0,1.0,1,15,1.0,0.0,1.0,0.53,0.0,0.0,0.0,0.0,1,73309.0
0,1,53,5,0,0,0,0,0,0,0,0,0,0,0,0,0,0,0,0,0,0,211,17,1.0,1.0,0.0,0.0,0.08,0.05,0.0,255,17,0.07,0.05,0.0,0.0,1.0,1.0,0.0,0.0,1,112187.0
0,0,14,9,1032,0,0,0,0,0,0,0,0,0,0,0,0,0,0,0,0,0,511,511,0.0,0.0,0.0,0.0,1.0,0.0,0.0,255,51,0.2,0.21,0.2,0.0,0.0,0.0,0.0,0.0,1,68587.0
0,1,22,9,231,12621,0,0,0,0,0,1,0,0,0,0,0,0,0,0,0,0,3,4,0.0,0.0,0.0,0.0,1.0,0.0,0.5,255,255,1.0,0.0,0.0,0.0,0.0,0.0,0.0,0.0,0,49113.0
0,1,44,5,0,0,0,0,0,0,0,0,0,0,0,0,0,0,0,0,0,0,257,6,1.0,1.0,0.0,0.0,0.02,0.05,0.0,255,6,0.02,0.05,0.0,0.0,1.0,1.0,0.0,0.0,1,14433.0
0,1,9,2,0,0,0,0,0,0,0,0,0,0,0,0,0,0,0,0,0,0,250,2,0.0,0.0,1.0,1.0,0.01,0.07,0.0,255,2,0.01,0.08,0.0,0.0,0.0,0.0,1.0,1.0,1,3395.0
0,0,58,9,181,0,0,0,0,0,0,0,0,0,0,0,0,0,0,0,0,0,2,1,0.0,0.0,0.0,0.0,0.5,1.0,0.0,255,16,0.06,0.01,0.07,0.0,0.0,0.0,0.0,0.0,0,51832.0
30735,1,44,4,1,0,0,0,0,0,0,0,0,0,0,0,0,0,0,0,0,0,2,2,0.0,0.0,1.0,1.0,1.0,0.0,0.0,255,2,0.01,0.74,1.0,0.0,0.0,0.0,1.0,1.0,1,92139.0
0,1,22,9,237,607,0,0,0,0,0,1,0,0,0,0,0,0,0,0,0,0,5,5,0.2,0.2,0.0,0.0,1.0,0.0,0.0,255,255,1.0,0.0,0.0,0.0,0.0,0.0,0.01,0.01,0,3062.0
0,1,22,9,334,334,0,0,0,0,0,1,0,0,0,0,0,0,0,0,0,0,21,22,0.0,0.0,0.0,0.0,1.0,0.0,0.09,255,255,1.0,0.0,0.0,0.0,0.0,0.0,0.0,0.0,0,54367.0
0,1,4,1,0,0,0,0,0,0,0,0,0,0,0,0,0,0,0,0,0,0,207,4,0.0,0.0,1.0,1.0,0.02,0.07,0.0,255,4,0.02,0.07,0.0,0.0,0.0,0.0,1.0,1.0,1,24806.0
2,1,18,9,1233,2451,0,0,0,28,0,1,0,0,0,0,0,0,0,0,0,1,1,1,0.0,0.0,0.0,0.0,1.0,0.0,0.0,255,108,0.42,0.02,0.0,0.0,0.0,0.0,0.0,0.0,1,65315.0
847,2,40,9,147,105,0,0,0,0,0,0,0,0,0,0,0,0,0,0,0,0,6,2,0.0,0.0,0.0,0.0,0.33,0.5,0.0,255,2,0.01,0.43,0.93,0.0,0.0,0.0,0.0,0.0,0,123356.0
0,1,44,5,0,0,0,0,0,0,0,0,0,0,0,0,0,0,0,0,0,0,257,12,1.0,1.0,0.0,0.0,0.05,0.06,0.0,255,11,0.04,0.08,0.0,0.0,1.0,1.0,0.0,0.0,1,55467.0
0,2,11,9,34,0,0,0,0,0,0,0,0,0,0,0,0,0,0,0,0,0,1,3,0.0,0.0,0.0,0.0,1.0,0.0,0.67,225,16,0.07,0.03,0.07,0.0,0.0,0.0,0.0,0.0,0,100785.0
0,1,22,9,401,4154,0,0,0,0,0,1,0,0,0,0,0,0,0,0,0,0,4,6,0.0,0.0,0.0,0.0,1.0,0.0,0.5,255,255,1.0,0.0,0.0,0.0,0.0,0.0,0.0,0.0,0,114887.0
0,0,13,9,8,0,0,0,0,0,0,0,0,0,0,0,0,0,0,0,0,0,1,50,0.0,0.0,0.0,0.0,1.0,0.0,1.0,2,144,1.0,0.0,1.0,0.5,0.0,0.0,0.0,0.0,1,63470.0
0,1,4,5,0,0,0,0,0,0,0,0,0,0,0,0,0,0,0,0,0,0,53,4,1.0,1.0,0.0,0.0,0.08,0.08,0.0,255,5,0.02,0.07,0.0,0.0,1.0,1.0,0.0,0.0,1,54657.0
0,1,22,9,216,847,0,0,0,0,0,1,0,0,0,0,0,0,0,0,0,0,9,9,0.0,0.0,0.0,0.0,1.0,0.0,0.0,255,255,1.0,0.0,0.0,0.0,0.0,0.0,0.0,0.0,0,124938.0
0,1,40,1,0,0,0,0,0,0,0,0,0,0,0,0,0,0,0,0,0,0,326,1,0.1,0.0,0.9,1.0,0.0,1.0,0.0,255,1,0.0,1.0,0.0,0.0,0.09,0.0,0.9,1.0,1,91964.0
0,1,44,5,0,0,0,0,0,0,0,0,0,0,0,0,0,0,0,0,0,0,65,4,1.0,1.0,0.0,0.0,0.06,0.09,0.0,255,19,0.07,0.07,0.0,0.0,1.0,1.0,0.0,0.0,1,43958.0
0,2,44,9,28,0,0,3,0,0,0,0,0,0,0,0,0,0,0,0,0,0,64,64,0.0,0.0,0.0,0.0,1.0,0.0,0.0,255,64,0.25,0.02,0.25,0.0,0.0,0.0,0.0,0.0,1,89292.0
0,1,19,9,2056,0,0,0,0,0,0,1,0,0,0,0,0,0,0,0,0,0,9,9,0.0,0.0,0.0,0.0,1.0,0.0,0.0,255,110,0.43,0.02,0.43,0.0,0.0,0.0,0.0,0.0,0,59928.0
0,1,22,9,0,2830,0,0,0,0,0,0,0,0,0,0,0,0,0,0,0,0,10,11,0.1,0.09,0.0,0.0,1.0,0.0,0.18,10,255,1.0,0.0,0.1,0.02,0.1,0.01,0.0,0.0,0,120721.0
0,1,22,9,234,557,0,0,0,0,0,1,0,0,0,0,0,0,0,0,0,0,14,18,0.0,0.0,0.0,0.0,1.0,0.0,0.11,34,255,1.0,0.0,0.03,0.05,0.0,0.0,0.0,0.0,0,117019.0
0,1,22,9,327,638,0,0,0,0,0,1,0,0,0,0,0,0,0,0,0,0,7,7,0.0,0.0,0.0,0.0,1.0,0.0,0.0,25,255,1.0,0.0,0.04,0.05,0.0,0.0,0.0,0.0,0,62393.0
0,1,19,5,0,0,0,0,0,0,0,0,0,0,0,0,0,0,0,0,0,0,21,6,0.95,1.0,0.05,0.0,0.29,0.19,0.0,255,17,0.07,0.06,0.01,0.0,1.0,1.0,0.0,0.0,1,62757.0
0,1,33,5,0,0,0,0,0,0,0,0,0,0,0,0,0,0,0,0,0,0,187,1,1.0,1.0,0.0,0.0,0.01,0.06,0.0,255,1,0.0,0.07,0.0,0.0,1.0,1.0,0.0,0.0,1,103796.0
0,1,22,9,239,35215,0,0,0,0,0,1,0,0,0,0,0,0,0,0,0,0,2,2,0.0,0.0,0.0,0.0,1.0,0.0,0.0,255,255,1.0,0.0,0.0,0.0,0.0,0.0,0.0,0.0,0,93934.0
0,1,17,2,0,0,0,0,0,0,0,0,0,0,0,0,0,0,0,0,0,0,243,17,0.0,0.0,1.0,1.0,0.07,0.06,0.0,255,17,0.07,0.07,0.0,0.0,0.0,0.0,1.0,1.0,1,117166.0
6,1,49,9,1133,440,0,0,0,0,0,1,0,0,0,0,0,0,0,0,0,0,1,1,0.0,0.0,0.0,0.0,1.0,0.0,0.0,255,127,0.5,0.01,0.0,0.0,0.76,0.79,0.0,0.0,0,58011.0
0,1,22,9,54540,8314,0,0,0,2,0,1,1,0,0,0,0,0,0,0,0,0,3,3,0.0,0.0,0.0,0.0,1.0,0.0,0.0,41,41,1.0,0.0,0.02,0.0,0.02,0.02,0.02,0.02,1,17712.0
0,1,44,1,0,0,0,0,0,0,0,0,0,0,0,0,0,0,0,0,0,0,297,1,0.1,0.0,0.89,1.0,0.0,1.0,0.0,255,1,0.0,1.0,0.0,0.0,0.09,0.0,0.9,1.0,1,13672.0
0,1,22,9,219,5310,0,0,0,0,0,1,0,0,0,0,0,0,0,0,0,0,1,4,0.0,0.0,0.0,0.0,1.0,0.0,0.5,83,255,1.0,0.0,0.01,0.02,0.0,0.0,0.0,0.0,0,123119.0
0,1,22,9,245,9165,0,0,0,0,0,1,0,0,0,0,0,0,0,0,0,0,2,3,0.0,0.0,0.0,0.0,1.0,0.0,0.67,10,255,1.0,0.0,0.1,0.05,0.0,0.0,0.0,0.0,0,107.0
0,2,11,9,42,42,0,0,0,0,0,0,0,0,0,0,0,0,0,0,0,0,5,8,0.0,0.0,0.0,0.0,1.0,0.0,0.25,255,234,0.92,0.01,0.0,0.0,0.0,0.0,0.0,0.0,0,69992.0
0,1,22,9,209,2071,0,0,0,0,0,1,0,0,0,0,0,0,0,0,0,0,6,7,0.0,0.0,0.0,0.0,1.0,0.0,0.29,255,255,1.0,0.0,0.0,0.0,0.0,0.0,0.0,0.0,0,14584.0
0,0,14,9,1032,0,0,0,0,0,0,0,0,0,0,0,0,0,0,0,0,0,509,508,0.0,0.0,0.0,0.0,1.0,0.0,0.0,255,181,0.71,0.16,0.71,0.0,0.0,0.0,0.0,0.0,1,90752.0
0,0,58,9,181,0,0,0,0,0,0,0,0,0,0,0,0,0,0,0,0,0,5,3,0.0,0.0,0.0,0.0,0.6,0.4,0.0,255,86,0.34,0.01,0.42,0.0,0.0,0.0,0.0,0.0,0,4783.0
0,1,22,9,233,4330,0,0,0,0,0,1,0,0,0,0,0,0,0,0,0,0,2,2,0.0,0.0,0.0,0.0,1.0,0.0,0.0,55,255,1.0,0.0,0.02,0.02,0.0,0.0,0.0,0.0,0,93484.0
0,1,55,5,0,0,0,0,0,0,0,0,0,0,0,0,0,0,0,0,0,0,7,1,1.0,1.0,0.0,0.0,0.14,0.29,0.0,255,45,0.18,0.04,0.0,0.0,1.0,1.0,0.0,0.0,1,60909.0
0,1,9,5,0,0,0,0,0,0,0,0,0,0,0,0,0,0,0,0,0,0,277,18,1.0,1.0,0.0,0.0,0.06,0.05,0.0,255,18,0.07,0.05,0.0,0.0,1.0,1.0,0.0,0.0,1,6456.0
0,1,61,1,0,0,0,0,0,0,0,0,0,0,0,0,0,0,0,0,0,0,201,1,0.0,0.0,1.0,1.0,0.0,0.06,0.0,255,1,0.0,0.07,0.0,0.0,0.0,0.0,1.0,1.0,1,112781.0
0,2,39,9,48,48,0,0,0,0,0,0,0,0,0,0,0,0,0,0,0,0,1,1,0.0,0.0,0.0,0.0,1.0,0.0,0.0,102,43,0.42,0.02,0.42,0.0,0.0,0.0,0.0,0.0,0,43029.0
0,1,19,9,501760,0,0,0,0,0,0,0,0,0,0,0,0,0,0,0,0,0,1,1,0.0,0.0,0.0,0.0,1.0,0.0,0.0,240,15,0.06,0.01,0.06,0.0,0.83,0.0,0.0,0.0,0,95326.0
0,1,19,9,8325,0,0,0,0,0,0,0,0,0,0,0,0,0,0,0,0,0,19,19,0.0,0.0,0.0,0.0,1.0,0.0,0.0,169,57,0.34,0.02,0.34,0.0,0.0,0.0,0.0,0.0,0,85565.0
0,1,19,9,190,0,0,0,0,0,0,0,0,0,0,0,0,0,0,0,0,0,1,1,0.0,0.0,0.0,0.0,1.0,0.0,0.0,13,33,0.15,0.31,0.15,0.06,0.0,0.0,0.0,0.0,0,66177.0
0,0,13,9,8,0,0,0,0,0,0,0,0,0,0,0,0,0,0,0,0,0,1,32,0.0,0.0,0.0,0.0,1.0,0.0,1.0,1,191,1.0,0.0,1.0,0.5,0.0,0.0,0.0,0.0,1,56989.0
0,1,44,5,0,0,0,0,0,0,0,0,0,0,0,0,0,0,0,0,0,0,185,19,1.0,1.0,0.0,0.0,0.1,0.06,0.0,255,6,0.02,0.07,0.0,0.0,1.0,1.0,0.0,0.0,1,114952.0
0,1,19,9,12,0,0,0,0,0,0,0,0,0,0,0,0,0,0,0,0,0,2,2,0.0,0.0,0.0,0.0,1.0,0.0,0.0,51,40,0.33,0.12,0.33,0.05,0.0,0.0,0.0,0.0,0,36644.0
0,1,4,5,0,0,0,0,0,0,0,0,0,0,0,0,0,0,0,0,0,0,233,17,1.0,1.0,0.0,0.0,0.07,0.06,0.0,255,17,0.07,0.08,0.0,0.0,1.0,1.0,0.0,0.0,1,82298.0
15452,2,40,9,147,105,0,0,0,0,0,0,0,0,0,0,0,0,0,0,0,0,2,2,0.0,0.0,0.0,0.0,1.0,0.0,0.0,255,2,0.01,0.56,0.86,0.0,0.0,0.0,0.0,0.0,0,108897.0
0,1,60,1,0,0,0,0,0,0,0,0,0,0,0,0,0,0,0,0,0,0,269,17,0.0,0.0,1.0,1.0,0.06,0.06,0.0,255,17,0.07,0.07,0.0,0.0,0.0,0.0,1.0,1.0,1,60773.0
0,1,35,5,0,0,0,0,0,0,0,0,0,0,0,0,0,0,0,0,0,0,296,13,1.0,1.0,0.0,0.0,0.04,0.05,0.0,255,7,0.03,0.07,0.0,0.0,1.0,1.0,0.0,0.0,1,66251.0
0,0,14,9,1032,0,0,0,0,0,0,0,0,0,0,0,0,0,0,0,0,0,511,511,0.0,0.0,0.0,0.0,1.0,0.0,0.0,255,79,0.31,0.2,0.31,0.0,0.0,0.0,0.0,0.0,1,26965.0
0,1,44,5,0,0,0,0,0,0,0,0,0,0,0,0,0,0,0,0,0,0,237,3,1.0,1.0,0.0,0.0,0.01,0.06,0.0,255,9,0.04,0.07,0.0,0.0,1.0,1.0,0.0,0.0,1,68125.0
0,1,34,5,0,0,0,0,0,0,0,0,0,0,0,0,0,0,0,0,0,0,239,1,1.0,1.0,0.0,0.0,0.0,0.07,0.0,255,13,0.05,0.07,0.0,0.0,1.0,1.0,0.0,0.0,1,55014.0
0,1,40,1,0,0,0,0,0,0,0,0,0,0,0,0,0,0,0,0,0,0,511,1,0.16,0.0,0.82,1.0,0.0,1.0,0.0,255,1,0.0,1.0,0.0,0.0,0.24,0.0,0.76,1.0,1,110606.0
0,1,19,9,749,0,0,0,0,0,0,1,0,0,0,0,0,0,0,0,0,0,3,3,0.0,0.0,0.0,0.0,1.0,0.0,0.0,78,89,0.18,0.04,0.18,0.02,0.0,0.0,0.0,0.0,0,57622.0
0,0,13,9,8,0,0,0,0,0,0,0,0,0,0,0,0,0,0,0,0,0,1,17,0.0,0.0,0.0,0.0,1.0,0.0,1.0,1,133,1.0,0.0,1.0,0.5,0.0,0.0,0.0,0.0,1,17379.0
0,1,22,9,230,569,0,0,0,0,0,1,0,0,0,0,0,0,0,0,0,0,11,11,0.0,0.0,0.0,0.0,1.0,0.0,0.0,76,126,1.0,0.0,0.01,0.06,0.0,0.0,0.0,0.0,0,6128.0
0,1,28,1,0,0,0,0,0,0,0,0,0,0,0,0,0,0,0,0,0,0,148,19,0.0,0.0,1.0,1.0,0.13,0.06,0.0,255,19,0.07,0.07,0.0,0.0,0.0,0.0,1.0,1.0,1,97623.0
0,2,40,9,516,4,0,0,0,0,0,0,0,0,0,0,0,0,0,0,0,0,437,437,0.0,0.0,0.0,0.0,1.0,0.0,0.0,255,255,1.0,0.0,1.0,0.0,0.0,0.0,0.0,0.0,0,54983.0
0,1,49,9,949,335,0,0,0,0,0,1,0,0,0,0,0,0,0,0,0,0,1,1,0.0,0.0,0.0,0.0,1.0,0.0,0.0,147,133,0.5,0.05,0.01,0.02,0.0,0.0,0.0,0.0,0,100078.0
0,1,19,9,319,0,0,0,0,0,0,1,0,0,0,1,0,0,0,0,0,0,2,2,0.0,0.0,0.0,0.0,1.0,0.0,0.0,2,67,1.0,0.0,1.0,0.03,0.0,0.0,0.0,0.0,1,71654.0
0,1,22,9,222,1236,0,0,0,0,0,1,0,0,0,0,0,0,0,0,0,0,22,23,0.0,0.0,0.0,0.0,1.0,0.0,0.09,94,255,1.0,0.0,0.01,0.03,0.0,0.0,0.0,0.0,0,5740.0
0,1,44,5,0,0,0,0,0,0,0,0,0,0,0,0,0,0,0,0,0,0,114,19,1.0,1.0,0.0,0.0,0.17,0.06,0.0,255,18,0.07,0.07,0.0,0.0,1.0,1.0,0.0,0.0,1,86417.0
0,1,44,5,0,0,0,0,0,0,0,0,0,0,0,0,0,0,0,0,0,0,208,6,1.0,1.0,0.0,0.0,0.03,0.06,0.0,255,1,0.0,0.09,0.0,0.0,1.0,1.0,0.0,0.0,1,16395.0
0,1,17,9,7,220,0,0,0,0,0,0,0,0,0,0,0,0,0,0,0,0,1,1,0.0,0.0,0.0,0.0,1.0,0.0,0.0,8,11,0.12,0.25,0.12,0.27,0.0,0.27,0.0,0.0,0,15429.0
0,1,19,5,0,0,0,0,0,0,0,0,0,0,0,0,0,0,0,0,0,0,3,1,1.0,1.0,0.0,0.0,0.33,0.67,0.0,255,1,0.0,0.09,0.0,0.0,1.0,1.0,0.0,0.0,1,37813.0
0,1,6,5,0,0,0,0,0,0,0,0,0,0,0,0,0,0,0,0,0,0,272,19,1.0,1.0,0.0,0.0,0.07,0.05,0.0,255,19,0.07,0.05,0.0,0.0,1.0,1.0,0.0,0.0,1,37708.0
0,1,44,5,0,0,0,0,0,0,0,0,0,0,0,0,0,0,0,0,0,0,254,17,1.0,1.0,0.0,0.0,0.07,0.06,0.0,255,17,0.07,0.05,0.0,0.0,1.0,1.0,0.0,0.0,1,112068.0
0,1,22,9,294,810,0,0,0,0,0,1,0,0,0,0,0,0,0,0,0,0,24,26,0.0,0.0,0.0,0.0,1.0,0.0,0.08,177,255,1.0,0.0,0.01,0.01,0.0,0.0,0.0,0.0,0,72974.0
0,1,22,9,324,6940,0,0,0,0,0,1,0,0,0,0,0,0,0,0,0,0,17,17,0.0,0.0,0.0,0.0,1.0,0.0,0.0,255,255,1.0,0.0,0.0,0.0,0.0,0.0,0.0,0.0,0,44903.0
0,1,12,5,0,0,0,0,0,0,0,0,0,0,0,0,0,0,0,0,0,0,271,20,1.0,1.0,0.0,0.0,0.07,0.06,0.0,255,19,0.07,0.08,0.0,0.0,1.0,1.0,0.0,0.0,1,105174.0
0,1,32,1,0,0,0,0,0,0,0,0,0,0,0,0,0,0,0,0,0,0,245,15,0.0,0.0,1.0,1.0,0.06,0.07,0.0,255,28,0.11,0.07,0.0,0.0,0.0,0.0,1.0,1.0,1,97795.0
0,1,5,5,0,0,0,0,0,0,0,0,0,0,0,0,0,0,0,0,0,0,114,13,1.0,1.0,0.0,0.0,0.11,0.06,0.0,255,13,0.05,0.05,0.0,0.0,1.0,1.0,0.0,0.0,1,33679.0
0,2,11,9,45,111,0,0,0,0,0,0,0,0,0,0,0,0,0,0,0,0,65,215,0.0,0.0,0.0,0.0,1.0,0.0,0.02,205,196,0.8,0.01,0.72,0.01,0.0,0.0,0.07,0.0,0,47219.0
0,2,11,9,42,42,0,0,0,0,0,0,0,0,0,0,0,0,0,0,0,0,6,11,0.0,0.0,0.0,0.0,1.0,0.0,0.18,255,254,1.0,0.01,0.01,0.0,0.0,0.0,0.0,0.0,0,85430.0
0,0,13,9,8,0,0,0,0,0,0,0,0,0,0,0,0,0,0,0,0,0,1,19,0.0,0.0,0.0,0.0,1.0,0.0,1.0,1,149,1.0,0.0,1.0,0.26,0.0,0.0,0.0,0.0,1,71017.0
0,1,19,9,319,0,0,0,0,0,0,1,0,0,0,1,0,0,0,0,0,0,1,1,0.0,0.0,0.0,0.0,1.0,0.0,0.0,253,97,0.38,0.03,0.38,0.0,0.01,0.01,0.0,0.0,0,102599.0
0,1,49,9,1545,524,0,0,0,0,0,1,0,0,0,0,0,0,0,0,0,0,1,2,0.0,0.0,0.0,0.0,1.0,0.0,1.0,255,19,0.07,0.04,0.0,0.0,0.02,0.0,0.0,0.0,0,98835.0
12160,1,55,9,339,1729,0,0,0,0,0,1,0,0,0,0,0,0,0,0,0,0,1,1,0.0,0.0,0.0,0.0,1.0,0.0,0.0,255,9,0.04,0.07,0.0,0.0,0.78,0.11,0.0,0.0,0,14470.0
0,2,11,9,45,130,0,0,0,0,0,0,0,0,0,0,0,0,0,0,0,0,179,179,0.0,0.0,0.0,0.0,1.0,0.0,0.0,255,251,0.98,0.01,0.0,0.0,0.0,0.0,0.0,0.0,0,80045.0
0,1,31,5,0,0,0,0,0,0,0,0,0,0,0,0,0,0,0,0,0,0,143,17,1.0,1.0,0.0,0.0,0.12,0.06,0.0,255,8,0.03,0.07,0.0,0.0,1.0,1.0,0.0,0.0,1,18957.0
0,0,14,9,1032,0,0,0,0,0,0,0,0,0,0,0,0,0,0,0,0,0,317,317,0.0,0.0,0.0,0.0,1.0,0.0,0.0,220,75,0.34,0.01,0.34,0.0,0.0,0.0,0.0,0.0,1,34520.0
0,1,44,5,0,0,0,0,0,0,0,0,0,0,0,0,0,0,0,0,0,0,277,8,1.0,1.0,0.0,0.0,0.03,0.06,0.0,255,8,0.03,0.06,0.0,0.0,1.0,1.0,0.0,0.0,1,17922.0
0,1,44,5,0,0,0,0,0,0,0,0,0,0,0,0,0,0,0,0,0,0,90,3,1.0,1.0,0.0,0.0,0.03,0.07,0.0,255,16,0.06,0.07,0.0,0.0,1.0,1.0,0.0,0.0,1,80183.0
0,1,44,5,0,0,0,0,0,0,0,0,0,0,0,0,0,0,0,0,0,0,48,5,1.0,1.0,0.0,0.0,0.1,0.12,0.0,255,19,0.07,0.09,0.0,0.0,1.0,1.0,0.0,0.0,1,83351.0
0,1,49,9,961,333,0,0,0,0,0,1,0,0,0,0,0,0,0,0,0,0,1,2,0.0,0.0,0.0,0.0,1.0,0.0,1.0,70,139,0.89,0.04,0.01,0.01,0.0,0.0,0.0,0.0,0,110820.0
0,1,44,5,0,0,0,0,0,0,0,0,0,0,0,0,0,0,0,0,0,0,212,1,1.0,1.0,0.0,0.0,0.0,0.08,0.0,255,20,0.08,0.07,0.0,0.0,1.0,1.0,0.0,0.0,1,93589.0
0,1,22,1,0,0,0,0,0,0,0,0,0,0,0,0,0,0,0,0,0,0,1,1,0.0,0.0,1.0,1.0,1.0,0.0,0.0,54,255,1.0,0.0,0.02,0.07,0.0,0.0,1.0,0.84,0,104601.0
0,2,11,9,46,92,0,0,0,0,0,0,0,0,0,0,0,0,0,0,0,0,172,172,0.0,0.0,0.0,0.0,1.0,0.0,0.0,255,255,1.0,0.0,0.01,0.0,0.0,0.0,0.0,0.0,0,58729.0
0,1,22,9,222,1483,0,0,0,0,0,1,0,0,0,0,0,0,0,0,0,0,3,10,0.0,0.0,0.0,0.0,1.0,0.0,0.3,45,255,1.0,0.0,0.02,0.02,0.0,0.0,0.0,0.0,0,12473.0
0,0,58,9,181,0,0,0,0,0,0,0,0,0,0,0,0,0,0,0,0,0,2,1,0.0,0.0,0.0,0.0,0.5,1.0,0.0,255,5,0.02,0.01,0.03,0.0,0.0,0.0,0.0,0.0,0,4155.0
0,1,55,5,0,0,0,0,0,0,0,0,0,0,0,0,0,0,0,0,0,0,58,17,1.0,1.0,0.0,0.0,0.29,0.07,0.0,255,75,0.29,0.02,0.0,0.0,1.0,1.0,0.0,0.0,1,54896.0
0,1,22,9,224,1674,0,0,0,0,0,1,0,0,0,0,0,0,0,0,0,0,8,16,0.0,0.06,0.0,0.06,1.0,0.0,0.31,238,255,1.0,0.0,0.0,0.02,0.0,0.0,0.0,0.0,0,84959.0
0,2,44,9,1,0,0,0,0,0,0,0,0,0,0,0,0,0,0,0,0,0,14,11,0.0,0.0,0.0,0.0,0.79,0.14,0.0,255,11,0.04,0.94,0.07,0.0,0.03,0.0,0.91,0.0,1,84499.0
0,1,44,1,0,0,0,0,0,0,0,0,0,0,0,0,0,0,0,0,0,0,511,1,0.07,0.0,0.91,1.0,0.0,1.0,0.0,255,1,0.0,1.0,0.0,0.0,0.09,0.0,0.88,1.0,1,25988.0
0,1,22,9,147,5936,0,0,0,0,0,1,0,0,0,0,0,0,0,0,0,0,1,1,0.0,0.0,0.0,0.0,1.0,0.0,0.0,17,255,1.0,0.0,0.06,0.03,0.0,0.0,0.0,0.0,0,88502.0
0,1,19,9,567,0,0,0,0,0,0,1,0,0,0,6,0,0,0,0,0,0,2,2,0.0,0.0,0.0,0.0,1.0,0.0,0.0,255,110,0.43,0.02,0.44,0.0,0.0,0.01,0.0,0.0,0,21505.0
0,1,22,1,0,0,0,0,0,0,0,0,0,0,0,0,0,0,0,0,0,0,1,2,0.0,0.0,1.0,1.0,1.0,0.0,1.0,2,199,1.0,0.0,0.5,0.05,0.0,0.01,1.0,0.75,0,118353.0
0,1,0,6,1540,6141,0,0,0,0,0,1,0,0,0,0,0,0,0,0,0,0,1,1,1.0,1.0,0.0,0.0,1.0,0.0,0.0,7,4,0.57,0.29,0.14,0.0,0.29,0.5,0.29,0.5,1,112196.0
0,1,22,9,333,753,0,0,0,0,0,1,0,0,0,0,0,0,0,0,0,0,10,10,0.0,0.0,0.0,0.0,1.0,0.0,0.0,207,255,1.0,0.0,0.0,0.01,0.0,0.0,0.0,0.0,0,100952.0
0,1,37,4,0,0,0,0,0,0,0,0,0,0,0,0,0,0,0,0,0,0,1,1,0.0,0.0,1.0,1.0,1.0,0.0,0.0,255,1,0.0,0.77,1.0,0.0,0.0,0.0,1.0,1.0,1,55774.0
0,2,11,9,30,30,0,0,0,0,0,0,0,0,0,0,0,0,0,0,0,0,4,14,0.0,0.0,0.0,0.0,1.0,0.0,0.14,255,237,0.93,0.01,0.0,0.0,0.0,0.0,0.0,0.0,0,88607.0
0,2,11,9,46,138,0,0,0,0,0,0,0,0,0,0,0,0,0,0,0,0,159,239,0.0,0.0,0.0,0.0,1.0,0.0,0.01,255,255,1.0,0.0,0.0,0.0,0.0,0.0,0.0,0.0,0,23497.0
1,1,49,9,998,325,0,0,0,0,0,1,0,0,0,0,0,0,0,0,0,0,3,4,0.0,0.0,0.0,0.0,1.0,0.0,0.5,255,39,0.15,0.47,0.0,0.0,0.0,0.0,0.0,0.0,0,100988.0
0,1,17,5,0,0,0,0,0,0,0,0,0,0,0,0,0,0,0,0,0,0,51,13,1.0,1.0,0.0,0.0,0.25,0.08,0.0,255,58,0.23,0.04,0.0,0.0,1.0,1.0,0.0,0.0,1,111074.0
0,2,11,9,43,96,0,0,0,0,0,0,0,0,0,0,0,0,0,0,0,0,136,136,0.0,0.0,0.0,0.0,1.0,0.0,0.0,255,254,1.0,0.01,0.0,0.0,0.0,0.0,0.0,0.0,0,44582.0
0,1,22,9,333,720,0,0,0,0,0,1,0,0,0,0,0,0,0,0,0,0,2,2,0.0,0.0,0.0,0.0,1.0,0.0,0.0,118,255,1.0,0.0,0.01,0.03,0.0,0.0,0.0,0.0,0,90112.0
0,1,22,7,320,0,0,0,0,2,0,1,0,0,0,0,0,0,0,0,0,0,1,1,1.0,1.0,0.0,0.0,1.0,0.0,0.0,61,255,1.0,0.0,0.02,0.01,0.02,0.0,0.0,0.0,0,5872.0
0,1,44,5,0,0,0,0,0,0,0,0,0,0,0,0,0,0,0,0,0,0,154,2,1.0,1.0,0.0,0.0,0.01,0.06,0.0,255,19,0.07,0.07,0.0,0.0,1.0,1.0,0.0,0.0,1,70528.0
0,1,22,9,236,1715,0,0,0,0,0,1,0,0,0,0,0,0,0,0,0,0,8,23,0.0,0.0,0.0,0.0,1.0,0.0,0.13,28,255,1.0,0.0,0.04,0.03,0.0,0.0,0.0,0.0,0,89473.0
0,0,58,9,78,0,0,0,0,0,0,0,0,0,0,0,0,0,0,0,0,0,19,10,0.0,0.0,0.0,0.0,0.53,0.11,0.0,255,10,0.04,0.01,0.04,0.0,0.0,0.0,0.0,0.0,0,86413.0
0,1,44,5,0,0,0,0,0,0,0,0,0,0,0,0,0,0,0,0,0,0,85,6,1.0,1.0,0.0,0.0,0.07,0.07,0.0,255,9,0.04,0.06,0.0,0.0,1.0,1.0,0.0,0.0,1,23900.0
0,2,11,9,45,132,0,0,0,0,0,0,0,0,0,0,0,0,0,0,0,0,68,148,0.0,0.0,0.0,0.0,0.99,0.03,0.01,255,212,0.83,0.02,0.0,0.0,0.0,0.0,0.0,0.0,0,34811.0
0,1,44,5,0,0,0,0,0,0,0,0,0,0,0,0,0,0,0,0,0,0,132,16,1.0,1.0,0.0,0.0,0.12,0.05,0.0,255,26,0.1,0.06,0.0,0.0,1.0,1.0,0.0,0.0,1,97158.0
0,1,38,5,0,0,0,0,0,0,0,0,0,0,0,0,0,0,0,0,0,0,289,9,1.0,1.0,0.0,0.0,0.03,0.06,0.0,255,5,0.02,0.07,0.0,0.0,1.0,1.0,0.0,0.0,1,114405.0
0,0,14,9,520,0,0,0,0,0,0,0,0,0,0,0,0,0,0,0,0,0,124,124,0.0,0.0,0.0,0.0,1.0,0.0,0.0,255,255,1.0,0.0,1.0,0.0,0.0,0.0,0.0,0.0,1,84567.0
0,1,19,9,1010,0,0,0,0,0,0,1,0,0,0,0,0,0,0,0,0,0,2,2,0.0,0.0,0.0,0.0,1.0,0.0,0.0,11,7,0.27,0.27,0.27,0.29,0.0,0.0,0.0,0.0,0,94114.0
0,1,22,9,226,1047,0,0,0,0,0,1,0,0,0,0,0,0,0,0,0,0,2,7,0.5,0.29,0.0,0.0,1.0,0.0,0.57,87,255,1.0,0.0,0.01,0.04,0.01,0.0,0.0,0.0,0,110324.0
0,1,22,9,217,1759,0,0,0,0,0,1,0,0,0,0,0,0,0,0,0,0,9,9,0.0,0.0,0.0,0.0,1.0,0.0,0.0,161,255,1.0,0.0,0.01,0.01,0.0,0.0,0.0,0.0,0,61358.0
0,1,22,9,200,1484,0,0,0,0,0,1,0,0,0,0,0,0,0,0,0,0,8,8,0.0,0.0,0.0,0.0,1.0,0.0,0.0,241,255,1.0,0.0,0.0,0.01,0.0,0.0,0.0,0.0,0,26144.0
0,1,44,5,0,0,0,0,0,0,0,0,0,0,0,0,0,0,0,0,0,0,276,10,1.0,1.0,0.0,0.0,0.04,0.06,0.0,255,9,0.04,0.06,0.0,0.0,1.0,1.0,0.0,0.0,1,20353.0
0,1,61,10,0,0,0,0,0,0,0,0,0,0,0,0,0,0,0,0,0,0,1,1,1.0,1.0,0.0,0.0,1.0,0.0,0.0,255,1,0.0,1.0,1.0,0.0,1.0,1.0,0.0,0.0,1,57933.0
0,1,22,9,267,388,0,0,0,0,0,1,0,0,0,0,0,0,0,0,0,0,9,9,0.0,0.0,0.0,0.0,1.0,0.0,0.0,255,255,1.0,0.0,0.0,0.0,0.0,0.0,0.0,0.0,0,91516.0
0,1,19,6,9198,0,0,0,0,0,0,1,0,0,0,0,0,0,0,0,0,0,8,8,0.12,0.12,0.0,0.0,0.88,0.25,0.25,74,65,0.28,0.09,0.3,0.03,0.01,0.02,0.01,0.0,0,60318.0
0,1,44,5,0,0,0,0,0,0,0,0,0,0,0,0,0,0,0,0,0,0,177,20,1.0,1.0,0.0,0.0,0.11,0.06,0.0,255,7,0.03,0.07,0.0,0.0,1.0,1.0,0.0,0.0,1,25654.0
0,1,44,1,0,0,0,0,0,0,0,0,0,0,0,0,0,0,0,0,0,0,235,19,0.0,0.0,1.0,1.0,0.08,0.06,0.0,255,19,0.07,0.06,0.0,0.0,0.0,0.0,1.0,1.0,1,19936.0
0,1,22,9,322,998,0,0,0,0,0,1,0,0,0,0,0,0,0,0,0,0,9,33,0.0,0.0,0.0,0.0,1.0,0.0,0.12,255,255,1.0,0.0,0.0,0.0,0.0,0.0,0.0,0.0,0,20231.0
0,1,40,9,1363,0,0,0,0,0,0,1,0,0,0,0,0,0,0,0,0,0,17,1,0.06,0.0,0.0,0.0,0.06,0.24,0.0,235,1,0.0,0.04,0.36,0.0,0.02,0.0,0.0,0.0,0,124860.0
0,1,44,5,0,0,0,0,0,0,0,0,0,0,0,0,0,0,0,0,0,0,60,9,1.0,1.0,0.0,0.0,0.15,0.08,0.0,255,13,0.05,0.08,0.0,0.0,1.0,1.0,0.0,0.0,1,57267.0
0,1,4,5,0,0,0,0,0,0,0,0,0,0,0,0,0,0,0,0,0,0,231,16,1.0,1.0,0.0,0.0,0.07,0.06,0.0,255,16,0.06,0.08,0.0,0.0,1.0,1.0,0.0,0.0,1,63275.0
0,1,19,9,879,0,0,0,0,0,0,1,0,0,0,0,0,0,0,0,0,0,5,5,0.0,0.0,0.0,0.0,1.0,0.0,0.0,170,32,0.19,0.04,0.19,0.0,0.0,0.0,0.0,0.0,0,121917.0
0,1,19,9,19,0,0,0,0,0,0,1,0,0,0,0,0,0,0,0,0,0,1,2,0.0,0.0,0.0,0.0,1.0,0.0,1.0,5,75,1.0,0.0,1.0,0.04,0.0,0.0,0.0,0.0,1,33352.0
0,0,13,9,8,0,0,0,0,0,0,0,0,0,0,0,0,0,0,0,0,0,1,16,0.0,0.0,0.0,0.0,1.0,0.0,1.0,2,58,1.0,0.0,1.0,0.5,0.0,0.0,0.0,0.0,1,108218.0
0,1,22,9,307,191,0,0,0,0,0,1,0,0,0,0,0,0,0,0,0,0,16,16,0.0,0.0,0.0,0.0,1.0,0.0,0.0,107,255,1.0,0.0,0.01,0.02,0.0,0.0,0.0,0.0,0,20986.0
0,0,14,9,30,0,0,0,0,0,0,0,0,0,0,0,0,0,0,0,0,0,2,2,0.0,0.0,0.0,0.0,1.0,0.0,0.0,217,217,1.0,0.0,1.0,0.0,0.0,0.0,0.0,0.0,0,33774.0
0,1,22,9,351,1461,0,0,0,0,0,1,0,0,0,0,0,0,0,0,0,0,3,3,0.0,0.0,0.0,0.0,1.0,0.0,0.0,255,255,1.0,0.0,0.0,0.0,0.0,0.0,0.0,0.0,0,52489.0
0,2,44,9,1,0,0,0,0,0,0,0,0,0,0,0,0,0,0,0,0,0,22,4,0.0,0.0,0.0,0.0,0.18,0.23,0.0,255,4,0.02,0.29,1.0,0.0,0.0,0.0,0.0,0.0,1,67184.0
0,1,22,9,209,8936,0,0,0,0,0,1,0,0,0,0,0,0,0,0,0,0,1,1,0.0,0.0,0.0,0.0,1.0,0.0,0.0,255,255,1.0,0.0,0.0,0.0,0.0,0.0,0.0,0.0,0,2785.0
0,2,11,9,46,125,0,0,0,0,0,0,0,0,0,0,0,0,0,0,0,0,107,108,0.0,0.0,0.0,0.0,1.0,0.0,0.02,255,254,1.0,0.01,0.0,0.0,0.0,0.0,0.0,0.0,0,108621.0
0,1,28,5,0,0,0,0,0,0,0,0,0,0,0,0,0,0,0,0,0,0,296,25,1.0,1.0,0.0,0.0,0.08,0.05,0.0,255,25,0.1,0.05,0.0,0.0,1.0,1.0,0.0,0.0,1,29596.0
0,1,55,5,0,0,0,0,0,0,0,0,0,0,0,0,0,0,0,0,0,0,236,15,1.0,1.0,0.0,0.0,0.06,0.06,0.0,255,16,0.06,0.07,0.0,0.0,1.0,1.0,0.0,0.0,1,54182.0
0,1,44,5,0,0,0,0,0,0,0,0,0,0,0,0,0,0,0,0,0,0,288,18,1.0,1.0,0.0,0.0,0.06,0.06,0.0,255,1,0.0,0.07,0.0,0.0,1.0,1.0,0.0,0.0,1,17169.0
0,1,44,5,0,0,0,0,0,0,0,0,0,0,0,0,0,0,0,0,0,0,29,3,1.0,1.0,0.0,0.0,0.1,0.21,0.0,255,16,0.06,0.08,0.0,0.0,1.0,1.0,0.0,0.0,1,81238.0
0,1,44,5,0,0,0,0,0,0,0,0,0,0,0,0,0,0,0,0,0,0,67,12,1.0,1.0,0.0,0.0,0.18,0.06,0.0,255,12,0.05,0.06,0.0,0.0,1.0,1.0,0.0,0.0,1,82412.0
0,0,14,9,1032,0,0,0,0,0,0,0,0,0,0,0,0,0,0,0,0,0,193,193,0.0,0.0,0.0,0.0,1.0,0.0,0.0,255,255,1.0,0.0,1.0,0.0,0.0,0.0,0.0,0.0,1,54131.0
0,1,29,5,0,0,0,0,0,0,0,0,0,0,0,0,0,0,0,0,0,0,173,10,1.0,1.0,0.0,0.0,0.06,0.08,0.0,255,10,0.04,0.07,0.0,0.0,1.0,1.0,0.0,0.0,1,116226.0
0,1,22,9,206,2097,0,0,0,0,0,1,0,0,0,0,0,0,0,0,0,0,5,5,0.0,0.0,0.0,0.0,1.0,0.0,0.0,23,255,1.0,0.0,0.04,0.04,0.0,0.0,0.0,0.0,0,75336.0
0,1,22,1,0,0,0,0,0,0,0,0,0,0,0,0,0,0,0,0,0,0,1,1,0.0,0.0,1.0,1.0,1.0,0.0,0.0,12,255,1.0,0.0,0.08,0.15,0.0,0.0,1.0,0.79,0,363.0
0,1,49,9,998,327,0,0,0,0,0,1,0,0,0,0,0,0,0,0,0,0,1,1,0.0,0.0,0.0,0.0,1.0,0.0,0.0,172,161,0.65,0.03,0.01,0.01,0.0,0.0,0.0,0.0,0,81436.0
0,2,11,9,44,115,0,0,0,0,0,0,0,0,0,0,0,0,0,0,0,0,2,2,0.0,0.0,0.0,0.0,0.5,1.0,1.0,60,55,0.92,0.03,0.02,0.0,0.0,0.0,0.0,0.0,0,21635.0
0,1,55,5,0,0,0,0,0,0,0,0,0,0,0,0,0,0,0,0,0,0,283,3,1.0,1.0,0.0,0.0,0.01,0.06,0.0,255,7,0.03,0.07,0.0,0.0,1.0,1.0,0.0,0.0,1,119099.0
0,1,32,5,0,0,0,0,0,0,0,0,0,0,0,0,0,0,0,0,0,0,285,21,1.0,1.0,0.0,0.0,0.07,0.05,0.0,255,21,0.08,0.05,0.0,0.0,1.0,1.0,0.0,0.0,1,118905.0
0,0,13,9,8,0,0,0,0,0,0,0,0,0,0,0,0,0,0,0,0,0,1,52,0.0,0.0,0.0,0.0,1.0,0.0,1.0,2,2,1.0,0.0,1.0,0.0,0.0,0.0,0.0,0.0,1,77815.0
0,0,13,9,8,0,0,0,0,0,0,0,0,0,0,0,0,0,0,0,0,0,1,22,0.0,0.0,0.0,0.0,1.0,0.0,1.0,2,24,1.0,0.0,1.0,0.5,0.0,0.0,0.0,0.0,1,115160.0
0,1,22,9,216,1484,0,0,0,0,0,1,0,0,0,0,0,0,0,0,0,0,9,9,0.0,0.0,0.0,0.0,1.0,0.0,0.0,236,255,1.0,0.0,0.0,0.01,0.0,0.0,0.03,0.03,0,48222.0
0,1,3,5,0,0,0,0,0,0,0,0,0,0,0,0,0,0,0,0,0,0,248,4,1.0,1.0,0.0,0.0,0.02,0.07,0.0,255,4,0.02,0.08,0.0,0.0,1.0,1.0,0.0,0.0,1,125341.0
0,0,14,9,1032,0,0,0,0,0,0,0,0,0,0,0,0,0,0,0,0,0,205,205,0.0,0.0,0.0,0.0,1.0,0.0,0.0,255,255,1.0,0.0,1.0,0.0,0.0,0.0,0.0,0.0,1,105920.0
0,1,15,5,0,0,0,0,0,0,0,0,0,0,0,0,0,0,0,0,0,0,118,3,1.0,1.0,0.0,0.0,0.03,0.07,0.0,255,3,0.01,0.06,0.0,0.0,1.0,1.0,0.0,0.0,1,121304.0
0,1,22,5,0,0,0,0,0,0,0,0,0,0,0,0,0,0,0,0,0,0,2,2,0.5,0.5,0.0,0.0,1.0,0.0,0.0,115,255,1.0,0.0,0.02,0.03,0.01,0.0,0.0,0.0,0,24276.0
0,1,19,9,334,0,0,0,0,0,0,1,0,0,0,0,0,0,0,0,0,0,2,2,0.0,0.0,0.0,0.0,1.0,0.0,0.0,14,41,1.0,0.0,1.0,0.1,0.0,0.0,0.0,0.0,1,101680.0
0,1,44,5,0,0,0,0,0,0,0,0,0,0,0,0,0,0,0,0,0,0,125,18,1.0,1.0,0.0,0.0,0.14,0.06,0.0,255,4,0.02,0.08,0.0,0.0,1.0,1.0,0.0,0.0,1,34517.0
0,1,40,9,12241,0,0,0,0,0,0,1,0,0,0,0,0,0,0,0,0,0,6,1,0.17,0.0,0.0,0.0,0.17,0.67,0.0,100,1,0.01,0.07,0.42,0.0,0.01,0.0,0.01,0.0,0,116608.0
0,1,22,9,214,1415,0,0,0,0,0,1,0,0,0,0,0,0,0,0,0,0,1,1,0.0,0.0,0.0,0.0,1.0,0.0,0.0,15,15,1.0,0.0,0.07,0.0,0.0,0.0,0.0,0.0,0,36351.0
0,1,9,5,0,0,0,0,0,0,0,0,0,0,0,0,0,0,0,0,0,0,256,13,1.0,1.0,0.0,0.0,0.05,0.05,0.0,255,13,0.05,0.05,0.0,0.0,1.0,1.0,0.0,0.0,1,61945.0
842,1,18,9,1059,3081,0,0,0,22,0,1,0,0,0,0,0,0,0,0,0,1,1,1,0.0,0.0,0.0,0.0,1.0,0.0,0.0,223,59,0.26,0.32,0.0,0.0,0.0,0.0,0.29,0.02,0,21576.0
0,1,8,5,0,0,0,0,0,0,0,0,0,0,0,0,0,0,0,0,0,0,201,1,1.0,1.0,0.0,0.0,0.0,0.06,0.0,255,9,0.04,0.08,0.0,0.0,1.0,1.0,0.0,0.0,1,105849.0
0,1,44,5,0,0,0,0,0,0,0,0,0,0,0,0,0,0,0,0,0,0,97,1,1.0,1.0,0.0,0.0,0.01,0.08,0.0,255,1,0.0,0.06,0.0,0.0,1.0,1.0,0.0,0.0,1,53698.0
0,1,44,5,0,0,0,0,0,0,0,0,0,0,0,0,0,0,0,0,0,0,138,16,1.0,1.0,0.0,0.0,0.12,0.06,0.0,41,16,0.39,0.1,0.02,0.0,1.0,1.0,0.0,0.0,1,74064.0
0,0,14,9,30,0,0,0,0,0,0,0,0,0,0,0,0,0,0,0,0,0,1,1,0.0,0.0,0.0,0.0,1.0,0.0,0.0,169,169,1.0,0.0,1.0,0.0,0.0,0.0,0.0,0.0,0,82458.0
0,1,22,9,220,1209,0,0,0,0,0,1,0,0,0,0,0,0,0,0,0,0,4,18,0.0,0.0,0.0,0.0,1.0,0.0,0.11,36,255,1.0,0.0,0.03,0.07,0.0,0.0,0.0,0.0,0,88184.0
0,0,14,9,520,0,0,0,0,0,0,0,0,0,0,0,0,0,0,0,0,0,397,397,0.0,0.0,0.0,0.0,1.0,0.0,0.0,255,255,1.0,0.0,1.0,0.0,0.0,0.0,0.0,0.0,1,29778.0
0,0,14,9,8,0,0,0,0,0,0,0,0,0,0,0,0,0,0,0,0,0,1,1,0.0,0.0,0.0,0.0,1.0,0.0,0.0,1,1,1.0,0.0,1.0,0.0,0.0,0.0,0.0,0.0,1,79859.0
2,1,19,9,2194619,0,0,0,0,0,0,1,0,0,0,0,0,0,0,0,0,0,1,1,0.0,0.0,0.0,0.0,1.0,0.0,0.0,255,49,0.19,0.02,0.19,0.0,0.0,0.0,0.0,0.0,0,119179.0
17202,1,40,4,1,0,0,0,0,0,0,0,0,0,0,0,0,0,0,0,0,0,2,2,0.0,0.0,1.0,1.0,1.0,0.0,0.0,255,2,0.01,0.72,1.0,0.0,0.0,0.0,1.0,1.0,1,114227.0
5,1,49,9,1174,369,0,0,0,0,0,1,0,0,0,0,0,0,0,0,0,0,1,2,0.0,0.0,0.0,0.0,1.0,0.0,1.0,130,237,0.98,0.02,0.01,0.01,0.0,0.0,0.0,0.0,0,55128.0
0,1,62,5,0,0,0,0,0,0,0,0,0,0,0,0,0,0,0,0,0,0,264,19,1.0,1.0,0.0,0.0,0.07,0.06,0.0,255,19,0.07,0.08,0.0,0.0,1.0,1.0,0.0,0.0,1,45414.0
0,2,44,9,105,147,0,0,0,0,0,0,0,0,0,0,0,0,0,0,0,0,1,1,0.0,0.0,0.0,0.0,1.0,0.0,0.0,86,85,0.99,0.02,0.01,0.0,0.0,0.0,0.0,0.0,0,2607.0
28,1,18,9,1453,4152,0,0,0,30,0,1,0,0,0,0,0,0,0,0,0,1,1,1,0.0,0.0,0.0,0.0,1.0,0.0,0.0,43,10,0.23,0.14,0.02,0.0,0.0,0.0,0.0,0.0,0,5070.0
0,2,44,9,1,0,0,0,0,0,0,0,0,0,0,0,0,0,0,0,0,0,35,5,0.0,0.0,0.0,0.0,0.14,0.09,0.0,255,26,0.1,0.59,0.45,0.0,0.05,0.0,0.49,0.0,1,65772.0
0,1,7,5,0,0,0,0,0,0,0,0,0,0,0,0,0,0,0,0,0,0,224,18,1.0,1.0,0.0,0.0,0.08,0.05,0.0,255,18,0.07,0.06,0.0,0.0,1.0,1.0,0.0,0.0,1,66697.0
0,1,22,9,242,14289,0,0,0,0,0,1,0,0,0,0,0,0,0,0,0,0,1,1,0.0,0.0,0.0,0.0,1.0,0.0,0.0,1,255,1.0,0.0,1.0,0.04,0.0,0.0,0.0,0.0,0,121916.0
0,1,22,9,310,3567,0,0,0,0,0,1,0,0,0,0,0,0,0,0,0,0,2,2,0.0,0.0,0.0,0.0,1.0,0.0,0.0,255,255,1.0,0.0,0.0,0.0,0.0,0.0,0.0,0.0,0,18278.0
0,1,19,9,151,0,0,0,0,0,0,1,0,0,0,0,0,0,0,0,0,0,2,2,0.0,0.0,0.0,0.0,1.0,0.0,0.0,121,56,0.46,0.02,0.46,0.0,0.0,0.0,0.0,0.0,0,2425.0
0,1,22,9,226,447,0,0,0,0,0,1,0,0,0,0,0,0,0,0,0,0,35,40,0.0,0.0,0.0,0.0,1.0,0.0,0.08,255,255,1.0,0.0,0.0,0.0,0.0,0.0,0.0,0.0,0,2626.0
0,1,22,9,339,764,0,0,0,0,0,1,0,0,0,0,0,0,0,0,0,0,10,13,0.0,0.0,0.0,0.0,1.0,0.0,0.15,134,255,1.0,0.0,0.01,0.02,0.0,0.0,0.0,0.0,0,25916.0
0,1,49,9,2182,328,0,0,0,0,0,1,0,0,0,0,0,0,0,0,0,0,1,1,0.0,0.0,0.0,0.0,1.0,0.0,0.0,146,142,0.55,0.07,0.01,0.01,0.0,0.0,0.0,0.0,0,6689.0
0,1,22,9,211,356,0,0,0,0,0,1,0,0,0,0,0,0,0,0,0,0,26,30,0.0,0.0,0.0,0.0,1.0,0.0,0.1,230,255,1.0,0.0,0.0,0.01,0.0,0.0,0.0,0.0,0,118237.0
0,1,19,9,59,0,0,0,0,0,0,1,0,0,0,0,0,0,0,0,0,0,1,1,0.0,0.0,0.0,0.0,1.0,0.0,0.0,196,95,0.36,0.03,0.36,0.02,0.0,0.0,0.0,0.0,0,93649.0
0,1,44,1,0,0,0,0,0,0,0,0,0,0,0,0,0,0,0,0,0,0,216,20,0.0,0.0,1.0,1.0,0.09,0.07,0.0,255,20,0.08,0.08,0.0,0.0,0.0,0.0,1.0,1.0,1,24948.0
0,1,22,9,297,1075,0,0,0,0,0,1,0,0,0,0,0,0,0,0,0,0,7,7,0.0,0.0,0.0,0.0,1.0,0.0,0.0,255,246,0.96,0.01,0.0,0.0,0.0,0.0,0.0,0.0,0,37043.0
0,1,22,7,264,0,0,0,0,2,0,1,0,0,0,0,0,0,0,0,0,0,1,3,1.0,0.67,0.0,0.0,1.0,0.0,0.67,45,255,1.0,0.0,0.02,0.02,0.02,0.01,0.0,0.0,0,94932.0
0,1,49,9,1301,333,0,0,0,0,0,1,0,0,0,0,0,0,0,0,0,0,1,2,0.0,0.0,0.0,0.0,1.0,0.0,1.0,240,76,0.28,0.03,0.0,0.03,0.0,0.0,0.0,0.0,0,27218.0
0,1,60,5,0,0,0,0,0,0,0,0,0,0,0,0,0,0,0,0,0,0,283,4,1.0,1.0,0.0,0.0,0.01,0.06,0.0,255,2,0.01,0.06,0.0,0.0,1.0,1.0,0.0,0.0,1,73135.0
0,1,22,9,54540,8314,0,0,0,2,0,1,1,0,0,0,0,0,0,0,0,0,3,3,0.0,0.0,0.0,0.0,1.0,0.0,0.0,228,228,1.0,0.0,0.0,0.0,0.0,0.0,0.06,0.06,1,32889.0
0,1,31,1,0,0,0,0,0,0,0,0,0,0,0,0,0,0,0,0,0,0,251,20,0.0,0.0,1.0,1.0,0.08,0.06,0.0,255,20,0.08,0.07,0.0,0.0,0.0,0.0,1.0,1.0,1,116866.0
0,1,3,5,0,0,0,0,0,0,0,0,0,0,0,0,0,0,0,0,0,0,242,4,1.0,1.0,0.0,0.0,0.02,0.07,0.0,255,4,0.02,0.07,0.0,0.0,1.0,1.0,0.0,0.0,1,77085.0
0,1,22,9,317,1175,0,0,0,0,0,1,0,0,0,0,0,0,0,0,0,0,18,18,0.0,0.0,0.0,0.0,1.0,0.0,0.0,230,255,1.0,0.0,0.0,0.01,0.0,0.0,0.0,0.0,0,105006.0
0,1,17,5,0,0,0,0,0,0,0,0,0,0,0,0,0,0,0,0,0,0,68,19,1.0,1.0,0.0,0.0,0.28,0.06,0.0,148,44,0.26,0.03,0.01,0.05,1.0,0.89,0.0,0.0,1,123447.0
0,2,44,9,105,146,0,0,0,0,0,0,0,0,0,0,0,0,0,0,0,0,1,1,0.0,0.0,0.0,0.0,1.0,0.0,0.0,255,227,0.89,0.01,0.0,0.0,0.0,0.0,0.0,0.0,0,11763.0
0,1,22,9,283,170,0,0,0,0,0,1,0,0,0,0,0,0,0,0,0,0,18,18,0.0,0.0,0.0,0.0,1.0,0.0,0.0,50,255,1.0,0.0,0.02,0.04,0.0,0.0,0.0,0.0,0,25103.0
0,1,0,9,87,129,0,0,0,0,0,1,0,0,0,0,0,0,0,0,0,0,1,1,0.0,0.0,0.0,0.0,1.0,0.0,0.0,25,15,0.6,0.08,0.04,0.0,0.04,0.07,0.48,0.8,0,117751.0
0,1,44,5,0,0,0,0,0,0,0,0,0,0,0,0,0,0,0,0,0,0,113,15,1.0,1.0,0.0,0.0,0.13,0.07,0.0,255,3,0.01,0.08,0.0,0.0,1.0,1.0,0.0,0.0,1,90167.0
0,1,49,9,565,386,0,0,0,0,0,1,0,0,0,0,0,0,0,0,0,0,1,1,0.0,0.0,0.0,0.0,1.0,0.0,0.0,255,80,0.31,0.02,0.0,0.0,0.49,0.0,0.0,0.0,0,64606.0
0,1,22,9,222,392,0,0,0,0,0,1,0,0,0,0,0,0,0,0,0,0,6,13,0.0,0.0,0.0,0.0,1.0,0.0,0.15,62,255,1.0,0.0,0.02,0.02,0.0,0.01,0.06,0.04,0,101408.0
0,1,22,9,343,481,0,0,0,0,0,1,0,0,0,0,0,0,0,0,0,0,8,10,0.0,0.0,0.0,0.0,1.0,0.0,0.2,255,255,1.0,0.0,0.0,0.0,0.0,0.0,0.0,0.0,0,68955.0
0,0,58,9,78,0,0,0,0,0,0,0,0,0,0,0,0,0,0,0,0,0,19,7,0.0,0.0,0.0,0.0,0.37,0.11,0.0,255,15,0.06,0.01,0.06,0.0,0.0,0.0,0.0,0.0,0,82574.0
0,2,11,9,45,45,0,0,0,0,0,0,0,0,0,0,0,0,0,0,0,0,187,187,0.0,0.0,0.0,0.0,1.0,0.0,0.0,255,255,1.0,0.0,0.01,0.0,0.0,0.0,0.0,0.0,0,41052.0
0,2,11,9,44,44,0,0,0,0,0,0,0,0,0,0,0,0,0,0,0,0,199,199,0.0,0.0,0.0,0.0,1.0,0.0,0.0,255,250,0.98,0.01,0.0,0.0,0.0,0.0,0.0,0.0,0,83699.0
0,1,10,5,0,0,0,0,0,0,0,0,0,0,0,0,0,0,0,0,0,0,218,19,1.0,1.0,0.0,0.0,0.09,0.07,0.0,255,19,0.07,0.07,0.0,0.0,1.0,1.0,0.0,0.0,1,41030.0
0,2,11,9,44,77,0,0,0,0,0,0,0,0,0,0,0,0,0,0,0,0,120,120,0.0,0.0,0.0,0.0,1.0,0.0,0.0,255,254,1.0,0.01,0.0,0.0,0.0,0.0,0.0,0.0,0,75683.0
0,1,22,9,293,2446,0,0,0,0,0,1,0,0,0,0,0,0,0,0,0,0,1,1,0.0,0.0,0.0,0.0,1.0,0.0,0.0,255,255,1.0,0.0,0.0,0.0,0.0,0.0,0.0,0.0,0,51829.0
0,1,18,9,1268,2451,0,0,0,28,0,1,0,0,0,0,0,0,0,0,0,1,1,1,0.0,0.0,0.0,0.0,1.0,0.0,0.0,174,2,0.01,0.03,0.01,0.0,0.01,0.0,0.01,0.0,1,83488.0
0,1,44,5,0,0,0,0,0,0,0,0,0,0,0,0,0,0,0,0,0,0,75,24,1.0,1.0,0.0,0.0,0.32,0.05,0.0,255,24,0.09,0.04,0.0,0.0,1.0,1.0,0.0,0.0,1,99837.0
0,1,22,9,297,17035,0,0,0,0,0,1,0,0,0,0,0,0,0,0,0,0,3,3,0.0,0.0,0.0,0.0,1.0,0.0,0.0,236,255,1.0,0.0,0.0,0.01,0.01,0.01,0.0,0.0,0,33253.0
0,1,44,5,0,0,0,0,0,0,0,0,0,0,0,0,0,0,0,0,0,0,129,9,1.0,1.0,0.0,0.0,0.07,0.05,0.0,255,15,0.06,0.06,0.0,0.0,1.0,1.0,0.0,0.0,1,26564.0
0,1,44,5,0,0,0,0,0,0,0,0,0,0,0,0,0,0,0,0,0,0,147,18,1.0,1.0,0.0,0.0,0.12,0.05,0.0,255,7,0.03,0.07,0.0,0.0,1.0,1.0,0.0,0.0,1,1170.0
0,1,22,9,262,926,0,0,0,0,0,1,0,0,0,0,0,0,0,0,0,0,1,1,0.0,0.0,0.0,0.0,1.0,0.0,0.0,2,2,1.0,0.0,0.5,0.0,0.0,0.0,0.0,0.0,0,6586.0
0,1,22,9,205,1408,0,0,0,0,0,1,0,0,0,0,0,0,0,0,0,0,9,9,0.0,0.0,0.0,0.0,1.0,0.0,0.0,69,255,1.0,0.0,0.01,0.01,0.0,0.0,0.0,0.0,0,102850.0
0,0,13,9,18,0,0,0,0,0,0,0,0,0,0,0,0,0,0,0,0,0,1,1,0.0,0.0,0.0,0.0,1.0,0.0,0.0,1,141,1.0,0.0,1.0,0.26,0.0,0.0,0.0,0.0,1,32473.0
0,1,22,9,215,4631,0,0,0,0,0,1,0,0,0,0,0,0,0,0,0,0,8,8,0.0,0.0,0.0,0.0,1.0,0.0,0.0,114,255,1.0,0.0,0.01,0.02,0.0,0.0,0.0,0.0,0,13986.0
0,1,44,4,0,0,0,0,0,0,0,0,0,0,0,0,0,0,0,0,0,0,1,1,0.0,0.0,1.0,1.0,1.0,0.0,0.0,84,1,0.01,0.44,0.43,0.0,0.07,0.0,0.4,1.0,1,99345.0
0,0,13,9,8,0,0,0,0,0,0,0,0,0,0,0,0,0,0,0,0,0,1,6,0.0,0.0,0.0,0.0,1.0,0.0,1.0,1,129,1.0,0.0,1.0,0.51,0.0,0.0,0.0,0.0,1,118638.0
0,1,2,5,0,0,0,0,0,0,0,0,0,0,0,0,0,0,0,0,0,0,265,14,1.0,1.0,0.0,0.0,0.05,0.06,0.0,255,14,0.05,0.07,0.0,0.0,1.0,1.0,0.0,0.0,1,57166.0
0,1,27,5,0,0,0,0,0,0,0,0,0,0,0,0,0,0,0,0,0,0,96,6,1.0,1.0,0.0,0.0,0.06,0.07,0.0,255,6,0.02,0.06,0.0,0.0,1.0,1.0,0.0,0.0,1,70022.0
0,0,14,9,1032,0,0,0,0,0,0,0,0,0,0,0,0,0,0,0,0,0,462,462,0.0,0.0,0.0,0.0,1.0,0.0,0.0,255,255,1.0,0.0,1.0,0.0,0.0,0.0,0.0,0.0,1,39124.0
0,1,18,9,1257,2451,0,0,0,28,0,1,0,0,0,0,0,0,0,0,0,1,1,1,0.0,0.0,0.0,0.0,1.0,0.0,0.0,255,136,0.53,0.02,0.0,0.0,0.0,0.0,0.0,0.0,1,36744.0
0,1,22,9,143,9578,0,0,0,0,0,1,0,0,0,0,0,0,0,0,0,0,1,4,0.0,0.0,0.0,0.0,1.0,0.0,0.75,58,255,1.0,0.0,0.02,0.07,0.02,0.01,0.0,0.0,0,86469.0
0,1,22,9,229,1380,0,0,0,0,0,1,0,0,0,0,0,0,0,0,0,0,4,4,0.0,0.0,0.0,0.0,1.0,0.0,0.0,83,78,0.94,0.02,0.01,0.0,0.0,0.0,0.0,0.0,0,15335.0
0,1,22,9,357,5082,0,0,0,0,0,1,0,0,0,0,0,0,0,0,0,0,4,4,0.0,0.0,0.0,0.0,1.0,0.0,0.0,255,255,1.0,0.0,0.0,0.0,0.0,0.0,0.0,0.0,0,72977.0
0,1,22,9,270,1114,0,0,0,0,0,1,0,0,0,0,0,0,0,0,0,0,13,14,0.0,0.0,0.0,0.0,1.0,0.0,0.14,169,255,1.0,0.0,0.01,0.01,0.0,0.0,0.0,0.0,0,70813.0
0,1,22,9,228,4433,0,0,0,0,0,1,0,0,0,0,0,0,0,0,0,0,7,7,0.0,0.0,0.0,0.0,1.0,0.0,0.0,51,255,1.0,0.0,0.02,0.05,0.0,0.0,0.0,0.0,0,91492.0
0,2,11,9,45,45,0,0,0,0,0,0,0,0,0,0,0,0,0,0,0,0,122,122,0.0,0.0,0.0,0.0,1.0,0.0,0.0,255,205,0.8,0.01,0.01,0.0,0.0,0.0,0.0,0.0,0,100847.0
0,1,22,6,215,27265,0,0,0,0,0,1,0,0,0,0,0,0,0,0,0,0,1,26,1.0,0.04,0.0,0.0,1.0,0.0,0.08,17,255,1.0,0.0,0.06,0.03,0.06,0.0,0.0,0.0,0,37665.0
0,1,22,9,54540,8314,0,0,0,2,0,1,1,0,0,0,0,0,0,0,0,0,5,5,0.0,0.0,0.0,0.0,1.0,0.0,0.0,238,238,1.0,0.0,0.0,0.0,0.0,0.0,0.05,0.05,1,40334.0
0,1,50,5,0,0,0,0,0,0,0,0,0,0,0,0,0,0,0,0,0,0,179,11,1.0,1.0,0.0,0.0,0.06,0.07,0.0,255,11,0.04,0.08,0.0,0.0,1.0,1.0,0.0,0.0,1,67104.0
0,1,49,9,1150,387,0,0,0,0,0,1,0,0,0,0,0,0,0,0,0,0,1,1,0.0,0.0,0.0,0.0,1.0,0.0,0.0,255,65,0.25,0.02,0.0,0.0,0.59,0.0,0.0,0.0,0,53189.0
0,0,13,9,8,0,0,0,0,0,0,0,0,0,0,0,0,0,0,0,0,0,1,27,0.0,0.0,0.0,0.0,1.0,0.0,1.0,2,60,1.0,0.0,1.0,0.5,0.0,0.0,0.0,0.0,1,24021.0
0,1,22,9,178,1553,0,0,0,0,0,1,0,0,0,0,0,0,0,0,0,0,28,28,0.0,0.0,0.0,0.0,1.0,0.0,0.0,253,255,1.0,0.0,0.0,0.01,0.0,0.0,0.0,0.0,0,13809.0
0,1,62,5,0,0,0,0,0,0,0,0,0,0,0,0,0,0,0,0,0,0,125,11,1.0,1.0,0.0,0.0,0.09,0.06,0.0,255,11,0.04,0.06,0.0,0.0,1.0,1.0,0.0,0.0,1,19164.0
0,1,22,5,0,0,0,0,0,0,0,0,0,0,0,0,0,0,0,0,0,0,13,1,1.0,1.0,0.0,0.0,0.08,0.31,0.0,255,21,0.08,0.07,0.01,0.0,1.0,1.0,0.0,0.0,1,73997.0
0,1,22,9,302,307,0,0,0,0,0,1,0,0,0,0,0,0,0,0,0,0,5,5,0.0,0.0,0.0,0.0,1.0,0.0,0.0,146,255,1.0,0.0,0.01,0.02,0.0,0.0,0.01,0.02,0,31143.0
0,2,44,9,1,0,0,0,0,0,0,0,0,0,0,0,0,0,0,0,0,0,52,6,0.0,0.0,0.0,0.0,0.12,0.1,0.0,255,6,0.02,0.02,0.02,0.0,0.0,0.0,0.84,0.0,1,28220.0
0,1,44,5,0,0,0,0,0,0,0,0,0,0,0,0,0,0,0,0,0,0,206,3,1.0,1.0,0.0,0.0,0.01,0.07,0.0,255,3,0.01,0.1,0.0,0.0,1.0,1.0,0.0,0.0,1,71653.0
0,1,22,9,318,702,0,0,0,0,0,1,0,0,0,0,0,0,0,0,0,0,21,23,0.0,0.0,0.0,0.0,1.0,0.0,0.13,85,93,1.0,0.0,0.01,0.03,0.0,0.01,0.0,0.0,0,66489.0
0,1,55,5,0,0,0,0,0,0,0,0,0,0,0,0,0,0,0,0,0,0,4,4,1.0,1.0,0.0,0.0,1.0,0.0,0.0,46,26,0.57,0.04,0.02,0.0,0.96,0.92,0.0,0.0,1,73040.0
0,1,44,1,0,0,0,0,0,0,0,0,0,0,0,0,0,0,0,0,0,0,135,3,0.0,0.0,1.0,1.0,0.02,0.07,0.0,255,3,0.01,0.06,0.0,0.0,0.0,0.0,1.0,1.0,1,92303.0
0,1,22,9,175,10981,0,0,0,0,0,1,0,0,0,0,0,0,0,0,0,0,10,10,0.0,0.0,0.0,0.0,1.0,0.0,0.0,255,255,1.0,0.0,0.0,0.0,0.0,0.0,0.0,0.0,0,120063.0
0,1,17,5,0,0,0,0,0,0,0,0,0,0,0,0,0,0,0,0,0,0,212,8,1.0,1.0,0.0,0.0,0.04,0.07,0.0,255,8,0.03,0.08,0.0,0.0,1.0,1.0,0.0,0.0,1,80212.0
0,1,22,9,223,1645,0,0,0,0,0,1,0,0,0,0,0,0,0,0,0,0,5,5,0.0,0.0,0.0,0.0,1.0,0.0,0.0,255,255,1.0,0.0,0.0,0.0,0.0,0.0,0.0,0.0,0,119320.0
0,1,17,9,6,135,0,0,0,0,0,0,0,0,0,0,0,0,0,0,0,0,1,1,0.0,0.0,0.0,0.0,1.0,0.0,0.0,58,5,0.05,0.05,0.02,0.4,0.0,0.0,0.0,0.0,0,57712.0
0,1,22,9,324,1444,0,0,0,0,0,1,0,0,0,0,0,0,0,0,0,0,9,9,0.11,0.11,0.0,0.0,1.0,0.0,0.0,255,255,1.0,0.0,0.0,0.0,0.0,0.0,0.0,0.0,0,36472.0
0,1,22,9,216,3200,0,0,0,0,0,1,0,0,0,0,0,0,0,0,0,0,8,9,0.0,0.0,0.0,0.0,1.0,0.0,0.22,8,255,1.0,0.0,0.12,0.02,0.0,0.0,0.0,0.0,0,117117.0
0,1,36,5,0,0,0,0,0,0,0,0,0,0,0,0,0,0,0,0,0,0,287,14,1.0,1.0,0.0,0.0,0.05,0.06,0.0,255,6,0.02,0.07,0.0,0.0,1.0,1.0,0.0,0.0,1,45788.0
0,1,22,6,182,29200,0,0,0,0,0,1,0,0,0,0,0,0,0,0,0,0,1,2,1.0,0.5,0.0,0.5,1.0,0.0,1.0,255,241,0.95,0.01,0.0,0.0,0.0,0.0,0.0,0.0,0,51706.0
0,1,22,9,490,4997,0,0,0,0,0,1,0,0,0,0,0,0,0,0,0,0,14,14,0.0,0.0,0.0,0.0,1.0,0.0,0.0,255,255,1.0,0.0,0.0,0.0,0.0,0.0,0.0,0.0,0,114912.0
0,1,44,5,0,0,0,0,0,0,0,0,0,0,0,0,0,0,0,0,0,0,213,17,1.0,1.0,0.0,0.0,0.08,0.06,0.0,255,14,0.05,0.08,0.0,0.0,1.0,1.0,0.0,0.0,1,60141.0
0,1,17,9,9,31,0,0,0,0,0,0,0,0,0,0,0,0,0,0,0,0,1,1,0.0,0.0,0.0,0.0,1.0,0.0,0.0,242,13,0.05,0.03,0.01,0.0,0.0,0.0,0.0,0.0,1,119547.0
0,1,2,5,0,0,0,0,0,0,0,0,0,0,0,0,0,0,0,0,0,0,236,1,1.0,1.0,0.0,0.0,0.0,0.07,0.0,255,1,0.0,0.07,0.0,0.0,1.0,1.0,0.0,0.0,1,16006.0
0,1,44,5,0,0,0,0,0,0,0,0,0,0,0,0,0,0,0,0,0,0,272,2,1.0,1.0,0.0,0.0,0.01,0.06,0.0,255,8,0.03,0.08,0.0,0.0,1.0,1.0,0.0,0.0,1,25719.0
0,1,44,5,0,0,0,0,0,0,0,0,0,0,0,0,0,0,0,0,0,0,93,10,1.0,1.0,0.0,0.0,0.11,0.06,0.0,255,11,0.04,0.07,0.0,0.0,1.0,1.0,0.0,0.0,1,11053.0
0,1,44,5,0,0,0,0,0,0,0,0,0,0,0,0,0,0,0,0,0,0,102,1,1.0,1.0,0.0,0.0,0.01,0.08,0.0,255,19,0.07,0.06,0.0,0.0,1.0,1.0,0.0,0.0,1,57118.0
0,1,44,5,0,0,0,0,0,0,0,0,0,0,0,0,0,0,0,0,0,0,147,6,1.0,1.0,0.0,0.0,0.04,0.06,0.0,255,1,0.0,0.08,0.0,0.0,1.0,1.0,0.0,0.0,1,54380.0
0,1,22,9,168,1823,0,0,0,0,0,1,0,0,0,0,0,0,0,0,0,0,1,1,0.0,0.0,0.0,0.0,1.0,0.0,0.0,1,255,1.0,0.0,1.0,0.05,0.0,0.0,0.0,0.0,0,121201.0
0,1,22,9,323,10840,0,0,0,0,0,1,0,0,0,0,0,0,0,0,0,0,4,4,0.0,0.0,0.0,0.0,1.0,0.0,0.0,14,255,1.0,0.0,0.07,0.03,0.0,0.0,0.0,0.0,0,32128.0
0,1,19,9,383,0,0,0,0,0,0,0,0,0,0,0,0,0,0,0,0,0,2,2,0.0,0.0,0.0,0.0,1.0,0.0,0.0,255,106,0.42,0.03,0.42,0.0,0.0,0.0,0.0,0.0,0,49413.0
0,1,22,9,315,2168,0,0,0,0,0,1,0,0,0,0,0,0,0,0,0,0,13,21,0.0,0.0,0.0,0.0,1.0,0.0,0.14,170,255,1.0,0.0,0.01,0.01,0.0,0.0,0.0,0.0,0,35841.0
0,1,22,9,349,2055,0,0,0,0,0,1,0,0,0,0,0,0,0,0,0,0,37,37,0.0,0.0,0.0,0.0,1.0,0.0,0.0,255,255,1.0,0.0,0.0,0.0,0.0,0.0,0.0,0.0,0,101052.0
0,1,44,5,0,0,0,0,0,0,0,0,0,0,0,0,0,0,0,0,0,0,123,7,1.0,1.0,0.0,0.0,0.06,0.06,0.0,255,11,0.04,0.07,0.0,0.0,1.0,1.0,0.0,0.0,1,124093.0
0,2,11,9,45,45,0,0,0,0,0,0,0,0,0,0,0,0,0,0,0,0,100,180,0.0,0.0,0.0,0.0,1.0,0.0,0.01,255,255,1.0,0.0,0.01,0.0,0.0,0.0,0.0,0.0,0,110255.0
0,1,44,1,0,0,0,0,0,0,0,0,0,0,0,0,0,0,0,0,0,0,61,1,0.0,0.0,1.0,1.0,0.02,0.1,0.0,255,1,0.0,0.06,0.0,0.0,0.0,0.0,1.0,1.0,1,34990.0
0,1,44,1,0,0,0,0,0,0,0,0,0,0,0,0,0,0,0,0,0,0,1,1,0.0,0.0,1.0,1.0,1.0,0.0,0.0,37,2,0.03,1.0,0.03,1.0,0.0,0.0,0.92,1.0,1,47346.0
0,1,22,9,54540,8314,0,0,0,2,0,1,1,0,0,0,0,0,0,0,0,0,2,2,0.0,0.0,0.0,0.0,1.0,0.0,0.0,142,142,1.0,0.0,0.01,0.0,0.0,0.0,0.01,0.01,1,61512.0
0,1,22,9,323,1840,0,0,0,0,0,1,0,0,0,0,0,0,0,0,0,0,12,15,0.0,0.0,0.0,0.0,1.0,0.0,0.13,12,255,1.0,0.0,0.08,0.02,0.0,0.0,0.0,0.0,0,62528.0
5,1,49,9,1898,364,0,0,0,0,0,1,0,0,0,0,0,0,0,0,0,0,1,2,0.0,0.0,0.0,0.0,1.0,0.0,1.0,21,142,0.76,0.1,0.05,0.01,0.0,0.0,0.0,0.0,0,13146.0
0,1,22,9,202,331,0,0,0,0,0,1,0,0,0,0,0,0,0,0,0,0,7,11,0.0,0.0,0.0,0.0,1.0,0.0,0.27,255,255,1.0,0.0,0.0,0.0,0.0,0.0,0.0,0.0,0,44285.0
0,1,26,5,0,0,0,0,0,0,0,0,0,0,0,0,0,0,0,0,0,0,101,18,1.0,1.0,0.0,0.0,0.18,0.06,0.0,255,19,0.07,0.05,0.0,0.0,1.0,1.0,0.0,0.0,1,6779.0
0,1,19,9,383,0,0,0,0,0,0,1,0,0,0,0,0,0,0,0,0,0,2,2,0.0,0.0,0.0,0.0,1.0,0.0,0.0,10,74,0.9,0.2,0.9,0.04,0.0,0.0,0.0,0.0,0,102658.0
0,0,13,9,8,0,0,0,0,0,0,0,0,0,0,0,0,0,0,0,0,0,1,29,0.0,0.0,0.0,0.0,1.0,0.0,1.0,2,80,1.0,0.0,1.0,0.26,0.0,0.0,0.0,0.0,1,12639.0
30598,1,44,4,1,0,0,0,0,0,0,0,0,0,0,0,0,0,0,0,0,0,2,2,0.0,0.0,1.0,1.0,1.0,0.0,0.0,255,2,0.01,0.71,1.0,0.0,0.0,0.0,1.0,1.0,1,34553.0
29,2,11,9,44,44,0,0,0,0,0,0,0,0,0,0,0,0,0,0,0,0,3,4,0.0,0.0,0.0,0.0,0.33,0.67,0.5,70,67,0.96,0.03,0.01,0.0,0.0,0.0,0.0,0.0,0,71607.0
0,1,22,9,263,3846,0,0,0,0,0,1,0,0,0,0,0,0,0,0,0,0,2,12,0.0,0.0,0.0,0.0,1.0,0.0,0.25,152,255,1.0,0.0,0.01,0.03,0.0,0.0,0.0,0.0,0,107940.0
0,1,44,5,0,0,0,0,0,0,0,0,0,0,0,0,0,0,0,0,0,0,275,7,1.0,1.0,0.0,0.0,0.03,0.06,0.0,255,16,0.06,0.06,0.0,0.0,1.0,1.0,0.0,0.0,1,29396.0
0,2,11,9,45,139,0,0,0,0,0,0,0,0,0,0,0,0,0,0,0,0,77,157,0.0,0.0,0.0,0.0,1.0,0.0,0.01,255,254,1.0,0.01,0.0,0.0,0.0,0.0,0.0,0.0,0,19515.0
0,1,18,5,0,0,0,0,0,0,0,0,0,0,0,0,0,0,0,0,0,0,299,20,1.0,1.0,0.0,0.0,0.07,0.06,0.0,255,20,0.08,0.06,0.0,0.0,1.0,1.0,0.0,0.0,1,58076.0
0,1,34,5,0,0,0,0,0,0,0,0,0,0,0,0,0,0,0,0,0,0,225,19,1.0,1.0,0.0,0.0,0.08,0.06,0.0,255,19,0.07,0.07,0.0,0.0,1.0,1.0,0.0,0.0,1,10327.0
0,1,22,9,323,686,0,0,0,0,0,1,0,0,0,0,0,0,0,0,0,0,17,17,0.0,0.0,0.0,0.0,1.0,0.0,0.0,255,255,1.0,0.0,0.0,0.0,0.0,0.0,0.0,0.0,0,84427.0
12,1,49,9,1174,409,0,0,0,0,0,1,0,0,0,0,0,0,0,0,0,0,1,1,0.0,0.0,0.0,0.0,1.0,0.0,0.0,154,145,0.61,0.03,0.01,0.01,0.01,0.0,0.0,0.0,0,74445.0
0,1,22,9,263,1307,0,0,0,0,0,1,0,0,0,0,0,0,0,0,0,0,26,26,0.0,0.0,0.0,0.0,1.0,0.0,0.0,255,255,1.0,0.0,0.0,0.0,0.0,0.0,0.0,0.0,0,105833.0
0,0,13,9,8,0,0,0,0,0,0,0,0,0,0,0,0,0,0,0,0,0,1,39,0.0,0.0,0.0,0.0,1.0,0.0,1.0,2,58,1.0,0.0,1.0,0.5,0.0,0.0,0.0,0.0,1,59754.0
0,1,22,1,0,0,0,0,0,0,0,0,0,0,0,0,0,0,0,0,0,0,1,21,0.0,0.95,1.0,0.05,1.0,0.0,0.1,1,24,1.0,0.0,1.0,0.25,0.0,0.0,1.0,1.0,1,64002.0
0,1,22,9,315,337,0,0,0,0,0,1,0,0,0,0,0,0,0,0,0,0,4,4,0.0,0.0,0.0,0.0,1.0,0.0,0.0,4,255,1.0,0.0,0.25,0.02,0.0,0.0,0.0,0.0,0,84329.0
0,1,19,9,203,0,0,0,0,0,0,0,0,0,0,0,0,0,0,0,0,0,2,2,0.0,0.0,0.0,0.0,1.0,0.0,0.0,4,28,1.0,0.0,1.0,0.07,0.0,0.0,0.0,0.0,0,39738.0
0,1,22,9,213,1869,0,0,0,0,0,1,0,0,0,0,0,0,0,0,0,0,2,2,0.5,0.5,0.0,0.0,1.0,0.0,0.0,1,255,1.0,0.0,1.0,0.03,0.0,0.0,0.0,0.0,0,110445.0
0,0,13,9,8,0,0,0,0,0,0,0,0,0,0,0,0,0,0,0,0,0,1,18,0.0,0.0,0.0,0.0,1.0,0.0,1.0,2,66,1.0,0.0,1.0,0.5,0.0,0.0,0.0,0.0,1,51057.0
0,1,22,9,225,2248,0,0,0,0,0,1,0,0,0,0,0,0,0,0,0,0,11,11,0.0,0.0,0.0,0.0,1.0,0.0,0.0,50,255,1.0,0.0,0.02,0.04,0.0,0.0,0.0,0.0,0,43634.0
0,1,30,2,0,0,0,0,0,0,0,0,0,0,0,0,0,0,0,0,0,0,101,1,0.0,0.0,1.0,1.0,0.01,0.07,0.0,255,1,0.0,0.07,0.0,0.0,0.0,0.0,1.0,1.0,1,103774.0
0,1,17,5,0,0,0,0,0,0,0,0,0,0,0,0,0,0,0,0,0,0,272,3,1.0,1.0,0.0,0.0,0.01,0.05,0.0,255,3,0.01,0.05,0.0,0.0,1.0,1.0,0.0,0.0,1,82402.0
0,1,23,5,0,0,0,0,0,0,0,0,0,0,0,0,0,0,0,0,0,0,138,20,1.0,1.0,0.0,0.0,0.14,0.05,0.0,255,1,0.0,0.07,0.0,0.0,1.0,1.0,0.0,0.0,1,112819.0
0,1,44,5,0,0,0,0,0,0,0,0,0,0,0,0,0,0,0,0,0,0,128,7,1.0,1.0,0.0,0.0,0.05,0.06,0.0,247,13,0.05,0.08,0.0,0.0,1.0,1.0,0.0,0.0,1,75099.0
0,1,22,1,0,0,0,0,0,0,0,0,0,0,0,0,0,0,0,0,0,0,1,1,0.0,0.0,1.0,1.0,1.0,0.0,0.0,5,255,1.0,0.0,0.2,0.12,0.0,0.0,1.0,0.97,0,60968.0
0,1,22,9,325,655,0,0,0,0,0,1,0,0,0,0,0,0,0,0,0,0,37,44,0.0,0.0,0.0,0.0,1.0,0.0,0.07,255,255,1.0,0.0,0.0,0.0,0.0,0.0,0.0,0.0,0,26349.0
0,1,22,9,222,640,0,0,0,0,0,1,0,0,0,0,0,0,0,0,0,0,2,2,0.0,0.0,0.0,0.0,1.0,0.0,0.0,7,255,1.0,0.0,0.14,0.01,0.0,0.0,0.0,0.0,0,89909.0
0,1,22,9,279,2165,0,0,0,0,0,1,0,0,0,0,0,0,0,0,0,0,9,25,0.0,0.0,0.0,0.0,1.0,0.0,0.12,45,255,1.0,0.0,0.02,0.01,0.0,0.0,0.0,0.0,0,108027.0
0,1,46,1,0,0,0,0,0,0,0,0,0,0,0,0,0,0,0,0,0,0,113,1,0.0,0.0,1.0,1.0,0.01,0.06,0.0,255,1,0.0,0.07,0.0,0.0,0.0,0.0,1.0,1.0,1,52356.0
0,0,13,9,8,0,0,0,0,0,0,0,0,0,0,0,0,0,0,0,0,0,1,34,0.0,0.0,0.0,0.0,1.0,0.0,1.0,4,148,1.0,0.0,1.0,0.25,0.0,0.0,0.0,0.0,1,68225.0
4,1,18,9,61,189,0,0,0,0,1,0,0,0,0,0,0,0,0,0,0,0,1,1,0.0,0.0,0.0,0.0,1.0,0.0,0.0,32,13,0.41,0.09,0.03,0.0,0.0,0.0,0.0,0.0,0,55732.0
0,0,13,9,8,0,0,0,0,0,0,0,0,0,0,0,0,0,0,0,0,0,1,25,0.0,0.0,0.0,0.0,1.0,0.0,1.0,1,83,1.0,0.0,1.0,0.51,0.0,0.0,0.0,0.0,1,88070.0
0,1,44,5,0,0,0,0,0,0,0,0,0,0,0,0,0,0,0,0,0,0,103,6,1.0,1.0,0.0,0.0,0.06,0.06,0.0,255,6,0.02,0.05,0.0,0.0,1.0,1.0,0.0,0.0,1,19677.0
0,1,24,5,0,0,0,0,0,0,0,0,0,0,0,0,0,0,0,0,0,0,138,6,1.0,1.0,0.0,0.0,0.04,0.06,0.0,255,4,0.02,0.06,0.0,0.0,1.0,1.0,0.0,0.0,1,36719.0
0,1,17,2,0,0,0,0,0,0,0,0,0,0,0,0,0,0,0,0,0,0,242,18,0.0,0.0,1.0,1.0,0.07,0.07,0.0,255,18,0.07,0.07,0.0,0.0,0.0,0.0,1.0,1.0,1,57113.0
0,1,22,9,320,3899,0,0,0,0,0,1,0,0,0,0,0,0,0,0,0,0,2,4,0.0,0.0,0.0,0.0,1.0,0.0,0.75,24,255,1.0,0.0,0.04,0.01,0.0,0.0,0.0,0.0,0,69296.0
0,1,44,10,0,0,0,0,0,0,0,0,0,0,0,0,0,0,0,0,0,0,1,1,1.0,1.0,0.0,0.0,1.0,0.0,0.0,155,1,0.01,0.94,0.95,0.0,0.95,1.0,0.0,0.0,1,36833.0
0,1,44,5,0,0,0,0,0,0,0,0,0,0,0,0,0,0,0,0,0,0,144,11,1.0,1.0,0.0,0.0,0.08,0.06,0.0,255,7,0.03,0.06,0.0,0.0,1.0,1.0,0.0,0.0,1,62371.0
0,1,22,9,203,691,0,0,0,0,0,1,0,0,0,0,0,0,0,0,0,0,13,13,0.0,0.0,0.0,0.0,1.0,0.0,0.0,86,255,1.0,0.0,0.01,0.04,0.0,0.0,0.01,0.0,0,90447.0
0,1,19,9,192,0,0,0,0,0,0,0,0,0,0,0,0,0,0,0,0,0,2,2,0.0,0.0,0.0,0.0,1.0,0.0,0.0,31,46,0.9,0.06,0.9,0.04,0.0,0.0,0.0,0.0,0,66715.0
0,1,22,9,198,9248,0,0,0,0,0,1,0,0,0,0,0,0,0,0,0,0,7,7,0.0,0.0,0.0,0.0,1.0,0.0,0.0,255,255,1.0,0.0,0.0,0.0,0.0,0.0,0.0,0.0,0,61636.0
0,1,32,1,0,0,0,0,0,0,0,0,0,0,0,0,0,0,0,0,0,0,119,1,0.0,0.0,1.0,1.0,0.01,0.08,0.0,255,1,0.0,0.09,0.0,0.0,0.0,0.0,1.0,1.0,1,78012.0
15,1,49,9,1362,327,0,0,0,0,0,1,0,0,0,0,0,0,0,0,0,0,1,1,0.0,0.0,0.0,0.0,1.0,0.0,0.0,51,25,0.49,0.08,0.02,0.0,0.0,0.0,0.0,0.0,0,3520.0
0,1,22,9,247,3504,0,0,0,0,0,1,0,0,0,0,0,0,0,0,0,0,12,17,0.0,0.0,0.0,0.0,1.0,0.0,0.12,12,255,1.0,0.0,0.08,0.02,0.0,0.0,0.0,0.0,0,96948.0
0,1,22,9,188,1042,0,0,0,0,0,1,0,0,0,0,0,0,0,0,0,0,3,3,0.0,0.0,0.0,0.0,1.0,0.0,0.0,255,255,1.0,0.0,0.0,0.0,0.0,0.0,0.0,0.0,0,47842.0
0,1,21,1,0,0,0,0,0,0,0,0,0,0,0,0,0,0,0,0,0,0,236,2,0.0,0.0,1.0,1.0,0.01,0.07,0.0,255,2,0.01,0.08,0.0,0.0,0.0,0.0,1.0,1.0,1,98463.0
0,1,22,9,212,1090,0,0,0,0,0,1,0,0,0,0,0,0,0,0,0,0,16,16,0.0,0.0,0.0,0.0,1.0,0.0,0.0,174,255,1.0,0.0,0.01,0.04,0.0,0.01,0.01,0.01,0,19534.0
0,1,44,5,0,0,0,0,0,0,0,0,0,0,0,0,0,0,0,0,0,0,228,1,1.0,1.0,0.0,0.0,0.0,0.05,0.0,255,1,0.0,0.06,0.0,0.0,1.0,1.0,0.0,0.0,1,66312.0
0,1,22,9,248,3299,0,0,0,0,0,1,0,0,0,0,0,0,0,0,0,0,1,1,0.0,0.0,0.0,0.0,1.0,0.0,0.0,194,255,1.0,0.0,0.01,0.02,0.01,0.0,0.0,0.0,0,122693.0
0,1,22,9,163,19076,0,0,0,0,0,1,0,0,0,0,0,0,0,0,0,0,1,1,0.0,0.0,0.0,0.0,1.0,0.0,0.0,255,255,1.0,0.0,0.0,0.0,0.0,0.0,0.13,0.13,0,23895.0
0,1,55,5,0,0,0,0,0,0,0,0,0,0,0,0,0,0,0,0,0,0,268,5,1.0,1.0,0.0,0.0,0.02,0.06,0.0,255,5,0.02,0.08,0.0,0.0,1.0,1.0,0.0,0.0,1,7521.0
0,1,61,5,0,0,0,0,0,0,0,0,0,0,0,0,0,0,0,0,0,0,201,1,1.0,1.0,0.0,0.0,0.0,0.06,0.0,255,1,0.0,0.09,0.0,0.0,1.0,1.0,0.0,0.0,1,31853.0
0,1,22,9,336,2801,0,0,0,0,0,1,0,0,0,0,0,0,0,0,0,0,6,26,0.0,0.0,0.0,0.0,1.0,0.0,0.08,255,255,1.0,0.0,0.0,0.0,0.0,0.0,0.0,0.0,0,95558.0
0,1,44,5,0,0,0,0,0,0,0,0,0,0,0,0,0,0,0,0,0,0,229,2,1.0,1.0,0.0,0.0,0.01,0.07,0.0,255,6,0.02,0.07,0.0,0.0,1.0,1.0,0.0,0.0,1,11878.0
0,1,44,5,0,0,0,0,0,0,0,0,0,0,0,0,0,0,0,0,0,0,105,11,1.0,1.0,0.0,0.0,0.1,0.08,0.0,255,11,0.04,0.06,0.0,0.0,1.0,1.0,0.0,0.0,1,14061.0
399,1,40,4,1,0,0,0,0,0,0,0,0,0,0,0,0,0,0,0,0,0,2,2,0.0,0.0,1.0,1.0,1.0,0.0,0.0,255,2,0.01,0.73,1.0,0.0,0.0,0.0,1.0,1.0,1,114903.0
0,2,11,9,45,45,0,0,0,0,0,0,0,0,0,0,0,0,0,0,0,0,156,156,0.0,0.0,0.0,0.0,1.0,0.0,0.0,255,255,1.0,0.0,0.0,0.0,0.0,0.0,0.0,0.0,0,70527.0
0,1,44,5,0,0,0,0,0,0,0,0,0,0,0,0,0,0,0,0,0,0,81,17,1.0,1.0,0.0,0.0,0.21,0.06,0.0,255,4,0.02,0.06,0.0,0.0,1.0,1.0,0.0,0.0,1,102514.0
63,2,39,9,48,48,0,0,0,0,0,0,0,0,0,0,0,0,0,0,0,0,1,1,0.0,0.0,0.0,0.0,1.0,0.0,0.0,13,40,1.0,0.0,1.0,0.05,0.0,0.0,0.0,0.0,0,45723.0
0,1,22,9,317,807,0,0,0,0,0,1,0,0,0,0,0,0,0,0,0,0,9,9,0.0,0.0,0.0,0.0,1.0,0.0,0.0,255,255,1.0,0.0,0.0,0.0,0.0,0.0,0.0,0.0,0,54417.0
2364,2,40,9,147,105,0,0,0,0,0,0,0,0,0,0,0,0,0,0,0,0,1,1,0.0,0.0,0.0,0.0,1.0,0.0,0.0,255,1,0.0,0.6,0.9,0.0,0.0,0.0,0.0,0.0,0,34679.0
0,2,44,9,28,0,0,3,0,0,0,0,0,0,0,0,0,0,0,0,0,0,33,33,0.0,0.0,0.0,0.0,1.0,0.0,0.0,255,100,0.39,0.01,0.39,0.0,0.0,0.0,0.0,0.0,1,110977.0
0,1,22,7,212,25520,0,0,0,0,0,1,0,0,0,0,0,0,0,0,0,0,2,2,0.5,0.5,0.0,0.0,1.0,0.0,0.0,255,255,1.0,0.0,0.0,0.0,0.0,0.0,0.0,0.0,0,74456.0
0,0,14,9,1480,0,0,1,0,0,0,0,0,0,0,0,0,0,0,0,0,0,1,1,0.0,0.0,0.0,0.0,1.0,0.0,0.0,4,155,0.75,0.5,0.75,0.01,0.25,0.0,0.0,0.0,1,75407.0
0,1,22,9,236,3684,0,0,0,0,0,1,0,0,0,0,0,0,0,0,0,0,3,4,0.0,0.0,0.0,0.0,1.0,0.0,0.5,64,255,1.0,0.0,0.02,0.03,0.0,0.0,0.0,0.0,0,60727.0
0,2,11,9,79,44,0,0,0,0,0,0,0,0,0,0,0,0,0,0,0,0,107,107,0.0,0.0,0.0,0.0,1.0,0.0,0.0,255,166,0.65,0.01,0.17,0.0,0.0,0.0,0.0,0.0,0,17759.0
0,1,42,5,0,0,0,0,0,0,0,0,0,0,0,0,0,0,0,0,0,0,253,2,1.0,1.0,0.0,0.0,0.01,0.06,0.0,255,2,0.01,0.08,0.0,0.0,1.0,1.0,0.0,0.0,1,69669.0
0,1,24,5,0,0,0,0,0,0,0,0,0,0,0,0,0,0,0,0,0,0,215,25,1.0,1.0,0.0,0.0,0.12,0.06,0.0,255,25,0.1,0.06,0.0,0.0,1.0,1.0,0.0,0.0,1,77983.0
0,2,11,9,43,129,0,0,0,0,0,0,0,0,0,0,0,0,0,0,0,0,53,133,0.0,0.0,0.0,0.0,1.0,0.0,0.02,255,239,0.94,0.01,0.0,0.0,0.0,0.0,0.0,0.0,0,58210.0
0,1,47,1,0,0,0,0,0,0,0,0,0,0,0,0,0,0,0,0,0,0,275,9,0.0,0.0,1.0,1.0,0.03,0.06,0.0,255,9,0.04,0.07,0.0,0.0,0.0,0.0,1.0,1.0,1,69941.0
0,2,11,9,42,130,0,0,0,0,0,0,0,0,0,0,0,0,0,0,0,0,67,149,0.0,0.0,0.0,0.0,1.0,0.0,0.03,255,254,1.0,0.01,0.0,0.0,0.0,0.0,0.0,0.0,0,31260.0
0,2,11,9,44,130,0,0,0,0,0,0,0,0,0,0,0,0,0,0,0,0,159,159,0.0,0.0,0.0,0.0,1.0,0.0,0.0,255,255,1.0,0.0,0.0,0.0,0.0,0.0,0.0,0.0,0,2782.0
0,1,49,9,985,390,0,0,0,0,0,1,0,0,0,0,0,0,0,0,0,0,1,1,0.0,0.0,0.0,0.0,1.0,0.0,0.0,255,129,0.51,0.02,0.0,0.0,0.58,0.62,0.0,0.0,0,16731.0
0,0,13,9,8,0,0,0,0,0,0,0,0,0,0,0,0,0,0,0,0,0,1,24,0.0,0.0,0.0,0.0,1.0,0.0,1.0,1,53,1.0,0.0,1.0,0.51,0.0,0.0,0.0,0.0,1,97723.0
0,1,19,9,334,0,0,0,0,0,0,1,0,0,0,0,0,0,0,0,0,0,2,2,0.0,0.0,0.0,0.0,1.0,0.0,0.0,226,87,0.37,0.02,0.37,0.02,0.0,0.0,0.0,0.0,1,20764.0
11963,1,55,9,113,4070,0,0,0,0,0,1,0,0,0,0,0,0,0,0,0,0,1,1,0.0,0.0,0.0,0.0,1.0,0.0,0.0,1,1,1.0,0.0,1.0,0.0,0.0,0.0,0.0,0.0,0,100767.0
0,2,11,9,33,89,0,0,0,0,0,0,0,0,0,0,0,0,0,0,0,0,1,3,0.0,0.0,0.0,0.0,1.0,0.0,1.0,25,18,0.72,0.08,0.04,0.0,0.0,0.0,0.0,0.0,0,72327.0
0,1,22,9,195,694,0,0,0,0,0,1,0,0,0,0,0,0,0,0,0,0,12,13,0.0,0.0,0.0,0.0,1.0,0.0,0.15,255,255,1.0,0.0,0.0,0.0,0.0,0.0,0.0,0.0,0,105441.0
0,1,19,9,14052,0,0,0,0,0,0,1,0,0,0,0,0,0,0,0,0,0,13,13,0.0,0.0,0.0,0.0,1.0,0.0,0.0,114,99,0.22,0.04,0.22,0.02,0.0,0.0,0.03,0.0,0,116876.0
0,1,9,5,0,0,0,0,0,0,0,0,0,0,0,0,0,0,0,0,0,0,259,9,1.0,1.0,0.0,0.0,0.03,0.06,0.0,255,6,0.02,0.06,0.0,0.0,1.0,1.0,0.0,0.0,1,75693.0
0,1,19,1,0,0,0,0,0,0,0,0,0,0,0,0,0,0,0,0,0,0,457,3,0.07,0.0,0.9,1.0,0.01,0.99,0.0,255,2,0.01,1.0,0.0,0.0,0.08,0.0,0.91,1.0,1,17838.0
0,1,22,9,306,184,0,0,0,0,0,1,0,0,0,0,0,0,0,0,0,0,28,41,0.0,0.0,0.0,0.0,1.0,0.0,0.1,134,255,1.0,0.0,0.01,0.01,0.01,0.0,0.0,0.0,0,103038.0
0,1,22,9,228,2698,0,0,0,0,0,1,0,0,0,0,0,0,1,0,0,0,5,6,0.0,0.0,0.0,0.17,1.0,0.0,0.33,255,234,0.92,0.01,0.0,0.0,0.01,0.01,0.0,0.0,0,48360.0
0,1,22,9,317,2099,0,0,0,0,0,1,0,0,0,0,0,0,0,0,0,0,14,24,0.0,0.0,0.0,0.0,1.0,0.0,0.12,255,255,1.0,0.0,0.0,0.0,0.0,0.0,0.0,0.0,0,41733.0
0,1,60,5,0,0,0,0,0,0,0,0,0,0,0,0,0,0,0,0,0,0,57,15,1.0,1.0,0.0,0.0,0.26,0.09,0.0,255,15,0.06,0.08,0.0,0.0,1.0,1.0,0.0,0.0,1,16262.0
0,1,22,9,363,1092,0,0,0,0,0,1,0,0,0,0,0,0,0,0,0,0,13,13,0.0,0.0,0.0,0.0,1.0,0.0,0.0,117,255,1.0,0.0,0.01,0.01,0.0,0.0,0.0,0.0,0,119012.0
0,1,22,9,326,1511,0,0,0,0,0,1,0,0,0,0,0,0,0,0,0,0,2,3,0.0,0.0,0.0,0.0,1.0,0.0,0.67,9,255,1.0,0.0,0.11,0.02,0.0,0.01,0.78,0.05,0,123884.0
0,1,25,5,0,0,0,0,0,0,0,0,0,0,0,0,0,0,0,0,0,0,295,11,1.0,1.0,0.0,0.0,0.04,0.05,0.0,255,12,0.05,0.07,0.0,0.0,1.0,1.0,0.0,0.0,1,13444.0
0,0,13,9,8,0,0,0,0,0,0,0,0,0,0,0,0,0,0,0,0,0,1,38,0.0,0.0,0.0,0.0,1.0,0.0,1.0,3,83,1.0,0.0,1.0,0.25,0.0,0.0,0.0,0.0,1,97314.0
0,1,22,9,338,897,0,0,0,0,0,1,0,0,0,0,0,0,0,0,0,0,1,2,0.0,0.0,0.0,0.0,1.0,0.0,1.0,106,255,1.0,0.0,0.01,0.01,0.0,0.0,0.0,0.0,0,38989.0
0,1,22,9,204,930,0,0,0,0,0,1,0,0,0,0,0,0,0,0,0,0,2,2,0.0,0.0,0.0,0.0,1.0,0.0,0.0,255,255,1.0,0.0,0.0,0.0,0.0,0.0,0.0,0.0,0,122806.0
0,2,11,9,43,43,0,0,0,0,0,0,0,0,0,0,0,0,0,0,0,0,152,232,0.0,0.0,0.0,0.0,1.0,0.0,0.01,255,255,1.0,0.0,0.01,0.0,0.0,0.0,0.0,0.0,0,38507.0
0,1,54,5,0,0,0,0,0,0,0,0,0,0,0,0,0,0,0,0,0,0,194,7,1.0,1.0,0.0,0.0,0.04,0.08,0.0,255,7,0.03,0.07,0.0,0.0,1.0,1.0,0.0,0.0,1,3925.0
5,1,49,9,937,390,0,0,0,0,0,1,0,0,0,0,0,0,0,0,0,0,1,1,0.0,0.0,0.0,0.0,1.0,0.0,0.0,255,32,0.13,0.07,0.0,0.0,0.78,0.0,0.01,0.0,0,72137.0
0,1,2,5,0,0,0,0,0,0,0,0,0,0,0,0,0,0,0,0,0,0,107,1,1.0,1.0,0.0,0.0,0.01,0.07,0.0,255,1,0.0,0.06,0.0,0.0,1.0,1.0,0.0,0.0,1,61480.0
0,0,14,9,30,0,0,0,0,0,0,0,0,0,0,0,0,0,0,0,0,0,2,2,0.0,0.0,0.0,0.0,1.0,0.0,0.0,222,222,1.0,0.0,1.0,0.0,0.0,0.0,0.0,0.0,0,92654.0
0,1,19,9,641,0,0,0,0,0,0,1,0,0,0,0,0,0,0,0,0,0,1,1,0.0,0.0,0.0,0.0,1.0,0.0,0.0,5,92,1.0,0.0,1.0,0.02,0.0,0.01,0.0,0.0,0,52258.0
0,1,22,9,280,2872,0,0,0,0,0,1,0,0,0,0,0,0,0,0,0,0,5,5,0.0,0.0,0.0,0.0,1.0,0.0,0.0,255,255,1.0,0.0,0.0,0.0,0.0,0.0,0.0,0.0,0,79225.0
0,1,61,5,0,0,0,0,0,0,0,0,0,0,0,0,0,0,0,0,0,0,31,7,1.0,1.0,0.0,0.0,0.23,0.19,0.0,255,7,0.03,0.08,0.0,0.0,1.0,1.0,0.0,0.0,1,30208.0
0,0,14,9,1032,0,0,0,0,0,0,0,0,0,0,0,0,0,0,0,0,0,511,511,0.0,0.0,0.0,0.0,1.0,0.0,0.0,255,178,0.7,0.01,0.7,0.0,0.0,0.0,0.0,0.0,1,33060.0
0,0,13,9,8,0,0,0,0,0,0,0,0,0,0,0,0,0,0,0,0,0,1,29,0.0,0.0,0.0,0.0,1.0,0.0,1.0,2,76,1.0,0.0,1.0,0.5,0.0,0.0,0.0,0.0,1,53256.0
0,1,42,9,38,130,0,0,0,0,0,1,0,0,0,0,0,0,0,0,0,0,1,1,0.0,0.0,0.0,0.0,1.0,0.0,0.0,129,6,0.04,0.05,0.01,0.33,0.01,0.0,0.01,0.0,0,55050.0
0,1,22,9,153,7033,0,0,0,0,0,1,0,0,0,0,0,0,0,0,0,0,2,16,0.0,0.0,0.0,0.0,1.0,0.0,0.19,2,255,1.0,0.0,0.5,0.04,0.0,0.0,0.0,0.0,0,51138.0
0,1,44,5,0,0,0,0,0,0,0,0,0,0,0,0,0,0,0,0,0,0,204,15,1.0,1.0,0.0,0.0,0.07,0.06,0.0,255,15,0.06,0.05,0.0,0.0,1.0,1.0,0.0,0.0,1,43708.0
0,1,22,9,294,1048,0,0,0,0,0,1,0,0,0,0,0,0,0,0,0,0,13,13,0.0,0.0,0.0,0.0,1.0,0.0,0.0,81,255,1.0,0.0,0.01,0.05,0.0,0.0,0.0,0.0,0,89872.0
0,2,44,9,105,146,0,0,0,0,0,0,0,0,0,0,0,0,0,0,0,0,6,1,0.0,0.0,0.0,0.0,0.17,0.33,0.0,255,244,0.96,0.01,0.0,0.0,0.0,0.0,0.0,0.0,0,1752.0
0,1,30,5,0,0,0,0,0,0,0,0,0,0,0,0,0,0,0,0,0,0,64,1,1.0,1.0,0.0,0.0,0.02,0.08,0.0,255,1,0.0,0.06,0.0,0.0,1.0,1.0,0.0,0.0,1,28438.0
0,1,12,2,0,0,0,0,0,0,0,0,0,0,0,0,0,0,0,0,0,0,253,19,0.0,0.0,1.0,1.0,0.08,0.06,0.0,255,19,0.07,0.07,0.0,0.0,0.0,0.0,1.0,1.0,1,118152.0
1,1,49,9,712,371,0,0,0,0,0,1,0,0,0,0,0,0,0,0,0,0,1,3,0.0,0.0,0.0,0.0,1.0,0.0,1.0,144,98,0.28,0.03,0.01,0.02,0.01,0.01,0.0,0.0,0,44980.0
0,1,22,9,234,1244,0,0,0,0,0,1,0,0,0,0,0,0,0,0,0,0,19,19,0.0,0.0,0.0,0.0,1.0,0.0,0.0,106,255,1.0,0.0,0.01,0.05,0.0,0.0,0.0,0.0,0,10299.0
0,0,13,9,8,0,0,0,0,0,0,0,0,0,0,0,0,0,0,0,0,0,1,38,0.0,0.0,0.0,0.0,1.0,0.0,1.0,4,192,1.0,0.0,1.0,0.25,0.0,0.0,0.0,0.0,1,106417.0
30418,1,59,4,1,0,0,0,0,0,0,0,0,0,0,0,0,0,0,0,0,0,2,2,0.0,0.0,1.0,1.0,1.0,0.0,0.0,255,2,0.01,0.68,1.0,0.0,0.0,0.0,1.0,1.0,1,21159.0
0,0,13,9,30,0,0,0,0,0,0,0,0,0,0,0,0,0,0,0,0,0,1,1,0.0,0.0,0.0,0.0,1.0,0.0,0.0,68,131,1.0,0.0,1.0,0.25,0.0,0.0,0.0,0.0,0,33233.0
0,0,13,9,8,0,0,0,0,0,0,0,0,0,0,0,0,0,0,0,0,0,1,32,0.0,0.0,0.0,0.0,1.0,0.0,1.0,1,53,1.0,0.0,1.0,0.51,0.0,0.0,0.0,0.0,1,78177.0
0,1,44,5,0,0,0,0,0,0,0,0,0,0,0,0,0,0,0,0,0,0,275,7,1.0,1.0,0.0,0.0,0.03,0.06,0.0,255,11,0.04,0.08,0.0,0.0,1.0,1.0,0.0,0.0,1,107025.0
0,2,11,9,42,102,0,0,0,0,0,0,0,0,0,0,0,0,0,0,0,0,1,3,0.0,0.0,0.0,0.0,1.0,0.0,1.0,102,205,0.7,0.03,0.53,0.01,0.0,0.0,0.14,0.0,0,69069.0
0,1,55,5,0,0,0,0,0,0,0,0,0,0,0,0,0,0,0,0,0,0,30,8,1.0,1.0,0.0,0.0,0.27,0.13,0.0,255,44,0.17,0.05,0.01,0.0,1.0,1.0,0.0,0.0,1,3215.0
0,1,22,9,305,2507,0,0,0,0,0,1,0,0,0,0,0,0,0,0,0,0,5,5,0.0,0.0,0.0,0.0,1.0,0.0,0.0,255,249,0.98,0.01,0.0,0.0,0.0,0.0,0.0,0.0,0,10036.0
0,1,9,2,0,0,0,0,0,0,0,0,0,0,0,0,0,0,0,0,0,0,201,1,0.0,0.0,1.0,1.0,0.0,0.06,0.0,255,1,0.0,0.06,0.0,0.0,0.0,0.0,1.0,1.0,1,46428.0
0,1,22,9,228,2901,0,0,0,0,0,1,0,0,0,0,0,0,0,0,0,0,2,32,0.0,0.09,0.0,0.0,1.0,0.0,0.22,2,255,1.0,0.0,0.5,0.02,0.0,0.0,0.0,0.0,0,12365.0
0,1,44,5,0,0,0,0,0,0,0,0,0,0,0,0,0,0,0,0,0,0,26,1,1.0,1.0,0.0,0.0,0.04,0.23,0.0,255,14,0.05,0.08,0.0,0.0,1.0,1.0,0.0,0.0,1,109602.0
0,1,15,5,0,0,0,0,0,0,0,0,0,0,0,0,0,0,0,0,0,0,103,3,1.0,1.0,0.0,0.0,0.03,0.06,0.0,255,3,0.01,0.06,0.0,0.0,1.0,1.0,0.0,0.0,1,51163.0
0,1,33,5,0,0,0,0,0,0,0,0,0,0,0,0,0,0,0,0,0,0,236,20,1.0,1.0,0.0,0.0,0.08,0.06,0.0,255,20,0.08,0.07,0.0,0.0,1.0,1.0,0.0,0.0,1,25436.0
0,1,49,9,1053,340,0,0,0,0,0,1,0,0,0,0,0,0,0,0,0,0,1,1,0.0,0.0,0.0,0.0,1.0,0.0,0.0,203,100,0.49,0.03,0.0,0.0,0.0,0.01,0.0,0.0,0,101443.0
5126,2,40,9,146,105,0,0,0,0,0,0,0,0,0,0,0,0,0,0,0,0,2,2,0.0,0.0,0.0,0.0,1.0,0.0,0.0,201,3,0.01,0.53,0.85,0.0,0.0,0.0,0.0,0.0,0,100485.0
0,1,25,5,0,0,0,0,0,0,0,0,0,0,0,0,0,0,0,0,0,0,242,6,1.0,1.0,0.0,0.0,0.02,0.07,0.0,255,6,0.02,0.07,0.0,0.0,1.0,1.0,0.0,0.0,1,9621.0
0,1,38,5,0,0,0,0,0,0,0,0,0,0,0,0,0,0,0,0,0,0,96,6,1.0,1.0,0.0,0.0,0.06,0.06,0.0,255,3,0.01,0.07,0.0,0.0,1.0,1.0,0.0,0.0,1,11676.0
0,1,17,9,8,30,0,0,0,0,0,0,0,0,0,0,0,0,0,0,0,0,1,1,0.0,0.0,0.0,0.0,1.0,0.0,0.0,172,5,0.03,0.03,0.01,0.0,0.0,0.0,0.0,0.0,1,104918.0
0,1,9,2,0,0,0,0,0,0,0,0,0,0,0,0,0,0,0,0,0,0,185,5,0.0,0.0,1.0,1.0,0.03,0.06,0.0,255,5,0.02,0.08,0.0,0.0,0.0,0.0,1.0,1.0,1,121337.0
0,1,22,9,253,453,0,0,0,0,0,1,0,0,0,0,0,0,0,0,0,0,8,8,0.0,0.0,0.0,0.0,1.0,0.0,0.0,255,255,1.0,0.0,0.0,0.0,0.01,0.01,0.0,0.0,0,5877.0
0,1,19,9,14189,0,0,0,0,0,0,1,0,0,0,0,0,0,0,0,0,0,3,3,0.0,0.0,0.0,0.0,1.0,0.0,0.0,45,41,0.2,0.07,0.2,0.05,0.0,0.0,0.0,0.0,0,46769.0
0,1,19,9,1874,0,0,0,0,0,0,1,0,0,0,0,0,0,0,0,0,0,1,1,0.0,0.0,0.0,0.0,1.0,0.0,0.0,7,7,1.0,0.0,1.0,0.0,0.0,0.0,0.0,0.0,0,15819.0
0,1,22,9,228,1247,0,0,0,0,0,1,0,0,0,0,0,0,0,0,0,0,22,22,0.0,0.0,0.0,0.0,1.0,0.0,0.0,255,255,1.0,0.0,0.0,0.0,0.0,0.0,0.0,0.0,0,8756.0
0,1,22,9,323,1651,0,0,0,0,0,1,0,0,0,0,0,0,0,0,0,0,11,11,0.0,0.0,0.0,0.0,1.0,0.0,0.0,59,255,1.0,0.0,0.02,0.01,0.0,0.0,0.0,0.0,0,93943.0
0,0,58,9,181,0,0,0,0,0,0,0,0,0,0,0,0,0,0,0,0,0,5,4,0.0,0.0,0.0,0.0,0.8,0.4,0.0,255,22,0.09,0.01,0.1,0.0,0.0,0.0,0.0,0.0,0,123275.0
0,1,38,5,0,0,0,0,0,0,0,0,0,0,0,0,0,0,0,0,0,0,127,2,1.0,1.0,0.0,0.0,0.02,0.08,0.0,255,2,0.01,0.07,0.0,0.0,1.0,1.0,0.0,0.0,1,110038.0
0,2,11,9,43,127,0,0,0,0,0,0,0,0,0,0,0,0,0,0,0,0,78,158,0.0,0.0,0.0,0.0,1.0,0.0,0.01,255,241,0.95,0.01,0.0,0.0,0.0,0.0,0.0,0.0,0,65729.0
0,1,22,1,0,0,0,0,0,0,0,0,0,0,0,0,0,0,0,0,0,0,1,2,0.0,0.0,1.0,1.0,1.0,0.0,1.0,22,253,1.0,0.0,0.05,0.2,0.0,0.0,1.0,0.99,0,91186.0
0,0,13,9,8,0,0,0,0,0,0,0,0,0,0,0,0,0,0,0,0,0,1,29,0.0,0.0,0.0,0.0,1.0,0.0,1.0,1,86,1.0,0.0,1.0,0.51,0.0,0.0,0.0,0.0,1,13504.0
0,2,40,9,516,4,0,0,0,0,0,0,0,0,0,0,0,0,0,0,0,0,311,311,0.0,0.0,0.0,0.0,1.0,0.0,0.0,255,255,1.0,0.0,1.0,0.0,0.0,0.0,0.0,0.0,1,114972.0
0,1,22,9,219,760,0,0,0,0,0,1,0,0,0,0,0,0,0,0,0,0,16,16,0.0,0.0,0.0,0.0,1.0,0.0,0.0,138,255,1.0,0.0,0.01,0.02,0.0,0.0,0.0,0.0,0,74197.0
0,1,22,9,292,940,0,0,0,0,0,1,0,0,0,0,0,0,0,0,0,0,3,3,0.0,0.0,0.0,0.0,1.0,0.0,0.0,3,248,1.0,0.0,0.33,0.04,0.0,0.0,0.0,0.0,0,47028.0
0,2,44,9,105,147,0,0,0,0,0,0,0,0,0,0,0,0,0,0,0,0,1,1,0.0,0.0,0.0,0.0,1.0,0.0,0.0,130,129,0.99,0.02,0.01,0.0,0.0,0.0,0.0,0.0,0,109573.0
0,1,22,9,54540,8314,0,0,0,2,0,1,1,0,0,0,0,0,0,0,0,0,3,3,0.0,0.0,0.0,0.0,1.0,0.0,0.0,242,242,1.0,0.0,0.0,0.0,0.0,0.0,0.02,0.02,1,112083.0
0,2,44,9,100,0,0,0,0,0,0,0,0,0,0,0,0,0,0,0,0,0,2,2,0.0,0.0,0.0,0.0,1.0,0.0,0.0,132,22,0.17,0.02,0.17,0.0,0.0,0.0,0.0,0.0,1,112842.0
0,1,22,9,210,955,0,0,0,0,0,1,0,0,0,0,0,0,0,0,0,0,9,32,0.0,0.0,0.0,0.0,1.0,0.0,0.19,255,255,1.0,0.0,0.0,0.0,0.0,0.0,0.0,0.0,0,10810.0
0,1,44,5,0,0,0,0,0,0,0,0,0,0,0,0,0,0,0,0,0,0,203,11,1.0,1.0,0.0,0.0,0.05,0.07,0.0,255,26,0.1,0.07,0.0,0.0,1.0,1.0,0.0,0.0,1,41852.0
0,1,22,9,325,336,0,0,0,0,0,1,0,0,0,0,0,0,0,0,0,0,6,6,0.0,0.0,0.0,0.0,1.0,0.0,0.0,100,255,1.0,0.0,0.01,0.04,0.0,0.0,0.0,0.0,0,30562.0
0,1,19,9,201,0,0,0,0,0,0,1,0,0,0,0,0,0,0,0,0,0,1,1,0.0,0.0,0.0,0.0,1.0,0.0,0.0,16,44,0.44,0.19,0.44,0.05,0.06,0.0,0.0,0.0,0,12732.0
0,1,53,1,0,0,0,0,0,0,0,0,0,0,0,0,0,0,0,0,0,0,140,10,0.0,0.0,1.0,1.0,0.07,0.06,0.0,255,5,0.02,0.06,0.0,0.0,0.0,0.0,1.0,1.0,1,70509.0
0,1,55,6,199,1341,0,0,0,0,0,1,0,0,0,0,0,0,0,0,0,0,1,1,1.0,1.0,0.0,0.0,1.0,0.0,0.0,87,8,0.09,0.06,0.01,0.0,0.01,0.12,0.0,0.0,0,35063.0
0,1,44,1,0,0,0,0,0,0,0,0,0,0,0,0,0,0,0,0,0,0,74,6,0.0,0.0,1.0,1.0,0.08,0.07,0.0,255,6,0.02,0.06,0.0,0.0,0.0,0.0,1.0,1.0,1,89604.0
0,1,44,1,0,0,0,0,0,0,0,0,0,0,0,0,0,0,0,0,0,0,259,11,0.0,0.0,1.0,1.0,0.04,0.06,0.0,255,11,0.04,0.09,0.0,0.0,0.0,0.0,1.0,1.0,1,54032.0
0,1,49,9,643,330,0,0,0,0,0,1,0,0,0,0,0,0,0,0,0,0,1,1,0.0,0.0,0.0,0.0,1.0,0.0,0.0,225,171,0.76,0.03,0.0,0.0,0.0,0.0,0.0,0.0,0,32633.0
0,1,44,5,0,0,0,0,0,0,0,0,0,0,0,0,0,0,0,0,0,0,148,19,1.0,1.0,0.0,0.0,0.13,0.06,0.0,255,19,0.07,0.07,0.0,0.0,1.0,1.0,0.0,0.0,1,125659.0
101,1,22,9,334,281,0,0,0,0,0,1,0,0,0,0,0,0,0,0,0,0,2,22,0.0,0.0,0.0,0.0,1.0,0.0,0.09,255,231,0.91,0.02,0.0,0.0,0.0,0.0,0.0,0.0,0,27394.0
0,1,44,5,0,0,0,0,0,0,0,0,0,0,0,0,0,0,0,0,0,0,136,1,1.0,1.0,0.0,0.0,0.01,0.06,0.0,255,6,0.02,0.07,0.0,0.0,1.0,1.0,0.0,0.0,1,50781.0
0,1,44,5,0,0,0,0,0,0,0,0,0,0,0,0,0,0,0,0,0,0,110,6,1.0,1.0,0.0,0.0,0.05,0.07,0.0,255,15,0.06,0.07,0.0,0.0,1.0,1.0,0.0,0.0,1,18725.0
0,2,11,9,42,42,0,0,0,0,0,0,0,0,0,0,0,0,0,0,0,0,6,9,0.0,0.0,0.0,0.0,1.0,0.0,0.33,255,247,0.97,0.01,0.01,0.0,0.0,0.0,0.0,0.0,0,7190.0
0,1,44,5,0,0,0,0,0,0,0,0,0,0,0,0,0,0,0,0,0,0,243,7,1.0,1.0,0.0,0.0,0.03,0.07,0.0,255,7,0.03,0.07,0.0,0.0,1.0,1.0,0.0,0.0,1,116749.0
0,2,11,9,45,79,0,0,0,0,0,0,0,0,0,0,0,0,0,0,0,0,144,144,0.0,0.0,0.0,0.0,1.0,0.0,0.0,255,254,1.0,0.01,0.0,0.0,0.0,0.0,0.0,0.0,0,91298.0
0,1,22,9,215,1650,0,0,0,0,0,1,0,0,0,0,0,0,0,0,0,0,3,28,0.0,0.0,0.0,0.04,1.0,0.0,0.18,67,255,1.0,0.0,0.01,0.06,0.0,0.0,0.0,0.0,0,115344.0
0,1,22,9,226,2040,0,0,0,0,0,1,0,0,0,0,0,0,0,0,0,0,4,8,0.25,0.25,0.0,0.0,1.0,0.0,0.25,58,255,1.0,0.0,0.02,0.05,0.02,0.0,0.0,0.0,0,44944.0
0,1,34,1,0,0,0,0,0,0,0,0,0,0,0,0,0,0,0,0,0,0,183,16,0.0,0.0,1.0,1.0,0.09,0.07,0.0,255,16,0.06,0.07,0.0,0.0,0.0,0.0,1.0,1.0,1,120251.0
0,1,59,5,0,0,0,0,0,0,0,0,0,0,0,0,0,0,0,0,0,0,99,18,1.0,1.0,0.0,0.0,0.18,0.06,0.0,255,18,0.07,0.06,0.0,0.0,1.0,1.0,0.0,0.0,1,109249.0
0,2,11,9,43,68,0,0,0,0,0,0,0,0,0,0,0,0,0,0,0,0,207,209,0.0,0.0,0.0,0.0,1.0,0.01,0.01,255,255,1.0,0.0,0.0,0.0,0.0,0.0,0.0,0.0,0,44334.0
0,1,22,1,0,0,0,0,0,0,0,0,0,0,0,0,0,0,0,0,0,0,215,7,0.0,0.0,1.0,1.0,0.03,0.07,0.0,255,7,0.03,0.07,0.0,0.0,0.0,0.0,1.0,1.0,1,2007.0
0,1,22,9,210,5466,0,0,0,0,0,1,0,0,0,0,0,0,0,0,0,0,4,4,0.0,0.0,0.0,0.0,1.0,0.0,0.0,8,255,1.0,0.0,0.12,0.05,0.0,0.0,0.0,0.03,0,90720.0
0,1,33,5,0,0,0,0,0,0,0,0,0,0,0,0,0,0,0,0,0,0,193,17,1.0,1.0,0.0,0.0,0.09,0.05,0.0,255,17,0.07,0.05,0.0,0.0,1.0,1.0,0.0,0.0,1,99727.0
0,1,5,1,0,0,0,0,0,0,0,0,0,0,0,0,0,0,0,0,0,0,2,1,0.0,0.0,1.0,1.0,0.5,1.0,0.0,255,1,0.0,1.0,1.0,0.0,0.0,0.0,1.0,1.0,1,59447.0
0,1,44,5,0,0,0,0,0,0,0,0,0,0,0,0,0,0,0,0,0,0,271,5,1.0,1.0,0.0,0.0,0.02,0.06,0.0,255,9,0.04,0.08,0.0,0.0,1.0,1.0,0.0,0.0,1,114797.0
0,1,22,9,261,333,0,0,0,0,0,1,0,0,0,0,0,0,0,0,0,0,9,41,0.0,0.0,0.0,0.0,1.0,0.0,0.12,255,255,1.0,0.0,0.0,0.0,0.0,0.0,0.0,0.0,0,85208.0
0,1,44,5,0,0,0,0,0,0,0,0,0,0,0,0,0,0,0,0,0,0,171,18,1.0,1.0,0.0,0.0,0.11,0.06,0.0,255,18,0.07,0.07,0.0,0.0,1.0,1.0,0.0,0.0,1,108071.0
0,2,44,9,28,0,0,3,0,0,0,0,0,0,0,0,0,0,0,0,0,0,69,69,0.0,0.0,0.0,0.0,1.0,0.0,0.0,255,69,0.27,0.04,0.27,0.0,0.02,0.0,0.0,0.0,1,16926.0
0,1,42,9,38,130,0,0,0,0,0,1,0,0,0,0,0,0,0,0,0,0,1,1,0.0,0.0,0.0,0.0,1.0,0.0,0.0,147,6,0.03,0.06,0.01,0.33,0.01,0.0,0.01,0.0,0,102251.0
0,1,44,5,0,0,0,0,0,0,0,0,0,0,0,0,0,0,0,0,0,0,228,14,1.0,1.0,0.0,0.0,0.06,0.05,0.0,255,14,0.05,0.06,0.0,0.0,1.0,1.0,0.0,0.0,1,105110.0
0,1,10,5,0,0,0,0,0,0,0,0,0,0,0,0,0,0,0,0,0,0,244,5,1.0,1.0,0.0,0.0,0.02,0.06,0.0,255,5,0.02,0.08,0.0,0.0,1.0,1.0,0.0,0.0,1,59218.0
0,1,18,9,1265,2451,0,0,0,28,0,1,0,0,0,0,0,0,0,0,0,1,1,1,0.0,0.0,0.0,0.0,1.0,0.0,0.0,195,23,0.12,0.03,0.01,0.0,0.01,0.0,0.01,0.0,1,104300.0
0,1,19,9,3690,0,0,0,0,0,0,1,0,0,0,0,0,0,0,0,0,0,5,5,0.0,0.0,0.0,0.0,1.0,0.0,0.0,67,69,0.16,0.04,0.16,0.03,0.0,0.22,0.0,0.0,0,13014.0
0,1,19,5,0,0,0,0,0,0,0,0,0,0,0,0,0,0,0,0,0,0,31,11,1.0,1.0,0.0,0.0,0.35,0.06,0.0,255,11,0.04,0.06,0.01,0.0,1.0,1.0,0.0,0.0,1,100142.0
0,0,13,9,18,0,0,0,0,0,0,0,0,0,0,0,0,0,0,0,0,0,1,1,0.0,0.0,0.0,0.0,1.0,0.0,0.0,1,101,1.0,0.0,1.0,0.26,0.0,0.0,0.0,0.0,1,61872.0
0,1,22,9,319,4341,0,0,0,0,0,1,0,0,0,0,0,0,0,0,0,0,2,2,0.0,0.0,0.0,0.0,1.0,0.0,0.0,45,255,1.0,0.0,0.02,0.02,0.0,0.01,0.0,0.0,0,80125.0
0,0,14,9,1032,0,0,0,0,0,0,0,0,0,0,0,0,0,0,0,0,0,56,56,0.0,0.0,0.0,0.0,1.0,0.0,0.0,255,56,0.22,0.02,0.22,0.0,0.0,0.0,0.0,0.0,1,52913.0
0,1,44,10,0,0,0,0,0,0,0,0,0,0,0,0,0,0,0,0,0,0,1,1,1.0,1.0,0.0,0.0,1.0,0.0,0.0,127,1,0.01,0.92,0.94,0.0,0.94,1.0,0.0,0.0,1,18464.0
0,2,11,9,44,132,0,0,0,0,0,0,0,0,0,0,0,0,0,0,0,0,131,197,0.0,0.0,0.0,0.0,0.99,0.02,0.01,255,219,0.86,0.02,0.0,0.0,0.0,0.0,0.0,0.0,0,47169.0
3,1,44,4,0,0,0,0,0,0,0,0,0,0,0,0,0,0,0,0,0,0,341,2,0.0,0.0,1.0,1.0,0.01,0.52,0.0,255,2,0.01,0.52,1.0,0.0,0.0,0.0,1.0,1.0,1,10520.0
0,1,22,5,0,0,0,0,0,0,0,0,0,0,0,0,0,0,0,0,0,0,2,5,0.5,0.2,0.0,0.2,1.0,0.0,0.4,255,255,1.0,0.0,0.01,0.0,0.0,0.0,0.0,0.0,0,26063.0
0,1,22,9,199,597,0,0,0,0,0,1,0,0,0,0,0,0,0,0,0,0,10,10,0.0,0.0,0.0,0.0,1.0,0.0,0.0,255,255,1.0,0.0,0.01,0.0,0.0,0.0,0.0,0.0,0,94822.0
0,2,44,9,28,0,0,3,0,0,0,0,0,0,0,0,0,0,0,0,0,0,44,44,0.0,0.0,0.0,0.0,1.0,0.0,0.0,255,11,0.04,0.01,0.04,0.0,0.0,0.0,0.0,0.0,1,64215.0
0,1,17,5,0,0,0,0,0,0,0,0,0,0,0,0,0,0,0,0,0,0,3,2,0.67,1.0,0.33,0.0,0.67,0.67,0.0,255,4,0.02,0.08,0.0,0.0,1.0,1.0,0.0,0.0,1,106229.0
0,1,44,1,0,0,0,0,0,0,0,0,0,0,0,0,0,0,0,0,0,0,278,1,0.11,0.0,0.88,1.0,0.0,1.0,0.0,255,1,0.0,1.0,0.0,0.0,0.12,0.0,0.87,1.0,1,50849.0
0,1,21,5,0,0,0,0,0,0,0,0,0,0,0,0,0,0,0,0,0,0,200,16,1.0,1.0,0.0,0.0,0.08,0.07,0.0,255,16,0.06,0.07,0.0,0.0,1.0,1.0,0.0,0.0,1,64943.0
0,1,22,9,237,1484,0,0,0,0,0,1,0,0,0,0,0,0,0,0,0,0,13,13,0.0,0.0,0.0,0.0,1.0,0.0,0.0,255,255,1.0,0.0,0.0,0.0,0.0,0.0,0.0,0.0,0,4926.0
0,1,44,5,0,0,0,0,0,0,0,0,0,0,0,0,0,0,0,0,0,0,104,2,1.0,1.0,0.0,0.0,0.02,0.08,0.0,255,8,0.03,0.07,0.0,0.0,1.0,1.0,0.0,0.0,1,101834.0
0,1,22,9,192,2071,0,0,0,0,0,1,0,0,0,0,0,0,0,0,0,0,4,5,0.0,0.0,0.0,0.0,1.0,0.0,0.4,180,255,1.0,0.0,0.01,0.01,0.0,0.0,0.0,0.0,0,79075.0
0,1,22,9,307,1531,0,0,0,0,0,1,0,0,0,0,0,0,0,0,0,0,6,6,0.0,0.0,0.0,0.0,1.0,0.0,0.0,72,255,1.0,0.0,0.01,0.06,0.0,0.0,0.0,0.0,0,43545.0
0,1,22,9,212,405,0,0,0,0,0,1,0,0,0,0,0,0,0,0,0,0,1,4,0.0,0.0,0.0,0.0,1.0,0.0,0.75,4,255,1.0,0.0,0.25,0.05,0.0,0.0,0.0,0.0,0,49990.0
0,1,22,9,318,762,0,0,0,0,0,1,0,0,0,0,0,0,0,0,0,0,14,14,0.0,0.0,0.0,0.0,1.0,0.0,0.0,112,255,1.0,0.0,0.01,0.02,0.0,0.0,0.0,0.0,0,35094.0
0,1,22,9,251,2716,0,0,0,0,0,1,0,0,0,0,0,0,0,0,0,0,22,22,0.0,0.0,0.0,0.0,1.0,0.0,0.0,255,255,1.0,0.0,0.0,0.0,0.0,0.0,0.0,0.0,0,20264.0
0,1,19,9,884,0,0,0,0,0,0,0,0,0,0,0,0,0,0,0,0,0,2,2,0.0,0.0,0.0,0.0,1.0,0.0,0.0,13,6,0.46,0.23,0.46,0.0,0.0,0.0,0.0,0.0,0,2365.0
0,1,22,9,215,292,0,0,0,0,0,1,0,0,0,0,0,0,0,0,0,0,7,7,0.0,0.0,0.0,0.0,1.0,0.0,0.0,177,255,1.0,0.0,0.01,0.02,0.0,0.0,0.0,0.0,0,14814.0
0,1,7,5,0,0,0,0,0,0,0,0,0,0,0,0,0,0,0,0,0,0,265,17,1.0,1.0,0.0,0.0,0.06,0.05,0.0,255,17,0.07,0.05,0.0,0.0,1.0,1.0,0.0,0.0,1,70770.0
0,1,22,9,320,2233,0,0,0,0,0,1,0,0,0,0,0,0,0,0,0,0,10,14,0.0,0.07,0.0,0.07,1.0,0.0,0.21,131,255,1.0,0.0,0.01,0.03,0.0,0.0,0.0,0.0,0,18283.0
0,1,19,9,334,0,0,0,0,0,0,1,0,0,0,0,0,0,0,0,0,0,1,1,0.0,0.0,0.0,0.0,1.0,0.0,0.0,3,13,1.0,0.0,1.0,0.23,0.0,0.0,0.0,0.0,1,73788.0
2,1,49,9,779,327,0,0,0,0,0,1,0,0,0,0,0,0,0,0,0,0,1,1,0.0,0.0,0.0,0.0,1.0,0.0,0.0,153,195,0.76,0.03,0.01,0.01,0.01,0.0,0.0,0.0,0,94389.0
0,1,19,9,748,0,0,0,0,0,0,1,0,0,0,9,0,0,0,0,0,0,1,2,0.0,0.0,0.0,0.0,1.0,0.0,1.0,255,70,0.27,0.02,0.27,0.0,0.0,0.0,0.04,0.0,0,62903.0
0,1,22,9,356,1471,0,0,0,0,0,1,0,0,0,0,0,0,0,0,0,0,5,5,0.0,0.0,0.0,0.0,1.0,0.0,0.0,255,255,1.0,0.0,0.0,0.0,0.0,0.0,0.0,0.0,0,48923.0
0,1,61,5,0,0,0,0,0,0,0,0,0,0,0,0,0,0,0,0,0,0,279,5,1.0,1.0,0.0,0.0,0.02,0.06,0.0,255,5,0.02,0.06,0.0,0.0,1.0,1.0,0.0,0.0,1,92707.0
0,1,24,5,0,0,0,0,0,0,0,0,0,0,0,0,0,0,0,0,0,0,235,1,1.0,1.0,0.0,0.0,0.0,0.07,0.0,255,1,0.0,0.07,0.0,0.0,1.0,1.0,0.0,0.0,1,102816.0
0,1,19,9,4539,0,0,0,0,0,0,0,0,0,0,0,0,0,0,0,0,0,18,18,0.0,0.0,0.0,0.0,1.0,0.0,0.0,197,74,0.38,0.03,0.38,0.0,0.0,0.0,0.0,0.0,0,92676.0
0,2,11,9,46,132,0,0,0,0,0,0,0,0,0,0,0,0,0,0,0,0,16,42,0.0,0.0,0.0,0.0,1.0,0.0,0.05,255,254,1.0,0.01,0.0,0.0,0.0,0.0,0.0,0.0,0,81054.0
1,2,44,9,105,146,0,0,0,0,0,0,0,0,0,0,0,0,0,0,0,0,2,1,0.0,0.0,0.0,0.0,0.5,1.0,0.0,255,253,0.99,0.01,0.0,0.0,0.0,0.0,0.0,0.0,0,54038.0
0,2,11,9,45,78,0,0,0,0,0,0,0,0,0,0,0,0,0,0,0,0,220,222,0.0,0.0,0.0,0.0,1.0,0.01,0.01,255,255,1.0,0.0,0.0,0.0,0.0,0.0,0.0,0.0,0,34159.0
0,1,22,9,296,1920,0,0,0,0,0,1,0,0,0,0,0,0,0,0,0,0,4,20,0.0,0.0,0.0,0.0,1.0,0.0,0.1,24,228,1.0,0.0,0.04,0.03,0.0,0.0,0.0,0.0,0,11548.0
0,1,55,5,0,0,0,0,0,0,0,0,0,0,0,0,0,0,0,0,0,0,70,15,1.0,1.0,0.0,0.0,0.21,0.06,0.0,255,57,0.22,0.02,0.01,0.0,1.0,1.0,0.0,0.0,1,20961.0
0,1,21,5,0,0,0,0,0,0,0,0,0,0,0,0,0,0,0,0,0,0,282,6,1.0,1.0,0.0,0.0,0.02,0.06,0.0,255,19,0.07,0.07,0.0,0.0,1.0,1.0,0.0,0.0,1,55517.0
0,1,22,9,289,7525,0,0,0,0,0,1,0,0,0,0,0,0,0,0,0,0,19,29,0.0,0.0,0.0,0.0,1.0,0.0,0.07,255,255,1.0,0.0,0.0,0.0,0.01,0.01,0.0,0.0,0,9662.0
5,1,49,9,1134,368,0,0,0,0,0,1,0,0,0,0,0,0,0,0,0,0,1,1,0.0,0.0,0.0,0.0,1.0,0.0,0.0,60,164,0.43,0.07,0.02,0.02,0.0,0.01,0.0,0.0,0,120977.0
0,1,22,9,54540,8314,0,0,0,2,0,1,1,0,0,0,0,0,0,0,0,0,2,2,0.0,0.0,0.5,0.5,1.0,0.0,0.0,255,255,1.0,0.0,0.0,0.0,0.01,0.01,0.04,0.04,1,95991.0
0,1,22,9,244,3053,0,0,0,0,0,1,0,0,0,0,0,0,0,0,0,0,7,7,0.0,0.0,0.0,0.0,1.0,0.0,0.0,72,255,1.0,0.0,0.01,0.03,0.0,0.0,0.0,0.0,0,52057.0
0,2,11,9,44,134,0,0,0,0,0,0,0,0,0,0,0,0,0,0,0,0,191,271,0.0,0.0,0.0,0.0,1.0,0.0,0.01,255,253,0.99,0.01,0.0,0.0,0.0,0.0,0.0,0.0,0,64282.0
0,1,22,5,0,0,0,0,0,0,0,0,0,0,0,0,0,0,0,0,0,0,5,3,1.0,1.0,0.0,0.0,0.6,0.6,0.0,255,65,0.25,0.02,0.0,0.0,1.0,1.0,0.0,0.0,1,10936.0
0,1,22,9,229,8368,0,0,0,0,0,1,0,0,0,0,0,0,0,0,0,0,1,1,0.0,0.0,0.0,0.0,1.0,0.0,0.0,1,255,1.0,0.0,1.0,0.06,0.0,0.0,0.0,0.0,0,66337.0
0,2,44,9,28,0,0,3,0,0,0,0,0,0,0,0,0,0,0,0,0,0,45,45,0.0,0.0,0.0,0.0,1.0,0.0,0.0,255,145,0.57,0.44,0.57,0.0,0.09,0.0,0.35,0.0,1,111212.0
0,1,22,5,0,0,0,0,0,0,0,0,0,0,0,0,0,0,0,0,0,0,64,18,0.97,1.0,0.03,0.0,0.28,0.09,0.0,255,38,0.15,0.04,0.01,0.0,1.0,1.0,0.0,0.0,1,91703.0
0,1,19,9,383,0,0,0,0,0,0,0,0,0,0,0,0,0,0,0,0,0,2,2,0.0,0.0,0.0,0.0,1.0,0.0,0.0,34,77,0.09,0.09,0.09,0.03,0.0,0.0,0.0,0.0,0,27171.0
0,1,52,5,0,0,0,0,0,0,0,0,0,0,0,0,0,0,0,0,0,0,284,18,1.0,1.0,0.0,0.0,0.06,0.06,0.0,255,18,0.07,0.08,0.0,0.0,1.0,1.0,0.0,0.0,1,30241.0
0,1,22,9,333,106411,0,0,0,0,0,1,0,0,0,0,0,0,0,0,0,0,2,12,0.0,0.0,0.0,0.0,1.0,0.0,0.25,95,95,1.0,0.0,0.01,0.0,0.0,0.0,0.0,0.0,0,124962.0
0,1,44,1,0,0,0,0,0,0,0,0,0,0,0,0,0,0,0,0,0,0,138,8,0.0,0.0,1.0,1.0,0.06,0.06,0.0,255,4,0.02,0.07,0.0,0.0,0.0,0.0,1.0,1.0,1,110635.0
0,1,22,9,208,6993,0,0,0,0,0,1,0,0,0,0,0,0,0,0,0,0,6,6,0.0,0.0,0.0,0.0,1.0,0.0,0.0,255,255,1.0,0.0,0.0,0.0,0.01,0.01,0.0,0.0,0,50565.0
0,1,22,9,222,897,0,0,0,0,0,1,0,0,0,0,0,0,0,0,0,0,11,11,0.0,0.0,0.0,0.0,1.0,0.0,0.0,229,255,1.0,0.0,0.0,0.01,0.0,0.0,0.0,0.0,0,101756.0
0,0,14,9,1032,0,0,0,0,0,0,0,0,0,0,0,0,0,0,0,0,0,309,309,0.0,0.0,0.0,0.0,1.0,0.0,0.0,255,255,1.0,0.0,1.0,0.0,0.0,0.0,0.0,0.0,1,63378.0
0,1,44,1,0,0,0,0,0,0,0,0,0,0,0,0,0,0,0,0,0,0,169,15,0.0,0.0,1.0,1.0,0.09,0.07,0.0,255,15,0.06,0.07,0.0,0.0,0.0,0.0,1.0,1.0,1,5226.0
0,1,22,9,250,2296,0,0,0,0,0,1,0,0,0,0,0,0,0,0,0,0,13,23,0.0,0.0,0.0,0.0,1.0,0.0,0.17,255,255,1.0,0.0,0.0,0.0,0.0,0.0,0.0,0.0,0,12621.0
1,1,57,9,0,4,0,0,0,0,0,0,0,0,0,0,0,0,0,0,0,0,1,1,0.0,0.0,0.0,0.0,1.0,0.0,0.0,24,24,1.0,0.0,0.04,0.0,0.0,0.0,0.0,0.0,0,16809.0
0,1,44,5,0,0,0,0,0,0,0,0,0,0,0,0,0,0,0,0,0,0,218,10,1.0,1.0,0.0,0.0,0.05,0.07,0.0,255,25,0.1,0.07,0.0,0.0,1.0,1.0,0.0,0.0,1,84947.0
0,0,14,9,1032,0,0,0,0,0,0,0,0,0,0,0,0,0,0,0,0,0,63,63,0.0,0.0,0.0,0.0,1.0,0.0,0.0,255,255,1.0,0.0,1.0,0.0,0.0,0.0,0.0,0.0,1,34272.0
0,1,22,9,295,249,0,0,0,0,0,1,0,0,0,0,0,0,0,0,0,0,1,1,0.0,0.0,0.0,0.0,1.0,0.0,0.0,126,255,1.0,0.0,0.01,0.02,0.0,0.0,0.0,0.0,0,96682.0
0,1,3,5,0,0,0,0,0,0,0,0,0,0,0,0,0,0,0,0,0,0,230,15,1.0,1.0,0.0,0.0,0.07,0.05,0.0,255,15,0.06,0.05,0.0,0.0,1.0,1.0,0.0,0.0,1,39201.0
0,1,49,9,897,332,0,0,0,0,0,1,0,0,0,0,0,0,0,0,0,0,1,1,0.0,0.0,0.0,0.0,1.0,0.0,0.0,58,165,0.64,0.09,0.02,0.01,0.0,0.01,0.0,0.0,0,70690.0
0,1,44,1,0,0,0,0,0,0,0,0,0,0,0,0,0,0,0,0,0,0,2,1,0.0,0.0,1.0,1.0,0.5,1.0,0.0,255,1,0.0,0.58,0.54,0.0,0.01,0.0,0.55,1.0,1,92132.0
0,1,22,5,0,0,0,0,0,0,0,0,0,0,0,0,0,0,0,0,0,0,22,9,1.0,1.0,0.0,0.0,0.41,0.18,0.0,255,62,0.24,0.02,0.02,0.0,1.0,1.0,0.0,0.0,1,16903.0
0,1,22,9,199,363,0,0,0,0,0,1,0,0,0,0,0,0,0,0,0,0,3,3,0.0,0.0,0.0,0.0,1.0,0.0,0.0,3,255,1.0,0.0,0.33,0.05,0.0,0.0,0.0,0.0,0,11692.0
0,1,42,9,35,130,0,0,0,0,0,1,0,0,0,0,0,0,0,0,0,0,1,1,0.0,0.0,0.0,0.0,1.0,0.0,0.0,136,5,0.04,0.04,0.01,0.0,0.0,0.0,0.0,0.0,0,83181.0
0,1,22,9,234,13603,0,0,0,0,0,1,0,0,0,0,0,0,0,0,0,0,10,10,0.0,0.0,0.0,0.0,1.0,0.0,0.0,51,51,1.0,0.0,0.02,0.0,0.0,0.0,0.0,0.0,0,61127.0
0,1,3,1,0,0,0,0,0,0,0,0,0,0,0,0,0,0,0,0,0,0,224,13,0.0,0.0,1.0,1.0,0.06,0.07,0.0,255,13,0.05,0.08,0.0,0.0,0.0,0.0,1.0,1.0,1,57145.0
0,1,22,9,294,1227,0,0,0,0,0,1,0,0,0,0,0,0,0,0,0,0,4,4,0.0,0.0,0.0,0.0,1.0,0.0,0.0,42,42,1.0,0.0,0.02,0.0,0.0,0.0,0.0,0.0,0,66893.0
0,1,22,9,190,622,0,0,0,0,0,1,0,0,0,0,0,0,0,0,0,0,1,2,0.0,0.0,0.0,0.0,1.0,0.0,1.0,3,255,1.0,0.0,0.33,0.04,0.0,0.0,0.0,0.0,0,97043.0
0,1,22,9,320,270,0,0,0,0,0,1,0,0,0,0,0,0,0,0,0,0,6,6,0.0,0.0,0.0,0.0,1.0,0.0,0.0,192,188,0.98,0.01,0.01,0.0,0.0,0.0,0.0,0.0,0,34496.0
0,1,22,9,211,703,0,0,0,0,0,1,0,0,0,0,0,0,0,0,0,0,12,12,0.0,0.0,0.0,0.0,1.0,0.0,0.0,12,255,1.0,0.0,0.08,0.03,0.0,0.0,0.0,0.0,0,59060.0
0,0,14,9,1480,0,0,1,0,0,0,0,0,0,0,0,0,0,0,0,0,0,4,4,0.0,0.0,0.0,0.0,1.0,0.0,0.0,255,4,0.02,0.02,0.02,0.0,0.0,0.0,0.0,0.0,1,114229.0
0,1,22,9,201,3557,0,0,0,0,0,1,0,0,0,0,0,0,0,0,0,0,1,4,0.0,0.0,0.0,0.75,1.0,0.0,1.0,255,254,1.0,0.01,0.0,0.0,0.0,0.0,0.0,0.0,0,29522.0
0,1,28,5,0,0,0,0,0,0,0,0,0,0,0,0,0,0,0,0,0,0,135,3,1.0,1.0,0.0,0.0,0.02,0.06,0.0,255,1,0.0,0.07,0.0,0.0,1.0,1.0,0.0,0.0,1,116952.0
0,1,57,5,0,0,0,0,0,0,0,0,0,0,0,0,0,0,0,0,0,0,149,25,1.0,1.0,0.0,0.0,0.17,0.05,0.0,255,1,0.0,0.06,0.0,0.0,1.0,1.0,0.0,0.0,1,40118.0
0,1,44,1,0,0,0,0,0,0,0,0,0,0,0,0,0,0,0,0,0,0,141,12,0.0,0.0,1.0,1.0,0.09,0.06,0.0,116,12,0.1,0.07,0.01,0.0,0.0,0.0,1.0,1.0,1,96194.0
0,1,29,5,0,0,0,0,0,0,0,0,0,0,0,0,0,0,0,0,0,0,208,17,1.0,1.0,0.0,0.0,0.08,0.05,0.0,255,17,0.07,0.05,0.0,0.0,1.0,1.0,0.0,0.0,1,86993.0
0,2,11,9,45,45,0,0,0,0,0,0,0,0,0,0,0,0,0,0,0,0,136,216,0.0,0.0,0.0,0.0,1.0,0.0,0.01,255,255,1.0,0.0,0.01,0.0,0.0,0.0,0.0,0.0,0,58722.0
0,2,11,9,33,95,0,0,0,0,0,0,0,0,0,0,0,0,0,0,0,0,1,3,0.0,0.0,0.0,0.0,1.0,0.0,1.0,255,232,0.91,0.01,0.0,0.0,0.0,0.0,0.0,0.0,0,113638.0
0,2,11,9,45,45,0,0,0,0,0,0,0,0,0,0,0,0,0,0,0,0,300,299,0.0,0.0,0.0,0.0,1.0,0.01,0.0,255,254,1.0,0.01,0.0,0.0,0.0,0.0,0.0,0.0,0,34853.0
0,1,19,9,3909,0,0,0,0,0,0,1,0,0,0,0,0,0,0,0,0,0,6,6,0.0,0.0,0.0,0.0,1.0,0.0,0.0,153,104,0.34,0.02,0.34,0.02,0.01,0.01,0.0,0.0,0,71276.0
0,1,29,1,0,0,0,0,0,0,0,0,0,0,0,0,0,0,0,0,0,0,248,11,0.0,0.0,1.0,1.0,0.04,0.07,0.0,255,11,0.04,0.08,0.0,0.0,0.0,0.0,1.0,1.0,1,101238.0
0,1,17,9,9,137,0,0,0,0,0,0,0,0,0,0,0,0,0,0,0,0,1,1,0.0,0.0,0.0,0.0,1.0,0.0,0.0,40,5,0.03,0.05,0.03,0.8,0.0,0.0,0.0,0.0,0,46347.0
0,1,22,9,289,454,0,0,0,0,0,1,0,0,0,0,0,0,0,0,0,0,15,15,0.0,0.0,0.0,0.0,1.0,0.0,0.0,255,255,1.0,0.0,0.01,0.0,0.0,0.0,0.0,0.0,0,17445.0
0,1,16,2,0,0,0,0,0,0,0,0,0,0,0,0,0,0,0,0,0,0,118,20,0.0,0.0,1.0,1.0,0.17,0.06,0.0,255,20,0.08,0.06,0.0,0.0,0.0,0.0,1.0,1.0,1,109077.0
0,1,44,5,0,0,0,0,0,0,0,0,0,0,0,0,0,0,0,0,0,0,107,7,1.0,1.0,0.0,0.0,0.07,0.07,0.0,255,10,0.04,0.07,0.0,0.0,1.0,1.0,0.0,0.0,1,96710.0
0,1,44,1,0,0,0,0,0,0,0,0,0,0,0,0,0,0,0,0,0,0,95,1,0.0,0.0,1.0,1.0,0.01,0.06,0.0,255,1,0.0,0.06,0.0,0.0,0.0,0.0,1.0,1.0,1,121426.0
0,0,13,9,8,0,0,0,0,0,0,0,0,0,0,0,0,0,0,0,0,0,1,14,0.0,0.0,0.0,0.0,1.0,0.0,1.0,1,45,1.0,0.0,1.0,0.53,0.0,0.0,0.0,0.0,1,29811.0
0,1,22,9,164,4559,0,0,0,0,0,1,0,0,0,0,0,0,0,0,0,0,6,11,0.0,0.0,0.0,0.0,1.0,0.0,0.27,10,255,1.0,0.0,0.1,0.07,0.0,0.01,0.0,0.0,0,13556.0
0,1,44,5,0,0,0,0,0,0,0,0,0,0,0,0,0,0,0,0,0,0,185,11,1.0,1.0,0.0,0.0,0.06,0.06,0.0,255,16,0.06,0.07,0.0,0.0,1.0,1.0,0.0,0.0,1,32302.0
0,1,22,9,185,4841,0,0,0,0,0,1,0,0,0,0,0,0,0,0,0,0,3,4,0.0,0.0,0.0,0.0,1.0,0.0,0.5,56,255,1.0,0.0,0.02,0.07,0.0,0.0,0.0,0.0,0,33594.0
0,1,22,9,214,1533,0,0,0,0,0,1,0,0,0,0,0,0,0,0,0,0,12,13,0.0,0.0,0.0,0.0,1.0,0.0,0.15,132,255,1.0,0.0,0.01,0.01,0.0,0.0,0.0,0.0,0,15939.0
0,1,22,9,191,20165,0,0,0,0,0,1,0,0,0,0,0,0,0,0,0,0,3,3,0.0,0.0,0.0,0.0,1.0,0.0,0.0,67,255,1.0,0.0,0.01,0.01,0.0,0.0,0.0,0.0,0,42266.0
0,1,42,9,91,7424,0,0,0,0,0,1,0,0,0,0,0,0,0,0,0,0,1,1,0.0,0.0,0.0,0.0,1.0,0.0,0.0,154,3,0.01,0.05,0.01,0.67,0.0,0.0,0.01,0.0,0,122620.0
0,1,22,9,280,318,0,0,0,0,0,1,0,0,0,0,0,0,0,0,0,0,3,5,0.0,0.2,0.0,0.0,1.0,0.0,0.6,255,255,1.0,0.0,0.0,0.0,0.0,0.0,0.0,0.0,0,36428.0
0,2,11,9,45,45,0,0,0,0,0,0,0,0,0,0,0,0,0,0,0,0,145,147,0.0,0.0,0.0,0.0,1.0,0.0,0.01,255,228,0.89,0.01,0.01,0.0,0.0,0.0,0.0,0.0,0,37053.0
0,1,22,9,200,1054,0,0,0,0,0,1,0,0,0,0,0,0,0,0,0,0,10,11,0.0,0.0,0.0,0.0,1.0,0.0,0.18,117,255,1.0,0.0,0.01,0.02,0.0,0.0,0.0,0.0,0,41058.0
0,1,22,9,198,45076,0,0,0,0,0,1,0,0,0,0,0,0,0,0,0,0,2,2,0.0,0.0,0.0,0.0,1.0,0.0,0.0,1,1,1.0,0.0,1.0,0.0,0.0,0.0,0.0,0.0,0,53275.0
0,1,49,5,0,0,0,0,0,0,0,0,0,0,0,0,0,0,0,0,0,0,16,16,1.0,1.0,0.0,0.0,1.0,0.0,0.0,78,140,0.46,0.03,0.01,0.01,0.97,0.26,0.0,0.0,1,43633.0
0,1,22,5,0,0,0,0,0,0,0,0,0,0,0,0,0,0,0,0,0,0,10,6,0.9,0.83,0.1,0.17,0.5,0.4,0.33,255,22,0.09,0.06,0.01,0.0,1.0,1.0,0.0,0.0,1,77940.0
0,1,22,9,241,2239,0,0,0,0,0,1,0,0,0,0,0,0,0,0,0,0,2,2,0.0,0.0,0.0,0.0,1.0,0.0,0.0,124,122,0.98,0.02,0.01,0.0,0.0,0.0,0.12,0.12,0,67133.0
0,1,22,9,297,901,0,0,0,0,0,1,0,0,0,0,0,0,0,0,0,0,16,16,0.0,0.0,0.0,0.0,1.0,0.0,0.0,52,255,1.0,0.0,0.02,0.05,0.0,0.0,0.0,0.0,0,13151.0
0,0,14,9,1032,0,0,0,0,0,0,0,0,0,0,0,0,0,0,0,0,0,510,510,0.0,0.0,0.0,0.0,1.0,0.0,0.0,255,43,0.17,0.18,0.17,0.0,0.0,0.0,0.0,0.0,1,34223.0
0,1,19,9,246,0,0,0,0,0,0,1,0,0,0,0,0,0,0,0,0,0,1,1,0.0,0.0,0.0,0.0,1.0,0.0,0.0,1,28,1.0,0.0,1.0,0.14,0.0,0.0,0.0,0.0,1,28213.0
0,1,44,5,0,0,0,0,0,0,0,0,0,0,0,0,0,0,0,0,0,0,204,3,1.0,1.0,0.0,0.0,0.01,0.05,0.0,8,3,0.38,0.38,0.12,0.0,0.75,1.0,0.0,0.0,1,59173.0
0,1,22,9,308,885,0,0,0,0,0,1,0,0,0,0,0,0,0,0,0,0,14,17,0.0,0.0,0.0,0.0,1.0,0.0,0.12,255,255,1.0,0.0,0.0,0.0,0.0,0.0,0.0,0.0,0,117962.0
0,1,49,9,9597,331,0,0,0,0,0,1,0,0,0,0,0,0,0,0,0,0,1,1,0.0,0.0,0.0,0.0,1.0,0.0,0.0,54,88,0.65,0.06,0.02,0.02,0.0,0.0,0.0,0.0,0,60251.0
0,1,22,9,371,336,0,0,0,0,0,1,0,0,0,0,0,0,0,0,0,0,18,19,0.0,0.0,0.0,0.0,1.0,0.0,0.11,81,231,1.0,0.0,0.01,0.18,0.0,0.0,0.07,0.68,0,54811.0
0,1,22,9,201,3016,0,0,0,0,0,1,0,0,0,0,0,0,0,0,0,0,7,7,0.0,0.0,0.0,0.0,1.0,0.0,0.0,23,255,1.0,0.0,0.04,0.04,0.0,0.0,0.0,0.0,0,64560.0
0,0,14,9,1032,0,0,0,0,0,0,0,0,0,0,0,0,0,0,0,0,0,493,493,0.0,0.0,0.0,0.0,1.0,0.0,0.0,174,80,0.46,0.04,0.46,0.0,0.01,0.0,0.36,0.0,1,69088.0
0,1,22,9,308,777,0,0,0,0,0,1,0,0,0,0,0,0,0,0,0,0,8,20,0.0,0.0,0.0,0.0,1.0,0.0,0.1,8,255,1.0,0.0,0.12,0.05,0.0,0.0,0.0,0.0,0,40521.0
0,1,49,9,1418,325,0,0,0,0,0,1,0,0,0,0,0,0,0,0,0,0,1,1,0.0,0.0,0.0,0.0,1.0,0.0,0.0,123,120,0.52,0.06,0.01,0.02,0.0,0.0,0.0,0.0,0,82361.0
0,2,44,9,105,0,0,0,0,0,0,0,0,0,0,0,0,0,0,0,0,0,2,2,0.0,0.0,0.0,0.0,1.0,0.0,0.0,255,139,0.55,0.01,0.01,0.0,0.0,0.0,0.0,0.0,0,58445.0
0,1,22,9,235,18003,0,0,0,0,0,1,0,0,0,0,0,0,0,0,0,0,6,6,0.0,0.0,0.0,0.0,1.0,0.0,0.0,6,255,1.0,0.0,0.17,0.09,0.0,0.01,0.0,0.0,0,125641.0
0,1,22,9,284,452,0,0,0,0,0,1,0,0,0,0,0,0,0,0,0,0,21,21,0.0,0.0,0.0,0.0,1.0,0.0,0.0,21,255,1.0,0.0,0.05,0.04,0.0,0.0,0.0,0.0,0,123506.0
0,1,22,9,238,795,0,0,0,0,0,1,0,0,0,0,0,0,0,0,0,0,7,7,0.0,0.0,0.0,0.0,1.0,0.0,0.0,36,255,1.0,0.0,0.03,0.04,0.0,0.0,0.0,0.0,0,56808.0
0,1,22,9,236,18275,0,0,0,0,0,1,0,0,0,0,0,0,0,0,0,0,17,17,0.0,0.0,0.0,0.0,1.0,0.0,0.0,255,255,1.0,0.0,0.0,0.0,0.0,0.0,0.0,0.0,0,8173.0
0,1,22,9,312,422,0,0,0,0,0,1,0,0,0,0,0,0,0,0,0,0,11,15,0.0,0.0,0.0,0.0,1.0,0.0,0.2,255,255,1.0,0.0,0.0,0.0,0.0,0.0,0.0,0.0,0,590.0
0,1,22,9,262,5854,0,0,0,0,0,1,0,0,0,0,0,0,0,0,0,0,6,6,0.0,0.0,0.0,0.0,1.0,0.0,0.0,78,255,1.0,0.0,0.01,0.01,0.0,0.0,0.0,0.0,0,63136.0
0,1,54,5,0,0,0,0,0,0,0,0,0,0,0,0,0,0,0,0,0,0,300,20,1.0,1.0,0.0,0.0,0.07,0.05,0.0,255,9,0.04,0.07,0.0,0.0,1.0,1.0,0.0,0.0,1,81457.0
0,1,57,5,0,0,0,0,0,0,0,0,0,0,0,0,0,0,0,0,0,0,286,19,1.0,1.0,0.0,0.0,0.07,0.06,0.0,255,19,0.07,0.06,0.0,0.0,1.0,1.0,0.0,0.0,1,58175.0
0,1,62,5,0,0,0,0,0,0,0,0,0,0,0,0,0,0,0,0,0,0,150,14,1.0,1.0,0.0,0.0,0.09,0.07,0.0,255,14,0.05,0.07,0.0,0.0,1.0,1.0,0.0,0.0,1,86640.0
0,1,27,5,0,0,0,0,0,0,0,0,0,0,0,0,0,0,0,0,0,0,118,13,1.0,1.0,0.0,0.0,0.11,0.06,0.0,255,13,0.05,0.07,0.0,0.0,1.0,1.0,0.0,0.0,1,77557.0
0,1,24,5,0,0,0,0,0,0,0,0,0,0,0,0,0,0,0,0,0,0,279,13,1.0,1.0,0.0,0.0,0.05,0.06,0.0,255,13,0.05,0.06,0.0,0.0,1.0,1.0,0.0,0.0,1,13387.0
0,2,40,9,147,0,0,0,0,0,0,0,0,0,0,0,0,0,0,0,0,0,5,1,0.0,0.0,0.0,0.0,0.2,0.6,0.0,255,1,0.0,0.2,0.39,0.0,0.0,0.0,0.0,0.0,0,45916.0
0,1,22,9,221,6480,0,0,0,0,0,1,0,0,0,0,0,0,0,0,0,0,20,20,0.0,0.0,0.0,0.0,1.0,0.0,0.0,49,255,1.0,0.0,0.02,0.05,0.0,0.0,0.0,0.0,0,6902.0
0,2,11,9,45,115,0,0,0,0,0,0,0,0,0,0,0,0,0,0,0,0,3,10,0.0,0.0,0.0,0.0,1.0,0.0,0.2,255,243,0.95,0.01,0.0,0.0,0.0,0.0,0.0,0.0,0,87142.0
0,1,22,9,258,830,0,0,0,0,0,1,0,0,0,0,0,0,0,0,0,0,35,35,0.0,0.0,0.0,0.0,1.0,0.0,0.0,255,255,1.0,0.0,0.0,0.0,0.0,0.0,0.0,0.0,0,18827.0
0,1,44,1,0,0,0,0,0,0,0,0,0,0,0,0,0,0,0,0,0,0,2,1,0.0,0.0,1.0,1.0,0.5,1.0,0.0,255,1,0.0,0.95,0.95,0.0,0.0,0.0,0.95,1.0,1,55532.0
0,1,22,9,346,1798,0,0,0,0,0,1,0,0,0,0,0,0,0,0,0,0,4,4,0.0,0.0,0.0,0.0,1.0,0.0,0.0,114,184,1.0,0.0,0.01,0.02,0.0,0.0,0.0,0.0,0,22952.0
0,1,26,5,0,0,0,0,0,0,0,0,0,0,0,0,0,0,0,0,0,0,140,11,1.0,1.0,0.0,0.0,0.08,0.06,0.0,255,11,0.04,0.06,0.0,0.0,1.0,1.0,0.0,0.0,1,100587.0
0,1,32,5,0,0,0,0,0,0,0,0,0,0,0,0,0,0,0,0,0,0,196,14,1.0,1.0,0.0,0.0,0.07,0.07,0.0,255,14,0.05,0.07,0.0,0.0,1.0,1.0,0.0,0.0,1,67123.0
0,1,49,9,554,333,0,0,0,0,0,1,0,0,0,0,0,0,0,0,0,0,1,1,0.0,0.0,0.0,0.0,1.0,0.0,0.0,206,124,0.52,0.02,0.0,0.02,0.0,0.0,0.0,0.0,0,64054.0
0,1,22,9,201,2491,0,0,0,0,0,1,0,0,0,0,0,0,0,0,0,0,19,19,0.0,0.0,0.0,0.0,1.0,0.0,0.0,255,255,1.0,0.0,0.0,0.0,0.0,0.0,0.0,0.0,0,28735.0
0,1,28,5,0,0,0,0,0,0,0,0,0,0,0,0,0,0,0,0,0,0,115,6,1.0,1.0,0.0,0.0,0.05,0.06,0.0,255,8,0.03,0.07,0.0,0.0,1.0,1.0,0.0,0.0,1,67293.0
0,1,59,5,0,0,0,0,0,0,0,0,0,0,0,0,0,0,0,0,0,0,119,14,1.0,1.0,0.0,0.0,0.12,0.07,0.0,255,14,0.05,0.06,0.0,0.0,1.0,1.0,0.0,0.0,1,114317.0
0,1,29,5,0,0,0,0,0,0,0,0,0,0,0,0,0,0,0,0,0,0,209,5,1.0,1.0,0.0,0.0,0.02,0.07,0.0,255,11,0.04,0.07,0.0,0.0,1.0,1.0,0.0,0.0,1,123746.0
0,1,22,9,317,18330,0,0,0,0,0,1,0,0,0,0,0,0,0,0,0,0,9,9,0.0,0.0,0.0,0.0,1.0,0.0,0.0,56,255,1.0,0.0,0.02,0.02,0.0,0.0,0.0,0.0,0,40632.0
0,1,4,5,0,0,0,0,0,0,0,0,0,0,0,0,0,0,0,0,0,0,212,22,1.0,1.0,0.0,0.0,0.1,0.05,0.0,255,22,0.09,0.06,0.0,0.0,1.0,1.0,0.0,0.0,1,89619.0
0,1,49,9,9210,333,0,0,0,0,0,1,0,0,0,0,0,0,0,0,0,0,1,2,0.0,0.0,0.0,0.0,1.0,0.0,1.0,89,56,0.47,0.07,0.01,0.04,0.0,0.0,0.0,0.0,0,18221.0
0,1,53,5,0,0,0,0,0,0,0,0,0,0,0,0,0,0,0,0,0,0,233,16,1.0,1.0,0.0,0.0,0.07,0.06,0.0,255,16,0.06,0.07,0.0,0.0,1.0,1.0,0.0,0.0,1,58925.0
0,1,44,5,0,0,0,0,0,0,0,0,0,0,0,0,0,0,0,0,0,0,17,17,1.0,1.0,0.0,0.0,1.0,0.0,0.0,255,17,0.07,0.05,0.0,0.0,1.0,1.0,0.0,0.0,1,103094.0
0,1,19,9,14052,0,0,0,0,0,0,0,0,0,0,0,0,0,0,0,0,0,5,5,0.0,0.0,0.0,0.0,1.0,0.0,0.0,255,11,0.04,0.01,0.04,0.0,0.0,0.0,0.0,0.0,0,83618.0
0,1,22,1,0,0,0,0,0,0,0,0,0,0,0,0,0,0,0,0,0,0,1,1,0.0,0.0,1.0,1.0,1.0,0.0,0.0,58,241,1.0,0.0,0.02,0.16,0.0,0.0,1.0,0.93,0,122870.0
0,0,14,9,1032,0,0,0,0,0,0,0,0,0,0,0,0,0,0,0,0,0,511,511,0.0,0.0,0.0,0.0,1.0,0.0,0.0,255,147,0.58,0.02,0.58,0.0,0.0,0.0,0.02,0.0,1,95216.0
0,1,22,9,210,532,0,0,0,0,0,1,0,0,0,0,0,0,0,0,0,0,12,12,0.0,0.0,0.0,0.0,1.0,0.0,0.0,37,255,1.0,0.0,0.03,0.04,0.0,0.0,0.0,0.0,0,63431.0
0,2,40,9,145,0,0,0,0,0,0,0,0,0,0,0,0,0,0,0,0,0,1,1,0.0,0.0,0.0,0.0,1.0,0.0,0.0,255,1,0.0,0.4,0.77,0.0,0.0,0.0,0.0,0.0,0,108646.0
0,1,22,9,204,882,0,0,0,0,0,1,0,0,0,0,0,0,0,0,0,0,14,14,0.0,0.0,0.0,0.0,1.0,0.0,0.0,255,255,1.0,0.0,0.0,0.0,0.0,0.0,0.0,0.0,0,63276.0
0,1,22,9,199,13357,0,0,0,0,0,1,0,0,0,0,0,0,0,0,0,0,1,4,0.0,0.0,0.0,0.0,1.0,0.0,0.75,15,255,1.0,0.0,0.07,0.06,0.0,0.0,0.0,0.0,0,57462.0
0,1,19,9,245,0,0,0,0,0,0,1,0,0,0,1,0,0,0,0,0,0,2,2,0.0,0.0,0.0,0.0,1.0,0.0,0.0,255,2,0.01,0.82,0.01,0.0,0.0,0.0,0.0,0.0,0,71724.0
0,1,21,5,0,0,0,0,0,0,0,0,0,0,0,0,0,0,0,0,0,0,280,11,1.0,1.0,0.0,0.0,0.04,0.06,0.0,255,11,0.04,0.08,0.0,0.0,1.0,1.0,0.0,0.0,1,28715.0
0,1,21,5,0,0,0,0,0,0,0,0,0,0,0,0,0,0,0,0,0,0,267,3,1.0,1.0,0.0,0.0,0.01,0.06,0.0,255,3,0.01,0.07,0.0,0.0,1.0,1.0,0.0,0.0,1,109765.0
0,1,22,9,278,2092,0,0,0,0,0,1,0,0,0,0,0,0,0,0,0,0,17,23,0.0,0.0,0.0,0.0,1.0,0.0,0.09,17,255,1.0,0.0,0.06,0.02,0.0,0.0,0.0,0.0,0,67620.0
0,1,49,9,716,327,0,0,0,0,0,1,0,0,0,0,0,0,0,0,0,0,1,1,0.0,0.0,0.0,0.0,1.0,0.0,0.0,192,115,0.6,0.02,0.01,0.0,0.0,0.0,0.0,0.0,0,76659.0
0,1,22,9,307,1659,0,0,0,0,0,1,0,0,0,0,0,0,0,0,0,0,5,5,0.0,0.0,0.0,0.0,1.0,0.0,0.0,106,255,1.0,0.0,0.01,0.03,0.0,0.0,0.0,0.0,0,68712.0
0,0,13,9,8,0,0,0,0,0,0,0,0,0,0,0,0,0,0,0,0,0,1,5,0.0,0.0,0.0,0.0,1.0,0.0,1.0,2,10,1.0,0.0,1.0,0.5,0.0,0.0,0.0,0.0,1,79093.0
0,2,11,9,46,119,0,0,0,0,0,0,0,0,0,0,0,0,0,0,0,0,196,195,0.0,0.0,0.0,0.0,0.99,0.01,0.0,255,254,1.0,0.01,0.0,0.0,0.0,0.0,0.0,0.0,0,82998.0
0,1,44,1,0,0,0,0,0,0,0,0,0,0,0,0,0,0,0,0,0,0,250,7,0.0,0.0,1.0,1.0,0.03,0.07,0.0,255,7,0.03,0.08,0.0,0.0,0.0,0.0,1.0,1.0,1,34372.0
0,1,47,5,0,0,0,0,0,0,0,0,0,0,0,0,0,0,0,0,0,0,271,15,1.0,1.0,0.0,0.0,0.06,0.06,0.0,255,15,0.06,0.07,0.0,0.0,1.0,1.0,0.0,0.0,1,84620.0
0,1,30,5,0,0,0,0,0,0,0,0,0,0,0,0,0,0,0,0,0,0,149,12,1.0,1.0,0.0,0.0,0.08,0.05,0.0,255,12,0.05,0.04,0.0,0.0,1.0,1.0,0.0,0.0,1,99551.0
0,0,14,9,1032,0,0,0,0,0,0,0,0,0,0,0,0,0,0,0,0,0,14,14,0.0,0.0,0.0,0.0,1.0,0.0,0.0,255,14,0.05,0.02,0.05,0.0,0.0,0.0,0.0,0.0,1,70732.0
0,1,44,5,0,0,0,0,0,0,0,0,0,0,0,0,0,0,0,0,0,0,211,2,1.0,1.0,0.0,0.0,0.01,0.07,0.0,255,2,0.01,0.09,0.0,0.0,1.0,1.0,0.0,0.0,1,87760.0
0,2,40,9,516,4,0,0,0,0,0,0,0,0,0,0,0,0,0,0,0,0,290,290,0.0,0.0,0.0,0.0,1.0,0.0,0.0,255,255,1.0,0.0,1.0,0.0,0.0,0.0,0.0,0.0,1,81230.0
0,1,22,9,54540,8314,0,0,0,2,0,1,1,0,0,0,0,0,0,0,0,0,4,4,0.0,0.0,0.0,0.0,1.0,0.0,0.0,30,30,1.0,0.0,0.03,0.0,0.0,0.0,0.07,0.07,1,72350.0
0,2,11,9,44,110,0,0,0,0,0,0,0,0,0,0,0,0,0,0,0,0,1,5,0.0,0.0,0.0,0.0,1.0,0.0,0.4,189,130,0.69,0.02,0.01,0.0,0.0,0.0,0.0,0.0,0,31881.0
0,1,19,9,12,0,0,0,0,0,0,1,0,0,0,0,0,0,0,0,0,0,2,2,0.0,0.0,0.0,0.0,1.0,0.0,0.0,173,43,0.22,0.04,0.22,0.05,0.0,0.0,0.0,0.0,0,56499.0
0,1,22,9,308,294,0,0,0,0,0,1,0,0,0,0,0,0,0,0,0,0,14,21,0.0,0.0,0.0,0.0,1.0,0.0,0.24,255,255,1.0,0.0,0.0,0.0,0.0,0.0,0.0,0.0,0,12050.0
0,2,44,9,207,0,0,0,0,0,0,0,0,0,0,0,0,0,0,0,0,0,2,2,0.0,0.0,0.0,0.0,1.0,0.0,0.0,238,198,0.83,0.01,0.83,0.0,0.0,0.0,0.0,0.0,1,85671.0
0,2,11,9,45,78,0,0,0,0,0,0,0,0,0,0,0,0,0,0,0,0,286,286,0.0,0.0,0.0,0.0,1.0,0.0,0.0,255,254,1.0,0.01,0.0,0.0,0.0,0.0,0.0,0.0,0,5453.0
0,2,40,9,516,4,0,0,0,0,0,0,0,0,0,0,0,0,0,0,0,0,291,291,0.0,0.0,0.0,0.0,1.0,0.0,0.0,255,255,1.0,0.0,1.0,0.0,0.0,0.0,0.0,0.0,1,48209.0
0,1,19,5,0,0,0,0,0,0,0,0,0,0,0,0,0,0,0,0,0,0,39,19,1.0,1.0,0.0,0.0,0.49,0.05,0.0,255,19,0.07,0.06,0.01,0.0,1.0,1.0,0.0,0.0,1,89007.0
0,1,22,5,0,0,0,0,0,0,0,0,0,0,0,0,0,0,0,0,0,0,42,12,0.98,1.0,0.02,0.0,0.29,0.12,0.0,255,41,0.16,0.05,0.0,0.0,1.0,1.0,0.0,0.0,1,72126.0
0,1,22,9,199,344,0,0,0,0,0,1,0,0,0,0,0,0,0,0,0,0,36,36,0.0,0.0,0.0,0.0,1.0,0.0,0.0,148,255,1.0,0.0,0.01,0.02,0.0,0.0,0.0,0.0,0,95999.0
0,1,44,5,0,0,0,0,0,0,0,0,0,0,0,0,0,0,0,0,0,0,248,19,1.0,1.0,0.0,0.0,0.08,0.05,0.0,255,2,0.01,0.07,0.0,0.0,1.0,1.0,0.0,0.0,1,105979.0
0,1,54,4,0,0,0,0,0,0,0,0,0,0,0,0,0,0,0,0,0,0,1,1,0.0,0.0,1.0,1.0,1.0,0.0,0.0,255,1,0.0,0.06,0.04,0.0,0.0,0.0,0.04,1.0,1,83980.0
0,1,22,9,292,2828,0,0,0,0,0,1,0,0,0,0,0,0,0,0,0,0,17,28,0.0,0.0,0.0,0.0,1.0,0.0,0.14,42,255,1.0,0.0,0.02,0.01,0.0,0.0,0.0,0.0,0,4793.0
0,1,22,9,220,511,0,0,0,0,0,1,0,0,0,0,0,0,0,0,0,0,5,7,0.0,0.0,0.0,0.0,1.0,0.0,0.43,255,255,1.0,0.0,0.0,0.0,0.0,0.0,0.0,0.0,0,40673.0
0,1,44,5,0,0,0,0,0,0,0,0,0,0,0,0,0,0,0,0,0,0,117,6,1.0,1.0,0.0,0.0,0.05,0.06,0.0,255,8,0.03,0.06,0.0,0.0,1.0,1.0,0.0,0.0,1,80765.0
0,1,4,1,0,0,0,0,0,0,0,0,0,0,0,0,0,0,0,0,0,0,208,4,0.0,0.0,1.0,1.0,0.02,0.07,0.0,255,4,0.02,0.08,0.0,0.0,0.0,0.0,1.0,1.0,1,79615.0
0,1,50,5,0,0,0,0,0,0,0,0,0,0,0,0,0,0,0,0,0,0,268,4,1.0,1.0,0.0,0.0,0.01,0.06,0.0,255,4,0.02,0.08,0.0,0.0,1.0,1.0,0.0,0.0,1,47752.0
0,1,22,5,0,0,0,0,0,0,0,0,0,0,0,0,0,0,0,0,0,0,10,7,1.0,1.0,0.0,0.0,0.7,0.2,0.0,255,61,0.24,0.04,0.0,0.0,1.0,1.0,0.0,0.0,1,5784.0
0,1,5,1,0,0,0,0,0,0,0,0,0,0,0,0,0,0,0,0,0,0,114,12,0.0,0.0,1.0,1.0,0.11,0.07,0.0,255,12,0.05,0.07,0.0,0.0,0.0,0.0,1.0,1.0,1,20969.0
0,0,13,9,8,0,0,0,0,0,0,0,0,0,0,0,0,0,0,0,0,0,1,30,0.0,0.0,0.0,0.0,1.0,0.0,1.0,2,52,1.0,0.0,1.0,0.5,0.0,0.0,0.0,0.0,1,66079.0
0,1,44,5,0,0,0,0,0,0,0,0,0,0,0,0,0,0,0,0,0,0,115,11,1.0,1.0,0.0,0.0,0.1,0.07,0.0,255,5,0.02,0.08,0.0,0.0,1.0,1.0,0.0,0.0,1,23093.0
0,1,44,5,0,0,0,0,0,0,0,0,0,0,0,0,0,0,0,0,0,0,133,2,1.0,1.0,0.0,0.0,0.02,0.06,0.0,255,4,0.02,0.06,0.0,0.0,1.0,1.0,0.0,0.0,1,16284.0
0,1,22,9,229,666,0,0,0,0,0,1,0,0,0,0,0,0,0,0,0,0,5,5,0.0,0.0,0.0,0.0,1.0,0.0,0.0,46,255,1.0,0.0,0.02,0.02,0.0,0.0,0.0,0.0,0,125070.0
0,1,22,9,215,473,0,0,0,0,0,1,0,0,0,0,0,0,0,0,0,0,10,16,0.0,0.0,0.0,0.0,1.0,0.0,0.25,75,255,1.0,0.0,0.01,0.02,0.0,0.0,0.0,0.0,0,97645.0
0,1,30,5,0,0,0,0,0,0,0,0,0,0,0,0,0,0,0,0,0,0,135,19,1.0,1.0,0.0,0.0,0.14,0.06,0.0,255,11,0.04,0.07,0.0,0.0,1.0,1.0,0.0,0.0,1,123063.0
0,1,22,5,0,0,0,0,0,0,0,0,0,0,0,0,0,0,0,0,0,0,2,2,0.5,0.5,0.0,0.0,1.0,0.0,0.0,210,255,1.0,0.0,0.01,0.02,0.0,0.0,0.0,0.0,0,105935.0
0,1,22,9,276,13466,0,0,0,0,0,1,0,0,0,0,0,0,0,0,0,0,2,2,0.0,0.0,0.0,0.0,1.0,0.0,0.0,10,255,1.0,0.0,0.1,0.05,0.0,0.02,0.0,0.0,0,73347.0
0,0,13,9,8,0,0,0,0,0,0,0,0,0,0,0,0,0,0,0,0,0,1,6,0.0,0.0,0.0,0.0,1.0,0.0,1.0,1,235,1.0,0.0,1.0,0.5,0.0,0.0,0.0,0.0,1,72304.0
0,1,5,5,0,0,0,0,0,0,0,0,0,0,0,0,0,0,0,0,0,0,106,6,1.0,1.0,0.0,0.0,0.06,0.06,0.0,255,6,0.02,0.05,0.0,0.0,1.0,1.0,0.0,0.0,1,63140.0
0,1,24,5,0,0,0,0,0,0,0,0,0,0,0,0,0,0,0,0,0,0,216,7,1.0,1.0,0.0,0.0,0.03,0.06,0.0,255,7,0.03,0.06,0.0,0.0,1.0,1.0,0.0,0.0,1,11982.0
0,1,37,5,0,0,0,0,0,0,0,0,0,0,0,0,0,0,0,0,0,0,132,14,1.0,1.0,0.0,0.0,0.11,0.06,0.0,255,14,0.05,0.07,0.0,0.0,1.0,1.0,0.0,0.0,1,83729.0
0,1,22,9,213,671,0,0,0,0,0,1,0,0,0,0,0,0,0,0,0,0,8,9,0.0,0.0,0.0,0.0,1.0,0.0,0.22,255,255,1.0,0.0,0.0,0.0,0.0,0.0,0.0,0.0,0,67661.0
0,1,22,9,243,984,0,0,0,0,0,1,0,0,0,0,0,0,0,0,0,0,5,5,0.0,0.0,0.0,0.0,1.0,0.0,0.0,5,255,1.0,0.0,0.2,0.02,0.0,0.0,0.0,0.0,0,27761.0
0,1,22,9,294,1227,0,0,0,0,0,1,0,0,0,0,0,0,0,0,0,0,11,20,0.0,0.0,0.0,0.0,1.0,0.0,0.15,152,152,1.0,0.0,0.01,0.0,0.0,0.0,0.0,0.0,0,113838.0
0,1,61,1,0,0,0,0,0,0,0,0,0,0,0,0,0,0,0,0,0,0,172,14,0.0,0.0,1.0,1.0,0.08,0.06,0.0,255,14,0.05,0.07,0.0,0.0,0.0,0.0,1.0,1.0,1,12437.0
0,1,22,9,54540,8314,0,0,0,2,0,1,1,0,0,0,0,0,0,0,0,0,4,4,0.0,0.0,0.0,0.0,1.0,0.0,0.0,37,37,1.0,0.0,0.03,0.0,0.03,0.03,0.03,0.03,1,84715.0
0,1,44,1,0,0,0,0,0,0,0,0,0,0,0,0,0,0,0,0,0,0,78,12,0.0,0.0,1.0,1.0,0.15,0.06,0.0,255,12,0.05,0.06,0.0,0.0,0.0,0.0,1.0,1.0,1,79909.0
0,1,22,9,377,372,0,0,0,0,0,1,0,0,0,0,0,0,0,0,0,0,1,42,0.0,0.0,0.0,0.0,1.0,0.0,0.14,255,255,1.0,0.0,0.0,0.0,0.0,0.0,0.0,0.0,0,53630.0
0,1,2,1,0,0,0,0,0,0,0,0,0,0,0,0,0,0,0,0,0,0,200,16,0.0,0.0,1.0,1.0,0.08,0.06,0.0,255,16,0.06,0.07,0.0,0.0,0.0,0.0,1.0,1.0,1,90403.0
0,1,22,9,248,1819,0,0,0,0,0,1,0,0,0,0,0,0,0,0,0,0,20,21,0.0,0.0,0.0,0.0,1.0,0.0,0.1,255,255,1.0,0.0,0.0,0.0,0.0,0.0,0.0,0.0,0,103423.0
0,2,11,9,43,68,0,0,0,0,0,0,0,0,0,0,0,0,0,0,0,0,311,311,0.0,0.0,0.0,0.0,1.0,0.0,0.0,255,220,0.86,0.01,0.0,0.0,0.0,0.0,0.0,0.0,0,79749.0
0,1,44,5,0,0,0,0,0,0,0,0,0,0,0,0,0,0,0,0,0,0,209,12,1.0,1.0,0.0,0.0,0.06,0.06,0.0,248,12,0.05,0.07,0.0,0.0,0.94,1.0,0.0,0.0,1,103802.0
0,1,22,9,295,3275,0,0,0,0,0,1,0,0,0,0,0,0,0,0,0,0,13,13,0.0,0.0,0.0,0.0,1.0,0.0,0.0,28,255,1.0,0.0,0.04,0.03,0.0,0.0,0.0,0.0,0,67471.0
0,1,40,1,0,0,0,0,0,0,0,0,0,0,0,0,0,0,0,0,0,0,410,1,0.07,0.0,0.9,1.0,0.0,1.0,0.0,255,1,0.0,1.0,0.0,0.0,0.08,0.0,0.91,1.0,1,9913.0
0,1,22,9,237,1512,0,0,0,0,0,1,0,0,0,0,0,0,0,0,0,0,10,17,0.0,0.0,0.0,0.0,1.0,0.0,0.18,240,255,1.0,0.0,0.0,0.01,0.0,0.0,0.0,0.0,0,10209.0
0,1,44,1,0,0,0,0,0,0,0,0,0,0,0,0,0,0,0,0,0,0,88,1,0.01,0.0,0.92,1.0,0.01,1.0,0.0,213,1,0.0,0.45,0.0,0.0,0.0,0.0,0.39,1.0,1,119934.0
0,1,22,9,260,22368,0,0,0,0,0,1,0,0,0,0,0,0,0,0,0,0,1,16,0.0,0.0,0.0,0.0,1.0,0.0,0.12,27,255,1.0,0.0,0.04,0.07,0.0,0.01,0.0,0.0,0,124188.0
0,1,22,9,207,3665,0,0,0,0,0,1,0,0,0,0,0,0,0,0,0,0,8,10,0.0,0.0,0.0,0.0,1.0,0.0,0.3,255,255,1.0,0.0,0.0,0.0,0.0,0.0,0.0,0.0,0,52557.0
0,0,14,9,1032,0,0,0,0,0,0,0,0,0,0,0,0,0,0,0,0,0,511,511,0.0,0.0,0.0,0.0,1.0,0.0,0.0,151,6,0.04,0.02,0.04,0.0,0.0,0.0,0.0,0.0,1,37041.0
0,1,22,9,305,1211,0,0,0,0,0,1,0,0,0,0,0,0,0,0,0,0,7,7,0.0,0.0,0.0,0.0,1.0,0.0,0.0,255,255,1.0,0.0,0.0,0.0,0.0,0.0,0.0,0.0,0,98819.0
0,1,4,5,0,0,0,0,0,0,0,0,0,0,0,0,0,0,0,0,0,0,252,7,1.0,1.0,0.0,0.0,0.03,0.06,0.0,255,7,0.03,0.05,0.0,0.0,1.0,1.0,0.0,0.0,1,25382.0
0,1,5,5,0,0,0,0,0,0,0,0,0,0,0,0,0,0,0,0,0,0,105,10,1.0,1.0,0.0,0.0,0.1,0.06,0.0,255,10,0.04,0.06,0.0,0.0,1.0,1.0,0.0,0.0,1,16726.0
0,1,38,2,0,0,0,0,0,0,0,0,0,0,0,0,0,0,0,0,0,0,105,1,0.0,0.0,1.0,1.0,0.01,0.09,0.0,255,1,0.0,0.07,0.0,0.0,0.0,0.0,1.0,1.0,1,69857.0
28,1,18,9,1083,3081,0,0,0,22,0,1,0,0,0,0,0,0,0,0,0,1,1,1,0.0,0.0,0.0,0.0,1.0,0.0,0.0,255,60,0.24,0.02,0.0,0.0,0.0,0.0,0.0,0.0,0,83608.0
0,0,13,9,8,0,0,0,0,0,0,0,0,0,0,0,0,0,0,0,0,0,1,51,0.0,0.0,0.0,0.0,1.0,0.0,1.0,2,74,1.0,0.0,1.0,0.26,0.0,0.0,0.0,0.0,1,37777.0
0,2,11,9,46,75,0,0,0,0,0,0,0,0,0,0,0,0,0,0,0,0,261,260,0.0,0.0,0.0,0.0,1.0,0.01,0.0,255,254,1.0,0.01,0.0,0.0,0.0,0.0,0.0,0.0,0,101957.0
0,1,49,9,868,333,0,0,0,0,0,1,0,0,0,0,0,0,0,0,0,0,1,2,0.0,0.0,0.0,0.0,1.0,0.0,1.0,255,154,0.6,0.02,0.0,0.0,0.0,0.0,0.0,0.0,0,61047.0
0,1,22,9,291,303,0,0,0,0,0,1,0,0,0,0,0,0,0,0,0,0,14,14,0.0,0.0,0.0,0.0,1.0,0.0,0.0,144,255,1.0,0.0,0.01,0.02,0.0,0.0,0.0,0.0,0,32489.0
0,1,22,9,7328,7670,0,0,0,0,0,1,0,0,0,0,0,0,0,0,0,0,19,19,0.0,0.0,0.0,0.0,1.0,0.0,0.0,43,255,1.0,0.0,0.02,0.05,0.0,0.01,0.0,0.0,0,76609.0
0,1,22,1,0,0,0,0,0,0,0,0,0,0,0,0,0,0,0,0,0,0,1,3,0.0,0.0,1.0,0.33,1.0,0.0,0.67,1,98,1.0,0.0,1.0,0.24,0.0,0.0,1.0,1.0,0,31086.0
0,2,40,9,147,0,0,0,0,0,0,0,0,0,0,0,0,0,0,0,0,0,3,1,0.0,0.0,0.0,0.0,0.33,0.67,0.0,255,1,0.0,0.45,0.85,0.0,0.0,0.0,0.0,0.0,0,116558.0
0,1,19,9,12324,0,0,0,0,0,0,0,0,0,0,0,0,0,0,0,0,0,2,2,0.0,0.0,0.0,0.0,1.0,0.0,0.0,40,6,0.15,0.1,0.15,0.0,0.0,0.0,0.03,0.0,0,12097.0
0,1,22,9,164,1812,0,0,0,0,0,1,0,0,0,0,0,0,0,0,0,0,2,3,0.5,0.33,0.0,0.0,1.0,0.0,0.67,89,251,1.0,0.0,0.01,0.13,0.01,0.0,0.3,0.5,0,100046.0
0,1,22,9,260,3269,0,0,0,0,0,1,0,0,0,0,0,0,0,0,0,0,2,2,0.0,0.0,0.0,0.0,1.0,0.0,0.0,10,255,1.0,0.0,0.1,0.06,0.0,0.0,0.0,0.0,0,95595.0
0,1,44,1,0,0,0,0,0,0,0,0,0,0,0,0,0,0,0,0,0,0,2,1,0.0,0.0,1.0,1.0,0.5,1.0,0.0,244,1,0.0,0.09,0.07,0.0,0.0,0.0,0.07,1.0,1,108003.0
40785,1,44,4,1,0,0,0,0,0,0,0,0,0,0,0,0,0,0,0,0,0,2,2,0.0,0.0,1.0,1.0,1.0,0.0,0.0,255,2,0.01,0.36,0.71,0.0,0.0,0.0,0.71,1.0,1,111556.0
0,1,22,9,298,498,0,0,0,0,0,1,0,0,0,0,0,0,0,0,0,0,11,15,0.0,0.0,0.0,0.0,1.0,0.0,0.27,255,255,1.0,0.0,0.0,0.0,0.0,0.0,0.0,0.0,0,49381.0
1390,2,40,9,143,105,0,0,0,0,0,0,0,0,0,0,0,0,0,0,0,0,1,1,0.0,0.0,0.0,0.0,1.0,0.0,0.0,255,1,0.0,0.84,1.0,0.0,0.0,0.0,0.0,0.0,0,44673.0
0,1,44,5,0,0,0,0,0,0,0,0,0,0,0,0,0,0,0,0,0,0,281,16,1.0,1.0,0.0,0.0,0.06,0.05,0.0,239,16,0.07,0.06,0.0,0.0,0.99,1.0,0.0,0.0,1,33158.0
0,1,44,10,0,0,0,0,0,0,0,0,0,0,0,0,0,0,0,0,0,0,3,1,1.0,1.0,0.0,0.0,0.33,1.0,0.0,11,1,0.09,0.64,0.36,0.0,0.36,1.0,0.0,0.0,1,38691.0
0,1,22,9,299,6989,0,0,0,0,0,1,0,0,0,0,0,0,0,0,0,0,3,9,0.0,0.0,0.0,0.0,1.0,0.0,0.22,6,25,1.0,0.0,0.17,0.08,0.0,0.0,0.0,0.0,0,80785.0
0,1,22,9,320,506,0,0,0,0,0,1,0,0,0,0,0,0,0,0,0,0,13,31,0.0,0.0,0.0,0.0,1.0,0.0,0.16,255,255,1.0,0.0,0.0,0.0,0.0,0.0,0.0,0.0,0,59406.0
0,1,9,5,0,0,0,0,0,0,0,0,0,0,0,0,0,0,0,0,0,0,239,17,1.0,1.0,0.0,0.0,0.07,0.07,0.0,255,17,0.07,0.07,0.0,0.0,1.0,1.0,0.0,0.0,1,65309.0
0,1,15,5,0,0,0,0,0,0,0,0,0,0,0,0,0,0,0,0,0,0,148,24,1.0,1.0,0.0,0.0,0.16,0.05,0.0,255,24,0.09,0.05,0.0,0.0,1.0,1.0,0.0,0.0,1,17612.0
0,1,22,9,316,568,0,0,0,0,0,1,0,0,0,0,0,0,0,0,0,0,31,31,0.0,0.0,0.0,0.0,1.0,0.0,0.0,255,255,1.0,0.0,0.0,0.0,0.0,0.0,0.0,0.0,0,116484.0
0,1,22,9,298,669,0,0,0,0,0,1,0,0,0,0,0,0,0,0,0,0,11,17,0.0,0.0,0.0,0.0,1.0,0.0,0.18,93,255,1.0,0.0,0.01,0.01,0.0,0.0,0.02,0.01,0,88294.0
0,1,22,1,0,0,0,0,0,0,0,0,0,0,0,0,0,0,0,0,0,0,1,1,0.0,0.0,1.0,1.0,1.0,0.0,0.0,24,255,1.0,0.0,0.04,0.08,0.0,0.0,1.0,0.58,0,44699.0
0,1,49,9,1090,337,0,0,0,0,0,1,0,0,0,0,0,0,0,0,0,0,1,3,0.0,0.0,0.0,0.0,1.0,0.0,1.0,214,132,0.62,0.02,0.0,0.0,0.0,0.0,0.05,0.08,0,55190.0
0,1,44,5,0,0,0,0,0,0,0,0,0,0,0,0,0,0,0,0,0,0,117,3,1.0,1.0,0.0,0.0,0.03,0.07,0.0,255,12,0.05,0.06,0.0,0.0,1.0,1.0,0.0,0.0,1,4728.0
70,1,55,9,179,9682,0,0,0,0,0,1,0,0,0,0,0,0,0,0,0,0,1,1,0.0,0.0,0.0,0.0,1.0,0.0,0.0,255,54,0.21,0.02,0.0,0.0,0.55,0.67,0.0,0.0,0,94213.0
0,1,22,9,241,285,0,0,0,0,0,1,0,0,0,0,0,0,0,0,0,0,2,4,0.0,0.0,0.0,0.0,1.0,0.0,0.5,255,255,1.0,0.0,0.0,0.0,0.01,0.01,0.0,0.0,0,43715.0
0,1,22,9,320,962,0,0,0,0,0,1,0,0,0,0,0,0,0,0,0,0,2,2,0.0,0.0,0.0,0.0,1.0,0.0,0.0,255,255,1.0,0.0,0.0,0.0,0.0,0.0,0.0,0.0,0,4111.0
0,1,44,5,0,0,0,0,0,0,0,0,0,0,0,0,0,0,0,0,0,0,109,19,1.0,1.0,0.0,0.0,0.17,0.06,0.0,255,18,0.07,0.06,0.0,0.0,1.0,1.0,0.0,0.0,1,39990.0
0,1,22,9,344,1526,0,0,0,0,0,1,0,0,0,0,0,0,0,0,0,0,3,3,0.33,0.33,0.0,0.0,1.0,0.0,0.0,255,255,1.0,0.0,0.0,0.0,0.0,0.0,0.0,0.0,0,117175.0
0,1,22,9,227,7707,0,0,0,0,0,1,0,0,0,0,0,0,0,0,0,0,1,1,0.0,0.0,0.0,0.0,1.0,0.0,0.0,19,255,1.0,0.0,0.05,0.03,0.0,0.0,0.0,0.0,0,109445.0
0,1,22,9,360,776,0,0,0,0,0,1,0,0,0,0,0,0,0,0,0,0,4,5,0.0,0.0,0.0,0.0,1.0,0.0,0.4,55,255,1.0,0.0,0.02,0.04,0.0,0.0,0.0,0.0,0,40371.0
5,1,40,9,201,0,0,0,0,2,0,1,0,0,0,0,0,0,0,0,0,0,1,1,0.0,0.0,0.0,0.0,1.0,0.0,0.0,174,1,0.01,0.07,0.06,0.0,0.02,0.0,0.0,0.0,0,98270.0
0,1,9,5,0,0,0,0,0,0,0,0,0,0,0,0,0,0,0,0,0,0,234,18,1.0,1.0,0.0,0.0,0.08,0.06,0.0,255,18,0.07,0.07,0.0,0.0,1.0,1.0,0.0,0.0,1,100069.0
7,1,20,9,0,0,0,0,0,0,0,0,0,0,0,0,0,0,0,0,0,0,1,1,0.0,0.0,0.0,0.0,1.0,0.0,0.0,51,1,0.02,1.0,0.02,0.0,0.0,0.0,0.94,0.0,1,69394.0
0,1,49,9,2433,388,0,0,0,0,0,1,0,0,0,0,0,0,0,0,0,0,1,2,0.0,0.0,0.0,0.0,1.0,0.0,1.0,255,127,0.5,0.02,0.0,0.0,0.59,0.63,0.0,0.0,0,44863.0
0,1,22,9,279,1984,0,0,0,0,0,1,0,0,0,0,0,0,0,0,0,0,3,3,0.0,0.0,0.33,0.33,1.0,0.0,0.0,255,255,1.0,0.0,0.0,0.0,0.0,0.0,0.0,0.0,0,50762.0
10409,1,55,9,106,2925,0,0,0,0,0,1,0,0,0,0,0,0,0,0,0,0,1,1,0.0,0.0,0.0,0.0,1.0,0.0,0.0,100,9,0.09,0.04,0.01,0.0,0.0,0.0,0.0,0.0,0,38884.0
0,2,11,9,44,44,0,0,0,0,0,0,0,0,0,0,0,0,0,0,0,0,223,223,0.0,0.0,0.0,0.0,1.0,0.0,0.0,255,250,0.98,0.01,0.0,0.0,0.0,0.0,0.0,0.0,0,86861.0
0,1,55,2,0,36,0,0,0,0,0,0,0,0,0,0,0,0,0,0,0,0,1,1,0.0,0.0,1.0,1.0,1.0,0.0,0.0,143,2,0.01,0.04,0.01,1.0,0.0,0.0,0.01,0.5,0,113726.0
0,1,44,5,0,0,0,0,0,0,0,0,0,0,0,0,0,0,0,0,0,0,212,1,1.0,1.0,0.0,0.0,0.0,0.07,0.0,255,1,0.0,0.08,0.0,0.0,1.0,1.0,0.0,0.0,1,44795.0
0,1,44,5,0,0,0,0,0,0,0,0,0,0,0,0,0,0,0,0,0,0,226,10,1.0,1.0,0.0,0.0,0.04,0.07,0.0,255,13,0.05,0.07,0.0,0.0,1.0,1.0,0.0,0.0,1,9558.0
0,1,22,9,316,1698,0,0,0,0,0,1,0,0,0,0,0,0,0,0,0,0,2,4,0.0,0.0,0.0,0.0,1.0,0.0,0.5,59,255,1.0,0.0,0.02,0.05,0.0,0.0,0.0,0.0,0,38556.0
0,1,55,5,0,0,0,0,0,0,0,0,0,0,0,0,0,0,0,0,0,0,64,15,1.0,1.0,0.0,0.0,0.23,0.06,0.0,255,63,0.25,0.02,0.01,0.0,1.0,1.0,0.0,0.0,1,58195.0
0,1,22,9,170,5057,0,0,0,0,0,1,0,0,0,0,0,0,0,0,0,0,1,1,0.0,0.0,0.0,0.0,1.0,0.0,0.0,18,255,1.0,0.0,0.06,0.02,0.0,0.0,0.0,0.0,0,34338.0
0,1,44,5,0,0,0,0,0,0,0,0,0,0,0,0,0,0,0,0,0,0,295,17,1.0,1.0,0.0,0.0,0.06,0.05,0.0,255,4,0.02,0.07,0.0,0.0,1.0,1.0,0.0,0.0,1,23654.0
0,2,11,9,34,0,0,0,0,0,0,0,0,0,0,0,0,0,0,0,0,0,2,9,0.0,0.0,0.0,0.0,1.0,0.0,0.22,255,18,0.07,0.06,0.07,0.0,0.0,0.0,0.0,0.0,0,114435.0
0,1,22,9,210,26992,0,0,0,0,0,1,0,0,0,0,0,0,0,0,0,0,1,18,0.0,0.0,0.0,0.0,1.0,0.0,0.22,1,255,1.0,0.0,1.0,0.05,0.0,0.0,0.0,0.0,0,78357.0
0,1,22,5,0,0,0,0,0,0,0,0,0,0,0,0,0,0,0,0,0,0,232,11,1.0,0.91,0.0,0.0,0.04,0.07,0.18,255,10,0.04,0.07,0.0,0.0,1.0,1.0,0.0,0.0,1,9529.0
0,1,22,9,243,4005,0,0,0,0,0,1,0,0,0,0,0,0,0,0,0,0,16,16,0.0,0.0,0.0,0.0,1.0,0.0,0.0,255,255,1.0,0.0,0.01,0.0,0.0,0.0,0.0,0.0,0,33875.0
0,1,22,9,205,188,0,0,0,0,0,1,0,0,0,0,0,0,0,0,0,0,13,19,0.0,0.0,0.0,0.0,1.0,0.0,0.11,255,255,1.0,0.0,0.0,0.0,0.0,0.0,0.0,0.0,0,81946.0
1,1,22,9,248,1856,0,0,0,1,0,1,0,0,0,0,0,0,0,0,0,0,2,1,0.0,0.0,0.5,0.0,0.5,1.0,0.0,255,250,0.98,0.01,0.0,0.0,0.0,0.0,0.0,0.0,0,30840.0
5039,1,19,9,5133876,0,0,0,0,3,0,1,0,0,0,0,0,0,0,0,0,0,1,1,0.0,0.0,0.0,0.0,1.0,0.0,0.0,4,41,1.0,0.0,1.0,0.12,0.0,0.0,0.0,0.0,1,49414.0
0,1,44,1,0,0,0,0,0,0,0,0,0,0,0,0,0,0,0,0,0,0,92,2,0.0,0.0,1.0,1.0,0.02,0.09,0.0,255,2,0.01,0.07,0.0,0.0,0.0,0.0,1.0,1.0,1,95713.0
0,2,44,9,28,0,0,3,0,0,0,0,0,0,0,0,0,0,0,0,0,0,70,70,0.0,0.0,0.0,0.0,1.0,0.0,0.0,255,170,0.67,0.34,0.67,0.0,0.09,0.0,0.25,0.0,1,111293.0
0,1,26,5,0,0,0,0,0,0,0,0,0,0,0,0,0,0,0,0,0,0,149,17,1.0,1.0,0.0,0.0,0.11,0.05,0.0,255,18,0.07,0.06,0.0,0.0,1.0,1.0,0.0,0.0,1,107552.0
0,1,49,9,1055,327,0,0,0,0,0,1,0,0,0,0,0,0,0,0,0,0,1,1,0.0,0.0,0.0,0.0,1.0,0.0,0.0,180,106,0.42,0.03,0.01,0.02,0.01,0.01,0.0,0.0,0,71545.0
0,1,22,9,312,976,0,0,0,0,0,1,0,0,0,0,0,0,0,0,0,0,23,23,0.0,0.0,0.0,0.0,1.0,0.0,0.0,118,255,1.0,0.0,0.01,0.03,0.0,0.0,0.0,0.0,0,89566.0
0,1,22,9,263,2787,0,0,0,0,0,1,0,0,0,0,0,0,0,0,0,0,28,28,0.0,0.0,0.0,0.0,1.0,0.0,0.0,255,255,1.0,0.0,0.0,0.0,0.0,0.0,0.0,0.0,0,115319.0
7,1,49,9,1193,370,0,0,0,0,0,1,0,0,0,0,0,0,0,0,0,0,1,1,0.0,0.0,0.0,0.0,1.0,0.0,0.0,179,167,0.61,0.03,0.01,0.01,0.01,0.01,0.0,0.0,0,29816.0
0,1,19,5,0,0,0,0,0,0,0,0,0,0,0,0,0,0,0,0,0,0,31,5,1.0,1.0,0.0,0.0,0.16,0.13,0.0,255,53,0.21,0.04,0.01,0.0,1.0,1.0,0.0,0.0,1,96729.0
0,1,22,9,241,2698,0,0,0,0,0,1,0,0,0,0,0,0,1,0,0,0,5,8,0.0,0.0,0.0,0.38,1.0,0.0,0.5,244,241,0.99,0.01,0.0,0.0,0.0,0.0,0.0,0.0,0,59959.0
0,1,40,6,35040,0,0,0,0,0,0,1,0,0,0,0,0,0,0,0,0,0,20,1,0.1,1.0,0.0,0.0,0.05,0.35,0.0,196,1,0.01,0.09,0.25,0.0,0.02,1.0,0.0,0.0,0,109175.0
0,1,22,1,0,0,0,0,0,0,0,0,0,0,0,0,0,0,0,0,0,0,282,16,0.0,0.0,1.0,1.0,0.06,0.06,0.0,255,16,0.06,0.07,0.0,0.0,0.0,0.0,1.0,1.0,1,81623.0
0,0,14,9,1032,0,0,0,0,0,0,0,0,0,0,0,0,0,0,0,0,0,508,508,0.0,0.0,0.0,0.0,1.0,0.0,0.0,255,255,1.0,0.0,1.0,0.0,0.0,0.0,0.0,0.0,1,10154.0
0,2,11,9,45,127,0,0,0,0,0,0,0,0,0,0,0,0,0,0,0,0,20,85,0.0,0.0,0.0,0.0,1.0,0.0,0.02,255,254,1.0,0.01,0.0,0.0,0.0,0.0,0.0,0.0,0,55651.0
0,1,22,9,254,5172,0,0,0,0,0,1,0,0,0,0,0,0,0,0,0,0,1,2,0.0,0.0,0.0,0.0,1.0,0.0,1.0,32,255,1.0,0.0,0.03,0.07,0.0,0.0,0.0,0.0,0,11821.0
0,1,22,9,346,1062,0,0,0,0,0,1,0,0,0,0,0,0,0,0,0,0,2,3,0.0,0.0,0.0,0.0,1.0,0.0,0.67,11,255,1.0,0.0,0.09,0.06,0.0,0.0,0.0,0.0,0,34700.0
0,1,44,1,0,0,0,0,0,0,0,0,0,0,0,0,0,0,0,0,0,0,1,1,0.0,0.0,1.0,1.0,1.0,0.0,0.0,66,1,0.02,1.0,0.02,0.0,0.0,0.0,0.94,1.0,1,75288.0
0,1,22,9,319,321,0,0,0,0,0,1,0,0,0,0,0,0,0,0,0,0,4,4,0.0,0.0,0.0,0.0,1.0,0.0,0.0,255,255,1.0,0.0,0.0,0.0,0.0,0.0,0.0,0.0,0,15355.0
0,1,44,1,0,0,0,0,0,0,0,0,0,0,0,0,0,0,0,0,0,0,161,1,0.05,0.0,0.94,1.0,0.01,1.0,0.0,255,1,0.0,0.8,0.0,0.0,0.03,0.0,0.6,1.0,1,42463.0
0,1,53,5,0,0,0,0,0,0,0,0,0,0,0,0,0,0,0,0,0,0,246,1,1.0,1.0,0.0,0.0,0.0,0.07,0.0,255,1,0.0,0.07,0.0,0.0,1.0,1.0,0.0,0.0,1,5839.0
0,1,35,1,0,0,0,0,0,0,0,0,0,0,0,0,0,0,0,0,0,0,246,5,0.0,0.0,1.0,1.0,0.02,0.07,0.0,255,5,0.02,0.07,0.0,0.0,0.0,0.0,1.0,1.0,1,6418.0
0,1,22,9,295,321,0,0,0,0,0,1,0,0,0,0,0,0,0,0,0,0,45,45,0.0,0.0,0.0,0.0,1.0,0.0,0.0,255,255,1.0,0.0,0.0,0.0,0.0,0.0,0.0,0.0,0,88503.0
0,1,22,9,230,26866,0,0,0,0,0,1,0,0,0,0,0,0,0,0,0,0,2,6,0.0,0.0,0.0,0.0,1.0,0.0,0.5,255,255,1.0,0.0,0.0,0.0,0.0,0.0,0.0,0.0,0,75227.0
0,2,11,9,43,79,0,0,0,0,0,0,0,0,0,0,0,0,0,0,0,0,154,154,0.0,0.0,0.0,0.0,1.0,0.0,0.0,255,255,1.0,0.0,0.01,0.0,0.0,0.0,0.0,0.0,0,124734.0
0,1,44,1,0,0,0,0,0,0,0,0,0,0,0,0,0,0,0,0,0,0,115,11,0.0,0.0,1.0,1.0,0.1,0.07,0.0,255,11,0.04,0.08,0.0,0.0,0.0,0.0,1.0,1.0,1,123541.0
0,1,16,5,0,0,0,0,0,0,0,0,0,0,0,0,0,0,0,0,0,0,116,21,1.0,1.0,0.0,0.0,0.18,0.04,0.0,255,21,0.08,0.04,0.0,0.0,1.0,1.0,0.0,0.0,1,60043.0
9390,1,55,9,2099,74057,0,0,0,44,0,1,2,0,0,1,8,0,0,0,0,0,1,1,0.0,0.0,0.0,0.0,1.0,0.0,0.0,255,21,0.08,0.07,0.0,0.0,0.84,0.76,0.01,0.1,0,105073.0
0,1,44,5,0,0,0,0,0,0,0,0,0,0,0,0,0,0,0,0,0,0,116,9,1.0,1.0,0.0,0.0,0.08,0.06,0.0,255,10,0.04,0.07,0.0,0.0,1.0,1.0,0.0,0.0,1,52941.0
0,1,44,5,0,0,0,0,0,0,0,0,0,0,0,0,0,0,0,0,0,0,262,11,1.0,1.0,0.0,0.0,0.04,0.06,0.0,255,12,0.05,0.07,0.0,0.0,1.0,1.0,0.0,0.0,1,122218.0
0,1,22,9,305,872,0,0,0,0,0,1,0,0,0,0,0,0,0,0,0,0,7,16,0.0,0.0,0.0,0.0,1.0,0.0,0.19,7,255,1.0,0.0,0.14,0.07,0.0,0.0,0.0,0.0,0,90117.0
0,1,5,5,0,0,0,0,0,0,0,0,0,0,0,0,0,0,0,0,0,0,125,4,1.0,1.0,0.0,0.0,0.03,0.06,0.0,255,4,0.02,0.06,0.0,0.0,1.0,1.0,0.0,0.0,1,83495.0
0,1,22,9,207,1588,0,0,0,0,0,1,0,0,0,0,0,0,0,0,0,0,1,8,0.0,0.0,0.0,0.0,1.0,0.0,0.38,116,255,1.0,0.0,0.01,0.01,0.0,0.0,0.0,0.0,0,17585.0
0,1,7,5,0,0,0,0,0,0,0,0,0,0,0,0,0,0,0,0,0,0,202,1,1.0,1.0,0.0,0.0,0.0,0.07,0.0,255,1,0.0,0.09,0.0,0.0,1.0,1.0,0.0,0.0,1,59426.0
0,1,22,9,236,2698,0,0,0,0,0,1,0,0,0,0,0,0,1,0,0,0,2,2,0.0,0.0,0.0,0.0,1.0,0.0,0.0,255,247,0.97,0.01,0.0,0.0,0.0,0.0,0.0,0.0,0,125961.0
0,1,15,5,0,0,0,0,0,0,0,0,0,0,0,0,0,0,0,0,0,0,150,17,1.0,1.0,0.0,0.0,0.11,0.05,0.0,255,15,0.06,0.06,0.0,0.0,1.0,1.0,0.0,0.0,1,8696.0
0,1,55,2,126,179,0,0,0,1,1,0,0,0,0,0,0,0,0,0,0,0,2,2,0.0,0.0,1.0,1.0,1.0,0.0,0.0,13,13,1.0,0.0,0.08,0.0,0.08,0.08,0.92,0.92,1,2798.0
12,1,19,9,7045,0,0,0,0,0,0,1,0,0,0,0,0,0,0,0,0,0,2,2,0.0,0.0,0.0,0.0,1.0,0.0,0.0,2,13,1.0,0.0,1.0,0.15,0.0,0.0,0.0,0.0,1,22537.0
0,1,19,9,172,0,0,0,0,0,0,0,0,0,0,0,0,0,0,0,0,0,13,13,0.0,0.0,0.0,0.0,1.0,0.0,0.0,170,64,0.17,0.03,0.17,0.03,0.0,0.0,0.0,0.0,0,3684.0
0,1,44,5,0,0,0,0,0,0,0,0,0,0,0,0,0,0,0,0,0,0,116,1,1.0,1.0,0.0,0.0,0.01,0.06,0.0,255,2,0.01,0.07,0.0,0.0,1.0,1.0,0.0,0.0,1,115480.0
0,1,22,9,162,3215,0,0,0,0,0,1,0,0,0,0,0,0,0,0,0,0,11,11,0.0,0.0,0.0,0.0,1.0,0.0,0.0,11,255,1.0,0.0,0.09,0.05,0.0,0.0,0.0,0.0,0,52935.0
0,1,22,9,328,2431,0,0,0,0,0,1,0,0,0,0,0,0,0,0,0,0,5,8,0.0,0.0,0.0,0.0,1.0,0.0,0.25,255,255,1.0,0.0,0.0,0.0,0.0,0.0,0.0,0.0,0,41183.0
0,2,11,9,45,114,0,0,0,0,0,0,0,0,0,0,0,0,0,0,0,0,1,5,0.0,0.0,0.0,0.0,1.0,0.0,0.8,255,237,0.93,0.01,0.03,0.0,0.0,0.0,0.0,0.0,0,99427.0
0,0,13,9,8,0,0,0,0,0,0,0,0,0,0,0,0,0,0,0,0,0,1,34,0.0,0.0,0.0,0.0,1.0,0.0,1.0,1,245,1.0,0.0,1.0,0.25,0.0,0.0,0.0,0.0,1,68255.0
0,1,19,9,1470,0,0,0,0,0,0,0,0,0,0,0,0,0,0,0,0,0,9,9,0.0,0.0,0.0,0.0,1.0,0.0,0.0,15,80,1.0,0.0,1.0,0.03,0.0,0.0,0.0,0.0,0,3599.0
0,1,19,9,334,0,0,0,0,0,0,1,0,0,0,0,0,0,0,0,0,0,1,1,0.0,0.0,0.0,0.0,1.0,0.0,0.0,7,34,1.0,0.0,1.0,0.12,0.0,0.0,0.0,0.0,1,81076.0
0,1,44,5,0,0,0,0,0,0,0,0,0,0,0,0,0,0,0,0,0,0,247,9,1.0,1.0,0.0,0.0,0.04,0.06,0.0,255,11,0.04,0.06,0.0,0.0,1.0,1.0,0.0,0.0,1,53207.0
0,1,32,1,0,0,0,0,0,0,0,0,0,0,0,0,0,0,0,0,0,0,268,9,0.0,0.0,1.0,1.0,0.03,0.06,0.0,255,9,0.04,0.07,0.0,0.0,0.0,0.0,1.0,1.0,1,22256.0
0,1,49,9,854,334,0,0,0,0,0,1,0,0,0,0,0,0,0,0,0,0,1,1,0.0,0.0,0.0,0.0,1.0,0.0,0.0,210,124,0.5,0.03,0.0,0.02,0.0,0.01,0.0,0.0,0,81951.0
0,1,25,5,0,0,0,0,0,0,0,0,0,0,0,0,0,0,0,0,0,0,247,10,1.0,1.0,0.0,0.0,0.04,0.06,0.0,255,10,0.04,0.07,0.0,0.0,1.0,1.0,0.0,0.0,1,103624.0
2560,2,40,9,147,105,0,0,0,0,0,0,0,0,0,0,0,0,0,0,0,0,1,1,0.0,0.0,0.0,0.0,1.0,0.0,0.0,255,2,0.01,0.65,0.96,0.0,0.0,0.0,0.0,0.0,0,77175.0
0,1,22,9,317,406,0,0,0,0,0,1,0,0,0,0,0,0,0,0,0,0,15,25,0.0,0.0,0.0,0.0,1.0,0.0,0.12,255,255,1.0,0.0,0.0,0.0,0.0,0.0,0.0,0.0,0,27103.0
0,1,22,9,215,478,0,0,0,0,0,1,0,0,0,0,0,0,0,0,0,0,26,27,0.0,0.0,0.0,0.0,1.0,0.0,0.07,255,255,1.0,0.0,0.0,0.0,0.0,0.0,0.0,0.0,0,68036.0
0,1,44,1,0,0,0,0,0,0,0,0,0,0,0,0,0,0,0,0,0,0,275,20,0.0,0.0,1.0,1.0,0.07,0.06,0.0,255,20,0.08,0.06,0.0,0.0,0.0,0.0,1.0,1.0,1,111305.0
0,0,13,9,8,0,0,0,0,0,0,0,0,0,0,0,0,0,0,0,0,0,1,2,0.0,0.0,0.0,0.0,1.0,0.0,1.0,3,39,1.0,0.0,1.0,0.26,0.0,0.0,0.0,0.0,1,45949.0
0,2,11,9,45,130,0,0,0,0,0,0,0,0,0,0,0,0,0,0,0,0,108,108,0.0,0.0,0.0,0.0,1.0,0.0,0.0,255,255,1.0,0.0,0.0,0.0,0.0,0.0,0.0,0.0,0,68051.0
0,1,22,9,295,771,0,0,0,0,0,1,0,0,0,0,0,0,0,0,0,0,13,14,0.0,0.0,0.0,0.0,1.0,0.0,0.14,146,255,1.0,0.0,0.01,0.02,0.0,0.0,0.0,0.0,0,36188.0
0,1,22,9,323,771,0,0,0,0,0,1,0,0,0,0,0,0,0,0,0,0,8,9,0.0,0.0,0.0,0.0,1.0,0.0,0.22,224,255,1.0,0.0,0.0,0.01,0.0,0.0,0.14,0.13,0,73798.0
0,1,22,9,342,753,0,0,0,0,0,1,0,0,0,0,0,0,0,0,0,0,1,1,0.0,0.0,0.0,0.0,1.0,0.0,0.0,169,255,1.0,0.0,0.01,0.02,0.01,0.0,0.01,0.01,0,11406.0
0,1,22,9,243,392,0,0,0,0,0,1,0,0,0,0,0,0,0,0,0,0,30,36,0.0,0.0,0.0,0.0,1.0,0.0,0.14,255,255,1.0,0.0,0.0,0.0,0.0,0.0,0.0,0.0,0,11609.0
0,1,22,9,304,2459,0,0,0,0,0,1,0,0,0,0,0,0,0,0,0,0,6,9,0.33,0.22,0.0,0.0,1.0,0.0,0.22,30,255,1.0,0.0,0.03,0.01,0.07,0.01,0.0,0.0,0,92426.0
3016,2,40,9,146,105,0,0,0,0,0,0,0,0,0,0,0,0,0,0,0,0,2,2,0.0,0.0,0.0,0.0,1.0,0.0,0.0,255,2,0.01,0.43,0.75,0.0,0.0,0.0,0.0,0.0,0,80204.0
0,2,44,9,28,0,0,3,0,0,0,0,0,0,0,0,0,0,0,0,0,0,21,21,0.0,0.0,0.0,0.0,1.0,0.0,0.0,255,88,0.35,0.01,0.35,0.0,0.0,0.0,0.0,0.0,1,102055.0
0,1,44,5,0,0,0,0,0,0,0,0,0,0,0,0,0,0,0,0,0,0,236,19,1.0,1.0,0.0,0.0,0.08,0.05,0.0,255,19,0.07,0.05,0.0,0.0,1.0,1.0,0.0,0.0,1,68638.0
0,1,22,9,281,287,0,0,0,0,0,1,0,0,0,0,0,0,0,0,0,0,2,9,0.0,0.0,0.0,0.0,1.0,0.0,0.22,2,255,1.0,0.0,0.5,0.02,0.0,0.01,0.0,0.0,0,89321.0
0,1,22,9,228,9156,0,0,0,0,0,1,0,0,0,0,0,0,0,0,0,0,7,20,0.0,0.0,0.0,0.0,1.0,0.0,0.2,106,255,1.0,0.0,0.01,0.02,0.01,0.0,0.0,0.0,0,118882.0
0,2,44,9,28,0,0,3,0,0,0,0,0,0,0,0,0,0,0,0,0,0,177,77,0.56,0.0,0.0,0.0,0.44,0.04,0.0,255,77,0.3,0.7,0.3,0.0,0.09,0.0,0.61,0.0,1,73504.0
0,2,11,9,44,76,0,0,0,0,0,0,0,0,0,0,0,0,0,0,0,0,211,211,0.0,0.0,0.0,0.0,1.0,0.0,0.0,255,254,1.0,0.01,0.0,0.0,0.0,0.0,0.0,0.0,0,36815.0
0,1,44,1,0,0,0,0,0,0,0,0,0,0,0,0,0,0,0,0,0,0,85,20,0.0,0.0,1.0,1.0,0.24,0.08,0.0,255,20,0.08,0.06,0.0,0.0,0.0,0.0,1.0,1.0,1,74129.0
0,1,22,9,316,594,0,0,0,0,0,1,0,0,0,0,0,0,0,0,0,0,9,13,0.0,0.0,0.0,0.0,1.0,0.0,0.15,119,255,1.0,0.0,0.01,0.02,0.01,0.0,0.0,0.0,0,42660.0
0,1,22,9,281,5897,0,0,0,0,0,1,0,0,0,0,0,0,0,0,0,0,3,4,0.0,0.0,0.0,0.0,1.0,0.0,0.5,10,255,1.0,0.0,0.1,0.02,0.0,0.0,0.0,0.0,0,92649.0
0,1,2,5,0,0,0,0,0,0,0,0,0,0,0,0,0,0,0,0,0,0,217,17,1.0,1.0,0.0,0.0,0.08,0.06,0.0,255,17,0.07,0.06,0.0,0.0,1.0,1.0,0.0,0.0,1,91761.0
0,2,11,9,43,131,0,0,0,0,0,0,0,0,0,0,0,0,0,0,0,0,80,160,0.0,0.0,0.0,0.0,1.0,0.0,0.01,236,186,0.79,0.01,0.0,0.0,0.0,0.0,0.0,0.0,0,116978.0
0,0,14,9,1032,0,0,0,0,0,0,0,0,0,0,0,0,0,0,0,0,0,511,511,0.0,0.0,0.0,0.0,1.0,0.0,0.0,255,191,0.75,0.02,0.75,0.0,0.0,0.0,0.19,0.0,1,3569.0
0,1,19,9,9311,0,0,0,0,0,0,1,0,0,0,0,0,0,0,0,0,0,11,11,0.0,0.0,0.0,0.0,1.0,0.0,0.0,200,87,0.44,0.01,0.44,0.0,0.0,0.01,0.0,0.0,0,1820.0
0,1,22,9,297,2089,0,0,0,0,0,1,0,0,0,0,0,0,0,0,0,0,3,8,0.0,0.0,0.0,0.0,1.0,0.0,0.38,3,255,1.0,0.0,0.33,0.06,0.0,0.0,0.0,0.0,0,29236.0
0,1,22,9,218,2452,0,0,0,0,0,1,0,0,0,0,0,0,0,0,0,0,41,52,0.0,0.0,0.0,0.0,1.0,0.0,0.1,255,255,1.0,0.0,0.0,0.0,0.0,0.0,0.01,0.01,0,89059.0
0,1,22,9,295,946,0,0,0,0,0,1,0,0,0,0,0,0,0,0,0,0,26,37,0.04,0.03,0.0,0.0,1.0,0.0,0.05,255,255,1.0,0.0,0.0,0.0,0.0,0.0,0.0,0.0,0,27058.0
0,1,6,5,0,0,0,0,0,0,0,0,0,0,0,0,0,0,0,0,0,0,248,24,1.0,1.0,0.0,0.0,0.1,0.05,0.0,255,24,0.09,0.06,0.0,0.0,1.0,1.0,0.0,0.0,1,104896.0
0,1,19,9,59,0,0,0,0,0,0,1,0,0,0,0,0,0,0,0,0,0,12,12,0.0,0.0,0.0,0.0,1.0,0.0,0.0,155,103,0.58,0.02,0.58,0.02,0.0,0.01,0.0,0.0,0,5746.0
0,1,31,5,0,0,0,0,0,0,0,0,0,0,0,0,0,0,0,0,0,0,215,2,1.0,1.0,0.0,0.0,0.01,0.07,0.0,255,2,0.01,0.08,0.0,0.0,1.0,1.0,0.0,0.0,1,105547.0
0,1,22,9,220,6534,0,0,0,0,0,1,0,0,0,0,0,0,0,0,0,0,13,13,0.0,0.0,0.0,0.0,1.0,0.0,0.0,255,255,1.0,0.0,0.0,0.0,0.0,0.0,0.0,0.0,0,27528.0
0,1,35,5,0,0,0,0,0,0,0,0,0,0,0,0,0,0,0,0,0,0,139,14,1.0,1.0,0.0,0.0,0.1,0.06,0.0,255,14,0.05,0.07,0.0,0.0,1.0,1.0,0.0,0.0,1,54244.0
0,1,22,9,324,1401,0,0,0,0,0,1,0,0,0,0,0,0,0,0,0,0,6,6,0.0,0.0,0.0,0.0,1.0,0.0,0.0,255,255,1.0,0.0,0.01,0.0,0.0,0.0,0.0,0.0,0,88290.0
0,0,14,9,520,0,0,0,0,0,0,0,0,0,0,0,0,0,0,0,0,0,96,96,0.0,0.0,0.0,0.0,1.0,0.0,0.0,255,255,1.0,0.0,1.0,0.0,0.0,0.0,0.0,0.0,1,30413.0
0,1,44,5,0,0,0,0,0,0,0,0,0,0,0,0,0,0,0,0,0,0,193,10,1.0,1.0,0.0,0.0,0.05,0.06,0.0,39,10,0.26,0.15,0.03,0.0,0.64,1.0,0.03,0.0,1,86487.0
0,1,22,9,288,6877,0,0,0,0,0,1,0,0,0,0,0,0,0,0,0,0,21,23,0.0,0.0,0.0,0.0,1.0,0.0,0.13,42,255,1.0,0.0,0.02,0.04,0.0,0.0,0.0,0.0,0,89630.0
0,1,61,1,0,0,0,0,0,0,0,0,0,0,0,0,0,0,0,0,0,0,101,1,0.0,0.0,1.0,1.0,0.01,0.07,0.0,255,1,0.0,0.08,0.0,0.0,0.0,0.0,1.0,1.0,1,93370.0
0,1,44,5,0,0,0,0,0,0,0,0,0,0,0,0,0,0,0,0,0,0,112,5,1.0,1.0,0.0,0.0,0.04,0.06,0.0,11,5,0.45,0.36,0.09,0.0,1.0,1.0,0.0,0.0,1,121408.0
0,1,22,1,0,0,0,0,0,0,0,0,0,0,0,0,0,0,0,0,0,0,1,1,0.0,0.0,1.0,1.0,1.0,0.0,0.0,1,255,1.0,0.0,1.0,0.16,0.0,0.0,1.0,0.87,0,27159.0
0,1,22,9,327,4024,0,0,0,0,0,1,0,0,0,0,0,0,0,0,0,0,9,17,0.0,0.0,0.0,0.0,1.0,0.0,0.12,37,255,1.0,0.0,0.03,0.07,0.0,0.0,0.0,0.0,0,37444.0
0,1,22,9,202,2286,0,0,0,0,0,1,0,0,0,0,0,0,0,0,0,0,4,4,0.0,0.0,0.0,0.0,1.0,0.0,0.0,4,255,1.0,0.0,0.25,0.06,0.0,0.0,0.0,0.0,0,59453.0
0,1,22,9,231,19764,0,0,0,0,0,1,0,0,0,0,0,0,0,0,0,0,8,8,0.0,0.0,0.0,0.0,1.0,0.0,0.0,58,66,1.0,0.0,0.02,0.03,0.02,0.02,0.0,0.0,0,87949.0
0,1,22,9,148,28941,0,0,0,0,0,1,0,0,0,0,0,0,0,0,0,0,1,2,0.0,0.0,0.0,0.0,1.0,0.0,1.0,139,255,1.0,0.0,0.01,0.02,0.01,0.01,0.01,0.0,0,57944.0
0,1,22,9,291,1236,0,0,0,0,0,1,0,0,0,0,0,0,0,0,0,0,30,32,0.0,0.0,0.0,0.0,1.0,0.0,0.06,66,255,1.0,0.0,0.02,0.04,0.0,0.0,0.0,0.0,0,115167.0
0,1,44,1,0,0,0,0,0,0,0,0,0,0,0,0,0,0,0,0,0,0,28,1,0.0,0.0,0.96,1.0,0.04,1.0,0.0,146,1,0.01,0.29,0.01,0.0,0.0,0.0,0.21,1.0,1,107351.0
626,1,55,9,454,2687,0,0,0,0,0,1,23,0,0,0,0,0,0,0,0,0,1,1,0.0,0.0,0.0,0.0,1.0,0.0,0.0,2,4,1.0,0.0,0.5,0.75,0.5,0.25,0.0,0.0,0,40091.0
0,1,22,9,193,263,0,0,0,0,0,1,0,0,0,0,0,0,0,0,0,0,4,4,0.0,0.0,0.0,0.0,1.0,0.0,0.0,81,255,1.0,0.0,0.01,0.02,0.0,0.0,0.0,0.0,0,57350.0
0,1,49,9,1272,367,0,0,0,0,0,1,0,0,0,0,0,0,0,0,0,0,1,1,0.0,0.0,0.0,0.0,1.0,0.0,0.0,210,128,0.61,0.03,0.0,0.0,0.0,0.0,0.0,0.0,0,21813.0
0,1,49,9,1448,366,0,0,0,0,0,1,0,0,0,0,0,0,0,0,0,0,1,2,0.0,0.0,0.0,0.0,1.0,0.0,1.0,83,48,0.58,0.05,0.01,0.0,0.0,0.0,0.0,0.0,0,81797.0
0,1,22,9,148,13023,0,0,0,0,0,1,0,0,0,0,0,0,0,0,0,0,2,30,0.5,0.03,0.0,0.0,1.0,0.0,0.07,181,255,1.0,0.0,0.01,0.02,0.01,0.01,0.0,0.0,0,7913.0
0,1,44,5,0,0,0,0,0,0,0,0,0,0,0,0,0,0,0,0,0,0,277,6,1.0,1.0,0.0,0.0,0.02,0.06,0.0,255,7,0.03,0.08,0.0,0.0,1.0,1.0,0.0,0.0,1,48387.0
0,2,11,9,45,45,0,0,0,0,0,0,0,0,0,0,0,0,0,0,0,0,144,146,0.0,0.0,0.0,0.0,1.0,0.0,0.02,255,195,0.76,0.01,0.01,0.0,0.0,0.0,0.0,0.0,0,19429.0
0,1,5,5,0,0,0,0,0,0,0,0,0,0,0,0,0,0,0,0,0,0,148,24,1.0,1.0,0.0,0.0,0.16,0.04,0.0,255,24,0.09,0.05,0.0,0.0,1.0,1.0,0.0,0.0,1,30428.0
0,2,11,9,45,45,0,0,0,0,0,0,0,0,0,0,0,0,0,0,0,0,110,110,0.0,0.0,0.0,0.0,1.0,0.0,0.0,255,254,1.0,0.01,0.0,0.0,0.0,0.0,0.0,0.0,0,114478.0
0,2,44,9,1,0,0,0,0,0,0,0,0,0,0,0,0,0,0,0,0,0,18,1,0.0,0.0,0.0,0.0,0.06,0.17,0.0,255,1,0.0,0.93,0.08,0.0,0.16,0.0,0.76,0.0,1,90565.0
0,1,22,9,205,1400,0,0,0,0,0,1,0,0,0,0,0,0,0,0,0,0,4,4,0.0,0.0,0.0,0.0,1.0,0.0,0.0,95,255,1.0,0.0,0.01,0.02,0.0,0.0,0.0,0.01,0,2881.0
0,1,22,9,252,268,0,0,0,0,0,1,0,0,0,0,0,0,0,0,0,0,1,11,0.0,0.0,0.0,0.0,1.0,0.0,0.18,79,255,1.0,0.0,0.01,0.03,0.0,0.0,0.0,0.0,0,112959.0
0,2,44,9,28,0,0,3,0,0,0,0,0,0,0,0,0,0,0,0,0,0,52,52,0.0,0.0,0.0,0.0,1.0,0.0,0.0,255,19,0.07,0.01,0.07,0.0,0.0,0.0,0.0,0.0,1,125333.0
21,1,18,9,234,769,0,0,0,4,0,1,0,0,0,0,0,0,0,0,0,1,1,2,0.0,0.0,0.0,0.0,1.0,0.0,1.0,175,32,0.18,0.07,0.01,0.0,0.02,0.0,0.0,0.0,0,12004.0
0,1,22,6,487,9572,0,0,0,0,0,1,0,0,0,0,0,0,0,0,0,0,5,5,0.2,0.2,0.0,0.0,1.0,0.0,0.0,255,255,1.0,0.0,0.0,0.0,0.0,0.0,0.0,0.0,0,71270.0
0,1,22,9,165,2472,0,0,0,0,0,1,0,0,0,0,0,0,0,0,0,0,1,1,0.0,0.0,0.0,0.0,1.0,0.0,0.0,57,255,1.0,0.0,0.02,0.04,0.0,0.0,0.0,0.01,0,51183.0
0,1,49,9,716,332,0,0,0,0,0,1,0,0,0,0,0,0,0,0,0,0,1,1,0.0,0.0,0.0,0.0,1.0,0.0,0.0,98,135,0.71,0.06,0.01,0.01,0.01,0.01,0.0,0.0,0,110201.0
0,1,22,9,329,15416,0,0,0,0,0,1,0,0,0,0,0,0,0,0,0,0,29,29,0.0,0.0,0.0,0.0,1.0,0.0,0.0,68,255,1.0,0.0,0.01,0.04,0.0,0.01,0.0,0.0,0,17399.0
0,1,33,5,0,0,0,0,0,0,0,0,0,0,0,0,0,0,0,0,0,0,265,3,1.0,1.0,0.0,0.0,0.01,0.06,0.0,255,18,0.07,0.07,0.0,0.0,1.0,1.0,0.0,0.0,1,66861.0
0,1,44,4,0,0,0,0,0,0,0,0,0,0,0,0,0,0,0,0,0,0,1,1,0.0,0.0,1.0,1.0,1.0,0.0,0.0,255,1,0.0,0.53,0.53,0.0,0.0,0.0,0.53,1.0,1,85801.0
0,2,44,9,1,0,0,0,0,0,0,0,0,0,0,0,0,0,0,0,0,0,5,5,0.0,0.0,0.0,0.0,1.0,0.0,0.0,255,5,0.02,0.98,0.03,0.0,0.13,0.0,0.84,0.0,1,68802.0
0,1,22,9,211,2315,0,0,0,0,0,1,0,0,0,0,0,0,0,0,0,0,9,10,0.0,0.0,0.0,0.0,1.0,0.0,0.2,35,255,1.0,0.0,0.03,0.05,0.0,0.0,0.0,0.0,0,122516.0
0,1,22,9,234,873,0,0,0,0,0,1,0,0,0,0,0,0,0,0,0,0,9,9,0.0,0.0,0.0,0.0,1.0,0.0,0.0,86,255,1.0,0.0,0.01,0.01,0.0,0.0,0.0,0.0,0,115785.0
0,1,44,5,0,0,0,0,0,0,0,0,0,0,0,0,0,0,0,0,0,0,257,15,1.0,1.0,0.0,0.0,0.06,0.05,0.0,255,15,0.06,0.06,0.0,0.0,1.0,1.0,0.0,0.0,1,103847.0
0,1,22,9,234,4797,0,0,0,0,0,1,0,0,0,0,0,0,0,0,0,0,6,6,0.0,0.0,0.0,0.0,1.0,0.0,0.0,58,255,1.0,0.0,0.02,0.05,0.0,0.0,0.0,0.0,0,54577.0
0,1,44,5,0,0,0,0,0,0,0,0,0,0,0,0,0,0,0,0,0,0,179,12,1.0,1.0,0.0,0.0,0.07,0.07,0.0,255,20,0.08,0.07,0.0,0.0,1.0,1.0,0.0,0.0,1,43732.0
8,1,49,9,1479,482,0,0,0,0,0,1,0,0,0,0,0,0,0,0,0,0,2,2,0.0,0.0,0.0,0.0,1.0,0.0,0.0,4,143,0.75,0.5,0.25,0.01,0.25,0.0,0.0,0.0,0,61285.0
0,1,49,9,959,329,0,0,0,0,0,1,0,0,0,0,0,0,0,0,0,0,1,1,0.0,0.0,0.0,0.0,1.0,0.0,0.0,38,35,0.92,0.08,0.03,0.0,0.0,0.0,0.0,0.0,0,79176.0
0,2,44,9,100,0,0,0,0,0,0,0,0,0,0,0,0,0,0,0,0,0,2,2,0.0,0.0,0.0,0.0,1.0,0.0,0.0,32,2,0.06,0.06,0.06,0.0,0.0,0.0,0.0,0.0,1,12906.0
0,1,22,9,198,2148,0,0,0,0,0,1,0,0,0,0,0,0,0,0,0,0,11,11,0.0,0.0,0.0,0.0,1.0,0.0,0.0,11,255,1.0,0.0,0.09,0.03,0.0,0.0,0.0,0.0,0,98437.0
0,1,5,5,0,0,0,0,0,0,0,0,0,0,0,0,0,0,0,0,0,0,132,4,1.0,1.0,0.0,0.0,0.03,0.06,0.0,255,4,0.02,0.07,0.0,0.0,1.0,1.0,0.0,0.0,1,84658.0
0,1,44,5,0,0,0,0,0,0,0,0,0,0,0,0,0,0,0,0,0,0,31,24,1.0,1.0,0.0,0.0,0.77,0.1,0.0,255,24,0.09,0.07,0.0,0.0,1.0,1.0,0.0,0.0,1,105263.0
0,1,44,5,0,0,0,0,0,0,0,0,0,0,0,0,0,0,0,0,0,0,249,6,1.0,1.0,0.0,0.0,0.02,0.06,0.0,255,7,0.03,0.07,0.0,0.0,1.0,1.0,0.0,0.0,1,8926.0
0,1,19,9,852,0,0,0,0,0,0,1,0,0,0,0,0,0,0,0,0,0,5,5,0.0,0.0,0.0,0.0,1.0,0.0,0.0,143,78,0.31,0.03,0.31,0.03,0.0,0.0,0.01,0.0,0,27623.0
0,0,14,9,520,0,0,0,0,0,0,0,0,0,0,0,0,0,0,0,0,0,369,369,0.0,0.0,0.0,0.0,1.0,0.0,0.0,255,255,1.0,0.0,1.0,0.0,0.0,0.0,0.0,0.0,1,32733.0
0,1,22,9,294,1719,0,0,0,0,0,1,0,0,0,0,0,0,0,0,0,0,7,19,0.0,0.0,0.0,0.0,1.0,0.0,0.11,255,255,1.0,0.0,0.0,0.0,0.0,0.0,0.01,0.01,0,68754.0
0,1,49,9,1740,336,0,0,0,0,0,1,0,0,0,0,0,0,0,0,0,0,1,2,0.0,0.0,0.0,0.0,1.0,0.0,1.0,22,160,0.77,0.18,0.05,0.02,0.0,0.0,0.0,0.0,0,116483.0
0,1,22,9,221,2547,0,0,0,0,0,1,0,0,0,0,0,0,0,0,0,0,3,14,0.0,0.0,0.0,0.0,1.0,0.0,0.21,255,255,1.0,0.0,0.0,0.0,0.0,0.0,0.0,0.0,0,94221.0
0,1,22,9,341,279,0,0,0,0,0,1,0,0,0,0,0,0,0,0,0,0,4,5,0.0,0.0,0.0,0.0,1.0,0.0,0.4,46,255,1.0,0.0,0.02,0.03,0.0,0.0,0.0,0.0,0,124757.0
0,1,44,5,0,0,0,0,0,0,0,0,0,0,0,0,0,0,0,0,0,0,119,4,1.0,1.0,0.0,0.0,0.03,0.06,0.0,255,19,0.07,0.05,0.0,0.0,1.0,1.0,0.0,0.0,1,104645.0
0,1,6,5,0,0,0,0,0,0,0,0,0,0,0,0,0,0,0,0,0,0,143,20,1.0,1.0,0.0,0.0,0.14,0.04,0.0,255,20,0.08,0.05,0.0,0.0,1.0,1.0,0.0,0.0,1,125439.0
0,1,35,5,0,0,0,0,0,0,0,0,0,0,0,0,0,0,0,0,0,0,218,20,1.0,1.0,0.0,0.0,0.09,0.06,0.0,255,20,0.08,0.06,0.0,0.0,1.0,1.0,0.0,0.0,1,120516.0
0,1,19,9,259,0,0,0,0,0,0,1,0,0,0,1,0,0,0,0,0,0,2,2,0.0,0.0,0.0,0.0,1.0,0.0,0.0,77,72,0.27,0.06,0.27,0.03,0.0,0.0,0.0,0.0,0,53325.0
0,1,49,9,47,283,0,0,0,0,0,1,1,0,0,0,0,0,0,0,0,0,1,1,0.0,0.0,0.0,0.0,1.0,0.0,0.0,234,135,0.58,0.03,0.0,0.0,0.0,0.0,0.0,0.0,0,17563.0
0,2,11,9,46,74,0,0,0,0,0,0,0,0,0,0,0,0,0,0,0,0,273,273,0.0,0.0,0.0,0.0,1.0,0.0,0.0,255,254,1.0,0.01,0.0,0.0,0.0,0.0,0.0,0.0,0,44224.0
0,1,54,5,0,0,0,0,0,0,0,0,0,0,0,0,0,0,0,0,0,0,281,18,1.0,1.0,0.0,0.0,0.06,0.06,0.0,255,3,0.01,0.08,0.0,0.0,1.0,1.0,0.0,0.0,1,71912.0
0,1,44,5,0,0,0,0,0,0,0,0,0,0,0,0,0,0,0,0,0,0,126,10,1.0,1.0,0.0,0.0,0.08,0.08,0.0,255,10,0.04,0.07,0.0,0.0,1.0,1.0,0.0,0.0,1,48669.0
0,1,22,9,299,2107,0,0,0,0,0,1,0,0,0,0,0,0,0,0,0,0,5,5,0.0,0.0,0.0,0.0,1.0,0.0,0.0,5,255,1.0,0.0,0.2,0.05,0.0,0.0,0.0,0.0,0,87889.0
0,1,49,9,1294,282,0,0,0,0,0,1,0,0,0,0,0,0,0,0,0,0,1,3,0.0,0.0,0.0,0.0,1.0,0.0,1.0,167,131,0.69,0.03,0.01,0.02,0.0,0.0,0.01,0.01,0,92529.0
0,1,40,1,0,0,0,0,0,0,0,0,0,0,0,0,0,0,0,0,0,0,509,1,0.16,0.0,0.84,1.0,0.0,1.0,0.0,255,1,0.0,1.0,0.0,0.0,0.26,0.0,0.74,1.0,1,93782.0
0,1,53,1,0,0,0,0,0,0,0,0,0,0,0,0,0,0,0,0,0,0,237,2,0.0,0.0,1.0,1.0,0.01,0.07,0.0,255,2,0.01,0.07,0.0,0.0,0.0,0.0,1.0,1.0,1,119570.0
3,1,55,9,104,2253,0,0,0,0,0,1,0,0,0,0,0,0,0,0,0,0,1,1,0.0,0.0,0.0,0.0,1.0,0.0,0.0,6,5,0.17,0.5,0.17,0.4,0.0,0.0,0.0,0.0,0,27440.0
0,1,22,9,283,769,0,0,0,0,0,1,0,0,0,0,0,0,0,0,0,0,7,8,0.0,0.0,0.0,0.0,1.0,0.0,0.25,36,255,1.0,0.0,0.03,0.05,0.0,0.0,0.0,0.0,0,88388.0
0,1,22,9,205,1767,0,0,0,0,0,1,0,0,0,0,0,0,0,0,0,0,2,2,0.0,0.0,0.0,0.0,1.0,0.0,0.0,14,255,1.0,0.0,0.07,0.01,0.0,0.0,0.0,0.0,0,31360.0
0,1,44,5,0,0,0,0,0,0,0,0,0,0,0,0,0,0,0,0,0,0,181,1,1.0,1.0,0.0,0.0,0.01,0.07,0.0,255,20,0.08,0.07,0.0,0.0,1.0,1.0,0.0,0.0,1,94356.0
0,1,22,9,291,593,0,0,0,0,0,1,0,0,0,0,0,0,0,0,0,0,6,6,0.0,0.0,0.0,0.0,1.0,0.0,0.0,255,255,1.0,0.0,0.0,0.0,0.0,0.0,0.0,0.0,0,4843.0
0,1,22,9,54540,8314,0,0,0,2,0,1,1,0,0,0,0,0,0,0,0,0,4,4,0.0,0.0,0.0,0.0,1.0,0.0,0.0,211,211,1.0,0.0,0.0,0.0,0.0,0.0,0.05,0.05,1,70382.0
0,1,22,9,301,784,0,0,0,0,0,1,0,0,0,0,0,0,0,0,0,0,7,8,0.0,0.0,0.0,0.0,1.0,0.0,0.25,190,255,1.0,0.0,0.01,0.01,0.0,0.0,0.0,0.0,0,101121.0
0,1,44,5,0,0,0,0,0,0,0,0,0,0,0,0,0,0,0,0,0,0,112,15,1.0,1.0,0.0,0.0,0.13,0.05,0.0,255,11,0.04,0.08,0.0,0.0,1.0,1.0,0.0,0.0,1,34508.0
0,0,14,9,1480,0,0,1,0,0,0,0,0,0,0,0,0,0,0,0,0,0,2,4,0.0,0.0,0.0,0.0,1.0,0.0,0.5,4,151,1.0,0.0,1.0,0.14,0.0,0.0,0.0,0.0,1,114608.0
0,1,22,9,340,1529,0,0,0,0,0,1,0,0,0,0,0,0,0,0,0,0,14,38,0.0,0.05,0.0,0.0,1.0,0.0,0.05,69,255,1.0,0.0,0.01,0.02,0.0,0.0,0.0,0.0,0,21699.0
0,1,44,5,0,0,0,0,0,0,0,0,0,0,0,0,0,0,0,0,0,0,272,8,1.0,1.0,0.0,0.0,0.03,0.06,0.0,255,9,0.04,0.08,0.0,0.0,1.0,1.0,0.0,0.0,1,89014.0
39,2,39,9,48,48,0,0,0,0,0,0,0,0,0,0,0,0,0,0,0,0,1,1,0.0,0.0,0.0,0.0,1.0,0.0,0.0,1,3,1.0,0.0,1.0,0.67,0.0,0.0,0.0,0.0,0,89878.0
0,1,22,1,0,0,0,0,0,0,0,0,0,0,0,0,0,0,0,0,0,0,1,1,0.0,0.0,1.0,1.0,1.0,0.0,0.0,137,93,0.68,0.02,0.01,0.0,0.0,0.0,0.68,1.0,0,4467.0
0,1,22,9,325,5993,0,0,0,0,0,1,0,0,0,0,0,0,0,0,0,0,6,24,0.0,0.0,0.0,0.0,1.0,0.0,0.21,22,255,1.0,0.0,0.05,0.07,0.0,0.0,0.0,0.0,0,111130.0
0,1,10,5,0,0,0,0,0,0,0,0,0,0,0,0,0,0,0,0,0,0,228,5,1.0,1.0,0.0,0.0,0.02,0.07,0.0,255,5,0.02,0.08,0.0,0.0,1.0,1.0,0.0,0.0,1,116118.0
0,1,3,5,0,0,0,0,0,0,0,0,0,0,0,0,0,0,0,0,0,0,229,18,1.0,1.0,0.0,0.0,0.08,0.05,0.0,255,18,0.07,0.05,0.0,0.0,1.0,1.0,0.0,0.0,1,65355.0
0,1,22,9,281,16819,0,0,0,0,0,1,0,0,0,0,0,0,0,0,0,0,5,5,0.0,0.0,0.0,0.0,1.0,0.0,0.0,255,255,1.0,0.0,0.0,0.0,0.0,0.0,0.02,0.02,0,95813.0
0,1,44,5,0,0,0,0,0,0,0,0,0,0,0,0,0,0,0,0,0,0,171,18,1.0,1.0,0.0,0.0,0.11,0.06,0.0,255,17,0.07,0.07,0.0,0.0,1.0,1.0,0.0,0.0,1,15185.0
0,1,44,1,0,0,0,0,0,0,0,0,0,0,0,0,0,0,0,0,0,0,88,1,0.0,0.0,1.0,1.0,0.01,0.08,0.0,255,1,0.0,0.06,0.0,0.0,0.0,0.0,1.0,1.0,1,124291.0
0,1,53,5,0,0,0,0,0,0,0,0,0,0,0,0,0,0,0,0,0,0,259,7,1.0,1.0,0.0,0.0,0.03,0.06,0.0,255,15,0.06,0.07,0.0,0.0,1.0,1.0,0.0,0.0,1,15834.0
0,1,40,1,0,0,0,0,0,0,0,0,0,0,0,0,0,0,0,0,0,0,511,1,0.07,0.0,0.93,1.0,0.0,0.96,0.0,255,1,0.0,0.91,0.0,0.0,0.03,0.0,0.97,1.0,1,72029.0
0,2,44,9,1,0,0,0,0,0,0,0,0,0,0,0,0,0,0,0,0,0,153,133,0.0,0.0,0.0,0.0,0.87,0.03,0.0,255,170,0.67,0.04,1.0,0.0,0.0,0.0,0.0,0.0,1,42888.0
0,1,55,2,0,0,0,0,0,0,0,0,0,0,0,0,0,0,0,0,0,0,139,11,0.0,0.0,1.0,1.0,0.08,0.06,0.0,255,5,0.02,0.06,0.0,0.0,0.0,0.0,1.0,1.0,1,55720.0
0,1,22,9,463,4705,0,0,0,0,0,1,0,0,0,0,0,0,0,0,0,0,7,7,0.0,0.0,0.0,0.0,1.0,0.0,0.0,29,249,1.0,0.0,0.03,0.12,0.0,0.0,0.41,0.88,0,111596.0
0,1,28,5,0,0,0,0,0,0,0,0,0,0,0,0,0,0,0,0,0,0,263,21,1.0,1.0,0.0,0.0,0.08,0.05,0.0,255,21,0.08,0.05,0.0,0.0,1.0,1.0,0.0,0.0,1,45193.0
0,0,14,9,1480,0,0,1,0,0,0,0,0,0,0,0,0,0,0,0,0,0,5,5,0.0,0.0,0.0,0.0,1.0,0.0,0.0,89,5,0.06,0.04,0.06,0.0,0.0,0.0,0.0,0.0,1,56148.0
0,1,22,9,269,38544,0,0,0,0,0,1,0,0,0,0,0,0,0,0,0,0,1,1,0.0,0.0,0.0,0.0,1.0,0.0,0.0,87,255,1.0,0.0,0.01,0.04,0.0,0.0,0.2,0.08,0,19455.0
0,1,22,9,202,1761,0,0,0,0,0,1,0,0,0,0,0,0,0,0,0,0,13,17,0.0,0.0,0.0,0.0,1.0,0.0,0.12,13,255,1.0,0.0,0.08,0.02,0.0,0.0,0.0,0.0,0,65990.0
0,1,44,1,0,0,0,0,0,0,0,0,0,0,0,0,0,0,0,0,0,0,86,16,0.0,0.0,1.0,1.0,0.19,0.06,0.0,255,16,0.06,0.06,0.0,0.0,0.0,0.0,1.0,1.0,1,49437.0
0,1,22,9,304,3222,0,0,0,0,0,1,0,0,0,0,0,0,0,0,0,0,25,7,0.0,0.0,0.0,0.0,0.28,0.08,0.0,255,229,0.9,0.01,0.0,0.0,0.0,0.0,0.0,0.0,0,65549.0
0,1,44,1,0,0,0,0,0,0,0,0,0,0,0,0,0,0,0,0,0,0,1,1,0.0,0.0,1.0,1.0,1.0,0.0,0.0,19,2,0.05,1.0,0.05,1.0,0.0,0.0,0.79,1.0,1,109181.0
0,1,36,5,0,0,0,0,0,0,0,0,0,0,0,0,0,0,0,0,0,0,282,6,1.0,1.0,0.0,0.0,0.02,0.06,0.0,255,6,0.02,0.06,0.0,0.0,1.0,1.0,0.0,0.0,1,84529.0
0,1,22,9,210,1801,0,0,0,0,0,1,0,0,0,0,0,0,0,0,0,0,10,10,0.0,0.0,0.0,0.0,1.0,0.0,0.0,71,255,1.0,0.0,0.01,0.02,0.0,0.0,0.0,0.0,0,1526.0
0,1,49,9,1091,479,0,0,0,0,0,1,0,0,0,0,0,0,0,0,0,0,1,3,0.0,0.0,0.0,0.0,1.0,0.0,1.0,255,12,0.05,0.02,0.0,0.0,0.0,0.0,0.04,0.0,0,69187.0
0,1,19,9,59,0,0,0,0,0,0,1,0,0,0,0,0,0,0,0,0,0,16,16,0.0,0.0,0.0,0.0,1.0,0.0,0.0,243,107,0.44,0.04,0.44,0.0,0.0,0.0,0.0,0.0,0,19851.0
0,1,44,5,0,0,0,0,0,0,0,0,0,0,0,0,0,0,0,0,0,0,126,4,1.0,1.0,0.0,0.0,0.03,0.1,0.0,255,4,0.02,0.07,0.0,0.0,1.0,1.0,0.0,0.0,1,90259.0
0,2,11,9,45,129,0,0,0,0,0,0,0,0,0,0,0,0,0,0,0,0,304,304,0.0,0.0,0.0,0.0,1.0,0.0,0.0,255,254,1.0,0.01,0.0,0.0,0.0,0.0,0.0,0.0,0,76015.0
0,2,11,9,45,45,0,0,0,0,0,0,0,0,0,0,0,0,0,0,0,0,134,216,0.0,0.0,0.0,0.0,1.0,0.0,0.02,255,255,1.0,0.0,0.01,0.0,0.0,0.0,0.0,0.0,0,11272.0
0,1,22,9,308,1248,0,0,0,0,0,1,0,0,0,0,0,0,0,0,0,0,11,11,0.0,0.0,0.0,0.0,1.0,0.0,0.0,255,255,1.0,0.0,0.0,0.0,0.0,0.0,0.0,0.0,0,43928.0
0,1,19,9,1556,0,0,0,0,0,0,1,0,0,0,0,0,0,0,0,0,0,4,4,0.0,0.0,0.0,0.0,1.0,0.0,0.0,11,84,0.91,0.18,0.91,0.04,0.0,0.0,0.0,0.0,0,71055.0
0,1,19,9,965,0,0,0,0,0,0,1,0,0,0,0,0,0,0,0,0,0,23,23,0.0,0.0,0.0,0.0,1.0,0.0,0.0,255,125,0.49,0.02,0.49,0.0,0.0,0.0,0.0,0.0,0,15722.0
0,1,22,9,303,9236,0,0,0,0,0,1,0,0,0,0,0,0,0,0,0,0,8,10,0.0,0.0,0.0,0.0,1.0,0.0,0.3,179,255,1.0,0.0,0.01,0.01,0.0,0.0,0.0,0.0,0,122534.0
0,1,33,5,0,0,0,0,0,0,0,0,0,0,0,0,0,0,0,0,0,0,261,9,1.0,1.0,0.0,0.0,0.03,0.05,0.0,255,9,0.04,0.05,0.0,0.0,1.0,1.0,0.0,0.0,1,72434.0
0,1,3,5,0,0,0,0,0,0,0,0,0,0,0,0,0,0,0,0,0,0,299,13,1.0,1.0,0.0,0.0,0.04,0.05,0.0,255,2,0.01,0.08,0.0,0.0,1.0,1.0,0.0,0.0,1,82825.0
0,1,49,9,916,327,0,0,0,0,0,1,0,0,0,0,0,0,0,0,0,0,1,1,0.0,0.0,0.0,0.0,1.0,0.0,0.0,131,94,0.72,0.02,0.01,0.0,0.0,0.0,0.0,0.0,0,94280.0
0,0,13,9,8,0,0,0,0,0,0,0,0,0,0,0,0,0,0,0,0,0,1,21,0.0,0.0,0.0,0.0,1.0,0.0,1.0,2,6,1.0,0.0,1.0,0.5,0.0,0.0,0.0,0.0,1,120878.0
0,1,8,5,0,0,0,0,0,0,0,0,0,0,0,0,0,0,0,0,0,0,266,4,1.0,1.0,0.0,0.0,0.02,0.05,0.0,255,4,0.02,0.05,0.0,0.0,1.0,1.0,0.0,0.0,1,62966.0
0,1,17,5,0,0,0,0,0,0,0,0,0,0,0,0,0,0,0,0,0,0,247,19,1.0,1.0,0.0,0.0,0.08,0.05,0.0,255,19,0.07,0.06,0.0,0.0,1.0,1.0,0.0,0.0,1,93778.0
0,1,22,9,193,2231,0,0,0,0,0,1,0,0,0,0,0,0,0,0,0,0,1,1,0.0,0.0,0.0,0.0,1.0,0.0,0.0,1,255,1.0,0.0,1.0,0.06,0.0,0.01,0.0,0.0,0,51204.0
0,2,11,9,44,130,0,0,0,0,0,0,0,0,0,0,0,0,0,0,0,0,133,213,0.0,0.0,0.0,0.0,1.0,0.0,0.01,255,255,1.0,0.0,0.0,0.0,0.0,0.0,0.0,0.0,0,70970.0
0,1,22,9,186,17708,0,0,0,0,0,1,0,0,0,0,0,0,0,0,0,0,1,2,0.0,0.0,0.0,0.0,1.0,0.0,1.0,7,255,1.0,0.0,0.14,0.06,0.0,0.0,0.0,0.0,0,92156.0
0,0,13,9,8,0,0,0,0,0,0,0,0,0,0,0,0,0,0,0,0,0,1,33,0.0,0.0,0.0,0.0,1.0,0.0,1.0,1,127,1.0,0.0,1.0,0.5,0.0,0.0,0.0,0.0,1,78636.0
0,1,22,1,0,0,0,0,0,0,0,0,0,0,0,0,0,0,0,0,0,0,20,20,0.0,0.0,0.8,0.8,1.0,0.0,0.0,44,191,1.0,0.0,0.02,0.17,0.0,0.0,0.89,0.97,0,89091.0
0,1,22,9,342,434,0,0,0,0,0,1,0,0,0,0,0,0,0,0,0,0,5,24,0.0,0.0,0.0,0.0,1.0,0.0,0.17,255,255,1.0,0.0,0.0,0.0,0.0,0.0,0.0,0.0,0,56031.0
0,1,22,9,315,1566,0,0,0,0,0,1,0,0,0,0,0,0,0,0,0,0,29,29,0.0,0.0,0.0,0.0,1.0,0.0,0.0,76,255,1.0,0.0,0.01,0.05,0.0,0.0,0.0,0.0,0,17042.0
0,1,55,5,0,0,0,0,0,0,0,0,0,0,0,0,0,0,0,0,0,0,23,6,1.0,1.0,0.0,0.0,0.26,0.17,0.0,255,37,0.15,0.05,0.01,0.0,1.0,1.0,0.0,0.0,1,2342.0
0,1,22,1,0,0,0,0,0,0,0,0,0,0,0,0,0,0,0,0,0,0,1,1,0.0,0.0,1.0,1.0,1.0,0.0,0.0,21,238,1.0,0.0,0.05,0.18,0.0,0.0,1.0,1.0,0,87634.0
0,2,11,9,43,43,0,0,0,0,0,0,0,0,0,0,0,0,0,0,0,0,173,173,0.0,0.0,0.0,0.0,1.0,0.0,0.0,255,254,1.0,0.01,0.0,0.0,0.0,0.0,0.0,0.0,0,27361.0
0,1,22,9,54540,8314,0,0,0,2,0,1,1,0,0,0,0,0,0,0,0,0,3,3,0.0,0.0,0.0,0.0,1.0,0.0,0.0,138,138,1.0,0.0,0.01,0.0,0.0,0.0,0.05,0.05,1,106314.0
0,1,22,9,192,2067,0,0,0,0,0,1,0,0,0,0,0,0,0,0,0,0,8,29,0.0,0.0,0.0,0.0,1.0,0.0,0.1,255,255,1.0,0.0,0.0,0.0,0.0,0.0,0.0,0.0,0,47079.0
0,1,40,1,0,0,0,0,0,0,0,0,0,0,0,0,0,0,0,0,0,0,511,1,0.09,0.0,0.91,1.0,0.0,1.0,0.0,255,1,0.0,1.0,0.0,0.0,0.08,0.0,0.92,1.0,1,97129.0
0,1,22,9,218,901,0,0,0,0,0,1,0,0,0,0,0,0,0,0,0,0,3,3,0.0,0.0,0.0,0.0,1.0,0.0,0.0,3,255,1.0,0.0,0.33,0.02,0.0,0.0,0.0,0.0,0,19303.0
0,1,44,5,0,0,0,0,0,0,0,0,0,0,0,0,0,0,0,0,0,0,80,18,1.0,1.0,0.0,0.0,0.22,0.06,0.0,255,4,0.02,0.08,0.0,0.0,1.0,1.0,0.0,0.0,1,67495.0
0,1,44,5,0,0,0,0,0,0,0,0,0,0,0,0,0,0,0,0,0,0,272,14,1.0,1.0,0.0,0.0,0.05,0.06,0.0,255,29,0.11,0.06,0.0,0.0,1.0,1.0,0.0,0.0,1,116953.0
0,1,22,9,222,6843,0,0,0,0,0,1,0,0,0,0,0,0,0,0,0,0,1,1,0.0,0.0,0.0,0.0,1.0,0.0,0.0,12,255,1.0,0.0,0.08,0.02,0.0,0.0,0.0,0.0,0,33522.0
0,1,44,4,0,0,0,0,0,0,0,0,0,0,0,0,0,0,0,0,0,0,1,1,0.0,0.0,1.0,1.0,1.0,0.0,0.0,255,1,0.0,0.8,0.79,0.0,0.0,0.0,0.79,1.0,1,3760.0
1,1,49,9,925,327,0,0,0,0,0,1,0,0,0,0,0,0,0,0,0,0,1,2,0.0,0.0,0.0,0.0,1.0,0.0,1.0,92,135,0.54,0.07,0.01,0.01,0.0,0.0,0.0,0.0,0,68883.0
0,1,22,9,201,2560,0,0,0,0,0,1,0,0,0,0,0,0,0,0,0,0,2,2,0.0,0.0,0.0,0.0,1.0,0.0,0.0,42,255,1.0,0.0,0.02,0.04,0.0,0.0,0.0,0.0,0,89982.0
0,1,44,5,0,0,0,0,0,0,0,0,0,0,0,0,0,0,0,0,0,0,96,17,1.0,1.0,0.0,0.0,0.18,0.06,0.0,255,17,0.07,0.05,0.0,0.0,1.0,1.0,0.0,0.0,1,21956.0
1,1,49,9,1078,369,0,0,0,0,0,1,0,0,0,0,0,0,0,0,0,0,1,3,0.0,0.0,0.0,0.0,1.0,0.0,1.0,194,196,0.71,0.02,0.01,0.01,0.0,0.0,0.0,0.0,0,125154.0
0,1,22,1,0,0,0,0,0,0,0,0,0,0,0,0,0,0,0,0,0,0,1,2,0.0,0.0,1.0,1.0,1.0,0.0,1.0,132,255,1.0,0.0,0.01,0.07,0.0,0.0,1.0,0.97,0,32660.0
0,1,49,9,646,285,0,0,0,0,0,1,0,0,0,0,0,0,0,0,0,0,1,1,0.0,0.0,0.0,0.0,1.0,0.0,0.0,55,171,0.85,0.07,0.02,0.01,0.0,0.0,0.0,0.0,0,78125.0
0,1,57,5,0,0,0,0,0,0,0,0,0,0,0,0,0,0,0,0,0,0,260,15,1.0,1.0,0.0,0.0,0.06,0.07,0.0,255,15,0.06,0.07,0.0,0.0,1.0,1.0,0.0,0.0,1,34315.0
0,1,22,9,338,304,0,0,0,0,0,1,0,0,0,0,0,0,0,0,0,0,18,18,0.0,0.0,0.0,0.0,1.0,0.0,0.0,51,255,1.0,0.0,0.02,0.03,0.0,0.0,0.0,0.0,0,110567.0
0,1,22,1,0,0,0,0,0,0,0,0,0,0,0,0,0,0,0,0,0,0,1,1,0.0,0.0,1.0,1.0,1.0,0.0,0.0,1,10,1.0,0.0,1.0,0.7,0.0,0.1,1.0,0.9,0,99377.0
39,1,42,9,48,250,0,0,0,0,0,1,0,0,0,0,0,0,0,0,0,0,1,1,0.0,0.0,0.0,0.0,1.0,0.0,0.0,70,1,0.01,0.09,0.01,0.0,0.03,0.0,0.73,0.0,0,35007.0
0,2,11,9,45,45,0,0,0,0,0,0,0,0,0,0,0,0,0,0,0,0,129,128,0.0,0.0,0.0,0.0,0.99,0.02,0.0,255,254,1.0,0.01,0.0,0.0,0.0,0.0,0.0,0.0,0,46384.0
0,1,22,9,219,336,0,0,0,0,0,1,0,0,0,0,0,0,0,0,0,0,23,38,0.0,0.0,0.0,0.0,1.0,0.0,0.11,117,255,1.0,0.0,0.01,0.03,0.0,0.0,0.0,0.0,0,8679.0
0,1,44,5,0,0,0,0,0,0,0,0,0,0,0,0,0,0,0,0,0,0,92,6,1.0,1.0,0.0,0.0,0.07,0.07,0.0,255,20,0.08,0.06,0.0,0.0,1.0,1.0,0.0,0.0,1,71334.0
0,0,14,9,520,0,0,0,0,0,0,0,0,0,0,0,0,0,0,0,0,0,453,453,0.0,0.0,0.0,0.0,1.0,0.0,0.0,22,22,1.0,0.0,1.0,0.0,0.0,0.0,0.0,0.0,1,111925.0
0,1,22,9,208,3892,0,0,0,0,0,1,0,0,0,0,0,0,0,0,0,0,8,8,0.0,0.0,0.0,0.0,1.0,0.0,0.0,45,255,1.0,0.0,0.02,0.03,0.0,0.0,0.0,0.0,0,42725.0
2705,2,40,9,147,105,0,0,0,0,0,0,0,0,0,0,0,0,0,0,0,0,2,2,0.0,0.0,0.0,0.0,1.0,0.0,0.0,255,4,0.02,0.35,0.76,0.0,0.0,0.0,0.0,0.0,0,23944.0
2,1,19,9,2194619,0,0,0,0,0,0,1,0,0,0,0,0,0,0,0,0,0,2,2,0.0,0.0,0.0,0.0,1.0,0.0,0.0,228,64,0.28,0.01,0.28,0.0,0.01,0.03,0.0,0.0,0,32927.0
0,1,22,9,220,1753,0,0,0,0,0,1,0,0,0,0,0,0,0,0,0,0,35,35,0.03,0.03,0.0,0.0,1.0,0.0,0.0,34,255,1.0,0.0,0.03,0.02,0.0,0.0,0.0,0.0,0,23013.0
0,1,22,1,0,0,0,0,0,0,0,0,0,0,0,0,0,0,0,0,0,0,1,2,0.0,0.0,1.0,1.0,1.0,0.0,1.0,5,255,1.0,0.0,0.2,0.13,0.0,0.0,1.0,0.86,0,74906.0
0,1,44,1,0,0,0,0,0,0,0,0,0,0,0,0,0,0,0,0,0,0,119,1,0.01,0.0,0.92,1.0,0.01,1.0,0.0,255,1,0.0,0.48,0.0,0.0,0.0,0.0,0.43,1.0,1,71322.0
0,2,44,9,105,145,0,0,0,0,0,0,0,0,0,0,0,0,0,0,0,0,4,1,0.0,0.0,0.0,0.0,0.25,0.5,0.0,255,245,0.96,0.01,0.0,0.0,0.0,0.0,0.0,0.0,0,115089.0
0,1,22,9,209,383,0,0,0,0,0,1,0,0,0,0,0,0,0,0,0,0,27,27,0.0,0.0,0.0,0.0,1.0,0.0,0.0,255,255,1.0,0.0,0.0,0.0,0.0,0.0,0.0,0.0,0,97735.0
0,1,44,5,0,0,0,0,0,0,0,0,0,0,0,0,0,0,0,0,0,0,141,18,1.0,1.0,0.0,0.0,0.13,0.06,0.0,255,10,0.04,0.07,0.0,0.0,1.0,1.0,0.0,0.0,1,18905.0
0,1,22,9,308,3307,0,0,0,0,0,1,0,0,0,0,0,0,0,0,0,0,7,7,0.0,0.0,0.0,0.0,1.0,0.0,0.0,113,150,1.0,0.0,0.01,0.01,0.0,0.0,0.0,0.0,0,99544.0
0,1,54,1,0,0,0,0,0,0,0,0,0,0,0,0,0,0,0,0,0,0,262,4,0.0,0.0,1.0,1.0,0.02,0.06,0.0,255,4,0.02,0.07,0.0,0.0,0.0,0.0,1.0,1.0,1,123521.0
0,2,11,9,43,125,0,0,0,0,0,0,0,0,0,0,0,0,0,0,0,0,20,56,0.0,0.0,0.0,0.0,1.0,0.0,0.04,255,206,0.81,0.02,0.0,0.0,0.0,0.0,0.0,0.0,0,53501.0
0,1,26,5,0,0,0,0,0,0,0,0,0,0,0,0,0,0,0,0,0,0,9,4,1.0,1.0,0.0,0.0,0.44,0.33,0.0,255,4,0.02,0.08,0.0,0.0,1.0,1.0,0.0,0.0,1,18864.0
0,1,22,9,317,1040,0,0,0,0,0,1,0,0,0,0,0,0,0,0,0,0,9,9,0.0,0.0,0.0,0.0,1.0,0.0,0.0,9,255,1.0,0.0,0.11,0.02,0.0,0.0,0.0,0.0,0,6591.0
0,1,40,1,0,0,0,0,0,0,0,0,0,0,0,0,0,0,0,0,0,0,1,1,0.0,0.0,1.0,1.0,1.0,0.0,0.0,11,11,1.0,0.0,0.09,0.0,0.0,0.0,1.0,1.0,0,98024.0
0,2,44,9,28,0,0,3,0,0,0,0,0,0,0,0,0,0,0,0,0,0,84,84,0.0,0.0,0.0,0.0,1.0,0.0,0.0,255,84,0.33,0.04,0.33,0.0,0.02,0.0,0.0,0.0,1,28721.0
0,0,14,9,520,0,0,0,0,0,0,0,0,0,0,0,0,0,0,0,0,0,479,479,0.0,0.0,0.0,0.0,1.0,0.0,0.0,144,144,1.0,0.0,1.0,0.0,0.0,0.0,0.0,0.0,1,30154.0
0,1,9,2,0,0,0,0,0,0,0,0,0,0,0,0,0,0,0,0,0,0,272,20,0.0,0.0,1.0,1.0,0.07,0.06,0.0,255,20,0.08,0.07,0.0,0.0,0.0,0.0,1.0,1.0,1,105395.0
8,1,49,9,1744,334,0,0,0,0,0,1,0,0,0,0,0,0,0,0,0,0,2,2,0.0,0.0,0.0,0.0,1.0,0.0,0.0,133,188,0.54,0.03,0.01,0.01,0.01,0.0,0.0,0.0,0,66880.0
0,1,44,5,0,0,0,0,0,0,0,0,0,0,0,0,0,0,0,0,0,0,283,12,1.0,1.0,0.0,0.0,0.04,0.05,0.0,255,12,0.05,0.05,0.0,0.0,1.0,1.0,0.0,0.0,1,50062.0
0,1,44,5,0,0,0,0,0,0,0,0,0,0,0,0,0,0,0,0,0,0,14,9,1.0,1.0,0.0,0.0,0.64,0.21,0.0,255,16,0.06,0.07,0.0,0.0,1.0,1.0,0.0,0.0,1,10035.0
0,1,44,1,0,0,0,0,0,0,0,0,0,0,0,0,0,0,0,0,0,0,148,18,0.0,0.0,1.0,1.0,0.12,0.05,0.0,255,14,0.05,0.07,0.0,0.0,0.0,0.0,1.0,1.0,1,106728.0
0,1,22,9,179,18391,0,0,0,0,0,1,0,0,0,0,0,0,0,0,0,0,9,9,0.0,0.0,0.0,0.0,1.0,0.0,0.0,255,255,1.0,0.0,0.0,0.0,0.0,0.0,0.0,0.0,0,39586.0
2431,2,40,9,146,105,0,0,0,0,0,0,0,0,0,0,0,0,0,0,0,0,1,1,0.0,0.0,0.0,0.0,1.0,0.0,0.0,255,1,0.0,0.88,0.99,0.0,0.0,0.0,0.0,0.0,0,87560.0
0,1,22,7,144,0,0,0,0,1,0,1,0,0,0,0,0,0,0,0,0,0,1,1,1.0,1.0,0.0,0.0,1.0,0.0,0.0,255,255,1.0,0.0,0.0,0.0,0.0,0.0,0.0,0.0,0,32955.0
0,1,22,9,218,762,0,0,0,0,0,1,0,0,0,0,0,0,0,0,0,0,12,12,0.0,0.0,0.0,0.0,1.0,0.0,0.0,255,255,1.0,0.0,0.0,0.0,0.0,0.0,0.0,0.0,0,56833.0
0,1,44,5,0,0,0,0,0,0,0,0,0,0,0,0,0,0,0,0,0,0,107,8,1.0,1.0,0.0,0.0,0.07,0.07,0.0,255,12,0.05,0.07,0.0,0.0,1.0,1.0,0.0,0.0,1,51680.0
0,1,22,9,339,3810,0,0,0,0,0,1,0,0,0,0,0,0,0,0,0,0,17,19,0.0,0.0,0.0,0.0,1.0,0.0,0.11,38,255,1.0,0.0,0.03,0.09,0.0,0.0,0.0,0.0,0,52007.0
0,1,22,5,0,0,0,0,0,0,0,0,0,0,0,0,0,0,0,0,0,0,7,4,1.0,1.0,0.0,0.0,0.57,0.29,0.0,255,44,0.17,0.03,0.01,0.0,1.0,1.0,0.0,0.0,1,78081.0
0,1,24,1,0,0,0,0,0,0,0,0,0,0,0,0,0,0,0,0,0,0,278,16,0.0,0.0,1.0,1.0,0.06,0.06,0.0,255,16,0.06,0.07,0.0,0.0,0.0,0.0,1.0,1.0,1,30150.0
0,1,22,9,239,1695,0,0,0,0,0,1,0,0,0,0,0,0,0,0,0,0,7,8,0.0,0.0,0.0,0.0,1.0,0.0,0.25,97,255,1.0,0.0,0.01,0.02,0.0,0.0,0.0,0.0,0,92803.0
0,1,22,9,220,341,0,0,0,0,0,1,0,0,0,0,0,0,0,0,0,0,4,4,0.0,0.0,0.0,0.0,1.0,0.0,0.0,255,255,1.0,0.0,0.0,0.0,0.0,0.0,0.0,0.0,0,102646.0
0,1,2,1,0,0,0,0,0,0,0,0,0,0,0,0,0,0,0,0,0,0,291,18,0.0,0.0,1.0,1.0,0.06,0.06,0.0,255,18,0.07,0.07,0.0,0.0,0.0,0.0,1.0,1.0,1,45082.0
0,1,44,5,0,0,0,0,0,0,0,0,0,0,0,0,0,0,0,0,0,0,300,17,1.0,1.0,0.0,0.0,0.06,0.05,0.0,255,1,0.0,0.06,0.0,0.0,1.0,1.0,0.0,0.0,1,96848.0
0,1,53,5,0,0,0,0,0,0,0,0,0,0,0,0,0,0,0,0,0,0,114,4,1.0,1.0,0.0,0.0,0.04,0.05,0.0,255,4,0.02,0.05,0.0,0.0,1.0,1.0,0.0,0.0,1,65643.0
0,1,44,5,0,0,0,0,0,0,0,0,0,0,0,0,0,0,0,0,0,0,178,1,1.0,1.0,0.0,0.0,0.01,0.06,0.0,255,10,0.04,0.07,0.0,0.0,1.0,1.0,0.0,0.0,1,17923.0
0,1,22,9,169,391,0,0,0,0,0,1,0,0,0,0,0,0,0,0,0,0,13,14,0.0,0.07,0.0,0.0,1.0,0.0,0.14,37,255,1.0,0.0,0.03,0.03,0.0,0.0,0.0,0.01,0,86876.0
30,1,18,9,861,2586,0,0,0,18,0,1,0,0,0,0,0,0,0,0,0,1,1,1,0.0,0.0,0.0,0.0,1.0,0.0,0.0,255,51,0.2,0.07,0.0,0.0,0.0,0.0,0.0,0.0,0,27821.0
0,1,19,9,501760,0,0,0,0,0,0,1,0,0,0,0,0,0,0,0,0,0,2,2,0.0,0.0,0.0,0.0,1.0,0.0,0.0,8,6,0.75,0.25,0.75,0.0,0.0,0.0,0.0,0.0,0,96377.0
0,1,22,9,361,240,0,0,0,0,0,1,0,0,0,0,0,0,0,0,0,0,3,3,0.0,0.0,0.0,0.0,1.0,0.0,0.0,171,255,1.0,0.0,0.01,0.03,0.0,0.0,0.0,0.0,0,83228.0
0,0,13,9,8,0,0,0,0,0,0,0,0,0,0,0,0,0,0,0,0,0,1,20,0.0,0.0,0.0,0.0,1.0,0.0,1.0,4,88,1.0,0.0,1.0,0.25,0.0,0.0,0.0,0.0,1,59748.0
0,1,16,5,0,0,0,0,0,0,0,0,0,0,0,0,0,0,0,0,0,0,91,2,1.0,1.0,0.0,0.0,0.02,0.07,0.0,255,2,0.01,0.05,0.0,0.0,1.0,1.0,0.0,0.0,1,61712.0
0,1,22,9,179,17784,0,0,0,0,0,1,0,0,0,0,0,0,0,0,0,0,2,2,0.0,0.0,0.0,0.0,1.0,0.0,0.0,255,255,1.0,0.0,0.0,0.0,0.0,0.0,0.0,0.0,0,104518.0
0,1,27,5,0,0,0,0,0,0,0,0,0,0,0,0,0,0,0,0,0,0,132,20,1.0,1.0,0.0,0.0,0.15,0.05,0.0,255,20,0.08,0.05,0.0,0.0,1.0,1.0,0.0,0.0,1,117561.0
0,1,44,5,0,0,0,0,0,0,0,0,0,0,0,0,0,0,0,0,0,0,251,7,1.0,1.0,0.0,0.0,0.03,0.05,0.0,255,7,0.03,0.07,0.0,0.0,1.0,1.0,0.0,0.0,1,42930.0
0,1,47,5,0,0,0,0,0,0,0,0,0,0,0,0,0,0,0,0,0,0,207,15,1.0,1.0,0.0,0.0,0.07,0.06,0.0,255,15,0.06,0.07,0.0,0.0,1.0,1.0,0.0,0.0,1,91863.0
0,1,22,9,257,1387,0,0,0,0,0,1,0,0,0,0,0,0,0,0,0,0,3,3,0.0,0.0,0.0,0.0,1.0,0.0,0.0,57,255,1.0,0.0,0.02,0.03,0.0,0.0,0.0,0.0,0,37330.0
0,1,22,9,208,15318,0,0,0,0,0,1,0,0,0,0,0,0,0,0,0,0,1,1,0.0,0.0,0.0,0.0,1.0,0.0,0.0,16,255,1.0,0.0,0.06,0.03,0.06,0.01,0.0,0.0,0,112720.0
0,1,17,9,11,143,0,0,0,0,0,0,0,0,0,0,0,0,0,0,0,0,1,1,0.0,0.0,0.0,0.0,1.0,0.0,0.0,255,23,0.09,0.02,0.0,0.0,0.0,0.0,0.0,0.0,0,112863.0
29,1,18,9,1534,4152,0,0,0,30,0,1,0,0,0,0,0,0,0,0,0,1,1,1,0.0,0.0,0.0,0.0,1.0,0.0,0.0,114,39,0.34,0.04,0.01,0.0,0.0,0.0,0.0,0.0,0,35296.0
10,1,22,9,54540,8314,0,0,0,2,0,1,1,0,0,0,0,0,0,0,0,0,3,3,0.0,0.0,0.0,0.0,1.0,0.0,0.0,22,22,1.0,0.0,0.05,0.0,0.0,0.0,0.36,0.36,1,124367.0
0,2,44,9,28,0,0,3,0,0,0,0,0,0,0,0,0,0,0,0,0,0,55,55,0.0,0.0,0.0,0.0,1.0,0.0,0.0,255,155,0.61,0.4,0.61,0.0,0.09,0.0,0.31,0.0,1,104738.0
0,1,40,5,0,0,0,0,0,0,0,0,0,0,0,0,0,0,0,0,0,0,427,1,0.07,1.0,0.9,0.0,0.0,1.0,0.0,255,1,0.0,1.0,0.0,0.0,0.09,1.0,0.91,0.0,1,97505.0
0,1,40,5,0,0,0,0,0,0,0,0,0,0,0,0,0,0,0,0,0,0,510,1,0.33,1.0,0.67,0.0,0.0,1.0,0.0,255,1,0.0,1.0,0.0,0.0,0.46,1.0,0.54,0.0,1,123199.0
0,1,54,1,0,0,0,0,0,0,0,0,0,0,0,0,0,0,0,0,0,0,247,4,0.0,0.0,1.0,1.0,0.02,0.06,0.0,255,4,0.02,0.07,0.0,0.0,0.0,0.0,1.0,1.0,1,21520.0
0,1,59,5,0,0,0,0,0,0,0,0,0,0,0,0,0,0,0,0,0,0,132,17,1.0,1.0,0.0,0.0,0.13,0.06,0.0,255,11,0.04,0.08,0.0,0.0,1.0,1.0,0.0,0.0,1,104556.0
42,1,40,7,15876,1,0,0,0,0,0,1,0,0,0,0,0,0,0,0,0,0,1,1,1.0,1.0,0.0,0.0,1.0,0.0,0.0,227,1,0.0,0.11,0.42,0.0,0.01,1.0,0.0,0.0,0,29939.0
0,1,22,9,256,6364,0,0,0,0,0,1,0,0,0,0,0,0,0,0,0,0,39,40,0.0,0.0,0.0,0.0,1.0,0.0,0.05,223,255,1.0,0.0,0.0,0.02,0.0,0.0,0.0,0.0,0,101302.0
0,1,52,5,0,0,0,0,0,0,0,0,0,0,0,0,0,0,0,0,0,0,173,13,1.0,1.0,0.0,0.0,0.08,0.06,0.0,255,20,0.08,0.06,0.0,0.0,1.0,1.0,0.0,0.0,1,118546.0
0,1,22,9,328,294,0,0,0,0,0,1,0,0,0,0,0,0,0,0,0,0,9,9,0.0,0.0,0.0,0.0,1.0,0.0,0.0,255,255,1.0,0.0,0.0,0.0,0.0,0.0,0.0,0.0,0,24450.0
0,0,58,9,78,0,0,0,0,0,0,0,0,0,0,0,0,0,0,0,0,0,38,8,0.0,0.0,0.0,0.0,0.18,0.05,0.25,255,31,0.12,0.01,0.12,0.0,0.0,0.0,0.0,0.0,0,36166.0
0,1,19,5,0,0,0,0,0,0,0,0,0,0,0,0,0,0,0,0,0,0,277,20,1.0,1.0,0.0,0.0,0.07,0.06,0.0,255,20,0.08,0.08,0.0,0.0,1.0,1.0,0.0,0.0,1,103859.0
0,1,59,2,0,0,0,0,0,0,0,0,0,0,0,0,0,0,0,0,0,0,109,4,0.0,0.0,1.0,1.0,0.04,0.08,0.0,255,4,0.02,0.07,0.0,0.0,0.0,0.0,1.0,1.0,1,37702.0
0,1,44,5,0,0,0,0,0,0,0,0,0,0,0,0,0,0,0,0,0,0,184,6,0.99,1.0,0.0,0.0,0.03,0.07,0.0,255,15,0.06,0.07,0.0,0.0,1.0,1.0,0.0,0.0,1,86074.0
0,1,44,5,0,0,0,0,0,0,0,0,0,0,0,0,0,0,0,0,0,0,112,2,1.0,1.0,0.0,0.0,0.02,0.06,0.0,255,2,0.01,0.07,0.0,0.0,1.0,1.0,0.0,0.0,1,72091.0
0,1,24,5,0,0,0,0,0,0,0,0,0,0,0,0,0,0,0,0,0,0,120,21,1.0,1.0,0.0,0.0,0.17,0.05,0.0,255,21,0.08,0.05,0.0,0.0,1.0,1.0,0.0,0.0,1,30834.0
0,1,60,5,0,0,0,0,0,0,0,0,0,0,0,0,0,0,0,0,0,0,215,17,1.0,1.0,0.0,0.0,0.08,0.06,0.0,255,13,0.05,0.07,0.0,0.0,1.0,1.0,0.0,0.0,1,71427.0
27,1,18,9,1179,3380,0,0,0,24,0,1,0,0,0,0,0,0,0,0,0,1,1,1,0.0,0.0,0.0,0.0,1.0,0.0,0.0,174,63,0.36,0.02,0.01,0.0,0.0,0.0,0.0,0.0,0,69879.0
0,2,11,9,46,79,0,0,0,0,0,0,0,0,0,0,0,0,0,0,0,0,108,107,0.0,0.0,0.0,0.0,0.99,0.02,0.0,255,254,1.0,0.01,0.01,0.0,0.0,0.0,0.0,0.0,0,39474.0
0,1,22,5,0,0,0,0,0,0,0,0,0,0,0,0,0,0,0,0,0,0,33,13,1.0,1.0,0.0,0.0,0.39,0.09,0.0,255,64,0.25,0.02,0.01,0.0,1.0,1.0,0.0,0.0,1,94276.0
0,1,40,5,0,0,0,0,0,0,0,0,0,0,0,0,0,0,0,0,0,0,511,1,0.14,1.0,0.85,0.0,0.0,1.0,0.0,255,1,0.0,1.0,0.0,0.0,0.19,1.0,0.81,0.0,1,68210.0
0,1,29,1,0,0,0,0,0,0,0,0,0,0,0,0,0,0,0,0,0,0,102,15,0.0,0.0,1.0,1.0,0.15,0.08,0.0,255,3,0.01,0.09,0.0,0.0,0.0,0.0,1.0,1.0,1,117196.0
0,1,49,9,611,331,0,0,0,0,0,1,0,0,0,0,0,0,0,0,0,0,1,1,0.0,0.0,0.0,0.0,1.0,0.0,0.0,255,149,0.58,0.01,0.0,0.0,0.0,0.0,0.0,0.0,0,15817.0
0,1,5,1,0,0,0,0,0,0,0,0,0,0,0,0,0,0,0,0,0,0,128,5,0.0,0.0,1.0,1.0,0.04,0.07,0.0,255,5,0.02,0.07,0.0,0.0,0.0,0.0,1.0,1.0,1,90011.0
0,2,11,9,44,113,0,0,0,0,0,0,0,0,0,0,0,0,0,0,0,0,1,2,0.0,0.0,0.0,0.0,1.0,0.0,1.0,237,216,0.91,0.01,0.0,0.0,0.0,0.0,0.03,0.0,0,50891.0
0,1,17,5,0,0,0,0,0,0,0,0,0,0,0,0,0,0,0,0,0,0,5,1,1.0,1.0,0.0,0.0,0.2,0.4,0.0,255,71,0.28,0.02,0.0,0.0,1.0,1.0,0.0,0.0,1,37104.0
0,1,22,9,195,318,0,0,0,0,0,1,0,0,0,0,0,0,0,0,0,0,9,9,0.0,0.0,0.0,0.0,1.0,0.0,0.0,130,255,1.0,0.0,0.01,0.02,0.0,0.0,0.0,0.0,0,2275.0
0,1,60,5,0,0,0,0,0,0,0,0,0,0,0,0,0,0,0,0,0,0,188,3,1.0,1.0,0.0,0.0,0.02,0.06,0.0,255,3,0.01,0.06,0.0,0.0,1.0,1.0,0.0,0.0,1,112639.0
0,1,22,9,204,394,0,0,0,0,0,1,0,0,0,0,0,0,0,0,0,0,4,4,0.0,0.0,0.0,0.0,1.0,0.0,0.0,28,255,1.0,0.0,0.04,0.04,0.0,0.0,0.0,0.0,0,20088.0
0,1,22,9,225,446,0,0,0,0,0,1,0,0,0,0,0,0,0,0,0,0,10,10,0.0,0.0,0.0,0.0,1.0,0.0,0.0,48,255,1.0,0.0,0.02,0.01,0.0,0.0,0.29,0.07,0,83345.0
0,1,44,5,0,0,0,0,0,0,0,0,0,0,0,0,0,0,0,0,0,0,222,5,1.0,1.0,0.0,0.0,0.02,0.06,0.0,255,18,0.07,0.06,0.0,0.0,1.0,1.0,0.0,0.0,1,35585.0
0,1,49,9,729,328,0,0,0,0,0,1,0,0,0,0,0,0,0,0,0,0,1,1,0.0,0.0,0.0,0.0,1.0,0.0,0.0,106,156,0.41,0.04,0.01,0.01,0.0,0.01,0.0,0.0,0,267.0
0,1,44,5,0,0,0,0,0,0,0,0,0,0,0,0,0,0,0,0,0,0,190,3,1.0,1.0,0.0,0.0,0.02,0.08,0.0,255,3,0.01,0.08,0.0,0.0,1.0,1.0,0.0,0.0,1,113864.0
0,1,59,5,0,0,0,0,0,0,0,0,0,0,0,0,0,0,0,0,0,0,105,5,1.0,1.0,0.0,0.0,0.05,0.07,0.0,255,19,0.07,0.05,0.0,0.0,1.0,1.0,0.0,0.0,1,27849.0
0,2,11,9,34,0,0,0,0,0,0,0,0,0,0,0,0,0,0,0,0,0,2,5,0.0,0.0,0.0,0.0,1.0,0.0,0.4,82,9,0.07,0.07,0.07,0.22,0.0,0.0,0.0,0.0,0,25983.0
1,1,18,9,1138,2443,0,0,0,28,0,1,0,0,0,0,0,0,0,0,0,1,1,1,0.0,0.0,0.0,0.0,1.0,0.0,0.0,255,70,0.27,0.02,0.0,0.0,0.0,0.0,0.0,0.0,1,20621.0
0,1,22,9,256,870,0,0,0,0,0,1,0,0,0,0,0,0,0,0,0,0,5,5,0.0,0.0,0.0,0.0,1.0,0.0,0.0,144,255,1.0,0.0,0.01,0.02,0.0,0.0,0.0,0.0,0,24350.0
0,1,62,1,0,0,0,0,0,0,0,0,0,0,0,0,0,0,0,0,0,0,8,1,0.0,0.0,0.88,1.0,0.12,1.0,0.0,126,1,0.01,0.17,0.01,0.0,0.0,0.0,0.08,1.0,1,92235.0
0,1,22,9,241,2270,0,0,0,0,0,1,0,0,0,0,0,0,0,0,0,0,30,30,0.0,0.0,0.0,0.0,1.0,0.0,0.0,55,255,1.0,0.0,0.02,0.02,0.0,0.0,0.0,0.0,0,88192.0
0,1,19,9,192,0,0,0,0,0,0,1,0,0,0,0,0,0,0,0,0,0,3,3,0.0,0.0,0.0,0.0,1.0,0.0,0.0,176,68,0.24,0.04,0.24,0.03,0.0,0.0,0.0,0.0,0,11396.0
0,1,49,9,644,313,0,0,0,0,0,1,0,0,0,0,0,0,0,0,0,0,1,1,0.0,0.0,0.0,0.0,1.0,0.0,0.0,188,74,0.22,0.38,0.01,0.03,0.0,0.0,0.35,0.0,0,125165.0
0,1,22,9,367,2906,0,0,0,0,0,1,0,0,0,0,0,0,0,0,0,0,3,22,0.0,0.0,0.0,0.0,1.0,0.0,0.14,13,255,1.0,0.0,0.08,0.08,0.0,0.0,0.0,0.0,0,2219.0
0,1,49,9,1206,384,0,0,0,0,0,1,0,0,0,0,0,0,0,0,0,0,1,2,0.0,0.0,0.0,0.0,1.0,0.0,1.0,255,17,0.07,0.06,0.0,0.0,0.88,0.0,0.01,0.0,0,58358.0
0,1,44,5,0,0,0,0,0,0,0,0,0,0,0,0,0,0,0,0,0,0,173,6,1.0,1.0,0.0,0.0,0.03,0.06,0.0,255,18,0.07,0.06,0.0,0.0,1.0,1.0,0.0,0.0,1,117479.0
0,1,19,5,0,0,0,0,0,0,0,0,0,0,0,0,0,0,0,0,0,0,63,15,1.0,1.0,0.0,0.0,0.24,0.06,0.0,255,64,0.25,0.02,0.0,0.0,1.0,1.0,0.0,0.0,1,89376.0
0,1,19,5,0,0,0,0,0,0,0,0,0,0,0,0,0,0,0,0,0,0,25,4,0.96,1.0,0.04,0.0,0.16,0.12,0.0,255,13,0.05,0.06,0.01,0.0,1.0,1.0,0.0,0.0,1,55802.0
0,1,22,9,332,2873,0,0,0,0,0,1,0,0,0,0,0,0,0,0,0,0,5,5,0.0,0.0,0.0,0.0,1.0,0.0,0.0,255,255,1.0,0.0,0.0,0.0,0.0,0.0,0.0,0.0,0,49687.0
0,1,17,4,0,0,0,0,0,0,0,0,0,0,0,0,0,0,0,0,0,0,1,1,0.0,0.0,1.0,1.0,1.0,0.0,0.0,255,1,0.0,1.0,1.0,0.0,0.0,0.0,1.0,1.0,1,18310.0
0,1,22,9,242,2042,0,0,0,0,0,1,0,0,0,0,0,0,0,0,0,0,16,16,0.0,0.0,0.0,0.0,1.0,0.0,0.0,255,255,1.0,0.0,0.0,0.0,0.0,0.0,0.0,0.0,0,90810.0
0,1,22,9,290,520,0,0,0,0,0,1,0,0,0,0,0,0,0,0,0,0,13,25,0.0,0.0,0.0,0.0,1.0,0.0,0.2,255,255,1.0,0.0,0.0,0.0,0.0,0.0,0.0,0.0,0,7551.0
0,1,22,9,320,9132,0,0,0,0,0,1,0,0,0,0,0,0,0,0,0,0,3,4,0.0,0.0,0.0,0.0,1.0,0.0,0.5,255,255,1.0,0.0,0.0,0.0,0.0,0.0,0.0,0.0,0,58774.0
0,1,22,9,287,594,0,0,0,0,0,1,0,0,0,0,0,0,0,0,0,0,1,5,0.0,0.0,0.0,0.0,1.0,0.0,0.6,9,255,1.0,0.0,0.11,0.04,0.0,0.0,0.0,0.01,0,112217.0
0,1,40,5,0,0,0,0,0,0,0,0,0,0,0,0,0,0,0,0,0,0,260,8,1.0,1.0,0.0,0.0,0.03,0.06,0.0,255,19,0.07,0.07,0.0,0.0,1.0,1.0,0.0,0.0,1,92745.0
0,1,44,5,0,0,0,0,0,0,0,0,0,0,0,0,0,0,0,0,0,0,71,12,1.0,1.0,0.0,0.0,0.17,0.06,0.0,255,12,0.05,0.05,0.0,0.0,1.0,1.0,0.0,0.0,1,122984.0
0,1,44,1,0,0,0,0,0,0,0,0,0,0,0,0,0,0,0,0,0,0,145,18,0.0,0.0,0.99,1.0,0.12,0.07,0.0,255,5,0.02,0.07,0.0,0.0,0.0,0.0,1.0,1.0,1,85672.0
0,1,22,1,0,0,0,0,0,0,0,0,0,0,0,0,0,0,0,0,0,0,1,1,0.0,0.0,1.0,1.0,1.0,0.0,0.0,20,231,1.0,0.0,0.05,0.17,0.0,0.0,1.0,1.0,0,111128.0
0,0,13,9,8,0,0,0,0,0,0,0,0,0,0,0,0,0,0,0,0,0,1,15,0.0,0.0,0.0,0.0,1.0,0.0,1.0,1,129,1.0,0.0,1.0,0.5,0.0,0.0,0.0,0.0,1,81851.0
0,1,22,9,247,943,0,0,0,0,0,1,0,0,0,0,0,0,0,0,0,0,3,4,0.0,0.0,0.0,0.0,1.0,0.0,0.5,255,255,1.0,0.0,0.0,0.0,0.0,0.0,0.0,0.0,0,84442.0
0,1,22,1,0,0,0,0,0,0,0,0,0,0,0,0,0,0,0,0,0,0,1,1,0.0,0.0,1.0,1.0,1.0,0.0,0.0,17,151,1.0,0.0,0.06,0.03,0.0,0.0,1.0,1.0,0,109911.0
0,1,19,5,0,0,0,0,0,0,0,0,0,0,0,0,0,0,0,0,0,0,36,10,1.0,1.0,0.0,0.0,0.28,0.11,0.0,255,42,0.16,0.05,0.01,0.0,1.0,1.0,0.0,0.0,1,83256.0
1619,2,40,9,146,105,0,0,0,0,0,0,0,0,0,0,0,0,0,0,0,0,2,2,0.0,0.0,0.0,0.0,1.0,0.0,0.0,255,2,0.01,0.62,0.93,0.0,0.0,0.0,0.0,0.0,0,46381.0
0,1,53,1,0,0,0,0,0,0,0,0,0,0,0,0,0,0,0,0,0,0,241,20,0.0,0.0,1.0,1.0,0.08,0.06,0.0,255,20,0.08,0.07,0.0,0.0,0.0,0.0,1.0,1.0,1,123782.0
0,2,11,9,46,157,0,0,0,0,0,0,0,0,0,0,0,0,0,0,0,0,79,159,0.0,0.0,0.0,0.0,0.99,0.03,0.01,255,244,0.96,0.01,0.0,0.0,0.0,0.0,0.0,0.0,0,44309.0
0,1,19,9,334,0,0,0,0,0,0,1,0,0,0,0,0,0,0,0,0,0,2,2,0.0,0.0,0.0,0.0,1.0,0.0,0.0,4,45,1.0,0.0,1.0,0.16,0.0,0.0,0.0,0.0,1,103680.0
0,1,22,9,327,976,0,0,0,0,0,1,0,0,0,0,0,0,0,0,0,0,7,37,0.0,0.0,0.0,0.0,1.0,0.0,0.08,17,255,1.0,0.0,0.06,0.03,0.0,0.0,0.0,0.0,0,60116.0
0,0,13,9,8,0,0,0,0,0,0,0,0,0,0,0,0,0,0,0,0,0,1,18,0.0,0.0,0.0,0.0,1.0,0.0,1.0,1,33,1.0,0.0,1.0,0.52,0.0,0.0,0.0,0.0,1,116874.0
0,1,44,5,0,0,0,0,0,0,0,0,0,0,0,0,0,0,0,0,0,0,117,15,1.0,1.0,0.0,0.0,0.13,0.06,0.0,19,15,0.79,0.16,0.05,0.0,1.0,1.0,0.0,0.0,1,119314.0
0,1,22,9,208,3322,0,0,0,0,0,1,0,0,0,0,0,0,0,0,0,0,27,46,0.0,0.0,0.0,0.0,1.0,0.0,0.04,82,255,1.0,0.0,0.01,0.04,0.0,0.0,0.0,0.0,0,84537.0
0,1,49,9,1247,331,0,0,0,0,0,1,0,0,0,0,0,0,0,0,0,0,1,1,0.0,0.0,0.0,0.0,1.0,0.0,0.0,77,67,0.87,0.05,0.01,0.0,0.0,0.0,0.0,0.0,0,43250.0
0,1,44,1,0,0,0,0,0,0,0,0,0,0,0,0,0,0,0,0,0,0,94,4,0.0,0.0,1.0,1.0,0.04,0.09,0.0,255,4,0.02,0.07,0.0,0.0,0.0,0.0,1.0,1.0,1,70647.0
0,1,22,9,295,682,0,0,0,0,0,1,0,0,0,0,0,0,0,0,0,0,35,36,0.0,0.0,0.0,0.0,1.0,0.0,0.06,255,255,1.0,0.0,0.0,0.0,0.0,0.0,0.0,0.0,0,49223.0
0,1,22,9,230,4976,0,0,0,0,0,1,0,0,0,0,0,0,0,0,0,0,1,1,0.0,0.0,0.0,0.0,1.0,0.0,0.0,255,255,1.0,0.0,0.0,0.0,0.0,0.0,0.0,0.0,0,76173.0
0,1,22,9,325,856,0,0,0,0,0,1,0,0,0,0,0,0,0,0,0,0,5,5,0.0,0.0,0.0,0.0,1.0,0.0,0.0,104,255,1.0,0.0,0.01,0.03,0.0,0.0,0.0,0.0,0,22732.0
0,1,49,9,890,363,0,0,0,0,0,1,0,0,0,0,0,0,0,0,0,0,1,1,0.0,0.0,0.0,0.0,1.0,0.0,0.0,119,68,0.57,0.05,0.01,0.0,0.0,0.0,0.0,0.0,0,97309.0
0,1,22,9,304,3222,0,0,0,0,0,1,0,0,0,0,0,0,0,0,0,0,3,35,0.0,0.0,0.0,0.0,1.0,0.0,0.06,255,247,0.97,0.01,0.0,0.0,0.0,0.0,0.0,0.0,0,34804.0
0,0,13,9,8,0,0,0,0,0,0,0,0,0,0,0,0,0,0,0,0,0,1,2,0.0,0.0,0.0,0.0,1.0,0.0,1.0,2,20,1.0,0.0,1.0,0.5,0.0,0.0,0.0,0.0,1,117578.0
0,1,41,1,0,0,0,0,0,0,0,0,0,0,0,0,0,0,0,0,0,0,275,16,0.0,0.0,1.0,1.0,0.06,0.06,0.0,255,16,0.06,0.08,0.0,0.0,0.0,0.0,1.0,1.0,1,98048.0
0,1,22,9,217,331,0,0,0,0,0,1,0,0,0,0,0,0,0,0,0,0,2,2,0.0,0.0,0.0,0.0,1.0,0.0,0.0,160,255,1.0,0.0,0.01,0.02,0.0,0.0,0.0,0.0,0,54653.0
0,1,3,5,0,0,0,0,0,0,0,0,0,0,0,0,0,0,0,0,0,0,228,3,1.0,1.0,0.0,0.0,0.01,0.07,0.0,255,3,0.01,0.07,0.0,0.0,1.0,1.0,0.0,0.0,1,58795.0
0,2,11,9,44,134,0,0,0,0,0,0,0,0,0,0,0,0,0,0,0,0,145,211,0.0,0.0,0.0,0.0,0.99,0.01,0.01,255,226,0.89,0.02,0.0,0.0,0.0,0.0,0.0,0.0,0,90446.0
0,1,44,5,0,0,0,0,0,0,0,0,0,0,0,0,0,0,0,0,0,0,13,3,1.0,1.0,0.0,0.0,0.23,0.38,0.0,255,3,0.01,0.09,0.0,0.0,1.0,1.0,0.0,0.0,1,12740.0
0,1,22,9,206,312,0,0,0,0,0,1,0,0,0,0,0,0,0,0,0,0,41,41,0.0,0.0,0.0,0.0,1.0,0.0,0.0,255,255,1.0,0.0,0.0,0.0,0.0,0.0,0.04,0.04,0,33692.0
0,1,9,5,0,0,0,0,0,0,0,0,0,0,0,0,0,0,0,0,0,0,16,6,1.0,1.0,0.0,0.0,0.38,0.38,0.0,255,14,0.05,0.09,0.0,0.0,1.0,1.0,0.0,0.0,1,26596.0
0,1,22,9,295,867,0,0,0,0,0,1,0,0,0,0,0,0,0,0,0,0,24,24,0.0,0.0,0.0,0.0,1.0,0.0,0.0,36,255,1.0,0.0,0.03,0.04,0.0,0.0,0.0,0.0,0,66506.0
0,1,22,9,247,997,0,0,0,0,0,1,0,0,0,0,0,0,0,0,0,0,4,4,0.0,0.0,0.0,0.0,1.0,0.0,0.0,255,255,1.0,0.0,0.0,0.0,0.0,0.0,0.0,0.0,0,105182.0
0,1,22,1,0,0,0,0,0,0,0,0,0,0,0,0,0,0,0,0,0,0,1,1,0.0,0.0,1.0,1.0,1.0,0.0,0.0,43,201,1.0,0.0,0.02,0.12,0.0,0.0,1.0,0.89,0,16961.0
0,2,11,9,44,130,0,0,0,0,0,0,0,0,0,0,0,0,0,0,0,0,72,152,0.0,0.0,0.0,0.0,0.99,0.03,0.01,255,241,0.95,0.01,0.0,0.0,0.0,0.0,0.0,0.0,0,85615.0
0,1,21,5,0,0,0,0,0,0,0,0,0,0,0,0,0,0,0,0,0,0,298,18,1.0,1.0,0.0,0.0,0.06,0.06,0.0,255,3,0.01,0.08,0.0,0.0,1.0,1.0,0.0,0.0,1,53979.0
0,1,22,9,294,2872,0,0,0,0,0,1,0,0,0,0,0,0,0,0,0,0,13,13,0.0,0.0,0.0,0.0,1.0,0.0,0.0,255,255,1.0,0.0,0.0,0.0,0.0,0.0,0.0,0.0,0,58230.0
1,1,49,9,2061,335,0,0,0,0,0,1,0,0,0,0,0,0,0,0,0,0,1,2,0.0,0.0,0.0,0.0,1.0,0.0,1.0,148,146,0.71,0.02,0.01,0.01,0.0,0.0,0.0,0.0,0,16544.0
0,2,11,9,43,131,0,0,0,0,0,0,0,0,0,0,0,0,0,0,0,0,321,320,0.0,0.0,0.0,0.0,1.0,0.01,0.0,255,232,0.91,0.01,0.0,0.0,0.0,0.0,0.0,0.0,0,92363.0
0,0,13,9,30,0,0,0,0,0,0,0,0,0,0,0,0,0,0,0,0,0,1,1,0.0,0.0,0.0,0.0,1.0,0.0,0.0,16,122,1.0,0.0,1.0,0.44,0.0,0.0,0.0,0.0,0,77573.0
0,1,44,1,0,0,0,0,0,0,0,0,0,0,0,0,0,0,0,0,0,0,109,1,0.0,0.0,1.0,1.0,0.01,0.08,0.0,255,1,0.0,0.08,0.0,0.0,0.0,0.0,1.0,1.0,1,8763.0
0,1,44,5,0,0,0,0,0,0,0,0,0,0,0,0,0,0,0,0,0,0,208,12,1.0,1.0,0.0,0.0,0.06,0.06,0.0,255,13,0.05,0.07,0.0,0.0,1.0,1.0,0.0,0.0,1,26808.0
0,0,14,9,520,0,0,0,0,0,0,0,0,0,0,0,0,0,0,0,0,0,449,449,0.0,0.0,0.0,0.0,1.0,0.0,0.0,234,234,1.0,0.0,1.0,0.0,0.0,0.0,0.0,0.0,1,67711.0
0,1,49,9,668,327,0,0,0,0,0,1,0,0,0,0,0,0,0,0,0,0,1,1,0.0,0.0,0.0,0.0,1.0,0.0,0.0,4,4,1.0,0.0,0.25,0.0,0.0,0.0,0.0,0.0,0,83011.0
0,1,49,9,930,334,0,0,0,0,0,1,0,0,0,0,0,0,0,0,0,0,1,1,0.0,0.0,0.0,0.0,1.0,0.0,0.0,214,156,0.69,0.02,0.0,0.01,0.0,0.01,0.0,0.0,0,16936.0
0,1,27,5,0,0,0,0,0,0,0,0,0,0,0,0,0,0,0,0,0,0,127,20,1.0,1.0,0.0,0.0,0.16,0.06,0.0,255,20,0.08,0.07,0.0,0.0,1.0,1.0,0.0,0.0,1,13435.0
0,1,22,9,296,1600,0,0,0,0,0,1,0,0,0,0,0,0,0,0,0,0,9,9,0.0,0.0,0.0,0.0,1.0,0.0,0.0,85,255,1.0,0.0,0.01,0.04,0.0,0.0,0.0,0.0,0,55908.0
0,1,22,9,224,1074,0,0,0,0,0,1,0,0,0,0,0,0,0,0,0,0,8,8,0.0,0.0,0.0,0.0,1.0,0.0,0.0,35,255,1.0,0.0,0.03,0.05,0.0,0.0,0.0,0.0,0,29926.0
0,1,22,1,0,0,0,0,0,0,0,0,0,0,0,0,0,0,0,0,0,0,1,2,0.0,0.0,1.0,1.0,1.0,0.0,1.0,13,255,1.0,0.0,0.08,0.1,0.0,0.0,1.0,1.0,0,48328.0
0,2,11,9,44,137,0,0,0,0,0,0,0,0,0,0,0,0,0,0,0,0,80,160,0.0,0.0,0.0,0.0,0.99,0.03,0.01,255,245,0.96,0.01,0.0,0.0,0.0,0.0,0.0,0.0,0,101940.0
0,1,49,9,4657,334,0,0,0,0,0,1,0,0,0,0,0,0,0,0,0,0,1,3,0.0,0.0,0.0,0.0,1.0,0.0,1.0,147,94,0.64,0.02,0.01,0.0,0.0,0.0,0.0,0.0,0,12155.0
0,1,22,9,332,11953,0,0,0,0,0,1,0,0,0,0,0,0,0,0,0,0,4,4,0.0,0.0,0.0,0.0,1.0,0.0,0.0,44,255,1.0,0.0,0.02,0.04,0.0,0.0,0.02,0.0,0,42353.0
0,1,34,5,0,0,0,0,0,0,0,0,0,0,0,0,0,0,0,0,0,0,251,21,1.0,1.0,0.0,0.0,0.08,0.06,0.0,255,21,0.08,0.07,0.0,0.0,1.0,1.0,0.0,0.0,1,86807.0
0,1,22,9,270,355,0,0,0,0,0,1,0,0,0,0,0,0,0,0,0,0,4,5,0.0,0.0,0.0,0.0,1.0,0.0,0.4,74,250,1.0,0.0,0.01,0.1,0.0,0.0,0.18,0.34,0,33384.0
0,1,29,5,0,0,0,0,0,0,0,0,0,0,0,0,0,0,0,0,0,0,227,23,1.0,1.0,0.0,0.0,0.1,0.05,0.0,255,23,0.09,0.05,0.0,0.0,1.0,1.0,0.0,0.0,1,101495.0
0,1,22,9,208,81172,0,0,0,0,0,1,0,0,0,0,0,0,0,0,0,0,4,4,0.0,0.0,0.0,0.0,1.0,0.0,0.0,4,255,1.0,0.0,0.25,0.05,0.0,0.0,0.0,0.0,0,64579.0
0,1,44,5,0,0,0,0,0,0,0,0,0,0,0,0,0,0,0,0,0,0,71,2,1.0,1.0,0.0,0.0,0.03,0.07,0.0,255,19,0.07,0.07,0.0,0.0,1.0,1.0,0.0,0.0,1,9461.0
0,1,19,9,1470,0,0,0,0,0,0,1,0,0,0,0,0,0,0,0,0,0,9,9,0.0,0.0,0.0,0.0,1.0,0.0,0.0,73,113,0.29,0.05,0.29,0.02,0.0,0.01,0.0,0.0,0,125753.0
0,2,44,9,1,0,0,0,0,0,0,0,0,0,0,0,0,0,0,0,0,0,53,7,0.0,0.0,0.0,0.0,0.13,0.08,0.0,255,7,0.03,0.23,1.0,0.0,0.0,0.0,0.0,0.0,1,21983.0
0,1,49,9,705,329,0,0,0,0,0,1,0,0,0,0,0,0,0,0,0,0,1,1,0.0,0.0,0.0,0.0,1.0,0.0,0.0,14,118,0.79,0.14,0.07,0.02,0.0,0.0,0.0,0.0,0,118938.0
0,1,44,1,0,0,0,0,0,0,0,0,0,0,0,0,0,0,0,0,0,0,189,7,0.0,0.0,1.0,1.0,0.04,0.07,0.0,255,7,0.03,0.07,0.0,0.0,0.0,0.0,1.0,1.0,1,21534.0
0,1,62,5,0,0,0,0,0,0,0,0,0,0,0,0,0,0,0,0,0,0,181,11,1.0,1.0,0.0,0.0,0.06,0.06,0.0,255,13,0.05,0.06,0.0,0.0,1.0,1.0,0.0,0.0,1,77132.0
8,1,49,9,743,328,0,0,0,0,0,1,0,0,0,0,0,0,0,0,0,0,1,1,0.0,0.0,0.0,0.0,1.0,0.0,0.0,118,138,0.83,0.04,0.01,0.01,0.0,0.0,0.0,0.0,0,31558.0
0,1,44,5,0,0,0,0,0,0,0,0,0,0,0,0,0,0,0,0,0,0,272,11,1.0,1.0,0.0,0.0,0.04,0.06,0.0,255,8,0.03,0.08,0.0,0.0,1.0,1.0,0.0,0.0,1,124288.0
0,1,44,5,0,0,0,0,0,0,0,0,0,0,0,0,0,0,0,0,0,0,107,10,1.0,1.0,0.0,0.0,0.09,0.06,0.0,255,14,0.05,0.07,0.0,0.0,1.0,1.0,0.0,0.0,1,20277.0
0,1,19,9,12324,0,0,0,0,0,0,1,0,0,0,0,0,0,1,0,0,0,2,2,0.0,0.0,0.0,0.0,1.0,0.0,0.0,156,68,0.26,0.46,0.26,0.03,0.0,0.0,0.42,0.01,0,31687.0
7,1,22,4,46720,8314,0,0,0,3,0,1,1,0,0,0,0,0,0,0,0,0,4,4,0.0,0.0,0.5,0.5,1.0,0.0,0.0,27,27,1.0,0.0,0.04,0.0,0.0,0.0,0.37,0.37,1,98260.0
0,1,57,5,0,0,0,0,0,0,0,0,0,0,0,0,0,0,0,0,0,0,228,6,1.0,1.0,0.0,0.0,0.03,0.07,0.0,255,6,0.02,0.07,0.0,0.0,1.0,1.0,0.0,0.0,1,54096.0
60,1,55,8,125,179,0,0,0,1,1,0,0,0,0,0,0,0,0,0,0,0,1,1,1.0,1.0,0.0,0.0,1.0,0.0,0.0,1,1,1.0,0.0,1.0,0.0,1.0,1.0,0.0,0.0,1,35434.0
22270,2,40,9,146,105,0,0,0,0,0,0,0,0,0,0,0,0,0,0,0,0,5,1,0.0,0.0,0.0,0.0,0.2,0.6,0.0,255,1,0.0,0.84,1.0,0.0,0.0,0.0,0.0,0.0,0,121326.0
0,1,44,1,0,0,0,0,0,0,0,0,0,0,0,0,0,0,0,0,0,0,2,1,0.0,0.0,1.0,1.0,0.5,1.0,0.0,255,1,0.0,0.93,0.92,0.0,0.0,0.0,0.92,1.0,1,110813.0
0,1,19,9,383,0,0,0,0,0,0,1,0,0,0,0,0,0,0,0,0,0,2,2,0.0,0.0,0.0,0.0,1.0,0.0,0.0,225,64,0.27,0.01,0.27,0.03,0.01,0.03,0.0,0.0,0,97870.0
0,1,22,9,349,1112,0,0,0,0,0,1,0,0,0,0,0,0,0,0,0,0,12,12,0.0,0.0,0.0,0.0,1.0,0.0,0.0,41,255,1.0,0.0,0.02,0.02,0.0,0.0,0.0,0.0,0,95106.0
2,1,18,2,0,133,0,0,0,0,0,0,0,0,0,0,0,0,0,0,0,0,1,1,0.0,0.0,1.0,1.0,1.0,0.0,0.0,2,2,0.5,1.0,0.5,1.0,0.0,0.0,1.0,1.0,1,104844.0
0,1,44,4,0,0,0,0,0,0,0,0,0,0,0,0,0,0,0,0,0,0,1,1,0.0,0.0,1.0,1.0,1.0,0.0,0.0,255,1,0.0,0.4,0.38,0.0,0.0,0.0,0.38,1.0,1,4768.0
0,1,42,9,52,1061,0,0,0,0,0,1,0,0,0,0,0,0,0,0,0,0,1,1,0.0,0.0,0.0,0.0,1.0,0.0,0.0,44,2,0.05,0.09,0.02,0.0,0.0,0.0,0.0,0.0,0,103045.0
0,1,22,9,219,1212,0,0,0,0,0,1,0,0,0,0,0,0,0,0,0,0,15,15,0.0,0.0,0.0,0.0,1.0,0.0,0.0,242,255,1.0,0.0,0.0,0.01,0.0,0.0,0.0,0.0,0,106.0
0,1,19,9,7422,0,0,0,0,0,0,1,0,0,0,0,0,0,0,0,0,0,11,11,0.0,0.0,0.0,0.0,1.0,0.0,0.0,201,62,0.2,0.03,0.2,0.03,0.0,0.0,0.0,0.0,0,54938.0
0,1,55,5,0,0,0,0,0,0,0,0,0,0,0,0,0,0,0,0,0,0,19,19,1.0,1.0,0.0,0.0,1.0,0.0,0.0,59,20,0.32,0.05,0.02,0.1,1.0,0.95,0.0,0.0,1,39751.0
0,1,19,9,567,0,0,0,0,0,0,1,0,0,0,6,0,0,0,0,0,0,1,1,0.0,0.0,0.0,0.0,1.0,0.0,0.0,16,86,0.19,0.12,0.19,0.02,0.0,0.0,0.0,0.0,0,108432.0
0,1,22,9,234,260,0,0,0,0,0,1,0,0,0,0,0,0,0,0,0,0,7,9,0.0,0.0,0.0,0.22,1.0,0.0,0.33,255,255,1.0,0.0,0.0,0.0,0.0,0.0,0.0,0.0,0,52988.0
0,1,30,5,0,0,0,0,0,0,0,0,0,0,0,0,0,0,0,0,0,0,149,19,1.0,1.0,0.0,0.0,0.13,0.05,0.0,255,19,0.07,0.06,0.0,0.0,1.0,1.0,0.0,0.0,1,76042.0
0,2,11,9,33,0,0,0,0,0,0,0,0,0,0,0,0,0,0,0,0,0,1,2,0.0,0.0,0.0,0.0,1.0,0.0,1.0,203,25,0.12,0.03,0.12,0.0,0.0,0.0,0.0,0.0,0,107066.0
0,1,44,5,0,0,0,0,0,0,0,0,0,0,0,0,0,0,0,0,0,0,215,15,1.0,1.0,0.0,0.0,0.07,0.06,0.0,255,15,0.06,0.06,0.0,0.0,1.0,1.0,0.0,0.0,1,43964.0
0,1,40,1,0,0,0,0,0,0,0,0,0,0,0,0,0,0,0,0,0,0,418,1,0.06,0.0,0.9,1.0,0.0,1.0,0.0,255,1,0.0,1.0,0.0,0.0,0.08,0.0,0.91,1.0,1,22770.0
0,1,49,9,735,333,0,0,0,0,0,1,0,0,0,0,0,0,0,0,0,0,1,1,0.0,0.0,0.0,0.0,1.0,0.0,0.0,255,113,0.44,0.03,0.0,0.0,0.0,0.0,0.0,0.0,0,91656.0
0,1,22,9,54540,8314,0,0,0,2,0,1,1,0,0,0,0,0,0,0,0,0,5,5,0.0,0.0,0.2,0.2,1.0,0.0,0.0,20,20,1.0,0.0,0.05,0.0,0.0,0.0,0.1,0.1,1,92437.0
0,1,44,5,0,0,0,0,0,0,0,0,0,0,0,0,0,0,0,0,0,0,81,2,1.0,1.0,0.0,0.0,0.02,0.06,0.0,255,2,0.01,0.05,0.0,0.0,1.0,1.0,0.0,0.0,1,43023.0
0,1,21,1,0,0,0,0,0,0,0,0,0,0,0,0,0,0,0,0,0,0,250,3,0.0,0.0,1.0,1.0,0.01,0.07,0.0,255,3,0.01,0.09,0.0,0.0,0.0,0.0,1.0,1.0,1,96052.0
0,1,22,9,247,504,0,0,0,0,0,1,0,0,0,0,0,0,0,0,0,0,30,30,0.0,0.0,0.0,0.0,1.0,0.0,0.0,203,255,1.0,0.0,0.0,0.02,0.0,0.0,0.0,0.0,0,13956.0
0,1,49,9,703,373,0,0,0,0,0,1,0,0,0,0,0,0,0,0,0,0,1,1,0.0,0.0,0.0,0.0,1.0,0.0,0.0,201,186,0.69,0.02,0.0,0.01,0.0,0.0,0.0,0.0,0,60124.0
0,1,22,1,0,0,0,0,0,0,0,0,0,0,0,0,0,0,0,0,0,0,1,1,0.0,0.0,1.0,1.0,1.0,0.0,0.0,15,81,1.0,0.0,0.07,0.06,0.0,0.0,1.0,1.0,0,80582.0
0,2,40,9,113,0,0,0,0,0,0,0,0,0,0,0,0,0,0,0,0,0,12,11,0.0,0.0,0.0,0.0,0.92,0.17,0.0,255,11,0.04,0.58,0.04,0.0,0.0,0.0,0.0,0.0,0,54124.0
0,1,51,5,0,0,0,0,0,0,0,0,0,0,0,0,0,0,0,0,0,0,230,9,1.0,1.0,0.0,0.0,0.04,0.07,0.0,255,9,0.04,0.07,0.0,0.0,1.0,1.0,0.0,0.0,1,52046.0
0,1,44,5,0,0,0,0,0,0,0,0,0,0,0,0,0,0,0,0,0,0,43,14,1.0,1.0,0.0,0.0,0.33,0.09,0.0,255,15,0.06,0.08,0.0,0.0,1.0,1.0,0.0,0.0,1,13177.0
0,2,11,9,45,45,0,0,0,0,0,0,0,0,0,0,0,0,0,0,0,0,112,178,0.0,0.0,0.0,0.0,1.0,0.0,0.01,255,255,1.0,0.0,0.01,0.0,0.0,0.0,0.0,0.0,0,123419.0
0,1,44,1,0,0,0,0,0,0,0,0,0,0,0,0,0,0,0,0,0,0,102,3,0.0,0.0,1.0,1.0,0.03,0.07,0.0,255,1,0.0,0.07,0.0,0.0,0.0,0.0,1.0,1.0,1,472.0
0,1,22,9,215,1330,0,0,0,0,0,1,0,0,0,0,0,0,0,0,0,0,31,31,0.0,0.0,0.0,0.0,1.0,0.0,0.0,255,255,1.0,0.0,0.0,0.0,0.0,0.0,0.0,0.0,0,45318.0
0,1,22,9,203,310,0,0,0,0,0,1,0,0,0,0,0,0,0,0,0,0,5,5,0.0,0.0,0.0,0.0,1.0,0.0,0.0,232,255,1.0,0.0,0.0,0.02,0.0,0.0,0.0,0.0,0,73508.0
0,2,11,9,43,43,0,0,0,0,0,0,0,0,0,0,0,0,0,0,0,0,161,161,0.0,0.0,0.0,0.0,1.0,0.0,0.0,255,255,1.0,0.0,0.0,0.0,0.0,0.0,0.0,0.0,0,14359.0
0,0,58,9,181,0,0,0,0,0,0,0,0,0,0,0,0,0,0,0,0,0,2,1,0.0,0.0,0.0,0.0,0.5,1.0,0.0,255,31,0.12,0.01,0.14,0.0,0.0,0.0,0.0,0.0,0,109411.0
0,1,19,9,245,0,0,0,0,0,0,1,0,0,0,1,0,0,0,0,0,0,2,2,0.0,0.0,0.0,0.0,1.0,0.0,0.0,46,2,0.04,0.09,0.04,0.0,0.0,0.0,0.0,0.0,0,46578.0
0,2,11,9,44,130,0,0,0,0,0,0,0,0,0,0,0,0,0,0,0,0,19,100,0.0,0.0,0.0,0.0,1.0,0.0,0.02,255,212,0.83,0.01,0.0,0.0,0.0,0.0,0.0,0.0,0,123920.0
0,1,44,5,0,0,0,0,0,0,0,0,0,0,0,0,0,0,0,0,0,0,34,16,1.0,1.0,0.0,0.0,0.47,0.09,0.0,255,16,0.06,0.08,0.0,0.0,1.0,1.0,0.0,0.0,1,78642.0
1,1,44,3,0,0,0,0,0,0,0,0,0,0,0,0,0,0,0,0,0,0,118,3,0.74,0.67,0.26,0.33,0.03,0.36,0.0,255,3,0.01,0.17,0.46,0.0,0.34,0.67,0.12,0.33,1,66865.0
0,1,49,9,2768,406,0,0,0,0,0,1,0,0,0,0,0,0,0,0,0,0,1,4,0.0,0.0,0.0,0.0,1.0,0.0,1.0,108,61,0.56,0.06,0.01,0.0,0.02,0.0,0.05,0.02,0,103968.0
0,1,22,9,215,2650,0,0,0,0,0,1,0,0,0,0,0,0,0,0,0,0,15,16,0.0,0.0,0.0,0.0,1.0,0.0,0.12,66,98,1.0,0.0,0.02,0.02,0.0,0.0,0.0,0.0,0,118723.0
0,1,33,5,0,0,0,0,0,0,0,0,0,0,0,0,0,0,0,0,0,0,81,6,1.0,1.0,0.0,0.0,0.07,0.07,0.0,255,2,0.01,0.08,0.0,0.0,1.0,1.0,0.0,0.0,1,21495.0
0,1,22,9,295,426,0,0,0,0,0,1,0,0,0,0,0,0,0,0,0,0,1,2,0.0,0.0,0.0,0.0,1.0,0.0,1.0,66,255,1.0,0.0,0.02,0.03,0.0,0.0,0.0,0.0,0,30659.0
0,1,22,9,303,392,0,0,0,0,0,1,0,0,0,0,0,0,0,0,0,0,10,12,0.0,0.0,0.0,0.0,1.0,0.0,0.17,103,255,1.0,0.0,0.01,0.04,0.0,0.0,0.0,0.01,0,111441.0
0,1,40,9,6601,0,0,0,0,0,0,1,0,0,0,0,0,0,0,0,0,0,21,1,0.05,0.0,0.0,0.0,0.05,0.38,0.0,173,1,0.01,0.06,0.32,0.0,0.01,0.0,0.0,0.0,0,802.0
0,1,22,9,230,9542,0,0,0,0,0,1,0,0,0,0,0,0,0,0,0,0,1,1,0.0,0.0,0.0,0.0,1.0,0.0,0.0,136,255,1.0,0.0,0.01,0.02,0.01,0.0,0.0,0.0,0,18204.0
0,1,55,5,0,0,0,0,0,0,0,0,0,0,0,0,0,0,0,0,0,0,131,19,1.0,1.0,0.0,0.0,0.15,0.06,0.0,255,2,0.01,0.07,0.0,0.0,1.0,1.0,0.0,0.0,1,25337.0
0,1,22,9,285,347,0,0,0,0,0,1,0,0,0,0,0,0,0,0,0,0,27,27,0.0,0.0,0.0,0.0,1.0,0.0,0.0,238,255,1.0,0.0,0.0,0.02,0.0,0.0,0.0,0.0,0,16483.0
0,1,49,9,12338,918,0,0,0,0,0,1,0,0,0,0,0,0,0,0,0,0,1,1,0.0,0.0,0.0,0.0,1.0,0.0,0.0,255,7,0.03,0.01,0.0,0.0,0.0,0.0,0.0,0.0,0,19479.0
0,1,60,5,0,0,0,0,0,0,0,0,0,0,0,0,0,0,0,0,0,0,202,19,1.0,1.0,0.0,0.0,0.09,0.06,0.0,255,20,0.08,0.07,0.0,0.0,1.0,1.0,0.0,0.0,1,90463.0
0,1,22,9,289,7384,0,0,0,0,0,1,0,0,0,0,0,0,0,0,0,0,33,71,0.0,0.0,0.0,0.0,1.0,0.0,0.08,255,255,1.0,0.0,0.0,0.0,0.0,0.0,0.0,0.0,0,71312.0
0,1,22,9,233,1380,0,0,0,0,0,1,0,0,0,0,0,0,0,0,0,0,1,1,0.0,0.0,0.0,0.0,1.0,0.0,0.0,255,240,0.94,0.02,0.0,0.0,0.0,0.0,0.03,0.03,0,82448.0
0,1,22,9,226,527,0,0,0,0,0,1,0,0,0,0,0,0,0,0,0,0,27,30,0.0,0.0,0.0,0.0,1.0,0.0,0.1,27,255,1.0,0.0,0.04,0.03,0.0,0.0,0.0,0.0,0,65249.0
0,1,44,5,0,0,0,0,0,0,0,0,0,0,0,0,0,0,0,0,0,0,109,13,1.0,1.0,0.0,0.0,0.12,0.06,0.0,255,17,0.07,0.05,0.0,0.0,1.0,1.0,0.0,0.0,1,93636.0
0,1,22,9,346,11327,0,0,0,0,0,1,0,0,0,0,0,0,0,0,0,0,15,15,0.0,0.0,0.0,0.0,1.0,0.0,0.0,145,255,1.0,0.0,0.01,0.01,0.0,0.0,0.0,0.0,0,4819.0
0,1,44,5,0,0,0,0,0,0,0,0,0,0,0,0,0,0,0,0,0,0,223,12,1.0,1.0,0.0,0.0,0.05,0.06,0.0,255,1,0.0,0.07,0.0,0.0,1.0,1.0,0.0,0.0,1,99688.0
0,1,44,5,0,0,0,0,0,0,0,0,0,0,0,0,0,0,0,0,0,0,130,20,1.0,1.0,0.0,0.0,0.15,0.06,0.0,255,15,0.06,0.07,0.0,0.0,1.0,1.0,0.0,0.0,1,6929.0
0,0,58,9,78,0,0,0,0,0,0,0,0,0,0,0,0,0,0,0,0,0,32,2,0.0,0.0,0.0,0.0,0.06,0.06,0.0,255,20,0.08,0.01,0.08,0.0,0.0,0.0,0.0,0.0,0,46226.0
0,0,13,9,8,0,0,0,0,0,0,0,0,0,0,0,0,0,0,0,0,0,1,28,0.0,0.0,0.0,0.0,1.0,0.0,1.0,2,129,1.0,0.0,1.0,0.5,0.0,0.0,0.0,0.0,1,40919.0
0,1,22,9,54540,8314,0,0,0,2,0,1,1,0,0,0,0,0,0,0,0,0,4,4,0.0,0.0,0.0,0.0,1.0,0.0,0.0,63,63,1.0,0.0,0.02,0.0,0.0,0.0,0.19,0.19,1,2263.0
0,1,19,9,190,0,0,0,0,0,0,1,0,0,0,1,0,0,0,0,0,0,2,2,0.0,0.0,0.0,0.0,1.0,0.0,0.0,172,36,0.03,0.02,0.03,0.06,0.0,0.0,0.0,0.0,0,87301.0
0,1,12,5,0,0,0,0,0,0,0,0,0,0,0,0,0,0,0,0,0,0,194,3,1.0,1.0,0.0,0.0,0.02,0.07,0.0,255,3,0.01,0.07,0.0,0.0,1.0,1.0,0.0,0.0,1,99740.0
2,1,19,8,2194620,0,0,0,0,0,0,1,0,0,0,0,0,0,0,0,0,0,2,2,0.5,0.5,0.0,0.0,1.0,0.0,0.0,106,33,0.25,0.07,0.25,0.06,0.01,0.03,0.0,0.0,0,16976.0
0,1,19,5,0,0,0,0,0,0,0,0,0,0,0,0,0,0,0,0,0,0,34,5,1.0,1.0,0.0,0.0,0.15,0.12,0.0,255,61,0.24,0.02,0.02,0.0,1.0,1.0,0.0,0.0,1,37602.0
5,1,49,9,1022,327,0,0,0,0,0,1,0,0,0,0,0,0,0,0,0,0,1,1,0.0,0.0,0.0,0.0,1.0,0.0,0.0,181,215,0.83,0.02,0.01,0.01,0.0,0.0,0.02,0.02,0,117744.0
0,1,22,9,235,1384,0,0,0,0,0,1,0,0,0,0,0,0,0,0,0,0,5,10,0.0,0.0,0.0,0.0,1.0,0.0,0.4,28,255,1.0,0.0,0.04,0.03,0.0,0.0,0.0,0.0,0,7604.0
38044,1,2,4,1,0,0,0,0,0,0,0,0,0,0,0,0,0,0,0,0,0,2,2,0.0,0.0,1.0,1.0,1.0,0.0,0.0,255,2,0.01,0.5,1.0,0.0,0.0,0.0,1.0,1.0,1,93055.0
0,1,22,9,198,682,0,0,0,0,0,1,0,0,0,0,0,0,0,0,0,0,8,9,0.0,0.0,0.0,0.0,1.0,0.0,0.22,255,255,1.0,0.0,0.0,0.0,0.0,0.0,0.0,0.0,0,57471.0
0,1,22,9,238,818,0,0,0,0,0,1,0,0,0,0,0,0,0,0,0,0,13,13,0.0,0.0,0.0,0.0,1.0,0.0,0.0,209,255,1.0,0.0,0.0,0.01,0.0,0.0,0.0,0.0,0,84649.0
0,1,44,5,0,0,0,0,0,0,0,0,0,0,0,0,0,0,0,0,0,0,241,12,1.0,1.0,0.0,0.0,0.05,0.06,0.0,255,13,0.05,0.06,0.0,0.0,1.0,1.0,0.0,0.0,1,95557.0
0,1,22,9,329,10253,0,0,0,0,0,1,0,0,0,0,0,0,0,0,0,0,1,1,0.0,0.0,0.0,0.0,1.0,0.0,0.0,27,255,1.0,0.0,0.04,0.05,0.0,0.0,0.0,0.0,0,31984.0
3,1,49,9,2255,336,0,0,0,0,0,1,0,0,0,0,0,0,0,0,0,0,1,1,0.0,0.0,0.0,0.0,1.0,0.0,0.0,33,161,0.58,0.09,0.03,0.01,0.0,0.0,0.0,0.0,0,2753.0
0,1,49,9,1572,688,0,0,0,0,0,1,0,0,0,0,0,0,0,0,0,0,5,2,0.0,0.0,0.0,0.0,0.2,0.4,1.0,33,153,0.12,0.06,0.03,0.01,0.0,0.01,0.0,0.0,0,97634.0
0,1,53,5,0,0,0,0,0,0,0,0,0,0,0,0,0,0,0,0,0,0,199,11,1.0,1.0,0.0,0.0,0.06,0.08,0.0,255,11,0.04,0.07,0.0,0.0,1.0,1.0,0.0,0.0,1,123014.0
0,1,44,5,0,0,0,0,0,0,0,0,0,0,0,0,0,0,0,0,0,0,62,3,1.0,1.0,0.0,0.0,0.05,0.06,0.0,255,3,0.01,0.07,0.0,0.0,1.0,1.0,0.0,0.0,1,115148.0
0,2,11,9,44,44,0,0,0,0,0,0,0,0,0,0,0,0,0,0,0,0,215,215,0.0,0.0,0.0,0.0,1.0,0.0,0.0,255,255,1.0,0.0,0.0,0.0,0.0,0.0,0.0,0.0,0,91804.0
0,1,22,1,0,0,0,0,0,0,0,0,0,0,0,0,0,0,0,0,0,0,1,2,0.0,0.0,1.0,1.0,1.0,0.0,1.0,44,220,1.0,0.0,0.02,0.18,0.0,0.0,1.0,1.0,0,74028.0
0,1,34,4,0,0,0,0,0,0,0,0,0,0,0,0,0,0,0,0,0,0,1,1,0.0,0.0,1.0,1.0,1.0,0.0,0.0,181,1,0.01,0.73,0.73,0.0,0.03,0.0,0.63,1.0,1,42616.0
0,1,17,5,0,0,0,0,0,0,0,0,0,0,0,0,0,0,0,0,0,0,38,19,1.0,1.0,0.0,0.0,0.5,0.05,0.0,198,61,0.3,0.02,0.01,0.03,1.0,0.97,0.0,0.0,1,43842.0
0,1,22,9,316,2055,0,0,0,0,0,1,0,0,0,0,0,0,0,0,0,0,16,16,0.0,0.0,0.0,0.0,1.0,0.0,0.0,57,255,1.0,0.0,0.02,0.04,0.0,0.0,0.0,0.0,0,90990.0
11,1,49,9,1103,336,0,0,0,0,0,1,0,0,0,0,0,0,0,0,0,0,1,1,0.0,0.0,0.0,0.0,1.0,0.0,0.0,189,82,0.39,0.03,0.01,0.02,0.0,0.0,0.01,0.0,0,24053.0
0,1,22,9,283,808,0,0,0,0,0,1,0,0,0,0,0,0,0,0,0,0,14,17,0.0,0.0,0.0,0.0,1.0,0.0,0.12,14,255,1.0,0.0,0.07,0.05,0.0,0.0,0.0,0.0,0,64807.0
0,0,14,9,520,0,0,0,0,0,0,0,0,0,0,0,0,0,0,0,0,0,361,361,0.0,0.0,0.0,0.0,1.0,0.0,0.0,255,255,1.0,0.0,1.0,0.0,0.0,0.0,0.0,0.0,1,19279.0
0,1,44,1,0,0,0,0,0,0,0,0,0,0,0,0,0,0,0,0,0,0,184,1,0.02,0.0,0.95,1.0,0.01,1.0,0.0,255,1,0.0,0.75,0.0,0.0,0.01,0.0,0.7,1.0,1,18717.0
0,1,22,7,283,14664,0,0,0,0,0,1,0,0,0,0,0,0,0,0,0,0,1,1,1.0,1.0,0.0,0.0,1.0,0.0,0.0,255,255,1.0,0.0,0.0,0.0,0.0,0.0,0.0,0.0,0,114063.0
0,1,44,1,0,0,0,0,0,0,0,0,0,0,0,0,0,0,0,0,0,0,237,4,0.0,0.0,1.0,1.0,0.02,0.07,0.0,255,4,0.02,0.07,0.0,0.0,0.0,0.0,1.0,1.0,1,123529.0
0,1,22,9,204,756,0,0,0,0,0,1,0,0,0,0,0,0,0,0,0,0,9,9,0.0,0.0,0.0,0.0,1.0,0.0,0.0,9,255,1.0,0.0,0.11,0.05,0.0,0.0,0.0,0.0,0,112080.0
0,1,15,5,0,0,0,0,0,0,0,0,0,0,0,0,0,0,0,0,0,0,139,13,1.0,1.0,0.0,0.0,0.09,0.06,0.0,255,13,0.05,0.06,0.0,0.0,1.0,1.0,0.0,0.0,1,105737.0
0,2,44,9,1,0,0,0,0,0,0,0,0,0,0,0,0,0,0,0,0,0,10,3,0.0,0.0,0.0,0.0,0.3,0.2,0.0,255,31,0.12,0.56,0.47,0.0,0.16,0.0,0.37,0.0,1,76356.0
0,1,22,9,217,933,0,0,0,0,0,1,0,0,0,0,0,0,0,0,0,0,9,10,0.0,0.0,0.0,0.0,1.0,0.0,0.2,255,255,1.0,0.0,0.0,0.0,0.0,0.0,0.0,0.0,0,44222.0
0,1,44,5,0,0,0,0,0,0,0,0,0,0,0,0,0,0,0,0,0,0,262,10,1.0,1.0,0.0,0.0,0.04,0.06,0.0,255,3,0.01,0.06,0.0,0.0,1.0,1.0,0.0,0.0,1,55424.0
0,1,22,5,0,0,0,0,0,0,0,0,0,0,0,0,0,0,0,0,0,0,242,5,1.0,1.0,0.0,0.0,0.02,0.07,0.0,255,5,0.02,0.08,0.0,0.0,1.0,1.0,0.0,0.0,1,118567.0
0,1,55,5,0,0,0,0,0,0,0,0,0,0,0,0,0,0,0,0,0,0,51,17,1.0,1.0,0.0,0.0,0.33,0.06,0.0,255,70,0.27,0.02,0.01,0.0,1.0,1.0,0.0,0.0,1,57027.0
0,1,22,1,0,0,0,0,0,0,0,0,0,0,0,0,0,0,0,0,0,0,254,11,0.0,0.0,1.0,1.0,0.04,0.07,0.0,255,11,0.04,0.08,0.0,0.0,0.0,0.0,1.0,1.0,1,87532.0
0,1,44,5,0,0,0,0,0,0,0,0,0,0,0,0,0,0,0,0,0,0,271,17,1.0,1.0,0.0,0.0,0.06,0.06,0.0,255,15,0.06,0.07,0.0,0.0,1.0,1.0,0.0,0.0,1,34815.0
0,2,11,9,44,118,0,0,0,0,0,0,0,0,0,0,0,0,0,0,0,0,72,72,0.0,0.0,0.0,0.0,1.0,0.0,0.0,255,255,1.0,0.0,0.0,0.0,0.0,0.0,0.0,0.0,0,78816.0
0,1,22,9,249,746,0,0,0,0,0,1,0,0,0,0,0,0,0,0,0,0,4,4,0.0,0.0,0.0,0.0,1.0,0.0,0.0,255,255,1.0,0.0,0.0,0.0,0.0,0.0,0.0,0.0,0,21414.0
0,2,44,9,28,0,0,3,0,0,0,0,0,0,0,0,0,0,0,0,0,0,26,26,0.0,0.0,0.0,0.0,1.0,0.0,0.0,255,93,0.36,0.01,0.36,0.0,0.0,0.0,0.0,0.0,1,68069.0
0,1,44,5,0,0,0,0,0,0,0,0,0,0,0,0,0,0,0,0,0,0,111,18,1.0,1.0,0.0,0.0,0.16,0.05,0.0,255,11,0.04,0.06,0.0,0.0,1.0,1.0,0.0,0.0,1,19774.0
0,1,22,9,233,1075,0,0,0,0,0,1,0,0,0,0,0,0,0,0,0,0,4,4,0.25,0.25,0.0,0.0,1.0,0.0,0.0,255,248,0.97,0.01,0.0,0.0,0.0,0.0,0.0,0.0,0,63737.0
10865,1,0,4,2019,10023,0,0,0,0,0,1,0,0,0,0,0,0,0,0,0,0,1,1,0.0,0.0,1.0,1.0,1.0,0.0,0.0,39,17,0.44,0.05,0.03,0.0,0.13,0.29,0.26,0.59,0,98248.0
0,1,22,9,282,1767,0,0,0,0,0,1,0,0,0,0,0,0,0,0,0,0,11,11,0.0,0.0,0.0,0.0,1.0,0.0,0.0,75,255,1.0,0.0,0.01,0.01,0.0,0.0,0.0,0.0,0,27833.0
0,0,13,9,8,0,0,0,0,0,0,0,0,0,0,0,0,0,0,0,0,0,1,25,0.0,0.0,0.0,0.0,1.0,0.0,1.0,2,80,1.0,0.0,1.0,0.26,0.0,0.0,0.0,0.0,1,93614.0
0,1,22,9,232,1875,0,0,0,0,0,1,0,0,0,0,0,0,0,0,0,0,2,31,0.0,0.0,0.0,0.0,1.0,0.0,0.06,68,255,1.0,0.0,0.01,0.07,0.0,0.0,0.66,0.86,0,81084.0
0,1,22,9,143,9567,0,0,0,0,0,1,0,0,0,0,0,0,0,0,0,0,1,2,0.0,0.0,0.0,0.0,1.0,0.0,1.0,3,255,1.0,0.0,0.33,0.02,0.0,0.0,0.0,0.0,0,108515.0
0,0,14,9,520,0,0,0,0,0,0,0,0,0,0,0,0,0,0,0,0,0,154,154,0.0,0.0,0.0,0.0,1.0,0.0,0.0,255,255,1.0,0.0,1.0,0.0,0.0,0.0,0.0,0.0,1,40284.0
21,1,18,9,231,769,0,0,0,4,0,1,0,0,0,0,0,0,0,0,0,1,1,1,0.0,0.0,0.0,0.0,1.0,0.0,0.0,106,15,0.13,0.67,0.01,0.13,0.0,0.0,0.61,0.13,0,7479.0
0,2,44,9,207,0,0,0,0,0,0,0,0,0,0,0,0,0,0,0,0,0,2,2,0.0,0.0,0.0,0.0,1.0,0.0,0.0,236,196,0.83,0.01,0.83,0.0,0.0,0.0,0.0,0.0,1,104411.0
0,1,22,9,326,942,0,0,0,0,0,1,0,0,0,0,0,0,0,0,0,0,4,11,0.0,0.0,0.0,0.0,1.0,0.0,0.18,219,255,1.0,0.0,0.0,0.01,0.0,0.0,0.0,0.0,0,2666.0
0,1,44,1,0,0,0,0,0,0,0,0,0,0,0,0,0,0,0,0,0,0,376,1,0.0,0.0,1.0,1.0,0.0,0.52,0.0,255,1,0.0,0.52,1.0,0.0,0.0,0.0,1.0,1.0,1,81465.0
0,1,44,5,0,0,0,0,0,0,0,0,0,0,0,0,0,0,0,0,0,0,128,2,1.0,1.0,0.0,0.0,0.02,0.07,0.0,255,2,0.01,0.06,0.0,0.0,1.0,1.0,0.0,0.0,1,26910.0
0,1,32,5,0,0,0,0,0,0,0,0,0,0,0,0,0,0,0,0,0,0,245,5,1.0,1.0,0.0,0.0,0.02,0.05,0.0,255,5,0.02,0.06,0.0,0.0,1.0,1.0,0.0,0.0,1,64129.0
0,1,22,9,218,2662,0,0,0,0,0,1,0,0,0,0,0,0,0,0,0,0,4,20,0.0,0.0,0.0,0.0,1.0,0.0,0.15,255,255,1.0,0.0,0.0,0.0,0.0,0.0,0.0,0.0,0,101145.0
0,2,11,9,43,43,0,0,0,0,0,0,0,0,0,0,0,0,0,0,0,0,104,104,0.0,0.0,0.0,0.0,1.0,0.0,0.0,255,254,1.0,0.01,0.0,0.0,0.0,0.0,0.0,0.0,0,42931.0
0,1,3,9,10,39,0,0,0,0,0,1,0,0,0,0,0,0,0,0,0,0,2,1,0.0,0.0,0.0,0.0,0.5,1.0,0.0,70,4,0.04,0.06,0.01,0.5,0.0,0.0,0.0,0.0,0,50799.0
0,1,22,9,152,4595,0,0,0,0,0,1,0,0,0,0,0,0,0,0,0,0,1,1,0.0,0.0,0.0,0.0,1.0,0.0,0.0,255,255,1.0,0.0,0.0,0.0,0.0,0.0,0.0,0.0,0,112054.0
0,1,22,9,306,1075,0,0,0,0,0,1,0,0,0,0,0,0,0,0,0,0,7,7,0.0,0.0,0.0,0.0,1.0,0.0,0.0,255,251,0.98,0.01,0.0,0.0,0.0,0.0,0.0,0.0,0,18018.0
0,1,22,9,223,2370,0,0,0,0,0,1,0,0,0,0,0,0,0,0,0,0,5,5,0.0,0.0,0.0,0.0,1.0,0.0,0.0,115,255,1.0,0.0,0.01,0.02,0.0,0.0,0.01,0.0,0,87587.0
0,1,17,9,5,135,0,0,0,0,0,0,0,0,0,0,0,0,0,0,0,0,1,1,0.0,0.0,0.0,0.0,1.0,0.0,0.0,120,6,0.05,0.03,0.01,0.0,0.0,0.0,0.0,0.0,0,123761.0
10871,1,55,9,103,3105,0,0,0,0,0,1,2,0,0,0,0,0,0,0,0,0,1,1,0.0,0.0,0.0,0.0,1.0,0.0,0.0,54,9,0.15,0.06,0.02,0.22,0.0,0.11,0.0,0.0,0,47736.0
0,1,49,9,1351,330,0,0,0,0,0,1,0,0,0,0,0,0,0,0,0,0,1,1,0.0,0.0,0.0,0.0,1.0,0.0,0.0,135,63,0.47,0.04,0.01,0.0,0.0,0.0,0.0,0.0,0,38770.0
0,1,44,5,0,0,0,0,0,0,0,0,0,0,0,0,0,0,0,0,0,0,246,8,1.0,1.0,0.0,0.0,0.03,0.06,0.0,255,13,0.05,0.09,0.0,0.0,1.0,1.0,0.0,0.0,1,68917.0
0,1,40,9,4892,0,0,0,0,0,0,1,0,0,0,0,0,0,0,0,0,0,12,1,0.08,0.0,0.0,0.0,0.08,0.17,0.0,125,1,0.01,0.05,0.14,0.0,0.03,0.0,0.0,0.0,0,121333.0
0,1,19,9,607,0,0,0,0,0,0,0,0,0,0,0,0,0,0,0,0,0,1,1,0.0,0.0,0.0,0.0,1.0,0.0,0.0,154,29,0.19,0.03,0.19,0.0,0.0,0.0,0.05,0.0,0,48301.0
0,1,44,1,0,0,0,0,0,0,0,0,0,0,0,0,0,0,0,0,0,0,107,2,0.0,0.0,1.0,1.0,0.02,0.07,0.0,255,2,0.01,0.08,0.0,0.0,0.0,0.0,1.0,1.0,1,20214.0
0,1,22,9,294,4959,0,0,0,0,0,1,0,0,0,0,0,0,0,0,0,0,5,5,0.0,0.0,0.0,0.0,1.0,0.0,0.0,14,255,1.0,0.0,0.07,0.03,0.0,0.0,0.0,0.0,0,90076.0
0,1,44,1,0,0,0,0,0,0,0,0,0,0,0,0,0,0,0,0,0,0,2,1,0.0,0.0,1.0,1.0,0.5,1.0,0.0,255,1,0.0,0.26,0.24,0.0,0.0,0.0,0.24,1.0,1,92663.0
0,1,22,9,293,1680,0,0,0,0,0,1,0,0,0,0,0,0,0,0,0,0,3,3,0.0,0.0,0.0,0.0,1.0,0.0,0.0,255,255,1.0,0.0,0.01,0.0,0.0,0.0,0.0,0.0,0,95154.0
0,1,19,9,14052,0,0,0,0,0,0,1,0,0,0,0,0,0,0,0,0,0,1,1,0.0,0.0,0.0,0.0,1.0,0.0,0.0,255,50,0.2,0.02,0.09,0.0,0.34,0.44,0.0,0.0,0,11772.0
0,1,44,5,0,0,0,0,0,0,0,0,0,0,0,0,0,0,0,0,0,0,266,12,1.0,1.0,0.0,0.0,0.05,0.06,0.0,255,13,0.05,0.07,0.0,0.0,1.0,1.0,0.0,0.0,1,47875.0
0,2,39,9,48,48,0,0,0,0,0,0,0,0,0,0,0,0,0,0,0,0,1,1,0.0,0.0,0.0,0.0,1.0,0.0,0.0,112,48,0.43,0.02,0.43,0.0,0.0,0.0,0.0,0.0,0,9640.0
0,1,44,5,0,0,0,0,0,0,0,0,0,0,0,0,0,0,0,0,0,0,94,6,1.0,1.0,0.0,0.0,0.06,0.06,0.0,255,16,0.06,0.07,0.0,0.0,1.0,1.0,0.0,0.0,1,91533.0
0,1,53,5,0,0,0,0,0,0,0,0,0,0,0,0,0,0,0,0,0,0,235,18,1.0,1.0,0.0,0.0,0.08,0.06,0.0,255,18,0.07,0.07,0.0,0.0,1.0,1.0,0.0,0.0,1,8609.0
0,0,13,9,8,0,0,0,0,0,0,0,0,0,0,0,0,0,0,0,0,0,1,51,0.0,0.0,0.0,0.0,1.0,0.0,1.0,2,4,1.0,0.0,1.0,0.5,0.0,0.0,0.0,0.0,1,83942.0
4203,2,40,9,146,105,0,0,0,0,0,0,0,0,0,0,0,0,0,0,0,0,1,1,0.0,0.0,0.0,0.0,1.0,0.0,0.0,255,1,0.0,0.54,0.74,0.0,0.0,0.0,0.0,0.0,0,43107.0
0,1,44,5,0,0,0,0,0,0,0,0,0,0,0,0,0,0,0,0,0,0,205,15,1.0,1.0,0.0,0.0,0.07,0.06,0.0,255,13,0.05,0.08,0.0,0.0,1.0,1.0,0.0,0.0,1,78519.0
0,1,49,9,1067,343,0,0,0,0,0,1,0,0,0,0,0,0,0,0,0,0,1,1,0.0,0.0,0.0,0.0,1.0,0.0,0.0,43,156,0.33,0.12,0.02,0.01,0.0,0.0,0.0,0.0,0,113140.0
0,1,22,9,198,128,0,0,0,0,0,1,0,0,0,0,0,0,0,0,0,0,3,3,0.0,0.0,0.0,0.0,1.0,0.0,0.0,3,69,1.0,0.0,0.33,0.06,0.0,0.0,0.0,0.0,0,102937.0
0,1,22,9,230,1380,0,0,0,0,0,1,0,0,0,0,0,0,0,0,0,0,3,3,0.0,0.0,0.0,0.0,1.0,0.0,0.0,255,219,0.86,0.01,0.0,0.0,0.0,0.0,0.0,0.0,0,1635.0
0,1,22,9,216,1233,0,0,0,0,0,1,0,0,0,0,0,0,0,0,0,0,2,2,0.0,0.0,0.0,0.0,1.0,0.0,0.0,17,255,1.0,0.0,0.06,0.05,0.0,0.0,0.0,0.0,0,9938.0
0,1,36,5,0,0,0,0,0,0,0,0,0,0,0,0,0,0,0,0,0,0,234,20,1.0,1.0,0.0,0.0,0.09,0.04,0.0,255,20,0.08,0.05,0.0,0.0,1.0,1.0,0.0,0.0,1,70871.0
0,1,22,9,275,622,0,0,0,0,0,1,0,0,0,0,0,0,0,0,0,0,12,12,0.0,0.0,0.0,0.0,1.0,0.0,0.0,255,255,1.0,0.0,0.0,0.0,0.0,0.0,0.0,0.0,0,122948.0
0,1,22,9,233,1645,0,0,0,0,0,1,0,0,0,0,0,0,0,0,0,0,4,4,0.0,0.0,0.0,0.0,1.0,0.0,0.0,203,255,1.0,0.0,0.0,0.01,0.0,0.0,0.03,0.03,0,36916.0
0,1,22,9,163,18932,0,0,0,0,0,1,0,0,0,0,0,0,0,0,0,0,1,30,0.0,0.0,0.0,0.0,1.0,0.0,0.1,255,255,1.0,0.0,0.0,0.0,0.0,0.0,0.0,0.0,0,95949.0
0,1,33,5,0,0,0,0,0,0,0,0,0,0,0,0,0,0,0,0,0,0,228,1,1.0,1.0,0.0,0.0,0.0,0.07,0.0,255,1,0.0,0.08,0.0,0.0,1.0,1.0,0.0,0.0,1,31858.0
0,1,29,5,0,0,0,0,0,0,0,0,0,0,0,0,0,0,0,0,0,0,286,17,1.0,1.0,0.0,0.0,0.06,0.06,0.0,255,2,0.01,0.07,0.0,0.0,1.0,1.0,0.0,0.0,1,45760.0
0,1,17,5,0,0,0,0,0,0,0,0,0,0,0,0,0,0,0,0,0,0,49,15,1.0,1.0,0.0,0.0,0.31,0.08,0.0,255,58,0.23,0.02,0.01,0.0,1.0,1.0,0.0,0.0,1,49100.0
0,1,24,5,0,0,0,0,0,0,0,0,0,0,0,0,0,0,0,0,0,0,255,11,1.0,1.0,0.0,0.0,0.04,0.06,0.0,255,11,0.04,0.07,0.0,0.0,1.0,1.0,0.0,0.0,1,44205.0
0,2,11,9,45,146,0,0,0,0,0,0,0,0,0,0,0,0,0,0,0,0,74,154,0.0,0.0,0.0,0.0,1.0,0.0,0.01,255,254,1.0,0.01,0.0,0.0,0.0,0.0,0.0,0.0,0,54915.0
0,1,22,9,333,1752,0,0,0,0,0,1,0,0,0,0,0,0,0,0,0,0,7,7,0.0,0.0,0.0,0.0,1.0,0.0,0.0,138,255,1.0,0.0,0.01,0.02,0.0,0.0,0.0,0.0,0,42744.0
6359,2,40,9,146,105,0,0,0,0,0,0,0,0,0,0,0,0,0,0,0,0,1,1,0.0,0.0,0.0,0.0,1.0,0.0,0.0,255,1,0.0,0.85,0.99,0.0,0.0,0.0,0.0,0.0,0,59790.0
0,1,35,5,0,0,0,0,0,0,0,0,0,0,0,0,0,0,0,0,0,0,293,10,1.0,1.0,0.0,0.0,0.03,0.05,0.0,255,4,0.02,0.07,0.0,0.0,1.0,1.0,0.0,0.0,1,8212.0
0,1,22,9,198,3870,0,0,0,0,0,1,0,0,0,0,0,0,0,0,0,0,4,5,0.0,0.0,0.0,0.0,1.0,0.0,0.4,4,255,1.0,0.0,0.25,0.04,0.0,0.0,0.0,0.0,0,33360.0
0,1,57,5,0,0,0,0,0,0,0,0,0,0,0,0,0,0,0,0,0,0,232,13,1.0,1.0,0.0,0.0,0.06,0.07,0.0,255,13,0.05,0.07,0.0,0.0,1.0,1.0,0.0,0.0,1,107522.0
0,1,18,5,0,0,0,0,0,0,0,0,0,0,0,0,0,0,0,0,0,0,146,18,1.0,1.0,0.0,0.0,0.12,0.05,0.0,255,12,0.05,0.07,0.0,0.0,1.0,1.0,0.0,0.0,1,122585.0
0,1,19,5,0,0,0,0,0,0,0,0,0,0,0,0,0,0,0,0,0,0,15,4,1.0,1.0,0.0,0.0,0.27,0.27,0.0,255,44,0.17,0.04,0.01,0.0,1.0,1.0,0.0,0.0,1,66869.0
0,1,55,5,0,0,0,0,0,0,0,0,0,0,0,0,0,0,0,0,0,0,1,1,1.0,1.0,0.0,0.0,1.0,0.0,0.0,252,18,0.07,0.02,0.0,0.0,0.0,0.06,0.04,0.11,0,32239.0
0,2,44,9,1,26,0,0,0,0,0,0,0,0,0,0,0,0,0,0,0,0,20,2,0.0,0.0,0.0,0.0,0.1,0.2,0.0,255,2,0.01,0.88,0.14,0.0,0.16,0.0,0.71,0.0,1,43821.0
0,1,44,5,0,0,0,0,0,0,0,0,0,0,0,0,0,0,0,0,0,0,104,2,1.0,1.0,0.0,0.0,0.02,0.07,0.0,255,17,0.07,0.09,0.0,0.0,1.0,1.0,0.0,0.0,1,15692.0
0,1,9,5,0,0,0,0,0,0,0,0,0,0,0,0,0,0,0,0,0,0,245,6,1.0,1.0,0.0,0.0,0.02,0.06,0.0,255,1,0.0,0.05,0.0,0.0,1.0,1.0,0.0,0.0,1,73232.0
3,1,49,9,1409,376,0,0,0,0,0,1,0,0,0,0,0,0,0,0,0,0,1,1,0.0,0.0,0.0,0.0,1.0,0.0,0.0,228,165,0.64,0.01,0.0,0.01,0.0,0.01,0.0,0.0,0,78611.0
0,2,11,9,45,78,0,0,0,0,0,0,0,0,0,0,0,0,0,0,0,0,230,230,0.0,0.0,0.0,0.0,1.0,0.0,0.0,255,255,1.0,0.0,0.01,0.0,0.0,0.0,0.0,0.0,0,85717.0
0,1,22,1,0,0,0,0,0,0,0,0,0,0,0,0,0,0,0,0,0,0,1,2,0.0,0.0,1.0,1.0,1.0,0.0,1.0,28,255,1.0,0.0,0.04,0.06,0.0,0.0,1.0,0.8,0,89892.0
0,1,22,5,0,0,0,0,0,0,0,0,0,0,0,0,0,0,0,0,0,0,199,1,1.0,1.0,0.0,0.0,0.01,0.07,0.0,255,17,0.07,0.07,0.0,0.0,1.0,1.0,0.0,0.0,1,62651.0
0,1,2,5,0,0,0,0,0,0,0,0,0,0,0,0,0,0,0,0,0,0,276,18,1.0,1.0,0.0,0.0,0.07,0.06,0.0,255,18,0.07,0.06,0.0,0.0,1.0,1.0,0.0,0.0,1,54565.0
8825,2,40,9,145,105,0,0,0,0,0,0,0,0,0,0,0,0,0,0,0,0,1,1,0.0,0.0,0.0,0.0,1.0,0.0,0.0,183,1,0.01,0.6,0.91,0.0,0.0,0.0,0.0,0.0,0,52827.0
0,1,22,9,229,2325,0,0,0,0,0,1,0,0,0,0,0,0,0,0,0,0,2,2,0.0,0.0,0.0,0.0,1.0,0.0,0.0,29,255,1.0,0.0,0.03,0.03,0.0,0.0,0.0,0.0,0,90668.0
0,1,44,5,0,0,0,0,0,0,0,0,0,0,0,0,0,0,0,0,0,0,117,17,1.0,1.0,0.0,0.0,0.15,0.06,0.0,64,16,0.25,0.09,0.02,0.0,1.0,1.0,0.0,0.0,1,32758.0
0,1,22,5,0,0,0,0,0,0,0,0,0,0,0,0,0,0,0,0,0,0,40,11,1.0,1.0,0.0,0.0,0.28,0.1,0.0,255,31,0.12,0.06,0.01,0.0,1.0,1.0,0.0,0.0,1,54812.0
0,1,22,9,310,3222,0,0,0,0,0,1,0,0,0,0,0,0,0,0,0,0,2,27,0.0,0.0,0.0,0.0,1.0,0.0,0.15,255,254,1.0,0.01,0.0,0.0,0.0,0.0,0.0,0.0,0,19881.0
0,1,44,5,0,0,0,0,0,0,0,0,0,0,0,0,0,0,0,0,0,0,102,10,1.0,1.0,0.0,0.0,0.1,0.06,0.0,255,13,0.05,0.06,0.0,0.0,1.0,1.0,0.0,0.0,1,44153.0
0,1,22,9,214,1718,0,0,0,0,0,1,0,0,0,0,0,0,0,0,0,0,10,13,0.0,0.0,0.0,0.0,1.0,0.0,0.15,255,255,1.0,0.0,0.0,0.0,0.0,0.0,0.0,0.0,0,85385.0
0,1,22,9,346,269,0,0,0,0,0,1,0,0,0,0,0,0,0,0,0,0,18,62,0.0,0.02,0.0,0.02,1.0,0.0,0.16,255,255,1.0,0.0,0.0,0.0,0.0,0.0,0.0,0.0,0,111140.0
0,1,19,9,8325,0,0,0,0,0,0,1,0,0,0,0,0,0,0,0,0,0,11,11,0.0,0.0,0.0,0.0,1.0,0.0,0.0,112,81,0.46,0.03,0.46,0.02,0.0,0.0,0.0,0.0,0,111005.0
0,1,44,5,0,0,0,0,0,0,0,0,0,0,0,0,0,0,0,0,0,0,215,1,1.0,1.0,0.0,0.0,0.0,0.07,0.0,255,20,0.08,0.08,0.0,0.0,1.0,1.0,0.0,0.0,1,64920.0
0,1,44,5,0,0,0,0,0,0,0,0,0,0,0,0,0,0,0,0,0,0,262,6,1.0,1.0,0.0,0.0,0.02,0.06,0.0,255,6,0.02,0.08,0.0,0.0,1.0,1.0,0.0,0.0,1,72926.0
0,2,11,9,44,128,0,0,0,0,0,0,0,0,0,0,0,0,0,0,0,0,79,159,0.0,0.0,0.0,0.0,1.0,0.0,0.01,255,254,1.0,0.01,0.0,0.0,0.0,0.0,0.0,0.0,0,84204.0
0,1,41,5,0,0,0,0,0,0,0,0,0,0,0,0,0,0,0,0,0,0,220,8,1.0,1.0,0.0,0.0,0.04,0.06,0.0,255,8,0.03,0.06,0.0,0.0,1.0,1.0,0.0,0.0,1,27918.0
0,1,19,9,1376,0,0,0,0,0,0,0,0,0,0,0,0,0,0,0,0,0,13,14,0.0,0.0,0.0,0.0,1.0,0.0,0.14,26,48,0.73,0.15,0.73,0.04,0.0,0.0,0.0,0.0,0,28946.0
0,1,44,5,0,0,0,0,0,0,0,0,0,0,0,0,0,0,0,0,0,0,111,3,1.0,1.0,0.0,0.0,0.03,0.07,0.0,255,3,0.01,0.09,0.0,0.0,1.0,1.0,0.0,0.0,1,4727.0
0,1,44,5,0,0,0,0,0,0,0,0,0,0,0,0,0,0,0,0,0,0,107,7,0.99,1.0,0.0,0.0,0.07,0.07,0.0,255,15,0.06,0.07,0.0,0.0,1.0,1.0,0.0,0.0,1,66112.0
0,1,32,5,0,0,0,0,0,0,0,0,0,0,0,0,0,0,0,0,0,0,297,24,1.0,1.0,0.0,0.0,0.08,0.05,0.0,255,24,0.09,0.05,0.0,0.0,1.0,1.0,0.0,0.0,1,98839.0
0,1,44,10,0,0,0,0,0,0,0,0,0,0,0,0,0,0,0,0,0,0,1,1,1.0,1.0,0.0,0.0,1.0,0.0,0.0,235,1,0.0,0.96,0.97,0.0,0.97,1.0,0.0,0.0,1,89789.0
0,2,11,9,43,134,0,0,0,0,0,0,0,0,0,0,0,0,0,0,0,0,173,253,0.0,0.0,0.0,0.0,1.0,0.0,0.01,255,253,0.99,0.01,0.0,0.0,0.0,0.0,0.0,0.0,0,120331.0
0,1,22,9,174,33979,0,0,0,0,0,1,0,0,0,0,0,0,0,0,0,0,1,1,0.0,0.0,0.0,0.0,1.0,0.0,0.0,52,255,1.0,0.0,0.02,0.06,0.0,0.0,0.0,0.0,0,124351.0
0,1,19,9,6062,0,0,0,0,0,0,1,0,0,0,0,0,0,0,0,0,0,13,13,0.0,0.0,0.0,0.0,1.0,0.0,0.0,190,95,0.38,0.03,0.39,0.02,0.01,0.01,0.0,0.0,0,87523.0
0,1,15,5,0,0,0,0,0,0,0,0,0,0,0,0,0,0,0,0,0,0,145,17,1.0,1.0,0.0,0.0,0.12,0.06,0.0,255,17,0.07,0.05,0.0,0.0,1.0,1.0,0.0,0.0,1,48483.0
0,1,44,5,0,0,0,0,0,0,0,0,0,0,0,0,0,0,0,0,0,0,272,20,1.0,1.0,0.0,0.0,0.07,0.05,0.0,255,20,0.08,0.06,0.0,0.0,1.0,1.0,0.0,0.0,1,107803.0
17,1,49,9,11765,1394,0,0,0,0,0,1,0,0,0,0,0,0,0,0,0,0,1,3,0.0,0.0,0.0,0.0,1.0,0.0,1.0,179,134,0.44,0.02,0.01,0.01,0.01,0.01,0.0,0.0,0,53444.0
0,1,9,5,0,0,0,0,0,0,0,0,0,0,0,0,0,0,0,0,0,0,243,7,1.0,1.0,0.0,0.0,0.03,0.06,0.0,255,7,0.03,0.05,0.0,0.0,1.0,1.0,0.0,0.0,1,73076.0
0,2,11,9,43,68,0,0,0,0,0,0,0,0,0,0,0,0,0,0,0,0,205,209,0.0,0.0,0.0,0.0,1.0,0.0,0.01,255,217,0.85,0.01,0.01,0.0,0.0,0.0,0.0,0.0,0,69833.0
0,1,22,9,225,434,0,0,0,0,0,1,0,0,0,0,0,0,0,0,0,0,26,36,0.0,0.0,0.0,0.0,1.0,0.0,0.06,255,255,1.0,0.0,0.0,0.0,0.0,0.0,0.0,0.0,0,29415.0
0,1,17,9,11,141,0,0,0,0,0,0,0,0,0,0,0,0,0,0,0,0,1,1,0.0,0.0,0.0,0.0,1.0,0.0,0.0,128,3,0.02,0.02,0.01,0.0,0.0,0.0,0.0,0.0,0,48141.0
0,1,22,9,328,2943,0,0,0,0,0,1,0,0,0,0,0,0,0,0,0,0,5,9,0.0,0.11,0.0,0.0,1.0,0.0,0.33,255,255,1.0,0.0,0.0,0.0,0.0,0.0,0.0,0.0,0,76994.0
23,1,18,9,277,903,0,0,0,5,0,1,0,0,0,0,0,0,0,0,0,1,1,1,0.0,0.0,0.0,0.0,1.0,0.0,0.0,246,52,0.21,0.02,0.0,0.0,0.0,0.0,0.0,0.0,0,98381.0
0,1,22,9,283,1707,0,0,0,0,0,1,0,0,0,0,0,0,0,0,0,0,10,10,0.0,0.0,0.0,0.0,1.0,0.0,0.0,255,255,1.0,0.0,0.0,0.0,0.0,0.0,0.0,0.0,0,27814.0
10,1,42,9,2326,231052,0,0,0,0,0,1,0,0,0,0,0,0,0,0,0,0,1,1,0.0,0.0,0.0,0.0,1.0,0.0,0.0,1,1,1.0,0.0,1.0,0.0,0.0,0.0,0.0,0.0,0,17692.0
3296,2,40,9,146,105,0,0,0,0,0,0,0,0,0,0,0,0,0,0,0,0,5,1,0.0,0.0,0.0,0.0,0.2,0.6,0.0,255,1,0.0,0.81,1.0,0.0,0.0,0.0,0.0,0.0,0,17177.0
0,1,22,9,304,3222,0,0,0,0,0,1,0,0,0,0,0,0,0,0,0,0,2,17,0.0,0.0,0.0,0.0,1.0,0.0,0.24,255,255,1.0,0.0,0.0,0.0,0.0,0.0,0.0,0.0,0,78242.0
0,2,11,9,45,139,0,0,0,0,0,0,0,0,0,0,0,0,0,0,0,0,76,156,0.0,0.0,0.0,0.0,1.0,0.0,0.01,255,255,1.0,0.0,0.0,0.0,0.0,0.0,0.0,0.0,0,9801.0
0,1,19,9,10389,0,0,0,0,0,0,1,0,0,0,0,0,0,0,0,0,0,6,6,0.0,0.0,0.0,0.0,1.0,0.0,0.0,255,88,0.35,0.02,0.35,0.0,0.0,0.0,0.0,0.0,0,75743.0
0,1,57,2,0,0,0,0,0,0,0,0,0,0,0,0,0,0,0,0,0,0,262,19,0.0,0.0,1.0,1.0,0.07,0.06,0.0,255,19,0.07,0.07,0.0,0.0,0.0,0.0,1.0,1.0,1,49355.0
0,1,10,1,0,0,0,0,0,0,0,0,0,0,0,0,0,0,0,0,0,0,265,19,0.0,0.0,1.0,1.0,0.07,0.06,0.0,255,19,0.07,0.08,0.0,0.0,0.0,0.0,1.0,1.0,1,80723.0
0,1,22,9,207,1227,0,0,0,0,0,1,0,0,0,0,0,0,0,0,0,0,2,2,0.0,0.0,0.0,0.0,1.0,0.0,0.0,24,24,1.0,0.0,0.04,0.0,0.0,0.0,0.0,0.0,0,57355.0
0,1,22,1,0,0,0,0,0,0,0,0,0,0,0,0,0,0,0,0,0,0,1,1,0.0,0.0,1.0,1.0,1.0,0.0,0.0,61,2,0.02,1.0,0.02,1.0,0.0,0.0,0.92,1.0,1,121009.0
0,0,14,9,1032,0,0,0,0,0,0,0,0,0,0,0,0,0,0,0,0,0,511,511,0.0,0.0,0.0,0.0,1.0,0.0,0.0,255,118,0.46,0.02,0.46,0.0,0.02,0.0,0.0,0.0,1,117946.0
3,1,49,9,896,335,0,0,0,0,0,1,0,0,0,0,0,0,0,0,0,0,1,1,0.0,0.0,0.0,0.0,1.0,0.0,0.0,87,126,0.62,0.03,0.01,0.02,0.0,0.0,0.0,0.0,0,113725.0
0,1,22,9,215,301,0,0,0,0,0,1,0,0,0,0,0,0,0,0,0,0,3,3,0.0,0.0,0.0,0.0,1.0,0.0,0.0,69,255,1.0,0.0,0.01,0.03,0.0,0.0,0.0,0.0,0,110426.0
0,1,20,5,0,0,0,0,0,0,0,0,0,0,0,0,0,0,0,0,0,0,260,21,1.0,1.0,0.0,0.0,0.08,0.05,0.0,255,21,0.08,0.05,0.0,0.0,1.0,1.0,0.0,0.0,1,40174.0
0,1,59,5,0,0,0,0,0,0,0,0,0,0,0,0,0,0,0,0,0,0,116,15,1.0,1.0,0.0,0.0,0.13,0.06,0.0,255,15,0.06,0.07,0.0,0.0,1.0,1.0,0.0,0.0,1,69244.0
0,1,52,2,0,0,0,0,0,0,0,0,0,0,0,0,0,0,0,0,0,0,174,4,0.0,0.0,1.0,1.0,0.02,0.07,0.0,255,4,0.02,0.08,0.0,0.0,0.0,0.0,1.0,1.0,1,110342.0
0,1,25,5,0,0,0,0,0,0,0,0,0,0,0,0,0,0,0,0,0,0,147,14,1.0,1.0,0.0,0.0,0.1,0.05,0.0,255,1,0.0,0.08,0.0,0.0,1.0,1.0,0.0,0.0,1,44637.0
0,1,22,9,313,12779,0,0,0,0,0,1,0,0,0,0,0,0,0,0,0,0,5,11,0.0,0.0,0.0,0.0,1.0,0.0,0.18,14,255,1.0,0.0,0.07,0.04,0.0,0.0,0.0,0.0,0,115137.0
0,1,19,9,334,0,0,0,0,0,0,1,0,0,0,0,0,0,0,0,0,0,2,2,0.0,0.0,0.0,0.0,1.0,0.0,0.0,6,48,1.0,0.0,1.0,0.15,0.0,0.0,0.0,0.0,1,13340.0
0,1,32,1,0,0,0,0,0,0,0,0,0,0,0,0,0,0,0,0,0,0,122,2,0.0,0.0,1.0,1.0,0.02,0.08,0.0,255,2,0.01,0.09,0.0,0.0,0.0,0.0,1.0,1.0,1,52479.0
0,1,22,9,371,5081,0,0,0,0,0,1,0,0,0,0,0,0,0,0,0,0,10,13,0.0,0.0,0.0,0.0,1.0,0.0,0.15,74,255,1.0,0.0,0.01,0.05,0.0,0.0,0.0,0.0,0,18373.0
0,2,44,9,105,145,0,0,0,0,0,0,0,0,0,0,0,0,0,0,0,0,5,1,0.0,0.0,0.0,0.0,0.2,0.6,0.0,255,171,0.67,0.01,0.0,0.0,0.0,0.0,0.0,0.0,0,15149.0
0,1,22,9,259,290,0,0,0,0,0,1,0,0,0,0,0,0,0,0,0,0,40,70,0.0,0.0,0.0,0.0,1.0,0.0,0.03,255,255,1.0,0.0,0.0,0.0,0.0,0.0,0.0,0.0,0,32340.0
0,1,22,9,221,4096,0,0,0,0,0,1,0,0,0,0,0,0,0,0,0,0,13,13,0.0,0.0,0.0,0.0,1.0,0.0,0.0,34,255,1.0,0.0,0.03,0.01,0.0,0.0,0.0,0.0,0,14350.0
0,2,11,9,44,126,0,0,0,0,0,0,0,0,0,0,0,0,0,0,0,0,66,146,0.0,0.0,0.0,0.0,1.0,0.0,0.01,255,254,1.0,0.01,0.0,0.0,0.0,0.0,0.0,0.0,0,111025.0
0,2,11,9,44,114,0,0,0,0,0,0,0,0,0,0,0,0,0,0,0,0,37,37,0.0,0.0,0.0,0.0,1.0,0.0,0.0,255,204,0.8,0.01,0.0,0.0,0.0,0.0,0.0,0.0,0,119466.0
0,1,19,9,12,0,0,0,0,0,0,1,0,0,0,0,0,0,0,0,0,0,1,1,0.0,0.0,0.0,0.0,1.0,0.0,0.0,187,45,0.24,0.03,0.24,0.0,0.0,0.0,0.0,0.0,0,49288.0
0,1,7,5,0,0,0,0,0,0,0,0,0,0,0,0,0,0,0,0,0,0,195,3,1.0,1.0,0.0,0.0,0.02,0.07,0.0,255,3,0.01,0.06,0.0,0.0,1.0,1.0,0.0,0.0,1,80494.0
0,1,40,1,0,0,0,0,0,0,0,0,0,0,0,0,0,0,0,0,0,0,314,1,0.1,0.0,0.89,1.0,0.0,1.0,0.0,255,1,0.0,1.0,0.0,0.0,0.09,0.0,0.9,1.0,1,84850.0
0,1,6,5,0,0,0,0,0,0,0,0,0,0,0,0,0,0,0,0,0,0,147,20,1.0,1.0,0.0,0.0,0.14,0.07,0.0,255,20,0.08,0.07,0.0,0.0,1.0,1.0,0.0,0.0,1,100554.0
0,1,9,5,0,0,0,0,0,0,0,0,0,0,0,0,0,0,0,0,0,0,284,12,1.0,1.0,0.0,0.0,0.04,0.06,0.0,255,12,0.05,0.08,0.0,0.0,1.0,1.0,0.0,0.0,1,109413.0
0,1,22,9,205,25672,0,0,0,0,0,1,0,0,0,0,0,0,0,0,0,0,5,5,0.2,0.2,0.0,0.0,1.0,0.0,0.0,255,255,1.0,0.0,0.0,0.0,0.01,0.01,0.02,0.02,0,53699.0
0,0,14,9,1032,0,0,0,0,0,0,0,0,0,0,0,0,0,0,0,0,0,510,510,0.0,0.0,0.0,0.0,1.0,0.0,0.0,255,143,0.56,0.04,0.56,0.0,0.0,0.0,0.0,0.0,1,21551.0
0,2,11,9,45,111,0,0,0,0,0,0,0,0,0,0,0,0,0,0,0,0,3,3,0.0,0.0,0.0,0.0,1.0,0.0,0.0,255,251,0.98,0.01,0.01,0.0,0.0,0.0,0.0,0.0,0,125159.0
0,2,11,9,43,127,0,0,0,0,0,0,0,0,0,0,0,0,0,0,0,0,119,121,0.0,0.0,0.0,0.0,1.0,0.0,0.02,239,174,0.73,0.02,0.0,0.0,0.0,0.0,0.0,0.0,0,65819.0
0,1,22,9,334,1301,0,0,0,0,0,1,0,0,0,0,0,0,0,0,0,0,14,14,0.0,0.0,0.0,0.0,1.0,0.0,0.0,255,255,1.0,0.0,0.0,0.0,0.0,0.0,0.0,0.0,0,21248.0
0,1,22,1,0,0,0,0,0,0,0,0,0,0,0,0,0,0,0,0,0,0,1,1,0.0,0.0,1.0,1.0,1.0,0.0,0.0,3,254,1.0,0.0,0.33,0.2,0.0,0.01,1.0,0.91,0,98641.0
0,2,11,9,44,123,0,0,0,0,0,0,0,0,0,0,0,0,0,0,0,0,119,120,0.0,0.0,0.0,0.0,1.0,0.0,0.02,255,254,1.0,0.01,0.0,0.0,0.0,0.0,0.0,0.0,0,104766.0
0,1,22,9,305,3819,0,0,0,0,0,1,0,0,0,0,0,0,0,0,0,0,2,2,0.0,0.0,0.0,0.0,1.0,0.0,0.0,8,255,1.0,0.0,0.12,0.03,0.0,0.0,0.0,0.0,0,18457.0
0,2,11,9,43,127,0,0,0,0,0,0,0,0,0,0,0,0,0,0,0,0,65,145,0.0,0.0,0.0,0.0,1.0,0.0,0.01,255,255,1.0,0.0,0.0,0.0,0.0,0.0,0.0,0.0,0,55635.0
0,1,44,5,0,0,0,0,0,0,0,0,0,0,0,0,0,0,0,0,0,0,266,6,1.0,1.0,0.0,0.0,0.02,0.06,0.0,255,5,0.02,0.07,0.0,0.0,1.0,1.0,0.0,0.0,1,86927.0
0,2,44,9,215,0,0,0,0,0,0,0,0,0,0,0,0,0,0,0,0,0,1,1,0.0,0.0,0.0,0.0,1.0,0.0,0.0,39,31,0.79,0.05,0.79,0.0,0.0,0.0,0.0,0.0,1,91243.0
0,1,44,5,0,0,0,0,0,0,0,0,0,0,0,0,0,0,0,0,0,0,119,8,1.0,1.0,0.0,0.0,0.07,0.07,0.0,228,8,0.04,0.07,0.0,0.0,1.0,1.0,0.0,0.0,1,11865.0
0,0,13,9,30,0,0,0,0,0,0,0,0,0,0,0,0,0,0,0,0,0,4,1,0.0,0.0,0.0,0.0,0.25,0.5,0.0,255,32,0.13,0.01,0.61,0.0,0.0,0.0,0.0,0.0,0,73373.0
9,1,55,9,250,15511,0,0,0,0,0,1,0,0,0,0,0,0,0,0,0,0,1,1,0.0,0.0,0.0,0.0,1.0,0.0,0.0,148,11,0.07,0.04,0.01,0.0,0.0,0.0,0.01,0.09,0,72628.0
0,1,22,9,255,380,0,0,0,0,0,1,0,0,0,0,0,0,0,0,0,0,9,9,0.0,0.0,0.0,0.0,1.0,0.0,0.0,255,255,1.0,0.0,0.0,0.0,0.0,0.0,0.0,0.0,0,41386.0
0,2,11,9,43,129,0,0,0,0,0,0,0,0,0,0,0,0,0,0,0,0,129,131,0.0,0.0,0.0,0.0,1.0,0.0,0.02,249,184,0.74,0.02,0.0,0.0,0.0,0.0,0.0,0.0,0,110479.0
0,1,22,9,321,1116,0,0,0,0,0,1,0,0,0,0,0,0,0,0,0,0,19,19,0.0,0.0,0.0,0.0,1.0,0.0,0.0,61,255,1.0,0.0,0.02,0.03,0.0,0.0,0.0,0.0,0,2148.0
0,1,22,9,239,546,0,0,0,0,0,1,0,0,0,0,0,0,0,0,0,0,14,24,0.0,0.0,0.0,0.0,1.0,0.0,0.17,141,255,1.0,0.0,0.01,0.01,0.0,0.0,0.0,0.0,0,24424.0
0,1,44,5,0,0,0,0,0,0,0,0,0,0,0,0,0,0,0,0,0,0,112,15,1.0,1.0,0.0,0.0,0.13,0.04,0.0,255,15,0.06,0.05,0.0,0.0,1.0,1.0,0.0,0.0,1,1257.0
0,1,19,9,11,0,0,0,0,0,0,1,0,0,0,0,0,0,0,0,0,0,1,1,0.0,0.0,0.0,0.0,1.0,0.0,0.0,120,108,0.16,0.03,0.16,0.02,0.07,0.0,0.01,0.0,0,84075.0
15412,1,55,9,1156,178017,0,0,0,0,0,1,809,1,2,889,0,0,7,0,0,0,1,1,0.0,0.0,0.0,0.0,1.0,0.0,0.0,255,8,0.03,0.07,0.0,0.0,0.8,0.12,0.0,0.0,0,79723.0
0,0,13,9,8,0,0,0,0,0,0,0,0,0,0,0,0,0,0,0,0,0,1,33,0.0,0.0,0.0,0.0,1.0,0.0,1.0,2,51,1.0,0.0,1.0,0.51,0.0,0.0,0.0,0.0,1,112627.0
0,1,25,1,0,0,0,0,0,0,0,0,0,0,0,0,0,0,0,0,0,0,258,16,0.0,0.0,1.0,1.0,0.06,0.07,0.0,255,16,0.06,0.07,0.0,0.0,0.0,0.0,1.0,1.0,1,85001.0
0,0,58,9,181,0,0,0,0,0,0,0,0,0,0,0,0,0,0,0,0,0,2,1,0.0,0.0,0.0,0.0,0.5,1.0,0.0,255,10,0.04,0.01,0.05,0.0,0.0,0.0,0.0,0.0,0,29461.0
0,1,49,9,1719,331,0,0,0,0,0,1,0,0,0,0,0,0,0,0,0,0,1,1,0.0,0.0,0.0,0.0,1.0,0.0,0.0,159,148,0.54,0.04,0.01,0.01,0.0,0.0,0.0,0.0,0,83576.0
0,1,44,5,0,0,0,0,0,0,0,0,0,0,0,0,0,0,0,0,0,0,243,21,1.0,1.0,0.0,0.0,0.09,0.05,0.0,255,21,0.08,0.05,0.0,0.0,1.0,1.0,0.0,0.0,1,58545.0
0,1,49,9,2139,331,0,0,0,0,0,1,0,0,0,0,0,0,0,0,0,0,1,2,0.0,0.0,0.0,0.0,1.0,0.0,1.0,255,103,0.4,0.21,0.0,0.0,0.0,0.0,0.0,0.0,0,27969.0
0,1,19,9,3909,0,0,0,0,0,0,1,0,0,0,0,0,0,0,0,0,0,6,6,0.0,0.0,0.0,0.0,1.0,0.0,0.0,255,12,0.05,0.62,0.05,0.0,0.0,0.0,0.0,0.0,0,33106.0
0,0,13,9,8,0,0,0,0,0,0,0,0,0,0,0,0,0,0,0,0,0,1,22,0.0,0.0,0.0,0.0,1.0,0.0,1.0,1,121,1.0,0.0,1.0,0.26,0.0,0.0,0.0,0.0,1,81663.0
0,1,22,9,332,37165,0,0,0,0,0,1,0,0,0,0,0,0,0,0,0,0,5,5,0.0,0.0,0.0,0.0,1.0,0.0,0.0,5,255,1.0,0.0,0.2,0.05,0.0,0.0,0.0,0.0,0,34925.0
0,1,7,5,0,0,0,0,0,0,0,0,0,0,0,0,0,0,0,0,0,0,250,7,1.0,1.0,0.0,0.0,0.03,0.06,0.0,255,19,0.07,0.07,0.0,0.0,1.0,1.0,0.0,0.0,1,113875.0
0,1,22,9,211,1695,0,0,0,0,0,1,0,0,0,0,0,0,0,0,0,0,7,7,0.0,0.0,0.0,0.0,1.0,0.0,0.0,255,255,1.0,0.0,0.0,0.0,0.0,0.0,0.0,0.0,0,81123.0
0,1,44,5,0,0,0,0,0,0,0,0,0,0,0,0,0,0,0,0,0,0,242,12,1.0,1.0,0.0,0.0,0.05,0.06,0.0,255,9,0.04,0.08,0.0,0.0,1.0,1.0,0.0,0.0,1,15423.0
0,1,44,5,0,0,0,0,0,0,0,0,0,0,0,0,0,0,0,0,0,0,48,19,1.0,1.0,0.0,0.0,0.4,0.1,0.0,255,19,0.07,0.07,0.0,0.0,1.0,1.0,0.0,0.0,1,42327.0
103,1,49,9,1137,344,0,0,0,0,0,1,0,0,0,0,0,0,0,0,0,0,1,1,0.0,0.0,0.0,0.0,1.0,0.0,0.0,98,176,0.59,0.05,0.01,0.01,0.0,0.0,0.0,0.0,0,54550.0
0,1,22,1,0,0,0,0,0,0,0,0,0,0,0,0,0,0,0,0,0,0,1,1,0.0,0.0,1.0,1.0,1.0,0.0,0.0,8,255,1.0,0.0,0.12,0.22,0.0,0.0,1.0,0.94,0,72844.0
0,2,11,9,43,74,0,0,0,0,0,0,0,0,0,0,0,0,0,0,0,0,124,124,0.0,0.0,0.0,0.0,1.0,0.0,0.0,255,255,1.0,0.0,0.0,0.0,0.0,0.0,0.0,0.0,0,24333.0
0,1,40,1,0,0,0,0,0,0,0,0,0,0,0,0,0,0,0,0,0,0,511,1,0.14,0.0,0.86,1.0,0.0,1.0,0.0,255,1,0.0,1.0,0.0,0.0,0.06,0.0,0.94,1.0,1,88417.0
0,1,22,9,308,370,0,0,0,0,0,1,0,0,0,0,0,0,0,0,0,0,9,9,0.0,0.0,0.0,0.0,1.0,0.0,0.0,175,255,1.0,0.0,0.01,0.02,0.0,0.0,0.0,0.0,0,81777.0
0,1,44,1,0,0,0,0,0,0,0,0,0,0,0,0,0,0,0,0,0,0,257,18,0.0,0.0,1.0,1.0,0.07,0.06,0.0,255,18,0.07,0.06,0.0,0.0,0.0,0.0,1.0,1.0,1,70983.0
0,1,22,9,274,12422,0,0,0,0,0,1,0,0,0,0,0,0,0,0,0,0,1,1,0.0,0.0,0.0,0.0,1.0,0.0,0.0,255,255,1.0,0.0,0.0,0.0,0.0,0.0,0.0,0.0,0,44984.0
0,1,9,5,0,0,0,0,0,0,0,0,0,0,0,0,0,0,0,0,0,0,275,13,1.0,1.0,0.0,0.0,0.05,0.05,0.0,255,13,0.05,0.05,0.0,0.0,1.0,1.0,0.0,0.0,1,104737.0
0,1,22,9,54540,8314,0,0,0,2,0,1,1,0,0,0,0,0,0,0,0,0,1,1,0.0,0.0,0.0,0.0,1.0,0.0,0.0,79,79,1.0,0.0,0.01,0.0,0.0,0.0,0.01,0.01,1,79297.0
22721,1,44,4,1,0,0,0,0,0,0,0,0,0,0,0,0,0,0,0,0,0,2,2,0.0,0.0,1.0,1.0,1.0,0.0,0.0,255,2,0.01,0.73,1.0,0.0,0.0,0.0,1.0,1.0,1,102422.0
0,1,22,9,232,609,0,0,0,0,0,1,0,0,0,0,0,0,0,0,0,0,3,5,0.0,0.0,0.0,0.0,1.0,0.0,0.4,19,255,1.0,0.0,0.05,0.05,0.0,0.0,0.0,0.0,0,95298.0
0,1,22,9,327,1516,0,0,0,0,0,1,0,0,0,0,0,0,0,0,0,0,7,8,0.0,0.0,0.0,0.0,1.0,0.0,0.25,161,255,1.0,0.0,0.01,0.01,0.0,0.0,0.0,0.0,0,5098.0
0,1,15,1,0,0,0,0,0,0,0,0,0,0,0,0,0,0,0,0,0,0,139,12,0.0,0.0,1.0,1.0,0.09,0.06,0.0,255,12,0.05,0.06,0.0,0.0,0.0,0.0,1.0,1.0,1,73335.0
0,1,22,1,0,0,0,0,0,0,0,0,0,0,0,0,0,0,0,0,0,0,1,1,0.0,0.0,1.0,1.0,1.0,0.0,0.0,14,205,1.0,0.0,0.07,0.16,0.0,0.0,1.0,0.98,0,80339.0
0,2,11,9,45,81,0,0,0,0,0,0,0,0,0,0,0,0,0,0,0,0,137,137,0.0,0.0,0.0,0.0,1.0,0.0,0.0,255,254,1.0,0.01,0.0,0.0,0.0,0.0,0.0,0.0,0,119970.0
0,1,22,9,247,4815,0,0,0,0,0,1,0,0,0,0,0,0,0,0,0,0,3,14,0.0,0.0,0.0,0.0,1.0,0.0,0.21,40,255,1.0,0.0,0.03,0.02,0.0,0.0,0.0,0.0,0,105982.0
0,1,37,1,0,0,0,0,0,0,0,0,0,0,0,0,0,0,0,0,0,0,117,12,0.0,0.0,1.0,1.0,0.1,0.07,0.0,255,12,0.05,0.07,0.0,0.0,0.0,0.0,1.0,1.0,1,17140.0
0,1,44,5,0,0,0,0,0,0,0,0,0,0,0,0,0,0,0,0,0,0,257,19,1.0,1.0,0.0,0.0,0.07,0.05,0.0,255,2,0.01,0.09,0.0,0.0,1.0,1.0,0.0,0.0,1,408.0
0,1,30,5,0,0,0,0,0,0,0,0,0,0,0,0,0,0,0,0,0,0,128,18,1.0,1.0,0.0,0.0,0.14,0.05,0.0,255,5,0.02,0.07,0.0,0.0,1.0,1.0,0.0,0.0,1,65900.0
0,1,44,1,0,0,0,0,0,0,0,0,0,0,0,0,0,0,0,0,0,0,149,20,0.0,0.0,1.0,1.0,0.13,0.06,0.0,255,2,0.01,0.07,0.0,0.0,0.0,0.0,1.0,1.0,1,42403.0
0,1,22,9,280,944,0,0,0,0,0,1,0,0,0,0,0,0,0,0,0,0,1,1,0.0,0.0,0.0,0.0,1.0,0.0,0.0,1,255,1.0,0.0,1.0,0.02,0.0,0.0,0.0,0.0,0,110971.0
0,1,22,9,385,333,0,0,0,0,0,1,0,0,0,0,0,0,0,0,0,0,9,9,0.0,0.0,0.0,0.0,1.0,0.0,0.0,89,255,1.0,0.0,0.01,0.06,0.01,0.02,0.0,0.0,0,100708.0
0,1,22,9,286,1410,0,0,0,0,0,1,0,0,0,0,0,0,0,0,0,0,13,13,0.0,0.0,0.0,0.0,1.0,0.0,0.0,234,255,1.0,0.0,0.0,0.01,0.0,0.0,0.0,0.0,0,61732.0
0,1,22,9,276,1976,0,0,0,0,0,1,0,0,0,0,0,0,0,0,0,0,1,17,0.0,0.0,0.0,0.0,1.0,0.0,0.12,1,255,1.0,0.0,1.0,0.04,0.0,0.0,0.0,0.0,0,88048.0
0,1,44,5,0,0,0,0,0,0,0,0,0,0,0,0,0,0,0,0,0,0,254,5,1.0,1.0,0.0,0.0,0.02,0.06,0.0,255,2,0.01,0.08,0.0,0.0,1.0,1.0,0.0,0.0,1,28141.0
0,1,22,9,281,9569,0,0,0,0,0,1,0,0,0,0,0,0,0,0,0,0,7,11,0.0,0.0,0.0,0.0,1.0,0.0,0.18,31,255,1.0,0.0,0.03,0.06,0.0,0.0,0.0,0.01,0,25853.0
0,2,11,9,46,112,0,0,0,0,0,0,0,0,0,0,0,0,0,0,0,0,3,4,0.0,0.0,0.0,0.0,1.0,0.0,0.5,40,31,0.77,0.08,0.03,0.0,0.0,0.0,0.0,0.0,0,101815.0
0,0,58,9,78,0,0,0,0,0,0,0,0,0,0,0,0,0,0,0,0,0,23,1,0.0,0.0,0.0,0.0,0.04,0.09,0.0,255,11,0.04,0.01,0.04,0.0,0.0,0.0,0.0,0.0,0,13053.0
0,1,5,1,0,0,0,0,0,0,0,0,0,0,0,0,0,0,0,0,0,0,145,16,0.0,0.0,1.0,1.0,0.11,0.06,0.0,255,16,0.06,0.06,0.0,0.0,0.0,0.0,1.0,1.0,1,91344.0
0,1,19,9,12,0,0,0,0,0,0,1,0,0,0,0,0,0,0,0,0,0,1,1,0.0,0.0,0.0,0.0,1.0,0.0,0.0,230,61,0.19,0.09,0.24,0.03,0.01,0.02,0.0,0.0,0,40659.0
0,1,22,9,340,924,0,0,0,0,0,1,0,0,0,0,0,0,0,0,0,0,9,9,0.0,0.0,0.0,0.0,1.0,0.0,0.0,255,255,1.0,0.0,0.0,0.0,0.0,0.0,0.0,0.0,0,76480.0
0,2,11,9,46,132,0,0,0,0,0,0,0,0,0,0,0,0,0,0,0,0,216,293,0.0,0.0,0.0,0.0,1.0,0.0,0.01,141,102,0.72,0.02,0.01,0.0,0.0,0.0,0.0,0.0,0,55535.0
0,1,22,9,296,24695,0,0,0,0,0,1,0,0,0,0,0,0,0,0,0,0,1,2,0.0,0.0,0.0,0.0,1.0,0.0,1.0,32,255,1.0,0.0,0.03,0.03,0.0,0.02,0.16,0.03,0,20564.0
0,1,22,9,221,1600,0,0,0,0,0,1,0,0,0,0,0,0,0,0,0,0,12,12,0.0,0.0,0.0,0.0,1.0,0.0,0.0,206,255,1.0,0.0,0.0,0.02,0.0,0.0,0.0,0.0,0,110649.0
0,1,44,5,0,0,0,0,0,0,0,0,0,0,0,0,0,0,0,0,0,0,148,14,1.0,1.0,0.0,0.0,0.09,0.07,0.0,255,14,0.05,0.07,0.0,0.0,1.0,1.0,0.0,0.0,1,62552.0
0,1,49,9,1066,279,0,0,0,0,0,1,0,0,0,0,0,0,0,0,0,0,1,1,0.0,0.0,0.0,0.0,1.0,0.0,0.0,157,134,0.54,0.03,0.01,0.01,0.01,0.0,0.0,0.0,0,9632.0
0,1,2,1,0,0,0,0,0,0,0,0,0,0,0,0,0,0,0,0,0,0,205,19,0.0,0.0,1.0,1.0,0.09,0.06,0.0,255,19,0.07,0.07,0.0,0.0,0.0,0.0,1.0,1.0,1,117250.0
0,1,25,1,0,0,0,0,0,0,0,0,0,0,0,0,0,0,0,0,0,0,2,1,0.0,0.0,1.0,1.0,0.5,1.0,0.0,255,1,0.0,0.75,0.74,0.0,0.0,0.0,0.74,1.0,1,46747.0
0,1,57,5,0,0,0,0,0,0,0,0,0,0,0,0,0,0,0,0,0,0,267,4,1.0,1.0,0.0,0.0,0.01,0.06,0.0,255,4,0.02,0.07,0.0,0.0,1.0,1.0,0.0,0.0,1,74901.0
0,2,44,9,28,0,0,3,0,0,0,0,0,0,0,0,0,0,0,0,0,0,158,58,0.63,0.0,0.0,0.0,0.37,0.04,0.0,255,58,0.23,0.78,0.23,0.0,0.09,0.0,0.69,0.0,1,80828.0
0,1,49,9,1385,332,0,0,0,0,0,1,0,0,0,0,0,0,0,0,0,0,1,1,0.0,0.0,0.0,0.0,1.0,0.0,0.0,122,116,0.52,0.04,0.01,0.02,0.0,0.0,0.0,0.0,0,103267.0
0,2,44,9,28,0,0,3,0,0,0,0,0,0,0,0,0,0,0,0,0,0,25,25,0.0,0.0,0.0,0.0,1.0,0.0,0.0,228,25,0.11,0.05,0.11,0.0,0.02,0.0,0.0,0.0,1,74590.0
0,1,22,1,0,0,0,0,0,0,0,0,0,0,0,0,0,0,0,0,0,0,1,3,0.0,0.0,1.0,1.0,1.0,0.0,1.0,25,255,1.0,0.0,0.04,0.17,0.0,0.0,0.84,0.98,0,124313.0
0,1,22,9,253,468,0,0,0,0,0,1,0,0,0,0,0,0,0,0,0,0,3,3,0.0,0.0,0.0,0.0,1.0,0.0,0.0,217,255,1.0,0.0,0.0,0.02,0.0,0.0,0.0,0.0,0,24135.0
0,2,11,9,45,45,0,0,0,0,0,0,0,0,0,0,0,0,0,0,0,0,155,155,0.0,0.0,0.0,0.0,1.0,0.0,0.0,255,203,0.8,0.01,0.0,0.0,0.0,0.0,0.0,0.0,0,98190.0
29,1,18,9,1204,3380,0,0,0,24,0,1,0,0,0,0,0,0,0,0,0,1,1,1,0.0,0.0,0.0,0.0,1.0,0.0,0.0,255,50,0.2,0.03,0.0,0.0,0.01,0.0,0.0,0.0,0,108076.0
0,1,44,5,0,0,0,0,0,0,0,0,0,0,0,0,0,0,0,0,0,0,196,2,1.0,1.0,0.0,0.0,0.01,0.05,0.0,137,2,0.01,0.08,0.01,0.0,0.9,1.0,0.01,0.0,1,12481.0
0,1,22,9,210,9916,0,0,0,0,0,1,0,0,0,0,0,0,0,0,0,0,41,42,0.02,0.02,0.0,0.0,1.0,0.0,0.05,41,255,1.0,0.0,0.02,0.05,0.02,0.01,0.0,0.0,0,26287.0
0,1,44,1,0,0,0,0,0,0,0,0,0,0,0,0,0,0,0,0,0,0,166,1,0.04,0.0,0.89,1.0,0.01,0.99,0.0,255,1,0.0,0.66,0.0,0.0,0.02,0.0,0.58,1.0,1,113767.0
0,1,22,9,241,5408,0,0,0,0,0,1,0,0,0,0,0,0,0,0,0,0,3,12,0.0,0.0,0.0,0.0,1.0,0.0,0.17,3,255,1.0,0.0,0.33,0.07,0.0,0.0,0.0,0.0,0,100957.0
0,1,44,5,0,0,0,0,0,0,0,0,0,0,0,0,0,0,0,0,0,0,201,4,1.0,1.0,0.0,0.0,0.02,0.06,0.0,255,20,0.08,0.08,0.0,0.0,1.0,1.0,0.0,0.0,1,58922.0
0,0,14,9,1032,0,0,0,0,0,0,0,0,0,0,0,0,0,0,0,0,0,511,511,0.0,0.0,0.0,0.0,1.0,0.0,0.0,255,196,0.77,0.02,0.77,0.0,0.0,0.0,0.0,0.0,1,29419.0
0,1,44,5,0,0,0,0,0,0,0,0,0,0,0,0,0,0,0,0,0,0,203,19,1.0,1.0,0.0,0.0,0.09,0.06,0.0,255,20,0.08,0.08,0.0,0.0,1.0,1.0,0.0,0.0,1,82306.0
0,1,44,5,0,0,0,0,0,0,0,0,0,0,0,0,0,0,0,0,0,0,114,19,1.0,1.0,0.0,0.0,0.17,0.06,0.0,255,9,0.04,0.06,0.0,0.0,1.0,1.0,0.0,0.0,1,94175.0
0,1,21,5,0,0,0,0,0,0,0,0,0,0,0,0,0,0,0,0,0,0,266,17,1.0,1.0,0.0,0.0,0.06,0.06,0.0,255,17,0.07,0.06,0.0,0.0,1.0,1.0,0.0,0.0,1,65076.0
0,2,11,9,46,157,0,0,0,0,0,0,0,0,0,0,0,0,0,0,0,0,159,225,0.0,0.0,0.0,0.0,0.99,0.01,0.01,255,232,0.91,0.02,0.0,0.0,0.0,0.0,0.0,0.0,0,68430.0
0,1,22,1,0,0,0,0,0,0,0,0,0,0,0,0,0,0,0,0,0,0,1,1,0.0,0.0,1.0,1.0,1.0,0.0,0.0,4,255,1.0,0.0,0.25,0.11,0.0,0.0,1.0,0.74,0,46477.0
0,1,22,9,315,293,0,0,0,0,0,1,0,0,0,0,0,0,0,0,0,0,17,19,0.0,0.0,0.0,0.0,1.0,0.0,0.16,34,255,1.0,0.0,0.03,0.05,0.0,0.0,0.0,0.0,0,50668.0
0,1,22,5,0,0,0,0,0,0,0,0,0,0,0,0,0,0,0,0,0,0,2,4,0.5,0.5,0.0,0.0,1.0,0.0,0.5,255,255,1.0,0.0,0.01,0.0,0.0,0.0,0.0,0.0,0,117362.0
40080,1,44,4,1,0,0,0,0,0,0,0,0,0,0,0,0,0,0,0,0,0,3,2,0.0,0.0,0.67,1.0,0.67,0.67,0.0,255,2,0.01,0.48,0.95,0.0,0.0,0.0,0.95,1.0,1,89508.0
0,1,19,9,5891,0,0,0,0,0,0,0,0,0,0,0,0,0,0,0,0,0,17,17,0.0,0.0,0.0,0.0,1.0,0.0,0.0,115,57,0.5,0.05,0.5,0.0,0.0,0.0,0.0,0.0,0,4137.0
51,1,49,9,744,325,0,0,0,0,0,1,0,0,0,0,0,0,0,0,0,0,1,1,0.0,0.0,0.0,0.0,1.0,0.0,0.0,166,192,0.76,0.02,0.01,0.01,0.0,0.0,0.0,0.0,0,65860.0
0,1,22,9,333,5734,0,0,0,0,0,1,0,0,0,0,0,0,0,0,0,0,5,14,0.0,0.0,0.0,0.0,1.0,0.0,0.14,5,255,1.0,0.0,0.2,0.05,0.0,0.0,0.0,0.0,0,113120.0
0,1,12,5,0,0,0,0,0,0,0,0,0,0,0,0,0,0,0,0,0,0,211,14,1.0,1.0,0.0,0.0,0.07,0.06,0.0,255,13,0.05,0.07,0.0,0.0,1.0,1.0,0.0,0.0,1,104153.0
0,1,44,1,0,0,0,0,0,0,0,0,0,0,0,0,0,0,0,0,0,0,227,1,0.0,0.0,1.0,1.0,0.0,0.07,0.0,255,1,0.0,0.09,0.0,0.0,0.0,0.0,1.0,1.0,1,17674.0
0,1,19,5,0,0,0,0,0,0,0,0,0,0,0,0,0,0,0,0,0,0,234,23,1.0,1.0,0.0,0.0,0.1,0.06,0.0,255,23,0.09,0.06,0.0,0.0,1.0,1.0,0.0,0.0,1,104131.0
0,1,44,5,0,0,0,0,0,0,0,0,0,0,0,0,0,0,0,0,0,0,247,11,1.0,1.0,0.0,0.0,0.04,0.06,0.0,255,12,0.05,0.09,0.0,0.0,1.0,1.0,0.0,0.0,1,61520.0
0,2,11,9,46,131,0,0,0,0,0,0,0,0,0,0,0,0,0,0,0,0,118,118,0.0,0.0,0.0,0.0,1.0,0.0,0.0,255,254,1.0,0.01,0.0,0.0,0.0,0.0,0.0,0.0,0,20153.0
0,1,44,5,0,0,0,0,0,0,0,0,0,0,0,0,0,0,0,0,0,0,265,9,1.0,1.0,0.0,0.0,0.03,0.06,0.0,255,19,0.07,0.07,0.0,0.0,1.0,1.0,0.0,0.0,1,31154.0
0,2,44,9,1,0,0,0,0,0,0,0,0,0,0,0,0,0,0,0,0,0,17,3,0.0,0.0,0.0,0.0,0.18,0.47,0.0,255,3,0.01,0.81,0.24,0.0,0.1,0.0,0.67,0.0,1,82657.0
0,1,40,1,0,0,0,0,0,0,0,0,0,0,0,0,0,0,0,0,0,0,511,1,0.16,0.0,0.82,1.0,0.0,1.0,0.0,255,1,0.0,1.0,0.0,0.0,0.23,0.0,0.77,1.0,1,16061.0
0,1,22,9,223,413,0,0,0,0,0,1,0,0,0,0,0,0,0,0,0,0,5,5,0.0,0.0,0.0,0.0,1.0,0.0,0.0,173,255,1.0,0.0,0.01,0.01,0.0,0.0,0.09,0.06,0,39632.0
0,1,44,5,0,0,0,0,0,0,0,0,0,0,0,0,0,0,0,0,0,0,111,8,1.0,1.0,0.0,0.0,0.07,0.06,0.0,255,17,0.07,0.06,0.0,0.0,1.0,1.0,0.0,0.0,1,27748.0
0,1,22,9,200,1492,0,0,0,0,0,1,0,0,0,0,0,0,0,0,0,0,2,4,0.0,0.0,0.0,0.0,1.0,0.0,0.75,142,255,1.0,0.0,0.01,0.01,0.0,0.0,0.0,0.0,0,39226.0
0,1,49,9,904,328,0,0,0,0,0,1,0,0,0,0,0,0,0,0,0,0,1,2,0.0,0.0,0.0,0.0,1.0,0.0,1.0,238,170,0.71,0.02,0.0,0.0,0.0,0.0,0.0,0.0,0,77479.0
0,1,44,5,0,0,0,0,0,0,0,0,0,0,0,0,0,0,0,0,0,0,22,9,1.0,1.0,0.0,0.0,0.41,0.27,0.0,255,15,0.06,0.08,0.0,0.0,1.0,1.0,0.0,0.0,1,112357.0
0,1,22,9,220,1088,0,0,0,0,0,1,0,0,0,0,0,0,0,0,0,0,9,9,0.0,0.0,0.0,0.0,1.0,0.0,0.0,70,255,1.0,0.0,0.01,0.05,0.0,0.0,0.0,0.0,0,33166.0
3,1,55,2,0,15,0,0,0,0,0,0,0,0,0,0,0,0,0,0,0,0,2,1,0.0,0.0,0.5,1.0,0.5,1.0,0.0,216,1,0.0,0.03,0.0,0.0,0.0,0.0,0.0,1.0,0,105124.0
0,2,11,9,44,66,0,0,0,0,0,0,0,0,0,0,0,0,0,0,0,0,125,130,0.0,0.0,0.0,0.0,1.0,0.0,0.02,255,255,1.0,0.0,0.0,0.0,0.0,0.0,0.0,0.0,0,33157.0
0,1,22,9,332,280,0,0,0,0,0,1,0,0,0,0,0,0,0,0,0,0,2,2,0.0,0.0,0.0,0.0,1.0,0.0,0.0,17,255,1.0,0.0,0.06,0.01,0.0,0.0,0.0,0.0,0,71142.0
0,1,22,1,0,0,0,0,0,0,0,0,0,0,0,0,0,0,0,0,0,0,1,1,0.0,0.0,1.0,1.0,1.0,0.0,0.0,61,1,0.02,1.0,0.02,0.0,0.0,0.0,0.9,1.0,1,124814.0
16513,1,40,4,1,0,0,0,0,0,0,0,0,0,0,0,0,0,0,0,0,0,2,2,0.0,0.0,1.0,1.0,1.0,0.0,0.0,255,2,0.01,0.62,1.0,0.0,0.0,0.0,1.0,1.0,1,6413.0
0,1,22,9,269,2117,0,0,0,0,0,1,0,0,0,0,0,0,0,0,0,0,13,13,0.0,0.0,0.0,0.0,1.0,0.0,0.0,119,255,1.0,0.0,0.01,0.02,0.0,0.0,0.0,0.0,0,4765.0
0,2,44,9,1,0,0,0,0,0,0,0,0,0,0,0,0,0,0,0,0,0,14,1,0.0,0.0,0.0,0.0,0.07,0.14,0.0,255,1,0.0,0.07,0.16,0.0,0.0,0.0,0.73,0.0,1,60152.0
0,1,29,5,0,0,0,0,0,0,0,0,0,0,0,0,0,0,0,0,0,0,195,5,1.0,1.0,0.0,0.0,0.03,0.06,0.0,255,5,0.02,0.06,0.0,0.0,1.0,1.0,0.0,0.0,1,120314.0
0,1,22,9,206,73,0,0,0,0,0,1,0,0,0,0,0,0,0,0,0,0,1,1,0.0,0.0,0.0,0.0,1.0,0.0,0.0,73,255,1.0,0.0,0.01,0.07,0.01,0.01,0.0,0.0,0,68022.0
0,1,44,5,0,0,0,0,0,0,0,0,0,0,0,0,0,0,0,0,0,0,131,9,1.0,1.0,0.0,0.0,0.07,0.07,0.0,255,10,0.04,0.07,0.0,0.0,1.0,1.0,0.0,0.0,1,35671.0
0,0,58,9,78,0,0,0,0,0,0,0,0,0,0,0,0,0,0,0,0,0,46,1,0.0,0.0,0.0,0.0,0.02,0.04,0.0,218,1,0.0,0.02,0.01,0.0,0.0,0.0,0.0,0.0,0,85087.0
0,1,4,5,0,0,0,0,0,0,0,0,0,0,0,0,0,0,0,0,0,0,269,14,1.0,1.0,0.0,0.0,0.05,0.06,0.0,255,14,0.05,0.08,0.0,0.0,1.0,1.0,0.0,0.0,1,23911.0
0,2,11,9,45,87,0,0,0,0,0,0,0,0,0,0,0,0,0,0,0,0,200,202,0.0,0.0,0.0,0.0,1.0,0.01,0.01,255,255,1.0,0.0,0.0,0.0,0.0,0.0,0.0,0.0,0,63238.0
0,1,35,5,0,0,0,0,0,0,0,0,0,0,0,0,0,0,0,0,0,0,269,14,1.0,1.0,0.0,0.0,0.05,0.05,0.0,255,14,0.05,0.05,0.0,0.0,1.0,1.0,0.0,0.0,1,13648.0
0,1,22,9,304,384,0,0,0,0,0,1,0,0,0,0,0,0,0,0,0,0,2,2,0.0,0.0,0.0,0.0,1.0,0.0,0.0,255,240,0.94,0.01,0.0,0.0,0.0,0.0,0.0,0.0,0,90414.0
0,1,22,9,260,245,0,0,0,0,0,1,0,0,0,0,0,0,0,0,0,0,9,10,0.0,0.0,0.0,0.0,1.0,0.0,0.2,180,255,1.0,0.0,0.01,0.02,0.0,0.0,0.0,0.0,0,57949.0
0,1,44,5,0,0,0,0,0,0,0,0,0,0,0,0,0,0,0,0,0,0,250,9,1.0,1.0,0.0,0.0,0.04,0.06,0.0,255,9,0.04,0.05,0.0,0.0,1.0,1.0,0.0,0.0,1,62463.0
0,1,22,9,54540,8314,0,0,0,2,0,1,1,0,0,0,0,0,0,0,0,0,3,3,0.0,0.0,0.33,0.33,1.0,0.0,0.0,3,3,1.0,0.0,0.33,0.0,0.0,0.0,0.33,0.33,1,7659.0
0,1,22,9,191,783,0,0,0,0,0,1,0,0,0,0,0,0,0,0,0,0,11,11,0.0,0.0,0.0,0.0,1.0,0.0,0.0,11,255,1.0,0.0,0.09,0.04,0.0,0.0,0.0,0.0,0,58339.0
0,1,44,5,0,0,0,0,0,0,0,0,0,0,0,0,0,0,0,0,0,0,284,10,1.0,1.0,0.0,0.0,0.04,0.06,0.0,255,13,0.05,0.07,0.0,0.0,1.0,1.0,0.0,0.0,1,76515.0
0,2,11,9,42,42,0,0,0,0,0,0,0,0,0,0,0,0,0,0,0,0,7,9,0.0,0.0,0.0,0.0,1.0,0.0,0.33,255,255,1.0,0.0,0.0,0.0,0.0,0.0,0.0,0.0,0,25287.0
0,2,11,9,43,72,0,0,0,0,0,0,0,0,0,0,0,0,0,0,0,0,174,174,0.0,0.0,0.0,0.0,1.0,0.0,0.0,255,254,1.0,0.01,0.01,0.0,0.0,0.0,0.0,0.0,0,38026.0
0,0,14,9,1032,0,0,0,0,0,0,0,0,0,0,0,0,0,0,0,0,0,511,511,0.0,0.0,0.0,0.0,1.0,0.0,0.0,255,189,0.74,0.01,0.74,0.0,0.0,0.0,0.0,0.0,1,114349.0
0,0,14,9,1480,0,0,1,0,0,0,0,0,0,0,0,0,0,0,0,0,0,6,6,0.0,0.0,0.0,0.0,1.0,0.0,0.0,255,6,0.02,0.02,0.02,0.0,0.0,0.0,0.0,0.0,1,104977.0
0,1,22,9,221,5790,0,0,0,0,0,1,0,0,0,0,0,0,0,0,0,0,13,14,0.0,0.0,0.0,0.0,1.0,0.0,0.14,255,255,1.0,0.0,0.0,0.0,0.0,0.0,0.0,0.0,0,35532.0
0,1,22,9,351,280,0,0,0,0,0,1,0,0,0,0,0,0,0,0,0,0,4,4,0.0,0.0,0.0,0.0,1.0,0.0,0.0,255,255,1.0,0.0,0.0,0.0,0.0,0.0,0.01,0.01,0,20199.0
0,1,22,9,228,1040,0,0,0,0,0,1,0,0,0,0,0,0,0,0,0,0,11,11,0.0,0.0,0.0,0.0,1.0,0.0,0.0,255,255,1.0,0.0,0.0,0.0,0.0,0.0,0.0,0.0,0,49585.0
1,1,49,9,1067,329,0,0,0,0,0,1,0,0,0,0,0,0,0,0,0,0,1,2,0.0,0.0,0.0,0.0,1.0,0.0,1.0,157,80,0.39,0.04,0.01,0.03,0.0,0.0,0.0,0.0,0,72392.0
0,0,14,9,1032,0,0,0,0,0,0,0,0,0,0,0,0,0,0,0,0,0,213,213,0.0,0.0,0.0,0.0,1.0,0.0,0.0,255,255,1.0,0.0,1.0,0.0,0.0,0.0,0.0,0.0,1,315.0
0,1,44,1,0,0,0,0,0,0,0,0,0,0,0,0,0,0,0,0,0,0,133,1,0.06,0.0,0.92,1.0,0.01,1.0,0.0,255,1,0.0,0.72,0.0,0.0,0.03,0.0,0.49,1.0,1,111572.0
0,1,19,9,12983,0,0,0,0,0,0,0,0,0,0,0,0,0,0,0,0,0,1,1,0.0,0.0,0.0,0.0,1.0,0.0,0.0,113,34,0.15,0.04,0.15,0.06,0.0,0.0,0.0,0.0,0,111175.0
0,0,14,9,1032,0,0,0,0,0,0,0,0,0,0,0,0,0,0,0,0,0,511,511,0.0,0.0,0.0,0.0,1.0,0.0,0.0,255,235,0.92,0.01,0.92,0.0,0.0,0.0,0.01,0.0,1,23288.0
0,1,44,5,0,0,0,0,0,0,0,0,0,0,0,0,0,0,0,0,0,0,206,11,1.0,1.0,0.0,0.0,0.05,0.08,0.0,255,11,0.04,0.09,0.0,0.0,1.0,1.0,0.0,0.0,1,67651.0
0,1,17,9,9,0,0,0,0,0,0,0,0,0,0,0,0,0,0,0,0,0,1,1,0.0,0.0,0.0,0.0,1.0,0.0,0.0,73,9,0.03,0.97,0.01,0.22,0.0,0.0,0.93,0.0,0,56141.0
48,1,55,9,165,24551,0,0,0,0,0,1,0,0,0,0,0,0,0,0,0,0,1,1,0.0,0.0,0.0,0.0,1.0,0.0,0.0,1,2,1.0,0.0,1.0,1.0,0.0,0.0,0.0,0.0,0,57158.0
0,1,22,9,244,2244,0,0,0,0,0,1,0,0,0,0,0,0,0,0,0,0,10,19,0.0,0.0,0.0,0.0,1.0,0.0,0.11,255,255,1.0,0.0,0.0,0.0,0.0,0.0,0.0,0.0,0,70609.0
0,1,22,9,192,2241,0,0,0,0,0,1,0,0,0,0,0,0,0,0,0,0,4,4,0.0,0.0,0.0,0.0,1.0,0.0,0.0,255,255,1.0,0.0,0.0,0.0,0.0,0.0,0.0,0.0,0,122252.0
0,1,19,9,637,0,0,0,0,0,0,1,0,0,0,0,0,0,0,0,0,0,6,6,0.0,0.0,0.0,0.0,1.0,0.0,0.0,205,58,0.28,0.02,0.28,0.0,0.0,0.0,0.01,0.0,0,4746.0
0,1,44,4,0,0,0,0,0,0,0,0,0,0,0,0,0,0,0,0,0,0,1,1,0.0,0.0,1.0,1.0,1.0,0.0,0.0,255,1,0.0,0.85,0.85,0.0,0.0,0.0,0.85,1.0,1,70619.0
6515,2,40,9,147,105,0,0,0,0,0,0,0,0,0,0,0,0,0,0,0,0,5,1,0.0,0.0,0.0,0.0,0.2,0.6,0.0,255,1,0.0,0.52,0.95,0.0,0.0,0.0,0.0,0.0,0,5829.0
0,1,22,9,382,1864,0,0,0,0,0,1,0,0,0,0,0,0,0,0,0,0,3,3,0.0,0.0,0.0,0.0,1.0,0.0,0.0,255,255,1.0,0.0,0.0,0.0,0.0,0.0,0.0,0.0,0,3830.0
0,2,11,9,45,111,0,0,0,0,0,0,0,0,0,0,0,0,0,0,0,0,69,149,0.0,0.0,0.0,0.0,1.0,0.0,0.01,255,232,0.91,0.01,0.0,0.0,0.0,0.0,0.0,0.0,0,91660.0
0,1,21,5,0,0,0,0,0,0,0,0,0,0,0,0,0,0,0,0,0,0,249,12,1.0,1.0,0.0,0.0,0.05,0.05,0.0,255,12,0.05,0.05,0.0,0.0,1.0,1.0,0.0,0.0,1,54489.0
0,1,19,9,12,0,0,0,0,0,0,1,0,0,0,0,0,0,0,0,0,0,1,1,0.0,0.0,0.0,0.0,1.0,0.0,0.0,255,46,0.18,0.02,0.18,0.0,0.0,0.0,0.0,0.0,0,67421.0
0,1,22,9,208,757,0,0,0,0,0,1,0,0,0,0,0,0,0,0,0,0,3,10,0.0,0.0,0.0,0.0,1.0,0.0,0.2,50,255,1.0,0.0,0.02,0.05,0.0,0.0,0.0,0.0,0,11995.0
0,1,2,5,0,0,0,0,0,0,0,0,0,0,0,0,0,0,0,0,0,0,216,7,1.0,1.0,0.0,0.0,0.03,0.06,0.0,255,7,0.03,0.07,0.0,0.0,1.0,1.0,0.0,0.0,1,90948.0
0,1,22,1,0,0,0,0,0,0,0,0,0,0,0,0,0,0,0,0,0,0,1,1,0.0,0.0,1.0,1.0,1.0,0.0,0.0,55,250,1.0,0.0,0.02,0.13,0.0,0.0,1.0,1.0,0,31439.0
0,2,11,9,43,127,0,0,0,0,0,0,0,0,0,0,0,0,0,0,0,0,31,112,0.0,0.0,0.0,0.0,1.0,0.0,0.02,255,220,0.86,0.01,0.0,0.0,0.0,0.0,0.0,0.0,0,97088.0
0,2,40,9,147,147,0,0,0,0,0,0,0,0,0,0,0,0,0,0,0,0,2,1,0.0,0.0,0.0,0.0,0.5,1.0,0.0,255,1,0.0,0.69,0.98,0.0,0.0,0.0,0.0,0.0,0,2173.0
0,1,44,5,0,0,0,0,0,0,0,0,0,0,0,0,0,0,0,0,0,0,106,4,1.0,1.0,0.0,0.0,0.04,0.08,0.0,255,7,0.03,0.08,0.0,0.0,1.0,1.0,0.0,0.0,1,95415.0
0,1,22,5,0,0,0,0,0,0,0,0,0,0,0,0,0,0,0,0,0,0,66,20,0.98,0.95,0.02,0.05,0.29,0.08,0.1,255,39,0.15,0.05,0.02,0.0,1.0,1.0,0.0,0.0,1,115795.0
0,1,22,9,286,310,0,0,0,0,0,1,0,0,0,0,0,0,0,0,0,0,3,4,0.0,0.0,0.0,0.0,1.0,0.0,0.5,112,255,1.0,0.0,0.01,0.02,0.0,0.0,0.0,0.0,0,118182.0
0,1,37,5,0,0,0,0,0,0,0,0,0,0,0,0,0,0,0,0,0,0,101,1,1.0,1.0,0.0,0.0,0.01,0.07,0.0,255,1,0.0,0.07,0.0,0.0,1.0,1.0,0.0,0.0,1,73805.0
690,2,11,9,108,42,0,0,0,0,0,0,0,0,0,0,0,0,0,0,0,0,1,1,0.0,0.0,0.0,0.0,1.0,0.0,0.0,205,155,0.76,0.02,0.08,0.0,0.0,0.0,0.0,0.0,0,92058.0
0,1,19,9,383,0,0,0,0,0,0,1,0,0,0,0,0,0,0,0,0,0,2,2,0.0,0.0,0.0,0.0,1.0,0.0,0.0,179,53,0.27,0.09,0.32,0.04,0.02,0.02,0.0,0.0,0,85026.0
0,0,58,9,140,0,0,0,0,0,0,0,0,0,0,0,0,0,0,0,0,0,12,10,0.0,0.0,0.0,0.0,0.33,0.17,0.2,255,20,0.08,0.01,0.08,0.0,0.0,0.0,0.0,0.0,0,62928.0
0,0,13,9,8,0,0,0,0,0,0,0,0,0,0,0,0,0,0,0,0,0,1,9,0.0,0.0,0.0,0.0,1.0,0.0,1.0,2,86,1.0,0.0,1.0,0.5,0.0,0.0,0.0,0.0,1,20440.0
0,1,61,1,0,0,0,0,0,0,0,0,0,0,0,0,0,0,0,0,0,0,213,16,0.0,0.0,1.0,1.0,0.08,0.07,0.0,255,16,0.06,0.08,0.0,0.0,0.0,0.0,1.0,1.0,1,38441.0
0,1,22,9,299,2570,0,0,0,0,0,1,0,0,0,0,0,0,0,0,0,0,12,14,0.0,0.0,0.0,0.0,1.0,0.0,0.21,12,255,1.0,0.0,0.08,0.02,0.0,0.0,0.0,0.0,0,44599.0
0,1,2,1,0,0,0,0,0,0,0,0,0,0,0,0,0,0,0,0,0,0,261,11,0.0,0.0,1.0,1.0,0.04,0.07,0.0,255,11,0.04,0.07,0.0,0.0,0.0,0.0,1.0,1.0,1,40798.0
0,1,25,5,0,0,0,0,0,0,0,0,0,0,0,0,0,0,0,0,0,0,238,14,1.0,1.0,0.0,0.0,0.06,0.05,0.0,255,9,0.04,0.07,0.0,0.0,1.0,1.0,0.0,0.0,1,117622.0
0,1,15,5,0,0,0,0,0,0,0,0,0,0,0,0,0,0,0,0,0,0,117,20,1.0,1.0,0.0,0.0,0.17,0.05,0.0,255,18,0.07,0.07,0.0,0.0,1.0,1.0,0.0,0.0,1,91062.0
0,1,21,5,0,0,0,0,0,0,0,0,0,0,0,0,0,0,0,0,0,0,236,3,1.0,1.0,0.0,0.0,0.01,0.07,0.0,255,3,0.01,0.07,0.0,0.0,1.0,1.0,0.0,0.0,1,77877.0
0,1,44,1,0,0,0,0,0,0,0,0,0,0,0,0,0,0,0,0,0,0,225,19,0.0,0.0,1.0,1.0,0.08,0.07,0.0,255,19,0.07,0.07,0.0,0.0,0.0,0.0,1.0,1.0,1,63997.0
0,1,44,5,0,0,0,0,0,0,0,0,0,0,0,0,0,0,0,0,0,0,125,3,1.0,1.0,0.0,0.0,0.02,0.06,0.0,255,11,0.04,0.07,0.0,0.0,1.0,1.0,0.0,0.0,1,103375.0
0,1,22,9,326,1133,0,0,0,0,0,1,0,0,0,0,0,0,0,0,0,0,21,21,0.0,0.0,0.0,0.0,1.0,0.0,0.0,255,255,1.0,0.0,0.01,0.0,0.0,0.0,0.0,0.0,0,30468.0
0,2,11,9,46,78,0,0,0,0,0,0,0,0,0,0,0,0,0,0,0,0,199,199,0.0,0.0,0.0,0.0,0.99,0.01,0.01,255,254,1.0,0.01,0.0,0.0,0.0,0.0,0.0,0.0,0,32891.0
0,2,11,9,46,132,0,0,0,0,0,0,0,0,0,0,0,0,0,0,0,0,76,156,0.0,0.0,0.0,0.0,1.0,0.0,0.01,255,203,0.8,0.01,0.0,0.0,0.0,0.0,0.0,0.0,0,99348.0
0,1,22,9,308,5975,0,0,0,0,0,1,0,0,0,0,0,0,0,0,0,0,1,2,0.0,0.0,0.0,0.0,1.0,0.0,1.0,11,255,1.0,0.0,0.09,0.05,0.0,0.0,0.0,0.0,0,21475.0
0,1,7,5,0,0,0,0,0,0,0,0,0,0,0,0,0,0,0,0,0,0,267,23,1.0,1.0,0.0,0.0,0.09,0.05,0.0,255,23,0.09,0.05,0.0,0.0,1.0,1.0,0.0,0.0,1,103825.0
0,1,44,5,0,0,0,0,0,0,0,0,0,0,0,0,0,0,0,0,0,0,269,13,1.0,1.0,0.0,0.0,0.05,0.06,0.0,255,12,0.05,0.07,0.0,0.0,1.0,1.0,0.0,0.0,1,60908.0
0,1,22,9,283,279,0,0,0,0,0,1,0,0,0,0,0,0,0,0,0,0,3,4,0.0,0.0,0.0,0.0,1.0,0.0,0.5,10,255,1.0,0.0,0.1,0.05,0.0,0.0,0.0,0.0,0,18953.0
0,1,22,9,219,788,0,0,0,0,0,1,0,0,0,0,0,0,0,0,0,0,4,4,0.0,0.0,0.0,0.0,1.0,0.0,0.0,25,255,1.0,0.0,0.04,0.02,0.0,0.0,0.0,0.0,0,101997.0
0,1,15,5,0,0,0,0,0,0,0,0,0,0,0,0,0,0,0,0,0,0,137,18,1.0,1.0,0.0,0.0,0.13,0.05,0.0,255,6,0.02,0.07,0.0,0.0,1.0,1.0,0.0,0.0,1,99604.0
0,1,50,5,0,0,0,0,0,0,0,0,0,0,0,0,0,0,0,0,0,0,9,4,1.0,1.0,0.0,0.0,0.44,0.33,0.0,255,4,0.02,0.08,0.0,0.0,1.0,1.0,0.0,0.0,1,112530.0
0,2,40,9,147,0,0,0,0,0,0,0,0,0,0,0,0,0,0,0,0,0,5,1,0.0,0.0,0.0,0.0,0.2,0.6,0.0,126,2,0.02,0.56,0.84,0.0,0.0,0.0,0.0,0.0,0,88266.0
0,1,44,4,0,0,0,0,0,0,0,0,0,0,0,0,0,0,0,0,0,0,1,1,0.0,0.0,1.0,1.0,1.0,0.0,0.0,255,1,0.0,0.48,0.47,0.0,0.0,0.0,0.47,1.0,1,18778.0
0,1,22,9,193,1414,0,0,0,0,0,1,0,0,0,0,0,0,0,0,0,0,1,1,0.0,0.0,0.0,0.0,1.0,0.0,0.0,129,255,1.0,0.0,0.01,0.01,0.0,0.0,0.0,0.0,0,103505.0
0,1,22,9,54540,8314,0,0,0,2,0,1,1,0,0,0,0,0,0,0,0,0,3,3,0.0,0.0,0.0,0.0,1.0,0.0,0.0,66,66,1.0,0.0,0.02,0.0,0.0,0.0,0.18,0.18,1,47550.0
0,1,19,9,8325,0,0,0,0,0,0,1,0,0,0,0,0,0,0,0,0,0,14,15,0.0,0.0,0.0,0.0,1.0,0.0,0.13,255,101,0.4,0.02,0.4,0.0,0.0,0.0,0.02,0.0,0,19943.0
0,1,55,5,0,0,0,0,0,0,0,0,0,0,0,0,0,0,0,0,0,0,63,13,1.0,1.0,0.0,0.0,0.21,0.06,0.0,255,53,0.21,0.04,0.01,0.0,1.0,1.0,0.0,0.0,1,64793.0
0,1,22,9,331,1287,0,0,0,0,0,1,0,0,0,0,0,0,0,0,0,0,1,1,0.0,0.0,0.0,0.0,1.0,0.0,0.0,48,255,1.0,0.0,0.02,0.01,0.0,0.0,0.0,0.0,0,121480.0
0,1,44,1,0,0,0,0,0,0,0,0,0,0,0,0,0,0,0,0,0,0,74,1,0.0,0.0,0.93,1.0,0.01,1.0,0.0,199,1,0.01,0.43,0.01,0.0,0.0,0.0,0.36,1.0,1,29819.0
0,1,44,5,0,0,0,0,0,0,0,0,0,0,0,0,0,0,0,0,0,0,112,8,1.0,1.0,0.0,0.0,0.07,0.06,0.0,255,16,0.06,0.06,0.0,0.0,1.0,1.0,0.0,0.0,1,45302.0
0,1,44,5,0,0,0,0,0,0,0,0,0,0,0,0,0,0,0,0,0,0,98,20,1.0,1.0,0.0,0.0,0.2,0.06,0.0,255,20,0.08,0.07,0.0,0.0,1.0,1.0,0.0,0.0,1,27267.0
0,1,44,5,0,0,0,0,0,0,0,0,0,0,0,0,0,0,0,0,0,0,133,11,1.0,1.0,0.0,0.0,0.08,0.06,0.0,255,29,0.11,0.07,0.0,0.0,1.0,1.0,0.0,0.0,1,11962.0
0,1,17,5,0,0,0,0,0,0,0,0,0,0,0,0,0,0,0,0,0,0,24,6,1.0,1.0,0.0,0.0,0.25,0.17,0.0,255,64,0.25,0.02,0.01,0.0,1.0,1.0,0.0,0.0,1,18353.0
0,1,53,5,0,0,0,0,0,0,0,0,0,0,0,0,0,0,0,0,0,0,283,25,1.0,1.0,0.0,0.0,0.09,0.05,0.0,255,25,0.1,0.05,0.0,0.0,1.0,1.0,0.0,0.0,1,119330.0
0,1,44,4,0,0,0,0,0,0,0,0,0,0,0,0,0,0,0,0,0,0,1,1,0.0,0.0,1.0,1.0,1.0,0.0,0.0,201,1,0.0,0.21,0.4,0.0,0.0,0.0,0.4,1.0,1,80729.0
0,1,15,5,0,0,0,0,0,0,0,0,0,0,0,0,0,0,0,0,0,0,127,2,1.0,1.0,0.0,0.0,0.02,0.07,0.0,255,2,0.01,0.06,0.0,0.0,1.0,1.0,0.0,0.0,1,35923.0
0,1,22,1,0,0,0,0,0,0,0,0,0,0,0,0,0,0,0,0,0,0,1,2,0.0,0.5,1.0,0.5,1.0,0.0,1.0,1,255,1.0,0.0,1.0,0.18,0.0,0.0,1.0,1.0,0,19345.0
0,1,49,9,2099,368,0,0,0,0,0,1,0,0,0,0,0,0,0,0,0,0,1,1,0.0,0.0,0.0,0.0,1.0,0.0,0.0,200,117,0.43,0.03,0.0,0.02,0.0,0.0,0.0,0.0,0,19853.0
0,0,13,9,8,0,0,0,0,0,0,0,0,0,0,0,0,0,0,0,0,0,1,1,0.0,0.0,0.0,0.0,1.0,0.0,0.0,1,47,1.0,0.0,1.0,0.51,0.0,0.0,0.0,0.0,1,67848.0
0,1,44,5,0,0,0,0,0,0,0,0,0,0,0,0,0,0,0,0,0,0,174,8,1.0,1.0,0.0,0.0,0.05,0.08,0.0,255,8,0.03,0.07,0.0,0.0,1.0,1.0,0.0,0.0,1,74061.0
0,2,11,9,43,126,0,0,0,0,0,0,0,0,0,0,0,0,0,0,0,0,89,169,0.0,0.0,0.0,0.0,1.0,0.0,0.01,255,255,1.0,0.0,0.0,0.0,0.0,0.0,0.0,0.0,0,32907.0
0,1,22,9,352,2241,0,0,0,0,0,1,0,0,0,0,0,0,0,0,0,0,1,1,0.0,0.0,0.0,0.0,1.0,0.0,0.0,29,255,1.0,0.0,0.03,0.03,0.0,0.0,0.0,0.0,0,122311.0
0,1,34,5,0,0,0,0,0,0,0,0,0,0,0,0,0,0,0,0,0,0,133,16,1.0,1.0,0.0,0.0,0.12,0.06,0.0,255,16,0.06,0.06,0.0,0.0,1.0,1.0,0.0,0.0,1,88154.0
0,1,44,5,0,0,0,0,0,0,0,0,0,0,0,0,0,0,0,0,0,0,147,18,1.0,1.0,0.0,0.0,0.12,0.06,0.0,255,36,0.14,0.05,0.0,0.0,1.0,1.0,0.0,0.0,1,14864.0
0,1,44,5,0,0,0,0,0,0,0,0,0,0,0,0,0,0,0,0,0,0,295,19,1.0,1.0,0.0,0.0,0.06,0.06,0.0,255,18,0.07,0.08,0.0,0.0,1.0,1.0,0.0,0.0,1,74516.0
0,1,22,5,0,0,0,0,0,0,0,0,0,0,0,0,0,0,0,0,0,0,2,4,0.5,0.5,0.0,0.0,1.0,0.0,0.5,168,255,1.0,0.0,0.01,0.02,0.01,0.01,0.01,0.01,0,18551.0
0,1,16,5,0,0,0,0,0,0,0,0,0,0,0,0,0,0,0,0,0,0,142,20,1.0,1.0,0.0,0.0,0.14,0.06,0.0,255,20,0.08,0.07,0.0,0.0,1.0,1.0,0.0,0.0,1,119001.0
0,2,11,9,45,116,0,0,0,0,0,0,0,0,0,0,0,0,0,0,0,0,112,112,0.0,0.0,0.0,0.0,0.99,0.02,0.02,255,253,0.99,0.01,0.0,0.0,0.0,0.0,0.0,0.0,0,115961.0
0,1,19,9,334,0,0,0,0,0,0,1,0,0,0,0,0,0,0,0,0,0,2,2,0.0,0.0,0.0,0.0,1.0,0.0,0.0,4,48,1.0,0.0,1.0,0.08,0.0,0.0,0.0,0.0,1,8927.0
0,1,22,9,312,4594,0,0,0,0,0,1,0,0,0,0,0,0,0,0,0,0,2,26,0.5,0.04,0.0,0.0,1.0,0.0,0.08,180,255,1.0,0.0,0.01,0.01,0.01,0.0,0.01,0.0,0,104669.0
0,1,31,5,0,0,0,0,0,0,0,0,0,0,0,0,0,0,0,0,0,0,241,6,1.0,1.0,0.0,0.0,0.02,0.06,0.0,255,14,0.05,0.07,0.0,0.0,1.0,1.0,0.0,0.0,1,33676.0
0,1,23,5,0,0,0,0,0,0,0,0,0,0,0,0,0,0,0,0,0,0,97,13,1.0,1.0,0.0,0.0,0.13,0.06,0.0,255,13,0.05,0.07,0.0,0.0,1.0,1.0,0.0,0.0,1,91502.0
0,1,22,9,327,7834,0,0,0,0,0,1,0,0,0,0,0,0,0,0,0,0,10,10,0.0,0.0,0.0,0.0,1.0,0.0,0.0,21,255,1.0,0.0,0.05,0.01,0.0,0.0,0.0,0.0,0,56780.0
0,1,22,9,54540,8314,0,0,0,2,0,1,1,0,0,0,0,0,0,0,0,0,1,1,0.0,0.0,0.0,0.0,1.0,0.0,0.0,253,253,1.0,0.0,0.0,0.0,0.0,0.0,0.02,0.02,1,118771.0
10,1,49,9,664,333,0,0,0,2,0,1,0,0,0,0,0,0,0,0,0,0,1,1,0.0,0.0,0.0,0.0,1.0,0.0,0.0,5,207,1.0,0.0,0.2,0.01,0.0,0.0,0.0,0.0,0,1186.0
0,1,44,5,0,0,0,0,0,0,0,0,0,0,0,0,0,0,0,0,0,0,287,1,1.0,1.0,0.0,0.0,0.0,0.05,0.0,255,1,0.0,0.07,0.0,0.0,1.0,1.0,0.0,0.0,1,26178.0
0,1,22,9,200,4004,0,0,0,0,0,1,0,0,0,0,0,0,0,0,0,0,18,18,0.0,0.0,0.0,0.0,1.0,0.0,0.0,98,255,1.0,0.0,0.01,0.02,0.0,0.0,0.0,0.0,0,124790.0
0,1,44,5,0,0,0,0,0,0,0,0,0,0,0,0,0,0,0,0,0,0,138,9,1.0,1.0,0.0,0.0,0.07,0.06,0.0,255,27,0.11,0.06,0.0,0.0,1.0,1.0,0.0,0.0,1,79832.0
0,2,44,9,105,147,0,0,0,0,0,0,0,0,0,0,0,0,0,0,0,0,1,1,0.0,0.0,0.0,0.0,1.0,0.0,0.0,69,68,0.99,0.03,0.01,0.0,0.0,0.0,0.0,0.0,0,16760.0
0,1,10,1,0,0,0,0,0,0,0,0,0,0,0,0,0,0,0,0,0,0,131,4,0.0,0.0,1.0,1.0,0.03,0.07,0.0,255,3,0.01,0.07,0.0,0.0,0.0,0.0,1.0,1.0,1,68632.0
0,1,22,9,333,1169,0,0,0,0,0,1,0,0,0,0,0,0,0,0,0,0,3,3,0.0,0.0,0.0,0.0,1.0,0.0,0.0,34,255,1.0,0.0,0.03,0.03,0.03,0.01,0.0,0.0,0,45065.0
0,1,22,1,0,0,0,0,0,0,0,0,0,0,0,0,0,0,0,0,0,0,1,4,0.0,0.0,1.0,1.0,1.0,0.0,1.0,1,255,1.0,0.0,1.0,0.11,0.0,0.0,1.0,1.0,0,86566.0
0,2,11,9,46,46,0,0,0,0,0,0,0,0,0,0,0,0,0,0,0,0,185,185,0.0,0.0,0.0,0.0,1.0,0.0,0.0,255,205,0.8,0.01,0.0,0.0,0.0,0.0,0.0,0.0,0,68641.0
0,1,19,9,567,0,0,0,0,0,0,0,0,0,0,0,0,0,0,0,0,0,1,1,0.0,0.0,0.0,0.0,1.0,0.0,0.0,255,109,0.43,0.02,0.43,0.0,0.0,0.0,0.0,0.0,0,58952.0
0,1,19,9,567,0,0,0,0,0,0,1,0,0,0,6,0,0,0,0,0,0,1,1,0.0,0.0,0.0,0.0,1.0,0.0,0.0,72,68,0.01,0.06,0.01,0.03,0.0,0.0,0.0,0.0,0,51601.0
0,1,7,1,0,0,0,0,0,0,0,0,0,0,0,0,0,0,0,0,0,0,263,13,0.0,0.0,1.0,1.0,0.05,0.06,0.0,255,13,0.05,0.07,0.0,0.0,0.0,0.0,1.0,1.0,1,29738.0
0,1,22,9,305,2698,0,0,0,0,0,1,0,0,0,0,0,0,1,0,0,0,2,7,0.0,0.0,0.0,0.0,1.0,0.0,0.29,255,222,0.87,0.02,0.0,0.0,0.0,0.0,0.0,0.0,0,45772.0
0,1,61,5,0,0,0,0,0,0,0,0,0,0,0,0,0,0,0,0,0,0,262,12,1.0,1.0,0.0,0.0,0.05,0.05,0.0,255,12,0.05,0.05,0.0,0.0,1.0,1.0,0.0,0.0,1,116668.0
0,1,8,5,0,0,0,0,0,0,0,0,0,0,0,0,0,0,0,0,0,0,202,1,1.0,1.0,0.0,0.0,0.0,0.07,0.0,255,1,0.0,0.08,0.0,0.0,1.0,1.0,0.0,0.0,1,85319.0
0,1,22,9,287,9006,0,0,0,0,0,1,0,0,0,0,0,0,0,0,0,0,1,2,0.0,0.0,0.0,0.0,1.0,0.0,1.0,118,255,1.0,0.0,0.01,0.01,0.02,0.01,0.03,0.01,0,78722.0
0,1,44,5,0,0,0,0,0,0,0,0,0,0,0,0,0,0,0,0,0,0,90,8,1.0,1.0,0.0,0.0,0.09,0.07,0.0,255,20,0.08,0.06,0.0,0.0,1.0,1.0,0.0,0.0,1,47856.0
0,1,22,9,246,3056,0,0,0,0,0,1,0,0,0,0,0,0,0,0,0,0,7,7,0.0,0.0,0.0,0.0,1.0,0.0,0.0,36,255,1.0,0.0,0.03,0.06,0.0,0.0,0.0,0.0,0,63352.0
0,1,19,9,14052,0,0,0,0,0,0,1,0,0,0,0,0,0,0,0,0,0,3,3,0.0,0.0,0.0,0.0,1.0,0.0,0.0,202,55,0.27,0.02,0.27,0.0,0.0,0.0,0.01,0.0,0,7587.0
0,1,17,5,0,0,0,0,0,0,0,0,0,0,0,0,0,0,0,0,0,0,170,25,1.0,1.0,0.0,0.0,0.15,0.06,0.0,255,25,0.1,0.05,0.0,0.0,1.0,1.0,0.0,0.0,1,8177.0
31,1,18,9,921,2720,0,0,0,19,0,1,0,0,0,0,0,0,0,0,0,1,1,1,0.0,0.0,0.0,0.0,1.0,0.0,0.0,108,24,0.22,0.04,0.01,0.0,0.0,0.0,0.0,0.0,0,29066.0
0,1,44,5,0,0,0,0,0,0,0,0,0,0,0,0,0,0,0,0,0,0,134,11,1.0,1.0,0.0,0.0,0.08,0.06,0.0,255,15,0.06,0.05,0.0,0.0,1.0,1.0,0.0,0.0,1,38662.0
0,2,44,9,105,147,0,0,0,0,0,0,0,0,0,0,0,0,0,0,0,0,7,1,0.0,0.0,0.0,0.0,0.14,0.29,0.0,255,236,0.93,0.01,0.0,0.0,0.0,0.0,0.0,0.0,0,83635.0
0,1,22,9,213,310,0,0,0,0,0,1,0,0,0,0,0,0,0,0,0,0,6,6,0.0,0.0,0.0,0.0,1.0,0.0,0.0,89,255,1.0,0.0,0.01,0.05,0.0,0.0,0.0,0.0,0,16536.0
0,1,22,9,308,1159,0,0,0,0,0,1,0,0,0,0,0,0,0,0,0,0,16,16,0.0,0.0,0.0,0.0,1.0,0.0,0.0,255,255,1.0,0.0,0.0,0.0,0.0,0.0,0.0,0.0,0,1896.0
0,1,22,9,325,4580,0,0,0,0,0,1,0,0,0,0,0,0,0,0,0,0,9,9,0.0,0.0,0.0,0.0,1.0,0.0,0.0,255,255,1.0,0.0,0.0,0.0,0.0,0.0,0.0,0.0,0,90594.0
0,1,49,9,1403,440,0,0,0,0,0,1,0,0,0,0,0,0,0,0,0,0,1,2,0.0,0.0,0.0,0.0,1.0,0.0,1.0,55,238,0.91,0.05,0.02,0.01,0.0,0.0,0.0,0.0,0,36177.0
0,2,11,9,43,126,0,0,0,0,0,0,0,0,0,0,0,0,0,0,0,0,78,156,0.0,0.0,0.0,0.0,1.0,0.0,0.01,255,172,0.67,0.01,0.0,0.0,0.0,0.0,0.0,0.0,0,74675.0
0,1,44,0,0,0,0,0,0,0,0,0,0,0,0,0,0,0,0,0,0,0,1,1,0.0,0.0,0.0,0.0,1.0,0.0,0.0,204,1,0.0,0.76,0.76,0.0,0.03,0.0,0.63,0.0,1,56837.0
0,1,22,9,206,1680,0,0,0,0,0,1,0,0,0,0,0,0,0,0,0,0,4,4,0.0,0.0,0.0,0.0,1.0,0.0,0.0,255,255,1.0,0.0,0.0,0.0,0.0,0.0,0.0,0.0,0,23831.0
1,1,49,9,1422,329,0,0,0,0,0,1,0,0,0,0,0,0,0,0,0,0,1,2,0.0,0.0,0.0,0.0,1.0,0.0,1.0,215,142,0.66,0.02,0.0,0.0,0.0,0.0,0.0,0.0,0,89252.0
0,1,22,9,321,255,0,0,0,0,0,1,0,0,0,0,0,0,0,0,0,0,6,6,0.0,0.0,0.0,0.0,1.0,0.0,0.0,118,255,1.0,0.0,0.01,0.04,0.0,0.0,0.0,0.0,0,57703.0
0,1,44,5,0,0,0,0,0,0,0,0,0,0,0,0,0,0,0,0,0,0,180,18,1.0,1.0,0.0,0.0,0.1,0.06,0.0,255,6,0.02,0.08,0.0,0.0,1.0,1.0,0.0,0.0,1,118377.0
0,1,44,5,0,0,0,0,0,0,0,0,0,0,0,0,0,0,0,0,0,0,217,20,1.0,1.0,0.0,0.0,0.09,0.06,0.0,255,7,0.03,0.08,0.0,0.0,1.0,1.0,0.0,0.0,1,6167.0
0,1,22,9,224,324,0,0,0,0,0,1,0,0,0,0,0,0,0,0,0,0,10,10,0.0,0.0,0.0,0.0,1.0,0.0,0.0,255,255,1.0,0.0,0.0,0.0,0.0,0.0,0.0,0.0,0,57126.0
0,1,2,5,0,0,0,0,0,0,0,0,0,0,0,0,0,0,0,0,0,0,218,8,1.0,1.0,0.0,0.0,0.04,0.08,0.0,255,8,0.03,0.09,0.0,0.0,1.0,1.0,0.0,0.0,1,61133.0
0,1,49,9,928,366,0,0,0,0,0,1,0,0,0,0,0,0,0,0,0,0,1,1,0.0,0.0,0.0,0.0,1.0,0.0,0.0,2,2,1.0,0.0,0.5,0.0,0.0,0.0,0.0,0.0,0,38712.0
0,2,40,9,516,4,0,0,0,0,0,0,0,0,0,0,0,0,0,0,0,0,225,225,0.0,0.0,0.0,0.0,1.0,0.0,0.0,225,225,1.0,0.0,1.0,0.0,0.0,0.0,0.0,0.0,0,64338.0
0,1,17,5,0,0,0,0,0,0,0,0,0,0,0,0,0,0,0,0,0,0,25,7,0.96,1.0,0.04,0.0,0.28,0.2,0.0,255,26,0.1,0.05,0.01,0.0,1.0,1.0,0.0,0.0,1,38242.0
0,1,44,5,0,0,0,0,0,0,0,0,0,0,0,0,0,0,0,0,0,0,197,13,1.0,1.0,0.0,0.0,0.07,0.05,0.0,255,13,0.05,0.05,0.0,0.0,1.0,1.0,0.0,0.0,1,104011.0
0,1,22,9,258,2825,0,0,0,0,0,1,0,0,0,0,0,0,0,0,0,0,1,7,0.0,0.0,0.0,0.0,1.0,0.0,0.43,116,255,1.0,0.0,0.01,0.02,0.0,0.0,0.0,0.0,0,89486.0
0,2,11,9,45,45,0,0,0,0,0,0,0,0,0,0,0,0,0,0,0,0,186,185,0.0,0.0,0.0,0.0,0.99,0.01,0.0,255,254,1.0,0.01,0.0,0.0,0.0,0.0,0.0,0.0,0,104054.0
0,1,22,9,307,506,0,0,0,0,0,1,0,0,0,0,0,0,0,0,0,0,4,4,0.0,0.0,0.0,0.0,1.0,0.0,0.0,28,255,1.0,0.0,0.04,0.04,0.0,0.01,0.0,0.01,0,107039.0
0,1,22,9,158,5321,0,0,0,0,0,1,0,0,0,0,0,0,0,0,0,0,2,16,0.0,0.0,0.0,0.0,1.0,0.0,0.19,75,255,1.0,0.0,0.01,0.03,0.01,0.0,0.0,0.0,0,31721.0
0,1,49,9,1197,332,0,0,0,0,0,1,0,0,0,0,0,0,0,0,0,0,2,1,0.0,0.0,0.0,0.0,0.5,1.0,0.0,255,150,0.59,0.03,0.0,0.0,0.01,0.02,0.0,0.01,0,25906.0
1,1,18,9,1256,2451,0,0,0,28,0,1,0,0,0,0,0,0,0,0,0,1,1,1,0.0,0.0,0.0,0.0,1.0,0.0,0.0,240,68,0.28,0.02,0.0,0.0,0.0,0.0,0.01,0.0,1,107063.0
0,1,44,5,0,0,0,0,0,0,0,0,0,0,0,0,0,0,0,0,0,0,247,22,1.0,1.0,0.0,0.0,0.09,0.05,0.0,255,22,0.09,0.05,0.0,0.0,1.0,1.0,0.0,0.0,1,86425.0
0,1,19,9,16115,0,0,0,0,0,0,1,0,0,0,0,0,0,0,0,0,0,10,10,0.0,0.0,0.0,0.0,1.0,0.0,0.0,202,61,0.3,0.02,0.3,0.0,0.0,0.0,0.0,0.0,0,21513.0
0,1,22,9,191,1938,0,0,0,0,0,1,0,0,0,0,0,0,0,0,0,0,2,2,0.0,0.0,0.0,0.0,1.0,0.0,0.0,17,255,1.0,0.0,0.06,0.08,0.0,0.0,0.0,0.0,0,74894.0
0,1,22,9,195,2013,0,0,0,0,0,1,0,0,0,0,0,0,0,0,0,0,9,10,0.0,0.0,0.0,0.0,1.0,0.0,0.2,217,255,1.0,0.0,0.0,0.02,0.0,0.0,0.0,0.0,0,83331.0
0,1,44,5,0,0,0,0,0,0,0,0,0,0,0,0,0,0,0,0,0,0,138,20,0.8,1.0,0.0,0.0,0.14,0.05,0.0,255,19,0.07,0.06,0.0,0.0,1.0,1.0,0.0,0.0,1,108129.0
0,1,44,5,0,0,0,0,0,0,0,0,0,0,0,0,0,0,0,0,0,0,206,16,1.0,1.0,0.0,0.0,0.08,0.06,0.0,255,6,0.02,0.07,0.0,0.0,1.0,1.0,0.0,0.0,1,63531.0
0,1,22,9,209,1645,0,0,0,0,0,1,0,0,0,0,0,0,0,0,0,0,1,1,0.0,0.0,0.0,0.0,1.0,0.0,0.0,90,255,1.0,0.0,0.01,0.03,0.0,0.0,0.0,0.0,0,62868.0
0,1,22,1,0,0,0,0,0,0,0,0,0,0,0,0,0,0,0,0,0,0,1,1,0.0,0.0,1.0,1.0,1.0,0.0,0.0,12,25,1.0,0.0,0.08,0.24,0.0,0.0,1.0,1.0,0,109641.0
0,1,44,5,0,0,0,0,0,0,0,0,0,0,0,0,0,0,0,0,0,0,142,13,1.0,1.0,0.0,0.0,0.09,0.05,0.0,255,13,0.05,0.04,0.0,0.0,1.0,1.0,0.0,0.0,1,52165.0
0,1,22,9,201,873,0,0,0,0,0,1,0,0,0,0,0,0,0,0,0,0,8,54,0.0,0.0,0.0,0.0,1.0,0.0,0.11,8,255,1.0,0.0,0.12,0.03,0.0,0.0,0.0,0.0,0,64422.0
0,0,13,9,30,0,0,0,0,0,0,0,0,0,0,0,0,0,0,0,0,0,2,2,0.0,0.0,0.0,0.0,1.0,0.0,0.0,203,203,1.0,0.0,1.0,0.0,0.0,0.0,0.0,0.0,0,17269.0
0,1,43,5,0,0,0,0,0,0,0,0,0,0,0,0,0,0,0,0,0,0,142,18,1.0,1.0,0.0,0.0,0.13,0.06,0.0,255,3,0.01,0.07,0.0,0.0,1.0,1.0,0.0,0.0,1,87913.0
4,1,49,9,1322,332,0,0,0,0,0,1,0,0,0,0,0,0,0,0,0,0,1,22,0.0,0.91,0.0,0.0,1.0,0.0,0.14,75,154,0.88,0.05,0.01,0.02,0.01,0.02,0.0,0.01,0,61703.0
0,0,14,9,1032,0,0,0,0,0,0,0,0,0,0,0,0,0,0,0,0,0,336,336,0.0,0.0,0.0,0.0,1.0,0.0,0.0,255,255,1.0,0.0,1.0,0.0,0.0,0.0,0.0,0.0,1,121428.0
0,1,22,9,192,3493,0,0,0,0,0,1,0,0,0,0,0,0,0,0,0,0,1,1,0.0,0.0,0.0,0.0,1.0,0.0,0.0,85,255,1.0,0.0,0.01,0.04,0.01,0.01,0.0,0.0,0,79195.0
0,1,19,9,3909,0,0,0,0,0,0,1,0,0,0,0,0,0,0,0,0,0,7,7,0.0,0.0,0.0,0.0,1.0,0.0,0.0,106,47,0.18,0.03,0.18,0.04,0.0,0.0,0.0,0.0,0,39541.0
0,1,22,9,327,943,0,0,0,0,0,1,0,0,0,0,0,0,0,0,0,0,23,23,0.0,0.0,0.0,0.0,1.0,0.0,0.0,255,255,1.0,0.0,0.0,0.0,0.0,0.0,0.0,0.0,0,21765.0
0,1,31,5,0,0,0,0,0,0,0,0,0,0,0,0,0,0,0,0,0,0,267,4,1.0,1.0,0.0,0.0,0.01,0.06,0.0,255,4,0.02,0.09,0.0,0.0,1.0,1.0,0.0,0.0,1,47908.0
0,1,44,5,0,0,0,0,0,0,0,0,0,0,0,0,0,0,0,0,0,0,246,9,1.0,1.0,0.0,0.0,0.04,0.06,0.0,255,9,0.04,0.06,0.0,0.0,1.0,1.0,0.0,0.0,1,33043.0
0,1,22,9,315,3370,0,0,0,0,0,1,0,0,0,0,0,0,0,0,0,0,2,2,0.0,0.0,0.0,0.0,1.0,0.0,0.0,14,255,1.0,0.0,0.07,0.01,0.0,0.0,0.0,0.0,0,35713.0
0,1,22,9,353,7976,0,0,0,0,0,1,0,0,0,0,0,0,0,0,0,0,5,6,0.0,0.0,0.0,0.0,1.0,0.0,0.33,250,255,1.0,0.0,0.0,0.02,0.0,0.0,0.0,0.0,0,67782.0
0,1,17,9,11,226,0,0,0,0,0,0,0,0,0,0,0,0,0,0,0,0,1,1,0.0,0.0,0.0,0.0,1.0,0.0,0.0,47,2,0.02,0.09,0.02,1.0,0.0,0.0,0.0,0.0,0,114880.0
0,1,28,5,0,0,0,0,0,0,0,0,0,0,0,0,0,0,0,0,0,0,135,6,1.0,1.0,0.0,0.0,0.04,0.06,0.0,255,15,0.06,0.07,0.0,0.0,1.0,1.0,0.0,0.0,1,84050.0
0,1,22,9,222,6043,0,0,0,0,0,1,0,0,0,0,0,0,0,0,0,0,1,1,0.0,0.0,0.0,0.0,1.0,0.0,0.0,4,255,1.0,0.0,0.25,0.04,0.25,0.0,0.0,0.0,0,34731.0
0,1,22,9,229,280,0,0,0,0,0,1,0,0,0,0,0,0,0,0,0,0,8,28,0.0,0.0,0.0,0.0,1.0,0.0,0.07,255,255,1.0,0.0,0.0,0.0,0.0,0.0,0.0,0.0,0,12261.0
0,1,44,5,0,0,0,0,0,0,0,0,0,0,0,0,0,0,0,0,0,0,228,8,1.0,1.0,0.0,0.0,0.04,0.06,0.0,255,10,0.04,0.06,0.0,0.0,1.0,1.0,0.0,0.0,1,55388.0
0,1,22,9,318,2680,0,0,0,0,0,1,0,0,0,0,0,0,0,0,0,0,21,22,0.0,0.0,0.0,0.0,1.0,0.0,0.09,255,255,1.0,0.0,0.0,0.0,0.0,0.0,0.0,0.0,0,39702.0
0,1,22,5,0,0,0,0,0,0,0,0,0,0,0,0,0,0,0,0,0,0,18,18,1.0,1.0,0.0,0.0,1.0,0.0,0.0,255,18,0.07,0.07,0.0,0.0,1.0,1.0,0.0,0.0,1,109929.0
0,1,22,9,255,5465,0,0,0,0,0,1,0,0,0,0,0,0,0,0,0,0,1,1,0.0,0.0,0.0,0.0,1.0,0.0,0.0,3,255,1.0,0.0,0.33,0.04,0.0,0.0,0.0,0.0,0,17322.0
0,1,22,9,223,1008,0,0,0,0,0,1,0,0,0,0,0,0,0,0,0,0,3,3,0.0,0.0,0.0,0.0,1.0,0.0,0.0,3,255,1.0,0.0,0.33,0.04,0.0,0.0,0.0,0.0,0,71483.0
0,2,40,9,516,4,0,0,0,0,0,0,0,0,0,0,0,0,0,0,0,0,466,466,0.0,0.0,0.0,0.0,1.0,0.0,0.0,255,255,1.0,0.0,1.0,0.0,0.0,0.0,0.0,0.0,0,104731.0
0,1,22,9,244,2211,0,0,0,0,0,1,0,0,0,0,0,0,0,0,0,0,11,11,0.0,0.0,0.0,0.0,1.0,0.0,0.0,38,255,1.0,0.0,0.03,0.02,0.0,0.0,0.0,0.0,0,1834.0
0,1,44,1,0,0,0,0,0,0,0,0,0,0,0,0,0,0,0,0,0,0,36,1,0.0,0.0,1.0,1.0,0.03,0.56,0.0,206,1,0.0,0.11,0.17,0.0,0.01,0.0,0.41,1.0,1,112708.0
0,2,11,9,46,132,0,0,0,0,0,0,0,0,0,0,0,0,0,0,0,0,79,159,0.0,0.0,0.0,0.0,1.0,0.0,0.01,255,239,0.94,0.01,0.0,0.0,0.0,0.0,0.0,0.0,0,81669.0
0,2,44,9,28,0,0,3,0,0,0,0,0,0,0,0,0,0,0,0,0,0,35,35,0.0,0.0,0.0,0.0,1.0,0.0,0.0,255,2,0.01,0.01,0.01,0.0,0.0,0.0,0.0,0.0,1,111266.0
0,1,49,9,1445,487,0,0,0,0,0,1,0,0,0,0,0,0,0,0,0,0,1,1,0.0,0.0,0.0,0.0,1.0,0.0,0.0,218,137,0.5,0.01,0.0,0.01,0.92,0.73,0.0,0.0,0,99434.0
0,1,55,5,0,0,0,0,0,0,0,0,0,0,0,0,0,0,0,0,0,0,57,14,1.0,1.0,0.0,0.0,0.25,0.07,0.0,255,58,0.23,0.04,0.02,0.0,1.0,1.0,0.0,0.0,1,47123.0
0,1,22,9,304,3146,0,0,0,0,0,1,0,0,0,0,0,0,0,0,0,0,5,5,0.0,0.0,0.0,0.0,1.0,0.0,0.0,109,255,1.0,0.0,0.01,0.03,0.0,0.0,0.0,0.0,0,92117.0
0,1,22,9,232,332,0,0,0,0,0,1,0,0,0,0,0,0,0,0,0,0,6,11,0.0,0.0,0.0,0.0,1.0,0.0,0.36,255,255,1.0,0.0,0.0,0.0,0.0,0.0,0.0,0.0,0,16919.0
0,1,30,5,0,0,0,0,0,0,0,0,0,0,0,0,0,0,0,0,0,0,119,8,1.0,1.0,0.0,0.0,0.07,0.07,0.0,255,1,0.0,0.09,0.0,0.0,1.0,1.0,0.0,0.0,1,22007.0
0,1,22,9,238,502,0,0,0,0,0,1,0,0,0,0,0,0,0,0,0,0,1,3,0.0,0.0,0.0,0.0,1.0,0.0,0.67,28,255,1.0,0.0,0.04,0.01,0.04,0.0,0.0,0.0,0,97190.0
0,1,44,5,0,0,0,0,0,0,0,0,0,0,0,0,0,0,0,0,0,0,126,9,1.0,1.0,0.0,0.0,0.07,0.07,0.0,255,17,0.07,0.07,0.0,0.0,1.0,1.0,0.0,0.0,1,56566.0
0,1,22,2,241,5840,0,0,0,0,0,1,0,0,0,0,0,0,0,0,0,0,7,7,0.0,0.0,0.14,0.14,1.0,0.0,0.0,234,255,1.0,0.0,0.0,0.02,0.0,0.0,0.0,0.0,0,83176.0
0,1,22,9,54540,8314,0,0,0,2,0,1,1,0,0,0,0,0,0,0,0,0,2,2,0.0,0.0,0.0,0.0,1.0,0.0,0.0,207,207,1.0,0.0,0.0,0.0,0.0,0.0,0.01,0.01,1,122983.0
0,1,49,9,951,336,0,0,0,0,0,1,0,0,0,0,0,0,0,0,0,0,1,1,0.0,0.0,0.0,0.0,1.0,0.0,0.0,31,151,0.97,0.06,0.03,0.01,0.0,0.0,0.0,0.0,0,119464.0
0,1,22,9,288,1775,0,0,0,0,0,1,0,0,0,0,0,0,0,0,0,0,10,21,0.0,0.05,0.0,0.0,1.0,0.0,0.14,34,255,1.0,0.0,0.03,0.13,0.0,0.0,0.0,0.51,0,81417.0
0,1,15,5,0,0,0,0,0,0,0,0,0,0,0,0,0,0,0,0,0,0,141,16,1.0,1.0,0.0,0.0,0.11,0.06,0.0,255,16,0.06,0.06,0.0,0.0,1.0,1.0,0.0,0.0,1,1216.0
0,1,40,1,0,0,0,0,0,0,0,0,0,0,0,0,0,0,0,0,0,0,475,1,0.07,0.0,0.92,1.0,0.0,1.0,0.0,255,1,0.0,1.0,0.0,0.0,0.04,0.0,0.96,1.0,1,76444.0
0,1,22,9,325,336,0,0,0,0,0,1,0,0,0,0,0,0,0,0,0,0,10,24,0.0,0.0,0.0,0.0,1.0,0.0,0.08,255,255,1.0,0.0,0.0,0.0,0.0,0.0,0.0,0.0,0,115061.0
0,1,22,5,0,0,0,0,0,0,0,0,0,0,0,0,0,0,0,0,0,0,45,17,1.0,1.0,0.0,0.0,0.38,0.09,0.0,255,64,0.25,0.04,0.0,0.0,1.0,1.0,0.0,0.0,1,64650.0
0,1,40,1,0,0,0,0,0,0,0,0,0,0,0,0,0,0,0,0,0,0,511,1,0.18,0.0,0.82,1.0,0.0,1.0,0.0,255,1,0.0,1.0,0.0,0.0,0.27,0.0,0.73,1.0,1,55160.0
0,1,19,9,9311,0,0,0,0,0,0,1,0,0,0,0,0,0,0,0,0,0,8,8,0.0,0.0,0.0,0.0,1.0,0.0,0.0,158,110,0.35,0.03,0.35,0.02,0.0,0.0,0.0,0.0,0,110989.0
0,1,59,5,0,0,0,0,0,0,0,0,0,0,0,0,0,0,0,0,0,0,122,7,1.0,1.0,0.0,0.0,0.06,0.07,0.0,255,11,0.04,0.07,0.0,0.0,1.0,1.0,0.0,0.0,1,57849.0
0,1,22,5,0,0,0,0,0,0,0,0,0,0,0,0,0,0,0,0,0,0,41,11,1.0,1.0,0.0,0.0,0.27,0.1,0.0,255,58,0.23,0.04,0.01,0.0,1.0,1.0,0.0,0.0,1,118705.0
0,1,19,9,0,191,0,0,0,0,0,0,0,0,0,0,0,0,0,0,0,0,1,1,0.0,0.0,0.0,0.0,1.0,0.0,0.0,36,65,0.36,0.14,0.03,0.03,0.0,0.0,0.06,0.0,0,109572.0
0,1,22,1,0,0,0,0,0,0,0,0,0,0,0,0,0,0,0,0,0,0,284,13,0.0,0.0,1.0,1.0,0.05,0.06,0.0,255,13,0.05,0.06,0.0,0.0,0.0,0.0,1.0,1.0,1,84071.0
0,1,44,5,0,0,0,0,0,0,0,0,0,0,0,0,0,0,0,0,0,0,100,1,1.0,1.0,0.0,0.0,0.01,0.06,0.0,255,15,0.06,0.07,0.0,0.0,1.0,1.0,0.0,0.0,1,37594.0
0,2,11,9,44,142,0,0,0,0,0,0,0,0,0,0,0,0,0,0,0,0,72,144,0.0,0.0,0.0,0.0,1.0,0.0,0.01,255,255,1.0,0.0,0.0,0.0,0.0,0.0,0.0,0.0,0,28033.0
0,1,17,5,0,0,0,0,0,0,0,0,0,0,0,0,0,0,0,0,0,0,57,16,1.0,1.0,0.0,0.0,0.28,0.07,0.0,255,30,0.12,0.05,0.01,0.0,1.0,1.0,0.0,0.0,1,26649.0
0,1,3,9,10,38,0,0,0,0,0,0,0,0,0,0,0,0,0,0,0,0,2,1,0.0,0.0,0.0,0.0,0.5,1.0,0.0,255,5,0.02,0.02,0.0,0.0,0.0,0.0,0.0,0.0,0,66749.0
2913,2,40,9,147,105,0,0,0,0,0,0,0,0,0,0,0,0,0,0,0,0,6,2,0.0,0.0,0.0,0.0,0.33,0.5,0.0,255,4,0.02,0.43,0.93,0.0,0.0,0.0,0.0,0.0,0,85016.0
0,1,19,9,12286,0,0,0,0,0,0,0,0,0,0,0,0,0,0,0,0,0,3,3,0.0,0.0,0.0,0.0,1.0,0.0,0.0,255,47,0.18,0.49,0.18,0.0,0.49,0.0,0.0,0.0,0,96033.0
0,1,22,9,206,1380,0,0,0,0,0,1,0,0,0,0,0,0,0,0,0,0,23,52,0.0,0.0,0.0,0.0,1.0,0.0,0.08,255,255,1.0,0.0,0.0,0.0,0.0,0.0,0.0,0.0,0,35443.0
0,1,19,9,2881,0,0,0,0,0,0,1,0,0,0,0,0,0,0,0,0,0,2,2,0.0,0.0,0.0,0.0,1.0,0.0,0.0,111,52,0.22,0.05,0.22,0.04,0.0,0.0,0.0,0.0,0,36422.0
0,1,48,5,0,0,0,0,0,0,0,0,0,0,0,0,0,0,0,0,0,0,142,12,1.0,1.0,0.0,0.0,0.08,0.06,0.0,255,1,0.0,0.08,0.0,0.0,1.0,1.0,0.0,0.0,1,16318.0
0,1,4,5,0,0,0,0,0,0,0,0,0,0,0,0,0,0,0,0,0,0,270,16,1.0,1.0,0.0,0.0,0.06,0.06,0.0,255,16,0.06,0.08,0.0,0.0,1.0,1.0,0.0,0.0,1,106311.0
0,1,22,9,309,2408,0,0,0,0,0,1,0,0,0,0,0,0,0,0,0,0,6,9,0.0,0.0,0.0,0.0,1.0,0.0,0.22,78,255,1.0,0.0,0.01,0.03,0.0,0.0,0.0,0.0,0,85451.0
0,1,60,5,0,0,0,0,0,0,0,0,0,0,0,0,0,0,0,0,0,0,222,18,1.0,1.0,0.0,0.0,0.08,0.06,0.0,255,18,0.07,0.07,0.0,0.0,1.0,1.0,0.0,0.0,1,2695.0
0,1,22,9,166,24084,0,0,0,0,0,1,0,0,0,0,0,0,0,0,0,0,2,2,0.0,0.0,0.0,0.0,1.0,0.0,0.0,2,255,1.0,0.0,0.5,0.05,0.0,0.0,0.0,0.0,0,22841.0
0,2,11,9,45,131,0,0,0,0,0,0,0,0,0,0,0,0,0,0,0,0,64,144,0.0,0.0,0.0,0.0,1.0,0.0,0.01,255,254,1.0,0.01,0.0,0.0,0.0,0.0,0.0,0.0,0,57613.0
0,2,44,9,1,0,0,0,0,0,0,0,0,0,0,0,0,0,0,0,0,0,15,1,0.0,0.0,0.0,0.0,0.07,0.67,0.0,255,1,0.0,0.46,0.64,0.0,0.03,0.0,0.33,0.0,1,46892.0
0,1,22,9,233,695,0,0,0,0,0,1,0,0,0,0,0,0,0,0,0,0,10,10,0.0,0.0,0.0,0.0,1.0,0.0,0.0,10,255,1.0,0.0,0.1,0.01,0.0,0.0,0.0,0.0,0,37089.0
0,1,44,5,0,0,0,0,0,0,0,0,0,0,0,0,0,0,0,0,0,0,109,7,1.0,1.0,0.0,0.0,0.06,0.07,0.0,255,2,0.01,0.08,0.0,0.0,1.0,1.0,0.0,0.0,1,56690.0
0,0,13,9,8,0,0,0,0,0,0,0,0,0,0,0,0,0,0,0,0,0,1,43,0.0,0.0,0.0,0.0,1.0,0.0,1.0,3,151,1.0,0.0,1.0,0.25,0.0,0.0,0.0,0.0,1,114565.0
0,1,22,9,334,2488,0,0,0,0,0,1,0,0,0,0,0,0,0,0,0,0,7,10,0.0,0.0,0.0,0.0,1.0,0.0,0.3,185,221,1.0,0.0,0.01,0.02,0.0,0.0,0.0,0.0,0,22628.0
0,1,22,9,318,4430,0,0,0,0,0,1,0,0,0,0,0,0,0,0,0,0,4,4,0.0,0.0,0.0,0.0,1.0,0.0,0.0,4,255,1.0,0.0,0.25,0.01,0.0,0.0,0.0,0.0,0,28599.0
0,1,44,5,0,0,0,0,0,0,0,0,0,0,0,0,0,0,0,0,0,0,114,9,1.0,1.0,0.0,0.0,0.08,0.06,0.0,255,9,0.04,0.06,0.0,0.0,1.0,1.0,0.0,0.0,1,28287.0
0,1,19,9,37,0,0,0,0,0,0,0,0,0,0,0,0,0,0,0,0,0,2,2,0.0,0.0,0.0,0.0,1.0,0.0,0.0,255,41,0.16,0.51,0.16,0.0,0.51,0.0,0.0,0.0,0,17311.0
0,1,52,5,0,0,0,0,0,0,0,0,0,0,0,0,0,0,0,0,0,0,124,8,1.0,1.0,0.0,0.0,0.06,0.06,0.0,255,4,0.02,0.06,0.0,0.0,1.0,1.0,0.0,0.0,1,36909.0
0,1,62,5,0,0,0,0,0,0,0,0,0,0,0,0,0,0,0,0,0,0,284,25,1.0,1.0,0.0,0.0,0.09,0.05,0.0,255,25,0.1,0.05,0.0,0.0,1.0,1.0,0.0,0.0,1,44949.0
0,1,22,5,0,0,0,0,0,0,0,0,0,0,0,0,0,0,0,0,0,0,144,15,1.0,1.0,0.0,0.0,0.1,0.06,0.0,255,15,0.06,0.06,0.0,0.0,1.0,1.0,0.0,0.0,1,51774.0
0,1,22,9,216,1722,0,0,0,0,0,1,0,0,0,0,0,0,0,0,0,0,8,8,0.0,0.0,0.0,0.0,1.0,0.0,0.0,255,255,1.0,0.0,0.0,0.0,0.0,0.0,0.0,0.0,0,11737.0
3,1,40,9,1342,0,0,0,0,0,0,1,0,0,0,0,0,0,0,0,0,0,1,1,0.0,0.0,0.0,0.0,1.0,0.0,0.0,176,1,0.01,0.08,0.07,0.0,0.02,0.0,0.0,0.0,0,81351.0
0,2,44,9,1,0,0,0,0,0,0,0,0,0,0,0,0,0,0,0,0,0,14,2,0.0,0.0,0.0,0.0,0.14,0.43,0.0,255,2,0.01,0.74,0.3,0.0,0.03,0.0,0.67,0.0,1,34110.0
0,1,44,1,0,0,0,0,0,0,0,0,0,0,0,0,0,0,0,0,0,0,1,1,0.0,0.0,1.0,1.0,1.0,0.0,0.0,28,2,0.04,1.0,0.04,1.0,0.0,0.0,0.93,1.0,1,82799.0
0,1,22,9,318,1861,0,0,0,0,0,1,0,0,0,0,0,0,0,0,0,0,16,17,0.0,0.0,0.0,0.0,1.0,0.0,0.12,255,255,1.0,0.0,0.0,0.0,0.0,0.0,0.0,0.0,0,17578.0
0,1,7,5,0,0,0,0,0,0,0,0,0,0,0,0,0,0,0,0,0,0,144,5,1.0,1.0,0.0,0.0,0.03,0.06,0.0,255,4,0.02,0.07,0.0,0.0,1.0,1.0,0.0,0.0,1,118210.0
0,0,13,9,8,0,0,0,0,0,0,0,0,0,0,0,0,0,0,0,0,0,1,6,0.0,0.0,0.0,0.0,1.0,0.0,1.0,2,8,1.0,0.0,1.0,0.5,0.0,0.0,0.0,0.0,1,19226.0
0,1,44,5,0,0,0,0,0,0,0,0,0,0,0,0,0,0,0,0,0,0,122,8,1.0,1.0,0.0,0.0,0.07,0.05,0.0,255,8,0.03,0.06,0.0,0.0,1.0,1.0,0.0,0.0,1,81961.0
0,1,57,5,0,0,0,0,0,0,0,0,0,0,0,0,0,0,0,0,0,0,62,6,1.0,1.0,0.0,0.0,0.1,0.1,0.0,255,6,0.02,0.09,0.0,0.0,1.0,1.0,0.0,0.0,1,116368.0
0,1,49,9,2701,281,0,0,0,0,0,1,0,0,0,0,0,0,0,0,0,0,2,2,0.0,0.0,0.0,0.0,0.5,1.0,1.0,255,182,0.71,0.02,0.0,0.0,0.0,0.0,0.0,0.0,0,70910.0
0,1,22,9,291,454,0,0,0,0,0,1,0,0,0,0,0,0,0,0,0,0,5,6,0.0,0.0,0.0,0.0,1.0,0.0,0.33,255,255,1.0,0.0,0.0,0.0,0.0,0.0,0.0,0.0,0,10718.0
0,1,5,5,0,0,0,0,0,0,0,0,0,0,0,0,0,0,0,0,0,0,106,4,1.0,1.0,0.0,0.0,0.04,0.07,0.0,255,4,0.02,0.05,0.0,0.0,1.0,1.0,0.0,0.0,1,36250.0
0,1,44,5,0,0,0,0,0,0,0,0,0,0,0,0,0,0,0,0,0,0,93,24,1.0,1.0,0.0,0.0,0.26,0.05,0.0,255,24,0.09,0.04,0.0,0.0,1.0,1.0,0.0,0.0,1,38568.0
0,1,42,5,0,0,0,0,0,0,0,0,0,0,0,0,0,0,0,0,0,0,260,9,1.0,1.0,0.0,0.0,0.03,0.06,0.0,255,9,0.04,0.06,0.0,0.0,1.0,1.0,0.0,0.0,1,80169.0
0,1,22,9,224,24698,0,0,0,0,0,1,0,0,0,0,0,0,0,0,0,0,9,9,0.0,0.0,0.0,0.0,1.0,0.0,0.0,255,255,1.0,0.0,0.0,0.0,0.0,0.0,0.0,0.0,0,28110.0
0,1,8,5,0,0,0,0,0,0,0,0,0,0,0,0,0,0,0,0,0,0,201,15,1.0,1.0,0.0,0.0,0.07,0.06,0.0,255,18,0.07,0.05,0.0,0.0,1.0,1.0,0.0,0.0,1,63729.0
0,1,49,9,1684,282,0,0,0,0,0,1,0,0,0,0,0,0,0,0,0,0,1,1,0.0,0.0,0.0,0.0,1.0,0.0,0.0,15,164,0.67,0.27,0.07,0.01,0.0,0.02,0.0,0.0,0,51185.0
0,1,44,5,0,0,0,0,0,0,0,0,0,0,0,0,0,0,0,0,0,0,204,2,1.0,1.0,0.0,0.0,0.01,0.05,0.0,255,2,0.01,0.07,0.0,0.0,1.0,1.0,0.0,0.0,1,92714.0
4196,2,40,9,147,105,0,0,0,0,0,0,0,0,0,0,0,0,0,0,0,0,1,1,0.0,0.0,0.0,0.0,1.0,0.0,0.0,255,1,0.0,0.84,1.0,0.0,0.0,0.0,0.0,0.0,0,77745.0
0,1,52,5,0,0,0,0,0,0,0,0,0,0,0,0,0,0,0,0,0,0,143,14,1.0,1.0,0.0,0.0,0.1,0.06,0.0,255,4,0.02,0.07,0.0,0.0,1.0,1.0,0.0,0.0,1,84579.0
0,1,22,9,221,2583,0,0,0,0,0,1,0,0,0,0,0,0,0,0,0,0,10,11,0.0,0.0,0.0,0.0,1.0,0.0,0.18,34,255,1.0,0.0,0.03,0.03,0.0,0.0,0.0,0.0,0,75596.0
0,1,42,5,0,0,0,0,0,0,0,0,0,0,0,0,0,0,0,0,0,0,257,2,1.0,1.0,0.0,0.0,0.01,0.07,0.0,255,2,0.01,0.07,0.0,0.0,1.0,1.0,0.0,0.0,1,49085.0
0,0,14,9,520,0,0,0,0,0,0,0,0,0,0,0,0,0,0,0,0,0,449,449,0.0,0.0,0.0,0.0,1.0,0.0,0.0,42,42,1.0,0.0,1.0,0.0,0.0,0.0,0.0,0.0,1,118295.0
0,1,22,9,325,369,0,0,0,0,0,1,0,0,0,0,0,0,0,0,0,0,3,3,0.0,0.0,0.0,0.0,1.0,0.0,0.0,255,255,1.0,0.0,0.0,0.0,0.0,0.0,0.0,0.0,0,106419.0
0,1,22,9,348,280,0,0,0,0,0,1,0,0,0,0,0,0,0,0,0,0,5,5,0.0,0.0,0.0,0.0,1.0,0.0,0.0,162,255,1.0,0.0,0.01,0.02,0.0,0.0,0.0,0.0,0,124141.0
0,1,22,9,210,1691,0,0,0,0,0,1,0,0,0,0,0,0,0,0,0,0,13,24,0.0,0.0,0.0,0.0,1.0,0.0,0.08,255,255,1.0,0.0,0.0,0.0,0.0,0.0,0.0,0.0,0,75491.0
0,1,19,9,35195,0,0,0,0,0,0,0,0,0,0,0,0,0,0,0,0,0,22,22,0.0,0.0,0.0,0.0,1.0,0.0,0.0,255,60,0.24,0.02,0.24,0.0,0.0,0.0,0.0,0.0,0,85689.0
0,1,16,5,0,0,0,0,0,0,0,0,0,0,0,0,0,0,0,0,0,0,60,16,1.0,1.0,0.0,0.0,0.27,0.07,0.0,255,16,0.06,0.05,0.0,0.0,1.0,1.0,0.0,0.0,1,42540.0
0,1,22,9,304,1042,0,0,0,0,0,1,0,0,0,0,0,0,0,0,0,0,3,6,0.0,0.0,0.0,0.0,1.0,0.0,0.67,3,255,1.0,0.0,0.33,0.02,0.0,0.0,0.0,0.0,0,105729.0
0,0,14,9,520,0,0,0,0,0,0,0,0,0,0,0,0,0,0,0,0,0,95,95,0.0,0.0,0.0,0.0,1.0,0.0,0.0,255,255,1.0,0.0,1.0,0.0,0.0,0.0,0.0,0.0,1,68602.0
0,1,22,9,228,984,0,0,0,0,0,1,0,0,0,0,0,0,0,0,0,0,9,9,0.0,0.0,0.0,0.0,1.0,0.0,0.0,255,255,1.0,0.0,0.0,0.0,0.0,0.0,0.0,0.0,0,115754.0
0,0,13,9,8,0,0,0,0,0,0,0,0,0,0,0,0,0,0,0,0,0,1,16,0.0,0.0,0.0,0.0,1.0,0.0,1.0,1,129,1.0,0.0,1.0,0.51,0.0,0.0,0.0,0.0,1,33528.0
0,1,44,5,0,0,0,0,0,0,0,0,0,0,0,0,0,0,0,0,0,0,163,17,1.0,1.0,0.0,0.0,0.1,0.06,0.0,255,8,0.03,0.08,0.0,0.0,1.0,1.0,0.0,0.0,1,70292.0
0,1,22,9,264,10242,0,0,0,0,0,1,0,0,0,0,0,0,0,0,0,0,3,3,0.0,0.0,0.0,0.0,1.0,0.0,0.0,1,255,1.0,0.0,1.0,0.18,0.0,0.0,0.0,0.79,0,104624.0
0,1,37,5,0,0,0,0,0,0,0,0,0,0,0,0,0,0,0,0,0,0,112,19,1.0,1.0,0.0,0.0,0.17,0.05,0.0,255,13,0.05,0.05,0.0,0.0,1.0,1.0,0.0,0.0,1,38071.0
0,1,55,5,0,0,0,0,0,0,0,0,0,0,0,0,0,0,0,0,0,0,230,3,1.0,1.0,0.0,0.0,0.01,0.05,0.0,255,3,0.01,0.06,0.0,0.0,1.0,1.0,0.0,0.0,1,65487.0
0,1,22,9,160,4198,0,0,0,0,0,1,0,0,0,0,0,0,0,0,0,0,1,4,0.0,0.0,0.0,0.0,1.0,0.0,1.0,2,255,1.0,0.0,0.5,0.02,0.0,0.0,0.0,0.0,0,26937.0
0,1,22,9,313,17,0,0,0,0,0,1,0,0,0,0,0,0,0,0,0,0,1,1,0.0,0.0,0.0,0.0,1.0,0.0,0.0,3,255,1.0,0.0,0.33,0.03,0.0,0.0,0.0,0.01,0,39723.0
0,1,22,9,318,10360,0,0,0,0,0,1,0,0,0,0,0,0,0,0,0,0,1,1,0.0,0.0,0.0,0.0,1.0,0.0,0.0,165,255,1.0,0.0,0.01,0.02,0.0,0.0,0.0,0.0,0,98372.0
2,1,49,9,877,330,0,0,0,0,0,1,0,0,0,0,0,0,0,0,0,0,1,2,0.0,0.0,0.0,0.0,1.0,0.0,1.0,84,202,0.95,0.02,0.01,0.01,0.0,0.0,0.0,0.0,0,56143.0
0,2,11,9,46,132,0,0,0,0,0,0,0,0,0,0,0,0,0,0,0,0,268,268,0.0,0.0,0.0,0.0,1.0,0.0,0.0,255,251,0.98,0.01,0.0,0.0,0.0,0.0,0.0,0.0,0,55373.0
0,1,19,9,4539,0,0,0,0,0,0,0,0,0,0,0,0,0,0,0,0,0,17,17,0.0,0.0,0.0,0.0,1.0,0.0,0.0,255,23,0.09,0.45,0.09,0.0,0.0,0.0,0.0,0.0,0,85277.0
0,1,22,9,243,707,0,0,0,0,0,1,0,0,0,0,0,0,0,0,0,0,32,32,0.0,0.0,0.0,0.0,1.0,0.0,0.0,255,255,1.0,0.0,0.0,0.0,0.0,0.0,0.0,0.0,0,80809.0
0,1,22,9,241,2366,0,0,0,0,0,1,0,0,0,0,0,0,0,0,0,0,2,2,0.0,0.0,0.0,0.0,1.0,0.0,0.0,2,255,1.0,0.0,0.5,0.04,0.0,0.0,0.0,0.0,0,125131.0
0,2,11,9,29,0,0,0,0,0,0,0,0,0,0,0,0,0,0,0,0,0,1,2,0.0,0.0,0.0,0.0,1.0,0.0,1.0,30,80,0.13,0.13,0.13,0.04,0.0,0.0,0.0,0.0,0,41107.0
0,1,22,9,244,4417,0,0,0,0,0,1,0,0,0,0,0,0,0,0,0,0,5,12,0.0,0.0,0.0,0.0,1.0,0.0,0.17,5,255,1.0,0.0,0.2,0.02,0.0,0.0,0.0,0.0,0,44725.0
0,0,13,9,8,0,0,0,0,0,0,0,0,0,0,0,0,0,0,0,0,0,1,31,0.0,0.0,0.0,0.0,1.0,0.0,1.0,2,44,1.0,0.0,1.0,0.5,0.0,0.0,0.0,0.0,1,62563.0
0,0,13,9,8,0,0,0,0,0,0,0,0,0,0,0,0,0,0,0,0,0,1,3,0.0,0.0,0.0,0.0,1.0,0.0,1.0,4,255,1.0,0.0,1.0,0.25,0.0,0.0,0.0,0.0,1,55086.0
0,1,22,9,342,1136,0,0,0,0,0,1,0,0,0,0,0,0,0,0,0,0,21,21,0.0,0.0,0.0,0.0,1.0,0.0,0.0,181,255,1.0,0.0,0.01,0.01,0.01,0.0,0.0,0.0,0,31007.0
2,1,19,9,2194619,0,0,0,0,0,0,1,0,0,0,0,0,0,0,0,0,0,1,1,0.0,0.0,0.0,0.0,1.0,0.0,0.0,124,51,0.07,0.02,0.07,0.04,0.0,0.0,0.0,0.0,0,46146.0
0,1,44,5,0,0,0,0,0,0,0,0,0,0,0,0,0,0,0,0,0,0,149,6,1.0,1.0,0.0,0.0,0.04,0.06,0.0,255,4,0.02,0.07,0.0,0.0,1.0,1.0,0.0,0.0,1,23118.0
0,1,22,9,239,580,0,0,0,0,0,1,0,0,0,0,0,0,0,0,0,0,1,5,0.0,0.0,0.0,0.0,1.0,0.0,0.6,6,255,1.0,0.0,0.17,0.05,0.0,0.0,0.0,0.0,0,3146.0
0,1,22,9,313,29623,0,0,0,0,0,1,0,0,0,0,0,0,0,0,0,0,2,2,0.0,0.0,0.0,0.0,1.0,0.0,0.0,2,255,1.0,0.0,0.5,0.06,0.0,0.0,0.0,0.0,0,8087.0
0,1,55,5,0,0,0,0,0,0,0,0,0,0,0,0,0,0,0,0,0,0,69,24,1.0,1.0,0.0,0.0,0.35,0.06,0.0,255,6,0.02,0.05,0.0,0.0,1.0,1.0,0.0,0.0,1,95453.0
0,1,17,5,0,0,0,0,0,0,0,0,0,0,0,0,0,0,0,0,0,0,293,13,1.0,1.0,0.0,0.0,0.04,0.05,0.0,255,13,0.05,0.05,0.0,0.0,1.0,1.0,0.0,0.0,1,64445.0
0,1,19,9,334,0,0,0,0,0,0,1,0,0,0,0,0,0,0,0,0,0,2,2,0.0,0.0,0.0,0.0,1.0,0.0,0.0,10,18,1.0,0.0,1.0,0.17,0.0,0.0,0.0,0.0,1,93461.0
0,1,22,9,230,492,0,0,0,0,0,1,0,0,0,0,0,0,0,0,0,0,1,10,0.0,0.0,0.0,0.0,1.0,0.0,0.2,10,255,1.0,0.0,0.1,0.04,0.1,0.0,0.0,0.0,0,64295.0
0,1,44,5,0,0,0,0,0,0,0,0,0,0,0,0,0,0,0,0,0,0,110,5,1.0,1.0,0.0,0.0,0.05,0.08,0.0,255,5,0.02,0.07,0.0,0.0,1.0,1.0,0.0,0.0,1,81195.0
0,1,5,5,0,0,0,0,0,0,0,0,0,0,0,0,0,0,0,0,0,0,131,16,1.0,1.0,0.0,0.0,0.12,0.06,0.0,255,5,0.02,0.08,0.0,0.0,1.0,1.0,0.0,0.0,1,28477.0
0,1,22,9,236,357,0,0,0,0,0,1,0,0,0,0,0,0,0,0,0,0,18,18,0.0,0.0,0.0,0.0,1.0,0.0,0.0,58,255,1.0,0.0,0.02,0.04,0.0,0.0,0.0,0.0,0,1053.0
0,1,22,9,54540,8314,0,0,0,2,0,1,1,0,0,0,0,0,0,0,0,0,2,3,0.0,0.0,0.0,0.33,1.0,0.0,0.67,23,23,1.0,0.0,0.04,0.0,0.0,0.0,0.0,0.0,1,46222.0
0,0,14,9,1032,0,0,0,0,0,0,0,0,0,0,0,0,0,0,0,0,0,511,511,0.0,0.0,0.0,0.0,1.0,0.0,0.0,255,112,0.44,0.19,0.44,0.0,0.0,0.0,0.0,0.0,1,55248.0
0,1,44,5,0,0,0,0,0,0,0,0,0,0,0,0,0,0,0,0,0,0,241,16,1.0,1.0,0.0,0.0,0.07,0.06,0.0,255,5,0.02,0.08,0.0,0.0,1.0,1.0,0.0,0.0,1,29134.0
0,1,44,5,0,0,0,0,0,0,0,0,0,0,0,0,0,0,0,0,0,0,211,11,1.0,1.0,0.0,0.0,0.05,0.06,0.0,255,25,0.1,0.06,0.0,0.0,1.0,1.0,0.0,0.0,1,9721.0
0,1,22,1,0,0,0,0,0,0,0,0,0,0,0,0,0,0,0,0,0,0,1,1,0.0,0.0,1.0,1.0,1.0,0.0,0.0,64,247,1.0,0.0,0.02,0.15,0.0,0.0,1.0,0.98,0,84505.0
0,1,0,2,74,17,0,0,0,0,0,1,0,0,0,0,0,0,0,0,0,0,1,1,0.0,0.0,1.0,1.0,1.0,0.0,0.0,77,13,0.17,0.03,0.01,0.0,0.0,0.0,0.1,0.62,0,83033.0
0,1,32,5,0,0,0,0,0,0,0,0,0,0,0,0,0,0,0,0,0,0,270,18,1.0,1.0,0.0,0.0,0.07,0.07,0.0,255,5,0.02,0.05,0.0,0.0,1.0,1.0,0.0,0.0,1,122090.0
0,1,22,9,214,14443,0,0,0,0,0,1,0,0,0,0,0,0,0,0,0,0,15,24,0.0,0.0,0.0,0.0,1.0,0.0,0.08,255,255,1.0,0.0,0.0,0.0,0.0,0.0,0.0,0.0,0,124194.0
9,1,49,9,1864,330,0,0,0,0,0,1,0,0,0,0,0,0,0,0,0,0,1,1,0.0,0.0,0.0,0.0,1.0,0.0,0.0,199,94,0.47,0.02,0.01,0.0,0.0,0.0,0.0,0.0,0,91015.0
0,1,44,1,0,0,0,0,0,0,0,0,0,0,0,0,0,0,0,0,0,0,257,9,0.0,0.0,1.0,1.0,0.04,0.07,0.0,255,9,0.04,0.07,0.0,0.0,0.0,0.0,1.0,1.0,1,87603.0
0,1,44,5,0,0,0,0,0,0,0,0,0,0,0,0,0,0,0,0,0,0,220,20,1.0,1.0,0.0,0.0,0.09,0.05,0.0,255,4,0.02,0.06,0.0,0.0,1.0,1.0,0.0,0.0,1,124289.0
0,0,14,9,520,0,0,0,0,0,0,0,0,0,0,0,0,0,0,0,0,0,256,256,0.0,0.0,0.0,0.0,1.0,0.0,0.0,255,255,1.0,0.0,1.0,0.0,0.0,0.0,0.0,0.0,1,49818.0
0,0,14,9,520,0,0,0,0,0,0,0,0,0,0,0,0,0,0,0,0,0,432,432,0.0,0.0,0.0,0.0,1.0,0.0,0.0,23,23,1.0,0.0,1.0,0.0,0.0,0.0,0.0,0.0,1,118922.0
0,0,14,9,1032,0,0,0,0,0,0,0,0,0,0,0,0,0,0,0,0,0,1,1,0.0,0.0,0.0,0.0,1.0,0.0,0.0,255,255,1.0,0.0,1.0,0.0,0.0,0.0,0.0,0.0,1,7778.0
0,1,10,5,0,0,0,0,0,0,0,0,0,0,0,0,0,0,0,0,0,0,206,18,1.0,1.0,0.0,0.0,0.09,0.06,0.0,255,15,0.06,0.06,0.0,0.0,1.0,1.0,0.0,0.0,1,113795.0
0,1,22,9,193,7355,0,0,0,0,0,1,0,0,0,0,0,0,0,0,0,0,7,14,0.0,0.0,0.0,0.0,1.0,0.0,0.29,255,255,1.0,0.0,0.0,0.0,0.0,0.0,0.0,0.0,0,18553.0
0,1,47,1,0,0,0,0,0,0,0,0,0,0,0,0,0,0,0,0,0,0,1,1,0.0,0.0,1.0,1.0,1.0,0.0,0.0,58,2,0.02,1.0,0.02,1.0,0.0,0.0,0.98,1.0,1,48076.0
0,1,22,9,196,578,0,0,0,0,0,1,0,0,0,0,0,0,0,0,0,0,22,45,0.0,0.02,0.0,0.0,1.0,0.0,0.07,158,255,1.0,0.0,0.01,0.03,0.0,0.0,0.0,0.0,0,32613.0
0,1,22,9,54540,8314,0,0,0,2,0,1,1,0,0,0,0,0,0,0,0,0,3,3,0.0,0.0,0.0,0.0,1.0,0.0,0.0,54,54,1.0,0.0,0.02,0.0,0.0,0.0,0.02,0.02,1,119927.0
0,2,40,9,516,4,0,0,0,0,0,0,0,0,0,0,0,0,0,0,0,0,280,280,0.0,0.0,0.0,0.0,1.0,0.0,0.0,255,255,1.0,0.0,1.0,0.0,0.0,0.0,0.0,0.0,1,42539.0
0,2,11,9,45,80,0,0,0,0,0,0,0,0,0,0,0,0,0,0,0,0,167,167,0.0,0.0,0.0,0.0,1.0,0.0,0.0,255,255,1.0,0.0,0.0,0.0,0.0,0.0,0.0,0.0,0,43358.0
0,1,25,5,0,0,0,0,0,0,0,0,0,0,0,0,0,0,0,0,0,0,244,16,1.0,1.0,0.0,0.0,0.07,0.07,0.0,255,16,0.06,0.07,0.0,0.0,1.0,1.0,0.0,0.0,1,58837.0
0,2,11,9,42,68,0,0,0,0,0,0,0,0,0,0,0,0,0,0,0,0,118,119,0.0,0.0,0.0,0.0,1.0,0.0,0.02,255,254,1.0,0.01,0.0,0.0,0.0,0.0,0.0,0.0,0,29352.0
13678,1,40,4,1,0,0,0,0,0,0,0,0,0,0,0,0,0,0,0,0,0,2,2,0.0,0.0,1.0,1.0,1.0,0.0,0.0,255,2,0.01,0.68,1.0,0.0,0.0,0.0,1.0,1.0,1,3486.0
0,1,22,9,318,24665,0,0,0,0,0,1,0,0,0,0,0,0,0,0,0,0,3,3,0.0,0.0,0.0,0.0,1.0,0.0,0.0,18,255,1.0,0.0,0.06,0.07,0.0,0.0,0.0,0.0,0,42515.0
0,1,44,5,0,0,0,0,0,0,0,0,0,0,0,0,0,0,0,0,0,0,146,15,1.0,1.0,0.0,0.0,0.1,0.05,0.0,226,19,0.08,0.08,0.0,0.0,1.0,1.0,0.0,0.0,1,19598.0
0,2,11,9,44,130,0,0,0,0,0,0,0,0,0,0,0,0,0,0,0,0,279,279,0.0,0.0,0.0,0.0,1.0,0.0,0.0,255,253,0.99,0.01,0.0,0.0,0.0,0.0,0.0,0.0,0,94570.0
0,1,6,5,0,0,0,0,0,0,0,0,0,0,0,0,0,0,0,0,0,0,203,2,1.0,1.0,0.0,0.0,0.01,0.07,0.0,255,2,0.01,0.09,0.0,0.0,1.0,1.0,0.0,0.0,1,81644.0
9,1,55,9,141,2229,0,0,0,0,0,1,0,0,0,0,0,0,0,0,0,0,1,1,0.0,0.0,0.0,0.0,1.0,0.0,0.0,1,4,1.0,0.0,1.0,1.0,0.0,0.0,0.0,0.0,0,31422.0
0,0,13,9,8,0,0,0,0,0,0,0,0,0,0,0,0,0,0,0,0,0,1,34,0.0,0.0,0.0,0.0,1.0,0.0,1.0,1,125,1.0,0.0,1.0,0.5,0.0,0.0,0.0,0.0,1,78454.0
0,1,22,9,229,356,0,0,0,0,0,1,0,0,0,0,0,0,0,0,0,0,16,24,0.0,0.0,0.0,0.0,1.0,0.0,0.12,255,255,1.0,0.0,0.0,0.0,0.0,0.0,0.0,0.0,0,103649.0
0,1,25,5,0,0,0,0,0,0,0,0,0,0,0,0,0,0,0,0,0,0,250,20,1.0,1.0,0.0,0.0,0.08,0.05,0.0,255,3,0.01,0.07,0.0,0.0,1.0,1.0,0.0,0.0,1,18762.0
0,1,22,9,197,1440,0,0,0,0,0,1,0,0,0,0,0,0,0,0,0,0,33,35,0.0,0.0,0.0,0.0,1.0,0.0,0.09,33,255,1.0,0.0,0.03,0.03,0.0,0.0,0.0,0.0,0,13631.0
0,1,22,9,265,31484,0,0,0,0,0,1,0,0,0,0,0,0,0,0,0,0,1,1,0.0,0.0,0.0,0.0,1.0,0.0,0.0,211,255,1.0,0.0,0.01,0.02,0.0,0.0,0.0,0.0,0,121479.0
0,2,11,9,45,135,0,0,0,0,0,0,0,0,0,0,0,0,0,0,0,0,167,167,0.0,0.0,0.0,0.0,1.0,0.0,0.0,255,255,1.0,0.0,0.0,0.0,0.0,0.0,0.0,0.0,0,91202.0
0,1,44,1,0,0,0,0,0,0,0,0,0,0,0,0,0,0,0,0,0,0,117,16,0.0,0.0,1.0,1.0,0.14,0.08,0.0,255,16,0.06,0.06,0.0,0.0,0.0,0.0,1.0,1.0,1,84916.0
0,1,22,9,303,2239,0,0,0,0,0,1,0,0,0,0,0,0,0,0,0,0,4,4,0.0,0.0,0.0,0.0,1.0,0.0,0.0,255,253,0.99,0.01,0.0,0.0,0.0,0.0,0.0,0.0,0,61602.0
0,1,22,9,189,4536,0,0,0,0,0,1,0,0,0,0,0,0,0,0,0,0,17,18,0.0,0.0,0.0,0.0,1.0,0.0,0.11,52,255,1.0,0.0,0.02,0.01,0.0,0.0,0.02,0.01,0,30193.0
0,1,38,5,0,0,0,0,0,0,0,0,0,0,0,0,0,0,0,0,0,0,212,22,1.0,1.0,0.0,0.0,0.1,0.06,0.0,255,22,0.09,0.06,0.0,0.0,1.0,1.0,0.0,0.0,1,120425.0
0,2,11,9,44,70,0,0,0,0,0,0,0,0,0,0,0,0,0,0,0,0,144,145,0.0,0.0,0.0,0.0,0.99,0.01,0.02,255,247,0.97,0.01,0.0,0.0,0.0,0.0,0.0,0.0,0,100010.0
0,1,22,9,279,2141,0,0,0,0,0,1,0,0,0,0,0,0,0,0,0,0,12,12,0.0,0.0,0.0,0.0,1.0,0.0,0.0,35,255,1.0,0.0,0.03,0.03,0.0,0.0,0.0,0.0,0,26045.0
1,1,49,9,1799,409,0,0,0,0,0,1,0,0,0,0,0,0,0,0,0,0,1,2,0.0,0.0,0.0,0.0,1.0,0.0,1.0,149,135,0.54,0.05,0.01,0.01,0.01,0.0,0.0,0.0,0,106498.0
0,1,44,1,0,0,0,0,0,0,0,0,0,0,0,0,0,0,0,0,0,0,170,15,0.0,0.0,1.0,1.0,0.09,0.08,0.0,255,15,0.06,0.08,0.0,0.0,0.0,0.0,1.0,1.0,1,16126.0
0,1,22,9,333,670,0,0,0,0,0,1,0,0,0,0,0,0,0,0,0,0,44,69,0.0,0.0,0.0,0.0,1.0,0.0,0.04,73,255,1.0,0.0,0.01,0.04,0.0,0.0,0.0,0.0,0,53365.0
0,1,55,5,0,0,0,0,0,0,0,0,0,0,0,0,0,0,0,0,0,0,7,6,0.86,1.0,0.0,0.0,0.86,0.29,0.0,6,7,1.0,0.0,0.17,0.29,1.0,0.86,0.0,0.0,1,101762.0
0,1,22,9,335,1721,0,0,0,0,0,1,0,0,0,0,0,0,0,0,0,0,9,9,0.0,0.0,0.0,0.0,1.0,0.0,0.0,33,255,1.0,0.0,0.03,0.06,0.0,0.0,0.0,0.0,0,4468.0
0,1,51,4,0,0,0,0,0,0,0,0,0,0,0,0,0,0,0,0,0,0,1,1,0.0,0.0,1.0,1.0,1.0,0.0,0.0,163,1,0.01,0.15,0.26,0.0,0.0,0.0,0.26,1.0,1,90262.0
0,1,40,1,0,0,0,0,0,0,0,0,0,0,0,0,0,0,0,0,0,0,510,1,0.15,0.0,0.85,1.0,0.0,1.0,0.0,255,1,0.0,1.0,0.0,0.0,0.17,0.0,0.83,1.0,1,18646.0
0,1,22,9,215,14948,0,0,0,0,0,1,0,0,0,0,0,0,0,0,0,0,4,41,0.0,0.0,0.0,0.0,1.0,0.0,0.05,4,255,1.0,0.0,0.25,0.04,0.0,0.0,0.0,0.0,0,28524.0
0,1,35,5,0,0,0,0,0,0,0,0,0,0,0,0,0,0,0,0,0,0,296,19,1.0,1.0,0.0,0.0,0.06,0.05,0.0,255,11,0.04,0.06,0.0,0.0,1.0,1.0,0.0,0.0,1,60185.0
0,1,22,5,0,0,0,0,0,0,0,0,0,0,0,0,0,0,0,0,0,0,145,16,1.0,1.0,0.0,0.0,0.11,0.06,0.0,255,10,0.04,0.06,0.0,0.0,1.0,1.0,0.0,0.0,1,47664.0
0,1,5,5,0,0,0,0,0,0,0,0,0,0,0,0,0,0,0,0,0,0,110,15,1.0,1.0,0.0,0.0,0.14,0.05,0.0,255,15,0.06,0.06,0.0,0.0,1.0,1.0,0.0,0.0,1,87463.0
0,1,5,5,0,0,0,0,0,0,0,0,0,0,0,0,0,0,0,0,0,0,123,2,1.0,1.0,0.0,0.0,0.02,0.07,0.0,255,2,0.01,0.06,0.0,0.0,1.0,1.0,0.0,0.0,1,35982.0
0,2,11,9,42,42,0,0,0,0,0,0,0,0,0,0,0,0,0,0,0,0,14,22,0.0,0.0,0.0,0.0,1.0,0.0,0.23,255,239,0.94,0.01,0.01,0.0,0.0,0.0,0.0,0.0,0,107303.0
0,1,22,9,271,9248,0,0,0,0,0,1,0,0,0,0,0,0,0,0,0,0,4,27,0.0,0.0,0.0,0.0,1.0,0.0,0.07,255,255,1.0,0.0,0.0,0.0,0.0,0.0,0.0,0.0,0,103538.0
0,1,22,9,238,397,0,0,0,0,0,1,0,0,0,0,0,0,0,0,0,0,3,4,0.0,0.0,0.0,0.0,1.0,0.0,0.5,255,255,1.0,0.0,0.0,0.0,0.0,0.0,0.0,0.0,0,76678.0
0,1,17,9,7,277,0,0,0,0,0,0,0,0,0,0,0,0,0,0,0,0,1,1,0.0,0.0,0.0,0.0,1.0,0.0,0.0,186,4,0.02,0.04,0.01,0.0,0.0,0.0,0.01,0.0,0,97821.0
0,1,44,5,0,0,0,0,0,0,0,0,0,0,0,0,0,0,0,0,0,0,103,14,1.0,1.0,0.0,0.0,0.14,0.06,0.0,255,37,0.15,0.06,0.0,0.0,1.0,1.0,0.0,0.0,1,47124.0
0,1,22,9,302,2251,0,0,0,0,0,1,0,0,0,0,0,0,0,0,0,0,15,17,0.0,0.0,0.0,0.0,1.0,0.0,0.18,255,255,1.0,0.0,0.0,0.0,0.0,0.0,0.0,0.0,0,75977.0
0,1,22,9,294,1783,0,0,0,0,0,1,0,0,0,0,0,0,0,0,0,0,4,4,0.0,0.0,0.0,0.0,1.0,0.0,0.0,30,255,1.0,0.0,0.03,0.03,0.0,0.0,0.0,0.0,0,95630.0
0,1,44,5,0,0,0,0,0,0,0,0,0,0,0,0,0,0,0,0,0,0,262,7,1.0,1.0,0.0,0.0,0.03,0.06,0.0,255,14,0.05,0.06,0.0,0.0,1.0,1.0,0.0,0.0,1,95643.0
0,2,11,9,35,0,0,0,0,0,0,0,0,0,0,0,0,0,0,0,0,0,1,2,0.0,0.0,0.0,0.0,1.0,0.0,1.0,255,17,0.07,0.02,0.07,0.0,0.0,0.0,0.0,0.0,0,66374.0
0,1,31,1,0,0,0,0,0,0,0,0,0,0,0,0,0,0,0,0,0,0,268,5,0.0,0.0,1.0,1.0,0.02,0.06,0.0,255,5,0.02,0.07,0.0,0.0,0.0,0.0,1.0,1.0,1,22932.0
0,1,19,9,884,0,0,0,0,0,0,1,0,0,0,0,0,0,0,0,0,0,1,1,0.0,0.0,0.0,0.0,1.0,0.0,0.0,212,61,0.24,0.03,0.24,0.03,0.0,0.0,0.0,0.0,0,3800.0
0,0,14,9,1032,0,0,0,0,0,0,0,0,0,0,0,0,0,0,0,0,0,511,511,0.0,0.0,0.0,0.0,1.0,0.0,0.0,240,95,0.4,0.01,0.4,0.0,0.0,0.0,0.0,0.0,1,30944.0
0,2,11,9,44,122,0,0,0,0,0,0,0,0,0,0,0,0,0,0,0,0,199,198,0.0,0.0,0.0,0.0,0.99,0.01,0.0,88,55,0.62,0.02,0.01,0.0,0.0,0.0,0.0,0.0,0,117582.0
0,1,49,2,0,0,0,0,0,0,0,0,0,0,0,0,0,0,0,0,0,0,203,2,0.0,0.0,1.0,0.5,0.0,0.07,1.0,255,1,0.0,0.07,0.0,0.0,0.0,0.0,1.0,1.0,1,90920.0
0,1,22,9,225,24243,0,0,0,0,0,1,0,0,0,0,0,0,0,0,0,0,1,9,0.0,0.0,0.0,0.0,1.0,0.0,0.22,12,255,1.0,0.0,0.08,0.02,0.0,0.0,0.0,0.0,0,43508.0
0,1,22,9,199,3413,0,0,0,0,0,1,0,0,0,0,0,0,0,0,0,0,18,26,0.0,0.0,0.0,0.0,1.0,0.0,0.12,115,255,1.0,0.0,0.01,0.02,0.0,0.0,0.0,0.0,0,1743.0
0,1,22,9,399,819,0,0,0,0,0,1,0,0,0,0,0,0,0,0,0,0,6,22,0.0,0.0,0.0,0.0,1.0,0.0,0.09,29,255,1.0,0.0,0.03,0.04,0.0,0.0,0.0,0.0,0,101792.0
0,1,22,9,309,5251,0,0,0,0,0,1,0,0,0,0,0,0,0,0,0,0,4,4,0.0,0.0,0.0,0.0,1.0,0.0,0.0,4,255,1.0,0.0,0.25,0.02,0.0,0.0,0.0,0.0,0,37701.0
0,1,22,9,295,781,0,0,0,0,0,1,0,0,0,0,0,0,0,0,0,0,9,9,0.0,0.0,0.0,0.0,1.0,0.0,0.0,36,146,1.0,0.0,0.03,0.03,0.0,0.0,0.0,0.0,0,71619.0
0,1,44,5,0,0,0,0,0,0,0,0,0,0,0,0,0,0,0,0,0,0,144,20,1.0,1.0,0.0,0.0,0.14,0.06,0.0,255,14,0.05,0.05,0.0,0.0,1.0,1.0,0.0,0.0,1,71310.0
0,1,22,9,294,2302,0,0,0,0,0,1,0,0,0,0,0,0,0,0,0,0,22,27,0.0,0.0,0.0,0.0,1.0,0.0,0.07,255,255,1.0,0.0,0.0,0.0,0.0,0.0,0.0,0.0,0,59828.0
0,2,40,9,147,0,0,0,0,0,0,0,0,0,0,0,0,0,0,0,0,0,5,1,0.0,0.0,0.0,0.0,0.2,0.6,0.0,255,1,0.0,0.47,0.93,0.0,0.0,0.0,0.0,0.0,0,19443.0
0,1,19,5,0,0,0,0,0,0,0,0,0,0,0,0,0,0,0,0,0,0,46,11,1.0,1.0,0.0,0.0,0.24,0.09,0.0,255,67,0.26,0.02,0.01,0.0,1.0,1.0,0.0,0.0,1,55355.0
0,1,52,5,0,0,0,0,0,0,0,0,0,0,0,0,0,0,0,0,0,0,201,9,1.0,1.0,0.0,0.0,0.04,0.06,0.0,255,18,0.07,0.06,0.0,0.0,1.0,1.0,0.0,0.0,1,30067.0
0,1,22,9,234,415,0,0,0,0,0,1,0,0,0,0,0,0,0,0,0,0,1,1,0.0,0.0,0.0,0.0,1.0,0.0,0.0,1,255,1.0,0.0,1.0,0.04,0.0,0.0,0.0,0.0,0,60990.0
0,1,49,9,4311,326,0,0,0,0,0,1,0,0,0,0,0,0,0,0,0,0,1,2,0.0,0.0,0.0,0.0,1.0,0.0,1.0,212,166,0.78,0.02,0.0,0.0,0.0,0.0,0.0,0.0,0,110473.0
5051,1,19,9,5135678,0,0,0,0,4,0,1,0,0,0,0,0,0,0,0,0,0,1,1,0.0,0.0,0.0,0.0,1.0,0.0,0.0,5,30,1.0,0.0,1.0,0.17,0.0,0.0,0.0,0.0,1,85482.0
0,1,22,9,299,2107,0,0,0,0,0,1,0,0,0,0,0,0,0,0,0,0,1,4,0.0,0.0,0.0,0.0,1.0,0.0,0.5,255,255,1.0,0.0,0.0,0.0,0.0,0.0,0.0,0.0,0,117570.0
0,2,11,9,43,130,0,0,0,0,0,0,0,0,0,0,0,0,0,0,0,0,66,112,0.0,0.0,0.0,0.0,1.0,0.0,0.02,115,223,0.89,0.02,0.89,0.01,0.0,0.0,0.07,0.0,0,112111.0
0,1,22,9,314,1676,0,0,0,0,0,1,0,0,0,0,0,0,0,0,0,0,25,63,0.0,0.0,0.0,0.0,1.0,0.0,0.06,43,255,1.0,0.0,0.02,0.03,0.0,0.0,0.0,0.0,0,30732.0
0,0,13,9,30,0,0,0,0,0,0,0,0,0,0,0,0,0,0,0,0,0,1,1,0.0,0.0,0.0,0.0,1.0,0.0,0.0,19,125,1.0,0.0,1.0,0.43,0.0,0.0,0.0,0.0,0,1356.0
0,1,36,1,0,0,0,0,0,0,0,0,0,0,0,0,0,0,0,0,0,0,239,5,0.0,0.0,1.0,1.0,0.02,0.06,0.0,255,5,0.02,0.07,0.0,0.0,0.0,0.0,1.0,1.0,1,84597.0
0,0,13,9,8,0,0,0,0,0,0,0,0,0,0,0,0,0,0,0,0,0,1,10,0.0,0.0,0.0,0.0,1.0,0.0,1.0,2,36,1.0,0.0,1.0,0.5,0.0,0.0,0.0,0.0,1,26469.0
0,1,60,5,0,0,0,0,0,0,0,0,0,0,0,0,0,0,0,0,0,0,266,12,1.0,1.0,0.0,0.0,0.05,0.05,0.0,255,12,0.05,0.05,0.0,0.0,1.0,1.0,0.0,0.0,1,121127.0
0,1,22,9,260,193,0,0,0,0,0,1,0,0,0,0,0,0,0,0,0,0,1,1,0.0,0.0,0.0,0.0,1.0,0.0,0.0,135,255,1.0,0.0,0.01,0.04,0.0,0.0,0.0,0.0,0,75106.0
0,1,44,4,0,0,0,0,0,0,0,0,0,0,0,0,0,0,0,0,0,0,1,1,0.0,0.0,1.0,1.0,1.0,0.0,0.0,244,1,0.0,0.6,0.6,0.0,0.0,0.0,0.59,1.0,1,122423.0
1,1,49,9,834,331,0,0,0,0,0,1,0,0,0,0,0,0,0,0,0,0,1,3,0.0,0.0,0.0,0.0,1.0,0.0,1.0,108,141,0.54,0.04,0.01,0.02,0.0,0.0,0.0,0.0,0,54961.0
0,2,44,9,28,0,0,3,0,0,0,0,0,0,0,0,0,0,0,0,0,0,70,70,0.0,0.0,0.0,0.0,1.0,0.0,0.0,255,70,0.27,0.02,0.27,0.0,0.0,0.0,0.0,0.0,1,29884.0
0,1,22,5,0,0,0,0,0,0,0,0,0,0,0,0,0,0,0,0,0,0,47,17,1.0,1.0,0.0,0.0,0.36,0.09,0.0,255,57,0.22,0.02,0.01,0.0,1.0,1.0,0.0,0.0,1,113727.0
0,1,22,5,0,0,0,0,0,0,0,0,0,0,0,0,0,0,0,0,0,0,244,20,1.0,0.95,0.0,0.05,0.08,0.06,0.1,255,19,0.07,0.06,0.0,0.0,1.0,1.0,0.0,0.0,1,59396.0
0,1,22,9,232,255,0,0,0,0,0,1,0,0,0,0,0,0,0,0,0,0,16,16,0.0,0.0,0.0,0.0,1.0,0.0,0.0,109,255,1.0,0.0,0.01,0.04,0.0,0.0,0.0,0.0,0,27575.0
0,1,22,5,0,0,0,0,0,0,0,0,0,0,0,0,0,0,0,0,0,0,29,10,1.0,1.0,0.0,0.0,0.34,0.14,0.0,255,67,0.26,0.02,0.01,0.0,1.0,1.0,0.0,0.0,1,120587.0
0,1,22,1,0,0,0,0,0,0,0,0,0,0,0,0,0,0,0,0,0,0,1,1,0.0,0.0,1.0,1.0,1.0,0.0,0.0,5,64,1.0,0.0,0.2,0.22,0.0,0.0,1.0,1.0,0,78683.0
0,1,22,9,302,2535,0,0,0,0,0,1,0,0,0,0,0,0,0,0,0,0,5,6,0.0,0.0,0.0,0.0,1.0,0.0,0.33,14,255,1.0,0.0,0.07,0.02,0.0,0.0,0.0,0.0,0,27802.0
0,1,44,5,0,0,0,0,0,0,0,0,0,0,0,0,0,0,0,0,0,0,243,18,1.0,1.0,0.0,0.0,0.07,0.06,0.0,255,16,0.06,0.05,0.0,0.0,1.0,1.0,0.0,0.0,1,62601.0
0,1,8,5,0,0,0,0,0,0,0,0,0,0,0,0,0,0,0,0,0,0,287,17,1.0,1.0,0.0,0.0,0.06,0.05,0.0,255,4,0.02,0.08,0.0,0.0,1.0,1.0,0.0,0.0,1,65314.0
0,2,40,9,147,0,0,0,0,0,0,0,0,0,0,0,0,0,0,0,0,0,3,1,0.0,0.0,0.0,0.0,0.33,0.67,0.0,255,1,0.0,0.7,1.0,0.0,0.0,0.0,0.0,0.0,0,118531.0
0,1,28,5,0,0,0,0,0,0,0,0,0,0,0,0,0,0,0,0,0,0,255,23,1.0,1.0,0.0,0.0,0.09,0.05,0.0,255,23,0.09,0.05,0.0,0.0,1.0,1.0,0.0,0.0,1,29018.0
0,1,2,5,0,0,0,0,0,0,0,0,0,0,0,0,0,0,0,0,0,0,225,4,1.0,1.0,0.0,0.0,0.02,0.07,0.0,255,4,0.02,0.08,0.0,0.0,1.0,1.0,0.0,0.0,1,7930.0
0,1,44,5,0,0,0,0,0,0,0,0,0,0,0,0,0,0,0,0,0,0,127,16,1.0,1.0,0.0,0.0,0.13,0.06,0.0,255,15,0.06,0.07,0.0,0.0,1.0,1.0,0.0,0.0,1,95447.0
29,1,55,9,150,7204,0,0,0,0,0,1,0,0,0,0,0,0,0,0,0,0,1,1,0.0,0.0,0.0,0.0,1.0,0.0,0.0,1,8,1.0,0.0,1.0,0.75,0.0,0.0,0.0,0.0,0,86592.0
0,1,22,9,389,9062,0,0,0,0,0,1,0,0,0,0,0,0,0,0,0,0,6,6,0.0,0.0,0.0,0.0,1.0,0.0,0.0,255,255,1.0,0.0,0.0,0.0,0.0,0.0,0.0,0.0,0,102826.0
0,1,22,4,54540,8314,0,0,0,2,0,1,1,0,0,0,0,0,0,0,0,0,4,6,0.0,0.0,0.5,0.67,1.0,0.0,0.5,255,255,1.0,0.0,0.01,0.0,0.01,0.01,0.04,0.04,1,21656.0
0,1,17,9,8,450,0,0,0,0,0,0,0,0,0,0,0,0,0,0,0,0,3,1,0.0,0.0,0.0,0.0,0.33,1.0,0.0,217,11,0.04,0.03,0.0,0.18,0.0,0.0,0.0,0.0,0,32070.0
18218,1,40,4,1,0,0,0,0,0,0,0,0,0,0,0,0,0,0,0,0,0,2,2,0.0,0.0,1.0,1.0,1.0,0.0,0.0,255,2,0.01,0.73,1.0,0.0,0.0,0.0,1.0,1.0,1,47297.0
0,1,44,5,0,0,0,0,0,0,0,0,0,0,0,0,0,0,0,0,0,0,278,13,1.0,1.0,0.0,0.0,0.05,0.06,0.0,255,8,0.03,0.07,0.0,0.0,1.0,1.0,0.0,0.0,1,80952.0
0,1,22,9,332,284,0,0,0,0,0,1,0,0,0,0,0,0,0,0,0,0,9,9,0.0,0.0,0.0,0.0,1.0,0.0,0.0,255,252,0.99,0.01,0.0,0.0,0.0,0.0,0.0,0.0,0,47629.0
0,1,44,1,0,0,0,0,0,0,0,0,0,0,0,0,0,0,0,0,0,0,2,1,0.0,0.0,1.0,1.0,0.5,1.0,0.0,255,1,0.0,0.62,0.6,0.0,0.0,0.0,0.6,1.0,1,95332.0
0,1,44,1,0,0,0,0,0,0,0,0,0,0,0,0,0,0,0,0,0,0,110,19,0.0,0.0,1.0,1.0,0.17,0.06,0.0,255,17,0.07,0.07,0.0,0.0,0.0,0.0,1.0,1.0,1,82473.0
0,1,22,9,369,6193,0,0,0,0,0,1,0,0,0,0,0,0,0,0,0,0,1,1,0.0,0.0,0.0,0.0,1.0,0.0,0.0,255,255,1.0,0.0,0.0,0.0,0.0,0.0,0.0,0.0,0,4327.0
0,1,44,5,0,0,0,0,0,0,0,0,0,0,0,0,0,0,0,0,0,0,157,20,1.0,1.0,0.0,0.0,0.13,0.05,0.0,255,4,0.02,0.07,0.0,0.0,1.0,1.0,0.0,0.0,1,50830.0
0,2,11,9,45,130,0,0,0,0,0,0,0,0,0,0,0,0,0,0,0,0,147,147,0.0,0.0,0.0,0.0,1.0,0.0,0.0,255,254,1.0,0.01,0.0,0.0,0.0,0.0,0.0,0.0,0,97986.0
0,1,22,9,235,2015,0,0,0,0,0,1,0,0,0,0,0,0,0,0,0,0,14,14,0.0,0.0,0.0,0.0,1.0,0.0,0.0,255,255,1.0,0.0,0.0,0.0,0.0,0.0,0.0,0.0,0,112142.0
0,2,11,9,45,126,0,0,0,0,0,0,0,0,0,0,0,0,0,0,0,0,153,235,0.0,0.0,0.0,0.0,1.0,0.0,0.02,255,255,1.0,0.0,0.0,0.0,0.0,0.0,0.0,0.0,0,53131.0
0,1,34,5,0,0,0,0,0,0,0,0,0,0,0,0,0,0,0,0,0,0,296,3,1.0,1.0,0.0,0.0,0.01,0.06,0.0,255,4,0.02,0.07,0.0,0.0,1.0,1.0,0.0,0.0,1,121462.0
0,1,22,9,202,769,0,0,0,0,0,1,0,0,0,0,0,0,0,0,0,0,2,2,0.0,0.0,0.0,0.0,1.0,0.0,0.0,255,255,1.0,0.0,0.0,0.0,0.0,0.0,0.0,0.0,0,64038.0
0,1,49,9,1868,329,0,0,0,0,0,1,0,0,0,0,0,0,0,0,0,0,1,1,0.0,0.0,0.0,0.0,1.0,0.0,0.0,71,55,0.77,0.06,0.01,0.0,0.0,0.0,0.0,0.0,0,74195.0
0,1,22,1,0,0,0,0,0,0,0,0,0,0,0,0,0,0,0,0,0,0,1,1,0.0,0.0,1.0,1.0,1.0,0.0,0.0,7,255,1.0,0.0,0.14,0.22,0.0,0.0,0.57,0.99,0,2749.0
1,1,49,9,3600,328,0,0,0,0,0,1,0,0,0,0,0,0,0,0,0,0,1,2,0.0,0.0,0.0,0.0,1.0,0.0,1.0,14,135,0.57,0.14,0.07,0.01,0.0,0.0,0.0,0.0,0,110573.0
0,1,53,5,0,0,0,0,0,0,0,0,0,0,0,0,0,0,0,0,0,0,234,17,1.0,1.0,0.0,0.0,0.07,0.06,0.0,255,17,0.07,0.07,0.0,0.0,1.0,1.0,0.0,0.0,1,76335.0
21,1,18,9,248,774,0,0,0,4,0,1,0,0,0,0,0,0,0,0,0,1,1,1,0.0,0.0,0.0,0.0,1.0,0.0,0.0,255,60,0.24,0.02,0.0,0.0,0.0,0.0,0.0,0.0,0,88123.0
0,1,4,5,0,0,0,0,0,0,0,0,0,0,0,0,0,0,0,0,0,0,289,18,1.0,1.0,0.0,0.0,0.06,0.06,0.0,255,18,0.07,0.06,0.0,0.0,1.0,1.0,0.0,0.0,1,4125.0
0,1,44,5,0,0,0,0,0,0,0,0,0,0,0,0,0,0,0,0,0,0,127,24,1.0,1.0,0.0,0.0,0.19,0.05,0.0,255,24,0.09,0.06,0.0,0.0,1.0,1.0,0.0,0.0,1,99129.0
0,1,17,9,9,366,0,0,0,0,0,0,0,0,0,0,0,0,0,0,0,0,1,1,0.0,0.0,0.0,0.0,1.0,0.0,0.0,191,5,0.02,0.02,0.01,0.4,0.0,0.0,0.0,0.0,0,87339.0
0,1,47,1,0,0,0,0,0,0,0,0,0,0,0,0,0,0,0,0,0,0,511,1,0.07,0.0,0.92,1.0,0.0,1.0,0.0,255,1,0.0,1.0,0.0,0.0,0.1,0.0,0.87,1.0,1,9058.0
0,1,44,5,0,0,0,0,0,0,0,0,0,0,0,0,0,0,0,0,0,0,196,9,1.0,1.0,0.0,0.0,0.05,0.06,0.0,255,20,0.08,0.06,0.0,0.0,1.0,1.0,0.0,0.0,1,21067.0
0,1,37,1,0,0,0,0,0,0,0,0,0,0,0,0,0,0,0,0,0,0,136,14,0.0,0.0,1.0,1.0,0.1,0.06,0.0,255,14,0.05,0.05,0.0,0.0,0.0,0.0,1.0,1.0,1,14189.0
0,1,40,9,5558,0,0,0,0,0,0,1,0,0,0,0,0,0,0,0,0,0,18,1,0.06,0.0,0.0,0.0,0.06,0.44,0.0,88,1,0.01,0.12,0.27,0.0,0.01,0.0,0.0,0.0,0,91584.0
0,0,13,9,8,0,0,0,0,0,0,0,0,0,0,0,0,0,0,0,0,0,1,51,0.0,0.0,0.0,0.0,1.0,0.0,1.0,2,18,1.0,0.0,1.0,0.5,0.0,0.0,0.0,0.0,1,33254.0
0,1,22,9,313,2698,0,0,0,0,0,1,0,0,0,0,0,0,1,0,0,0,2,2,0.0,0.0,0.0,0.0,1.0,0.0,0.0,255,237,0.93,0.02,0.0,0.0,0.0,0.0,0.0,0.0,0,78926.0
0,1,44,1,0,0,0,0,0,0,0,0,0,0,0,0,0,0,0,0,0,0,2,1,0.0,0.0,1.0,1.0,0.5,1.0,0.0,255,1,0.0,0.45,0.42,0.0,0.0,0.0,0.43,1.0,1,86482.0
0,1,22,9,170,34084,0,0,0,0,0,1,0,0,0,0,0,0,0,0,0,0,1,39,0.0,0.0,0.0,0.0,1.0,0.0,0.13,255,255,1.0,0.0,0.0,0.0,0.0,0.0,0.0,0.0,0,36587.0
0,1,22,9,171,3070,0,0,0,0,0,1,0,0,0,0,0,0,0,0,0,0,2,11,0.0,0.0,0.0,0.0,1.0,0.0,0.45,13,136,1.0,0.0,0.08,0.01,0.0,0.0,0.0,0.0,0,24598.0
0,1,44,5,0,0,0,0,0,0,0,0,0,0,0,0,0,0,0,0,0,0,159,2,1.0,1.0,0.0,0.0,0.01,0.07,0.0,255,19,0.07,0.07,0.0,0.0,1.0,1.0,0.0,0.0,1,15160.0
0,1,19,9,12324,0,0,0,0,0,0,0,0,0,0,0,0,0,0,0,0,0,1,1,0.0,0.0,0.0,0.0,1.0,0.0,0.0,51,38,0.22,0.1,0.22,0.05,0.0,0.0,0.0,0.0,0,116841.0
7,1,55,9,104,997,0,0,0,0,0,1,0,0,0,0,0,0,0,0,0,0,1,1,0.0,0.0,0.0,0.0,1.0,0.0,0.0,162,2,0.01,0.04,0.01,0.0,0.01,0.5,0.0,0.0,0,91607.0
0,2,11,9,43,126,0,0,0,0,0,0,0,0,0,0,0,0,0,0,0,0,75,155,0.0,0.0,0.0,0.0,1.0,0.0,0.01,255,254,1.0,0.01,0.0,0.0,0.0,0.0,0.0,0.0,0,90392.0
0,1,22,9,224,2602,0,0,0,0,0,1,0,0,0,0,0,0,0,0,0,0,5,5,0.0,0.0,0.0,0.0,1.0,0.0,0.0,5,255,1.0,0.0,0.2,0.04,0.0,0.0,0.0,0.0,0,5384.0
0,1,22,1,0,0,0,0,0,0,0,0,0,0,0,0,0,0,0,0,0,0,1,1,0.0,0.0,1.0,1.0,1.0,0.0,0.0,6,255,1.0,0.0,0.17,0.22,0.0,0.0,1.0,0.96,0,41108.0
0,1,18,0,208,669,0,0,0,6,0,1,0,0,0,0,0,0,0,0,0,1,1,1,0.0,0.0,0.0,0.0,1.0,0.0,0.0,215,39,0.18,0.02,0.0,0.0,0.02,0.08,0.0,0.0,0,63778.0
0,1,18,5,0,0,0,0,0,0,0,0,0,0,0,0,0,0,0,0,0,0,296,3,1.0,1.0,0.0,0.0,0.01,0.06,0.0,255,4,0.02,0.1,0.0,0.0,1.0,1.0,0.0,0.0,1,103729.0
0,1,19,9,276,0,0,0,0,0,0,1,0,0,0,0,0,0,0,0,0,0,2,2,0.0,0.0,0.0,0.0,1.0,0.0,0.0,62,35,0.32,0.06,0.32,0.06,0.02,0.0,0.03,0.0,0,63660.0
0,1,44,5,0,0,0,0,0,0,0,0,0,0,0,0,0,0,0,0,0,0,106,15,1.0,1.0,0.0,0.0,0.14,0.05,0.0,255,15,0.06,0.05,0.0,0.0,1.0,1.0,0.0,0.0,1,80850.0
0,1,19,9,3775,0,0,0,0,0,0,0,0,0,0,0,0,0,0,0,0,0,19,19,0.0,0.0,0.0,0.0,1.0,0.0,0.0,39,31,0.79,0.05,0.79,0.0,0.0,0.0,0.0,0.0,0,78810.0
18398,1,40,4,1,0,0,0,0,0,0,0,0,0,0,0,0,0,0,0,0,0,2,2,0.0,0.0,1.0,1.0,1.0,0.0,0.0,255,2,0.01,0.73,1.0,0.0,0.0,0.0,1.0,1.0,1,59475.0
0,1,62,5,0,0,0,0,0,0,0,0,0,0,0,0,0,0,0,0,0,0,144,21,1.0,1.0,0.0,0.0,0.15,0.06,0.0,255,21,0.08,0.05,0.0,0.0,1.0,1.0,0.0,0.0,1,105031.0
0,1,44,5,0,0,0,0,0,0,0,0,0,0,0,0,0,0,0,0,0,0,137,8,1.0,1.0,0.0,0.0,0.06,0.06,0.0,255,8,0.03,0.06,0.0,0.0,1.0,1.0,0.0,0.0,1,76860.0
0,1,44,5,0,0,0,0,0,0,0,0,0,0,0,0,0,0,0,0,0,0,102,2,1.0,1.0,0.0,0.0,0.02,0.05,0.0,255,2,0.01,0.05,0.0,0.0,1.0,1.0,0.0,0.0,1,29227.0
0,1,49,9,1053,394,0,0,0,0,0,1,0,0,0,0,0,0,0,0,0,0,1,1,0.0,0.0,0.0,0.0,1.0,0.0,0.0,255,73,0.29,0.06,0.0,0.0,0.47,0.0,0.05,0.03,0,25273.0
0,1,10,5,0,0,0,0,0,0,0,0,0,0,0,0,0,0,0,0,0,0,220,19,1.0,1.0,0.0,0.0,0.09,0.05,0.0,255,2,0.01,0.07,0.0,0.0,1.0,1.0,0.0,0.0,1,82.0
0,1,60,5,0,0,0,0,0,0,0,0,0,0,0,0,0,0,0,0,0,0,282,20,1.0,1.0,0.0,0.0,0.07,0.05,0.0,255,20,0.08,0.05,0.0,0.0,1.0,1.0,0.0,0.0,1,110658.0
0,1,22,9,288,16282,0,0,0,0,0,1,0,0,0,0,0,0,0,0,0,0,3,5,0.0,0.2,0.0,0.0,1.0,0.0,0.4,123,255,1.0,0.0,0.01,0.01,0.0,0.0,0.0,0.0,0,31723.0
0,1,44,5,0,0,0,0,0,0,0,0,0,0,0,0,0,0,0,0,0,0,112,2,1.0,1.0,0.0,0.0,0.02,0.06,0.0,255,5,0.02,0.06,0.0,0.0,1.0,1.0,0.0,0.0,1,3897.0
0,1,19,9,40494,0,0,0,0,0,0,1,0,0,0,0,0,0,0,0,0,0,10,10,0.0,0.0,0.0,0.0,1.0,0.0,0.0,16,16,1.0,0.0,1.0,0.0,0.0,0.0,0.0,0.0,0,41684.0
4,1,49,9,1122,327,0,0,0,0,0,1,0,0,0,0,0,0,0,0,0,0,1,1,0.0,0.0,0.0,0.0,1.0,0.0,0.0,255,143,0.56,0.02,0.0,0.0,0.0,0.0,0.0,0.0,0,26551.0
0,1,28,5,0,0,0,0,0,0,0,0,0,0,0,0,0,0,0,0,0,0,36,2,1.0,1.0,0.0,0.0,0.06,0.17,0.0,255,2,0.01,0.09,0.0,0.0,1.0,1.0,0.0,0.0,1,109469.0
0,1,19,9,374,0,0,0,0,0,0,0,0,0,0,0,0,0,0,0,0,0,8,8,0.0,0.0,0.0,0.0,1.0,0.0,0.0,255,35,0.14,0.01,0.14,0.0,0.65,0.0,0.0,0.0,0,37008.0
0,1,22,1,0,0,0,0,0,0,0,0,0,0,0,0,0,0,0,0,0,0,1,1,0.0,0.0,1.0,1.0,1.0,0.0,0.0,3,30,1.0,0.0,0.33,0.23,0.0,0.0,1.0,1.0,0,70964.0
0,1,44,5,0,0,0,0,0,0,0,0,0,0,0,0,0,0,0,0,0,0,143,2,1.0,1.0,0.0,0.0,0.01,0.06,0.0,118,2,0.02,0.12,0.01,0.0,1.0,1.0,0.0,0.0,1,72985.0
0,1,44,5,0,0,0,0,0,0,0,0,0,0,0,0,0,0,0,0,0,0,219,9,1.0,1.0,0.0,0.0,0.04,0.06,0.0,255,8,0.03,0.08,0.0,0.0,1.0,1.0,0.0,0.0,1,30912.0
0,0,14,9,520,0,0,0,0,0,0,0,0,0,0,0,0,0,0,0,0,0,292,292,0.0,0.0,0.0,0.0,1.0,0.0,0.0,255,255,1.0,0.0,1.0,0.0,0.0,0.0,0.0,0.0,1,70477.0
0,1,44,1,0,0,0,0,0,0,0,0,0,0,0,0,0,0,0,0,0,0,138,10,0.0,0.0,1.0,1.0,0.07,0.07,0.0,163,10,0.06,0.07,0.01,0.0,0.0,0.0,1.0,1.0,1,1394.0
0,0,13,9,18,0,0,0,0,0,0,0,0,0,0,0,0,0,0,0,0,0,1,1,0.0,0.0,0.0,0.0,1.0,0.0,0.0,2,70,1.0,0.0,1.0,0.26,0.0,0.0,0.0,0.0,1,19097.0
0,2,11,9,43,139,0,0,0,0,0,0,0,0,0,0,0,0,0,0,0,0,10,76,0.0,0.0,0.0,0.0,1.0,0.0,0.03,255,254,1.0,0.01,0.0,0.0,0.0,0.0,0.0,0.0,0,91925.0
0,1,44,5,0,0,0,0,0,0,0,0,0,0,0,0,0,0,0,0,0,0,98,7,1.0,1.0,0.0,0.0,0.07,0.08,0.0,255,7,0.03,0.07,0.0,0.0,1.0,1.0,0.0,0.0,1,109402.0
0,1,22,9,214,1047,0,0,0,0,0,1,0,0,0,0,0,0,0,0,0,0,18,18,0.0,0.0,0.0,0.0,1.0,0.0,0.0,42,229,1.0,0.0,0.02,0.06,0.0,0.0,0.0,0.54,0,22523.0
0,1,19,9,3690,0,0,0,0,0,0,1,0,0,0,0,0,0,0,0,0,0,7,7,0.0,0.0,0.0,0.0,1.0,0.0,0.0,255,68,0.27,0.02,0.09,0.0,0.69,0.68,0.0,0.0,0,86683.0
0,1,22,9,235,3253,0,0,0,0,0,1,0,0,0,0,0,0,0,0,0,0,1,1,0.0,0.0,0.0,0.0,1.0,0.0,0.0,238,255,1.0,0.0,0.0,0.01,0.0,0.0,0.0,0.0,0,79501.0
0,1,44,5,0,0,0,0,0,0,0,0,0,0,0,0,0,0,0,0,0,0,183,20,1.0,1.0,0.0,0.0,0.11,0.06,0.0,255,20,0.08,0.07,0.0,0.0,1.0,1.0,0.0,0.0,1,103196.0
0,1,49,9,3081,334,0,0,0,0,0,1,0,0,0,0,0,0,0,0,0,0,1,1,0.0,0.0,0.0,0.0,1.0,0.0,0.0,4,174,0.75,0.5,0.25,0.01,0.0,0.0,0.0,0.0,0,19828.0
0,1,19,9,26,0,0,0,0,0,0,0,0,0,0,0,0,0,0,0,0,0,1,1,0.0,0.0,0.0,0.0,1.0,0.0,0.0,39,39,0.13,0.08,0.13,0.08,0.0,0.0,0.03,0.0,0,112865.0
0,1,22,9,346,1664,0,0,0,0,0,1,0,0,0,0,0,0,0,0,0,0,8,8,0.0,0.0,0.0,0.0,1.0,0.0,0.0,12,255,1.0,0.0,0.08,0.05,0.0,0.0,0.33,0.47,0,14280.0
0,1,22,9,202,1737,0,0,0,0,0,1,0,0,0,0,0,0,0,0,0,0,6,10,0.0,0.0,0.0,0.0,1.0,0.0,0.3,18,255,1.0,0.0,0.06,0.07,0.0,0.0,0.0,0.0,0,25827.0
0,1,44,5,0,0,0,0,0,0,0,0,0,0,0,0,0,0,0,0,0,0,26,1,1.0,1.0,0.0,0.0,0.04,0.12,0.0,255,13,0.05,0.07,0.0,0.0,1.0,1.0,0.0,0.0,1,91961.0
0,1,22,9,244,2619,0,0,0,0,0,1,0,0,0,0,0,0,0,0,0,0,10,31,0.0,0.0,0.0,0.0,1.0,0.0,0.13,31,255,1.0,0.0,0.03,0.01,0.0,0.0,0.0,0.0,0,20829.0
6777,2,40,9,147,105,0,0,0,0,0,0,0,0,0,0,0,0,0,0,0,0,1,1,0.0,0.0,0.0,0.0,1.0,0.0,0.0,255,3,0.01,0.71,0.99,0.0,0.0,0.0,0.0,0.0,0,95698.0
0,1,22,9,305,2613,0,0,0,0,0,1,0,0,0,0,0,0,0,0,0,0,5,5,0.0,0.0,0.0,0.0,1.0,0.0,0.0,5,255,1.0,0.0,0.2,0.03,0.0,0.0,0.0,0.0,0,47958.0
0,2,11,9,45,79,0,0,0,0,0,0,0,0,0,0,0,0,0,0,0,0,146,146,0.0,0.0,0.0,0.0,1.0,0.0,0.0,255,254,1.0,0.01,0.0,0.0,0.0,0.0,0.0,0.0,0,36925.0
0,1,22,9,269,261,0,0,0,0,0,1,0,0,0,0,0,0,0,0,0,0,18,19,0.0,0.0,0.0,0.0,1.0,0.0,0.11,255,255,1.0,0.0,0.0,0.0,0.0,0.0,0.0,0.0,0,78966.0
8,1,55,9,104,1313,0,0,0,0,0,0,0,0,0,0,0,0,0,0,0,0,1,1,0.0,0.0,0.0,0.0,1.0,0.0,0.0,172,5,0.03,0.04,0.01,0.0,0.0,0.0,0.0,0.0,0,44173.0
0,1,2,1,0,0,0,0,0,0,0,0,0,0,0,0,0,0,0,0,0,0,242,3,0.0,0.0,1.0,1.0,0.01,0.07,0.0,255,3,0.01,0.08,0.0,0.0,0.0,0.0,1.0,1.0,1,67367.0
0,1,42,9,36,130,0,0,0,0,0,1,0,0,0,0,0,0,0,0,0,0,2,1,0.0,0.0,0.0,0.0,0.5,1.0,0.0,47,2,0.04,0.11,0.02,0.0,0.0,0.0,0.0,0.0,0,62531.0
0,2,40,9,1,0,0,0,0,0,0,0,0,0,0,0,0,0,0,0,0,0,18,2,0.0,0.0,0.0,0.0,0.11,0.28,0.0,255,2,0.01,0.26,0.77,0.0,0.0,0.0,0.2,0.0,1,80211.0
0,1,22,4,38568,7300,0,0,0,1,0,1,0,0,0,0,0,0,0,0,0,0,5,5,0.0,0.0,0.2,0.2,1.0,0.0,0.0,84,84,1.0,0.0,0.01,0.0,0.0,0.0,0.05,0.05,1,109555.0
0,1,22,9,306,799,0,0,0,0,0,1,0,0,0,0,0,0,0,0,0,0,22,22,0.0,0.0,0.0,0.0,1.0,0.0,0.0,255,255,1.0,0.0,0.0,0.0,0.0,0.0,0.0,0.0,0,106786.0
0,1,22,9,313,15298,0,0,0,0,0,1,0,0,0,0,0,0,0,0,0,0,4,8,0.0,0.0,0.0,0.0,1.0,0.0,0.25,255,255,1.0,0.0,0.0,0.0,0.0,0.0,0.0,0.0,0,9368.0
0,1,22,9,311,396,0,0,0,0,0,1,0,0,0,0,0,0,0,0,0,0,6,6,0.0,0.0,0.0,0.0,1.0,0.0,0.0,255,255,1.0,0.0,0.0,0.0,0.0,0.0,0.0,0.0,0,23182.0
0,1,23,5,0,0,0,0,0,0,0,0,0,0,0,0,0,0,0,0,0,0,121,2,1.0,1.0,0.0,0.0,0.02,0.06,0.0,255,8,0.03,0.06,0.0,0.0,1.0,1.0,0.0,0.0,1,58590.0
4201,2,40,9,145,105,0,0,0,0,0,0,0,0,0,0,0,0,0,0,0,0,1,1,0.0,0.0,0.0,0.0,1.0,0.0,0.0,255,1,0.0,0.44,0.8,0.0,0.0,0.0,0.0,0.0,0,50353.0
0,1,22,9,283,500,0,0,0,0,0,1,0,0,0,0,0,0,0,0,0,0,10,12,0.0,0.0,0.0,0.0,1.0,0.0,0.17,91,255,1.0,0.0,0.01,0.02,0.0,0.0,0.0,0.0,0,35294.0
0,1,44,1,0,0,0,0,0,0,0,0,0,0,0,0,0,0,0,0,0,0,75,19,0.0,0.0,1.0,1.0,0.25,0.08,0.0,255,9,0.04,0.07,0.0,0.0,0.0,0.0,1.0,1.0,1,103569.0
1,1,49,9,2805,335,0,0,0,0,0,1,0,0,0,0,0,0,2,0,0,0,1,5,0.0,0.0,0.0,0.0,1.0,0.0,1.0,255,122,0.48,0.03,0.0,0.0,0.0,0.0,0.0,0.0,0,8302.0
0,1,19,5,0,0,0,0,0,0,0,0,0,0,0,0,0,0,0,0,0,0,259,22,1.0,1.0,0.0,0.0,0.08,0.05,0.0,255,22,0.09,0.05,0.0,0.0,1.0,1.0,0.0,0.0,1,23908.0
0,1,22,9,239,771,0,0,0,0,0,1,0,0,0,0,0,0,0,0,0,0,16,16,0.0,0.0,0.0,0.0,1.0,0.0,0.0,255,255,1.0,0.0,0.0,0.0,0.0,0.0,0.0,0.0,0,40526.0
0,2,11,9,43,126,0,0,0,0,0,0,0,0,0,0,0,0,0,0,0,0,232,309,0.0,0.0,0.0,0.0,1.0,0.0,0.01,157,118,0.75,0.02,0.01,0.0,0.0,0.0,0.0,0.0,0,119393.0
0,1,37,5,0,0,0,0,0,0,0,0,0,0,0,0,0,0,0,0,0,0,108,13,1.0,1.0,0.0,0.0,0.12,0.06,0.0,255,32,0.13,0.06,0.0,0.0,1.0,1.0,0.0,0.0,1,58648.0
0,1,44,5,0,0,0,0,0,0,0,0,0,0,0,0,0,0,0,0,0,0,106,5,1.0,1.0,0.0,0.0,0.05,0.07,0.0,255,2,0.01,0.06,0.0,0.0,1.0,1.0,0.0,0.0,1,88220.0
0,1,40,1,0,0,0,0,0,0,0,0,0,0,0,0,0,0,0,0,0,0,511,1,0.2,0.0,0.8,1.0,0.0,1.0,0.0,255,1,0.0,1.0,0.0,0.0,0.18,0.0,0.82,1.0,1,46422.0
0,1,19,5,0,0,0,0,0,0,0,0,0,0,0,0,0,0,0,0,0,0,130,1,1.0,1.0,0.0,0.0,0.01,0.06,0.0,255,3,0.01,0.07,0.0,0.0,1.0,1.0,0.0,0.0,1,89158.0
0,2,11,9,42,42,0,0,0,0,0,0,0,0,0,0,0,0,0,0,0,0,3,5,0.0,0.0,0.0,0.0,1.0,0.0,0.4,62,61,0.98,0.03,0.02,0.0,0.0,0.0,0.0,0.0,0,123276.0
0,1,19,9,3909,0,0,0,0,0,0,1,0,0,0,0,0,0,0,0,0,0,11,11,0.0,0.0,0.0,0.0,1.0,0.0,0.0,133,58,0.35,0.02,0.35,0.03,0.0,0.0,0.0,0.0,0,66903.0
0,2,11,9,45,130,0,0,0,0,0,0,0,0,0,0,0,0,0,0,0,0,4,75,0.0,0.0,0.0,0.0,1.0,0.0,0.03,255,254,1.0,0.01,0.0,0.0,0.0,0.0,0.0,0.0,0,32573.0
0,1,22,9,345,1274,0,0,0,0,0,1,0,0,0,0,0,0,0,0,0,0,10,12,0.0,0.0,0.0,0.0,1.0,0.0,0.17,24,255,1.0,0.0,0.04,0.02,0.0,0.0,0.0,0.0,0,121982.0
0,1,22,9,371,620,0,0,0,0,0,1,0,0,0,0,0,0,0,0,0,0,51,53,0.0,0.0,0.0,0.0,1.0,0.0,0.04,255,255,1.0,0.0,0.0,0.0,0.0,0.0,0.0,0.0,0,57264.0
0,1,6,5,0,0,0,0,0,0,0,0,0,0,0,0,0,0,0,0,0,0,199,1,1.0,1.0,0.0,0.0,0.01,0.06,0.0,255,1,0.0,0.05,0.0,0.0,1.0,1.0,0.0,0.0,1,66834.0
0,1,22,9,300,385,0,0,0,0,0,1,0,0,0,0,0,0,0,0,0,0,18,18,0.0,0.0,0.0,0.0,1.0,0.0,0.0,193,255,1.0,0.0,0.01,0.02,0.01,0.0,0.0,0.0,0,90122.0
0,1,22,9,211,930,0,0,0,0,0,1,0,0,0,0,0,0,0,0,0,0,2,2,0.0,0.0,0.0,0.0,1.0,0.0,0.0,255,255,1.0,0.0,0.0,0.0,0.0,0.0,0.0,0.0,0,91520.0
38977,1,44,4,1,0,0,0,0,0,0,0,0,0,0,0,0,0,0,0,0,0,2,2,0.0,0.0,1.0,1.0,1.0,0.0,0.0,255,2,0.01,0.51,1.0,0.0,0.0,0.0,1.0,1.0,1,6391.0
0,1,2,5,0,0,0,0,0,0,0,0,0,0,0,0,0,0,0,0,0,0,246,24,1.0,1.0,0.0,0.0,0.1,0.05,0.0,255,24,0.09,0.06,0.0,0.0,1.0,1.0,0.0,0.0,1,123501.0
