service,flag,src_bytes,dst_bytes,wrong_fragment,logged_in,count,serror_rate,srv_serror_rate,same_srv_rate,diff_srv_rate,srv_diff_host_rate,dst_host_count,dst_host_srv_count,dst_host_same_srv_rate,dst_host_diff_srv_rate,dst_host_srv_diff_host_rate,dst_host_serror_rate,dst_host_srv_serror_rate,dst_host_srv_rerror_rate,classe,posicaoOriginal
48,9,6,0,0,1,106,0.07,0.0,0.01,1.0,0.0,255,1,0.0,0.68,0.0,0.03,0.0,0.0,1,76903.0
45,5,0,0,0,0,118,0.99,1.0,0.13,0.07,0.0,255,15,0.06,0.06,0.0,1.0,1.0,0.0,1,22765.0
22,5,0,0,0,0,20,1.0,1.0,0.5,0.1,0.0,255,66,0.26,0.02,0.0,1.0,1.0,0.0,1,29788.0
61,5,0,0,0,0,276,1.0,1.0,0.01,0.05,0.0,255,4,0.02,0.05,0.0,1.0,1.0,0.0,1,18917.0
51,5,0,0,0,0,95,1.0,1.0,0.02,0.05,0.0,255,2,0.01,0.06,0.0,1.0,1.0,0.0,1,44649.0
22,9,395,9079,0,1,2,0.0,0.0,1.0,0.0,0.19,3,255,1.0,0.0,0.01,0.0,0.0,0.0,0,79964.0
45,1,0,0,0,0,1,0.0,0.0,1.0,0.0,0.0,20,2,0.05,1.0,1.0,0.0,0.0,1.0,1,19284.0
22,9,236,9996,0,1,2,0.0,0.0,1.0,0.0,0.67,18,84,1.0,0.0,0.06,0.0,0.0,0.0,0,26299.0
49,9,1261,329,0,1,1,0.0,0.0,1.0,0.0,0.0,51,73,0.45,0.08,0.03,0.0,0.0,0.0,0,43702.0
49,9,911,338,0,1,1,0.0,0.0,1.0,0.0,0.0,61,107,0.54,0.08,0.03,0.0,0.0,0.0,0,65575.0
22,9,285,1334,0,1,33,0.0,0.0,1.0,0.0,0.06,169,255,1.0,0.0,0.03,0.0,0.0,0.0,0,104794.0
22,9,199,463,0,1,2,0.0,0.0,1.0,0.0,0.67,36,255,1.0,0.0,0.03,0.0,0.0,0.0,0,98922.0
22,9,243,749,0,1,21,0.0,0.0,1.0,0.0,0.09,255,255,1.0,0.0,0.0,0.0,0.0,0.0,0,93467.0
33,5,0,0,0,0,298,1.0,1.0,0.01,0.06,0.0,255,2,0.01,0.08,0.0,1.0,1.0,0.0,1,34094.0
31,5,0,0,0,0,270,1.0,1.0,0.0,0.05,0.0,255,1,0.0,0.05,0.0,1.0,1.0,0.0,1,6197.0
45,5,0,0,0,0,298,1.0,1.0,0.05,0.06,0.0,255,33,0.13,0.07,0.0,1.0,1.0,0.0,1,81131.0
6,1,0,0,0,0,243,0.0,0.0,0.01,0.07,0.0,255,2,0.01,0.08,0.0,0.0,0.0,1.0,1,92157.0
61,5,0,0,0,0,202,1.0,1.0,0.09,0.06,0.0,255,18,0.07,0.06,0.0,1.0,1.0,0.0,1,61453.0
45,5,0,0,0,0,130,1.0,1.0,0.15,0.06,0.0,255,6,0.02,0.06,0.0,1.0,1.0,0.0,1,75917.0
58,9,78,0,0,0,14,0.0,0.0,0.21,0.14,0.0,255,6,0.02,0.01,0.0,0.0,0.0,0.0,0,74319.0
40,9,145,105,0,0,2,0.0,0.0,1.0,0.0,0.0,184,2,0.01,0.55,0.0,0.0,0.0,0.0,0,2742.0
3,5,0,0,0,0,230,1.0,1.0,0.07,0.05,0.0,255,15,0.06,0.05,0.0,1.0,1.0,0.0,1,39201.0
12,5,0,0,0,0,217,1.0,1.0,0.01,0.06,0.0,255,2,0.01,0.07,0.0,1.0,1.0,0.0,1,42800.0
40,9,145,105,0,0,1,0.0,0.0,1.0,0.0,0.0,255,3,0.01,0.44,0.0,0.0,0.0,0.0,0,93845.0
19,9,3468,0,0,1,20,0.0,0.0,1.0,0.0,0.1,255,101,0.4,0.02,0.0,0.0,0.0,0.0,0,76680.0
19,9,5891,0,0,0,17,0.0,0.0,1.0,0.0,0.0,255,105,0.41,0.03,0.0,0.0,0.0,0.0,0,89803.0
7,5,0,0,0,0,150,1.0,1.0,0.07,0.05,0.0,255,1,0.0,0.07,0.0,1.0,1.0,0.0,1,106907.0
40,4,1,0,0,0,2,0.0,0.0,1.0,0.0,0.0,255,2,0.01,0.73,0.0,0.0,0.0,1.0,1,123244.0
22,9,292,247,0,1,18,0.0,0.0,1.0,0.0,0.11,53,255,1.0,0.0,0.03,0.0,0.0,0.0,0,110308.0
22,9,367,565,0,1,3,0.0,0.0,1.0,0.0,0.0,55,255,1.0,0.0,0.02,0.0,0.0,0.0,0,103447.0
28,5,0,0,0,0,294,1.0,1.0,0.09,0.05,0.0,255,25,0.1,0.05,0.0,1.0,1.0,0.0,1,40830.0
52,5,0,0,0,0,245,1.0,1.0,0.07,0.07,0.0,255,16,0.06,0.07,0.0,1.0,1.0,0.0,1,53570.0
45,2,0,0,0,0,125,0.0,0.0,0.1,0.07,0.0,255,12,0.05,0.07,0.0,0.0,0.0,1.0,1,26398.0
59,5,0,0,0,0,121,1.0,1.0,0.09,0.06,0.0,255,11,0.04,0.05,0.0,1.0,1.0,0.0,1,5259.0
22,9,234,254,0,1,8,0.0,0.0,1.0,0.0,0.0,8,255,1.0,0.0,0.02,0.0,0.0,0.0,0,97941.0
11,9,32,0,0,0,1,0.0,0.0,1.0,0.0,0.0,166,19,0.11,0.04,0.0,0.0,0.0,0.0,0,55871.0
11,9,46,92,0,0,227,0.0,0.0,1.0,0.0,0.01,255,218,0.85,0.01,0.0,0.0,0.0,0.0,0,115648.0
45,1,0,0,0,0,79,0.01,0.0,0.01,1.0,0.0,255,1,0.0,0.34,0.0,0.0,0.0,1.0,1,97317.0
45,5,0,0,0,0,286,1.0,1.0,0.06,0.06,0.0,255,5,0.02,0.08,0.0,1.0,1.0,0.0,1,62583.0
22,1,0,0,0,0,1,0.0,0.0,1.0,0.0,1.0,234,255,1.0,0.0,0.01,0.0,0.0,0.02,0,107014.0
45,5,0,0,0,0,291,1.0,1.0,0.06,0.05,0.0,255,9,0.04,0.07,0.0,1.0,1.0,0.0,1,79675.0
45,9,1,0,0,0,8,0.0,0.0,0.5,0.25,0.0,255,47,0.18,0.31,0.0,0.0,0.0,0.0,1,110369.0
22,9,257,771,0,1,4,0.0,0.0,1.0,0.0,0.57,18,255,1.0,0.0,0.04,0.0,0.0,0.0,0,82603.0
2,5,0,0,0,0,201,1.0,1.0,0.0,0.06,0.0,255,1,0.0,0.07,0.0,1.0,1.0,0.0,1,99505.0
45,5,0,0,0,0,285,1.0,1.0,0.02,0.06,0.0,255,10,0.04,0.06,0.0,1.0,1.0,0.0,1,72097.0
12,5,0,0,0,0,272,1.0,1.0,0.08,0.05,0.0,255,21,0.08,0.05,0.0,1.0,1.0,0.0,1,42082.0
58,9,78,0,0,0,46,0.0,0.0,0.13,0.04,0.0,255,22,0.09,0.01,0.0,0.0,0.0,0.0,0,73609.0
22,9,314,274,0,1,30,0.0,0.0,1.0,0.0,0.0,255,255,1.0,0.0,0.0,0.0,0.0,0.0,0,47231.0
3,5,0,0,0,0,290,1.0,1.0,0.04,0.06,0.0,255,11,0.04,0.07,0.0,1.0,1.0,0.0,1,119470.0
62,5,0,0,0,0,258,1.0,1.0,0.05,0.06,0.0,255,13,0.05,0.07,0.0,1.0,1.0,0.0,1,44005.0
22,5,0,0,0,0,126,1.0,1.0,0.13,0.06,0.0,255,3,0.01,0.07,0.0,1.0,1.0,0.0,1,34655.0
40,5,0,0,0,0,198,1.0,1.0,0.01,0.07,0.0,255,1,0.0,0.08,0.0,1.0,1.0,0.0,1,88829.0
45,5,0,0,0,0,1,1.0,1.0,1.0,0.0,0.0,255,1,0.0,1.0,0.0,0.05,1.0,0.0,1,53856.0
8,5,0,0,0,0,262,1.0,1.0,0.08,0.05,0.0,255,21,0.08,0.05,0.0,1.0,1.0,0.0,1,50244.0
22,9,316,354,0,1,6,0.0,0.0,1.0,0.0,0.0,255,255,1.0,0.0,0.0,0.0,0.0,0.0,0,74826.0
19,9,374,0,0,1,1,0.0,0.0,1.0,0.0,0.0,255,126,0.49,0.02,0.0,0.0,0.0,0.0,0,113999.0
22,9,316,293,0,1,11,0.0,0.0,1.0,0.0,0.15,251,255,1.0,0.0,0.01,0.0,0.0,0.13,0,48599.0
45,5,0,0,0,0,133,1.0,1.0,0.07,0.06,0.0,255,12,0.05,0.06,0.0,1.0,1.0,0.0,1,12104.0
24,1,0,0,0,0,269,0.0,0.0,0.04,0.06,0.0,255,11,0.04,0.07,0.0,0.0,0.0,1.0,1,109920.0
45,1,0,0,0,0,122,0.0,0.0,0.05,0.07,0.0,255,6,0.02,0.06,0.0,0.0,0.0,1.0,1,3370.0
45,5,0,0,0,0,130,1.0,1.0,0.14,0.06,0.0,185,18,0.1,0.06,0.0,1.0,1.0,0.0,1,114661.0
22,9,285,2168,0,1,16,0.0,0.0,1.0,0.0,0.0,240,255,1.0,0.0,0.01,0.0,0.0,0.0,0,30300.0
8,5,0,0,0,0,298,1.0,1.0,0.04,0.05,0.0,255,5,0.02,0.07,0.0,1.0,1.0,0.0,1,86245.0
22,9,325,835,0,1,19,0.0,0.0,1.0,0.0,0.1,121,219,1.0,0.0,0.03,0.0,0.0,0.0,0,77712.0
18,2,0,0,0,0,247,0.0,0.0,0.02,0.07,0.0,255,5,0.02,0.08,0.0,0.0,0.0,1.0,1,48306.0
22,9,296,682,0,1,2,0.5,0.5,1.0,0.0,0.0,255,255,1.0,0.0,0.0,0.0,0.0,0.0,0,92387.0
59,5,0,0,0,0,121,1.0,1.0,0.04,0.06,0.0,255,5,0.02,0.05,0.0,1.0,1.0,0.0,1,47409.0
22,9,251,20599,0,1,3,0.0,0.0,1.0,0.0,0.0,255,255,1.0,0.0,0.0,0.0,0.0,0.0,0,47583.0
14,9,1032,0,0,0,3,0.0,0.0,1.0,0.0,0.0,255,3,0.01,0.02,0.0,0.0,0.0,0.0,0,69642.0
59,2,0,0,0,0,104,0.0,0.0,0.02,0.08,0.0,255,2,0.01,0.07,0.0,0.0,0.0,1.0,1,119006.0
13,9,8,0,0,0,1,0.0,0.0,1.0,0.0,1.0,2,255,1.0,0.0,0.5,0.0,0.0,0.0,1,71896.0
22,9,214,13408,0,1,1,0.0,0.0,1.0,0.0,0.0,44,255,1.0,0.0,0.03,0.0,0.0,0.0,0,118691.0
22,9,225,3191,0,1,2,0.0,0.0,1.0,0.0,0.0,22,147,1.0,0.0,0.1,0.0,0.0,0.0,0,54737.0
45,5,0,0,0,0,284,1.0,1.0,0.06,0.05,0.0,255,14,0.05,0.07,0.0,1.0,1.0,0.0,1,22201.0
40,9,147,105,0,0,1,0.0,0.0,1.0,0.0,0.0,255,1,0.0,0.77,0.0,0.0,0.0,0.0,0,17949.0
45,5,0,0,0,0,127,1.0,1.0,0.08,0.06,0.0,127,10,0.08,0.08,0.0,1.0,1.0,0.0,1,42493.0
55,5,0,0,0,0,290,1.0,1.0,0.06,0.06,0.0,255,18,0.07,0.07,0.0,1.0,1.0,0.0,1,11764.0
14,9,1480,0,1,0,10,0.0,0.0,1.0,0.0,0.0,94,10,0.11,0.04,0.0,0.0,0.0,0.0,0,43966.0
22,9,304,1985,0,1,3,0.0,0.0,1.0,0.0,0.0,3,186,1.0,0.0,0.09,0.0,0.0,0.0,0,83054.0
2,5,0,0,0,0,232,1.0,1.0,0.06,0.05,0.0,255,15,0.06,0.05,0.0,1.0,1.0,0.0,1,39594.0
22,1,0,0,0,0,1,0.0,0.0,1.0,0.0,0.0,1,136,1.0,0.0,0.16,0.0,0.0,0.97,0,1697.0
22,9,335,2306,0,1,7,0.0,0.0,1.0,0.0,0.0,42,255,1.0,0.0,0.04,0.0,0.0,0.0,0,97295.0
62,5,0,0,0,0,255,1.0,1.0,0.02,0.07,0.0,255,5,0.02,0.07,0.0,1.0,1.0,0.0,1,19127.0
14,9,1032,0,0,0,295,0.0,0.0,1.0,0.0,0.0,255,255,1.0,0.0,0.0,0.0,0.0,0.0,1,117810.0
37,1,0,0,0,0,72,0.0,0.0,0.1,0.08,0.0,255,7,0.03,0.07,0.0,0.0,0.0,1.0,1,72036.0
22,9,239,1423,0,1,13,0.0,0.0,1.0,0.0,0.0,255,255,1.0,0.0,0.0,0.0,0.0,0.0,0,16355.0
25,5,0,0,0,0,248,1.0,1.0,0.04,0.06,0.0,255,10,0.04,0.06,0.0,1.0,1.0,0.0,1,63933.0
22,9,144,584,0,1,1,0.0,0.0,1.0,0.0,0.0,114,255,1.0,0.0,0.01,0.0,0.0,0.0,0,64809.0
45,5,0,0,0,0,100,1.0,1.0,0.1,0.07,0.0,255,10,0.04,0.08,0.0,1.0,1.0,0.0,1,55982.0
49,9,1230,328,0,1,1,0.0,0.0,1.0,0.0,1.0,22,19,0.86,0.14,0.0,0.0,0.0,0.0,0,1429.0
19,9,190,0,0,1,2,0.0,0.0,1.0,0.0,0.0,255,2,0.01,0.01,0.0,0.0,0.0,0.0,0,47756.0
22,1,0,0,0,0,1,0.0,0.0,1.0,0.0,0.0,18,104,1.0,0.0,0.26,0.0,0.0,1.0,0,35283.0
22,9,202,8324,0,1,3,0.0,0.0,1.0,0.0,0.0,3,255,1.0,0.0,0.03,0.0,0.0,0.0,0,119340.0
22,9,217,1800,0,1,11,0.0,0.0,1.0,0.0,0.19,255,255,1.0,0.0,0.0,0.0,0.0,0.0,0,77803.0
13,9,8,0,0,0,1,0.0,0.0,1.0,0.0,1.0,1,239,1.0,0.0,0.5,0.0,0.0,0.0,1,29344.0
22,9,251,3311,0,1,1,0.0,0.0,1.0,0.0,0.0,9,255,1.0,0.0,0.04,0.0,0.0,0.0,0,75295.0
13,9,30,0,0,0,1,0.0,0.0,1.0,0.0,0.0,43,131,1.0,0.0,0.34,0.0,0.0,0.0,0,6387.0
45,5,0,0,0,0,225,1.0,1.0,0.01,0.06,0.0,255,16,0.06,0.07,0.0,1.0,1.0,0.0,1,117504.0
11,9,46,74,0,0,127,0.0,0.0,0.99,0.02,0.02,255,242,0.95,0.01,0.0,0.0,0.0,0.0,0,118657.0
30,5,0,0,0,0,137,1.0,1.0,0.01,0.07,0.0,255,2,0.01,0.07,0.0,1.0,1.0,0.0,1,97629.0
31,5,0,0,0,0,271,1.0,1.0,0.01,0.05,0.0,255,2,0.01,0.05,0.0,1.0,1.0,0.0,1,73374.0
45,5,0,0,0,0,256,1.0,1.0,0.04,0.05,0.0,255,17,0.07,0.07,0.0,1.0,1.0,0.0,1,113482.0
22,9,280,16609,0,1,8,0.0,0.0,1.0,0.0,0.18,255,255,1.0,0.0,0.0,0.0,0.0,0.0,0,26027.0
13,9,8,0,0,0,1,0.0,0.0,1.0,0.0,1.0,1,80,1.0,0.0,0.26,0.0,0.0,0.0,1,73034.0
22,9,359,16934,0,1,18,0.0,0.0,1.0,0.0,0.0,55,255,1.0,0.0,0.02,0.0,0.0,0.0,0,66186.0
40,4,1,0,0,0,2,0.0,0.0,1.0,0.0,0.0,255,2,0.01,0.74,0.0,0.0,0.0,1.0,1,86601.0
10,5,0,0,0,0,266,1.0,1.0,0.03,0.06,0.0,255,7,0.03,0.08,0.0,1.0,1.0,0.0,1,78535.0
45,5,0,0,0,0,96,1.0,1.0,0.07,0.06,0.0,255,30,0.12,0.06,0.0,1.0,1.0,0.0,1,118076.0
45,1,0,0,0,0,444,0.0,0.0,0.0,0.52,0.0,255,1,0.0,0.51,0.0,0.0,0.0,1.0,1,121355.0
22,9,223,2633,0,1,37,0.0,0.0,1.0,0.0,0.05,98,255,1.0,0.0,0.02,0.01,0.0,0.0,0,26805.0
22,9,298,454,0,1,2,0.0,0.0,1.0,0.0,0.0,2,223,1.0,0.0,0.09,0.0,0.0,0.0,0,117966.0
11,9,46,46,0,0,118,0.0,0.0,1.0,0.0,0.01,255,254,1.0,0.01,0.0,0.0,0.0,0.0,0,36784.0
40,9,146,105,0,0,2,0.0,0.0,1.0,0.0,0.0,255,2,0.01,0.84,0.0,0.0,0.0,0.0,0,116450.0
22,9,274,11889,0,1,3,0.0,0.0,1.0,0.0,0.0,183,183,1.0,0.0,0.0,0.0,0.0,0.0,0,85773.0
22,9,181,7931,0,1,1,0.0,0.0,1.0,0.0,0.0,255,249,0.98,0.01,0.0,0.0,0.0,0.0,0,28124.0
22,9,168,3030,0,1,1,0.0,0.0,1.0,0.0,0.0,82,255,1.0,0.0,0.02,0.01,0.0,0.0,0,20947.0
49,9,5149,325,0,1,1,0.0,0.0,1.0,0.0,0.0,99,93,0.79,0.03,0.02,0.0,0.0,0.0,0,53108.0
22,9,231,13634,0,1,14,0.0,0.0,1.0,0.0,0.0,255,255,1.0,0.0,0.0,0.0,0.0,0.0,0,115727.0
22,9,207,321,0,1,29,0.0,0.0,1.0,0.0,0.0,255,255,1.0,0.0,0.0,0.0,0.0,0.0,0,79743.0
45,1,0,0,0,0,134,0.0,0.0,0.09,0.06,0.0,255,9,0.04,0.06,0.0,0.0,0.0,1.0,1,88110.0
22,9,230,766,0,1,1,0.0,0.0,1.0,0.0,0.0,121,255,1.0,0.0,0.03,0.0,0.0,0.0,0,117422.0
11,9,52,105,0,0,8,0.0,0.0,1.0,0.0,0.0,44,228,1.0,0.0,0.01,0.0,0.0,0.0,0,22606.0
45,9,105,147,0,0,1,0.0,0.0,1.0,0.0,0.0,97,96,0.99,0.02,0.0,0.0,0.0,0.0,0,88451.0
19,9,12,0,0,0,1,0.0,0.0,1.0,0.0,0.0,255,5,0.02,0.01,0.0,0.0,0.0,0.0,0,78630.0
12,5,0,0,0,0,194,1.0,1.0,0.07,0.06,0.0,255,13,0.05,0.07,0.0,1.0,1.0,0.0,1,49684.0
27,5,0,0,0,0,92,1.0,1.0,0.05,0.09,0.0,255,5,0.02,0.07,0.0,1.0,1.0,0.0,1,58248.0
22,9,207,457,0,1,1,0.0,0.0,1.0,0.0,1.0,33,255,1.0,0.0,0.05,0.0,0.0,0.01,0,3134.0
36,5,0,0,0,0,194,1.0,1.0,0.01,0.06,0.0,255,2,0.01,0.07,0.0,1.0,1.0,0.0,1,44253.0
13,9,8,0,0,0,1,0.0,0.0,1.0,0.0,1.0,2,6,1.0,0.0,0.5,0.0,0.0,0.0,1,117164.0
22,9,222,770,0,1,6,0.0,0.0,1.0,0.0,0.0,255,255,1.0,0.0,0.0,0.0,0.0,0.0,0,70371.0
13,9,18,0,0,0,1,0.0,0.0,1.0,0.0,0.0,3,163,1.0,0.0,0.25,0.0,0.0,0.0,1,65534.0
22,9,201,2441,0,1,9,0.0,0.0,1.0,0.0,0.0,9,255,1.0,0.0,0.04,0.0,0.01,0.0,0,125766.0
22,1,0,0,0,0,1,0.0,0.0,1.0,0.0,0.0,34,251,1.0,0.0,0.06,0.0,0.0,0.98,0,55296.0
22,9,240,4945,0,1,1,0.0,0.0,1.0,0.0,0.0,1,255,1.0,0.0,0.07,0.0,0.0,0.0,0,82186.0
22,1,0,0,0,0,1,0.0,0.0,1.0,0.0,1.0,151,255,1.0,0.0,0.09,0.0,0.0,0.52,0,48961.0
22,9,299,662,0,1,10,0.0,0.0,1.0,0.0,0.0,219,255,1.0,0.0,0.01,0.0,0.0,0.0,0,105761.0
22,9,221,1651,0,1,12,0.0,0.0,1.0,0.0,0.07,92,255,1.0,0.0,0.01,0.0,0.0,0.03,0,120845.0
22,9,236,530,0,1,3,0.0,0.0,1.0,0.0,0.0,3,93,1.0,0.0,0.06,0.0,0.02,0.01,0,77383.0
11,9,43,112,0,0,194,0.0,0.0,0.99,0.01,0.0,255,254,1.0,0.01,0.0,0.0,0.0,0.0,0,83866.0
59,5,0,0,0,0,145,1.0,1.0,0.14,0.05,0.0,255,21,0.08,0.05,0.0,1.0,1.0,0.0,1,114220.0
18,5,0,0,0,0,201,1.0,1.0,0.1,0.06,0.0,255,20,0.08,0.09,0.0,1.0,1.0,0.0,1,114366.0
18,5,0,0,0,0,105,1.0,1.0,0.04,0.08,0.0,255,4,0.02,0.07,0.0,1.0,1.0,0.0,1,124661.0
45,1,0,0,0,0,2,0.0,0.0,0.5,1.0,0.0,255,1,0.0,0.45,0.0,0.0,0.0,1.0,1,86482.0
22,9,257,256,0,1,3,0.0,0.0,1.0,0.0,0.33,44,255,1.0,0.0,0.05,0.0,0.0,0.0,0,66414.0
45,5,0,0,0,0,89,1.0,1.0,0.04,0.07,0.0,255,4,0.02,0.07,0.0,1.0,1.0,0.0,1,118753.0
45,5,0,0,0,0,135,1.0,1.0,0.14,0.05,0.0,255,32,0.13,0.05,0.0,1.0,1.0,0.0,1,119355.0
49,9,701,285,0,1,1,0.0,0.0,1.0,0.0,0.0,139,132,0.51,0.04,0.02,0.0,0.0,0.0,0,4995.0
11,9,42,125,0,0,105,0.0,0.0,1.0,0.0,0.01,255,255,1.0,0.0,0.0,0.0,0.0,0.0,0,110243.0
55,5,0,0,0,0,295,1.0,1.0,0.02,0.05,0.0,255,7,0.03,0.05,0.0,1.0,1.0,0.0,1,321.0
54,5,0,0,0,0,222,1.0,1.0,0.01,0.06,0.0,255,2,0.01,0.07,0.0,1.0,1.0,0.0,1,115881.0
45,5,0,0,0,0,175,1.0,1.0,0.04,0.06,0.0,255,19,0.07,0.08,0.0,1.0,1.0,0.0,1,105045.0
45,5,0,0,0,0,164,1.0,1.0,0.03,0.06,0.0,255,10,0.04,0.07,0.0,1.0,1.0,0.0,1,88966.0
14,9,1032,0,0,0,511,0.0,0.0,1.0,0.0,0.0,255,149,0.58,0.01,0.0,0.0,0.0,0.0,1,101107.0
3,9,10,39,0,0,3,0.0,0.0,0.33,0.67,0.0,255,5,0.02,0.03,0.0,0.0,0.0,0.0,0,31406.0
45,1,0,0,0,0,1,0.0,0.0,1.0,0.0,0.0,28,2,0.04,1.0,1.0,0.0,0.0,1.0,1,88875.0
22,9,328,412,0,1,4,0.0,0.0,1.0,0.0,0.0,255,255,1.0,0.0,0.0,0.0,0.0,0.0,0,106383.0
22,9,218,1976,0,1,3,0.0,0.0,1.0,0.0,0.0,178,255,1.0,0.0,0.02,0.0,0.0,0.0,0,3878.0
31,5,0,0,0,0,235,1.0,1.0,0.03,0.06,0.0,255,8,0.03,0.09,0.0,1.0,1.0,0.0,1,116134.0
45,5,0,0,0,0,108,1.0,1.0,0.15,0.06,0.0,255,19,0.07,0.07,0.0,1.0,1.0,0.0,1,64589.0
22,9,255,753,0,1,12,0.0,0.0,1.0,0.0,0.0,211,255,1.0,0.0,0.01,0.0,0.0,0.0,0,100307.0
22,9,262,961,0,1,10,0.0,0.0,1.0,0.0,0.17,63,255,1.0,0.0,0.03,0.0,0.01,0.0,0,90107.0
49,9,1312,331,0,1,1,0.0,0.0,1.0,0.0,0.0,165,118,0.72,0.03,0.0,0.0,0.0,0.0,0,31986.0
45,5,0,0,0,0,256,1.0,1.0,0.01,0.06,0.0,255,9,0.04,0.09,0.0,1.0,1.0,0.0,1,104331.0
40,9,768,0,0,1,4,0.0,0.0,0.25,1.0,0.0,39,1,0.03,0.36,0.0,0.03,0.0,0.0,0,115391.0
22,9,211,3783,0,1,5,0.0,0.0,1.0,0.0,0.0,11,53,1.0,0.0,0.08,0.0,0.0,0.0,0,108759.0
45,5,0,0,0,0,93,1.0,1.0,0.17,0.05,0.0,255,1,0.0,0.07,0.0,1.0,1.0,0.0,1,12784.0
45,9,105,147,0,0,1,0.0,0.0,1.0,0.0,0.0,178,176,0.99,0.01,0.0,0.0,0.0,0.0,0,87719.0
40,9,113,0,0,0,31,0.0,0.0,0.97,0.06,0.0,255,30,0.12,0.53,0.0,0.0,0.0,0.0,0,41618.0
14,9,520,0,0,0,43,0.0,0.0,1.0,0.0,0.0,255,255,1.0,0.0,0.0,0.0,0.0,0.0,1,64391.0
40,9,516,4,0,0,271,0.0,0.0,1.0,0.0,0.0,255,255,1.0,0.0,0.0,0.0,0.0,0.0,0,5834.0
20,4,0,0,0,0,1,0.0,0.0,1.0,0.0,0.0,168,1,0.01,0.42,0.0,0.0,0.0,1.0,1,35588.0
13,9,8,0,0,0,1,0.0,0.0,1.0,0.0,1.0,1,17,1.0,0.0,0.29,0.0,0.0,0.0,1,73137.0
22,9,292,8258,0,1,4,0.0,0.0,1.0,0.0,0.04,255,255,1.0,0.0,0.0,0.0,0.0,0.0,0,21824.0
22,9,319,1598,0,1,10,0.0,0.0,1.0,0.0,0.0,10,255,1.0,0.0,0.03,0.0,0.0,0.0,0,82886.0
14,9,1032,0,0,0,511,0.0,0.0,1.0,0.0,0.0,255,176,0.69,0.02,0.0,0.0,0.0,0.0,1,101115.0
45,4,0,0,0,0,349,0.0,0.0,0.01,0.52,0.0,255,2,0.01,0.52,0.0,0.0,0.0,1.0,1,50991.0
20,5,0,0,0,0,242,1.0,1.0,0.01,0.07,0.0,255,3,0.01,0.07,0.0,1.0,1.0,0.0,1,8311.0
49,9,1753,485,0,1,1,0.0,0.0,1.0,0.0,0.0,255,38,0.15,0.02,0.0,0.0,0.0,0.0,0,107131.0
22,9,198,45076,0,1,2,0.0,0.0,1.0,0.0,0.0,1,1,1.0,0.0,0.0,0.0,0.0,0.0,0,53275.0
22,9,209,736,0,1,2,0.0,0.0,1.0,0.0,0.67,122,255,1.0,0.0,0.02,0.02,0.01,0.0,0,45833.0
22,9,246,1165,0,1,7,0.0,0.0,1.0,0.0,0.0,255,255,1.0,0.0,0.0,0.0,0.0,0.0,0,19877.0
22,5,0,0,0,0,11,1.0,1.0,0.18,0.36,0.0,255,42,0.16,0.05,0.0,1.0,1.0,0.0,1,53707.0
55,9,8641,16120,0,1,1,0.0,0.0,1.0,0.0,0.0,179,28,0.15,0.02,0.07,0.12,0.75,0.0,0,5868.0
20,5,0,0,0,0,247,1.0,1.0,0.04,0.06,0.0,255,10,0.04,0.07,0.0,1.0,1.0,0.0,1,71628.0
22,9,213,310,0,1,6,0.0,0.0,1.0,0.0,0.0,89,255,1.0,0.0,0.05,0.0,0.0,0.0,0,16536.0
45,1,0,0,0,0,239,0.0,0.0,0.05,0.07,0.0,255,11,0.04,0.08,0.0,0.0,0.0,1.0,1,40463.0
22,9,54540,8314,0,1,3,0.0,0.0,1.0,0.0,0.0,195,195,1.0,0.0,0.0,0.0,0.0,0.05,0,59767.0
19,9,3775,0,0,0,11,0.0,0.0,1.0,0.0,0.0,44,74,0.8,0.07,0.03,0.0,0.0,0.0,0,64150.0
22,9,54540,8314,0,1,4,0.0,0.0,1.0,0.0,0.0,147,147,1.0,0.0,0.0,0.0,0.0,0.05,0,26942.0
49,9,2500,329,0,1,1,0.0,0.0,1.0,0.0,0.0,165,40,0.24,0.43,0.0,0.0,0.0,0.0,0,86758.0
22,9,207,11574,0,1,5,0.0,0.0,1.0,0.0,0.33,5,255,1.0,0.0,0.05,0.0,0.0,0.0,0,53432.0
22,1,0,0,0,0,1,0.0,0.0,1.0,0.0,1.0,43,238,1.0,0.0,0.24,0.0,0.0,1.0,0,14576.0
22,9,298,6377,0,1,10,0.0,0.0,1.0,0.0,0.0,40,255,1.0,0.0,0.03,0.0,0.0,0.0,0,104971.0
18,5,0,0,0,0,230,1.0,1.0,0.02,0.06,0.0,255,4,0.02,0.07,0.0,1.0,1.0,0.0,1,104238.0
22,1,0,0,0,0,1,0.0,0.0,1.0,0.0,1.0,3,254,1.0,0.0,0.2,0.0,0.01,0.91,0,46390.0
49,9,1243,334,0,1,1,0.0,0.0,1.0,0.0,0.0,28,207,1.0,0.0,0.01,0.0,0.0,0.0,0,51198.0
40,9,147,105,0,0,1,0.0,0.0,1.0,0.0,0.0,255,1,0.0,0.73,0.0,0.0,0.0,0.0,0,90586.0
11,9,44,127,0,0,43,0.0,0.0,1.0,0.0,0.02,255,255,1.0,0.0,0.0,0.0,0.0,0.0,0,6965.0
17,5,0,0,0,0,259,1.0,1.0,0.02,0.05,0.0,255,5,0.02,0.05,0.0,1.0,1.0,0.0,1,123586.0
11,9,46,46,0,0,16,0.0,0.0,1.0,0.0,0.12,255,255,1.0,0.0,0.0,0.0,0.0,0.0,0,108814.0
11,9,102,0,0,0,1,0.0,0.0,1.0,0.0,1.0,28,28,1.0,0.0,0.0,0.0,0.0,0.0,0,26340.0
53,5,0,0,0,0,147,1.0,1.0,0.01,0.07,0.0,255,2,0.01,0.06,0.0,1.0,1.0,0.0,1,96862.0
45,1,0,0,0,0,85,0.0,0.0,0.2,0.07,0.0,255,17,0.07,0.06,0.0,0.0,0.0,1.0,1,19383.0
22,9,301,2507,0,1,5,0.0,0.0,1.0,0.0,0.33,255,247,0.97,0.01,0.0,0.0,0.0,0.02,0,72763.0
22,9,290,269,0,1,1,0.0,0.0,1.0,0.0,0.19,255,255,1.0,0.0,0.0,0.0,0.0,0.0,0,43496.0
19,9,5891,0,0,0,17,0.0,0.0,1.0,0.0,0.0,255,92,0.36,0.03,0.0,0.0,0.0,0.0,0,6613.0
45,5,0,0,0,0,89,1.0,1.0,0.01,0.08,0.0,140,1,0.01,0.08,0.0,1.0,1.0,0.0,1,74406.0
59,5,0,0,0,0,127,1.0,1.0,0.01,0.07,0.0,255,1,0.0,0.07,0.0,1.0,1.0,0.0,1,17678.0
13,9,8,0,0,0,1,0.0,0.0,1.0,0.0,1.0,2,142,1.0,0.0,0.5,0.0,0.0,0.0,1,73359.0
56,5,0,0,0,0,230,1.0,1.0,0.03,0.07,0.0,255,13,0.05,0.08,0.0,1.0,1.0,0.0,1,89776.0
22,9,289,342,0,1,3,0.0,0.0,1.0,0.0,0.0,255,255,1.0,0.0,0.0,0.0,0.0,0.0,0,42416.0
13,9,18,0,0,0,1,0.0,0.0,1.0,0.0,0.0,4,48,1.0,0.0,0.25,0.0,0.0,0.0,1,69912.0
50,5,0,0,0,0,197,1.0,1.0,0.03,0.06,0.0,255,11,0.04,0.07,0.0,1.0,1.0,0.0,1,102161.0
22,9,247,943,0,1,3,0.0,0.0,1.0,0.0,0.5,255,255,1.0,0.0,0.0,0.0,0.0,0.0,0,84442.0
16,5,0,0,0,0,131,1.0,1.0,0.07,0.06,0.0,255,2,0.01,0.07,0.0,1.0,1.0,0.0,1,107268.0
45,5,0,0,0,0,139,1.0,1.0,0.02,0.06,0.0,255,2,0.01,0.08,0.0,1.0,1.0,0.0,1,22631.0
40,9,516,4,0,0,323,0.0,0.0,1.0,0.0,0.0,255,255,1.0,0.0,0.0,0.0,0.0,0.0,0,44234.0
22,9,189,4536,0,1,17,0.0,0.0,1.0,0.0,0.11,52,255,1.0,0.0,0.01,0.0,0.0,0.01,0,30193.0
22,9,207,1918,0,1,13,0.0,0.0,1.0,0.0,0.12,255,255,1.0,0.0,0.0,0.0,0.0,0.0,0,57659.0
22,1,0,0,0,0,1,0.0,0.0,1.0,0.0,0.0,94,80,0.85,0.04,0.0,0.0,0.0,1.0,0,72479.0
55,5,0,0,0,0,8,1.0,1.0,1.0,0.0,0.0,48,9,0.17,0.06,0.22,1.0,0.89,0.0,1,124555.0
11,9,30,0,0,0,1,0.0,0.0,1.0,0.0,1.0,4,2,0.5,0.5,0.0,0.0,0.0,0.0,0,54970.0
45,5,0,0,0,0,101,1.0,1.0,0.07,0.06,0.0,255,8,0.03,0.06,0.0,1.0,1.0,0.0,1,100511.0
14,9,1032,0,0,0,510,0.0,0.0,1.0,0.0,0.0,255,159,0.62,0.01,0.0,0.0,0.0,0.0,1,98870.0
19,9,641,0,0,1,2,0.0,0.0,1.0,0.0,0.0,79,30,0.14,0.05,0.07,0.0,0.0,0.0,0,40002.0
22,9,326,9416,0,1,1,0.0,0.0,1.0,0.0,0.0,1,255,1.0,0.0,0.11,0.0,0.0,0.98,0,123882.0
22,9,325,4128,0,1,9,0.0,0.0,1.0,0.0,0.0,9,252,1.0,0.0,0.05,0.0,0.01,0.0,0,98634.0
45,5,0,0,0,0,106,1.0,1.0,0.08,0.08,0.0,255,8,0.03,0.07,0.0,1.0,1.0,0.0,1,46749.0
45,5,0,0,0,0,178,1.0,1.0,0.04,0.06,0.0,255,20,0.08,0.06,0.0,1.0,1.0,0.0,1,57246.0
22,9,300,5973,0,1,1,0.0,0.0,1.0,0.0,0.05,12,255,1.0,0.0,0.03,0.0,0.0,0.01,0,31691.0
11,9,44,142,0,0,67,0.0,0.0,0.99,0.03,0.01,255,232,0.91,0.02,0.0,0.0,0.0,0.0,0,85231.0
26,1,0,0,0,0,130,0.0,0.0,0.04,0.07,0.0,255,5,0.02,0.06,0.0,0.0,0.0,1.0,1,25488.0
45,5,0,0,0,0,102,1.0,1.0,0.03,0.08,0.0,255,3,0.01,0.07,0.0,1.0,1.0,0.0,1,57150.0
45,1,0,0,0,0,157,0.05,0.0,0.01,1.0,0.0,255,1,0.0,0.8,0.0,0.03,0.0,1.0,1,77054.0
45,5,0,0,0,0,95,1.0,1.0,0.13,0.06,0.0,149,12,0.08,0.07,0.0,1.0,1.0,0.0,1,32310.0
40,9,59,0,0,1,12,0.08,0.0,0.08,0.83,0.0,106,1,0.01,0.12,0.0,0.01,0.0,0.0,0,15104.0
11,9,44,98,0,0,221,0.0,0.0,1.0,0.0,0.01,255,218,0.85,0.01,0.0,0.0,0.0,0.0,0,113669.0
22,9,241,256,0,1,1,0.0,0.0,1.0,0.0,0.23,91,255,1.0,0.0,0.03,0.0,0.0,0.0,0,23863.0
45,5,0,0,0,0,31,1.0,1.0,0.35,0.16,0.0,255,12,0.05,0.08,0.0,1.0,1.0,0.0,1,44489.0
25,1,0,0,0,0,200,0.0,0.0,0.01,0.06,0.0,255,2,0.01,0.07,0.0,0.0,0.0,1.0,1,39210.0
49,9,789,331,0,1,1,0.0,0.0,1.0,0.0,0.0,48,115,0.4,0.06,0.02,0.0,0.17,0.0,0,72465.0
55,9,112,847,0,0,1,0.0,0.0,1.0,0.0,0.0,255,48,0.19,0.02,0.0,0.22,0.31,0.0,0,21445.0
45,5,0,0,0,0,143,1.0,1.0,0.13,0.06,0.0,255,8,0.03,0.07,0.0,1.0,1.0,0.0,1,29745.0
21,5,0,0,0,0,299,1.0,1.0,0.07,0.06,0.0,255,4,0.02,0.08,0.0,1.0,1.0,0.0,1,22369.0
3,5,0,0,0,0,278,1.0,1.0,0.03,0.06,0.0,255,2,0.01,0.07,0.0,1.0,1.0,0.0,1,62101.0
22,9,173,1374,0,1,1,0.0,0.0,1.0,0.0,1.0,4,35,1.0,0.0,0.14,0.0,0.0,0.0,0,42601.0
22,9,208,1484,0,1,8,0.0,0.0,1.0,0.0,0.31,255,255,1.0,0.0,0.0,0.0,0.0,0.0,0,75313.0
13,9,8,0,0,0,1,0.0,0.0,1.0,0.0,1.0,2,255,1.0,0.0,0.25,0.0,0.0,0.0,1,58663.0
39,9,48,48,0,0,1,0.0,0.0,1.0,0.0,0.0,197,3,0.02,0.02,0.0,0.0,0.0,0.0,0,104618.0
49,9,3044,330,0,1,1,0.0,0.0,1.0,0.0,1.0,73,154,0.74,0.08,0.01,0.0,0.0,0.0,0,104528.0
45,5,0,0,0,0,191,1.0,1.0,0.02,0.06,0.0,255,18,0.07,0.06,0.0,1.0,1.0,0.0,1,25389.0
14,9,30,0,0,0,1,0.0,0.0,1.0,0.0,0.0,248,248,1.0,0.0,0.0,0.0,0.0,0.0,0,58681.0
4,5,0,0,0,0,130,1.0,1.0,0.17,0.05,0.0,255,22,0.09,0.05,0.0,1.0,1.0,0.0,1,122561.0
11,9,44,44,0,0,109,0.0,0.0,1.0,0.0,0.0,255,252,0.99,0.01,0.0,0.0,0.0,0.0,0,109705.0
4,5,0,0,0,0,114,1.0,1.0,0.05,0.06,0.0,255,6,0.02,0.05,0.0,1.0,1.0,0.0,1,115107.0
40,5,0,0,0,0,511,0.33,1.0,0.0,1.0,0.0,255,1,0.0,1.0,0.0,0.17,1.0,0.0,1,102278.0
22,9,293,278,0,1,19,0.0,0.0,1.0,0.0,0.18,255,255,1.0,0.0,0.0,0.0,0.0,0.0,0,40474.0
22,9,235,4955,0,1,1,0.0,0.0,1.0,0.0,0.33,8,255,1.0,0.0,0.04,0.0,0.0,0.0,0,106714.0
49,9,7503,392,0,1,1,0.0,0.0,1.0,0.0,0.0,255,11,0.04,0.02,0.0,0.95,0.0,0.0,0,26995.0
10,5,0,0,0,0,273,1.0,1.0,0.07,0.05,0.0,255,19,0.07,0.05,0.0,1.0,1.0,0.0,1,59853.0
45,1,0,0,0,0,164,0.0,0.0,0.1,0.06,0.0,255,17,0.07,0.06,0.0,0.0,0.0,1.0,1,94526.0
11,9,45,111,0,0,123,0.0,0.0,0.99,0.02,0.01,255,216,0.85,0.02,0.0,0.0,0.0,0.0,0,38447.0
11,9,47,38,0,0,4,0.0,0.0,1.0,0.0,0.0,9,8,0.89,0.22,0.0,0.0,0.0,0.0,0,90610.0
6,5,0,0,0,0,244,1.0,1.0,0.09,0.05,0.0,255,23,0.09,0.06,0.0,1.0,1.0,0.0,1,61072.0
22,9,320,270,0,1,6,0.0,0.0,1.0,0.0,0.0,192,188,0.98,0.01,0.0,0.0,0.0,0.0,0,34496.0
22,9,203,204,0,1,2,0.0,0.0,1.0,0.0,0.0,77,255,1.0,0.0,0.03,0.0,0.0,0.0,0,39547.0
11,9,46,125,0,0,92,0.0,0.0,1.0,0.0,0.02,162,123,0.76,0.02,0.0,0.0,0.0,0.0,0,45087.0
22,6,326,20440,0,1,2,0.5,0.5,1.0,0.0,0.0,255,255,1.0,0.0,0.0,0.0,0.0,0.0,0,116148.0
45,5,0,0,0,0,237,1.0,1.0,0.07,0.08,0.0,255,16,0.06,0.08,0.0,1.0,1.0,0.0,1,57826.0
11,9,43,43,0,0,116,0.0,0.0,1.0,0.0,0.02,255,254,1.0,0.01,0.0,0.0,0.0,0.0,0,64293.0
45,1,0,0,0,0,382,0.0,0.0,0.0,0.52,0.0,255,1,0.0,0.52,0.0,0.0,0.0,1.0,1,114946.0
45,5,0,0,0,0,147,1.0,1.0,0.07,0.05,0.0,255,4,0.02,0.08,0.0,1.0,1.0,0.0,1,109371.0
17,9,8,139,0,0,1,0.0,0.0,1.0,0.0,0.0,255,15,0.06,0.02,0.0,0.0,0.07,0.0,0,9666.0
22,9,172,9966,0,1,1,0.0,0.0,1.0,0.0,0.67,255,255,1.0,0.0,0.0,0.0,0.0,0.0,0,106012.0
22,9,251,3118,0,1,3,0.0,0.0,1.0,0.0,0.0,255,246,0.96,0.01,0.0,0.0,0.0,0.0,0,17727.0
49,9,1785,362,0,1,1,0.0,0.0,1.0,0.0,1.0,41,170,0.73,0.1,0.01,0.0,0.0,0.0,0,26370.0
45,9,28,0,3,0,62,0.0,0.0,1.0,0.0,0.0,255,29,0.11,0.01,0.0,0.0,0.0,0.0,1,23170.0
17,9,6,25,0,0,3,0.0,0.0,0.67,0.67,0.0,255,2,0.01,0.02,0.0,0.0,0.0,0.0,1,45126.0
19,9,1030,0,0,1,8,0.0,0.0,1.0,0.0,0.0,244,92,0.36,0.11,0.02,0.01,0.01,0.0,0,93081.0
22,9,289,8891,0,1,19,0.0,0.0,1.0,0.0,0.1,255,255,1.0,0.0,0.0,0.0,0.0,0.0,0,8315.0
14,9,1032,0,0,0,145,0.0,0.0,1.0,0.0,0.0,255,145,0.57,0.01,0.0,0.0,0.0,0.0,1,80956.0
55,5,0,0,0,0,20,1.0,1.0,1.0,0.0,0.0,62,42,0.68,0.03,0.0,0.97,0.95,0.0,1,35410.0
19,9,3888,0,0,1,4,0.25,0.25,1.0,0.0,0.0,45,64,0.22,0.11,0.03,0.02,0.02,0.0,0,74888.0
40,4,1,0,0,0,2,0.0,0.0,1.0,0.0,0.0,255,2,0.01,0.73,0.0,0.0,0.0,1.0,1,84741.0
4,5,0,0,0,0,141,1.0,1.0,0.13,0.06,0.0,255,18,0.07,0.07,0.0,1.0,1.0,0.0,1,15874.0
45,1,0,0,0,0,107,0.0,0.0,0.05,0.07,0.0,255,25,0.1,0.07,0.0,0.0,0.0,1.0,1,114350.0
40,9,147,105,0,0,1,0.0,0.0,1.0,0.0,0.0,255,1,0.0,0.77,0.0,0.0,0.0,0.0,0,49565.0
49,9,731,388,0,1,1,0.0,0.0,1.0,0.0,0.0,255,4,0.02,0.07,0.0,0.98,0.0,0.0,0,49379.0
22,9,352,2367,0,1,4,0.0,0.0,1.0,0.0,0.0,90,255,1.0,0.0,0.02,0.0,0.0,0.0,0,47993.0
22,9,229,2509,0,1,4,0.0,0.0,1.0,0.0,0.07,189,255,1.0,0.0,0.03,0.0,0.0,0.0,0,43087.0
11,9,42,42,0,0,3,0.0,0.0,1.0,0.0,0.0,255,238,0.93,0.01,0.0,0.0,0.0,0.0,0,96330.0
22,9,205,365,0,1,35,0.0,0.0,1.0,0.0,0.05,255,255,1.0,0.0,0.0,0.0,0.0,0.0,0,70906.0
22,9,296,1415,0,1,8,0.0,0.0,1.0,0.0,0.0,255,255,1.0,0.0,0.0,0.0,0.0,0.0,0,1979.0
11,9,45,77,0,0,196,0.0,0.0,0.99,0.01,0.0,255,254,1.0,0.01,0.0,0.0,0.0,0.0,0,51594.0
22,9,330,252,0,1,2,0.0,0.0,1.0,0.0,0.0,2,2,1.0,0.0,0.0,0.0,0.0,0.0,0,119960.0
45,1,0,0,0,0,185,0.0,0.0,0.02,0.08,0.0,255,4,0.02,0.08,0.0,0.0,0.0,1.0,1,48907.0
22,9,276,5069,0,1,3,0.0,0.0,1.0,0.0,0.0,3,255,1.0,0.0,0.02,0.0,0.0,0.01,0,60102.0
2,5,0,0,0,0,238,1.0,1.0,0.07,0.06,0.0,255,4,0.02,0.09,0.0,1.0,1.0,0.0,1,22816.0
55,5,0,0,0,0,57,1.0,1.0,0.25,0.07,0.0,255,58,0.23,0.04,0.0,1.0,1.0,0.0,1,47123.0
45,5,0,0,0,0,175,1.0,1.0,0.06,0.06,0.0,255,10,0.04,0.08,0.0,1.0,1.0,0.0,1,61666.0
37,5,0,0,0,0,101,1.0,1.0,0.01,0.07,0.0,255,1,0.0,0.06,0.0,1.0,1.0,0.0,1,119367.0
46,5,0,0,0,0,212,1.0,1.0,0.03,0.07,0.0,255,6,0.02,0.07,0.0,1.0,1.0,0.0,1,11424.0
22,9,298,256,0,1,2,0.0,0.0,1.0,0.0,0.67,255,251,0.98,0.01,0.0,0.0,0.0,0.0,0,56305.0
22,9,205,365,0,1,17,0.0,0.0,1.0,0.0,0.0,255,255,1.0,0.0,0.0,0.0,0.0,0.0,0,14047.0
49,9,129,237,0,1,1,0.0,0.0,1.0,0.0,0.0,113,12,0.11,0.63,0.0,0.0,0.0,0.0,0,22243.0
45,5,0,0,0,0,129,1.0,1.0,0.01,0.06,0.0,255,7,0.03,0.07,0.0,1.0,1.0,0.0,1,66058.0
32,5,0,0,0,0,220,1.0,1.0,0.09,0.06,0.0,255,20,0.08,0.08,0.0,1.0,1.0,0.0,1,98567.0
49,9,670,330,0,1,1,0.0,0.0,1.0,0.0,0.0,141,170,0.74,0.04,0.01,0.0,0.0,0.0,0,7862.0
33,1,0,0,0,0,296,0.0,0.0,0.05,0.05,0.0,255,15,0.06,0.08,0.0,0.0,0.0,1.0,1,40191.0
23,1,0,0,0,0,139,0.0,0.0,0.12,0.06,0.0,255,16,0.06,0.07,0.0,0.0,0.0,1.0,1,45259.0
25,5,0,0,0,0,233,1.0,1.0,0.06,0.07,0.0,255,14,0.05,0.07,0.0,1.0,1.0,0.0,1,109311.0
22,9,293,7643,0,1,3,0.0,0.0,1.0,0.0,0.0,154,255,1.0,0.0,0.05,0.0,0.0,0.0,0,120714.0
49,2,0,0,0,0,201,0.0,0.0,0.0,0.06,0.0,255,1,0.0,0.07,0.0,0.0,0.0,1.0,1,75890.0
22,9,285,810,0,1,3,0.33,0.4,1.0,0.0,0.4,255,255,1.0,0.0,0.0,0.0,0.0,0.0,0,123305.0
19,9,4404,0,0,0,1,0.0,0.0,1.0,0.0,0.0,207,10,0.05,0.02,0.0,0.0,0.0,0.0,0,115383.0
55,5,0,0,0,0,52,0.98,1.0,0.23,0.1,0.0,255,32,0.13,0.05,0.0,1.0,1.0,0.0,1,25172.0
49,9,1074,388,0,1,181,0.99,0.0,0.01,0.07,1.0,255,13,0.05,0.07,0.0,0.93,0.0,0.0,0,19080.0
40,9,147,105,0,0,1,0.0,0.0,1.0,0.0,0.0,255,1,0.0,0.77,0.0,0.0,0.0,0.0,0,14420.0
49,9,3087,429,0,1,1,0.0,0.0,1.0,0.0,1.0,110,142,0.8,0.03,0.01,0.07,0.04,0.01,0,95258.0
40,9,113,0,0,0,9,0.0,0.0,0.89,0.22,0.0,255,8,0.03,0.59,0.0,0.0,0.0,0.0,0,3752.0
13,9,8,0,0,0,1,0.0,0.0,1.0,0.0,1.0,3,227,1.0,0.0,0.25,0.0,0.0,0.0,1,80469.0
22,9,331,13692,0,1,1,0.0,0.0,1.0,0.0,0.0,19,255,1.0,0.0,0.07,0.0,0.01,0.0,0,7221.0
22,9,181,9951,0,1,7,0.0,0.0,1.0,0.0,0.0,7,255,1.0,0.0,0.05,0.0,0.0,0.0,0,92864.0
22,1,0,0,0,0,1,0.0,0.0,1.0,0.0,0.0,2,255,1.0,0.0,0.05,0.0,0.0,0.74,0,92754.0
22,9,249,17,0,1,2,0.0,0.0,1.0,0.0,0.67,8,255,1.0,0.0,0.04,0.0,0.0,0.0,0,39064.0
22,9,215,597,0,1,7,0.0,0.0,1.0,0.0,0.0,211,255,1.0,0.0,0.01,0.0,0.0,0.0,0,40296.0
22,9,326,930,0,1,3,0.0,0.0,1.0,0.0,0.4,201,255,1.0,0.0,0.01,0.0,0.0,0.0,0,41878.0
15,5,0,0,0,0,147,1.0,1.0,0.12,0.05,0.0,255,18,0.07,0.06,0.0,1.0,1.0,0.0,1,21289.0
24,5,0,0,0,0,186,1.0,1.0,0.06,0.06,0.0,255,12,0.05,0.06,0.0,1.0,1.0,0.0,1,26007.0
37,5,0,0,0,0,70,1.0,1.0,0.1,0.07,0.0,255,7,0.03,0.07,0.0,1.0,1.0,0.0,1,13407.0
22,9,198,7669,0,1,2,0.0,0.0,1.0,0.0,0.67,80,255,1.0,0.0,0.03,0.0,0.01,0.0,0,19763.0
22,9,309,18146,0,1,1,0.0,0.0,1.0,0.0,0.5,54,255,1.0,0.0,0.05,0.0,0.0,0.0,0,125561.0
22,9,204,4054,0,1,4,0.0,0.0,1.0,0.0,0.08,106,255,1.0,0.0,0.02,0.0,0.0,0.0,0,50284.0
49,9,710,327,0,1,1,0.0,0.0,1.0,0.0,0.0,255,149,0.58,0.02,0.0,0.0,0.0,0.0,0,91725.0
22,9,327,1516,0,1,7,0.0,0.0,1.0,0.0,0.25,161,255,1.0,0.0,0.01,0.0,0.0,0.0,0,5098.0
22,9,230,17574,0,1,4,0.0,0.0,1.0,0.0,0.0,255,255,1.0,0.0,0.0,0.0,0.0,0.0,0,111571.0
40,9,1,0,0,0,17,0.0,0.0,0.06,0.47,0.0,255,1,0.0,0.25,0.0,0.0,0.0,0.0,1,60177.0
21,5,0,0,0,0,286,1.0,1.0,0.07,0.05,0.0,255,21,0.08,0.05,0.0,1.0,1.0,0.0,1,24322.0
22,1,0,0,0,0,1,0.0,0.0,1.0,0.0,1.0,11,145,1.0,0.0,0.03,0.0,0.0,1.0,0,104081.0
19,9,10261,0,0,0,7,0.0,0.0,1.0,0.0,0.0,255,105,0.41,0.03,0.0,0.0,0.0,0.0,0,123768.0
40,9,147,105,0,0,6,0.0,0.0,0.33,0.5,0.0,77,2,0.03,0.52,0.0,0.0,0.0,0.0,0,45860.0
49,9,121,232,0,1,1,0.0,0.0,1.0,0.0,0.0,89,14,0.16,0.8,0.0,0.0,0.0,0.0,0,60903.0
45,10,0,0,0,0,1,1.0,1.0,1.0,0.0,0.0,141,1,0.01,0.93,0.0,0.94,1.0,0.0,1,21242.0
22,9,343,392,0,1,31,0.0,0.0,1.0,0.0,0.0,215,255,1.0,0.0,0.02,0.0,0.01,0.02,0,110120.0
19,9,13239,0,0,1,6,0.0,0.0,1.0,0.0,0.0,255,90,0.35,0.02,0.0,0.0,0.0,0.0,0,94034.0
45,5,0,0,0,0,292,1.0,1.0,0.05,0.06,0.0,255,7,0.03,0.07,0.0,1.0,1.0,0.0,1,70185.0
22,9,345,4340,0,1,14,0.0,0.0,1.0,0.0,0.0,255,255,1.0,0.0,0.0,0.0,0.0,0.0,0,94066.0
45,5,0,0,0,0,186,1.0,1.0,0.03,0.06,0.0,255,14,0.05,0.08,0.0,1.0,1.0,0.0,1,100634.0
13,9,8,0,0,0,1,0.0,0.0,1.0,0.0,1.0,1,161,1.0,0.0,0.25,0.0,0.0,0.0,1,121500.0
19,9,12,0,0,1,2,0.0,0.0,1.0,0.0,0.0,183,83,0.45,0.02,0.0,0.0,0.0,0.0,0,109068.0
19,9,201,0,0,1,5,0.0,0.0,1.0,0.0,0.0,255,105,0.41,0.02,0.0,0.0,0.0,0.0,0,57662.0
22,9,319,1559,0,1,6,0.0,0.0,1.0,0.0,0.0,105,255,1.0,0.0,0.04,0.0,0.0,0.0,0,27705.0
49,9,1411,327,0,1,1,0.0,0.0,1.0,0.0,0.0,72,71,0.75,0.07,0.03,0.0,0.0,0.0,0,103311.0
26,5,0,0,0,0,144,1.0,1.0,0.1,0.06,0.0,255,13,0.05,0.07,0.0,1.0,1.0,0.0,1,111058.0
22,9,331,4937,0,1,21,0.0,0.0,1.0,0.0,0.0,255,255,1.0,0.0,0.0,0.0,0.0,0.0,0,103805.0
49,9,1430,329,0,1,1,0.0,0.0,1.0,0.0,0.0,32,110,0.88,0.06,0.02,0.0,0.0,0.0,0,115744.0
24,5,0,0,0,0,228,1.0,1.0,0.09,0.06,0.0,255,19,0.07,0.07,0.0,1.0,1.0,0.0,1,14682.0
45,4,0,0,0,0,1,0.0,0.0,1.0,0.0,0.0,219,1,0.0,0.55,0.0,0.0,0.0,1.0,1,118832.0
11,9,43,138,0,0,74,0.0,0.0,1.0,0.0,0.01,255,254,1.0,0.01,0.0,0.0,0.0,0.0,0,102253.0
49,9,1644,328,0,1,1,0.0,0.0,1.0,0.0,1.0,169,136,0.8,0.04,0.0,0.0,0.0,0.0,0,29978.0
25,5,0,0,0,0,236,1.0,1.0,0.02,0.06,0.0,255,1,0.0,0.07,0.0,1.0,1.0,0.0,1,62590.0
19,9,1556,0,0,1,24,0.0,0.0,1.0,0.0,0.0,255,138,0.54,0.02,0.0,0.0,0.0,0.0,0,40492.0
51,5,0,0,0,0,128,1.0,1.0,0.1,0.06,0.0,255,29,0.11,0.07,0.0,1.0,1.0,0.0,1,42503.0
22,9,213,27544,0,1,43,0.0,0.0,1.0,0.0,0.06,252,255,1.0,0.0,0.01,0.0,0.0,0.0,0,12275.0
22,9,219,516,0,1,6,0.0,0.0,1.0,0.0,0.44,255,255,1.0,0.0,0.0,0.0,0.0,0.0,0,60361.0
40,4,1,0,0,0,2,0.0,0.0,1.0,0.0,0.0,255,2,0.01,0.74,0.0,0.0,0.0,1.0,1,90453.0
22,5,0,0,0,0,49,1.0,1.0,0.37,0.08,0.0,255,58,0.23,0.02,0.0,1.0,1.0,0.0,1,56678.0
55,5,0,0,0,0,20,1.0,1.0,0.25,0.25,0.0,255,15,0.06,0.08,0.0,1.0,1.0,0.0,1,92442.0
22,9,164,4097,0,1,1,0.0,0.0,1.0,0.0,0.75,255,255,1.0,0.0,0.0,0.0,0.0,0.0,0,118601.0
45,4,0,0,0,0,1,0.0,0.0,1.0,0.0,0.0,255,1,0.0,0.47,0.0,0.0,0.0,1.0,1,94576.0
49,9,784,329,0,1,1,0.0,0.0,1.0,0.0,0.0,255,139,0.55,0.02,0.0,0.0,0.0,0.0,0,5647.0
22,9,301,392,0,1,45,0.0,0.0,1.0,0.0,0.06,72,219,1.0,0.0,0.03,0.0,0.0,0.0,0,16224.0
8,2,0,0,0,0,244,0.0,0.0,0.01,0.06,0.0,255,3,0.01,0.07,0.0,0.0,0.0,1.0,1,123309.0
22,9,310,3222,0,1,5,0.0,0.0,1.0,0.0,0.0,255,246,0.96,0.01,0.0,0.0,0.0,0.03,0,32426.0
45,9,105,146,0,0,2,0.0,0.0,1.0,0.0,0.0,255,244,0.96,0.01,0.0,0.0,0.0,0.0,0,67141.0
45,5,0,0,0,0,70,1.0,1.0,0.11,0.07,0.0,255,20,0.08,0.06,0.0,1.0,1.0,0.0,1,44155.0
11,9,44,127,0,0,65,0.0,0.0,1.0,0.0,0.01,255,254,1.0,0.01,0.0,0.0,0.0,0.0,0,15823.0
17,5,0,0,0,0,23,1.0,1.0,0.39,0.22,0.0,255,10,0.04,0.08,0.0,1.0,1.0,0.0,1,1269.0
22,9,217,2819,0,1,9,0.0,0.0,1.0,0.0,0.0,9,237,1.0,0.0,0.07,0.0,0.0,0.0,0,93366.0
19,9,1699,0,0,1,9,0.0,0.0,1.0,0.0,0.0,89,112,0.27,0.06,0.02,0.0,0.0,0.0,0,101070.0
22,9,291,8903,0,1,8,0.0,0.0,1.0,0.0,0.22,238,255,1.0,0.0,0.02,0.0,0.0,0.0,0,51773.0
50,5,0,0,0,0,241,1.0,1.0,0.02,0.07,0.0,255,5,0.02,0.07,0.0,1.0,1.0,0.0,1,29862.0
22,9,190,332,0,1,28,0.0,0.0,1.0,0.0,0.0,28,255,1.0,0.0,0.01,0.0,0.0,0.0,0,81798.0
14,9,1480,0,1,0,1,0.0,0.0,1.0,0.0,0.67,1,21,1.0,0.0,0.52,0.0,0.0,0.0,0,68620.0
22,9,293,426,0,1,3,0.0,0.0,1.0,0.0,0.06,255,255,1.0,0.0,0.0,0.0,0.0,0.0,0,48446.0
14,9,1032,0,0,0,205,0.0,0.0,1.0,0.0,0.0,255,205,0.8,0.01,0.0,0.0,0.0,0.0,1,6174.0
45,4,0,0,0,0,1,0.0,0.0,1.0,0.0,0.0,255,1,0.0,1.0,0.0,0.0,0.0,1.0,1,81336.0
18,5,0,0,0,0,299,1.0,1.0,0.07,0.06,0.0,255,20,0.08,0.07,0.0,1.0,1.0,0.0,1,70654.0
35,5,0,0,0,0,117,1.0,1.0,0.03,0.05,0.0,255,4,0.02,0.05,0.0,1.0,1.0,0.0,1,100942.0
10,5,0,0,0,0,258,1.0,1.0,0.0,0.07,0.0,255,1,0.0,0.08,0.0,1.0,1.0,0.0,1,106268.0
11,9,45,132,0,0,68,0.0,0.0,1.0,0.0,0.01,255,239,0.94,0.01,0.0,0.0,0.0,0.0,0,4684.0
22,9,304,1384,0,1,3,0.0,0.0,1.0,0.0,0.0,11,140,1.0,0.0,0.1,0.0,0.0,0.0,0,11722.0
22,1,0,0,0,0,1,0.0,0.0,1.0,0.0,0.0,217,158,0.73,0.01,0.0,0.0,0.0,1.0,0,59535.0
22,9,200,421,0,1,19,0.0,0.0,1.0,0.0,0.06,255,255,1.0,0.0,0.0,0.0,0.0,0.0,0,9099.0
22,9,237,4382,0,1,14,0.0,0.0,1.0,0.0,0.12,75,255,1.0,0.0,0.03,0.0,0.0,0.0,0,51723.0
49,9,754,330,0,1,1,0.0,0.0,1.0,0.0,0.0,217,245,0.96,0.01,0.01,0.0,0.0,0.0,0,72212.0
55,5,0,0,0,0,51,1.0,1.0,0.22,0.08,0.0,133,34,0.25,0.03,0.06,0.98,0.91,0.0,1,38457.0
38,5,0,0,0,0,226,1.0,1.0,0.06,0.07,0.0,255,13,0.05,0.09,0.0,1.0,1.0,0.0,1,103852.0
22,9,199,301,0,1,23,0.0,0.0,1.0,0.0,0.0,56,255,1.0,0.0,0.03,0.0,0.0,0.0,0,18276.0
9,5,0,0,0,0,232,1.0,1.0,0.01,0.07,0.0,255,4,0.02,0.08,0.0,1.0,1.0,0.0,1,93326.0
22,1,0,0,0,0,1,0.0,0.0,1.0,0.0,0.0,4,121,1.0,0.0,0.07,0.0,0.0,0.55,0,16353.0
55,5,0,0,0,0,296,1.0,1.0,0.06,0.06,0.0,255,19,0.07,0.07,0.0,1.0,1.0,0.0,1,48290.0
45,9,1,0,0,0,84,0.0,0.0,0.68,0.05,0.0,255,119,0.47,0.05,0.0,0.0,0.0,0.0,1,119059.0
22,9,220,1828,0,1,15,0.0,0.0,1.0,0.0,0.0,15,15,1.0,0.0,0.0,0.0,0.0,0.0,0,40668.0
11,9,45,45,0,0,124,0.0,0.0,1.0,0.0,0.01,255,255,1.0,0.0,0.0,0.0,0.0,0.0,0,38271.0
12,5,0,0,0,0,194,1.0,1.0,0.02,0.07,0.0,255,6,0.02,0.08,0.0,1.0,1.0,0.0,1,7708.0
11,9,46,135,0,0,139,0.0,0.0,1.0,0.0,0.01,255,255,1.0,0.0,0.0,0.0,0.0,0.0,0,60933.0
22,9,211,44246,0,1,2,0.0,0.0,1.0,0.0,0.0,2,255,1.0,0.0,0.04,0.0,0.0,0.0,0,72025.0
56,2,0,0,0,0,175,0.0,0.0,0.03,0.07,0.0,255,6,0.02,0.07,0.0,0.0,0.0,1.0,1,124910.0
49,9,204880,332,0,1,1,0.0,0.0,1.0,0.0,0.0,122,64,0.52,0.02,0.0,0.0,0.0,0.0,0,13168.0
45,9,1,0,0,0,139,0.0,0.0,0.93,0.01,0.0,255,197,0.77,0.03,0.0,0.0,0.0,0.0,1,26258.0
19,9,95,0,0,1,151,0.99,0.0,0.01,0.06,0.0,255,7,0.03,0.06,0.0,0.97,0.0,0.0,0,54010.0
19,5,0,0,0,0,264,1.0,1.0,0.02,0.06,0.0,255,6,0.02,0.06,0.0,1.0,1.0,0.0,1,70683.0
31,5,0,0,0,0,211,1.0,1.0,0.05,0.06,0.0,255,4,0.02,0.07,0.0,1.0,1.0,0.0,1,34065.0
32,1,0,0,0,0,238,0.0,0.0,0.03,0.07,0.0,255,8,0.03,0.08,0.0,0.0,0.0,1.0,1,55286.0
29,5,0,0,0,0,262,1.0,1.0,0.01,0.06,0.0,255,2,0.01,0.08,0.0,1.0,1.0,0.0,1,53723.0
22,9,228,609,0,1,2,0.0,0.0,1.0,0.0,0.31,31,255,1.0,0.0,0.01,0.0,0.0,0.0,0,14145.0
16,5,0,0,0,0,104,1.0,1.0,0.18,0.06,0.0,255,16,0.06,0.06,0.0,1.0,1.0,0.0,1,44125.0
49,9,1722,438,0,1,1,0.0,0.0,1.0,0.0,1.0,255,33,0.13,0.06,0.0,0.0,0.0,0.0,0,16168.0
40,9,146,105,0,0,1,0.0,0.0,1.0,0.0,0.0,255,5,0.02,0.63,0.0,0.0,0.0,0.0,0,3088.0
40,9,5336,0,0,1,12,0.0,0.0,0.08,0.25,0.0,82,1,0.01,0.07,0.0,0.0,0.0,0.0,0,49895.0
12,5,0,0,0,0,195,1.0,1.0,0.07,0.06,0.0,255,14,0.05,0.07,0.0,1.0,1.0,0.0,1,77860.0
22,9,326,5987,0,1,8,0.0,0.0,1.0,0.0,0.0,23,255,1.0,0.0,0.01,0.0,0.0,0.02,0,40699.0
49,9,2292,399,0,1,1,0.0,0.0,1.0,0.0,1.0,131,151,0.4,0.02,0.01,0.0,0.0,0.0,0,105651.0
45,5,0,0,0,0,276,1.0,1.0,0.06,0.06,0.0,255,17,0.07,0.07,0.0,1.0,1.0,0.0,1,12969.0
22,9,304,2824,0,1,19,0.0,0.0,1.0,0.0,0.0,97,255,1.0,0.0,0.04,0.0,0.0,0.0,0,8507.0
45,1,0,0,0,0,103,0.0,0.0,0.19,0.07,0.0,255,15,0.06,0.08,0.0,0.0,0.0,1.0,1,111566.0
26,5,0,0,0,0,11,1.0,1.0,1.0,0.0,0.0,255,11,0.04,0.07,0.0,1.0,1.0,0.0,1,38758.0
22,9,242,5278,0,1,6,0.0,0.0,1.0,0.0,0.27,255,255,1.0,0.0,0.0,0.0,0.0,0.0,0,44684.0
45,1,0,0,0,0,110,0.0,0.0,0.17,0.06,0.0,255,17,0.07,0.07,0.0,0.0,0.0,1.0,1,82473.0
22,9,215,294,0,1,13,0.0,0.0,1.0,0.0,0.2,252,255,1.0,0.0,0.01,0.0,0.0,0.0,0,42374.0
22,9,325,864,0,1,26,0.0,0.0,1.0,0.0,0.1,255,255,1.0,0.0,0.0,0.0,0.0,0.0,0,115404.0
3,5,0,0,0,0,224,1.0,1.0,0.08,0.04,0.0,255,17,0.07,0.05,0.0,1.0,1.0,0.0,1,66680.0
40,5,0,0,0,0,273,1.0,1.0,0.0,0.06,0.0,255,8,0.03,0.07,0.0,1.0,1.0,0.0,1,41720.0
45,5,0,0,0,0,126,1.0,1.0,0.02,0.07,0.0,255,12,0.05,0.06,0.0,1.0,1.0,0.0,1,91442.0
22,9,304,1075,0,1,7,0.0,0.0,1.0,0.0,0.25,255,248,0.97,0.01,0.0,0.0,0.0,0.0,0,31626.0
45,5,0,0,0,0,138,1.0,1.0,0.11,0.06,0.0,255,14,0.05,0.08,0.0,1.0,1.0,0.0,1,15091.0
40,9,1,0,0,0,41,0.0,0.0,0.2,0.1,0.0,255,8,0.03,0.07,0.0,0.0,0.0,0.0,1,55946.0
40,9,145,105,0,0,5,0.0,0.0,0.2,0.6,0.0,255,1,0.0,0.83,0.0,0.0,0.0,0.0,0,23069.0
45,1,0,0,0,0,2,0.0,0.0,0.5,1.0,0.0,255,1,0.0,0.63,0.0,0.0,0.0,1.0,1,86284.0
22,9,148,432,0,1,1,0.0,0.0,1.0,0.0,0.0,2,255,1.0,0.0,0.05,0.0,0.0,0.0,0,69609.0
49,9,13552,1431,0,1,1,0.0,0.0,1.0,0.0,0.0,220,136,0.48,0.01,0.01,0.0,0.0,0.0,0,102168.0
22,9,204,2247,0,1,9,0.0,0.0,1.0,0.0,0.0,211,255,1.0,0.0,0.01,0.0,0.0,0.0,0,121811.0
22,9,259,15860,0,1,4,0.0,0.0,1.0,0.0,0.36,4,255,1.0,0.0,0.03,0.0,0.0,0.01,0,56787.0
22,9,196,8581,0,1,1,0.0,0.0,1.0,0.0,0.0,1,255,1.0,0.0,0.06,0.0,0.0,0.0,0,64531.0
14,9,1032,0,0,0,510,0.0,0.0,1.0,0.0,0.0,255,12,0.05,0.05,0.0,0.37,0.0,0.0,1,113442.0
14,9,1032,0,0,0,510,0.0,0.0,1.0,0.0,0.0,255,152,0.6,0.03,0.0,0.0,0.0,0.0,1,13138.0
7,1,0,0,0,0,210,0.0,0.0,0.01,0.07,0.0,255,2,0.01,0.07,0.0,0.0,0.0,1.0,1,17170.0
5,1,0,0,0,0,143,0.0,0.0,0.14,0.06,0.0,255,20,0.08,0.06,0.0,0.0,0.0,1.0,1,70147.0
22,9,226,651,0,1,12,0.0,0.0,1.0,0.0,0.0,255,255,1.0,0.0,0.0,0.0,0.0,0.0,0,279.0
13,9,8,0,0,0,1,0.0,0.0,1.0,0.0,1.0,2,30,1.0,0.0,0.5,0.0,0.0,0.0,1,96910.0
22,9,241,285,0,1,1,0.0,0.0,1.0,0.0,0.0,255,255,1.0,0.0,0.0,0.0,0.0,0.0,0,87917.0
13,9,8,0,0,0,1,0.0,0.0,1.0,0.0,1.0,1,22,1.0,0.0,0.55,0.0,0.0,0.0,1,124169.0
33,5,0,0,0,0,40,1.0,1.0,0.1,0.12,0.0,255,4,0.02,0.07,0.0,1.0,1.0,0.0,1,49174.0
19,9,501760,0,0,0,2,0.0,0.0,1.0,0.0,0.0,14,79,0.43,0.29,0.03,0.0,0.0,0.0,0,23360.0
18,9,1190,3380,0,1,1,0.0,0.0,1.0,0.0,0.0,80,25,0.31,0.05,0.0,0.0,0.0,0.0,0,95436.0
11,9,45,45,0,0,137,0.0,0.0,1.0,0.0,0.0,255,254,1.0,0.01,0.0,0.0,0.0,0.0,0,26500.0
22,9,332,12282,0,1,7,0.0,0.0,1.0,0.0,0.0,14,227,1.0,0.0,0.11,0.0,0.0,0.66,0,6081.0
49,9,1882,331,0,1,1,0.0,0.0,1.0,0.0,0.0,45,160,0.8,0.09,0.01,0.0,0.0,0.05,0,68752.0
22,1,0,0,0,0,1,0.0,0.0,1.0,0.0,0.0,9,255,1.0,0.0,0.08,0.0,0.0,0.46,0,94786.0
22,9,219,595,0,1,5,0.0,0.0,1.0,0.0,0.0,255,255,1.0,0.0,0.0,0.0,0.0,0.0,0,56583.0
45,5,0,0,0,0,249,1.0,1.0,0.05,0.06,0.0,255,20,0.08,0.06,0.0,1.0,1.0,0.0,1,113011.0
49,9,1004,325,0,1,1,0.0,0.0,1.0,0.0,1.0,114,172,0.53,0.04,0.02,0.0,0.0,0.0,0,64648.0
49,9,1502,332,0,1,1,0.0,0.0,1.0,0.0,1.0,175,185,0.65,0.02,0.01,0.0,0.0,0.0,0,99726.0
17,5,0,0,0,0,66,1.0,1.0,0.27,0.06,0.0,255,60,0.24,0.02,0.0,1.0,1.0,0.0,1,107275.0
22,9,243,6844,0,1,12,0.0,0.0,1.0,0.0,0.0,67,255,1.0,0.0,0.05,0.01,0.01,0.0,0,120481.0
45,5,0,0,0,0,132,1.0,1.0,0.01,0.06,0.0,255,5,0.02,0.07,0.0,1.0,1.0,0.0,1,36698.0
45,9,105,146,0,0,4,0.0,0.0,0.25,0.5,0.0,255,226,0.89,0.01,0.0,0.0,0.0,0.0,0,120781.0
40,9,145,105,0,0,1,0.0,0.0,1.0,0.0,0.0,255,1,0.0,0.59,0.0,0.0,0.0,0.0,0,102747.0
22,9,332,2238,0,1,13,0.0,0.0,1.0,0.0,0.0,80,255,1.0,0.0,0.01,0.0,0.0,0.0,0,100285.0
22,9,190,4918,0,1,10,0.0,0.0,1.0,0.0,0.0,255,255,1.0,0.0,0.0,0.0,0.0,0.0,0,15896.0
49,9,1390,364,0,1,1,0.0,0.0,1.0,0.0,1.0,80,79,0.99,0.03,0.0,0.0,0.0,0.0,0,118915.0
18,5,0,0,0,0,265,1.0,1.0,0.06,0.05,0.0,255,15,0.06,0.05,0.0,1.0,1.0,0.0,1,20212.0
45,9,28,0,3,0,55,0.0,0.0,1.0,0.0,0.0,255,155,0.61,0.4,0.0,0.09,0.0,0.0,1,104738.0
45,5,0,0,0,0,153,1.0,1.0,0.03,0.07,0.0,255,16,0.06,0.07,0.0,1.0,1.0,0.0,1,77429.0
45,5,0,0,0,0,113,1.0,1.0,0.13,0.07,0.0,255,3,0.01,0.08,0.0,1.0,1.0,0.0,1,90167.0
15,5,0,0,0,0,135,1.0,1.0,0.04,0.06,0.0,255,6,0.02,0.06,0.0,1.0,1.0,0.0,1,78639.0
22,1,0,0,0,0,149,0.0,0.0,0.13,0.05,0.0,255,3,0.01,0.07,0.0,0.0,0.0,1.0,1,102230.0
22,9,294,4295,0,1,11,0.0,0.0,1.0,0.0,0.0,49,255,1.0,0.0,0.05,0.0,0.0,0.0,0,32383.0
26,5,0,0,0,0,19,1.0,1.0,0.74,0.11,0.0,255,14,0.05,0.06,0.0,1.0,1.0,0.0,1,24854.0
49,9,750,331,0,1,1,0.0,0.0,1.0,0.0,0.0,93,176,0.73,0.03,0.02,0.0,0.03,0.01,0,39772.0
23,1,0,0,0,0,135,0.0,0.0,0.04,0.06,0.0,255,6,0.02,0.06,0.0,0.0,0.0,1.0,1,108072.0
40,9,1,0,0,0,16,0.0,0.0,0.12,0.5,0.0,255,2,0.01,0.23,0.0,0.0,0.0,0.0,1,119184.0
22,9,231,334,0,1,10,0.0,0.0,1.0,0.0,0.13,36,255,1.0,0.0,0.05,0.0,0.0,0.0,0,97033.0
45,4,0,0,0,0,316,0.0,0.0,0.01,0.52,0.0,255,2,0.01,0.52,0.0,0.0,0.0,1.0,1,8549.0
45,5,0,0,0,0,216,1.0,1.0,0.06,0.06,0.0,255,16,0.06,0.06,0.0,1.0,1.0,0.0,1,78908.0
22,9,251,2742,0,1,1,0.0,0.0,1.0,0.0,0.0,64,63,0.98,0.03,0.0,0.0,0.0,0.0,0,104674.0
22,9,54540,8314,0,1,4,0.0,0.0,1.0,0.0,0.0,51,51,1.0,0.0,0.0,0.0,0.0,0.24,0,74063.0
45,5,0,0,0,0,294,1.0,1.0,0.01,0.05,0.0,255,3,0.01,0.07,0.0,1.0,1.0,0.0,1,123831.0
22,9,245,1287,0,1,1,0.0,0.0,1.0,0.0,0.2,210,255,1.0,0.0,0.02,0.0,0.0,0.0,0,31835.0
40,9,146,105,0,0,1,0.0,0.0,1.0,0.0,0.0,255,1,0.0,0.69,0.0,0.0,0.0,0.0,0,70742.0
11,9,43,73,0,0,72,0.0,0.0,1.0,0.0,0.01,255,211,0.83,0.01,0.0,0.0,0.0,0.0,0,9536.0
45,5,0,0,0,0,264,1.0,1.0,0.01,0.06,0.0,255,7,0.03,0.07,0.0,1.0,1.0,0.0,1,47470.0
22,9,260,285,0,1,9,0.0,0.0,1.0,0.0,0.0,255,255,1.0,0.0,0.0,0.0,0.0,0.01,0,121382.0
22,5,0,0,0,0,58,1.0,1.0,0.29,0.07,0.0,255,41,0.16,0.05,0.0,1.0,1.0,0.0,1,31057.0
62,5,0,0,0,0,217,1.0,1.0,0.08,0.06,0.0,255,4,0.02,0.08,0.0,1.0,1.0,0.0,1,28559.0
22,9,222,602,0,1,1,0.0,0.0,1.0,0.0,0.5,255,255,1.0,0.0,0.0,0.0,0.0,0.0,0,29374.0
19,5,0,0,0,0,68,1.0,1.0,0.15,0.06,0.0,255,65,0.25,0.02,0.0,1.0,1.0,0.0,1,116304.0
45,1,0,0,0,0,141,0.0,0.0,0.14,0.06,0.0,255,19,0.07,0.06,0.0,0.0,0.0,1.0,1,69546.0
49,9,1965,399,0,1,1,0.0,0.0,1.0,0.0,0.0,131,145,0.5,0.03,0.01,0.01,0.0,0.0,0,41008.0
11,9,44,75,0,0,151,0.0,0.0,0.99,0.01,0.01,255,255,1.0,0.0,0.0,0.0,0.0,0.0,0,36284.0
8,5,0,0,0,0,270,1.0,1.0,0.05,0.07,0.0,255,13,0.05,0.07,0.0,1.0,1.0,0.0,1,22195.0
11,9,120,45,0,0,286,0.0,0.0,1.0,0.01,0.0,175,142,0.81,0.01,0.0,0.0,0.0,0.0,0,59525.0
22,5,0,0,0,0,2,0.5,0.33,1.0,0.0,0.67,128,255,1.0,0.0,0.04,0.01,0.0,0.0,0,73999.0
55,5,0,0,0,0,16,1.0,1.0,1.0,0.0,0.0,18,18,1.0,0.0,0.0,0.89,0.89,0.0,1,44916.0
59,5,0,0,0,0,131,1.0,1.0,0.06,0.06,0.0,255,8,0.03,0.07,0.0,1.0,1.0,0.0,1,104590.0
22,9,232,1819,0,1,32,0.0,0.0,1.0,0.0,0.08,255,255,1.0,0.0,0.0,0.0,0.0,0.0,0,87455.0
22,9,249,1378,0,1,3,0.0,0.0,1.0,0.0,0.0,3,255,1.0,0.0,0.02,0.0,0.0,0.0,0,102796.0
12,5,0,0,0,0,232,1.0,1.0,0.01,0.06,0.0,255,3,0.01,0.07,0.0,1.0,1.0,0.0,1,107548.0
11,9,34,94,0,0,1,0.0,0.0,1.0,0.0,1.0,36,203,0.53,0.06,0.01,0.03,0.0,0.0,0,109432.0
22,9,205,655,0,1,13,0.0,0.0,1.0,0.0,0.14,255,255,1.0,0.0,0.0,0.0,0.0,0.0,0,57076.0
58,9,78,0,0,0,30,0.0,0.0,0.1,0.07,0.0,255,19,0.07,0.01,0.0,0.0,0.0,0.0,0,102216.0
22,9,246,381,0,1,15,0.0,0.0,1.0,0.0,0.0,122,255,1.0,0.0,0.02,0.0,0.0,0.0,0,116459.0
22,9,227,2068,0,1,19,0.0,0.0,1.0,0.0,0.0,138,255,1.0,0.0,0.01,0.0,0.0,0.0,0,75830.0
11,9,45,79,0,0,146,0.0,0.0,1.0,0.0,0.0,255,254,1.0,0.01,0.0,0.0,0.0,0.0,0,36925.0
45,5,0,0,0,0,160,1.0,1.0,0.16,0.06,0.0,255,25,0.1,0.06,0.0,1.0,1.0,0.0,1,64582.0
22,9,238,1374,0,1,19,0.0,0.0,1.0,0.0,0.0,128,255,1.0,0.0,0.02,0.0,0.0,0.0,0,97542.0
3,5,0,0,0,0,287,1.0,1.0,0.01,0.06,0.0,255,10,0.04,0.07,0.0,1.0,1.0,0.0,1,60780.0
45,5,0,0,0,0,234,1.0,1.0,0.03,0.06,0.0,255,17,0.07,0.08,0.0,1.0,1.0,0.0,1,81401.0
40,9,147,105,0,0,1,0.0,0.0,1.0,0.0,0.0,255,1,0.0,0.64,0.0,0.0,0.0,0.0,0,124085.0
18,9,1518,4152,0,1,1,0.0,0.0,1.0,0.0,0.0,67,13,0.19,0.07,0.0,0.0,0.0,0.0,0,33251.0
59,5,0,0,0,0,130,1.0,1.0,0.06,0.06,0.0,255,13,0.05,0.07,0.0,1.0,1.0,0.0,1,25740.0
22,9,369,1298,0,1,13,0.0,0.0,1.0,0.0,0.0,33,172,1.0,0.0,0.05,0.0,0.0,0.06,0,45662.0
49,9,682,315,0,1,1,0.0,0.0,1.0,0.0,0.0,153,92,0.34,0.03,0.02,0.01,0.01,0.0,0,92288.0
22,9,277,5967,0,1,14,0.0,0.0,1.0,0.0,0.0,14,255,1.0,0.0,0.03,0.0,0.0,0.0,0,40266.0
13,9,8,0,0,0,1,0.0,0.0,1.0,0.0,1.0,1,43,1.0,0.0,0.51,0.0,0.0,0.0,1,47992.0
22,5,0,0,0,0,258,1.0,1.0,0.09,0.05,0.0,255,22,0.09,0.05,0.0,1.0,1.0,0.0,1,79394.0
22,9,235,1416,0,1,22,0.0,0.0,1.0,0.0,0.0,255,255,1.0,0.0,0.0,0.0,0.0,0.0,0,57646.0
22,9,220,607,0,1,1,0.0,0.0,1.0,0.0,0.0,255,255,1.0,0.0,0.0,0.0,0.0,0.0,0,67211.0
17,5,0,0,0,0,279,1.0,1.0,0.01,0.05,0.0,255,4,0.02,0.05,0.0,1.0,1.0,0.0,1,18178.0
10,9,48,487,0,1,69,0.0,0.0,0.01,0.03,0.0,255,1,0.0,0.01,0.0,0.0,0.0,0.0,0,13928.0
22,9,225,6943,0,1,4,0.0,0.0,1.0,0.0,0.0,221,255,1.0,0.0,0.01,0.0,0.0,0.0,0,20752.0
5,5,0,0,0,0,105,1.0,1.0,0.11,0.05,0.0,255,12,0.05,0.04,0.0,1.0,1.0,0.0,1,10032.0
40,9,147,105,0,0,7,0.0,0.0,0.14,0.57,0.0,255,3,0.01,0.44,0.0,0.0,0.0,0.0,0,91051.0
45,5,0,0,0,0,219,1.0,1.0,0.02,0.08,0.0,255,5,0.02,0.08,0.0,1.0,1.0,0.0,1,13553.0
45,5,0,0,0,0,32,1.0,1.0,0.41,0.19,0.0,255,13,0.05,0.09,0.0,1.0,1.0,0.0,1,75869.0
45,5,0,0,0,0,215,1.0,1.0,0.07,0.06,0.0,255,16,0.06,0.07,0.0,1.0,1.0,0.0,1,32299.0
45,5,0,0,0,0,122,1.0,1.0,0.1,0.07,0.0,176,12,0.07,0.07,0.0,1.0,1.0,0.0,1,38891.0
22,9,298,3897,0,1,5,0.0,0.0,1.0,0.0,0.0,30,255,1.0,0.0,0.05,0.0,0.0,0.0,0,94678.0
5,5,0,0,0,0,105,1.0,1.0,0.05,0.06,0.0,255,5,0.02,0.05,0.0,1.0,1.0,0.0,1,22230.0
45,9,215,0,0,0,1,0.0,0.0,1.0,0.0,0.0,207,175,0.85,0.01,0.0,0.0,0.0,0.0,0,10689.0
22,9,294,3616,0,1,17,0.0,0.0,1.0,0.0,0.08,90,194,1.0,0.0,0.02,0.0,0.0,0.03,0,86088.0
19,9,22,0,0,0,2,0.0,0.0,1.0,0.0,0.0,27,120,0.89,0.15,0.02,0.0,0.0,0.0,0,38921.0
45,9,28,0,3,0,179,0.56,0.0,0.44,0.04,0.0,255,79,0.31,0.69,0.0,0.09,0.0,0.0,1,60055.0
22,9,206,4720,0,1,5,0.0,0.0,1.0,0.0,0.0,5,255,1.0,0.0,0.04,0.0,0.04,0.0,0,110674.0
10,5,0,0,0,0,262,1.0,1.0,0.02,0.06,0.0,255,10,0.04,0.08,0.0,1.0,1.0,0.0,1,10757.0
22,5,0,0,0,0,299,1.0,1.0,0.07,0.06,0.0,255,20,0.08,0.07,0.0,1.0,1.0,0.0,1,44964.0
22,9,180,1709,0,1,1,0.0,0.0,1.0,0.0,0.0,12,24,1.0,0.0,0.17,0.0,0.0,0.0,0,29957.0
45,5,0,0,0,0,182,1.0,1.0,0.03,0.06,0.0,255,15,0.06,0.06,0.0,1.0,1.0,0.0,1,9541.0
11,9,44,113,0,0,2,0.0,0.0,1.0,0.0,0.33,255,237,0.93,0.01,0.0,0.0,0.0,0.0,0,122852.0
11,9,44,134,0,0,216,0.0,0.0,1.0,0.01,0.0,105,72,0.69,0.02,0.0,0.0,0.0,0.0,0,117440.0
22,1,0,0,0,0,1,0.0,0.0,1.0,0.0,1.0,18,249,1.0,0.0,0.06,0.0,0.0,0.95,0,77343.0
45,1,0,0,0,0,329,0.03,0.0,0.0,1.0,0.0,255,1,0.0,1.0,0.0,0.04,0.0,1.0,1,124582.0
22,9,346,5859,0,1,1,0.0,0.0,1.0,0.0,0.23,8,255,1.0,0.0,0.03,0.0,0.0,0.0,0,5531.0
25,5,0,0,0,0,276,1.0,1.0,0.05,0.05,0.0,255,14,0.05,0.05,0.0,1.0,1.0,0.0,1,48903.0
22,9,382,6496,0,1,1,0.0,0.0,1.0,0.0,0.16,1,255,1.0,0.0,0.03,0.0,0.0,0.0,0,5814.0
22,9,232,9533,0,1,1,0.0,0.0,1.0,0.0,0.5,255,255,1.0,0.0,0.0,0.0,0.0,0.0,0,58482.0
35,5,0,0,0,0,295,1.0,1.0,0.08,0.05,0.0,255,23,0.09,0.05,0.0,1.0,1.0,0.0,1,24261.0
22,1,0,0,0,0,1,0.0,0.0,1.0,0.0,0.0,33,77,1.0,0.0,0.12,0.0,0.0,1.0,0,62843.0
22,9,340,12408,0,1,1,0.0,0.0,1.0,0.0,0.0,1,255,1.0,0.0,0.03,0.0,0.0,0.0,0,96086.0
17,5,0,0,0,0,206,1.0,1.0,0.03,0.06,0.0,255,16,0.06,0.07,0.0,1.0,1.0,0.0,1,1656.0
45,4,1,0,0,0,2,0.0,0.0,1.0,0.0,0.0,255,2,0.01,0.69,0.0,0.0,0.0,1.0,1,53461.0
11,9,135,42,0,0,267,0.0,0.0,1.0,0.01,0.0,156,123,0.79,0.01,0.0,0.0,0.0,0.0,0,123632.0
13,9,8,0,0,0,1,0.0,0.0,1.0,0.0,1.0,1,41,1.0,0.0,0.54,0.0,0.0,0.0,1,56179.0
45,1,0,0,0,0,267,0.08,0.0,0.0,1.0,0.0,255,1,0.0,1.0,0.0,0.08,0.0,1.0,1,117754.0
22,1,0,0,0,0,7,0.0,0.0,1.0,0.0,0.0,42,247,1.0,0.0,0.19,0.0,0.0,0.99,0,15111.0
45,5,0,0,0,0,282,1.0,1.0,0.07,0.05,0.0,255,18,0.07,0.05,0.0,1.0,1.0,0.0,1,124286.0
11,9,43,43,0,0,72,0.0,0.0,1.0,0.0,0.01,255,254,1.0,0.01,0.0,0.0,0.0,0.0,0,47001.0
22,9,54540,8314,0,1,4,0.0,0.0,1.0,0.0,0.0,139,139,1.0,0.0,0.0,0.0,0.0,0.05,0,125929.0
45,5,0,0,0,0,252,1.0,1.0,0.04,0.07,0.0,255,9,0.04,0.08,0.0,1.0,1.0,0.0,1,16169.0
13,9,8,0,0,0,1,0.0,0.0,1.0,0.0,1.0,2,56,1.0,0.0,0.5,0.0,0.0,0.0,1,58800.0
22,9,170,10160,0,1,6,0.0,0.0,1.0,0.0,0.0,255,255,1.0,0.0,0.0,0.0,0.0,0.0,0,87742.0
14,9,1032,0,0,0,511,0.0,0.0,1.0,0.0,0.0,255,57,0.22,0.15,0.0,0.0,0.0,0.0,1,18117.0
17,5,0,0,0,0,11,1.0,1.0,0.27,0.27,0.0,255,63,0.25,0.02,0.0,1.0,1.0,0.0,1,48247.0
22,1,0,0,0,0,1,0.0,0.0,1.0,0.0,0.0,30,255,1.0,0.0,0.23,0.0,0.0,1.0,0,14081.0
60,5,0,0,0,0,206,1.0,1.0,0.0,0.08,0.0,255,1,0.0,0.08,0.0,1.0,1.0,0.0,1,50072.0
45,5,0,0,0,0,111,1.0,1.0,0.01,0.07,0.0,164,1,0.01,0.07,0.0,1.0,1.0,0.0,1,64933.0
22,9,306,1449,0,1,9,0.0,0.0,1.0,0.0,0.0,55,255,1.0,0.0,0.02,0.0,0.0,0.0,0,56327.0
11,9,43,136,0,0,107,0.0,0.0,1.0,0.0,0.03,227,162,0.71,0.02,0.0,0.0,0.0,0.0,0,18568.0
49,9,774,390,0,1,1,0.0,0.0,1.0,0.0,1.0,255,14,0.05,0.06,0.0,0.0,0.0,0.0,0,44264.0
4,5,0,0,0,0,256,1.0,1.0,0.01,0.07,0.0,255,3,0.01,0.07,0.0,1.0,1.0,0.0,1,100836.0
13,9,8,0,0,0,1,0.0,0.0,1.0,0.0,1.0,1,255,1.0,0.0,0.5,0.0,0.0,0.0,1,98822.0
45,5,0,0,0,0,124,1.0,1.0,0.01,0.06,0.0,255,20,0.08,0.07,0.0,1.0,1.0,0.0,1,21877.0
22,9,185,1233,0,1,18,0.0,0.0,1.0,0.0,0.13,255,255,1.0,0.0,0.0,0.0,0.0,0.0,0,86369.0
22,9,329,818,0,1,8,0.0,0.0,1.0,0.0,0.0,46,244,1.0,0.0,0.02,0.0,0.0,0.0,0,108267.0
33,1,0,0,0,0,195,0.0,0.0,0.01,0.08,0.0,255,1,0.0,0.09,0.0,0.0,0.0,1.0,1,9069.0
45,9,1,0,0,0,17,0.0,0.0,0.06,0.18,0.0,255,1,0.0,0.53,0.0,0.16,0.0,0.0,1,7957.0
22,9,246,1814,0,1,10,0.0,0.0,1.0,0.0,0.18,198,255,1.0,0.0,0.03,0.0,0.0,0.0,0,38496.0
19,5,0,0,0,0,199,1.0,1.0,0.07,0.06,0.0,255,14,0.05,0.07,0.0,1.0,1.0,0.0,1,118038.0
11,9,44,71,0,0,25,0.0,0.0,1.0,0.0,0.0,181,141,0.78,0.01,0.0,0.0,0.0,0.0,0,3090.0
5,1,0,0,0,0,131,0.0,0.0,0.14,0.06,0.0,255,18,0.07,0.07,0.0,0.0,0.0,1.0,1,53054.0
22,9,325,770,0,1,5,0.0,0.0,1.0,0.0,0.29,255,255,1.0,0.0,0.0,0.0,0.0,0.0,0,34777.0
45,5,0,0,0,0,72,1.0,1.0,0.08,0.08,0.0,255,19,0.07,0.07,0.0,1.0,1.0,0.0,1,79340.0
22,9,54540,8314,0,1,7,0.0,0.0,1.0,0.0,0.0,255,255,1.0,0.0,0.0,0.0,0.0,0.05,0,94432.0
37,1,0,0,0,0,119,0.0,0.0,0.08,0.07,0.0,255,9,0.04,0.07,0.0,0.0,0.0,1.0,1,15537.0
45,5,0,0,0,0,198,0.99,1.0,0.09,0.07,0.0,255,3,0.01,0.07,0.0,1.0,1.0,0.0,1,71571.0
22,9,202,1089,0,1,5,0.0,0.0,1.0,0.0,0.0,29,255,1.0,0.0,0.05,0.0,0.0,0.0,0,113232.0
22,9,295,38677,0,1,5,0.2,0.2,1.0,0.0,0.0,255,255,1.0,0.0,0.0,0.0,0.0,0.0,0,4987.0
19,9,61298,0,0,0,9,0.0,0.0,1.0,0.0,0.0,19,15,0.79,0.16,0.0,0.0,0.0,0.0,0,125022.0
53,5,0,0,0,0,255,1.0,1.0,0.01,0.06,0.0,255,18,0.07,0.07,0.0,1.0,1.0,0.0,1,45569.0
22,9,263,3625,0,1,1,0.0,0.0,1.0,0.0,1.0,47,39,0.83,0.04,0.0,0.02,0.03,0.0,0,71624.0
60,5,0,0,0,0,283,1.0,1.0,0.01,0.06,0.0,255,2,0.01,0.06,0.0,1.0,1.0,0.0,1,73135.0
11,9,45,114,0,0,2,0.0,0.0,1.0,0.0,0.5,255,242,0.95,0.01,0.0,0.0,0.0,0.0,0,67463.0
22,1,0,0,0,0,1,0.0,0.0,1.0,0.0,0.0,38,255,1.0,0.0,0.16,0.0,0.0,0.74,0,78053.0
22,9,338,2468,0,1,10,0.0,0.0,1.0,0.0,0.0,106,255,1.0,0.0,0.02,0.0,0.0,0.0,0,112686.0
22,9,373,7329,0,1,5,0.2,0.2,1.0,0.0,0.0,255,255,1.0,0.0,0.0,0.01,0.01,0.0,0,18535.0
3,5,0,0,0,0,233,1.0,1.0,0.02,0.07,0.0,255,4,0.02,0.07,0.0,1.0,1.0,0.0,1,10303.0
22,9,164,4038,0,1,7,0.0,0.0,1.0,0.0,0.0,7,255,1.0,0.0,0.07,0.0,0.0,0.0,0,77216.0
22,9,361,8541,0,1,1,0.0,0.0,1.0,0.0,0.08,13,255,1.0,0.0,0.03,0.0,0.0,0.0,0,35125.0
17,5,0,0,0,0,296,1.0,1.0,0.08,0.04,0.0,255,24,0.09,0.05,0.0,1.0,1.0,0.0,1,48802.0
45,5,0,0,0,0,256,1.0,1.0,0.02,0.06,0.0,255,7,0.03,0.07,0.0,1.0,1.0,0.0,1,18467.0
45,5,0,0,0,0,134,0.99,1.0,0.06,0.07,0.0,255,15,0.06,0.07,0.0,1.0,1.0,0.0,1,107082.0
40,9,147,0,0,0,3,0.0,0.0,0.33,0.67,0.0,255,1,0.0,0.57,0.0,0.0,0.0,0.0,0,83896.0
49,9,1046,330,0,1,1,0.0,0.0,1.0,0.0,1.0,9,16,1.0,0.0,0.12,0.0,0.0,0.0,0,105049.0
19,9,879,0,0,0,18,0.0,0.0,1.0,0.0,0.0,246,122,0.5,0.02,0.0,0.0,0.0,0.0,0,20634.0
22,6,255,32120,0,1,1,1.0,1.0,1.0,0.0,0.0,255,236,0.93,0.02,0.0,0.01,0.01,0.0,0,82189.0
22,9,330,791,0,1,8,0.0,0.0,1.0,0.0,0.31,12,255,1.0,0.0,0.05,0.0,0.0,0.0,0,65716.0
22,9,235,1079,0,1,6,0.0,0.0,1.0,0.0,0.32,58,255,1.0,0.0,0.01,0.0,0.0,0.0,0,43929.0
32,5,0,0,0,0,275,1.0,1.0,0.01,0.06,0.0,255,15,0.06,0.07,0.0,1.0,1.0,0.0,1,83106.0
22,9,318,761,0,1,2,0.0,0.0,1.0,0.0,0.67,202,255,1.0,0.0,0.01,0.0,0.0,0.0,0,123956.0
51,5,0,0,0,0,300,1.0,1.0,0.07,0.05,0.0,255,20,0.08,0.06,0.0,1.0,1.0,0.0,1,102948.0
39,9,48,48,0,0,1,0.0,0.0,1.0,0.0,0.0,40,20,0.5,0.08,0.0,0.0,0.0,0.0,0,59366.0
22,9,190,3703,0,1,6,0.0,0.0,1.0,0.0,0.0,172,172,1.0,0.0,0.0,0.0,0.0,0.0,0,99088.0
18,9,916,2720,0,1,2,0.0,0.0,1.0,0.0,0.0,5,5,1.0,0.0,0.0,0.0,0.0,0.0,0,125290.0
11,9,44,128,0,0,140,0.0,0.0,1.0,0.0,0.0,255,254,1.0,0.01,0.0,0.0,0.0,0.0,0,64188.0
11,9,34,0,0,0,6,0.0,0.0,1.0,0.0,0.17,84,13,0.15,0.07,0.0,0.0,0.0,0.0,0,54969.0
11,9,45,130,0,0,161,0.0,0.0,1.0,0.0,0.0,86,47,0.55,0.03,0.0,0.0,0.0,0.0,0,79993.0
22,5,0,0,0,0,7,1.0,1.0,1.0,0.0,0.0,255,7,0.03,0.07,0.0,1.0,1.0,0.0,1,3643.0
22,1,0,0,0,0,1,0.0,0.0,1.0,0.0,0.0,3,255,1.0,0.0,0.26,0.0,0.0,1.0,0,1294.0
45,9,105,105,0,0,10,0.0,0.0,0.1,0.2,0.0,255,240,0.94,0.01,0.0,0.0,0.0,0.0,0,7047.0
45,4,1,0,0,0,2,0.0,0.0,1.0,0.0,0.0,228,2,0.01,0.24,0.0,0.0,0.0,1.0,1,84467.0
22,9,201,4421,0,1,17,0.0,0.0,1.0,0.0,0.14,25,177,1.0,0.0,0.06,0.0,0.0,0.0,0,89800.0
22,9,226,2006,0,1,17,0.0,0.0,1.0,0.0,0.0,36,255,1.0,0.0,0.02,0.0,0.0,0.0,0,19178.0
45,9,28,0,3,0,55,0.0,0.0,1.0,0.0,0.0,127,55,0.43,0.03,0.0,0.0,0.0,0.0,1,81489.0
22,9,320,12922,0,1,30,0.0,0.0,1.0,0.0,0.0,129,255,1.0,0.0,0.01,0.0,0.0,0.0,0,61937.0
18,9,1184,2445,0,1,1,0.0,0.0,1.0,0.0,0.0,255,39,0.15,0.02,0.0,0.07,0.0,0.0,0,83854.0
11,9,34,0,0,0,1,0.0,0.0,1.0,0.0,1.0,241,23,0.05,0.03,0.09,0.0,0.0,0.0,0,115996.0
45,5,0,0,0,0,136,1.0,1.0,0.13,0.05,0.0,255,7,0.03,0.07,0.0,1.0,1.0,0.0,1,91367.0
14,9,1032,0,0,0,496,0.0,0.0,1.0,0.0,0.0,255,170,0.67,0.02,0.0,0.0,0.0,0.0,1,60038.0
45,5,0,0,0,0,228,1.0,1.0,0.01,0.05,0.0,255,2,0.01,0.08,0.0,1.0,1.0,0.0,1,88063.0
22,9,243,397,0,1,29,0.0,0.0,1.0,0.0,0.0,93,255,1.0,0.0,0.02,0.0,0.0,0.0,0,28821.0
22,9,342,753,0,1,1,0.0,0.0,1.0,0.0,0.0,169,255,1.0,0.0,0.02,0.01,0.0,0.01,0,11406.0
60,1,0,0,0,0,226,0.0,0.0,0.06,0.06,0.0,255,13,0.05,0.07,0.0,0.0,0.0,1.0,1,89989.0
22,9,213,4861,0,1,1,0.0,0.0,1.0,0.0,0.0,1,255,1.0,0.0,0.03,0.0,0.0,0.0,0,15928.0
45,5,0,0,0,0,124,1.0,1.0,0.1,0.06,0.0,255,7,0.03,0.06,0.0,1.0,1.0,0.0,1,103623.0
22,9,299,2606,0,1,3,0.0,0.0,1.0,0.0,0.0,3,255,1.0,0.0,0.03,0.0,0.0,0.0,0,50190.0
45,10,0,0,0,0,1,1.0,1.0,1.0,0.0,0.0,116,1,0.01,0.91,0.0,0.93,1.0,0.0,1,8618.0
49,9,1630,335,0,1,1,0.0,0.0,1.0,0.0,1.0,124,173,0.81,0.05,0.01,0.0,0.0,0.0,0,29502.0
22,9,247,1581,0,1,1,0.0,0.0,1.0,0.0,0.0,8,255,1.0,0.0,0.03,0.0,0.0,0.0,0,19135.0
22,9,182,411,0,1,1,0.0,0.0,1.0,0.0,0.0,14,255,1.0,0.0,0.03,0.0,0.0,0.0,0,4473.0
11,9,45,75,0,0,303,0.0,0.0,1.0,0.0,0.0,255,254,1.0,0.01,0.0,0.0,0.0,0.0,0,109653.0
22,9,239,2874,0,1,5,0.0,0.0,1.0,0.0,0.29,5,255,1.0,0.0,0.1,0.0,0.0,0.0,0,87738.0
32,5,0,0,0,0,289,1.0,1.0,0.08,0.05,0.0,255,22,0.09,0.05,0.0,1.0,1.0,0.0,1,42144.0
30,5,0,0,0,0,73,1.0,1.0,0.14,0.07,0.0,255,10,0.04,0.06,0.0,1.0,1.0,0.0,1,17460.0
22,9,213,4556,0,1,10,0.0,0.0,1.0,0.0,0.0,255,255,1.0,0.0,0.0,0.0,0.0,0.01,0,46030.0
35,5,0,0,0,0,196,1.0,1.0,0.03,0.07,0.0,255,5,0.02,0.07,0.0,1.0,1.0,0.0,1,97368.0
22,5,0,0,0,0,258,1.0,1.0,0.0,0.06,0.0,255,1,0.0,0.07,0.0,1.0,1.0,0.0,1,89054.0
59,5,0,0,0,0,146,1.0,1.0,0.11,0.06,0.0,255,9,0.04,0.07,0.0,1.0,1.0,0.0,1,120778.0
11,9,44,149,0,0,66,0.0,0.0,1.0,0.0,0.01,244,160,0.66,0.01,0.0,0.0,0.0,0.0,0,123797.0
58,9,181,0,0,0,2,0.0,0.0,0.5,1.0,0.0,255,111,0.44,0.01,0.0,0.0,0.0,0.0,0,86066.0
22,9,218,5200,0,1,11,0.0,0.0,1.0,0.0,0.09,255,255,1.0,0.0,0.0,0.0,0.0,0.0,0,118903.0
22,9,210,290,0,1,34,0.03,0.03,1.0,0.0,0.11,71,255,1.0,0.0,0.02,0.01,0.0,0.0,0,26158.0
19,9,5336,0,0,0,15,0.0,0.0,1.0,0.0,0.12,75,89,0.52,0.05,0.02,0.0,0.0,0.0,0,25388.0
19,9,0,0,0,0,1,0.0,0.0,1.0,0.0,0.0,255,6,0.02,0.98,0.0,0.97,0.0,0.0,1,25257.0
45,1,0,0,0,0,243,0.0,0.0,0.08,0.05,0.0,255,20,0.08,0.06,0.0,0.0,0.0,1.0,1,44381.0
42,5,0,0,0,0,249,1.0,1.0,0.04,0.07,0.0,255,9,0.04,0.08,0.0,1.0,1.0,0.0,1,4288.0
17,2,0,0,0,0,274,0.0,0.0,0.03,0.06,0.0,255,9,0.04,0.09,0.0,0.0,0.0,1.0,1,1448.0
45,5,0,0,0,0,217,1.0,1.0,0.04,0.07,0.0,255,24,0.09,0.07,0.0,1.0,1.0,0.0,1,77461.0
19,9,88382,0,0,1,1,0.0,0.0,1.0,0.0,0.0,102,37,0.36,0.05,0.0,0.0,0.0,0.0,0,38474.0
22,9,299,4231,0,1,14,0.0,0.0,1.0,0.0,0.0,49,255,1.0,0.0,0.03,0.0,0.0,0.0,0,76807.0
29,1,0,0,0,0,235,0.0,0.0,0.04,0.07,0.0,255,9,0.04,0.07,0.0,0.0,0.0,1.0,1,88381.0
22,9,247,477,0,1,35,0.0,0.0,1.0,0.0,0.0,119,255,1.0,0.0,0.03,0.0,0.0,0.0,0,47684.0
45,9,1,0,0,0,15,0.0,0.0,0.8,0.13,0.0,255,12,0.05,0.94,0.0,0.03,0.0,0.0,1,3546.0
22,1,0,0,0,0,1,0.0,0.0,1.0,0.0,0.0,119,255,1.0,0.0,0.11,0.0,0.0,1.0,0,106854.0
11,9,55,108,0,0,2,0.0,0.0,1.0,0.0,0.0,64,81,0.72,0.03,0.02,0.02,0.0,0.0,0,33036.0
22,9,218,983,0,1,21,0.0,0.0,1.0,0.0,0.09,255,255,1.0,0.0,0.0,0.0,0.0,0.0,0,78593.0
45,1,0,0,0,0,328,0.0,0.0,0.0,0.51,0.0,255,1,0.0,0.51,0.0,0.0,0.0,1.0,1,33133.0
22,9,343,2381,0,1,10,0.0,0.0,1.0,0.0,0.18,78,255,1.0,0.0,0.04,0.0,0.0,0.0,0,106834.0
59,5,0,0,0,0,136,1.0,1.0,0.07,0.07,0.0,255,10,0.04,0.06,0.0,1.0,1.0,0.0,1,125172.0
22,9,299,337,0,1,12,0.0,0.0,1.0,0.0,0.0,255,255,1.0,0.0,0.0,0.0,0.0,0.0,0,84803.0
60,5,0,0,0,0,234,1.0,1.0,0.07,0.06,0.0,255,17,0.07,0.07,0.0,1.0,1.0,0.0,1,88733.0
35,5,0,0,0,0,277,1.0,1.0,0.03,0.05,0.0,255,8,0.03,0.05,0.0,1.0,1.0,0.0,1,124269.0
26,5,0,0,0,0,22,1.0,1.0,0.77,0.09,0.0,255,17,0.07,0.06,0.0,1.0,1.0,0.0,1,70341.0
22,9,272,13923,0,1,35,0.0,0.0,1.0,0.0,0.06,83,255,1.0,0.0,0.03,0.0,0.0,0.0,0,88560.0
1,9,715240,215800,0,0,1,0.0,0.0,1.0,0.0,0.0,90,1,0.01,0.08,0.0,0.01,0.0,0.0,0,78757.0
22,9,240,6250,0,1,6,0.0,0.0,1.0,0.0,0.0,39,255,1.0,0.0,0.01,0.0,0.0,0.0,0,55660.0
23,5,0,0,0,0,134,1.0,1.0,0.13,0.07,0.0,255,18,0.07,0.06,0.0,1.0,1.0,0.0,1,58785.0
19,9,151,0,0,0,1,0.0,0.0,1.0,0.0,0.0,255,45,0.18,0.5,0.0,0.5,0.0,0.0,0,31134.0
28,5,0,0,0,0,130,1.0,1.0,0.02,0.06,0.0,255,18,0.07,0.07,0.0,1.0,1.0,0.0,1,58239.0
45,5,0,0,0,0,120,1.0,1.0,0.16,0.06,0.0,255,38,0.15,0.06,0.0,1.0,1.0,0.0,1,37090.0
45,1,0,0,0,0,279,0.0,0.0,0.04,0.06,0.0,255,10,0.04,0.07,0.0,0.0,0.0,1.0,1,69262.0
22,9,224,440,0,1,7,0.0,0.0,1.0,0.0,0.29,255,255,1.0,0.0,0.0,0.0,0.0,0.0,0,119812.0
31,5,0,0,0,0,231,1.0,1.0,0.0,0.06,0.0,255,19,0.07,0.06,0.0,1.0,1.0,0.0,1,92385.0
14,9,1032,0,0,0,511,0.0,0.0,1.0,0.0,0.0,217,72,0.33,0.01,0.0,0.0,0.0,0.0,1,84758.0
22,9,294,185,0,1,24,0.0,0.0,1.0,0.0,0.08,255,255,1.0,0.0,0.0,0.0,0.0,0.0,0,85073.0
49,9,1146,334,0,1,1,0.0,0.0,1.0,0.0,1.0,216,137,0.54,0.03,0.01,0.0,0.0,0.0,0,79059.0
21,5,0,0,0,0,21,1.0,1.0,0.29,0.24,0.0,255,7,0.03,0.08,0.0,1.0,1.0,0.0,1,95850.0
22,9,199,354,0,1,12,0.0,0.0,1.0,0.0,0.0,255,255,1.0,0.0,0.0,0.0,0.0,0.0,0,15369.0
62,5,0,0,0,0,137,1.0,1.0,0.12,0.05,0.0,255,17,0.07,0.05,0.0,1.0,1.0,0.0,1,97828.0
45,5,0,0,0,0,104,1.0,1.0,0.1,0.06,0.0,255,16,0.06,0.07,0.0,1.0,1.0,0.0,1,68931.0
11,9,44,131,0,0,85,0.0,0.0,1.0,0.0,0.02,255,254,1.0,0.01,0.0,0.0,0.0,0.0,0,20344.0
53,1,0,0,0,0,241,0.0,0.0,0.08,0.06,0.0,255,20,0.08,0.07,0.0,0.0,0.0,1.0,1,123782.0
22,9,227,13337,0,1,3,0.0,0.0,1.0,0.0,0.5,14,255,1.0,0.0,0.02,0.0,0.0,0.0,0,125180.0
21,5,0,0,0,0,131,1.0,1.0,0.14,0.06,0.0,255,18,0.07,0.06,0.0,1.0,1.0,0.0,1,32294.0
45,5,0,0,0,0,191,1.0,1.0,0.02,0.07,0.0,255,17,0.07,0.06,0.0,1.0,1.0,0.0,1,85072.0
22,9,331,260,0,1,1,0.0,0.0,1.0,0.0,0.15,35,255,1.0,0.0,0.04,0.0,0.0,0.0,0,74283.0
45,5,0,0,0,0,294,1.0,1.0,0.08,0.04,0.0,154,23,0.15,0.06,0.0,0.99,1.0,0.0,1,88729.0
49,9,936,328,0,1,1,0.0,0.0,1.0,0.0,0.0,6,186,0.83,0.33,0.02,0.0,0.03,0.01,0,113672.0
22,9,211,5357,0,1,14,0.0,0.0,1.0,0.0,0.0,137,255,1.0,0.0,0.02,0.0,0.0,0.0,0,59104.0
22,9,204,2219,0,1,5,0.0,0.0,1.0,0.0,0.0,255,255,1.0,0.0,0.0,0.0,0.0,0.0,0,44657.0
19,5,0,0,0,0,56,1.0,1.0,0.23,0.07,0.0,218,53,0.24,0.02,0.0,0.99,1.0,0.0,1,38933.0
22,1,0,0,0,0,2,0.0,0.0,1.0,0.0,0.0,7,251,1.0,0.0,0.05,0.0,0.0,1.0,0,13977.0
45,9,1,0,0,0,24,0.0,0.0,0.46,0.08,0.0,255,50,0.2,0.25,0.0,0.0,0.0,0.0,1,86226.0
22,9,317,596,0,1,10,0.0,0.0,1.0,0.0,0.0,252,255,1.0,0.0,0.01,0.0,0.0,0.0,0,82779.0
22,9,342,1745,0,1,6,0.17,0.17,1.0,0.0,0.0,255,255,1.0,0.0,0.0,0.0,0.0,0.0,0,70658.0
11,9,45,114,0,0,1,0.0,0.0,1.0,0.0,0.67,255,248,0.97,0.01,0.0,0.0,0.0,0.0,0,49604.0
45,4,0,0,0,0,1,0.0,0.0,1.0,0.0,0.0,234,1,0.0,0.3,0.0,0.0,0.0,1.0,1,22922.0
34,5,0,0,0,0,145,1.0,1.0,0.02,0.08,0.0,255,3,0.01,0.07,0.0,1.0,1.0,0.0,1,27063.0
22,5,0,0,0,0,53,1.0,1.0,0.25,0.08,0.0,255,53,0.21,0.02,0.0,1.0,1.0,0.0,1,77226.0
56,5,0,0,0,0,263,1.0,1.0,0.05,0.06,0.0,255,12,0.05,0.07,0.0,1.0,1.0,0.0,1,5446.0
2,5,0,0,0,0,213,1.0,1.0,0.06,0.06,0.0,255,13,0.05,0.06,0.0,1.0,1.0,0.0,1,88391.0
2,5,0,0,0,0,199,1.0,1.0,0.08,0.06,0.0,255,19,0.07,0.07,0.0,1.0,1.0,0.0,1,56776.0
45,9,1,0,0,0,26,0.0,0.0,0.38,0.12,0.0,255,10,0.04,0.27,0.0,0.0,0.0,0.0,1,6397.0
22,9,215,297,0,1,13,0.0,0.0,1.0,0.0,0.0,51,255,1.0,0.0,0.03,0.0,0.01,0.0,0,100188.0
45,9,28,0,3,0,73,0.0,0.0,1.0,0.0,0.0,255,173,0.68,0.33,0.0,0.09,0.0,0.0,1,105540.0
62,5,0,0,0,0,214,1.0,1.0,0.06,0.06,0.0,255,10,0.04,0.09,0.0,1.0,1.0,0.0,1,21433.0
22,9,267,7363,0,1,7,0.0,0.0,1.0,0.0,0.0,72,255,1.0,0.0,0.06,0.0,0.0,0.0,0,92841.0
60,5,0,0,0,0,252,1.0,1.0,0.02,0.06,0.0,255,15,0.06,0.07,0.0,1.0,1.0,0.0,1,91836.0
22,6,230,43800,0,1,1,1.0,1.0,1.0,0.0,0.0,255,255,1.0,0.0,0.0,0.0,0.0,0.0,0,18185.0
22,9,345,856,0,1,12,0.0,0.0,1.0,0.0,0.0,255,255,1.0,0.0,0.0,0.0,0.0,0.0,0,43709.0
17,5,0,0,0,0,242,1.0,1.0,0.04,0.06,0.0,255,6,0.02,0.09,0.0,1.0,1.0,0.0,1,87789.0
4,5,0,0,0,0,268,1.0,1.0,0.04,0.06,0.0,255,10,0.04,0.06,0.0,1.0,1.0,0.0,1,111285.0
22,9,237,3222,0,1,2,0.5,0.5,1.0,0.0,0.0,255,248,0.97,0.01,0.0,0.0,0.0,0.0,0,46959.0
45,5,0,0,0,0,158,1.0,1.0,0.11,0.06,0.0,255,9,0.04,0.06,0.0,1.0,1.0,0.0,1,106256.0
45,1,0,0,0,0,110,0.0,0.0,0.07,0.06,0.0,255,7,0.03,0.08,0.0,0.0,0.0,1.0,1,75417.0
7,5,0,0,0,0,273,1.0,1.0,0.04,0.06,0.0,255,12,0.05,0.07,0.0,1.0,1.0,0.0,1,60296.0
3,9,9,36,0,0,1,0.0,0.0,1.0,0.0,0.0,230,12,0.05,0.03,0.0,0.0,0.0,0.0,0,1760.0
27,5,0,0,0,0,24,1.0,1.0,0.33,0.12,0.0,255,8,0.03,0.07,0.0,1.0,1.0,0.0,1,78015.0
40,9,147,0,0,0,1,0.0,0.0,1.0,0.0,0.0,255,1,0.0,0.57,0.0,0.0,0.0,0.0,0,116301.0
11,9,45,45,0,0,150,0.0,0.0,1.0,0.0,0.02,255,197,0.77,0.01,0.0,0.0,0.0,0.0,0,116146.0
45,5,0,0,0,0,142,1.0,1.0,0.09,0.06,0.0,255,31,0.12,0.05,0.0,1.0,1.0,0.0,1,112577.0
7,5,0,0,0,0,207,1.0,1.0,0.07,0.06,0.0,255,14,0.05,0.07,0.0,1.0,1.0,0.0,1,113163.0
22,9,263,20229,0,1,1,0.0,0.0,1.0,0.0,1.0,1,255,1.0,0.0,0.06,0.0,0.0,0.0,0,74950.0
22,5,0,0,0,0,57,1.0,1.0,0.35,0.07,0.0,255,40,0.16,0.06,0.0,1.0,1.0,0.0,1,119225.0
52,5,0,0,0,0,263,1.0,1.0,0.07,0.06,0.0,255,3,0.01,0.07,0.0,1.0,1.0,0.0,1,56057.0
40,9,146,105,0,0,1,0.0,0.0,1.0,0.0,0.0,255,1,0.0,0.78,0.0,0.0,0.0,0.0,0,76313.0
49,9,1013,328,0,1,1,0.0,0.0,1.0,0.0,1.0,84,56,0.67,0.06,0.0,0.01,0.02,0.0,0,17484.0
11,9,44,44,0,0,12,0.0,0.0,1.0,0.0,0.11,96,92,0.96,0.02,0.0,0.0,0.0,0.0,0,97817.0
5,5,0,0,0,0,116,1.0,1.0,0.17,0.05,0.0,255,20,0.08,0.06,0.0,1.0,1.0,0.0,1,99405.0
14,9,1032,0,0,0,511,0.0,0.0,1.0,0.0,0.0,184,39,0.21,0.02,0.0,0.0,0.0,0.0,1,70000.0
17,5,0,0,0,0,292,1.0,1.0,0.09,0.04,0.0,255,25,0.1,0.05,0.0,1.0,1.0,0.0,1,55990.0
22,9,236,1112,0,1,2,0.0,0.0,1.0,0.0,0.0,109,255,1.0,0.0,0.02,0.0,0.0,0.0,0,33339.0
22,9,204,945,0,1,9,0.0,0.0,1.0,0.0,0.0,255,255,1.0,0.0,0.0,0.0,0.0,0.0,0,114101.0
19,9,245,0,0,0,2,0.0,0.0,1.0,0.0,0.0,255,118,0.46,0.02,0.0,0.0,0.0,0.0,0,102625.0
22,9,240,1475,0,1,12,0.0,0.0,1.0,0.0,0.0,255,255,1.0,0.0,0.0,0.0,0.0,0.0,0,499.0
45,5,0,0,0,0,108,1.0,1.0,0.13,0.06,0.0,255,15,0.06,0.06,0.0,1.0,1.0,0.0,1,89109.0
11,9,44,126,0,0,266,0.0,0.0,1.0,0.01,0.0,229,196,0.86,0.01,0.0,0.0,0.0,0.0,0,29459.0
22,9,229,255,0,1,3,0.33,0.33,1.0,0.0,0.0,3,255,1.0,0.0,0.04,0.33,0.01,0.0,0,65221.0
14,9,520,0,0,0,402,0.0,0.0,1.0,0.0,0.0,255,255,1.0,0.0,0.0,0.0,0.0,0.0,1,85048.0
22,9,206,1683,0,1,30,0.0,0.0,1.0,0.0,0.12,255,255,1.0,0.0,0.0,0.0,0.0,0.0,0,41462.0
22,9,214,1477,0,1,19,0.0,0.0,1.0,0.0,0.0,19,255,1.0,0.0,0.05,0.0,0.01,0.0,0,70525.0
53,5,0,0,0,0,297,1.0,1.0,0.07,0.06,0.0,255,20,0.08,0.07,0.0,1.0,1.0,0.0,1,64940.0
11,9,46,46,0,0,172,0.0,0.0,1.0,0.0,0.01,255,229,0.9,0.01,0.0,0.0,0.0,0.0,0,12459.0
60,5,0,0,0,0,234,1.0,1.0,0.1,0.06,0.0,255,24,0.09,0.06,0.0,1.0,1.0,0.0,1,73545.0
45,5,0,0,0,0,132,1.0,1.0,0.07,0.06,0.0,255,13,0.05,0.05,0.0,1.0,1.0,0.0,1,92643.0
22,9,225,7185,0,1,5,0.0,0.0,1.0,0.0,0.0,27,255,1.0,0.0,0.03,0.0,0.0,0.01,0,9981.0
45,5,0,0,0,0,186,1.0,1.0,0.02,0.08,0.0,255,4,0.02,0.09,0.0,1.0,1.0,0.0,1,62722.0
3,5,0,0,0,0,229,1.0,1.0,0.06,0.06,0.0,255,14,0.05,0.07,0.0,1.0,1.0,0.0,1,16784.0
19,9,175337,0,0,1,1,0.0,0.0,1.0,0.0,1.0,237,51,0.22,0.02,0.0,0.0,0.0,0.0,0,69162.0
50,5,0,0,0,0,99,1.0,1.0,0.13,0.06,0.0,255,10,0.04,0.07,0.0,1.0,1.0,0.0,1,83975.0
13,9,18,0,0,0,1,0.0,0.0,1.0,0.0,0.0,1,53,1.0,0.0,0.26,0.0,0.0,0.0,1,11122.0
19,9,3676,0,0,1,9,0.0,0.0,1.0,0.0,0.0,104,121,0.53,0.06,0.02,0.0,0.0,0.0,0,30517.0
45,5,0,0,0,0,119,1.0,1.0,0.06,0.06,0.0,255,4,0.02,0.07,0.0,1.0,1.0,0.0,1,124654.0
13,9,8,0,0,0,1,0.0,0.0,1.0,0.0,0.0,1,62,1.0,0.0,0.52,0.0,0.0,0.0,1,60457.0
22,9,176,3800,0,1,2,0.0,0.0,1.0,0.0,0.11,35,255,1.0,0.0,0.03,0.0,0.0,0.0,0,76308.0
22,9,200,632,0,1,4,0.0,0.0,1.0,0.0,0.0,41,255,1.0,0.0,0.03,0.0,0.0,0.0,0,62044.0
5,1,0,0,0,0,124,0.0,0.0,0.01,0.07,0.0,255,1,0.0,0.07,0.0,0.0,0.0,1.0,1,20977.0
45,1,0,0,0,0,59,0.12,0.0,0.02,1.0,0.0,255,1,0.0,0.51,0.0,0.03,0.0,1.0,1,7011.0
5,5,0,0,0,0,112,1.0,1.0,0.15,0.05,0.0,255,17,0.07,0.06,0.0,1.0,1.0,0.0,1,21580.0
60,1,0,0,0,0,258,0.0,0.0,0.05,0.06,0.0,255,12,0.05,0.07,0.0,0.0,0.0,1.0,1,92951.0
14,9,30,0,0,0,2,0.0,0.0,1.0,0.0,0.0,188,188,1.0,0.0,0.0,0.0,0.0,0.0,0,75368.0
28,5,0,0,0,0,3,1.0,1.0,1.0,0.0,0.0,255,3,0.01,0.07,0.0,1.0,1.0,0.0,1,25795.0
13,9,8,0,0,0,1,0.0,0.0,1.0,0.0,1.0,2,116,1.0,0.0,0.5,0.0,0.0,0.0,1,38975.0
22,9,348,1280,0,1,3,0.0,0.0,1.0,0.0,0.0,255,255,1.0,0.0,0.0,0.0,0.0,0.0,0,53689.0
22,5,0,0,0,0,5,1.0,1.0,0.2,0.6,0.0,255,54,0.21,0.03,0.0,1.0,1.0,0.0,1,97838.0
22,9,159,24735,0,1,1,0.0,0.0,1.0,0.0,0.12,10,255,1.0,0.0,0.04,0.0,0.0,0.0,0,45924.0
45,5,0,0,0,0,106,1.0,1.0,0.06,0.06,0.0,255,1,0.0,0.08,0.0,1.0,1.0,0.0,1,104383.0
25,5,0,0,0,0,236,1.0,1.0,0.0,0.06,0.0,255,1,0.0,0.07,0.0,1.0,1.0,0.0,1,81748.0
18,5,0,0,0,0,257,1.0,1.0,0.02,0.05,0.0,255,5,0.02,0.05,0.0,1.0,1.0,0.0,1,114184.0
22,9,207,955,0,1,12,0.0,0.0,1.0,0.0,0.0,255,255,1.0,0.0,0.0,0.0,0.0,0.0,0,102241.0
13,9,8,0,0,0,1,0.0,0.0,1.0,0.0,1.0,1,141,1.0,0.0,0.5,0.0,0.0,0.0,1,4905.0
13,9,8,0,0,0,1,0.0,0.0,1.0,0.0,1.0,1,21,1.0,0.0,0.52,0.0,0.0,0.0,1,105872.0
11,9,44,44,0,0,172,0.0,0.0,1.0,0.0,0.0,255,255,1.0,0.0,0.0,0.0,0.0,0.0,0,116404.0
23,1,0,0,0,0,136,0.0,0.0,0.12,0.07,0.0,255,17,0.07,0.06,0.0,0.0,0.0,1.0,1,52082.0
22,9,315,405,0,1,1,0.0,0.0,1.0,0.0,0.15,4,255,1.0,0.0,0.04,0.0,0.0,0.0,0,35883.0
10,1,0,0,0,0,281,0.0,0.0,0.04,0.06,0.0,255,11,0.04,0.07,0.0,0.0,0.0,1.0,1,24928.0
22,9,318,1344,0,1,4,0.0,0.0,1.0,0.0,0.33,255,255,1.0,0.0,0.0,0.0,0.0,0.0,0,120942.0
22,4,46720,8314,0,1,4,0.0,0.0,1.0,0.0,0.0,27,27,1.0,0.0,0.0,0.0,0.0,0.37,0,98260.0
15,5,0,0,0,0,140,1.0,1.0,0.11,0.05,0.0,255,16,0.06,0.05,0.0,1.0,1.0,0.0,1,52642.0
11,9,44,44,0,0,3,0.0,0.0,0.33,0.67,0.27,139,133,0.96,0.02,0.0,0.0,0.0,0.0,0,18135.0
45,1,0,0,0,0,91,0.0,0.0,0.05,0.07,0.0,255,5,0.02,0.07,0.0,0.0,0.0,1.0,1,88744.0
22,9,296,458,0,1,20,0.0,0.0,1.0,0.0,0.1,255,255,1.0,0.0,0.0,0.0,0.0,0.0,0,26194.0
35,5,0,0,0,0,204,1.0,1.0,0.02,0.06,0.0,255,13,0.05,0.07,0.0,1.0,1.0,0.0,1,61239.0
6,1,0,0,0,0,2,0.0,0.0,0.5,1.0,0.0,255,1,0.0,1.0,0.0,0.0,0.0,1.0,1,631.0
22,9,350,3205,0,1,1,0.0,0.0,1.0,0.0,0.21,14,255,1.0,0.0,0.06,0.0,0.0,0.0,0,20117.0
22,9,225,1311,0,1,9,0.0,0.0,1.0,0.0,0.0,32,255,1.0,0.0,0.03,0.0,0.0,0.0,0,32926.0
23,5,0,0,0,0,223,1.0,1.0,0.02,0.05,0.0,255,4,0.02,0.06,0.0,1.0,1.0,0.0,1,62398.0
25,5,0,0,0,0,263,1.0,1.0,0.06,0.06,0.0,255,16,0.06,0.08,0.0,1.0,1.0,0.0,1,105752.0
22,9,306,10266,0,1,4,0.0,0.0,1.0,0.0,0.0,7,255,1.0,0.0,0.05,0.0,0.0,0.0,0,108363.0
45,10,0,0,0,0,1,1.0,1.0,1.0,0.0,0.0,171,1,0.01,0.94,0.0,0.95,1.0,0.0,1,100934.0
18,5,0,0,0,0,231,1.0,1.0,0.02,0.06,0.0,255,5,0.02,0.07,0.0,1.0,1.0,0.0,1,52980.0
40,1,0,0,0,0,511,0.05,0.0,0.0,1.0,0.0,255,1,0.0,1.0,0.0,0.01,0.0,1.0,1,64407.0
45,5,0,0,0,0,160,1.0,1.0,0.09,0.08,0.0,255,15,0.06,0.06,0.0,1.0,1.0,0.0,1,10690.0
19,9,641,0,0,1,2,0.0,0.0,1.0,0.0,0.0,1,1,1.0,0.0,0.0,0.0,0.0,0.0,0,108094.0
14,9,1032,0,0,0,510,0.0,0.0,1.0,0.0,0.0,255,114,0.45,0.08,0.0,0.0,0.0,0.0,1,103998.0
45,5,0,0,0,0,112,1.0,1.0,0.12,0.05,0.0,255,4,0.02,0.07,0.0,1.0,1.0,0.0,1,60850.0
22,9,360,259,0,1,1,0.0,0.0,1.0,0.0,0.0,15,255,1.0,0.0,0.05,0.0,0.0,0.0,0,30145.0
22,9,260,468,0,1,1,0.0,0.0,1.0,0.0,1.0,5,255,1.0,0.0,0.03,0.0,0.01,0.0,0,80026.0
54,5,0,0,0,0,238,1.0,1.0,0.05,0.07,0.0,255,11,0.04,0.07,0.0,1.0,1.0,0.0,1,15569.0
35,5,0,0,0,0,124,1.0,1.0,0.09,0.05,0.0,255,11,0.04,0.05,0.0,1.0,1.0,0.0,1,44603.0
45,4,0,0,0,0,1,0.0,0.0,1.0,0.0,0.0,108,1,0.01,0.13,0.0,0.0,0.0,1.0,1,89918.0
45,5,0,0,0,0,193,1.0,1.0,0.02,0.06,0.0,255,19,0.07,0.07,0.0,1.0,1.0,0.0,1,63774.0
45,5,0,0,0,0,263,1.0,1.0,0.05,0.05,0.0,204,12,0.06,0.06,0.0,0.93,1.0,0.0,1,22440.0
2,5,0,0,0,0,138,1.0,1.0,0.04,0.05,0.0,255,5,0.02,0.05,0.0,1.0,1.0,0.0,1,106821.0
49,9,1630,376,0,1,1,0.0,0.0,1.0,0.0,0.0,44,236,1.0,0.0,0.01,0.0,0.0,0.0,0,24870.0
9,5,0,0,0,0,251,1.0,1.0,0.07,0.06,0.0,255,5,0.02,0.08,0.0,1.0,1.0,0.0,1,100377.0
27,5,0,0,0,0,112,1.0,1.0,0.08,0.06,0.0,255,9,0.04,0.05,0.0,1.0,1.0,0.0,1,11802.0
45,5,0,0,0,0,175,1.0,1.0,0.1,0.06,0.0,255,7,0.03,0.06,0.0,1.0,1.0,0.0,1,93445.0
36,1,0,0,0,0,234,0.0,0.0,0.0,0.07,0.0,255,1,0.0,0.07,0.0,0.0,0.0,1.0,1,8572.0
45,5,0,0,0,0,281,1.0,1.0,0.06,0.05,0.0,255,3,0.01,0.09,0.0,1.0,1.0,0.0,1,29429.0
22,9,54540,8314,0,1,4,0.0,0.0,1.0,0.0,0.0,80,80,1.0,0.0,0.0,0.0,0.0,0.17,0,30942.0
29,1,0,0,0,0,485,0.06,0.0,0.0,1.0,0.0,255,1,0.0,1.0,0.0,0.08,0.0,1.0,1,87621.0
49,9,2021,331,0,0,1,0.0,0.0,1.0,0.0,0.0,95,192,0.73,0.02,0.01,0.01,0.0,0.0,0,97829.0
22,1,0,0,0,0,1,0.0,0.0,1.0,0.0,1.0,83,255,1.0,0.0,0.07,0.0,0.0,0.81,0,101615.0
18,9,950,2720,0,1,1,0.0,0.0,1.0,0.0,0.0,33,1,0.03,0.09,0.0,0.0,0.0,0.0,0,50286.0
45,1,0,0,0,0,126,0.0,0.0,0.1,0.07,0.0,255,13,0.05,0.07,0.0,0.0,0.0,1.0,1,21204.0
22,9,240,1449,0,1,25,0.0,0.0,1.0,0.0,0.0,25,255,1.0,0.0,0.07,0.0,0.02,0.0,0,111504.0
45,5,0,0,0,0,120,1.0,1.0,0.06,0.06,0.0,255,26,0.1,0.06,0.0,1.0,1.0,0.0,1,68397.0
0,4,3089,9102,0,1,1,0.0,0.0,1.0,0.0,0.0,129,16,0.12,0.02,0.0,0.0,0.0,0.69,0,3969.0
56,5,0,0,0,0,115,1.0,1.0,0.12,0.06,0.0,255,1,0.0,0.07,0.0,1.0,1.0,0.0,1,77875.0
56,2,0,0,0,0,205,0.0,0.0,0.01,0.07,0.0,255,3,0.01,0.09,0.0,0.0,0.0,1.0,1,93483.0
49,9,1112,333,0,1,1,0.0,0.0,1.0,0.0,1.0,164,138,0.52,0.04,0.01,0.0,0.0,0.0,0,113583.0
11,9,45,111,0,0,61,0.0,0.0,1.0,0.0,0.01,175,144,0.82,0.01,0.0,0.0,0.0,0.0,0,22190.0
22,9,312,3325,0,1,1,0.0,0.0,1.0,0.0,0.0,20,255,1.0,0.0,0.07,0.0,0.0,0.0,0,118707.0
18,9,1487,4152,0,1,1,0.0,0.0,1.0,0.0,0.0,150,34,0.23,0.03,0.0,0.0,0.0,0.0,0,29858.0
45,5,0,0,0,0,128,1.0,1.0,0.08,0.05,0.0,255,29,0.11,0.05,0.0,1.0,1.0,0.0,1,1367.0
5,5,0,0,0,0,125,1.0,1.0,0.1,0.06,0.0,255,13,0.05,0.05,0.0,1.0,1.0,0.0,1,104098.0
56,5,0,0,0,0,200,1.0,1.0,0.08,0.05,0.0,255,16,0.06,0.05,0.0,1.0,1.0,0.0,1,22803.0
22,9,338,1512,0,1,4,0.0,0.0,1.0,0.0,0.0,143,172,1.0,0.0,0.02,0.0,0.01,0.05,0,21915.0
4,1,0,0,0,0,240,0.0,0.0,0.01,0.08,0.0,255,3,0.01,0.08,0.0,0.0,0.0,1.0,1,105544.0
33,5,0,0,0,0,234,1.0,1.0,0.04,0.07,0.0,255,1,0.0,0.08,0.0,1.0,1.0,0.0,1,1436.0
10,5,0,0,0,0,108,1.0,1.0,0.17,0.06,0.0,255,5,0.02,0.07,0.0,1.0,1.0,0.0,1,110075.0
35,5,0,0,0,0,267,1.0,1.0,0.08,0.05,0.0,255,21,0.08,0.05,0.0,1.0,1.0,0.0,1,116936.0
55,5,0,0,0,0,70,1.0,1.0,0.26,0.06,0.0,255,63,0.25,0.02,0.0,1.0,1.0,0.0,1,75270.0
22,9,212,1416,0,1,12,0.0,0.0,1.0,0.0,0.0,12,255,1.0,0.0,0.07,0.0,0.0,0.0,0,81321.0
45,5,0,0,0,0,143,1.0,1.0,0.12,0.07,0.0,255,17,0.07,0.06,0.0,1.0,1.0,0.0,1,122776.0
50,5,0,0,0,0,227,1.0,1.0,0.03,0.07,0.0,255,7,0.03,0.08,0.0,1.0,1.0,0.0,1,86056.0
11,9,45,81,0,0,226,0.0,0.0,1.0,0.0,0.0,255,250,0.98,0.01,0.0,0.0,0.0,0.0,0,18889.0
25,5,0,0,0,0,240,1.0,1.0,0.06,0.05,0.0,255,8,0.03,0.07,0.0,1.0,1.0,0.0,1,27502.0
45,1,0,0,0,0,72,0.0,0.0,0.01,1.0,0.0,197,1,0.01,0.42,0.0,0.0,0.0,1.0,1,98619.0
22,9,334,9701,0,1,7,0.0,0.0,1.0,0.0,0.23,7,255,1.0,0.0,0.03,0.0,0.0,0.0,0,90994.0
58,9,78,0,0,0,27,0.0,0.0,0.19,0.07,0.0,255,13,0.05,0.01,0.0,0.0,0.0,0.0,0,33466.0
22,9,54540,8314,0,1,4,0.0,0.0,1.0,0.0,0.0,55,55,1.0,0.0,0.0,0.0,0.0,0.22,0,124973.0
22,5,0,0,0,0,22,0.95,0.89,0.36,0.23,0.22,255,28,0.11,0.05,0.0,1.0,1.0,0.0,1,2061.0
22,9,54540,8314,0,1,4,0.0,0.0,1.0,0.0,0.0,5,5,1.0,0.0,0.0,0.0,0.0,0.2,0,44107.0
40,9,147,105,0,0,1,0.0,0.0,1.0,0.0,0.0,255,1,0.0,0.51,0.0,0.0,0.0,0.0,0,104102.0
22,9,256,9298,0,1,6,0.0,0.0,1.0,0.0,0.0,15,255,1.0,0.0,0.03,0.0,0.0,0.0,0,115956.0
49,9,3724,403,0,1,1,0.0,0.0,1.0,0.0,0.0,50,115,0.76,0.06,0.03,0.04,0.0,0.0,0,43507.0
22,9,155,4511,0,1,1,0.0,0.0,1.0,0.0,0.0,12,255,1.0,0.0,0.02,0.0,0.0,0.0,0,46530.0
11,9,44,134,0,0,67,0.0,0.0,1.0,0.0,0.01,255,234,0.92,0.01,0.0,0.0,0.0,0.0,0,35138.0
22,9,240,564,0,1,22,0.0,0.0,1.0,0.0,0.13,255,255,1.0,0.0,0.0,0.0,0.0,0.0,0,15927.0
22,9,238,6078,0,1,5,0.0,0.0,1.0,0.0,0.33,157,255,1.0,0.0,0.02,0.01,0.0,0.0,0,77059.0
11,9,43,109,0,0,5,0.0,0.0,1.0,0.0,0.0,255,253,0.99,0.01,0.0,0.0,0.0,0.0,0,43082.0
8,2,0,0,0,0,262,0.0,0.0,0.03,0.07,0.0,255,8,0.03,0.08,0.0,0.0,0.0,1.0,1,20899.0
45,5,0,0,0,0,265,1.0,1.0,0.01,0.05,0.0,206,2,0.01,0.07,0.0,0.93,1.0,0.0,1,34438.0
14,9,520,0,0,0,116,0.0,0.0,1.0,0.0,0.0,255,255,1.0,0.0,0.0,0.0,0.0,0.0,1,15506.0
22,9,274,2345,0,1,5,0.0,0.0,1.0,0.0,0.0,255,255,1.0,0.0,0.0,0.0,0.0,0.0,0,54519.0
32,5,0,0,0,0,179,1.0,1.0,0.03,0.07,0.0,255,6,0.02,0.07,0.0,1.0,1.0,0.0,1,122014.0
19,9,6932,0,0,1,2,0.0,0.0,1.0,0.0,0.0,125,101,0.26,0.02,0.02,0.0,0.0,0.0,0,17087.0
49,9,795,330,0,1,1,0.0,0.0,1.0,0.0,1.0,190,127,0.67,0.03,0.0,0.0,0.0,0.0,0,31344.0
3,5,0,0,0,0,273,1.0,1.0,0.07,0.05,0.0,255,19,0.07,0.07,0.0,1.0,1.0,0.0,1,46168.0
23,5,0,0,0,0,105,1.0,1.0,0.18,0.06,0.0,255,19,0.07,0.05,0.0,1.0,1.0,0.0,1,93546.0
45,5,0,0,0,0,141,1.0,1.0,0.07,0.06,0.0,220,14,0.06,0.08,0.0,1.0,1.0,0.0,1,88336.0
17,9,7,225,0,0,1,0.0,0.0,1.0,0.0,0.0,75,13,0.07,0.07,0.15,0.04,0.15,0.0,0,15985.0
45,5,0,0,0,0,111,0.99,1.0,0.14,0.06,0.0,255,11,0.04,0.07,0.0,1.0,1.0,0.0,1,62095.0
22,9,287,3987,0,1,3,0.0,0.0,1.0,0.0,0.0,30,255,1.0,0.0,0.05,0.0,0.0,0.0,0,94788.0
45,5,0,0,0,0,130,1.0,1.0,0.08,0.06,0.0,255,4,0.02,0.07,0.0,1.0,1.0,0.0,1,37134.0
22,9,278,2444,0,1,3,0.0,0.06,1.0,0.0,0.38,7,255,1.0,0.0,0.02,0.0,0.0,0.0,0,19426.0
42,5,0,0,0,0,165,1.0,1.0,0.07,0.08,0.0,255,12,0.05,0.07,0.0,1.0,1.0,0.0,1,69391.0
49,9,727,328,0,1,1,0.0,0.0,1.0,0.0,0.0,65,15,0.23,0.09,0.0,0.0,0.0,0.0,0,7030.0
11,9,42,42,0,0,10,0.0,0.0,1.0,0.0,0.18,205,199,0.97,0.01,0.0,0.0,0.0,0.0,0,21073.0
54,5,0,0,0,0,297,1.0,1.0,0.01,0.06,0.0,255,5,0.02,0.07,0.0,1.0,1.0,0.0,1,77146.0
49,9,748,331,0,1,1,0.0,0.0,1.0,0.0,0.0,110,130,0.47,0.05,0.02,0.0,0.0,0.0,0,35284.0
11,9,45,71,0,0,143,0.0,0.0,1.0,0.0,0.0,255,254,1.0,0.01,0.0,0.0,0.0,0.0,0,106627.0
45,1,0,0,0,0,379,0.06,0.0,0.0,1.0,0.0,255,1,0.0,1.0,0.0,0.09,0.0,1.0,1,74854.0
11,9,110,34,0,0,1,0.0,0.0,1.0,0.0,0.0,104,73,0.7,0.04,0.0,0.0,0.0,0.0,0,112595.0
24,5,0,0,0,0,209,1.0,1.0,0.09,0.06,0.0,255,12,0.05,0.06,0.0,1.0,1.0,0.0,1,58361.0
45,1,0,0,0,0,1,0.0,0.0,1.0,0.0,0.0,13,2,0.08,1.0,1.0,0.0,0.0,1.0,1,21592.0
49,9,2077,334,0,1,1,0.0,0.0,1.0,0.0,0.0,73,187,0.99,0.03,0.02,0.0,0.0,0.0,0,28377.0
45,5,0,0,0,0,147,1.0,1.0,0.12,0.06,0.0,255,17,0.07,0.06,0.0,1.0,1.0,0.0,1,58542.0
45,4,1,0,0,0,2,0.0,0.0,1.0,0.0,0.0,255,2,0.01,0.51,0.0,0.0,0.0,1.0,1,54378.0
45,1,0,0,0,0,106,0.0,0.0,0.02,0.08,0.0,255,2,0.01,0.07,0.0,0.0,0.0,1.0,1,118193.0
22,9,198,4333,0,1,19,0.0,0.0,1.0,0.0,0.0,19,255,1.0,0.0,0.04,0.0,0.0,0.0,0,101610.0
45,5,0,0,0,0,93,1.0,1.0,0.08,0.06,0.0,255,9,0.04,0.06,0.0,1.0,1.0,0.0,1,91423.0
51,5,0,0,0,0,219,1.0,1.0,0.08,0.06,0.0,255,18,0.07,0.07,0.0,1.0,1.0,0.0,1,85132.0
14,9,1032,0,0,0,511,0.0,0.0,1.0,0.0,0.0,255,108,0.42,0.19,0.0,0.0,0.0,0.0,1,54558.0
22,9,333,1832,0,1,18,0.0,0.0,1.0,0.0,0.0,135,255,1.0,0.0,0.02,0.0,0.0,0.0,0,24063.0
22,9,358,256,0,1,8,0.0,0.0,1.0,0.0,0.0,31,255,1.0,0.0,0.03,0.0,0.0,0.0,0,59359.0
56,9,0,4,0,0,1,0.0,0.0,1.0,0.0,0.0,16,16,1.0,0.0,0.0,0.0,0.0,0.0,0,16148.0
15,1,0,0,0,0,129,0.0,0.0,0.02,0.07,0.0,255,2,0.01,0.06,0.0,0.0,0.0,1.0,1,8467.0
22,9,330,2566,0,1,2,0.0,0.0,1.0,0.0,0.0,235,255,1.0,0.0,0.01,0.0,0.0,0.0,0,4074.0
40,9,146,0,0,0,1,0.0,0.0,1.0,0.0,0.0,255,2,0.01,0.73,0.0,0.0,0.0,0.0,0,124904.0
31,5,0,0,0,0,200,1.0,1.0,0.08,0.05,0.0,255,16,0.06,0.05,0.0,1.0,1.0,0.0,1,40229.0
45,5,0,0,0,0,256,1.0,1.0,0.03,0.06,0.0,255,18,0.07,0.07,0.0,1.0,1.0,0.0,1,41793.0
19,9,334,0,0,1,1,0.0,0.0,1.0,0.0,0.0,1,20,1.0,0.0,0.15,0.0,0.0,0.0,0,1744.0
14,9,64,0,0,0,1,0.0,0.0,1.0,0.0,0.0,255,4,0.02,0.02,0.0,0.0,0.0,0.0,0,71602.0
22,9,195,765,0,1,11,0.0,0.0,1.0,0.0,0.12,255,255,1.0,0.0,0.0,0.0,0.0,0.0,0,58828.0
28,5,0,0,0,0,95,1.0,1.0,0.15,0.07,0.0,255,14,0.05,0.07,0.0,1.0,1.0,0.0,1,7985.0
22,9,201,1263,0,1,4,0.0,0.0,1.0,0.0,0.29,64,255,1.0,0.0,0.01,0.0,0.0,0.0,0,24520.0
22,9,292,11619,0,1,3,0.0,0.0,1.0,0.0,0.0,118,255,1.0,0.0,0.03,0.0,0.0,0.01,0,44210.0
22,9,217,1371,0,1,14,0.0,0.0,1.0,0.0,0.0,14,255,1.0,0.0,0.04,0.0,0.0,0.0,0,10726.0
32,5,0,0,0,0,283,1.0,1.0,0.09,0.05,0.0,255,25,0.1,0.05,0.0,1.0,1.0,0.0,1,125321.0
22,9,210,304,0,1,9,0.0,0.0,1.0,0.0,0.0,141,255,1.0,0.0,0.04,0.0,0.0,0.01,0,58149.0
22,1,0,0,0,0,1,0.0,0.0,1.0,0.0,0.0,4,158,1.0,0.0,0.2,0.0,0.0,1.0,0,121420.0
11,9,44,73,0,0,118,0.0,0.0,1.0,0.0,0.0,255,255,1.0,0.0,0.0,0.0,0.0,0.0,0,90861.0
6,1,0,0,0,0,203,0.0,0.0,0.0,0.07,0.0,255,1,0.0,0.07,0.0,0.0,0.0,1.0,1,49384.0
24,10,0,0,0,0,1,1.0,0.76,1.0,0.0,0.37,7,7,1.0,0.0,0.0,0.57,0.57,0.0,1,58304.0
22,9,236,313,0,1,19,0.0,0.0,1.0,0.0,0.0,253,255,1.0,0.0,0.01,0.0,0.0,0.34,0,49132.0
59,5,0,0,0,0,133,1.0,1.0,0.02,0.06,0.0,255,3,0.01,0.07,0.0,1.0,1.0,0.0,1,125183.0
11,9,45,120,0,0,108,0.0,0.0,1.0,0.0,0.0,255,255,1.0,0.0,0.0,0.0,0.0,0.0,0,95445.0
22,9,327,191,0,1,9,0.0,0.0,1.0,0.0,0.0,255,255,1.0,0.0,0.0,0.01,0.01,0.0,0,113568.0
14,9,1480,0,1,0,3,0.0,0.0,1.0,0.0,0.0,87,3,0.03,0.05,0.0,0.0,0.0,0.0,0,26860.0
45,5,0,0,0,0,139,1.0,1.0,0.16,0.05,0.0,255,1,0.0,0.06,0.0,1.0,1.0,0.0,1,38314.0
22,5,0,0,0,0,246,1.0,1.0,0.08,0.07,0.0,255,19,0.07,0.07,0.0,1.0,1.0,0.0,1,115706.0
49,9,3193,332,0,1,1,0.0,0.0,1.0,0.0,0.0,194,158,0.62,0.02,0.01,0.0,0.0,0.0,0,66121.0
2,5,0,0,0,0,262,1.0,1.0,0.01,0.06,0.0,255,2,0.01,0.06,0.0,1.0,1.0,0.0,1,99856.0
22,9,262,8617,0,1,9,0.0,0.0,1.0,0.0,0.25,44,255,1.0,0.0,0.03,0.0,0.0,0.0,0,37165.0
22,9,316,913,0,1,14,0.0,0.0,1.0,0.0,0.0,61,255,1.0,0.0,0.02,0.0,0.0,0.0,0,33985.0
22,9,301,269,0,1,25,0.0,0.0,1.0,0.0,0.14,245,255,1.0,0.0,0.01,0.0,0.0,0.0,0,56839.0
22,9,319,6534,0,1,12,0.0,0.0,1.0,0.0,0.07,255,255,1.0,0.0,0.0,0.0,0.0,0.0,0,87280.0
45,5,0,0,0,0,209,1.0,1.0,0.05,0.07,0.0,255,11,0.04,0.09,0.0,1.0,1.0,0.0,1,37334.0
22,9,233,31639,0,1,16,0.0,0.0,1.0,0.0,0.0,255,255,1.0,0.0,0.0,0.0,0.0,0.0,0,11513.0
45,5,0,0,0,0,276,1.0,1.0,0.04,0.06,0.0,255,5,0.02,0.07,0.0,1.0,1.0,0.0,1,47016.0
40,1,0,0,0,0,416,0.06,0.0,0.0,1.0,0.0,255,1,0.0,1.0,0.0,0.08,0.0,1.0,1,41599.0
45,1,0,0,0,0,125,0.0,0.0,0.03,0.1,0.0,255,4,0.02,0.08,0.0,0.0,0.0,1.0,1,112817.0
22,9,305,2698,0,1,2,0.0,0.0,1.0,0.0,0.0,37,2,0.05,0.11,0.0,0.0,0.0,0.0,0,21089.0
22,9,225,1578,0,1,6,0.0,0.0,1.0,0.0,0.0,255,255,1.0,0.0,0.0,0.0,0.0,0.0,0,89261.0
45,5,0,0,0,0,119,1.0,1.0,0.11,0.06,0.0,255,17,0.07,0.06,0.0,1.0,1.0,0.0,1,7091.0
11,9,46,86,0,0,306,0.0,0.0,1.0,0.01,0.0,255,254,1.0,0.01,0.0,0.0,0.0,0.0,0,73461.0
45,5,0,0,0,0,172,1.0,1.0,0.07,0.08,0.0,255,3,0.01,0.07,0.0,1.0,1.0,0.0,1,52984.0
22,9,294,10997,0,1,8,0.0,0.0,1.0,0.0,0.0,56,255,1.0,0.0,0.06,0.0,0.0,0.0,0,121801.0
45,9,105,147,0,0,1,0.0,0.0,1.0,0.0,0.0,8,8,1.0,0.0,0.0,0.0,0.0,0.0,0,65134.0
28,5,0,0,0,0,148,1.0,1.0,0.14,0.05,0.0,255,20,0.08,0.06,0.0,1.0,1.0,0.0,1,116139.0
45,1,0,0,0,0,237,0.0,0.0,0.05,0.06,0.0,255,13,0.05,0.07,0.0,0.0,0.0,1.0,1,63669.0
22,9,308,2276,0,1,4,0.0,0.0,1.0,0.0,0.4,18,255,1.0,0.0,0.03,0.0,0.0,0.0,0,42840.0
22,9,293,1236,0,1,31,0.0,0.0,1.0,0.0,0.06,146,255,1.0,0.0,0.02,0.0,0.0,0.0,0,79066.0
22,9,262,458,0,1,5,0.0,0.0,1.0,0.0,0.0,14,255,1.0,0.0,0.05,0.0,0.0,0.0,0,72710.0
45,5,0,0,0,0,187,1.0,1.0,0.03,0.06,0.0,226,6,0.03,0.08,0.0,0.94,1.0,0.0,1,26761.0
49,9,1577,330,0,1,1,0.0,0.0,1.0,0.0,0.0,184,132,0.72,0.02,0.0,0.0,0.0,0.0,0,39179.0
11,9,45,138,0,0,75,0.0,0.0,1.0,0.0,0.01,255,255,1.0,0.0,0.0,0.0,0.0,0.0,0,107263.0
22,9,324,10996,0,1,8,0.0,0.0,1.0,0.0,0.27,8,255,1.0,0.0,0.05,0.0,0.0,0.0,0,97519.0
45,1,0,0,0,0,2,0.0,0.0,0.5,1.0,0.0,255,1,0.0,0.26,0.0,0.0,0.0,1.0,1,6625.0
22,9,216,3428,0,1,4,0.0,0.0,1.0,0.0,0.16,37,255,1.0,0.0,0.09,0.0,0.0,0.0,0,52419.0
22,9,318,762,0,1,30,0.0,0.0,1.0,0.0,0.07,255,255,1.0,0.0,0.0,0.0,0.0,0.0,0,31295.0
14,9,1032,0,0,0,11,0.0,0.0,1.0,0.0,0.0,255,255,1.0,0.0,0.0,0.0,0.0,0.0,0,75811.0
40,1,0,0,0,0,440,0.08,0.0,0.0,1.0,0.0,255,1,0.0,1.0,0.0,0.06,0.0,1.0,1,8330.0
14,9,520,0,0,0,132,0.0,0.0,1.0,0.0,0.0,255,255,1.0,0.0,0.0,0.0,0.0,0.0,1,87931.0
28,1,0,0,0,0,287,0.0,0.0,0.05,0.06,0.0,255,15,0.06,0.07,0.0,0.0,0.0,1.0,1,673.0
32,1,0,0,0,0,119,0.0,0.0,0.01,0.08,0.0,255,1,0.0,0.09,0.0,0.0,0.0,1.0,1,78012.0
11,9,46,46,0,0,96,0.0,0.0,1.0,0.0,0.02,255,254,1.0,0.01,0.0,0.0,0.0,0.0,0,126.0
45,5,0,0,0,0,116,1.0,1.0,0.02,0.07,0.0,255,2,0.01,0.08,0.0,1.0,1.0,0.0,1,31501.0
58,9,81,0,0,0,4,0.0,0.0,0.25,0.5,0.0,255,15,0.06,0.01,0.0,0.0,0.0,0.0,0,79651.0
5,5,0,0,0,0,125,1.0,1.0,0.14,0.06,0.0,255,18,0.07,0.07,0.0,1.0,1.0,0.0,1,41829.0
45,5,0,0,0,0,272,1.0,1.0,0.07,0.05,0.0,255,20,0.08,0.06,0.0,1.0,1.0,0.0,1,107803.0
22,5,0,0,0,0,41,1.0,1.0,0.39,0.1,0.0,255,64,0.25,0.04,0.0,1.0,1.0,0.0,1,96340.0
43,9,48,251,0,1,1,0.0,0.0,1.0,0.0,0.0,255,1,0.0,0.02,0.0,0.01,0.0,0.0,0,70576.0
49,9,1459,384,0,1,1,0.0,0.0,1.0,0.0,0.0,255,74,0.29,0.05,0.0,0.46,0.0,0.0,0,72916.0
22,9,343,520,0,1,1,0.0,0.0,1.0,0.0,0.0,3,255,1.0,0.0,0.04,0.0,0.0,0.0,0,22425.0
61,5,0,0,0,0,204,1.0,1.0,0.01,0.06,0.0,255,2,0.01,0.08,0.0,1.0,1.0,0.0,1,86370.0
11,9,43,126,0,0,113,0.0,0.0,1.0,0.0,0.01,255,255,1.0,0.0,0.0,0.0,0.0,0.0,0,79214.0
45,9,105,146,0,0,4,0.0,0.0,0.25,0.5,0.0,206,194,0.94,0.01,0.0,0.0,0.0,0.0,0,56522.0
22,9,330,373,0,1,21,0.0,0.0,1.0,0.0,0.0,255,255,1.0,0.0,0.0,0.0,0.0,0.0,0,41496.0
13,9,8,0,0,0,1,0.0,0.0,1.0,0.0,1.0,1,37,1.0,0.0,0.51,0.0,0.0,0.0,1,32505.0
22,5,0,0,0,0,3,0.33,0.33,1.0,0.0,0.0,206,255,1.0,0.0,0.03,0.0,0.01,0.0,0,7374.0
22,5,0,0,0,0,16,1.0,1.0,1.0,0.0,0.0,255,16,0.06,0.07,0.0,1.0,1.0,0.0,1,77195.0
49,5,0,0,0,0,2,1.0,0.5,1.0,0.0,0.75,144,127,0.43,0.01,0.02,0.99,0.49,0.0,1,7491.0
22,9,193,752,0,1,3,0.0,0.0,1.0,0.0,0.25,59,255,1.0,0.0,0.02,0.0,0.0,0.0,0,89628.0
14,9,1032,0,0,0,511,0.0,0.0,1.0,0.0,0.0,255,122,0.48,0.02,0.0,0.02,0.0,0.0,1,52373.0
13,9,8,0,0,0,1,0.0,0.0,1.0,0.0,1.0,2,86,1.0,0.0,0.5,0.0,0.0,0.0,1,7773.0
40,9,146,105,0,0,1,0.0,0.0,1.0,0.0,0.0,255,2,0.01,0.44,0.0,0.0,0.0,0.0,0,25566.0
22,9,329,664,0,1,26,0.0,0.0,1.0,0.0,0.07,255,255,1.0,0.0,0.0,0.0,0.0,0.0,0,88801.0
11,9,46,46,0,0,2,0.0,0.0,1.0,0.0,0.6,255,252,0.99,0.01,0.0,0.0,0.0,0.0,0,74497.0
31,5,0,0,0,0,268,1.0,1.0,0.02,0.06,0.0,255,5,0.02,0.09,0.0,1.0,1.0,0.0,1,14656.0
22,9,253,10949,0,1,1,0.0,0.0,1.0,0.0,0.09,79,255,1.0,0.0,0.05,0.0,0.0,0.0,0,25771.0
54,5,0,0,0,0,112,1.0,1.0,0.11,0.05,0.0,255,12,0.05,0.07,0.0,1.0,1.0,0.0,1,100093.0
22,9,225,2631,0,1,6,0.0,0.0,1.0,0.0,0.0,91,255,1.0,0.0,0.05,0.0,0.0,0.0,0,64909.0
58,9,181,0,0,0,2,0.0,0.0,0.5,1.0,0.0,255,100,0.39,0.01,0.0,0.0,0.0,0.0,0,43392.0
27,5,0,0,0,0,138,1.0,1.0,0.18,0.04,0.0,255,25,0.1,0.05,0.0,1.0,1.0,0.0,1,3154.0
22,9,187,784,0,1,4,0.0,0.0,1.0,0.0,0.25,218,255,1.0,0.0,0.01,0.0,0.0,0.0,0,52685.0
11,9,45,131,0,0,105,0.0,0.0,1.0,0.0,0.02,255,255,1.0,0.0,0.0,0.0,0.0,0.0,0,93703.0
45,4,0,0,0,0,1,0.0,0.0,1.0,0.0,0.0,157,1,0.01,0.38,0.0,0.0,0.0,1.0,1,57061.0
22,9,208,103,0,1,3,0.0,0.0,1.0,0.0,0.5,3,255,1.0,0.0,0.05,0.0,0.0,0.0,0,14954.0
22,1,0,0,0,0,1,0.0,0.0,1.0,0.0,0.0,40,77,1.0,0.0,0.08,0.0,0.0,1.0,0,120689.0
22,1,0,0,0,0,1,0.0,0.0,1.0,0.0,0.0,48,255,1.0,0.0,0.07,0.0,0.0,0.73,0,116922.0
22,9,232,458,0,1,2,0.0,0.0,1.0,0.0,0.38,5,255,1.0,0.0,0.1,0.0,0.0,0.0,0,2732.0
40,9,145,105,0,0,3,0.0,0.0,0.67,0.67,0.0,19,2,0.11,0.74,0.0,0.0,0.0,0.0,0,57723.0
22,9,329,7217,0,1,23,0.0,0.0,1.0,0.0,0.08,255,255,1.0,0.0,0.0,0.0,0.0,0.01,0,103398.0
22,9,199,19230,0,1,2,0.0,0.0,1.0,0.0,0.67,14,255,1.0,0.0,0.05,0.0,0.02,0.0,0,32069.0
22,9,306,309,0,1,7,0.0,0.0,1.0,0.0,0.0,255,255,1.0,0.0,0.0,0.0,0.0,0.0,0,36415.0
45,5,0,0,0,0,114,1.0,1.0,0.02,0.06,0.0,255,30,0.12,0.05,0.0,1.0,1.0,0.0,1,89763.0
5,5,0,0,0,0,119,1.0,1.0,0.14,0.06,0.0,255,17,0.07,0.05,0.0,1.0,1.0,0.0,1,46943.0
22,9,242,753,0,1,13,0.0,0.0,1.0,0.0,0.13,255,255,1.0,0.0,0.0,0.0,0.0,0.0,0,48508.0
22,9,359,375,0,1,3,0.33,0.09,1.0,0.0,0.18,3,255,1.0,0.0,0.04,0.33,0.0,0.0,0,125967.0
13,9,8,0,0,0,1,0.0,0.0,1.0,0.0,1.0,4,172,1.0,0.0,0.25,0.0,0.0,0.0,1,67886.0
3,9,14,37,0,0,1,0.0,0.0,1.0,0.0,0.0,168,8,0.05,0.04,0.0,0.01,0.0,0.0,0,22695.0
22,9,205,3156,0,1,2,0.0,0.0,1.0,0.0,0.19,2,255,1.0,0.0,0.01,0.0,0.0,0.0,0,54446.0
45,5,0,0,0,0,188,1.0,1.0,0.04,0.06,0.0,255,18,0.07,0.07,0.0,1.0,1.0,0.0,1,64045.0
6,5,0,0,0,0,278,1.0,1.0,0.09,0.04,0.0,255,25,0.1,0.05,0.0,1.0,1.0,0.0,1,13708.0
22,1,0,0,0,0,1,0.0,0.0,1.0,0.0,0.0,1,201,1.0,0.0,0.1,0.0,0.0,1.0,0,19699.0
45,5,0,0,0,0,132,1.0,1.0,0.07,0.06,0.0,255,12,0.05,0.07,0.0,1.0,1.0,0.0,1,124864.0
11,9,36,0,0,0,12,0.0,0.0,1.0,0.0,0.15,102,209,1.0,0.0,0.01,0.0,0.0,0.0,0,59738.0
5,5,0,0,0,0,117,1.0,1.0,0.13,0.06,0.0,255,15,0.06,0.05,0.0,1.0,1.0,0.0,1,91206.0
45,5,0,0,0,0,272,1.0,1.0,0.05,0.06,0.0,255,12,0.05,0.06,0.0,1.0,1.0,0.0,1,59034.0
22,1,0,0,0,0,1,0.0,0.0,1.0,0.0,0.0,30,253,1.0,0.0,0.26,0.0,0.0,1.0,0,38251.0
45,5,0,0,0,0,355,0.03,1.0,0.0,1.0,0.0,255,1,0.0,1.0,0.0,0.04,1.0,0.0,1,84229.0
45,1,0,0,0,0,290,0.03,0.0,0.0,1.0,0.0,255,1,0.0,0.97,0.0,0.04,0.0,1.0,1,99812.0
22,9,355,717,0,1,22,0.0,0.0,1.0,0.0,0.0,159,255,1.0,0.0,0.03,0.0,0.0,0.0,0,55716.0
62,5,0,0,0,0,146,1.0,1.0,0.04,0.05,0.0,255,3,0.01,0.07,0.0,1.0,1.0,0.0,1,8193.0
22,9,247,1244,0,1,2,0.0,0.0,1.0,0.0,0.0,22,255,1.0,0.0,0.04,0.0,0.0,0.0,0,12307.0
45,9,28,0,3,0,30,0.0,0.0,1.0,0.0,0.0,102,30,0.29,0.04,0.0,0.0,0.0,0.0,1,50383.0
22,9,292,6692,0,1,16,0.0,0.0,1.0,0.0,0.16,255,255,1.0,0.0,0.0,0.0,0.0,0.0,0,108042.0
11,9,46,133,0,0,74,0.0,0.0,1.0,0.0,0.02,134,210,0.9,0.01,0.01,0.0,0.0,0.0,0,89668.0
22,9,232,1380,0,1,4,0.0,0.0,1.0,0.0,0.0,255,248,0.97,0.01,0.0,0.0,0.0,0.0,0,105834.0
22,1,0,0,0,0,1,0.0,0.0,1.0,0.0,0.0,5,255,1.0,0.0,0.04,0.0,0.0,0.02,0,38630.0
22,9,322,392,0,1,16,0.0,0.0,1.0,0.0,0.12,255,255,1.0,0.0,0.0,0.0,0.0,0.0,0,75853.0
22,1,0,0,0,0,1,0.0,0.0,1.0,0.0,0.0,1,255,1.0,0.0,0.14,0.0,0.0,0.86,0,44568.0
13,9,8,0,0,0,1,0.0,0.0,1.0,0.0,1.0,2,41,1.0,0.0,0.27,0.0,0.0,0.0,1,40374.0
22,9,330,417,0,1,30,0.0,0.0,1.0,0.0,0.0,164,255,1.0,0.0,0.04,0.0,0.0,0.0,0,77705.0
50,5,0,0,0,0,181,1.0,1.0,0.07,0.07,0.0,255,12,0.05,0.08,0.0,1.0,1.0,0.0,1,95177.0
22,9,259,459,0,1,2,0.0,0.0,1.0,0.0,0.67,23,255,1.0,0.0,0.02,0.0,0.0,0.0,0,22755.0
45,5,0,0,0,0,240,1.0,1.0,0.06,0.06,0.0,255,7,0.03,0.06,0.0,1.0,1.0,0.0,1,124205.0
22,9,236,617,0,1,1,0.0,0.0,1.0,0.0,0.0,255,255,1.0,0.0,0.0,0.0,0.0,0.0,0,67931.0
6,5,0,0,0,0,243,1.0,1.0,0.03,0.05,0.0,255,8,0.03,0.05,0.0,1.0,1.0,0.0,1,82682.0
14,9,1032,0,0,0,511,0.0,0.0,1.0,0.0,0.0,255,170,0.67,0.03,0.0,0.0,0.0,0.0,1,115204.0
35,5,0,0,0,0,119,1.0,1.0,0.05,0.05,0.0,255,6,0.02,0.05,0.0,1.0,1.0,0.0,1,75369.0
14,9,1032,0,0,0,511,0.0,0.0,1.0,0.0,0.0,162,17,0.1,0.02,0.0,0.0,0.0,0.0,1,34160.0
11,9,45,116,0,0,163,0.0,0.0,1.0,0.0,0.0,255,192,0.75,0.01,0.0,0.0,0.0,0.0,0,77932.0
22,9,341,1588,0,1,4,0.0,0.0,1.0,0.0,0.33,11,255,1.0,0.0,0.03,0.0,0.0,0.0,0,86699.0
11,9,46,133,0,0,95,0.0,0.0,1.0,0.0,0.02,255,254,1.0,0.01,0.0,0.0,0.0,0.0,0,119825.0
22,9,198,12161,0,1,11,0.0,0.0,1.0,0.0,0.0,255,255,1.0,0.0,0.0,0.0,0.0,0.0,0,37733.0
22,5,0,0,0,0,31,1.0,1.0,0.26,0.13,0.0,255,48,0.19,0.04,0.0,1.0,1.0,0.0,1,79604.0
22,9,242,608,0,1,10,0.0,0.0,1.0,0.0,0.0,255,255,1.0,0.0,0.0,0.0,0.0,0.0,0,56984.0
45,1,0,0,0,0,92,0.08,0.0,0.01,1.0,0.0,255,1,0.0,0.63,0.0,0.03,0.0,1.0,1,95529.0
45,5,0,0,0,0,201,1.0,1.0,0.1,0.05,0.0,255,20,0.08,0.05,0.0,1.0,1.0,0.0,1,64285.0
22,9,283,237,0,1,11,0.0,0.0,1.0,0.0,0.0,91,255,1.0,0.0,0.05,0.0,0.01,0.0,0,55359.0
13,9,30,0,0,0,1,0.0,0.0,1.0,0.0,0.0,58,131,1.0,0.0,0.29,0.0,0.0,0.0,0,98375.0
13,9,8,0,0,0,1,0.0,0.0,1.0,0.0,1.0,1,135,1.0,0.0,0.5,0.0,0.0,0.0,1,103779.0
45,4,0,0,0,0,1,0.0,0.0,1.0,0.0,0.0,255,1,0.0,1.0,0.0,0.0,0.0,1.0,1,14142.0
22,9,323,955,0,1,14,0.07,0.02,1.0,0.0,0.05,183,255,1.0,0.0,0.02,0.01,0.0,0.0,0,55662.0
45,5,0,0,0,0,274,1.0,1.0,0.05,0.04,0.0,255,13,0.05,0.05,0.0,1.0,1.0,0.0,1,74448.0
45,5,0,0,0,0,27,1.0,1.0,0.11,0.19,0.0,255,16,0.06,0.08,0.0,1.0,1.0,0.0,1,2839.0
22,5,0,0,0,0,3,1.0,1.0,1.0,0.0,0.0,255,63,0.25,0.02,0.0,1.0,1.0,0.0,1,61477.0
19,9,748,0,0,1,1,0.0,0.0,1.0,0.0,0.0,2,107,0.5,1.0,0.03,0.5,0.0,0.0,0,2550.0
14,9,1032,0,0,0,511,0.0,0.0,1.0,0.0,0.0,132,38,0.29,0.05,0.0,0.02,0.0,0.0,1,124926.0
45,9,28,0,3,0,19,0.0,0.0,1.0,0.0,0.0,232,19,0.08,0.7,0.0,0.03,0.0,0.0,1,14321.0
11,9,44,73,0,0,39,0.0,0.0,0.97,0.05,0.0,255,255,1.0,0.0,0.0,0.0,0.0,0.0,0,120185.0
51,5,0,0,0,0,10,1.0,1.0,0.5,0.3,0.0,255,5,0.02,0.09,0.0,1.0,1.0,0.0,1,8508.0
22,9,211,9908,0,1,3,0.0,0.0,1.0,0.0,0.0,6,255,1.0,0.0,0.04,0.0,0.0,0.0,0,116019.0
45,5,0,0,0,0,118,1.0,1.0,0.08,0.06,0.0,255,30,0.12,0.06,0.0,1.0,1.0,0.0,1,18980.0
22,9,316,293,0,1,39,0.0,0.0,1.0,0.0,0.0,255,255,1.0,0.0,0.0,0.0,0.0,0.0,0,61591.0
22,9,272,619,0,1,1,0.0,0.0,1.0,0.0,0.27,57,255,1.0,0.0,0.03,0.0,0.0,0.0,0,99349.0
30,5,0,0,0,0,149,1.0,1.0,0.13,0.05,0.0,255,19,0.07,0.05,0.0,1.0,1.0,0.0,1,108019.0
22,9,215,2825,0,1,4,0.0,0.0,1.0,0.0,0.0,71,255,1.0,0.0,0.05,0.0,0.0,0.0,0,82268.0
22,9,272,345,0,1,23,0.0,0.0,1.0,0.0,0.0,255,255,1.0,0.0,0.0,0.0,0.0,0.0,0,90340.0
45,5,0,0,0,0,298,1.0,1.0,0.06,0.06,0.0,255,8,0.03,0.08,0.0,1.0,1.0,0.0,1,34379.0
51,4,0,0,0,0,1,0.0,0.0,1.0,0.0,0.0,163,1,0.01,0.15,0.0,0.0,0.0,1.0,1,90262.0
40,9,1,0,0,0,23,0.0,0.0,0.04,0.35,0.0,255,1,0.0,0.27,0.0,0.0,0.0,0.0,1,3231.0
45,5,0,0,0,0,109,1.0,1.0,0.12,0.06,0.0,255,8,0.03,0.06,0.0,1.0,1.0,0.0,1,60402.0
29,1,0,0,0,0,288,0.0,0.0,0.06,0.06,0.0,255,16,0.06,0.07,0.0,0.0,0.0,1.0,1,84674.0
12,5,0,0,0,0,207,1.0,1.0,0.08,0.06,0.0,255,18,0.07,0.07,0.0,1.0,1.0,0.0,1,121322.0
49,9,1362,482,0,1,1,0.0,0.0,1.0,0.0,0.0,251,32,0.13,0.02,0.0,0.0,0.0,0.0,0,50931.0
22,9,258,370,0,1,21,0.0,0.0,1.0,0.0,0.0,255,255,1.0,0.0,0.0,0.0,0.0,0.0,0,117675.0
22,9,248,2462,0,1,2,0.0,0.0,1.0,0.0,0.8,209,255,1.0,0.0,0.03,0.0,0.0,0.0,0,18471.0
22,9,289,1856,0,1,31,0.0,0.0,1.0,0.0,0.0,221,255,1.0,0.0,0.01,0.0,0.0,0.0,0,84497.0
13,9,8,0,0,0,1,0.0,0.0,1.0,0.0,1.0,4,140,1.0,0.0,0.25,0.0,0.0,0.0,1,103437.0
45,1,0,0,0,0,150,0.0,0.0,0.02,0.08,0.0,255,3,0.01,0.07,0.0,0.0,0.0,1.0,1,114691.0
19,9,2194619,0,0,1,2,0.0,0.0,1.0,0.0,0.0,88,44,0.23,0.07,0.05,0.0,0.0,0.0,0,70269.0
45,5,0,0,0,0,163,1.0,1.0,0.09,0.07,0.0,255,15,0.06,0.08,0.0,1.0,1.0,0.0,1,94681.0
22,9,237,617,0,1,18,0.0,0.0,1.0,0.0,0.0,78,255,1.0,0.0,0.02,0.0,0.0,0.0,0,72396.0
40,9,147,105,0,0,6,0.0,0.0,0.33,0.5,0.0,109,2,0.02,0.53,0.0,0.0,0.0,0.0,0,87828.0
45,5,0,0,0,0,132,1.0,1.0,0.13,0.06,0.0,255,37,0.15,0.06,0.0,1.0,1.0,0.0,1,92861.0
22,4,0,0,0,0,175,0.0,0.0,0.01,0.53,0.0,255,63,0.25,0.36,0.0,0.0,0.0,1.0,1,102140.0
45,1,0,0,0,0,1,0.0,0.0,1.0,0.0,0.0,63,2,0.02,1.0,1.0,0.0,0.0,1.0,1,111905.0
54,5,0,0,0,0,198,1.0,1.0,0.05,0.08,0.0,255,9,0.04,0.07,0.0,1.0,1.0,0.0,1,123097.0
6,5,0,0,0,0,209,1.0,1.0,0.09,0.06,0.0,255,18,0.07,0.08,0.0,1.0,1.0,0.0,1,73208.0
40,9,146,0,0,0,2,0.0,0.0,0.5,1.0,0.0,255,2,0.01,0.64,0.0,0.0,0.0,0.0,0,83591.0
19,9,12241,0,0,1,11,0.0,0.0,1.0,0.0,0.0,255,56,0.22,0.05,0.0,0.36,0.0,0.0,0,15143.0
22,9,302,1534,0,1,8,0.0,0.0,1.0,0.0,0.23,50,254,1.0,0.0,0.06,0.0,0.0,0.0,0,93575.0
11,9,46,46,0,0,17,0.0,0.0,1.0,0.0,0.12,126,122,0.97,0.02,0.0,0.0,0.0,0.0,0,35175.0
11,9,46,80,0,0,165,0.0,0.0,1.0,0.0,0.0,255,255,1.0,0.0,0.0,0.0,0.0,0.0,0,95757.0
45,5,0,0,0,0,126,1.0,1.0,0.02,0.07,0.0,255,2,0.01,0.07,0.0,1.0,1.0,0.0,1,48813.0
18,9,228,767,0,1,1,0.0,0.0,1.0,0.0,0.0,3,2,0.33,0.67,1.0,0.0,0.0,0.5,0,107964.0
19,9,749,0,0,1,4,0.0,0.0,1.0,0.0,0.0,12,10,0.83,0.17,0.0,0.0,0.0,0.0,0,9893.0
13,9,8,0,0,0,1,0.0,0.0,1.0,0.0,1.0,2,116,1.0,0.0,0.5,0.0,0.0,0.0,1,66090.0
22,9,379,2574,0,1,8,0.0,0.0,1.0,0.0,0.0,255,255,1.0,0.0,0.0,0.0,0.0,0.0,0,41000.0
22,9,300,1515,0,1,11,0.0,0.0,1.0,0.0,0.14,190,237,1.0,0.0,0.04,0.01,0.0,0.0,0,41505.0
22,9,205,7176,0,1,20,0.0,0.0,1.0,0.0,0.09,42,255,1.0,0.0,0.06,0.0,0.01,0.01,0,26817.0
19,9,637,0,0,1,5,0.0,0.0,1.0,0.0,0.0,255,103,0.4,0.02,0.0,0.0,0.0,0.0,0,112396.0
14,9,1032,0,0,0,9,0.0,0.0,1.0,0.0,0.0,255,9,0.04,0.02,0.0,0.0,0.0,0.0,0,113579.0
45,10,0,0,0,0,1,1.0,1.0,1.0,0.0,0.0,101,1,0.01,0.9,0.0,0.92,1.0,0.0,1,54482.0
45,1,0,0,0,0,110,0.0,0.0,0.07,0.06,0.0,255,27,0.11,0.07,0.0,0.0,0.0,1.0,1,74412.0
22,9,249,2388,0,1,9,0.0,0.0,1.0,0.0,0.2,47,255,1.0,0.0,0.02,0.0,0.0,0.0,0,114032.0
22,9,215,449,0,1,2,0.0,0.06,1.0,0.0,0.29,99,102,1.0,0.0,0.02,0.0,0.0,0.0,0,63618.0
45,5,0,0,0,0,142,1.0,1.0,0.02,0.06,0.0,255,5,0.02,0.06,0.0,1.0,1.0,0.0,1,114994.0
22,9,217,486,0,1,16,0.0,0.0,1.0,0.0,0.23,255,255,1.0,0.0,0.0,0.0,0.0,0.0,0,28999.0
45,5,0,0,0,0,71,1.0,1.0,0.13,0.07,0.0,98,9,0.09,0.07,0.0,1.0,1.0,0.0,1,73004.0
62,5,0,0,0,0,268,1.0,1.0,0.04,0.06,0.0,255,12,0.05,0.06,0.0,1.0,1.0,0.0,1,50235.0
22,9,192,1986,0,1,18,0.0,0.0,1.0,0.0,0.0,40,255,1.0,0.0,0.02,0.0,0.0,0.0,0,104946.0
22,9,311,1905,0,1,31,0.0,0.0,1.0,0.0,0.06,255,255,1.0,0.0,0.0,0.0,0.0,0.0,0,78907.0
13,9,8,0,0,0,1,0.0,0.0,1.0,0.0,1.0,1,43,1.0,0.0,0.51,0.0,0.0,0.0,1,28706.0
22,9,311,4768,0,1,9,0.0,0.0,1.0,0.0,0.2,201,255,1.0,0.0,0.01,0.0,0.0,0.01,0,54320.0
22,9,245,2348,0,1,12,0.0,0.0,1.0,0.0,0.0,32,255,1.0,0.0,0.02,0.0,0.0,0.0,0,30767.0
6,5,0,0,0,0,289,1.0,1.0,0.04,0.06,0.0,255,9,0.04,0.07,0.0,1.0,1.0,0.0,1,121719.0
11,9,45,45,0,0,306,0.0,0.0,1.0,0.0,0.0,255,218,0.85,0.01,0.0,0.0,0.0,0.0,0,5712.0
11,9,44,79,0,0,125,0.0,0.0,1.0,0.0,0.0,255,254,1.0,0.01,0.0,0.0,0.0,0.0,0,107157.0
22,9,54540,8314,0,1,4,0.0,0.0,1.0,0.0,0.0,80,80,1.0,0.0,0.0,0.0,0.0,0.04,0,1482.0
56,5,0,0,0,0,291,1.0,1.0,0.07,0.05,0.0,255,20,0.08,0.07,0.0,1.0,1.0,0.0,1,108331.0
22,9,230,810,0,1,13,0.0,0.0,1.0,0.0,0.0,13,255,1.0,0.0,0.02,0.0,0.0,0.0,0,91791.0
13,9,8,0,0,0,1,0.0,0.0,1.0,0.0,1.0,2,88,1.0,0.0,0.5,0.0,0.0,0.0,1,4970.0
49,9,1362,538,0,1,1,0.0,0.0,1.0,0.0,1.0,16,178,0.94,0.12,0.02,0.0,0.0,0.0,0,41299.0
22,9,54540,8314,0,1,2,0.0,0.0,1.0,0.0,0.67,41,41,1.0,0.0,0.0,0.0,0.0,0.0,0,57206.0
22,9,311,2593,0,1,7,0.0,0.0,1.0,0.0,0.0,63,255,1.0,0.0,0.04,0.0,0.0,0.0,0,87348.0
22,9,164,7764,0,1,3,0.0,0.0,1.0,0.0,0.0,34,255,1.0,0.0,0.02,0.0,0.0,0.0,0,89522.0
11,9,44,44,0,0,109,0.0,0.0,1.0,0.0,0.0,255,255,1.0,0.0,0.0,0.0,0.0,0.0,0,65079.0
31,1,0,0,0,0,219,0.0,0.0,0.05,0.07,0.0,255,11,0.04,0.07,0.0,0.0,0.0,1.0,1,118986.0
40,9,145,105,0,0,2,0.0,0.0,1.0,0.0,0.0,255,2,0.01,0.67,0.0,0.0,0.0,0.0,0,20652.0
45,4,1,0,0,0,2,0.0,0.0,1.0,0.0,0.0,255,2,0.01,0.51,0.0,0.0,0.0,1.0,1,12590.0
45,5,0,0,0,0,123,1.0,1.0,0.06,0.06,0.0,255,11,0.04,0.07,0.0,1.0,1.0,0.0,1,124093.0
40,9,10261,0,0,1,12,0.0,0.0,0.08,0.67,0.0,135,1,0.01,0.07,0.0,0.0,0.0,0.0,0,6285.0
23,5,0,0,0,0,87,1.0,1.0,0.02,0.08,0.0,255,2,0.01,0.06,0.0,1.0,1.0,0.0,1,52818.0
19,9,383,0,0,1,2,0.0,0.0,1.0,0.0,0.0,3,54,1.0,0.0,0.04,0.0,0.0,0.0,0,106637.0
45,10,0,0,0,0,1,1.0,1.0,1.0,0.0,0.0,231,1,0.0,0.96,0.0,0.97,1.0,0.0,1,73065.0
45,1,0,0,0,0,1,0.0,0.0,1.0,0.0,0.0,39,1,0.03,1.0,0.0,0.0,0.0,1.0,1,15175.0
11,9,34,50,0,0,4,0.0,0.0,1.0,0.0,0.33,255,239,0.94,0.01,0.0,0.0,0.0,0.0,0,50617.0
49,9,1623,332,0,1,1,0.0,0.0,1.0,0.0,0.0,194,122,0.52,0.04,0.02,0.01,0.01,0.0,0,113458.0
11,9,45,127,0,0,79,0.0,0.0,1.0,0.0,0.01,255,255,1.0,0.0,0.0,0.0,0.0,0.0,0,97154.0
11,9,44,124,0,0,70,0.0,0.0,1.0,0.0,0.0,255,255,1.0,0.0,0.0,0.0,0.0,0.0,0,82356.0
22,9,149,32301,0,1,2,0.0,0.0,1.0,0.0,0.33,117,255,1.0,0.0,0.01,0.0,0.0,0.0,0,11498.0
11,9,45,76,0,0,168,0.0,0.0,1.0,0.0,0.0,255,254,1.0,0.01,0.0,0.0,0.0,0.0,0,83807.0
11,9,45,122,0,0,128,0.0,0.0,1.0,0.0,0.02,255,255,1.0,0.0,0.0,0.0,0.0,0.0,0,84572.0
22,9,209,3073,0,1,1,0.0,0.0,1.0,0.0,0.43,249,255,1.0,0.0,0.02,0.0,0.0,0.0,0,101755.0
22,9,288,1206,0,1,16,0.0,0.0,1.0,0.0,0.1,16,255,1.0,0.0,0.02,0.0,0.0,0.0,0,41907.0
52,5,0,0,0,0,146,1.0,1.0,0.14,0.04,0.0,255,21,0.08,0.05,0.0,1.0,1.0,0.0,1,20983.0
55,5,0,0,0,0,67,1.0,1.0,0.34,0.06,0.0,255,6,0.02,0.06,0.0,1.0,1.0,0.0,1,121691.0
22,9,223,1719,0,1,4,0.0,0.0,1.0,0.0,0.0,255,255,1.0,0.0,0.0,0.0,0.0,0.0,0,78796.0
12,2,0,0,0,0,156,0.0,0.0,0.09,0.08,0.0,255,14,0.05,0.08,0.0,0.0,0.0,1.0,1,64745.0
49,9,821,333,0,1,1,0.0,0.0,1.0,0.0,0.0,178,102,0.57,0.02,0.0,0.0,0.0,0.0,0,80096.0
22,9,241,849,0,1,14,0.0,0.0,1.0,0.0,0.0,191,255,1.0,0.0,0.01,0.0,0.0,0.0,0,11626.0
22,9,224,280,0,1,5,0.0,0.0,1.0,0.0,0.0,255,255,1.0,0.0,0.0,0.0,0.0,0.0,0,97575.0
19,9,11,0,0,1,2,0.0,0.0,1.0,0.0,0.0,112,107,0.31,0.63,0.02,0.0,0.0,0.01,0,103231.0
22,9,237,9257,0,1,20,0.0,0.0,1.0,0.0,0.0,255,255,1.0,0.0,0.0,0.0,0.0,0.0,0,60546.0
22,9,224,2407,0,1,9,0.0,0.0,1.0,0.0,0.0,55,255,1.0,0.0,0.02,0.0,0.0,0.0,0,89425.0
24,5,0,0,0,0,296,1.0,1.0,0.08,0.05,0.0,255,24,0.09,0.05,0.0,1.0,1.0,0.0,1,88769.0
22,9,287,1328,0,1,28,0.0,0.0,1.0,0.0,0.0,255,255,1.0,0.0,0.0,0.0,0.0,0.0,0,55745.0
45,5,0,0,0,0,197,1.0,1.0,0.01,0.07,0.0,255,20,0.08,0.08,0.0,1.0,1.0,0.0,1,31887.0
11,9,43,43,0,0,235,0.0,0.0,1.0,0.0,0.0,255,255,1.0,0.0,0.0,0.0,0.0,0.0,0,16601.0
13,9,18,0,0,0,1,0.0,0.0,1.0,0.0,0.0,1,173,1.0,0.0,1.0,0.0,0.0,0.0,1,93751.0
11,9,43,126,0,0,188,0.0,0.0,0.99,0.01,0.0,77,44,0.57,0.03,0.0,0.0,0.0,0.0,0,102000.0
13,9,8,0,0,0,1,0.0,0.0,1.0,0.0,1.0,2,78,1.0,0.0,0.5,0.0,0.0,0.0,1,27039.0
22,9,303,6009,0,1,7,0.0,0.0,1.0,0.0,0.0,7,255,1.0,0.0,0.02,0.0,0.0,0.0,0,99799.0
19,9,2194619,0,0,1,2,0.0,0.0,1.0,0.0,0.0,251,75,0.3,0.03,0.0,0.0,0.0,0.0,0,57793.0
11,9,43,129,0,0,78,0.0,0.0,1.0,0.0,0.01,255,249,0.98,0.01,0.0,0.0,0.0,0.0,0,24497.0
22,9,334,2750,0,1,14,0.0,0.0,1.0,0.0,0.1,255,255,1.0,0.0,0.0,0.0,0.0,0.0,0,67404.0
22,9,233,403,0,1,22,0.0,0.0,1.0,0.0,0.0,92,255,1.0,0.0,0.03,0.0,0.01,0.0,0,76741.0
22,9,280,3615,0,1,4,0.0,0.0,1.0,0.0,0.0,30,130,1.0,0.0,0.08,0.0,0.01,0.0,0,53773.0
19,9,12324,0,0,1,2,0.0,0.0,1.0,0.0,0.0,112,64,0.27,0.04,0.03,0.0,0.0,0.0,0,17036.0
22,9,254,2748,0,1,2,0.0,0.0,1.0,0.0,0.67,19,255,1.0,0.0,0.06,0.0,0.0,0.04,0,73299.0
22,9,192,2246,0,1,15,0.0,0.0,1.0,0.0,0.12,37,255,1.0,0.0,0.04,0.0,0.0,0.0,0,102096.0
6,5,0,0,0,0,248,1.0,1.0,0.1,0.05,0.0,255,24,0.09,0.06,0.0,1.0,1.0,0.0,1,104896.0
18,9,331,1054,0,1,1,0.0,0.0,1.0,0.0,0.0,227,52,0.23,0.03,0.0,0.0,0.0,0.02,0,33411.0
22,9,54540,8314,0,1,2,0.0,0.0,1.0,0.0,0.0,207,207,1.0,0.0,0.0,0.0,0.0,0.01,0,122983.0
19,9,192,0,0,1,2,0.0,0.0,1.0,0.0,0.0,5,79,0.8,0.4,0.04,0.0,0.0,0.0,0,108935.0
61,5,0,0,0,0,200,1.0,1.0,0.01,0.07,0.0,255,3,0.01,0.08,0.0,1.0,1.0,0.0,1,4299.0
13,9,8,0,0,0,1,0.0,0.0,1.0,0.0,1.0,2,104,1.0,0.0,0.51,0.0,0.0,0.0,1,66947.0
14,9,30,0,0,0,2,0.0,0.0,1.0,0.0,0.0,191,191,1.0,0.0,0.0,0.0,0.0,0.0,0,64602.0
22,9,362,242,0,1,7,0.0,0.0,1.0,0.0,0.33,236,255,1.0,0.0,0.01,0.0,0.0,0.0,0,2200.0
22,9,321,3150,0,1,19,0.0,0.0,1.0,0.0,0.0,41,255,1.0,0.0,0.04,0.0,0.0,0.0,0,59897.0
22,9,302,2430,0,1,2,0.0,0.6,1.0,0.0,0.4,13,255,1.0,0.0,0.03,0.0,0.01,0.0,0,109156.0
54,1,0,0,0,0,129,0.0,0.0,0.02,0.07,0.0,255,1,0.0,0.07,0.0,0.0,0.0,1.0,1,97534.0
22,9,236,511,0,1,11,0.0,0.0,1.0,0.0,0.1,255,255,1.0,0.0,0.0,0.0,0.0,0.0,0,84967.0
22,9,233,370,0,1,19,0.0,0.0,1.0,0.0,0.0,255,255,1.0,0.0,0.0,0.0,0.0,0.0,0,29098.0
22,9,223,2936,0,1,6,0.0,0.0,1.0,0.0,0.0,214,255,1.0,0.0,0.02,0.0,0.01,0.01,0,34111.0
45,9,105,147,0,0,10,0.0,0.0,0.1,0.2,0.0,255,239,0.94,0.01,0.0,0.0,0.0,0.0,0,93774.0
22,1,0,0,0,0,1,0.0,0.0,1.0,0.0,0.0,2,89,1.0,0.0,0.22,0.0,0.0,1.0,0,63902.0
9,5,0,0,0,0,234,1.0,1.0,0.03,0.06,0.0,255,7,0.03,0.07,0.0,1.0,1.0,0.0,1,80899.0
22,9,306,1793,0,1,2,0.5,0.5,1.0,0.0,0.5,255,255,1.0,0.0,0.0,0.0,0.0,0.0,0,119749.0
40,1,0,0,0,0,1,0.0,0.0,1.0,0.0,0.0,26,26,1.0,0.0,0.0,0.0,0.0,1.0,0,97648.0
45,5,0,0,0,0,118,1.0,1.0,0.16,0.05,0.0,255,19,0.07,0.08,0.0,1.0,1.0,0.0,1,70948.0
11,9,44,44,0,0,4,0.0,0.0,1.0,0.0,0.33,255,251,0.98,0.01,0.0,0.0,0.0,0.0,0,27263.0
17,9,7,0,0,0,1,0.0,0.0,1.0,0.0,0.0,37,9,0.08,0.05,0.22,0.03,0.11,0.0,0,32059.0
22,9,282,3893,0,1,1,0.0,0.0,1.0,0.0,0.0,255,255,1.0,0.0,0.0,0.0,0.0,0.0,0,121180.0
17,2,0,0,0,0,258,0.0,0.0,0.03,0.07,0.0,255,7,0.03,0.07,0.0,0.0,0.0,1.0,1,4500.0
11,9,46,74,0,0,243,0.0,0.0,1.0,0.01,0.0,255,250,0.98,0.01,0.0,0.0,0.0,0.0,0,55772.0
13,9,8,0,0,0,1,0.0,0.0,1.0,0.0,1.0,3,80,1.0,0.0,0.26,0.0,0.0,0.0,1,90428.0
11,9,46,46,0,0,5,0.0,0.0,0.2,0.4,0.67,123,118,0.96,0.02,0.0,0.0,0.0,0.0,0,110443.0
22,9,337,8528,0,1,21,0.0,0.0,1.0,0.0,0.09,21,255,1.0,0.0,0.04,0.0,0.0,0.0,0,121630.0
15,5,0,0,0,0,142,1.0,1.0,0.08,0.06,0.0,255,12,0.05,0.06,0.0,1.0,1.0,0.0,1,89142.0
25,5,0,0,0,0,145,1.0,1.0,0.05,0.07,0.0,255,7,0.03,0.07,0.0,1.0,1.0,0.0,1,808.0
10,5,0,0,0,0,211,1.0,1.0,0.09,0.06,0.0,255,20,0.08,0.05,0.0,1.0,1.0,0.0,1,108235.0
22,9,334,2783,0,1,1,0.0,0.0,1.0,0.0,1.0,5,255,1.0,0.0,0.03,0.0,0.0,0.0,0,2673.0
45,4,0,0,0,0,1,0.0,0.0,1.0,0.0,0.0,161,1,0.01,0.4,0.0,0.0,0.0,1.0,1,94794.0
22,9,200,7384,0,1,25,0.0,0.0,1.0,0.0,0.0,255,255,1.0,0.0,0.0,0.0,0.0,0.0,0,63401.0
45,1,0,0,0,0,232,0.0,0.0,0.02,0.06,0.0,255,5,0.02,0.06,0.0,0.0,0.0,1.0,1,59769.0
22,9,201,1058,0,1,7,0.0,0.0,1.0,0.0,0.21,175,255,1.0,0.0,0.01,0.0,0.0,0.0,0,24283.0
22,9,306,6492,0,1,2,0.0,0.0,1.0,0.0,0.0,2,183,1.0,0.0,0.04,0.0,0.0,0.0,0,43305.0
22,9,264,946,0,1,18,0.0,0.0,1.0,0.0,0.0,61,255,1.0,0.0,0.05,0.0,0.0,0.0,0,108833.0
22,9,310,8171,0,1,1,0.0,0.0,1.0,0.0,1.0,58,255,1.0,0.0,0.02,0.0,0.0,0.0,0,82219.0
45,5,0,0,0,0,94,1.0,1.0,0.27,0.05,0.0,255,24,0.09,0.04,0.0,1.0,1.0,0.0,1,34996.0
22,9,314,1661,0,1,11,0.0,0.0,1.0,0.0,0.17,26,255,1.0,0.0,0.04,0.0,0.0,0.0,0,80576.0
49,9,1231,339,0,1,1,0.0,0.0,1.0,0.0,0.0,42,132,0.55,0.14,0.02,0.0,0.01,0.0,0,10643.0
45,9,1,0,0,0,25,0.0,0.0,0.32,0.12,0.0,255,8,0.03,0.79,0.0,0.03,0.0,0.0,1,37885.0
60,5,0,0,0,0,294,1.0,1.0,0.05,0.06,0.0,255,12,0.05,0.05,0.0,1.0,1.0,0.0,1,106167.0
13,9,8,0,0,0,1,0.0,0.0,1.0,0.0,1.0,1,119,1.0,0.0,0.5,0.0,0.0,0.0,1,11284.0
14,9,1032,0,0,0,511,0.0,0.0,1.0,0.0,0.0,255,26,0.1,0.05,0.0,0.32,0.0,0.0,1,121253.0
11,9,46,46,0,0,156,0.0,0.0,1.0,0.0,0.01,255,255,1.0,0.0,0.0,0.0,0.0,0.0,0,119951.0
21,1,0,0,0,0,255,0.0,0.0,0.02,0.07,0.0,255,6,0.02,0.07,0.0,0.0,0.0,1.0,1,118455.0
16,2,0,0,0,0,132,0.0,0.0,0.14,0.06,0.0,255,19,0.07,0.06,0.0,0.0,0.0,1.0,1,59433.0
22,9,221,5590,0,1,42,0.0,0.0,1.0,0.0,0.05,255,255,1.0,0.0,0.0,0.0,0.0,0.0,0,89765.0
50,1,0,0,0,0,232,0.0,0.0,0.0,0.07,0.0,255,1,0.0,0.08,0.0,0.0,0.0,1.0,1,53626.0
29,1,0,0,0,0,232,0.0,0.0,0.01,0.07,0.0,255,3,0.01,0.07,0.0,0.0,0.0,1.0,1,65129.0
21,5,0,0,0,0,174,1.0,1.0,0.01,0.07,0.0,255,2,0.01,0.07,0.0,1.0,1.0,0.0,1,14110.0
49,9,1069,333,0,1,1,0.0,0.0,1.0,0.0,1.0,130,179,0.58,0.04,0.01,0.0,0.0,0.0,0,58497.0
22,9,276,14050,0,1,9,0.0,0.0,1.0,0.0,0.23,230,255,1.0,0.0,0.01,0.0,0.0,0.0,0,78534.0
11,9,43,127,0,0,153,0.0,0.0,0.99,0.01,0.01,255,230,0.9,0.02,0.0,0.0,0.0,0.0,0,19625.0
15,1,0,0,0,0,69,0.0,0.0,0.01,0.07,0.0,255,1,0.0,0.07,0.0,0.0,0.0,1.0,1,39241.0
45,9,215,0,0,0,1,0.0,0.0,1.0,0.0,0.0,29,29,1.0,0.0,0.0,0.0,0.0,0.0,1,108357.0
49,9,758,330,0,1,1,0.0,0.0,1.0,0.0,0.0,105,96,0.47,0.03,0.02,0.0,0.0,0.0,0,24226.0
22,9,216,2654,0,1,13,0.0,0.0,1.0,0.0,0.14,13,41,1.0,0.0,0.07,0.0,0.0,0.0,0,2616.0
18,9,378,1181,0,1,1,0.0,0.0,1.0,0.0,0.0,255,48,0.19,0.02,0.0,0.0,0.0,0.12,0,29206.0
19,9,334,0,0,1,2,0.0,0.0,1.0,0.0,0.0,6,10,1.0,0.0,0.2,0.0,0.0,0.0,0,23675.0
19,9,190,0,0,1,1,0.0,0.0,1.0,0.0,0.0,3,108,0.67,0.67,0.03,0.33,0.0,0.0,0,40982.0
22,9,190,1630,0,1,2,0.0,0.0,1.0,0.0,0.67,255,231,0.91,0.02,0.0,0.0,0.0,0.0,0,88307.0
49,9,11294,1385,0,1,1,0.0,0.0,1.0,0.0,1.0,148,157,0.64,0.03,0.01,0.0,0.0,0.0,0,112331.0
22,9,219,752,0,1,1,0.0,0.0,1.0,0.0,0.33,35,255,1.0,0.0,0.02,0.0,0.0,0.0,0,49224.0
45,1,0,0,0,0,297,0.0,0.0,0.05,0.06,0.0,255,14,0.05,0.07,0.0,0.0,0.0,1.0,1,94597.0
40,9,146,0,0,0,13,0.0,0.0,0.08,0.15,0.0,255,1,0.0,0.6,0.0,0.0,0.0,0.0,0,1.0
31,5,0,0,0,0,214,1.0,1.0,0.07,0.06,0.0,255,1,0.0,0.07,0.0,1.0,1.0,0.0,1,26919.0
11,9,46,135,0,0,66,0.0,0.0,1.0,0.0,0.01,255,203,0.8,0.02,0.0,0.0,0.0,0.0,0,81324.0
15,5,0,0,0,0,142,1.0,1.0,0.12,0.06,0.0,255,5,0.02,0.07,0.0,1.0,1.0,0.0,1,41992.0
22,9,200,14875,0,1,3,0.0,0.0,1.0,0.0,0.0,23,255,1.0,0.0,0.03,0.0,0.0,0.0,0,62962.0
19,9,203,0,0,1,2,0.0,0.0,1.0,0.0,0.0,253,112,0.44,0.02,0.0,0.0,0.0,0.0,0,105052.0
22,9,205,1982,0,1,5,0.0,0.0,1.0,0.0,0.0,161,255,1.0,0.0,0.02,0.0,0.0,0.0,0,50894.0
45,10,0,0,0,0,1,1.0,1.0,1.0,0.0,0.0,124,1,0.01,0.92,0.0,0.94,1.0,0.0,1,43690.0
11,9,43,72,0,0,241,0.0,0.0,1.0,0.01,0.01,255,254,1.0,0.01,0.0,0.0,0.0,0.0,0,38620.0
3,5,0,0,0,0,238,1.0,1.0,0.03,0.07,0.0,255,7,0.03,0.07,0.0,1.0,1.0,0.0,1,236.0
22,9,263,3315,0,1,14,0.0,0.0,1.0,0.0,0.0,255,255,1.0,0.0,0.0,0.0,0.0,0.0,0,61287.0
58,9,183,0,0,0,2,0.0,0.0,0.5,1.0,0.0,255,9,0.04,0.01,0.0,0.0,0.0,0.0,0,101185.0
22,5,0,0,0,0,263,1.0,1.0,0.07,0.05,0.0,255,18,0.07,0.07,0.0,1.0,1.0,0.0,1,63447.0
45,9,28,0,3,0,88,0.0,0.0,1.0,0.0,0.0,255,88,0.35,0.64,0.0,0.0,0.0,0.0,1,52131.0
22,9,191,1496,0,1,6,0.0,0.0,1.0,0.0,0.12,40,230,1.0,0.0,0.06,0.0,0.0,0.0,0,58888.0
45,5,0,0,0,0,126,1.0,1.0,0.03,0.06,0.0,255,6,0.02,0.06,0.0,1.0,1.0,0.0,1,47922.0
54,5,0,0,0,0,261,1.0,1.0,0.04,0.06,0.0,255,11,0.04,0.06,0.0,1.0,1.0,0.0,1,45968.0
7,1,0,0,0,0,285,0.0,0.0,0.05,0.06,0.0,255,13,0.05,0.07,0.0,0.0,0.0,1.0,1,123487.0
13,9,30,0,0,0,2,0.0,0.0,0.5,1.0,0.0,255,35,0.14,0.01,0.0,0.0,0.0,0.0,0,111341.0
60,5,0,0,0,0,176,1.0,1.0,0.11,0.06,0.0,255,20,0.08,0.06,0.0,1.0,1.0,0.0,1,110881.0
9,5,0,0,0,0,139,1.0,1.0,0.13,0.04,0.0,255,8,0.03,0.06,0.0,1.0,1.0,0.0,1,29150.0
45,9,105,146,0,0,1,0.0,0.0,1.0,0.0,0.0,220,211,0.96,0.01,0.0,0.0,0.0,0.0,0,36949.0
19,9,175337,0,0,1,1,0.0,0.0,1.0,0.0,0.0,99,133,0.75,0.04,0.02,0.01,0.0,0.0,0,16615.0
49,9,667,327,0,1,2,0.0,0.0,0.5,1.0,1.0,28,160,0.64,0.14,0.01,0.0,0.0,0.0,0,30643.0
60,5,0,0,0,0,125,1.0,1.0,0.16,0.06,0.0,255,20,0.08,0.07,0.0,1.0,1.0,0.0,1,19532.0
22,1,0,0,0,0,1,0.0,0.0,1.0,0.0,0.0,22,115,1.0,0.0,0.04,0.0,0.0,1.0,0,53402.0
22,9,246,1199,0,1,6,0.0,0.0,1.0,0.0,0.0,91,255,1.0,0.0,0.03,0.0,0.0,0.0,0,34651.0
22,5,0,0,0,0,56,1.0,1.0,0.3,0.07,0.0,255,43,0.17,0.04,0.0,1.0,1.0,0.0,1,42692.0
22,9,296,1919,0,1,11,0.0,0.0,1.0,0.0,0.0,255,255,1.0,0.0,0.0,0.0,0.0,0.0,0,38962.0
22,9,288,8100,0,1,2,0.0,0.0,1.0,0.0,0.0,2,255,1.0,0.0,0.07,0.0,0.0,0.0,0,99143.0
45,4,0,0,0,0,1,0.0,0.0,1.0,0.0,0.0,255,1,0.0,0.13,0.0,0.0,0.0,1.0,1,24083.0
49,9,1029,327,0,1,1,0.0,0.0,1.0,0.0,0.0,129,121,0.33,0.05,0.02,0.0,0.0,0.0,0,22480.0
22,9,192,8829,0,1,2,0.0,0.0,1.0,0.0,0.0,2,255,1.0,0.0,0.04,0.0,0.0,0.0,0,37898.0
18,9,1238,2449,0,1,1,0.0,0.0,1.0,0.0,0.0,255,99,0.39,0.02,0.0,0.0,0.0,0.0,0,82302.0
11,9,44,81,0,0,137,0.0,0.0,1.0,0.0,0.01,255,228,0.89,0.01,0.0,0.0,0.0,0.0,0,7765.0
49,9,1972,333,0,1,1,0.0,0.0,1.0,0.0,0.0,240,150,0.62,0.02,0.0,0.0,0.0,0.0,0,72020.0
22,9,218,321,0,1,4,0.25,0.2,1.0,0.0,0.4,255,255,1.0,0.0,0.0,0.0,0.0,0.0,0,86669.0
45,5,0,0,0,0,129,1.0,1.0,0.05,0.07,0.0,255,5,0.02,0.07,0.0,1.0,1.0,0.0,1,30930.0
13,9,30,0,0,0,2,0.0,0.0,0.5,1.0,0.0,255,3,0.01,0.01,0.0,0.0,0.0,0.0,0,111371.0
16,5,0,0,0,0,121,1.0,1.0,0.17,0.06,0.0,255,20,0.08,0.06,0.0,1.0,1.0,0.0,1,79812.0
22,9,288,327,0,1,1,0.0,0.0,1.0,0.0,0.5,84,255,1.0,0.0,0.01,0.01,0.0,0.0,0,105938.0
22,9,305,6008,0,1,15,0.0,0.0,1.0,0.0,0.08,117,255,1.0,0.0,0.01,0.0,0.0,0.0,0,35484.0
22,9,176,460,0,1,1,0.0,0.0,1.0,0.0,0.0,130,255,1.0,0.0,0.01,0.0,0.0,0.0,0,12952.0
22,9,234,1931,0,1,5,0.0,0.0,1.0,0.0,0.0,75,255,1.0,0.0,0.04,0.0,0.0,0.0,0,68584.0
22,9,235,369,0,1,8,0.0,0.0,1.0,0.0,0.0,129,255,1.0,0.0,0.05,0.0,0.0,0.01,0,84235.0
11,9,44,131,0,0,67,0.0,0.0,1.0,0.0,0.01,255,254,1.0,0.01,0.0,0.0,0.0,0.0,0,54101.0
22,9,294,2669,0,1,3,0.0,0.0,1.0,0.0,0.14,3,255,1.0,0.0,0.01,0.0,0.0,0.0,0,81584.0
45,9,1,0,0,0,5,0.0,0.0,1.0,0.0,0.0,255,5,0.02,0.28,0.0,0.0,0.0,0.0,1,56325.0
45,4,0,0,0,0,1,0.0,0.0,1.0,0.0,0.0,79,1,0.01,0.41,0.0,0.08,0.0,1.0,1,69746.0
11,9,44,125,0,0,8,0.0,0.0,1.0,0.0,0.01,66,200,0.77,0.03,0.01,0.0,0.0,0.0,0,109364.0
45,5,0,0,0,0,275,1.0,1.0,0.08,0.05,0.0,255,23,0.09,0.07,0.0,1.0,1.0,0.0,1,123765.0
28,5,0,0,0,0,92,1.0,1.0,0.05,0.07,0.0,255,7,0.03,0.07,0.0,1.0,1.0,0.0,1,109125.0
14,9,1032,0,0,0,510,0.0,0.0,1.0,0.0,0.0,255,226,0.89,0.02,0.0,0.0,0.0,0.0,1,40841.0
45,5,0,0,0,0,128,1.0,1.0,0.09,0.06,0.0,45,10,0.22,0.16,0.0,1.0,1.0,0.0,1,105885.0
22,9,207,421,0,1,32,0.0,0.0,1.0,0.0,0.06,255,255,1.0,0.0,0.0,0.0,0.0,0.0,0,97061.0
51,1,0,0,0,0,117,0.0,0.0,0.06,0.08,0.0,255,7,0.03,0.07,0.0,0.0,0.0,1.0,1,94763.0
45,4,0,0,0,0,1,0.0,0.0,1.0,0.0,0.0,255,1,0.0,0.41,0.0,0.0,0.0,1.0,1,92212.0
11,9,45,72,0,0,272,0.0,0.0,1.0,0.01,0.0,255,254,1.0,0.01,0.0,0.0,0.0,0.0,0,89032.0
22,9,310,3222,0,1,7,0.0,0.0,1.0,0.0,0.0,255,242,0.95,0.01,0.0,0.0,0.0,0.0,0,82684.0
49,9,11610,1380,0,1,1,0.0,0.0,1.0,0.0,1.0,109,128,0.58,0.04,0.02,0.0,0.0,0.0,0,117997.0
53,5,0,0,0,0,103,1.0,1.0,0.03,0.07,0.0,255,3,0.01,0.06,0.0,1.0,1.0,0.0,1,29157.0
45,1,0,0,0,0,13,0.0,0.0,0.08,0.54,0.0,183,1,0.01,0.05,0.0,0.01,0.0,1.0,1,87113.0
22,9,318,2444,0,1,7,0.0,0.0,1.0,0.0,0.22,255,255,1.0,0.0,0.0,0.0,0.0,0.0,0,39444.0
45,5,0,0,0,0,299,1.0,1.0,0.05,0.05,0.0,255,4,0.02,0.07,0.0,1.0,1.0,0.0,1,118350.0
45,5,0,0,0,0,202,1.0,1.0,0.1,0.06,0.0,255,20,0.08,0.06,0.0,1.0,1.0,0.0,1,66194.0
14,9,520,0,0,0,95,0.0,0.0,1.0,0.0,0.0,255,255,1.0,0.0,0.0,0.0,0.0,0.0,1,68602.0
19,9,12,0,0,0,1,0.0,0.0,1.0,0.0,0.0,193,15,0.08,0.03,0.0,0.0,0.0,0.0,0,111167.0
22,9,202,1551,0,1,19,0.0,0.0,1.0,0.0,0.12,19,255,1.0,0.0,0.05,0.0,0.01,0.0,0,109533.0
19,9,175337,0,0,1,2,0.0,0.0,1.0,0.0,0.0,219,70,0.32,0.03,0.0,0.0,0.0,0.0,0,107021.0
22,9,243,15298,0,1,7,0.0,0.0,1.0,0.0,0.0,255,255,1.0,0.0,0.0,0.0,0.0,0.0,0,69823.0
49,9,1109,332,0,1,1,0.0,0.0,1.0,0.0,0.0,120,138,0.39,0.04,0.01,0.0,0.0,0.0,0,99217.0
45,5,0,0,0,0,32,1.0,1.0,0.25,0.12,0.0,255,8,0.03,0.08,0.0,1.0,1.0,0.0,1,35230.0
22,9,217,1020,0,1,5,0.0,0.0,1.0,0.0,0.0,11,255,1.0,0.0,0.05,0.0,0.0,0.0,0,3345.0
14,9,30,0,0,0,1,0.0,0.0,1.0,0.0,0.0,251,251,1.0,0.0,0.0,0.0,0.0,0.0,0,22509.0
22,9,317,1175,0,1,1,0.0,0.0,1.0,0.0,0.71,7,255,1.0,0.0,0.04,0.0,0.0,0.0,0,118260.0
14,9,1032,0,0,0,511,0.0,0.0,1.0,0.0,0.0,255,83,0.33,0.02,0.0,0.02,0.0,0.0,1,116425.0
55,9,1548,24180,0,1,1,0.0,0.0,1.0,0.0,0.0,255,3,0.01,0.02,0.0,0.0,0.0,0.0,0,36162.0
40,4,1,0,0,0,2,0.0,0.0,1.0,0.0,0.0,255,2,0.01,0.74,0.0,0.0,0.0,1.0,1,58910.0
40,1,0,0,0,0,511,0.13,0.0,0.0,1.0,0.0,255,1,0.0,1.0,0.0,0.16,0.0,1.0,1,90081.0
22,9,295,2607,0,1,32,0.0,0.0,1.0,0.0,0.0,192,255,1.0,0.0,0.01,0.0,0.0,0.0,0,59106.0
49,9,922,328,0,1,1,0.0,0.0,1.0,0.0,0.0,154,168,0.83,0.02,0.01,0.0,0.0,0.0,0,73476.0
45,5,0,0,0,0,116,1.0,1.0,0.01,0.07,0.0,255,10,0.04,0.07,0.0,1.0,1.0,0.0,1,68257.0
45,5,0,0,0,0,88,1.0,1.0,0.01,0.08,0.0,255,1,0.0,0.05,0.0,1.0,1.0,0.0,1,9469.0
45,5,0,0,0,0,116,1.0,1.0,0.13,0.06,0.0,255,13,0.05,0.04,0.0,1.0,1.0,0.0,1,97367.0
22,1,0,0,0,0,1,0.0,0.0,1.0,0.0,1.0,6,158,1.0,0.0,0.09,0.0,0.0,1.0,0,119653.0
27,5,0,0,0,0,67,1.0,1.0,0.1,0.06,0.0,255,7,0.03,0.05,0.0,1.0,1.0,0.0,1,105501.0
23,1,0,0,0,0,140,0.0,0.0,0.12,0.06,0.0,255,17,0.07,0.07,0.0,0.0,0.0,1.0,1,16921.0
49,9,1330,282,0,1,1,0.0,0.0,1.0,0.0,0.0,255,142,0.56,0.03,0.0,0.0,0.0,0.0,0,430.0
22,9,183,8939,0,1,14,0.0,0.0,1.0,0.0,0.14,133,255,1.0,0.0,0.04,0.01,0.0,0.0,0,6236.0
13,9,30,0,0,0,2,0.0,0.0,1.0,0.0,0.0,216,216,1.0,0.0,0.0,0.0,0.0,0.0,0,38632.0
19,9,9198,0,0,1,23,0.0,0.0,1.0,0.0,0.0,12,79,1.0,0.0,0.04,0.0,0.0,0.0,0,106602.0
22,5,0,0,0,0,289,1.0,1.0,0.05,0.06,0.0,255,12,0.05,0.07,0.0,1.0,1.0,0.0,1,89234.0
22,9,305,9373,0,1,14,0.0,0.0,1.0,0.0,0.0,41,255,1.0,0.0,0.02,0.0,0.0,0.0,0,49144.0
22,9,220,21816,0,1,6,0.0,0.0,1.0,0.0,0.0,112,255,1.0,0.0,0.04,0.0,0.0,0.0,0,29849.0
14,9,1032,0,0,0,511,0.0,0.0,1.0,0.0,0.0,255,113,0.44,0.01,0.0,0.0,0.0,0.0,1,15978.0
62,5,0,0,0,0,206,1.0,1.0,0.03,0.06,0.0,255,6,0.02,0.07,0.0,1.0,1.0,0.0,1,99064.0
13,9,30,0,0,0,1,0.0,0.0,1.0,0.0,0.0,47,131,1.0,0.0,0.33,0.0,0.0,0.0,0,94466.0
19,9,740,0,0,1,2,0.0,0.0,1.0,0.0,0.0,213,72,0.34,0.02,0.0,0.0,0.0,0.0,0,49561.0
7,5,0,0,0,0,219,1.0,1.0,0.02,0.06,0.0,255,16,0.06,0.06,0.0,1.0,1.0,0.0,1,50466.0
45,5,0,0,0,0,50,1.0,1.0,0.26,0.08,0.0,255,13,0.05,0.08,0.0,1.0,1.0,0.0,1,28095.0
13,9,8,0,0,0,1,0.0,0.0,1.0,0.0,1.0,1,19,1.0,0.0,0.53,0.0,0.0,0.0,1,73978.0
19,9,607,0,0,0,1,0.0,0.0,1.0,0.0,0.0,154,29,0.19,0.03,0.0,0.0,0.0,0.0,0,48301.0
33,5,0,0,0,0,272,1.0,1.0,0.01,0.06,0.0,255,3,0.01,0.07,0.0,1.0,1.0,0.0,1,39611.0
12,5,0,0,0,0,271,1.0,1.0,0.02,0.06,0.0,255,13,0.05,0.07,0.0,1.0,1.0,0.0,1,6969.0
17,9,7,220,0,0,1,0.0,0.0,1.0,0.0,0.0,249,7,0.03,0.03,0.0,0.0,0.0,0.0,0,32986.0
49,9,1158,598,0,1,1,0.0,0.0,1.0,0.0,1.0,255,24,0.09,0.02,0.0,0.0,0.0,0.0,0,35011.0
45,9,207,0,0,0,2,0.0,0.0,1.0,0.0,0.0,204,172,0.84,0.01,0.0,0.0,0.0,0.0,0,40323.0
11,9,44,131,0,0,322,0.0,0.0,1.0,0.0,0.0,255,254,1.0,0.01,0.0,0.0,0.0,0.0,0,49001.0
45,9,105,0,0,0,2,0.0,0.0,1.0,0.0,0.0,34,34,1.0,0.0,0.0,0.0,0.0,0.0,0,103291.0
49,9,1229,363,0,0,1,0.0,0.0,1.0,0.0,0.0,255,43,0.17,0.52,0.0,0.0,0.0,0.0,0,95546.0
37,1,0,0,0,0,109,0.0,0.0,0.1,0.06,0.0,255,11,0.04,0.06,0.0,0.0,0.0,1.0,1,41471.0
45,5,0,0,0,0,129,0.99,1.0,0.05,0.08,0.0,255,6,0.02,0.07,0.0,1.0,1.0,0.0,1,67009.0
22,9,241,9914,0,1,2,0.0,0.0,1.0,0.0,0.12,108,255,1.0,0.0,0.02,0.0,0.0,0.0,0,100096.0
13,9,18,0,0,0,1,0.0,0.0,1.0,0.0,0.0,2,166,1.0,0.0,0.25,0.0,0.0,0.0,1,59630.0
19,9,59,0,0,0,13,0.0,0.0,1.0,0.0,0.0,255,19,0.07,0.07,0.0,0.86,0.0,0.0,0,45035.0
22,9,299,2324,0,1,2,0.0,0.0,1.0,0.0,0.0,25,255,1.0,0.0,0.04,0.0,0.0,0.0,0,2703.0
11,9,44,78,0,0,214,0.0,0.0,1.0,0.0,0.01,255,217,0.85,0.01,0.0,0.0,0.0,0.0,0,98933.0
11,9,44,44,0,0,153,0.0,0.0,1.0,0.0,0.0,255,255,1.0,0.0,0.0,0.0,0.0,0.0,0,31629.0
3,1,0,0,0,0,280,0.0,0.0,0.06,0.06,0.0,255,16,0.06,0.07,0.0,0.0,0.0,1.0,1,122296.0
5,5,0,0,0,0,27,1.0,1.0,0.44,0.11,0.0,255,12,0.05,0.07,0.0,1.0,1.0,0.0,1,58330.0
45,5,0,0,0,0,215,1.0,1.0,0.07,0.05,0.0,255,16,0.06,0.05,0.0,1.0,1.0,0.0,1,122797.0
4,5,0,0,0,0,278,1.0,1.0,0.06,0.06,0.0,255,16,0.06,0.07,0.0,1.0,1.0,0.0,1,49557.0
22,9,193,207,0,1,2,0.0,0.0,1.0,0.0,0.5,21,255,1.0,0.0,0.04,0.0,0.0,0.01,0,23475.0
49,9,1725,368,0,1,1,0.0,0.0,1.0,0.0,1.0,57,174,0.96,0.04,0.02,0.0,0.0,0.0,0,123841.0
45,5,0,0,0,0,76,1.0,1.0,0.32,0.05,0.0,255,24,0.09,0.05,0.0,1.0,1.0,0.0,1,115499.0
22,9,322,1788,0,1,13,0.0,0.0,1.0,0.0,0.12,55,255,1.0,0.0,0.06,0.0,0.01,0.0,0,31628.0
55,2,126,179,0,0,1,0.0,0.0,1.0,0.0,0.0,27,27,1.0,0.0,0.0,0.07,0.07,0.93,0,118390.0
30,5,0,0,0,0,29,1.0,1.0,0.45,0.1,0.0,255,13,0.05,0.07,0.0,1.0,1.0,0.0,1,120430.0
19,9,383,0,0,0,2,0.0,0.0,1.0,0.0,0.0,3,68,1.0,0.0,0.03,0.0,0.0,0.0,0,26210.0
45,9,105,147,0,0,1,0.0,0.0,1.0,0.0,0.0,71,70,0.99,0.03,0.0,0.0,0.0,0.0,0,32190.0
19,9,276,0,0,0,1,0.0,0.0,1.0,0.0,0.0,71,17,0.24,0.08,0.0,0.0,0.0,0.0,0,51759.0
22,9,430,10389,0,1,3,0.0,0.0,1.0,0.0,0.0,255,255,1.0,0.0,0.0,0.0,0.0,0.0,0,22065.0
11,9,44,131,0,0,153,0.0,0.0,1.0,0.0,0.02,255,254,1.0,0.01,0.0,0.0,0.0,0.0,0,37964.0
45,5,0,0,0,0,267,1.0,1.0,0.01,0.06,0.0,255,2,0.01,0.06,0.0,1.0,1.0,0.0,1,26148.0
56,2,0,0,0,0,173,0.0,0.0,0.03,0.07,0.0,255,5,0.02,0.07,0.0,0.0,0.0,1.0,1,93498.0
17,5,0,0,0,0,60,1.0,1.0,0.27,0.07,0.0,140,41,0.26,0.03,0.05,1.0,0.88,0.0,1,36230.0
45,5,0,0,0,0,209,1.0,1.0,0.12,0.05,0.0,255,25,0.1,0.05,0.0,1.0,1.0,0.0,1,11296.0
22,9,218,2816,0,1,27,0.0,0.0,1.0,0.0,0.0,255,255,1.0,0.0,0.0,0.0,0.0,0.0,0,28986.0
45,1,0,0,0,0,75,0.0,0.0,0.19,0.07,0.0,255,4,0.02,0.06,0.0,0.0,0.0,1.0,1,3234.0
11,9,44,76,0,0,259,0.0,0.0,1.0,0.0,0.01,255,216,0.85,0.01,0.0,0.0,0.0,0.0,0,124801.0
22,9,210,310,0,1,7,0.0,0.0,1.0,0.0,0.0,212,255,1.0,0.0,0.02,0.0,0.0,0.0,0,5606.0
60,5,0,0,0,0,172,1.0,1.0,0.1,0.05,0.0,255,18,0.07,0.05,0.0,1.0,1.0,0.0,1,55663.0
49,9,596,496,0,1,1,0.0,0.0,1.0,0.0,0.0,36,181,0.94,0.06,0.03,0.0,0.0,0.0,0,124956.0
22,9,323,310,0,1,2,0.0,0.0,1.0,0.0,0.0,255,255,1.0,0.0,0.0,0.0,0.0,0.0,0,71079.0
45,9,28,0,3,0,52,0.0,0.0,1.0,0.0,0.0,255,52,0.2,0.02,0.0,0.0,0.0,0.0,1,18735.0
22,9,292,3480,0,1,2,0.0,0.0,1.0,0.0,0.67,255,255,1.0,0.0,0.0,0.0,0.0,0.0,0,15750.0
11,9,43,109,0,0,4,0.0,0.0,1.0,0.0,0.0,41,203,0.71,0.05,0.01,0.0,0.0,0.0,0,92002.0
45,1,0,0,0,0,463,0.05,0.0,0.0,1.0,0.0,255,1,0.0,1.0,0.0,0.08,0.0,1.0,1,59538.0
45,9,105,147,0,0,1,0.0,0.0,1.0,0.0,0.0,255,245,0.96,0.01,0.0,0.0,0.0,0.0,0,50273.0
45,5,0,0,0,0,113,1.0,1.0,0.12,0.06,0.0,60,12,0.2,0.1,0.0,1.0,1.0,0.0,1,10489.0
19,9,14052,0,0,1,2,0.0,0.0,1.0,0.0,0.0,255,38,0.15,0.02,0.0,0.0,0.0,0.0,0,61193.0
40,9,5,0,0,0,130,0.0,0.0,0.01,0.02,0.0,255,9,0.04,0.02,0.0,0.0,0.0,0.0,1,64863.0
13,9,8,0,0,0,1,0.0,0.0,1.0,0.0,1.0,3,151,1.0,0.0,0.25,0.0,0.0,0.0,1,113578.0
22,9,224,907,0,1,12,0.0,0.0,1.0,0.0,0.0,12,255,1.0,0.0,0.03,0.0,0.0,0.0,0,98268.0
30,5,0,0,0,0,121,1.0,1.0,0.05,0.07,0.0,255,15,0.06,0.07,0.0,1.0,1.0,0.0,1,33298.0
22,9,176,12971,0,1,3,0.0,0.0,1.0,0.0,0.0,81,255,1.0,0.0,0.05,0.0,0.0,0.0,0,27568.0
53,5,0,0,0,0,193,1.0,1.0,0.1,0.06,0.0,255,19,0.07,0.07,0.0,1.0,1.0,0.0,1,17773.0
55,9,7565,17684,0,1,1,0.0,0.0,1.0,0.0,0.0,148,16,0.11,0.03,0.0,0.03,0.25,0.0,0,67806.0
22,9,186,780,0,1,14,0.0,0.0,1.0,0.0,0.0,14,255,1.0,0.0,0.04,0.0,0.0,0.0,0,31973.0
45,1,0,0,0,0,2,0.0,0.0,0.5,1.0,0.0,255,1,0.0,0.44,0.0,0.15,0.0,1.0,1,47580.0
22,9,227,10739,0,1,22,0.0,0.0,1.0,0.0,0.0,255,255,1.0,0.0,0.0,0.0,0.0,0.0,0,12257.0
23,1,0,0,0,0,113,0.0,0.0,0.1,0.07,0.0,255,11,0.04,0.07,0.0,0.0,0.0,1.0,1,12034.0
45,5,0,0,0,0,269,1.0,1.0,0.03,0.06,0.0,255,7,0.03,0.08,0.0,1.0,1.0,0.0,1,47819.0
45,5,0,0,0,0,181,1.0,1.0,0.09,0.06,0.0,255,17,0.07,0.05,0.0,1.0,1.0,0.0,1,49253.0
29,5,0,0,0,0,254,1.0,1.0,0.08,0.06,0.0,255,20,0.08,0.07,0.0,1.0,1.0,0.0,1,80717.0
54,5,0,0,0,0,263,1.0,1.0,0.03,0.06,0.0,255,8,0.03,0.07,0.0,1.0,1.0,0.0,1,74968.0
18,9,1502,4152,0,1,1,0.0,0.0,1.0,0.0,0.0,28,7,0.25,0.14,0.0,0.0,0.0,0.0,0,108540.0
45,5,0,0,0,0,125,1.0,1.0,0.14,0.05,0.0,255,17,0.07,0.07,0.0,1.0,1.0,0.0,1,28454.0
11,9,44,135,0,0,81,0.0,0.0,0.99,0.02,0.01,255,216,0.85,0.02,0.0,0.0,0.0,0.0,0,100635.0
60,5,0,0,0,0,233,1.0,1.0,0.06,0.06,0.0,255,15,0.06,0.06,0.0,1.0,1.0,0.0,1,44415.0
62,5,0,0,0,0,253,1.0,1.0,0.0,0.07,0.0,255,1,0.0,0.08,0.0,1.0,1.0,0.0,1,1168.0
3,5,0,0,0,0,124,1.0,1.0,0.07,0.06,0.0,255,8,0.03,0.07,0.0,1.0,1.0,0.0,1,86744.0
19,9,194,0,0,0,1,0.0,0.0,1.0,0.0,0.0,50,38,0.2,0.1,0.05,0.0,0.0,0.0,0,17153.0
45,5,0,0,0,0,211,1.0,1.0,0.05,0.06,0.0,255,8,0.03,0.09,0.0,1.0,1.0,0.0,1,70705.0
14,9,1032,0,0,0,340,0.0,0.0,1.0,0.0,0.0,255,255,1.0,0.0,0.0,0.0,0.0,0.0,1,120391.0
14,9,1032,0,0,0,447,0.0,0.0,1.0,0.0,0.0,255,255,1.0,0.0,0.0,0.0,0.0,0.0,1,2773.0
22,9,214,1885,0,1,3,0.0,0.0,1.0,0.0,0.15,37,255,1.0,0.0,0.01,0.0,0.0,0.0,0,120443.0
22,9,228,1565,0,1,4,0.25,0.25,1.0,0.0,0.0,211,240,1.0,0.0,0.01,0.0,0.01,0.03,0,64418.0
19,9,12,0,0,1,1,0.0,0.0,1.0,0.0,0.0,62,29,0.08,0.06,0.07,0.0,0.0,0.0,0,29594.0
22,9,213,5586,0,1,7,0.0,0.0,1.0,0.0,0.0,7,255,1.0,0.0,0.05,0.0,0.0,0.0,0,62684.0
45,5,0,0,0,0,132,1.0,1.0,0.06,0.06,0.0,255,15,0.06,0.07,0.0,1.0,1.0,0.0,1,4674.0
45,5,0,0,0,0,125,1.0,1.0,0.11,0.06,0.0,64,2,0.03,0.14,0.0,1.0,1.0,0.0,1,10263.0
11,9,44,44,0,0,16,0.0,0.0,1.0,0.0,0.14,255,254,1.0,0.01,0.0,0.0,0.0,0.0,0,61700.0
22,9,219,1616,0,1,2,0.0,0.0,1.0,0.0,0.67,20,255,1.0,0.0,0.04,0.0,0.0,0.0,0,70981.0
26,5,0,0,0,0,120,1.0,1.0,0.01,0.07,0.0,255,1,0.0,0.06,0.0,1.0,1.0,0.0,1,104278.0
37,1,0,0,0,0,105,0.0,0.0,0.07,0.07,0.0,255,7,0.03,0.06,0.0,0.0,0.0,1.0,1,86555.0
13,9,8,0,0,0,1,0.0,0.0,1.0,0.0,1.0,3,75,1.0,0.0,0.25,0.0,0.0,0.0,1,77791.0
11,9,44,44,0,0,313,0.0,0.0,1.0,0.0,0.0,255,221,0.87,0.01,0.0,0.0,0.0,0.0,0,102069.0
22,9,225,328,0,1,1,0.0,0.0,1.0,0.0,0.13,1,255,1.0,0.0,0.05,0.0,0.0,0.0,0,45288.0
45,5,0,0,0,0,120,1.0,1.0,0.05,0.05,0.0,255,6,0.02,0.06,0.0,1.0,1.0,0.0,1,16035.0
59,5,0,0,0,0,141,1.0,1.0,0.14,0.06,0.0,255,20,0.08,0.06,0.0,1.0,1.0,0.0,1,114838.0
18,9,1228,3380,0,1,1,0.0,0.0,1.0,0.0,0.0,245,62,0.25,0.03,0.0,0.0,0.0,0.0,0,48158.0
49,9,580,328,0,1,1,0.0,0.0,1.0,0.0,0.0,252,138,0.55,0.03,0.0,0.0,0.0,0.0,0,28734.0
29,5,0,0,0,0,224,1.0,1.0,0.06,0.07,0.0,255,18,0.07,0.07,0.0,1.0,1.0,0.0,1,111664.0
22,9,237,260,0,1,2,0.0,0.0,1.0,0.0,0.24,118,255,1.0,0.0,0.02,0.0,0.0,0.0,0,42359.0
22,9,308,1380,0,1,2,0.0,0.0,1.0,0.0,0.25,255,251,0.98,0.01,0.0,0.0,0.0,0.0,0,23790.0
13,9,30,0,0,0,1,0.0,0.0,1.0,0.0,0.0,64,131,1.0,0.0,0.27,0.0,0.0,0.0,0,31576.0
45,9,1,0,0,0,5,0.0,0.0,1.0,0.0,0.0,255,5,0.02,0.54,0.0,0.05,0.0,0.0,1,64049.0
22,9,306,1060,0,1,18,0.0,0.0,1.0,0.0,0.11,108,255,1.0,0.0,0.01,0.0,0.0,0.0,0,56496.0
49,9,2505,337,0,1,1,0.0,0.0,1.0,0.0,0.0,120,58,0.48,0.05,0.0,0.0,0.0,0.0,0,86200.0
3,9,14,37,0,1,1,0.0,0.0,1.0,0.0,0.0,235,4,0.01,0.02,0.5,0.0,0.0,0.0,0,63518.0
45,5,0,0,0,0,131,1.0,1.0,0.02,0.05,0.0,255,3,0.01,0.06,0.0,1.0,1.0,0.0,1,37582.0
45,5,0,0,0,0,93,1.0,1.0,0.05,0.08,0.0,255,5,0.02,0.06,0.0,1.0,1.0,0.0,1,19938.0
11,9,46,147,0,0,74,0.0,0.0,1.0,0.0,0.01,255,255,1.0,0.0,0.0,0.0,0.0,0.0,0,115838.0
22,9,299,187,0,1,2,0.0,0.0,1.0,0.0,0.12,2,255,1.0,0.0,0.02,0.0,0.0,0.0,0,105290.0
22,9,238,39873,0,1,3,0.0,0.0,1.0,0.0,0.0,3,255,1.0,0.0,0.03,0.0,0.0,0.0,0,66719.0
19,9,884,0,0,0,1,0.0,0.0,1.0,0.0,0.0,115,20,0.17,0.03,0.0,0.0,0.0,0.0,0,85141.0
27,5,0,0,0,0,117,1.0,1.0,0.03,0.05,0.0,255,4,0.02,0.05,0.0,1.0,1.0,0.0,1,2756.0
22,9,205,1931,0,1,21,0.0,0.0,1.0,0.0,0.0,21,255,1.0,0.0,0.01,0.0,0.0,0.0,0,4120.0
45,5,0,0,0,0,130,1.0,1.0,0.12,0.05,0.0,255,17,0.07,0.06,0.0,1.0,1.0,0.0,1,14616.0
22,9,211,4091,0,1,12,0.0,0.0,1.0,0.0,0.15,53,255,1.0,0.0,0.05,0.0,0.0,0.0,0,123826.0
60,5,0,0,0,0,47,1.0,1.0,0.21,0.11,0.0,255,10,0.04,0.08,0.0,1.0,1.0,0.0,1,44688.0
6,5,0,0,0,0,208,1.0,1.0,0.08,0.06,0.0,255,17,0.07,0.08,0.0,1.0,1.0,0.0,1,104724.0
22,9,54540,8314,0,1,4,0.0,0.0,1.0,0.0,0.0,255,255,1.0,0.0,0.0,0.0,0.0,0.05,0,40113.0
11,9,36,0,0,0,10,0.0,0.0,1.0,0.0,0.25,10,214,1.0,0.0,0.01,0.0,0.0,0.0,0,14710.0
45,5,0,0,0,0,103,1.0,1.0,0.04,0.06,0.0,49,3,0.06,0.1,0.0,1.0,1.0,0.0,1,81429.0
13,9,8,0,0,0,1,0.0,0.0,1.0,0.0,1.0,1,243,1.0,0.0,0.5,0.0,0.0,0.0,1,125492.0
11,9,34,0,0,0,3,0.33,0.0,0.33,0.67,0.15,118,32,0.05,0.06,0.06,0.01,0.0,0.0,0,108944.0
49,9,549,325,0,1,1,0.0,0.0,1.0,0.0,0.0,142,122,0.86,0.03,0.0,0.0,0.0,0.0,0,121900.0
45,5,0,0,0,0,108,1.0,1.0,0.1,0.06,0.0,255,13,0.05,0.09,0.0,1.0,1.0,0.0,1,50313.0
45,5,0,0,0,0,59,1.0,1.0,0.03,0.08,0.0,255,17,0.07,0.07,0.0,1.0,1.0,0.0,1,15196.0
45,5,0,0,0,0,96,1.0,1.0,0.01,0.07,0.0,255,12,0.05,0.06,0.0,1.0,1.0,0.0,1,118303.0
22,9,222,2822,0,1,9,0.0,0.0,1.0,0.0,0.0,44,255,1.0,0.0,0.04,0.0,0.0,0.0,0,75467.0
4,5,0,0,0,0,271,1.0,1.0,0.05,0.07,0.0,255,14,0.05,0.08,0.0,1.0,1.0,0.0,1,10181.0
22,9,278,708,0,1,1,0.0,0.0,1.0,0.0,0.0,255,255,1.0,0.0,0.0,0.0,0.0,0.0,0,9263.0
37,5,0,0,0,0,104,1.0,1.0,0.09,0.07,0.0,255,28,0.11,0.06,0.0,1.0,1.0,0.0,1,121717.0
19,9,209,0,0,1,2,0.0,0.0,1.0,0.0,0.0,255,71,0.28,0.07,0.0,0.0,0.01,0.0,0,86473.0
22,9,215,5212,0,1,8,0.0,0.0,1.0,0.0,0.0,8,255,1.0,0.0,0.02,0.0,0.0,0.0,0,88312.0
22,9,218,1801,0,1,1,0.0,0.0,1.0,0.0,0.06,35,255,1.0,0.0,0.03,0.0,0.0,0.0,0,98030.0
45,1,0,0,0,0,90,0.01,0.0,0.01,1.0,0.0,255,1,0.0,0.37,0.0,0.0,0.0,1.0,1,91946.0
13,9,18,0,0,0,1,0.0,0.0,1.0,0.0,0.0,1,101,1.0,0.0,0.26,0.0,0.0,0.0,1,61872.0
22,9,306,574,0,1,5,0.0,0.0,1.0,0.0,0.22,6,255,1.0,0.0,0.04,0.0,0.0,0.0,0,112610.0
5,5,0,0,0,0,146,1.0,1.0,0.11,0.06,0.0,255,9,0.04,0.07,0.0,1.0,1.0,0.0,1,114333.0
45,5,0,0,0,0,121,1.0,1.0,0.11,0.07,0.0,255,16,0.06,0.07,0.0,1.0,1.0,0.0,1,77987.0
49,9,1589,329,0,1,1,0.0,0.0,1.0,0.0,0.0,125,172,0.73,0.04,0.01,0.0,0.0,0.0,0,72990.0
45,5,0,0,0,0,187,1.0,1.0,0.11,0.06,0.0,255,20,0.08,0.07,0.0,1.0,1.0,0.0,1,29260.0
3,5,0,0,0,0,104,1.0,1.0,0.04,0.05,0.0,255,4,0.02,0.05,0.0,1.0,1.0,0.0,1,112825.0
14,9,1032,0,0,0,19,0.0,0.0,1.0,0.0,0.0,255,19,0.07,0.02,0.0,0.0,0.0,0.0,0,91814.0
45,5,0,0,0,0,111,1.0,1.0,0.08,0.06,0.0,255,18,0.07,0.07,0.0,1.0,1.0,0.0,1,64545.0
19,9,12165,0,0,1,4,0.0,0.0,1.0,0.0,0.0,186,82,0.37,0.03,0.02,0.0,0.0,0.0,0,33503.0
23,5,0,0,0,0,99,1.0,1.0,0.13,0.06,0.0,255,13,0.05,0.05,0.0,1.0,1.0,0.0,1,46893.0
2,5,0,0,0,0,232,1.0,1.0,0.08,0.05,0.0,255,18,0.07,0.06,0.0,1.0,1.0,0.0,1,118859.0
45,5,0,0,0,0,214,1.0,1.0,0.04,0.07,0.0,255,8,0.03,0.09,0.0,1.0,1.0,0.0,1,11779.0
22,9,316,3433,0,1,11,0.0,0.0,1.0,0.0,0.0,78,255,1.0,0.0,0.01,0.0,0.0,0.0,0,4902.0
14,9,30,0,0,0,1,0.0,0.0,1.0,0.0,0.0,252,252,1.0,0.0,0.0,0.0,0.0,0.0,0,69145.0
45,9,1,0,0,0,7,0.0,0.0,0.86,0.29,0.0,255,6,0.02,0.23,0.0,0.0,0.0,0.0,1,94896.0
45,5,0,0,0,0,105,1.0,1.0,0.14,0.08,0.0,255,15,0.06,0.07,0.0,1.0,1.0,0.0,1,94029.0
49,9,888,331,0,1,1,0.0,0.0,1.0,0.0,1.0,1,1,1.0,0.0,0.0,0.0,0.0,0.0,0,30430.0
45,1,0,0,0,0,111,0.0,0.0,0.18,0.06,0.0,255,33,0.13,0.05,0.0,0.0,0.0,1.0,1,28536.0
53,5,0,0,0,0,95,1.0,1.0,0.11,0.07,0.0,255,10,0.04,0.09,0.0,1.0,1.0,0.0,1,95515.0
17,2,0,0,0,0,145,0.0,0.0,0.14,0.06,0.0,255,20,0.08,0.07,0.0,0.0,0.0,1.0,1,106540.0
22,9,289,2841,0,1,11,0.0,0.0,1.0,0.0,0.0,255,255,1.0,0.0,0.0,0.0,0.0,0.0,0,9141.0
49,9,1529,336,0,1,1,0.0,0.0,1.0,0.0,0.0,129,157,0.81,0.04,0.01,0.0,0.0,0.0,0,91739.0
45,1,0,0,0,0,130,0.0,0.0,0.12,0.06,0.0,255,4,0.02,0.07,0.0,0.0,0.0,1.0,1,80866.0
49,9,1523,284,0,1,1,0.0,0.0,1.0,0.0,0.0,120,169,0.8,0.04,0.01,0.0,0.0,0.0,0,96014.0
45,5,0,0,0,0,292,1.0,1.0,0.06,0.06,0.0,255,28,0.11,0.06,0.0,1.0,1.0,0.0,1,63757.0
45,1,0,0,0,0,292,0.07,0.0,0.0,1.0,0.0,255,1,0.0,1.0,0.0,0.08,0.0,1.0,1,55848.0
43,9,38,130,0,1,1,0.0,0.0,1.0,0.0,0.0,58,5,0.03,0.1,0.4,0.0,0.0,0.0,0,8538.0
22,9,333,1424,0,1,13,0.0,0.0,1.0,0.0,0.18,13,255,1.0,0.0,0.03,0.0,0.0,0.0,0,19799.0
11,9,91,0,0,0,1,0.0,0.0,1.0,0.0,0.0,19,7,0.37,0.11,0.0,0.0,0.0,0.0,0,118411.0
22,9,213,1404,0,1,24,0.0,0.0,1.0,0.0,0.11,255,255,1.0,0.0,0.0,0.0,0.0,0.0,0,46923.0
13,9,8,0,0,0,1,0.0,0.0,1.0,0.0,1.0,2,54,1.0,0.0,0.5,0.0,0.0,0.0,1,35680.0
22,9,321,1541,0,1,2,0.0,0.0,1.0,0.0,0.67,80,255,1.0,0.0,0.02,0.0,0.0,0.0,0,97454.0
22,9,235,6281,0,1,8,0.0,0.0,1.0,0.0,0.0,8,255,1.0,0.0,0.08,0.0,0.0,0.0,0,125648.0
49,9,1474,368,0,1,1,0.0,0.0,1.0,0.0,0.0,188,124,0.46,0.04,0.02,0.01,0.02,0.0,0,27369.0
22,9,306,365,0,1,10,0.0,0.0,1.0,0.0,0.0,45,255,1.0,0.0,0.05,0.0,0.0,0.0,0,118375.0
22,9,234,4073,0,1,7,0.0,0.0,1.0,0.0,0.0,255,255,1.0,0.0,0.0,0.0,0.0,0.0,0,28268.0
45,1,0,0,0,0,286,0.0,0.0,0.06,0.06,0.0,255,18,0.07,0.06,0.0,0.0,0.0,1.0,1,90433.0
11,9,45,78,0,0,150,0.0,0.0,1.0,0.0,0.02,255,227,0.89,0.01,0.0,0.0,0.0,0.0,0,98239.0
22,1,0,0,0,0,32,0.0,0.0,1.0,0.0,0.0,67,253,1.0,0.0,0.15,0.0,0.0,0.98,0,27450.0
55,5,0,0,0,0,267,1.0,1.0,0.01,0.05,0.0,255,3,0.01,0.05,0.0,1.0,1.0,0.0,1,37980.0
40,4,1,0,0,0,2,0.0,0.0,1.0,0.0,0.0,255,2,0.01,0.65,0.0,0.0,0.0,1.0,1,68758.0
45,5,0,0,0,0,72,1.0,1.0,0.21,0.07,0.0,255,4,0.02,0.09,0.0,1.0,1.0,0.0,1,99134.0
14,9,1480,0,1,0,2,0.0,0.0,1.0,0.0,0.5,2,6,1.0,0.0,0.5,0.0,0.0,0.0,0,94784.0
11,9,43,132,0,0,21,0.0,0.0,1.0,0.0,0.02,255,235,0.92,0.01,0.0,0.0,0.0,0.0,0,51188.0
22,9,221,256,0,1,3,0.0,0.0,1.0,0.0,0.0,255,252,0.99,0.01,0.0,0.0,0.0,0.0,0,22074.0
45,9,215,0,0,0,1,0.0,0.0,1.0,0.0,0.0,153,129,0.84,0.01,0.0,0.0,0.0,0.0,0,21687.0
22,9,322,4965,0,1,3,0.0,0.0,1.0,0.0,0.0,3,255,1.0,0.0,0.04,0.0,0.01,0.0,0,41047.0
14,9,1032,0,0,0,510,0.0,0.0,1.0,0.0,0.0,255,217,0.85,0.02,0.0,0.0,0.0,0.0,1,62172.0
54,5,0,0,0,0,247,1.0,1.0,0.09,0.06,0.0,255,21,0.08,0.06,0.0,1.0,1.0,0.0,1,37710.0
54,5,0,0,0,0,216,1.0,1.0,0.02,0.06,0.0,255,20,0.08,0.07,0.0,1.0,1.0,0.0,1,85090.0
22,9,308,15276,0,1,3,0.0,0.0,1.0,0.0,0.0,255,255,1.0,0.0,0.0,0.0,0.0,0.0,0,33516.0
5,5,0,0,0,0,124,1.0,1.0,0.05,0.06,0.0,255,12,0.05,0.06,0.0,1.0,1.0,0.0,1,11542.0
19,9,14189,0,0,1,11,0.0,0.0,1.0,0.0,0.17,255,106,0.42,0.03,0.0,0.0,0.0,0.0,0,66242.0
22,9,216,265,0,1,4,0.0,0.0,1.0,0.0,0.0,31,255,1.0,0.0,0.05,0.0,0.0,0.0,0,114483.0
14,9,1032,0,0,0,511,0.0,0.0,1.0,0.0,0.0,255,11,0.04,0.18,0.0,0.18,0.0,0.0,1,56803.0
45,1,0,0,0,0,214,0.0,0.0,0.04,0.07,0.0,255,9,0.04,0.09,0.0,0.0,0.0,1.0,1,102925.0
27,5,0,0,0,0,128,1.0,1.0,0.02,0.06,0.0,255,12,0.05,0.06,0.0,1.0,1.0,0.0,1,32675.0
28,5,0,0,0,0,101,1.0,1.0,0.19,0.06,0.0,255,19,0.07,0.06,0.0,1.0,1.0,0.0,1,70881.0
55,6,91,2832,0,1,1,1.0,1.0,1.0,0.0,0.0,161,33,0.2,0.44,0.0,0.11,0.52,0.03,0,84090.0
49,9,2348,332,0,1,1,0.0,0.0,1.0,0.0,1.0,255,122,0.48,0.03,0.0,0.0,0.0,0.0,0,3921.0
22,9,226,327,0,1,1,0.0,0.0,1.0,0.0,1.0,16,255,1.0,0.0,0.04,0.0,0.0,0.0,0,59230.0
22,9,241,1423,0,1,4,0.0,0.0,1.0,0.0,0.0,255,255,1.0,0.0,0.0,0.0,0.0,0.0,0,80540.0
22,9,208,2442,0,1,1,0.0,0.0,1.0,0.0,0.0,255,255,1.0,0.0,0.0,0.0,0.0,0.0,0,51869.0
34,5,0,0,0,0,212,1.0,1.0,0.11,0.06,0.0,255,23,0.09,0.06,0.0,1.0,1.0,0.0,1,89168.0
22,9,285,7203,0,1,10,0.0,0.0,1.0,0.0,0.0,255,255,1.0,0.0,0.0,0.0,0.0,0.0,0,110901.0
22,9,340,422,0,1,4,0.0,0.0,1.0,0.0,0.0,255,255,1.0,0.0,0.0,0.0,0.0,0.0,0,118416.0
6,5,0,0,0,0,113,1.0,1.0,0.05,0.08,0.0,255,6,0.02,0.09,0.0,1.0,1.0,0.0,1,32202.0
45,1,0,0,0,0,2,0.0,0.0,0.5,1.0,0.0,255,1,0.0,0.14,0.0,0.0,0.0,1.0,1,116611.0
3,5,0,0,0,0,278,1.0,1.0,0.06,0.05,0.0,255,18,0.07,0.05,0.0,1.0,1.0,0.0,1,57382.0
14,9,1032,0,0,0,511,0.0,0.0,1.0,0.0,0.0,255,128,0.5,0.17,0.0,0.0,0.0,0.0,1,73902.0
22,9,187,1042,0,1,10,0.0,0.0,1.0,0.0,0.14,255,255,1.0,0.0,0.0,0.0,0.0,0.0,0,84459.0
45,5,0,0,0,0,258,1.0,1.0,0.07,0.05,0.0,119,17,0.14,0.08,0.0,0.88,1.0,0.0,1,37155.0
45,10,0,0,0,0,1,1.0,1.0,1.0,0.0,0.0,31,1,0.03,0.71,0.0,0.74,1.0,0.0,1,29217.0
45,1,0,0,0,0,132,0.0,0.0,0.05,0.07,0.0,255,4,0.02,0.06,0.0,0.0,0.0,1.0,1,54438.0
45,5,0,0,0,0,100,1.0,1.0,0.1,0.06,0.0,255,27,0.11,0.06,0.0,1.0,1.0,0.0,1,9946.0
22,9,328,3200,0,1,3,0.0,0.0,1.0,0.0,0.0,255,255,1.0,0.0,0.0,0.0,0.0,0.0,0,9121.0
22,9,341,279,0,1,2,0.0,0.0,1.0,0.0,0.27,255,248,0.97,0.01,0.0,0.0,0.0,0.0,0,86662.0
17,5,0,0,0,0,268,1.0,1.0,0.06,0.07,0.0,255,16,0.06,0.06,0.0,1.0,1.0,0.0,1,26484.0
3,5,0,0,0,0,109,1.0,1.0,0.08,0.05,0.0,255,9,0.04,0.04,0.0,1.0,1.0,0.0,1,125953.0
45,5,0,0,0,0,289,1.0,1.0,0.06,0.05,0.0,255,16,0.06,0.05,0.0,1.0,1.0,0.0,1,102921.0
9,5,0,0,0,0,291,1.0,1.0,0.07,0.05,0.0,255,6,0.02,0.08,0.0,1.0,1.0,0.0,1,98356.0
19,5,0,0,0,0,28,1.0,1.0,0.21,0.14,0.0,190,46,0.24,0.02,0.0,0.99,1.0,0.0,1,110867.0
52,5,0,0,0,0,249,1.0,1.0,0.04,0.06,0.0,255,3,0.01,0.07,0.0,1.0,1.0,0.0,1,57785.0
22,1,0,0,0,0,1,0.0,0.0,1.0,0.0,0.0,5,91,1.0,0.0,0.26,0.0,0.0,1.0,0,61311.0
22,9,297,260,0,1,4,0.0,0.0,1.0,0.0,0.0,25,255,1.0,0.0,0.01,0.0,0.0,0.0,0,54163.0
13,9,8,0,0,0,1,0.0,0.0,1.0,0.0,1.0,4,228,1.0,0.0,0.25,0.0,0.0,0.0,1,20714.0
47,5,0,0,0,0,215,1.0,1.0,0.03,0.06,0.0,255,6,0.02,0.07,0.0,1.0,1.0,0.0,1,116665.0
52,5,0,0,0,0,200,1.0,1.0,0.04,0.06,0.0,255,19,0.07,0.06,0.0,1.0,1.0,0.0,1,66613.0
9,5,0,0,0,0,114,1.0,1.0,0.05,0.06,0.0,255,1,0.0,0.07,0.0,1.0,1.0,0.0,1,44336.0
22,9,218,712,0,1,3,0.0,0.0,1.0,0.0,0.0,255,255,1.0,0.0,0.0,0.0,0.0,0.0,0,50098.0
59,5,0,0,0,0,61,1.0,1.0,0.16,0.07,0.0,255,10,0.04,0.04,0.0,1.0,1.0,0.0,1,24383.0
45,5,0,0,0,0,268,1.0,1.0,0.07,0.06,0.0,255,3,0.01,0.09,0.0,1.0,1.0,0.0,1,66801.0
45,5,0,0,0,0,130,1.0,1.0,0.02,0.07,0.0,255,1,0.0,0.07,0.0,1.0,1.0,0.0,1,77596.0
55,5,0,0,0,0,231,1.0,1.0,0.06,0.06,0.0,255,20,0.08,0.06,0.0,1.0,1.0,0.0,1,22370.0
45,5,0,0,0,0,213,1.0,1.0,0.05,0.06,0.0,255,13,0.05,0.06,0.0,1.0,1.0,0.0,1,101417.0
22,9,205,1400,0,1,13,0.0,0.0,1.0,0.0,0.0,255,255,1.0,0.0,0.0,0.0,0.0,0.0,0,119959.0
45,9,105,145,0,0,2,0.0,0.0,1.0,0.0,0.0,255,168,0.66,0.01,0.0,0.0,0.0,0.0,0,120313.0
22,9,247,2023,0,1,1,0.0,0.0,1.0,0.0,0.33,30,255,1.0,0.0,0.04,0.03,0.0,0.0,0,109128.0
55,5,0,0,0,0,72,1.0,1.0,0.24,0.06,0.0,255,57,0.22,0.03,0.0,1.0,1.0,0.0,1,61100.0
22,9,282,2251,0,1,30,0.0,0.0,1.0,0.0,0.08,255,255,1.0,0.0,0.0,0.0,0.0,0.0,0,31233.0
22,9,360,408,0,1,3,0.0,0.0,1.0,0.0,0.6,93,255,1.0,0.0,0.03,0.0,0.0,0.0,0,102748.0
17,5,0,0,0,0,280,1.0,1.0,0.06,0.05,0.0,255,16,0.06,0.05,0.0,1.0,1.0,0.0,1,14618.0
55,9,105,2080,0,1,1,0.0,0.0,1.0,0.0,0.0,77,2,0.03,0.08,0.0,0.01,0.5,0.0,0,71080.0
19,5,0,0,0,0,261,1.0,1.0,0.07,0.07,0.0,255,19,0.07,0.07,0.0,1.0,1.0,0.0,1,9765.0
19,9,491,0,0,1,1,0.0,0.0,1.0,0.0,0.0,238,63,0.21,0.02,0.03,0.0,0.0,0.0,0,19812.0
22,9,355,369,0,1,6,0.0,0.0,1.0,0.0,0.27,17,255,1.0,0.0,0.01,0.0,0.01,0.0,0,70337.0
13,9,18,0,0,0,1,0.0,0.0,1.0,0.0,0.0,2,38,1.0,0.0,0.26,0.0,0.0,0.0,1,53431.0
60,5,0,0,0,0,143,1.0,1.0,0.06,0.08,0.0,255,9,0.04,0.07,0.0,1.0,1.0,0.0,1,103907.0
18,9,1424,4152,0,1,1,0.0,0.0,1.0,0.0,0.0,7,1,0.14,0.43,0.0,0.0,0.0,0.0,0,125851.0
49,9,1942,332,0,1,1,0.0,0.0,1.0,0.0,1.0,223,143,0.56,0.03,0.01,0.0,0.0,0.0,0,55005.0
22,9,294,1158,0,1,28,0.0,0.0,1.0,0.0,0.1,255,255,1.0,0.0,0.0,0.0,0.0,0.0,0,64077.0
22,9,303,5196,0,1,45,0.0,0.0,1.0,0.0,0.0,255,255,1.0,0.0,0.0,0.0,0.0,0.0,0,90411.0
47,5,0,0,0,0,226,1.0,1.0,0.06,0.07,0.0,255,13,0.05,0.09,0.0,1.0,1.0,0.0,1,125640.0
22,9,317,515,0,1,3,0.0,0.0,1.0,0.0,0.0,255,255,1.0,0.0,0.0,0.0,0.0,0.0,0,3636.0
11,9,45,132,0,0,59,0.0,0.0,1.0,0.0,0.0,204,149,0.73,0.02,0.0,0.0,0.0,0.0,0,68083.0
45,5,0,0,0,0,112,1.0,1.0,0.12,0.06,0.0,255,18,0.07,0.06,0.0,1.0,1.0,0.0,1,115210.0
45,1,0,0,0,0,79,0.0,0.0,0.05,0.06,0.0,255,4,0.02,0.06,0.0,0.0,0.0,1.0,1,36788.0
14,9,30,0,0,0,2,0.0,0.0,1.0,0.0,0.0,183,183,1.0,0.0,0.0,0.0,0.0,0.0,0,44156.0
22,9,232,3550,0,1,31,0.0,0.0,1.0,0.0,0.0,255,255,1.0,0.0,0.0,0.0,0.0,0.0,0,42482.0
45,9,1,0,0,0,14,0.0,0.0,0.14,0.14,0.0,255,49,0.19,0.38,0.0,0.0,0.0,0.0,1,67859.0
22,9,243,6940,0,1,14,0.0,0.0,1.0,0.0,0.0,255,255,1.0,0.0,0.0,0.0,0.0,0.0,0,92677.0
49,9,1036,333,0,1,1,0.0,0.0,1.0,0.0,0.0,44,133,0.5,0.05,0.02,0.0,0.0,0.0,0,42351.0
22,9,283,255,0,1,8,0.0,0.0,1.0,0.0,0.0,255,255,1.0,0.0,0.0,0.0,0.0,0.0,0,2125.0
45,5,0,0,0,0,95,1.0,1.0,0.03,0.07,0.0,202,3,0.01,0.07,0.0,1.0,1.0,0.0,1,44236.0
23,5,0,0,0,0,150,1.0,1.0,0.01,0.06,0.0,255,1,0.0,0.07,0.0,1.0,1.0,0.0,1,63267.0
22,9,175,35216,0,1,1,0.0,0.0,1.0,0.0,1.0,255,255,1.0,0.0,0.0,0.0,0.0,0.0,0,48183.0
40,9,146,105,0,0,2,0.0,0.0,1.0,0.0,0.0,255,2,0.01,0.85,0.0,0.0,0.0,0.0,0,104223.0
11,9,43,130,0,0,78,0.0,0.0,1.0,0.0,0.01,255,254,1.0,0.01,0.0,0.0,0.0,0.0,0,121552.0
11,9,45,129,0,0,212,0.0,0.0,1.0,0.0,0.01,255,253,0.99,0.01,0.0,0.0,0.0,0.0,0,118118.0
55,9,90,3302,0,1,1,0.0,0.0,1.0,0.0,0.0,181,35,0.19,0.03,0.0,0.0,0.0,0.0,0,20985.0
12,5,0,0,0,0,276,1.0,1.0,0.07,0.05,0.0,255,20,0.08,0.08,0.0,1.0,1.0,0.0,1,42247.0
5,5,0,0,0,0,127,1.0,1.0,0.04,0.07,0.0,255,5,0.02,0.06,0.0,1.0,1.0,0.0,1,93331.0
22,9,214,3184,0,1,2,0.5,0.5,1.0,0.0,0.0,2,88,1.0,0.0,0.12,0.5,0.01,0.0,0,19545.0
22,9,156,34720,0,1,18,0.0,0.0,1.0,0.0,0.0,95,255,1.0,0.0,0.05,0.0,0.0,0.0,0,104481.0
59,5,0,0,0,0,128,1.0,1.0,0.06,0.05,0.0,255,8,0.03,0.05,0.0,1.0,1.0,0.0,1,31689.0
7,5,0,0,0,0,126,1.0,1.0,0.16,0.06,0.0,255,18,0.07,0.06,0.0,1.0,1.0,0.0,1,4296.0
14,9,520,0,0,0,477,0.0,0.0,1.0,0.0,0.0,53,53,1.0,0.0,0.0,0.0,0.0,0.0,1,29559.0
13,9,8,0,0,0,1,0.0,0.0,1.0,0.0,0.0,2,58,1.0,0.0,0.5,0.0,0.0,0.0,1,106475.0
22,9,236,1432,0,1,6,0.0,0.0,1.0,0.0,0.15,255,255,1.0,0.0,0.0,0.0,0.0,0.0,0,100720.0
13,9,30,0,0,0,2,0.0,0.0,0.5,1.0,0.0,255,37,0.15,0.01,0.0,0.0,0.0,0.0,0,1466.0
22,9,152,8157,0,1,14,0.0,0.0,1.0,0.0,0.0,255,255,1.0,0.0,0.0,0.0,0.0,0.0,0,19760.0
45,3,0,0,0,0,155,0.7,0.5,0.01,0.38,0.0,255,2,0.01,0.23,0.0,0.42,0.5,0.5,1,122899.0
18,5,0,0,0,0,285,1.0,1.0,0.04,0.05,0.0,255,12,0.05,0.05,0.0,1.0,1.0,0.0,1,42951.0
22,9,221,5845,0,1,10,0.0,0.0,1.0,0.0,0.18,103,255,1.0,0.0,0.04,0.0,0.0,0.0,0,52452.0
0,2,1308,5642,0,1,1,0.0,0.0,1.0,0.0,0.0,92,3,0.03,0.02,0.0,0.0,0.0,1.0,0,37481.0
19,9,383,0,0,0,2,0.0,0.0,1.0,0.0,0.0,50,55,0.06,0.08,0.04,0.0,0.0,0.0,0,66752.0
22,9,344,1070,0,1,12,0.0,0.0,1.0,0.0,0.0,232,255,1.0,0.0,0.02,0.0,0.0,0.0,0,38692.0
22,9,192,7397,0,1,3,0.0,0.0,1.0,0.0,0.0,10,255,1.0,0.0,0.07,0.0,0.0,0.0,0,89323.0
45,5,0,0,0,0,138,1.0,1.0,0.04,0.06,0.0,255,6,0.02,0.07,0.0,1.0,1.0,0.0,1,74.0
56,5,0,0,0,0,217,1.0,1.0,0.07,0.06,0.0,255,16,0.06,0.06,0.0,1.0,1.0,0.0,1,94440.0
22,9,248,6787,0,1,2,0.0,0.0,1.0,0.0,0.0,2,255,1.0,0.0,0.04,0.0,0.0,0.0,0,39343.0
40,1,0,0,0,0,511,0.18,0.0,0.0,1.0,0.0,255,1,0.0,1.0,0.0,0.16,0.0,1.0,1,42978.0
22,9,226,2507,0,1,5,0.0,0.0,1.0,0.0,0.18,130,119,0.92,0.02,0.0,0.0,0.0,0.0,0,20427.0
22,9,181,10333,0,1,3,0.33,0.4,1.0,0.0,0.6,116,255,1.0,0.0,0.03,0.01,0.0,0.0,0,3287.0
22,9,206,312,0,1,41,0.0,0.0,1.0,0.0,0.0,255,255,1.0,0.0,0.0,0.0,0.0,0.04,0,33692.0
22,9,214,4213,0,1,12,0.0,0.0,1.0,0.0,0.14,72,255,1.0,0.0,0.01,0.0,0.0,0.0,0,39198.0
22,9,329,396,0,1,6,0.0,0.0,1.0,0.0,0.0,255,255,1.0,0.0,0.0,0.0,0.0,0.0,0,47952.0
45,5,0,0,0,0,56,1.0,1.0,0.25,0.07,0.0,235,14,0.06,0.06,0.0,1.0,1.0,0.0,1,89242.0
22,9,298,1589,0,1,2,0.0,0.0,1.0,0.0,0.08,8,53,1.0,0.0,0.09,0.0,0.0,0.0,0,104887.0
49,9,1322,332,0,1,1,0.0,0.91,1.0,0.0,0.14,75,154,0.88,0.05,0.02,0.01,0.02,0.01,0,61703.0
22,1,0,0,0,0,1,0.0,0.91,1.0,0.0,0.14,13,211,1.0,0.0,0.19,0.0,0.0,0.97,0,96394.0
37,5,0,0,0,0,135,1.0,1.0,0.13,0.05,0.0,255,9,0.04,0.07,0.0,1.0,1.0,0.0,1,42812.0
22,9,330,2229,0,1,3,0.33,0.5,1.0,0.0,0.5,169,255,1.0,0.0,0.02,0.01,0.01,0.0,0,84609.0
22,9,229,2948,0,1,5,0.0,0.0,1.0,0.0,0.0,81,255,1.0,0.0,0.07,0.0,0.0,0.0,0,94260.0
22,9,335,284,0,1,16,0.0,0.0,1.0,0.0,0.0,255,255,1.0,0.0,0.0,0.0,0.0,0.0,0,85194.0
22,9,308,351,0,1,6,0.0,0.0,1.0,0.0,0.29,255,255,1.0,0.0,0.0,0.0,0.0,0.0,0,113162.0
22,9,314,255,0,1,24,0.0,0.0,1.0,0.0,0.0,25,255,1.0,0.0,0.04,0.0,0.0,0.0,0,16874.0
45,9,1,0,0,0,13,0.0,0.0,0.54,0.38,0.0,255,7,0.03,0.79,0.0,0.1,0.0,0.0,1,51576.0
22,9,262,19525,0,1,1,0.0,0.0,1.0,0.0,0.0,3,7,1.0,0.0,0.29,0.33,0.14,0.0,0,58766.0
22,9,183,5007,0,1,6,0.0,0.0,1.0,0.0,0.0,13,255,1.0,0.0,0.05,0.0,0.0,0.0,0,39952.0
45,5,0,0,0,0,254,1.0,1.0,0.01,0.06,0.0,255,12,0.05,0.08,0.0,1.0,1.0,0.0,1,62689.0
22,5,0,0,0,0,2,0.5,0.5,1.0,0.0,0.0,36,255,1.0,0.0,0.01,0.03,0.01,0.0,0,109420.0
12,5,0,0,0,0,229,1.0,1.0,0.09,0.06,0.0,255,20,0.08,0.07,0.0,1.0,1.0,0.0,1,104469.0
19,5,0,0,0,0,233,1.0,1.0,0.09,0.06,0.0,255,22,0.09,0.06,0.0,1.0,1.0,0.0,1,35290.0
13,9,8,0,0,0,1,0.0,0.0,1.0,0.0,1.0,2,45,1.0,0.0,0.51,0.0,0.0,0.0,1,64137.0
45,5,0,0,0,0,295,1.0,1.0,0.06,0.06,0.0,255,18,0.07,0.08,0.0,1.0,1.0,0.0,1,74516.0
22,9,264,404,0,1,3,0.33,0.12,1.0,0.0,0.25,118,255,1.0,0.0,0.02,0.01,0.01,0.0,0,34071.0
19,9,190,0,0,1,2,0.0,0.0,1.0,0.0,0.0,199,49,0.13,0.02,0.04,0.0,0.0,0.0,0,118784.0
18,9,230,644,0,1,1,0.0,0.0,1.0,0.0,0.0,4,1,0.25,0.75,0.0,0.0,0.0,0.0,0,102579.0
23,5,0,0,0,0,115,1.0,1.0,0.03,0.07,0.0,255,3,0.01,0.07,0.0,1.0,1.0,0.0,1,89937.0
45,5,0,0,0,0,172,1.0,1.0,0.01,0.06,0.0,18,2,0.11,0.22,0.0,0.22,1.0,0.0,1,115551.0
20,5,0,0,0,0,251,1.0,1.0,0.05,0.06,0.0,255,12,0.05,0.07,0.0,1.0,1.0,0.0,1,25497.0
22,9,205,5989,0,1,21,0.0,0.0,1.0,0.0,0.0,255,255,1.0,0.0,0.0,0.0,0.0,0.0,0,38254.0
11,9,45,81,0,0,238,0.0,0.0,1.0,0.0,0.0,255,229,0.9,0.01,0.0,0.0,0.0,0.0,0,96315.0
22,9,206,842,0,1,2,0.0,0.0,1.0,0.0,0.0,42,255,1.0,0.0,0.04,0.0,0.0,0.0,0,55277.0
22,1,0,0,0,0,205,0.0,0.0,0.01,0.07,0.0,255,3,0.01,0.08,0.0,0.0,0.0,1.0,1,14764.0
19,9,641,0,0,0,3,0.0,0.0,0.67,0.67,0.0,67,63,0.22,0.07,0.03,0.0,0.02,0.0,0,9847.0
38,5,0,0,0,0,104,1.0,1.0,0.13,0.06,0.0,255,11,0.04,0.07,0.0,1.0,1.0,0.0,1,113210.0
11,9,44,128,0,0,77,0.0,0.0,1.0,0.0,0.01,255,255,1.0,0.0,0.0,0.0,0.0,0.0,0,76083.0
22,9,204,689,0,1,9,0.0,0.0,1.0,0.0,0.0,24,255,1.0,0.0,0.07,0.0,0.01,0.0,0,48867.0
22,9,209,1665,0,1,8,0.0,0.0,1.0,0.0,0.2,184,255,1.0,0.0,0.01,0.0,0.0,0.0,0,63805.0
45,5,0,0,0,0,297,1.0,1.0,0.05,0.05,0.0,255,6,0.02,0.06,0.0,1.0,1.0,0.0,1,20364.0
5,5,0,0,0,0,141,1.0,1.0,0.13,0.06,0.0,255,4,0.02,0.06,0.0,1.0,1.0,0.0,1,46445.0
11,9,45,76,0,0,235,0.0,0.0,1.0,0.0,0.01,255,192,0.75,0.01,0.0,0.0,0.0,0.0,0,120257.0
22,9,298,791,0,1,15,0.0,0.0,1.0,0.0,0.0,219,255,1.0,0.0,0.01,0.0,0.0,0.0,0,47353.0
45,9,105,0,0,0,1,0.0,0.0,1.0,0.0,0.0,41,32,0.78,0.07,0.0,0.0,0.0,0.0,0,13775.0
62,5,0,0,0,0,62,1.0,1.0,0.15,0.1,0.0,255,17,0.07,0.07,0.0,1.0,1.0,0.0,1,54029.0
40,9,1,0,0,0,43,0.0,0.0,0.05,0.21,0.0,255,2,0.01,0.11,0.0,0.0,0.0,0.0,1,76069.0
22,9,203,940,0,1,4,0.0,0.0,1.0,0.0,0.0,4,255,1.0,0.0,0.02,0.0,0.0,0.0,0,43343.0
22,5,0,0,0,0,23,1.0,1.0,0.39,0.17,0.0,255,65,0.25,0.02,0.0,1.0,1.0,0.0,1,71916.0
40,9,145,105,0,0,2,0.0,0.0,1.0,0.0,0.0,255,2,0.01,0.4,0.0,0.0,0.0,0.0,0,17870.0
22,9,228,4869,0,1,13,0.0,0.0,1.0,0.0,0.0,255,255,1.0,0.0,0.0,0.0,0.0,0.0,0,18323.0
19,9,29,0,0,1,2,0.5,0.5,1.0,0.0,0.0,39,72,0.46,0.13,0.03,0.05,0.06,0.0,0,63080.0
49,4,0,0,0,0,1,0.0,0.0,1.0,0.0,0.0,255,69,0.27,0.5,0.0,0.0,0.0,0.01,0,112191.0
60,5,0,0,0,0,248,1.0,1.0,0.04,0.06,0.0,255,10,0.04,0.06,0.0,1.0,1.0,0.0,1,18465.0
14,9,64,0,0,0,2,0.0,0.0,1.0,0.0,0.0,255,5,0.02,0.02,0.0,0.0,0.0,0.0,0,17489.0
11,9,44,150,0,0,75,0.0,0.0,1.0,0.0,0.01,255,254,1.0,0.01,0.0,0.0,0.0,0.0,0,77076.0
13,9,8,0,0,0,1,0.0,0.0,1.0,0.0,1.0,1,25,1.0,0.0,0.52,0.0,0.0,0.0,1,64618.0
24,5,0,0,0,0,279,1.0,1.0,0.05,0.05,0.0,255,15,0.06,0.08,0.0,1.0,1.0,0.0,1,23946.0
33,5,0,0,0,0,241,1.0,1.0,0.08,0.05,0.0,255,19,0.07,0.06,0.0,1.0,1.0,0.0,1,17916.0
14,9,520,0,0,0,172,0.0,0.0,1.0,0.0,0.0,255,255,1.0,0.0,0.0,0.0,0.0,0.0,1,88369.0
19,9,334,0,0,1,1,0.0,0.0,1.0,0.0,0.0,5,39,1.0,0.0,0.15,0.0,0.0,0.0,0,34062.0
40,9,145,105,0,0,2,0.0,0.0,1.0,0.0,0.0,255,2,0.01,0.15,0.0,0.0,0.0,0.0,0,121057.0
53,1,0,0,0,0,101,0.0,0.0,0.03,0.06,0.0,255,2,0.01,0.07,0.0,0.0,0.0,1.0,1,73161.0
20,5,0,0,0,0,206,1.0,1.0,0.12,0.05,0.0,255,24,0.09,0.05,0.0,1.0,1.0,0.0,1,13090.0
5,5,0,0,0,0,113,1.0,1.0,0.1,0.06,0.0,255,11,0.04,0.05,0.0,1.0,1.0,0.0,1,65319.0
45,1,0,0,0,0,85,0.0,0.0,0.24,0.07,0.0,255,20,0.08,0.07,0.0,0.0,0.0,1.0,1,15362.0
4,5,0,0,0,0,298,1.0,1.0,0.02,0.06,0.0,255,4,0.02,0.07,0.0,1.0,1.0,0.0,1,86959.0
61,5,0,0,0,0,224,1.0,1.0,0.07,0.06,0.0,255,15,0.06,0.07,0.0,1.0,1.0,0.0,1,36689.0
22,9,253,1487,0,1,1,0.0,0.0,1.0,0.0,0.0,255,250,0.98,0.01,0.0,0.0,0.0,0.0,0,121859.0
45,5,0,0,0,0,18,1.0,1.0,0.94,0.11,0.0,255,17,0.07,0.07,0.0,1.0,1.0,0.0,1,25178.0
45,9,1,0,0,0,146,0.0,0.0,0.86,0.03,0.0,255,166,0.65,0.04,0.0,0.0,0.0,0.0,1,18294.0
23,1,0,0,0,0,125,0.0,0.0,0.1,0.06,0.0,255,12,0.05,0.08,0.0,0.0,0.0,1.0,1,95148.0
19,9,383,0,0,1,2,0.0,0.0,1.0,0.0,0.0,194,84,0.3,0.08,0.02,0.01,0.01,0.0,0,114399.0
45,4,0,0,0,0,1,0.0,0.0,1.0,0.0,0.0,199,1,0.01,0.21,0.0,0.0,0.0,1.0,1,46550.0
13,9,8,0,0,0,1,0.0,0.0,1.0,0.0,1.0,1,197,1.0,0.0,0.25,0.0,0.0,0.0,1,25717.0
45,5,0,0,0,0,142,1.0,1.0,0.04,0.06,0.0,255,12,0.05,0.07,0.0,1.0,1.0,0.0,1,57572.0
3,5,0,0,0,0,251,1.0,1.0,0.03,0.06,0.0,255,8,0.03,0.07,0.0,1.0,1.0,0.0,1,30018.0
22,1,0,0,0,0,1,0.0,0.0,1.0,0.0,1.0,19,247,1.0,0.0,0.15,0.0,0.0,0.73,0,107909.0
45,5,0,0,0,0,21,1.0,1.0,0.14,0.14,0.0,255,18,0.07,0.07,0.0,1.0,1.0,0.0,1,102736.0
20,5,0,0,0,0,262,1.0,1.0,0.08,0.07,0.0,255,20,0.08,0.07,0.0,1.0,1.0,0.0,1,125467.0
49,9,1814,329,0,1,1,0.0,0.0,1.0,0.0,0.0,255,70,0.27,0.03,0.0,0.0,0.01,0.0,0,63009.0
51,5,0,0,0,0,296,1.0,1.0,0.04,0.05,0.0,255,11,0.04,0.05,0.0,1.0,1.0,0.0,1,57564.0
19,9,749,0,0,0,1,0.0,0.0,1.0,0.0,0.0,255,42,0.16,0.02,0.0,0.55,0.0,0.0,0,2092.0
4,5,0,0,0,0,152,1.0,1.0,0.05,0.07,0.0,255,8,0.03,0.07,0.0,1.0,1.0,0.0,1,124985.0
22,9,290,492,0,1,2,0.0,0.0,1.0,0.0,0.15,12,255,1.0,0.0,0.02,0.0,0.0,0.0,0,90178.0
19,1,0,0,0,0,260,0.0,0.0,0.02,0.06,0.0,255,5,0.02,0.08,0.0,0.0,0.0,1.0,1,108301.0
22,1,0,0,0,0,1,0.0,0.0,1.0,0.0,1.0,6,149,1.0,0.0,0.03,0.0,0.0,0.36,0,28526.0
22,9,335,392,0,1,14,0.0,0.0,1.0,0.0,0.0,255,255,1.0,0.0,0.0,0.0,0.0,0.0,0,50461.0
22,9,352,3461,0,1,3,0.0,0.0,1.0,0.0,0.13,145,255,1.0,0.0,0.02,0.0,0.0,0.0,0,89423.0
11,9,34,34,0,0,2,0.0,0.0,1.0,0.0,0.56,255,255,1.0,0.0,0.0,0.0,0.0,0.0,0,59554.0
49,9,1625,329,0,1,1,0.0,0.0,1.0,0.0,0.0,93,114,0.59,0.08,0.02,0.0,0.0,0.0,0,119692.0
22,5,0,0,0,0,250,1.0,0.95,0.08,0.06,0.1,255,19,0.07,0.07,0.0,1.0,1.0,0.0,1,66393.0
49,9,9210,333,0,1,1,0.0,0.0,1.0,0.0,1.0,89,56,0.47,0.07,0.04,0.0,0.0,0.0,0,18221.0
22,9,242,464,0,1,6,0.0,0.0,1.0,0.0,0.22,54,255,1.0,0.0,0.15,0.0,0.0,0.87,0,33486.0
6,1,0,0,0,0,271,0.0,0.0,0.06,0.06,0.0,255,16,0.06,0.07,0.0,0.0,0.0,1.0,1,54524.0
11,9,45,129,0,0,185,0.0,0.0,0.99,0.01,0.01,187,148,0.79,0.02,0.0,0.0,0.0,0.0,0,77947.0
13,9,8,0,0,0,1,0.0,0.0,1.0,0.0,1.0,1,77,1.0,0.0,0.52,0.0,0.0,0.0,1,37464.0
15,1,0,0,0,0,116,0.0,0.0,0.1,0.08,0.0,255,12,0.05,0.07,0.0,0.0,0.0,1.0,1,930.0
14,9,1032,0,0,0,511,0.0,0.0,1.0,0.0,0.0,255,191,0.75,0.01,0.0,0.0,0.0,0.0,1,95350.0
40,1,0,0,0,0,511,0.14,0.0,0.0,1.0,0.0,255,1,0.0,1.0,0.0,0.19,0.0,1.0,1,73511.0
52,5,0,0,0,0,248,1.0,1.0,0.0,0.07,0.0,255,1,0.0,0.08,0.0,1.0,1.0,0.0,1,45403.0
22,9,194,8163,0,1,24,0.0,0.0,1.0,0.0,0.06,24,255,1.0,0.0,0.04,0.0,0.01,0.01,0,11635.0
19,9,5319,0,0,0,9,0.0,0.0,0.89,0.22,0.0,46,99,0.65,0.15,0.02,0.0,0.0,0.0,0,83040.0
22,9,218,3049,0,1,5,0.0,0.0,1.0,0.0,0.0,5,255,1.0,0.0,0.06,0.0,0.0,0.0,0,54372.0
20,1,0,0,0,0,228,0.0,0.0,0.04,0.07,0.0,255,9,0.04,0.08,0.0,0.0,0.0,1.0,1,32157.0
45,1,0,0,0,0,105,0.01,0.0,0.01,1.0,0.0,255,1,0.0,0.43,0.0,0.0,0.0,1.0,1,105813.0
62,5,0,0,0,0,103,1.0,1.0,0.13,0.06,0.0,255,7,0.03,0.07,0.0,1.0,1.0,0.0,1,84996.0
11,9,46,135,0,0,77,0.0,0.0,1.0,0.0,0.01,255,194,0.76,0.02,0.0,0.0,0.0,0.0,0,71518.0
40,9,146,105,0,0,1,0.0,0.0,1.0,0.0,0.0,255,1,0.0,0.53,0.0,0.0,0.0,0.0,0,89419.0
14,9,520,0,0,0,131,0.0,0.0,1.0,0.0,0.0,255,255,1.0,0.0,0.0,0.0,0.0,0.0,1,79578.0
11,9,43,43,0,0,112,0.0,0.0,1.0,0.0,0.03,232,167,0.72,0.02,0.0,0.0,0.0,0.0,0,110074.0
37,5,0,0,0,0,117,1.0,1.0,0.16,0.05,0.0,255,11,0.04,0.05,0.0,1.0,1.0,0.0,1,90667.0
22,9,348,397,0,1,5,0.0,0.0,1.0,0.0,0.18,78,255,1.0,0.0,0.01,0.0,0.0,0.0,0,37738.0
6,5,0,0,0,0,225,1.0,1.0,0.05,0.06,0.0,255,18,0.07,0.08,0.0,1.0,1.0,0.0,1,104213.0
11,9,44,44,0,0,90,0.0,0.0,1.0,0.0,0.01,255,255,1.0,0.0,0.0,0.0,0.0,0.0,0,104914.0
60,1,0,0,0,0,255,0.0,0.0,0.05,0.07,0.0,255,12,0.05,0.07,0.0,0.0,0.0,1.0,1,42788.0
52,5,0,0,0,0,296,1.0,1.0,0.08,0.05,0.0,255,24,0.09,0.05,0.0,1.0,1.0,0.0,1,83274.0
45,5,0,0,0,0,100,1.0,1.0,0.01,0.07,0.0,255,7,0.03,0.06,0.0,1.0,1.0,0.0,1,38001.0
22,9,293,1031,0,1,12,0.0,0.0,1.0,0.0,0.0,26,255,1.0,0.0,0.03,0.0,0.0,0.0,0,122683.0
36,5,0,0,0,0,278,1.0,1.0,0.01,0.06,0.0,255,4,0.02,0.06,0.0,1.0,1.0,0.0,1,110793.0
49,9,1166,364,0,1,2,0.0,0.0,0.5,1.0,0.0,230,188,0.74,0.02,0.01,0.0,0.0,0.0,0,47363.0
22,9,315,289,0,1,9,0.0,0.0,1.0,0.0,0.21,53,255,1.0,0.0,0.01,0.0,0.0,0.0,0,3448.0
22,9,213,2019,0,1,15,0.0,0.0,1.0,0.0,0.0,83,255,1.0,0.0,0.02,0.0,0.0,0.0,0,73971.0
14,9,520,0,0,0,159,0.0,0.0,1.0,0.0,0.0,255,255,1.0,0.0,0.0,0.0,0.0,0.0,1,33717.0
22,5,0,0,0,0,17,1.0,0.9,0.53,0.12,0.2,177,49,0.28,0.02,0.0,1.0,1.0,0.0,1,53587.0
22,9,239,3691,0,1,1,0.0,0.0,1.0,0.0,0.0,4,255,1.0,0.0,0.03,0.0,0.0,0.0,0,39941.0
30,5,0,0,0,0,133,1.0,1.0,0.03,0.06,0.0,255,4,0.02,0.06,0.0,1.0,1.0,0.0,1,50257.0
4,5,0,0,0,0,284,1.0,1.0,0.05,0.05,0.0,255,13,0.05,0.05,0.0,1.0,1.0,0.0,1,33444.0
19,9,14052,0,0,0,1,0.0,0.0,1.0,0.0,0.0,255,7,0.03,0.07,0.0,0.91,0.0,0.0,0,94514.0
45,5,0,0,0,0,114,1.0,1.0,0.03,0.07,0.0,255,1,0.0,0.09,0.0,1.0,1.0,0.0,1,8128.0
13,9,8,0,0,0,1,0.0,0.0,1.0,0.0,1.0,2,8,1.0,0.0,0.5,0.0,0.0,0.0,1,19226.0
22,9,205,365,0,1,19,0.0,0.0,1.0,0.0,0.1,255,255,1.0,0.0,0.0,0.0,0.0,0.0,0,110336.0
22,9,281,758,0,1,1,0.0,0.0,1.0,0.0,0.29,33,255,1.0,0.0,0.05,0.0,0.0,0.0,0,103909.0
22,9,316,955,0,1,7,0.0,0.0,1.0,0.0,0.25,183,255,1.0,0.0,0.02,0.0,0.0,0.0,0,68738.0
19,9,245,0,0,1,2,0.0,0.0,1.0,0.0,0.0,238,57,0.24,0.02,0.0,0.0,0.0,0.0,0,107902.0
22,9,213,1721,0,1,12,0.0,0.0,1.0,0.0,0.0,255,255,1.0,0.0,0.0,0.0,0.0,0.0,0,54241.0
13,9,8,0,0,0,1,0.0,0.0,1.0,0.0,1.0,2,92,1.0,0.0,0.5,0.0,0.0,0.0,1,66304.0
22,9,240,640,0,1,7,0.0,0.0,1.0,0.0,0.25,69,255,1.0,0.0,0.03,0.0,0.0,0.0,0,90273.0
45,5,0,0,0,0,285,1.0,1.0,0.05,0.06,0.0,255,13,0.05,0.06,0.0,1.0,1.0,0.0,1,55553.0
18,6,234,754,0,1,1,1.0,1.0,1.0,0.0,0.0,81,18,0.22,0.06,0.0,0.02,0.11,0.0,0,57515.0
22,9,202,511,0,1,6,0.0,0.0,1.0,0.0,0.17,255,255,1.0,0.0,0.0,0.0,0.0,0.0,0,41656.0
13,9,8,0,0,0,1,0.0,0.0,1.0,0.0,1.0,1,121,1.0,0.0,0.5,0.0,0.0,0.0,1,46590.0
22,9,330,9241,0,1,5,0.0,0.0,1.0,0.0,0.0,32,255,1.0,0.0,0.03,0.0,0.0,0.0,0,125754.0
5,5,0,0,0,0,143,1.0,1.0,0.14,0.06,0.0,255,9,0.04,0.06,0.0,1.0,1.0,0.0,1,7472.0
45,5,0,0,0,0,275,1.0,1.0,0.07,0.06,0.0,255,2,0.01,0.09,0.0,1.0,1.0,0.0,1,56037.0
19,9,3002,0,0,1,1,0.0,0.0,1.0,0.0,0.0,211,117,0.45,0.01,0.02,0.0,0.0,0.0,0,73876.0
45,9,1,0,0,0,24,0.0,0.0,0.33,0.12,0.0,255,8,0.03,0.6,0.0,0.0,0.0,0.0,1,74640.0
22,9,264,361,0,1,12,0.0,0.0,1.0,0.0,0.0,255,255,1.0,0.0,0.0,0.0,0.0,0.0,0,32184.0
22,9,347,6106,0,1,26,0.0,0.0,1.0,0.0,0.0,152,255,1.0,0.0,0.01,0.0,0.0,0.0,0,49547.0
11,9,44,115,0,0,224,0.0,0.0,1.0,0.0,0.01,255,181,0.71,0.01,0.0,0.0,0.0,0.0,0,113466.0
23,5,0,0,0,0,143,1.0,1.0,0.09,0.06,0.0,255,12,0.05,0.06,0.0,1.0,1.0,0.0,1,107974.0
22,1,0,0,0,0,14,0.0,0.0,1.0,0.0,0.0,49,251,1.0,0.0,0.18,0.0,0.0,0.98,0,80054.0
13,9,8,0,0,0,1,0.0,0.0,1.0,0.0,1.0,2,34,1.0,0.0,0.26,0.0,0.0,0.0,1,122015.0
4,5,0,0,0,0,90,1.0,1.0,0.11,0.07,0.0,255,2,0.01,0.07,0.0,1.0,1.0,0.0,1,84306.0
22,9,302,2369,0,1,8,0.0,0.0,1.0,0.0,0.06,8,255,1.0,0.0,0.05,0.0,0.0,0.0,0,70685.0
45,1,0,0,0,0,241,0.0,0.0,0.04,0.07,0.0,255,9,0.04,0.07,0.0,0.0,0.0,1.0,1,66268.0
22,9,215,1054,0,1,11,0.0,0.0,1.0,0.0,0.0,46,255,1.0,0.0,0.02,0.0,0.0,0.0,0,52428.0
22,9,234,1931,0,1,5,0.0,0.0,1.0,0.0,0.0,23,255,1.0,0.0,0.05,0.0,0.0,0.0,0,110287.0
11,9,45,130,0,0,71,0.0,0.0,1.0,0.0,0.01,255,254,1.0,0.01,0.0,0.0,0.0,0.0,0,40484.0
22,9,314,6924,0,1,43,0.0,0.0,1.0,0.0,0.09,255,255,1.0,0.0,0.0,0.0,0.0,0.01,0,110715.0
22,1,0,0,0,0,1,0.0,0.0,1.0,0.0,0.0,5,255,1.0,0.0,0.11,0.0,0.0,0.98,0,11588.0
49,9,4107,337,0,1,1,0.0,0.0,1.0,0.0,1.0,173,156,0.59,0.02,0.01,0.0,0.0,0.0,0,80215.0
13,9,8,0,0,0,1,0.0,0.0,1.0,0.0,1.0,2,62,1.0,0.0,0.5,0.0,0.0,0.0,1,96070.0
16,5,0,0,0,0,99,1.0,1.0,0.16,0.07,0.0,255,16,0.06,0.06,0.0,1.0,1.0,0.0,1,119521.0
22,9,317,667,0,1,10,0.0,0.0,1.0,0.0,0.0,255,255,1.0,0.0,0.0,0.0,0.0,0.0,0,12863.0
9,5,0,0,0,0,184,1.0,1.0,0.02,0.07,0.0,255,4,0.02,0.07,0.0,1.0,1.0,0.0,1,19969.0
22,9,318,2280,0,1,10,0.0,0.0,1.0,0.0,0.12,255,255,1.0,0.0,0.0,0.0,0.0,0.0,0,25938.0
22,9,302,60397,0,1,19,0.0,0.0,1.0,0.0,0.0,36,255,1.0,0.0,0.01,0.0,0.0,0.0,0,33299.0
45,5,0,0,0,0,77,1.0,1.0,0.23,0.06,0.0,227,18,0.08,0.06,0.0,1.0,1.0,0.0,1,52513.0
30,2,0,0,0,0,125,0.0,0.0,0.04,0.06,0.0,255,5,0.02,0.07,0.0,0.0,0.0,1.0,1,110962.0
22,1,0,0,0,0,1,0.0,0.0,1.0,0.0,0.0,43,126,1.0,0.0,0.21,0.0,0.0,1.0,0,21853.0
22,9,224,3012,0,1,2,0.0,0.0,1.0,0.0,0.09,18,255,1.0,0.0,0.01,0.0,0.0,0.0,0,23412.0
22,1,0,0,0,0,1,0.0,0.0,1.0,0.0,0.0,3,117,1.0,0.0,0.21,0.0,0.0,1.0,0,113144.0
19,9,2194619,0,0,1,2,0.0,0.0,1.0,0.0,0.0,19,6,0.32,0.16,0.0,0.0,0.0,0.0,0,63590.0
45,9,28,0,3,0,71,0.0,0.0,1.0,0.0,0.0,255,71,0.28,0.01,0.0,0.0,0.0,0.0,1,73615.0
22,9,325,503,0,1,12,0.0,0.0,1.0,0.0,0.0,44,255,1.0,0.0,0.02,0.0,0.0,0.0,0,2725.0
11,9,45,111,0,0,6,0.0,0.0,1.0,0.0,0.22,62,53,0.85,0.05,0.0,0.0,0.0,0.0,0,30633.0
22,9,214,8487,0,1,14,0.07,0.07,1.0,0.0,0.0,76,255,1.0,0.0,0.01,0.0,0.0,0.0,0,18858.0
49,9,1285,328,0,1,1,0.0,0.0,1.0,0.0,0.0,4,3,0.75,0.5,0.0,0.0,0.0,0.0,0,71715.0
14,9,1032,0,0,0,511,0.0,0.0,1.0,0.0,0.0,255,96,0.38,0.02,0.0,0.04,0.0,0.0,1,68511.0
15,5,0,0,0,0,141,1.0,1.0,0.09,0.06,0.0,255,13,0.05,0.06,0.0,1.0,1.0,0.0,1,14071.0
22,9,305,1319,0,1,4,0.0,0.0,1.0,0.0,0.44,255,255,1.0,0.0,0.0,0.0,0.0,0.0,0,48046.0
18,2,0,0,0,0,250,0.0,0.0,0.03,0.07,0.0,255,7,0.03,0.08,0.0,0.0,0.0,1.0,1,41217.0
19,9,3690,0,0,0,4,0.0,0.0,1.0,0.0,0.0,255,112,0.44,0.03,0.0,0.0,0.0,0.0,0,48828.0
22,9,212,2153,0,1,5,0.0,0.0,1.0,0.0,0.18,255,255,1.0,0.0,0.0,0.0,0.0,0.0,0,116299.0
45,1,0,0,0,0,249,0.04,0.0,0.0,1.0,0.0,255,1,0.0,0.97,0.0,0.04,0.0,1.0,1,68627.0
45,5,0,0,0,0,226,1.0,1.0,0.08,0.05,0.0,255,19,0.07,0.07,0.0,1.0,1.0,0.0,1,54913.0
2,1,0,0,0,0,139,0.0,0.0,0.09,0.06,0.0,255,2,0.01,0.07,0.0,0.0,0.0,1.0,1,5201.0
45,4,1,0,0,0,2,0.0,0.0,1.0,0.0,0.0,255,2,0.01,0.74,0.0,0.0,0.0,1.0,1,14397.0
22,9,232,397,0,1,6,0.0,0.0,1.0,0.0,0.0,255,255,1.0,0.0,0.0,0.0,0.0,0.0,0,64568.0
19,5,0,0,0,0,227,1.0,0.92,0.05,0.07,0.17,255,1,0.0,0.07,0.0,1.0,1.0,0.0,1,81102.0
22,9,248,1724,0,1,2,0.0,0.0,1.0,0.0,0.67,255,232,0.91,0.01,0.0,0.0,0.0,0.0,0,80366.0
22,9,165,2725,0,1,1,0.0,0.0,1.0,0.0,1.0,9,10,1.0,0.0,0.2,0.0,0.0,0.0,0,44574.0
3,5,0,0,0,0,126,1.0,1.0,0.09,0.06,0.0,255,10,0.04,0.07,0.0,1.0,1.0,0.0,1,27380.0
22,9,207,2204,0,1,2,0.0,0.0,1.0,0.0,0.0,62,255,1.0,0.0,0.05,0.02,0.0,0.0,0,119900.0
14,9,1032,0,0,0,18,0.0,0.0,1.0,0.0,0.0,255,255,1.0,0.0,0.0,0.0,0.0,0.0,0,27390.0
11,9,43,74,0,0,287,0.0,0.0,1.0,0.01,0.0,255,254,1.0,0.01,0.0,0.0,0.0,0.0,0,65648.0
49,9,914,327,0,1,1,0.0,0.0,1.0,0.0,0.0,18,173,1.0,0.0,0.02,0.0,0.0,0.0,0,93566.0
49,9,1782,493,0,1,1,0.0,0.0,1.0,0.0,0.0,255,11,0.04,0.01,0.0,0.0,0.0,0.0,0,2485.0
22,9,334,3751,0,1,3,0.0,0.0,1.0,0.0,0.0,21,255,1.0,0.0,0.06,0.0,0.0,0.0,0,8351.0
13,9,30,0,0,0,5,0.0,0.0,0.2,0.6,0.0,255,24,0.09,0.01,0.0,0.0,0.0,0.0,0,34050.0
12,5,0,0,0,0,245,1.0,1.0,0.09,0.06,0.0,255,21,0.08,0.06,0.0,1.0,1.0,0.0,1,109647.0
22,9,285,2069,0,1,8,0.0,0.0,1.0,0.0,0.13,8,255,1.0,0.0,0.05,0.0,0.0,0.0,0,38755.0
13,9,8,0,0,0,1,0.0,0.0,1.0,0.0,1.0,2,255,1.0,0.0,0.25,0.0,0.0,0.0,1,109353.0
22,9,193,1175,0,1,15,0.0,0.0,1.0,0.0,0.11,15,255,1.0,0.0,0.03,0.0,0.0,0.0,0,65233.0
32,1,0,0,0,0,233,0.0,0.0,0.04,0.07,0.0,255,23,0.09,0.07,0.0,0.0,0.0,1.0,1,113463.0
19,5,0,0,0,0,78,1.0,1.0,0.24,0.05,0.0,255,55,0.22,0.04,0.0,1.0,1.0,0.0,1,60536.0
17,5,0,0,0,0,286,1.0,1.0,0.04,0.06,0.0,255,12,0.05,0.09,0.0,1.0,1.0,0.0,1,15405.0
22,1,0,0,0,0,103,0.0,0.0,0.02,0.07,0.0,255,2,0.01,0.08,0.0,0.0,0.0,1.0,1,69405.0
19,9,203,0,0,0,2,0.0,0.0,1.0,0.0,0.0,136,42,0.22,0.03,0.05,0.0,0.0,0.0,0,66833.0
45,1,0,0,0,0,15,0.0,0.0,0.07,1.0,0.0,255,1,0.0,0.1,0.0,0.0,0.0,1.0,1,105839.0
51,5,0,0,0,0,271,1.0,1.0,0.07,0.06,0.0,255,20,0.08,0.07,0.0,1.0,1.0,0.0,1,80381.0
45,5,0,0,0,0,184,1.0,1.0,0.07,0.07,0.0,255,2,0.01,0.07,0.0,1.0,1.0,0.0,1,90213.0
45,10,0,0,0,0,1,1.0,1.0,1.0,0.0,0.0,214,1,0.0,0.95,0.0,0.96,1.0,0.0,1,45234.0
45,9,1,0,0,0,55,0.0,0.0,0.51,0.07,0.0,255,94,0.37,0.06,0.0,0.0,0.0,0.0,1,124716.0
19,9,7012,0,0,1,2,0.0,0.0,1.0,0.0,0.0,255,55,0.22,0.02,0.0,0.0,0.0,0.0,0,86614.0
11,9,45,135,0,0,103,0.0,0.0,1.0,0.0,0.02,255,254,1.0,0.01,0.0,0.0,0.0,0.0,0,10971.0
22,4,29200,2920,0,1,4,0.0,0.0,1.0,0.0,0.0,255,255,1.0,0.0,0.0,0.0,0.0,0.04,0,6666.0
22,9,308,406,0,1,14,0.0,0.0,1.0,0.0,0.0,255,255,1.0,0.0,0.0,0.0,0.0,0.0,0,91224.0
22,9,219,261,0,1,8,0.0,0.0,1.0,0.0,0.13,255,255,1.0,0.0,0.0,0.0,0.0,0.0,0,53112.0
38,5,0,0,0,0,169,1.0,1.0,0.11,0.05,0.0,255,19,0.07,0.05,0.0,1.0,1.0,0.0,1,117155.0
22,9,227,2068,0,1,29,0.0,0.0,1.0,0.0,0.0,57,255,1.0,0.0,0.01,0.0,0.0,0.0,0,77617.0
19,9,567,0,0,0,1,0.0,0.0,1.0,0.0,0.0,255,104,0.41,0.03,0.0,0.0,0.0,0.0,0,31823.0
53,5,0,0,0,0,177,1.0,1.0,0.06,0.07,0.0,255,11,0.04,0.07,0.0,1.0,1.0,0.0,1,86238.0
22,9,303,1380,0,1,3,0.0,0.0,1.0,0.0,0.0,255,254,1.0,0.01,0.0,0.0,0.0,0.0,0,101631.0
22,6,259,11513,0,1,1,1.0,1.0,1.0,0.0,0.0,255,248,0.97,0.01,0.0,0.02,0.02,0.0,0,90466.0
40,9,147,105,0,0,5,0.0,0.0,0.2,0.6,0.0,169,2,0.01,0.57,0.0,0.0,0.0,0.0,0,15304.0
45,4,0,0,0,0,337,0.0,0.0,0.01,0.52,0.0,255,2,0.01,0.52,0.0,0.0,0.0,1.0,1,37522.0
40,4,1,0,0,0,2,0.0,0.0,1.0,0.0,0.0,255,2,0.01,0.74,0.0,0.0,0.0,1.0,1,98398.0
45,5,0,0,0,0,173,1.0,1.0,0.01,0.07,0.0,255,16,0.06,0.07,0.0,1.0,1.0,0.0,1,3725.0
52,2,0,0,0,0,298,0.0,0.0,0.06,0.06,0.0,255,19,0.07,0.07,0.0,0.0,0.0,1.0,1,117118.0
18,9,1141,3373,0,1,2,0.0,0.0,1.0,0.0,0.0,233,62,0.27,0.03,0.0,0.0,0.0,0.0,0,101105.0
22,9,238,2101,0,1,4,0.0,0.0,1.0,0.0,0.0,66,255,1.0,0.0,0.04,0.0,0.0,0.0,0,17437.0
22,9,54540,8314,0,1,5,0.0,0.0,1.0,0.0,0.0,158,158,1.0,0.0,0.0,0.0,0.0,0.06,0,115750.0
11,9,46,131,0,0,73,0.0,0.0,0.99,0.03,0.01,255,215,0.84,0.02,0.0,0.0,0.0,0.0,0,48223.0
22,9,287,181,0,1,19,0.0,0.0,1.0,0.0,0.0,255,255,1.0,0.0,0.0,0.0,0.0,0.0,0,57489.0
11,9,43,73,0,0,177,0.0,0.0,1.0,0.0,0.0,255,254,1.0,0.01,0.0,0.0,0.0,0.0,0,40461.0
19,9,6601,0,0,0,19,0.0,0.0,1.0,0.0,0.0,255,100,0.39,0.02,0.0,0.0,0.0,0.0,0,44578.0
22,9,201,5606,0,1,4,0.0,0.0,1.0,0.0,0.0,17,255,1.0,0.0,0.01,0.0,0.0,0.0,0,22328.0
22,9,228,1183,0,1,8,0.0,0.0,1.0,0.0,0.0,8,255,1.0,0.0,0.02,0.0,0.0,0.0,0,17057.0
13,9,30,0,0,0,1,0.0,0.0,1.0,0.0,0.0,87,131,1.0,0.0,0.18,0.0,0.0,0.0,0,6881.0
45,4,0,0,0,0,335,0.0,0.0,0.01,0.52,0.0,255,2,0.01,0.52,0.0,0.0,0.0,1.0,1,2162.0
22,9,225,758,0,1,1,0.0,0.0,1.0,0.0,0.0,2,255,1.0,0.0,0.01,0.0,0.0,0.0,0,17310.0
22,9,220,655,0,1,29,0.0,0.0,1.0,0.0,0.07,255,255,1.0,0.0,0.0,0.0,0.0,0.0,0,83240.0
53,5,0,0,0,0,231,1.0,1.0,0.01,0.07,0.0,255,2,0.01,0.07,0.0,1.0,1.0,0.0,1,93640.0
17,2,0,0,0,0,1,0.0,0.0,1.0,0.0,0.0,225,11,0.05,0.03,0.0,0.0,0.0,0.09,0,66255.0
2,1,0,0,0,0,245,0.0,0.0,0.01,0.07,0.0,255,3,0.01,0.07,0.0,0.0,0.0,1.0,1,76744.0
22,9,299,1210,0,1,14,0.0,0.0,1.0,0.0,0.0,31,255,1.0,0.0,0.02,0.0,0.0,0.0,0,121021.0
19,9,3909,0,0,1,4,0.0,0.0,1.0,0.0,0.0,84,30,0.19,0.05,0.07,0.0,0.0,0.0,0,61471.0
55,5,0,0,0,0,46,1.0,1.0,0.26,0.09,0.0,255,70,0.27,0.02,0.0,1.0,1.0,0.0,1,82876.0
22,9,328,1203,0,1,31,0.0,0.0,1.0,0.0,0.11,255,255,1.0,0.0,0.0,0.0,0.0,0.0,0,41109.0
49,2,0,0,0,0,108,0.0,0.0,0.03,0.07,0.0,255,3,0.01,0.08,0.0,0.0,0.0,1.0,1,86224.0
22,9,350,2162,0,1,10,0.0,0.0,1.0,0.0,0.0,218,255,1.0,0.0,0.01,0.0,0.0,0.0,0,97868.0
45,5,0,0,0,0,218,1.0,1.0,0.11,0.05,0.0,255,24,0.09,0.05,0.0,1.0,1.0,0.0,1,23223.0
11,9,46,46,0,0,165,0.0,0.0,1.0,0.0,0.0,255,255,1.0,0.0,0.0,0.0,0.0,0.0,0,53094.0
45,1,0,0,0,0,390,0.06,0.0,0.0,1.0,0.0,255,1,0.0,1.0,0.0,0.09,0.0,1.0,1,123694.0
22,9,202,454,0,1,11,0.0,0.0,1.0,0.0,0.0,255,255,1.0,0.0,0.0,0.0,0.0,0.0,0,5326.0
22,9,229,2545,0,1,10,0.0,0.0,1.0,0.0,0.12,255,255,1.0,0.0,0.0,0.0,0.0,0.0,0,92950.0
45,9,207,0,0,0,2,0.0,0.0,1.0,0.0,0.0,8,8,1.0,0.0,0.0,0.0,0.0,0.0,1,58160.0
56,5,0,0,0,0,230,1.0,1.0,0.02,0.05,0.0,255,5,0.02,0.06,0.0,1.0,1.0,0.0,1,124082.0
22,9,251,426,0,1,20,0.0,0.0,1.0,0.0,0.0,159,255,1.0,0.0,0.02,0.0,0.0,0.0,0,17728.0
11,9,46,137,0,0,153,0.0,0.0,1.0,0.0,0.01,255,255,1.0,0.0,0.0,0.0,0.0,0.0,0,13791.0
6,5,0,0,0,0,278,1.0,1.0,0.02,0.06,0.0,255,7,0.03,0.07,0.0,1.0,1.0,0.0,1,35983.0
22,5,0,0,0,0,11,1.0,1.0,0.73,0.18,0.0,255,59,0.23,0.04,0.0,1.0,1.0,0.0,1,6091.0
61,5,0,0,0,0,141,1.0,1.0,0.02,0.06,0.0,255,2,0.01,0.08,0.0,1.0,1.0,0.0,1,90374.0
22,9,162,4716,0,1,1,0.0,0.0,1.0,0.0,0.0,49,255,1.0,0.0,0.05,0.0,0.0,0.0,0,87456.0
52,5,0,0,0,0,205,1.0,1.0,0.08,0.06,0.0,255,17,0.07,0.07,0.0,1.0,1.0,0.0,1,40636.0
52,5,0,0,0,0,254,1.0,1.0,0.09,0.06,0.0,255,24,0.09,0.06,0.0,1.0,1.0,0.0,1,75918.0
22,1,0,0,0,0,1,0.0,0.0,1.0,0.0,1.0,1,102,1.0,0.0,0.03,0.0,0.01,0.51,0,93753.0
22,9,309,758,0,1,1,0.0,0.0,1.0,0.0,0.8,48,255,1.0,0.0,0.02,0.02,0.01,0.0,0,11807.0
22,9,177,12635,0,1,8,0.0,0.0,1.0,0.0,0.0,255,251,0.98,0.01,0.0,0.0,0.0,0.0,0,106451.0
49,9,1113,331,0,1,1,0.0,0.0,1.0,0.0,1.0,49,175,0.76,0.1,0.01,0.0,0.0,0.01,0,69273.0
22,7,149,43465,0,1,1,1.0,0.05,1.0,0.0,0.15,255,255,1.0,0.0,0.0,0.0,0.0,0.0,0,5944.0
24,5,0,0,0,0,289,1.0,1.0,0.04,0.05,0.0,255,13,0.05,0.05,0.0,1.0,1.0,0.0,1,70098.0
45,5,0,0,0,0,285,1.0,1.0,0.06,0.06,0.0,255,1,0.0,0.07,0.0,1.0,1.0,0.0,1,35156.0
16,5,0,0,0,0,124,1.0,1.0,0.02,0.07,0.0,255,2,0.01,0.07,0.0,1.0,1.0,0.0,1,83686.0
22,9,283,1051,0,1,5,0.0,0.0,1.0,0.0,0.0,5,255,1.0,0.0,0.04,0.0,0.0,0.0,0,93256.0
56,5,0,0,0,0,26,1.0,1.0,0.15,0.12,0.0,255,4,0.02,0.09,0.0,1.0,1.0,0.0,1,109255.0
51,5,0,0,0,0,221,1.0,1.0,0.02,0.07,0.0,255,4,0.02,0.08,0.0,1.0,1.0,0.0,1,17822.0
11,9,44,72,0,0,145,0.0,0.0,0.99,0.01,0.01,255,255,1.0,0.0,0.0,0.0,0.0,0.0,0,110982.0
22,9,167,5865,0,1,1,0.0,0.0,1.0,0.0,0.1,103,255,1.0,0.0,0.02,0.0,0.0,0.0,0,88021.0
22,9,183,9736,0,1,5,0.0,0.14,1.0,0.0,0.29,51,255,1.0,0.0,0.03,0.0,0.01,0.0,0,51031.0
34,5,0,0,0,0,227,1.0,1.0,0.06,0.06,0.0,255,14,0.05,0.07,0.0,1.0,1.0,0.0,1,79363.0
22,9,213,24572,0,1,1,0.0,0.0,1.0,0.0,0.0,152,255,1.0,0.0,0.01,0.0,0.0,0.0,0,125289.0
9,5,0,0,0,0,239,1.0,1.0,0.02,0.05,0.0,255,5,0.02,0.06,0.0,1.0,1.0,0.0,1,84786.0
3,5,0,0,0,0,277,1.0,1.0,0.04,0.06,0.0,255,11,0.04,0.07,0.0,1.0,1.0,0.0,1,10919.0
45,5,0,0,0,0,249,1.0,1.0,0.04,0.06,0.0,255,10,0.04,0.08,0.0,1.0,1.0,0.0,1,125104.0
45,1,0,0,0,0,2,0.0,0.0,0.5,1.0,0.0,255,1,0.0,0.51,0.0,0.08,0.0,1.0,1,75962.0
18,9,1059,3081,0,1,1,0.0,0.0,1.0,0.0,0.0,203,51,0.25,0.35,0.0,0.0,0.0,0.02,0,106153.0
45,9,1,0,0,0,26,0.0,0.0,0.08,0.27,0.0,255,2,0.01,0.47,0.0,0.03,0.0,0.0,1,39839.0
14,9,1032,0,0,0,511,0.0,0.0,1.0,0.0,0.0,255,247,0.97,0.01,0.0,0.0,0.0,0.0,1,95924.0
59,5,0,0,0,0,145,1.0,1.0,0.11,0.06,0.0,255,16,0.06,0.06,0.0,1.0,1.0,0.0,1,74166.0
22,9,54540,8314,0,1,5,0.0,0.0,1.0,0.0,0.43,255,255,1.0,0.0,0.0,0.0,0.0,0.05,0,115326.0
45,5,0,0,0,0,123,1.0,1.0,0.09,0.06,0.0,255,10,0.04,0.07,0.0,1.0,1.0,0.0,1,81384.0
13,9,18,0,0,0,1,0.0,0.0,1.0,0.0,0.0,4,180,1.0,0.0,0.25,0.0,0.0,0.0,1,80441.0
22,9,282,21896,0,1,6,0.0,0.0,1.0,0.0,0.0,134,255,1.0,0.0,0.05,0.0,0.0,0.01,0,84446.0
45,5,0,0,0,0,291,1.0,1.0,0.04,0.05,0.0,255,13,0.05,0.06,0.0,1.0,1.0,0.0,1,48473.0
18,5,0,0,0,0,262,1.0,1.0,0.07,0.05,0.0,255,18,0.07,0.05,0.0,1.0,1.0,0.0,1,105343.0
22,9,310,18918,0,1,15,0.0,0.0,1.0,0.0,0.0,120,255,1.0,0.0,0.02,0.0,0.0,0.0,0,107907.0
49,2,0,0,0,0,1,0.0,0.0,1.0,0.0,0.0,92,167,0.42,0.04,0.01,0.0,0.0,0.03,0,40785.0
22,9,308,1608,0,1,12,0.0,0.0,1.0,0.0,0.0,64,255,1.0,0.0,0.03,0.0,0.0,0.0,0,16321.0
2,5,0,0,0,0,210,1.0,1.0,0.01,0.08,0.0,255,3,0.01,0.08,0.0,1.0,1.0,0.0,1,89608.0
22,9,230,660,0,1,4,0.0,0.0,1.0,0.0,0.0,49,255,1.0,0.0,0.02,0.0,0.0,0.0,0,114268.0
22,9,224,2698,0,1,14,0.0,0.0,1.0,0.0,0.13,255,255,1.0,0.0,0.0,0.0,0.0,0.0,0,109538.0
22,9,0,2422,0,0,12,0.0,0.0,1.0,0.0,0.0,116,255,1.0,0.0,0.02,0.0,0.0,0.0,0,101043.0
35,5,0,0,0,0,282,1.0,1.0,0.07,0.05,0.0,255,21,0.08,0.05,0.0,1.0,1.0,0.0,1,10528.0
49,9,4189,368,0,1,1,0.0,0.0,1.0,0.0,1.0,216,167,0.69,0.02,0.01,0.0,0.01,0.0,0,111876.0
11,9,44,44,0,0,169,0.0,0.0,0.99,0.01,0.0,255,254,1.0,0.01,0.0,0.0,0.0,0.0,0,76799.0
49,9,19660,499,0,1,1,0.0,0.0,1.0,0.0,0.0,16,182,0.94,0.12,0.04,0.0,0.0,0.0,0,39908.0
22,9,362,936,0,1,16,0.0,0.0,1.0,0.0,0.0,45,255,1.0,0.0,0.06,0.0,0.0,0.0,0,18333.0
22,9,255,1828,0,1,1,0.0,0.0,1.0,0.0,0.0,255,237,0.93,0.02,0.0,0.0,0.0,0.0,0,28731.0
11,9,43,74,0,0,132,0.0,0.0,1.0,0.0,0.0,255,254,1.0,0.01,0.0,0.0,0.0,0.0,0,14929.0
49,9,1284,283,0,1,1,0.0,0.0,1.0,0.0,0.0,163,133,0.51,0.03,0.02,0.01,0.0,0.0,0,52200.0
49,2,0,0,0,0,191,0.0,0.0,0.01,0.07,0.0,255,1,0.0,0.08,0.0,0.0,0.0,1.0,1,78052.0
22,9,232,1451,0,1,1,0.0,0.0,1.0,0.0,0.0,100,255,1.0,0.0,0.03,0.0,0.0,0.0,0,117301.0
49,9,531,386,0,1,1,0.0,0.0,1.0,0.0,0.0,143,56,0.39,0.03,0.0,0.01,0.0,0.0,0,41608.0
62,5,0,0,0,0,202,1.0,1.0,0.02,0.06,0.0,255,4,0.02,0.07,0.0,1.0,1.0,0.0,1,2302.0
45,5,0,0,0,0,272,1.0,1.0,0.0,0.06,0.0,255,18,0.07,0.07,0.0,1.0,1.0,0.0,1,109132.0
22,9,273,451,0,1,1,0.0,0.0,1.0,0.0,0.6,4,255,1.0,0.0,0.04,0.0,0.0,0.0,0,47999.0
19,9,567,0,0,1,1,0.0,0.0,1.0,0.0,0.0,83,106,0.81,0.04,0.02,0.0,0.0,0.0,0,65608.0
45,1,0,0,0,0,245,0.0,0.0,0.02,0.07,0.0,255,4,0.02,0.06,0.0,0.0,0.0,1.0,1,80316.0
24,1,0,0,0,0,231,0.0,0.0,0.05,0.06,0.0,255,11,0.04,0.08,0.0,0.0,0.0,1.0,1,122243.0
22,9,279,2430,0,1,7,0.0,0.0,1.0,0.0,0.0,105,255,1.0,0.0,0.06,0.0,0.0,0.0,0,19418.0
40,1,0,0,0,0,509,0.08,0.0,0.0,0.95,0.0,255,1,0.0,0.91,0.0,0.08,0.0,1.0,1,74119.0
22,9,235,1492,0,1,7,0.0,0.0,1.0,0.0,0.0,178,255,1.0,0.0,0.01,0.0,0.0,0.0,0,114961.0
45,9,105,146,0,0,7,0.0,0.0,0.14,0.29,0.0,255,230,0.9,0.01,0.0,0.0,0.0,0.0,0,100355.0
13,9,8,0,0,0,1,0.0,0.0,1.0,0.0,1.0,3,115,1.0,0.0,0.25,0.0,0.0,0.0,1,109394.0
13,9,18,0,0,0,1,0.0,0.0,1.0,0.0,0.0,2,2,1.0,0.0,0.0,0.0,0.0,0.0,1,52263.0
22,5,0,0,0,0,20,0.95,1.0,0.95,0.1,0.0,255,1,0.0,0.07,0.0,1.0,1.0,0.0,1,76168.0
22,9,342,382,0,1,9,0.0,0.0,1.0,0.0,0.0,255,255,1.0,0.0,0.0,0.0,0.0,0.0,0,50873.0
45,5,0,0,0,0,294,1.0,1.0,0.05,0.06,0.0,255,8,0.03,0.07,0.0,1.0,1.0,0.0,1,116470.0
26,1,0,0,0,0,130,0.0,0.0,0.02,0.07,0.0,255,3,0.01,0.07,0.0,0.0,0.0,1.0,1,49871.0
49,9,689,336,0,1,1,0.0,0.0,1.0,0.0,1.0,62,181,0.5,0.08,0.01,0.0,0.0,0.0,0,73605.0
45,1,0,0,0,0,1,0.0,0.0,1.0,0.0,0.0,43,2,0.02,1.0,1.0,0.0,0.0,1.0,1,57522.0
40,9,146,0,0,0,1,0.0,0.0,1.0,0.0,0.0,1,1,1.0,0.0,0.0,0.0,0.0,0.0,0,20366.0
4,5,0,0,0,0,260,1.0,1.0,0.03,0.07,0.0,255,9,0.04,0.08,0.0,1.0,1.0,0.0,1,121712.0
22,9,293,2216,0,1,18,0.0,0.0,1.0,0.0,0.07,18,255,1.0,0.0,0.04,0.0,0.0,0.0,0,55273.0
14,9,1032,0,0,0,509,0.0,0.0,1.0,0.0,0.0,255,180,0.71,0.16,0.0,0.0,0.0,0.0,1,69177.0
22,9,245,255,0,1,20,0.0,0.02,1.0,0.0,0.12,255,255,1.0,0.0,0.0,0.0,0.0,0.0,0,4961.0
22,9,268,2820,0,1,1,0.0,0.0,1.0,0.0,0.67,10,255,1.0,0.0,0.05,0.0,0.0,0.0,0,44511.0
19,5,0,0,0,0,236,1.0,1.0,0.04,0.06,0.0,255,10,0.04,0.07,0.0,1.0,1.0,0.0,1,117632.0
22,9,315,12884,0,1,2,0.0,0.0,1.0,0.0,0.33,69,69,1.0,0.0,0.0,0.0,0.0,0.0,0,96923.0
22,9,319,320,0,1,1,0.0,0.0,1.0,0.0,0.0,255,255,1.0,0.0,0.0,0.0,0.0,0.0,0,113414.0
45,9,1,0,0,0,22,0.0,0.0,0.36,0.23,0.0,255,46,0.18,0.45,0.0,0.0,0.0,0.0,1,62333.0
22,9,322,4233,0,1,3,0.0,0.0,1.0,0.0,0.0,255,255,1.0,0.0,0.0,0.0,0.0,0.0,0,82763.0
11,9,45,74,0,0,127,0.0,0.0,1.0,0.0,0.0,255,254,1.0,0.01,0.0,0.0,0.0,0.0,0,74229.0
18,9,1494,4152,0,1,1,0.0,0.0,1.0,0.0,0.0,20,6,0.3,0.15,0.0,0.0,0.0,0.0,0,85242.0
22,9,214,16070,0,1,6,0.0,0.0,1.0,0.0,0.0,6,255,1.0,0.0,0.04,0.0,0.0,0.0,0,19441.0
45,1,0,0,0,0,226,0.0,0.0,0.03,0.07,0.0,255,7,0.03,0.07,0.0,0.0,0.0,1.0,1,65892.0
40,9,147,105,0,0,4,0.25,0.0,0.5,0.5,0.0,255,2,0.01,0.55,0.0,0.0,0.0,0.0,0,8907.0
11,9,44,44,0,0,70,0.0,0.0,1.0,0.0,0.01,255,254,1.0,0.01,0.0,0.0,0.0,0.0,0,108480.0
40,9,516,4,0,0,492,0.0,0.0,1.0,0.0,0.0,255,255,1.0,0.0,0.0,0.0,0.0,0.0,0,37644.0
19,1,0,0,0,0,235,0.0,0.0,0.08,0.07,0.0,255,19,0.07,0.07,0.0,0.0,0.0,1.0,1,14004.0
45,5,0,0,0,0,254,1.0,1.0,0.0,0.06,0.0,255,1,0.0,0.05,0.0,1.0,1.0,0.0,1,31789.0
45,5,0,0,0,0,249,1.0,1.0,0.03,0.06,0.0,255,4,0.02,0.07,0.0,1.0,1.0,0.0,1,108509.0
22,9,314,828,0,1,2,0.0,0.0,1.0,0.0,0.27,52,249,1.0,0.0,0.03,0.0,0.01,0.0,0,67333.0
45,5,0,0,0,0,109,1.0,1.0,0.02,0.06,0.0,255,8,0.03,0.06,0.0,1.0,1.0,0.0,1,24725.0
45,5,0,0,0,0,105,1.0,1.0,0.06,0.06,0.0,51,5,0.1,0.1,0.0,1.0,1.0,0.0,1,65850.0
22,9,294,10371,0,1,4,0.0,0.0,1.0,0.0,0.0,255,255,1.0,0.0,0.0,0.0,0.0,0.0,0,94401.0
13,9,18,0,0,0,1,0.0,0.0,1.0,0.0,0.0,1,37,1.0,0.0,0.27,0.0,0.0,0.0,1,9606.0
25,5,0,0,0,0,241,1.0,1.0,0.02,0.06,0.0,255,4,0.02,0.07,0.0,1.0,1.0,0.0,1,84434.0
45,4,0,0,0,0,1,0.0,0.0,1.0,0.0,0.0,106,1,0.01,0.11,0.0,0.0,0.0,1.0,1,3813.0
61,5,0,0,0,0,276,1.0,1.0,0.06,0.05,0.0,255,4,0.02,0.07,0.0,1.0,1.0,0.0,1,53625.0
45,5,0,0,0,0,157,1.0,1.0,0.13,0.05,0.0,255,4,0.02,0.07,0.0,1.0,1.0,0.0,1,50830.0
34,5,0,0,0,0,208,1.0,1.0,0.06,0.07,0.0,255,13,0.05,0.07,0.0,1.0,1.0,0.0,1,116772.0
22,9,157,4278,0,1,8,0.0,0.0,1.0,0.0,0.22,100,255,1.0,0.0,0.02,0.0,0.0,0.0,0,50291.0
19,9,495,0,0,1,1,0.0,0.0,1.0,0.0,0.0,112,86,0.56,0.04,0.02,0.0,0.0,0.0,0,32363.0
19,9,965,0,0,1,20,0.0,0.0,1.0,0.0,0.0,109,48,0.28,0.03,0.04,0.0,0.0,0.0,0,2956.0
30,2,0,0,0,0,2,0.0,0.0,0.5,1.0,0.0,255,1,0.0,1.0,0.0,0.0,0.0,1.0,1,38655.0
19,9,879,0,0,1,9,0.0,0.0,1.0,0.0,0.0,71,72,0.21,0.04,0.03,0.0,0.19,0.0,0,86436.0
2,5,0,0,0,0,233,1.0,1.0,0.06,0.07,0.0,255,15,0.06,0.07,0.0,1.0,1.0,0.0,1,112845.0
48,5,0,0,0,0,106,1.0,1.0,0.02,0.07,0.0,255,1,0.0,0.07,0.0,1.0,1.0,0.0,1,87060.0
22,1,0,0,0,0,1,0.0,0.0,1.0,0.0,0.0,2,253,1.0,0.0,0.1,0.0,0.0,1.0,0,97611.0
22,9,303,7208,0,1,16,0.0,0.0,1.0,0.0,0.0,255,255,1.0,0.0,0.0,0.0,0.0,0.0,0,113689.0
4,1,0,0,0,0,232,0.0,0.0,0.03,0.07,0.0,255,8,0.03,0.07,0.0,0.0,0.0,1.0,1,118292.0
11,9,46,140,0,0,79,0.0,0.0,1.0,0.0,0.01,255,254,1.0,0.01,0.0,0.0,0.0,0.0,0,11949.0
61,5,0,0,0,0,250,1.0,1.0,0.0,0.06,0.0,255,1,0.0,0.07,0.0,1.0,1.0,0.0,1,28674.0
2,5,0,0,0,0,259,1.0,1.0,0.03,0.07,0.0,255,8,0.03,0.08,0.0,1.0,1.0,0.0,1,27535.0
22,9,291,10500,0,1,5,0.0,0.0,1.0,0.0,0.33,255,255,1.0,0.0,0.0,0.0,0.0,0.0,0,65495.0
22,9,228,1319,0,1,3,0.0,0.0,1.0,0.0,0.5,98,255,1.0,0.0,0.02,0.0,0.0,0.0,0,5404.0
17,5,0,0,0,0,62,1.0,1.0,0.21,0.06,0.0,255,61,0.24,0.02,0.0,1.0,1.0,0.0,1,118605.0
49,9,1528,331,0,1,1,0.0,0.0,1.0,0.0,0.0,43,203,0.86,0.05,0.01,0.0,0.0,0.0,0,79374.0
19,9,59,0,0,0,12,0.0,0.0,1.0,0.0,0.0,255,28,0.11,0.03,0.0,0.0,0.0,0.0,0,30838.0
45,4,0,0,0,0,385,0.0,0.0,0.01,0.52,0.0,255,2,0.01,0.52,0.0,0.0,0.0,1.0,1,34030.0
22,9,415,235,0,1,2,0.0,0.0,1.0,0.0,0.14,15,255,1.0,0.0,0.04,0.0,0.0,0.0,0,33476.0
22,9,216,2226,0,1,20,0.0,0.0,1.0,0.0,0.0,47,255,1.0,0.0,0.05,0.0,0.0,0.0,0,64442.0
22,9,278,2251,0,1,2,0.0,0.0,1.0,0.0,0.4,31,45,1.0,0.0,0.04,0.0,0.0,0.0,0,11800.0
14,9,1032,0,0,0,511,0.0,0.0,1.0,0.0,0.0,181,36,0.2,0.02,0.0,0.0,0.0,0.0,1,108086.0
22,1,0,0,0,0,1,0.0,0.0,1.0,0.0,0.0,11,48,1.0,0.0,0.23,0.0,0.0,1.0,0,75238.0
22,9,170,10105,0,1,1,0.0,0.0,1.0,0.0,0.0,2,255,1.0,0.0,0.06,0.0,0.0,0.0,0,109262.0
45,5,0,0,0,0,202,1.0,1.0,0.09,0.07,0.0,255,19,0.07,0.08,0.0,1.0,1.0,0.0,1,17633.0
19,9,1470,0,0,1,3,0.0,0.0,1.0,0.0,0.22,125,44,0.22,0.03,0.05,0.0,0.0,0.0,0,112495.0
22,9,304,6814,0,1,5,0.0,0.0,1.0,0.0,0.0,5,255,1.0,0.0,0.04,0.0,0.0,0.0,0,86856.0
3,5,0,0,0,0,283,1.0,1.0,0.05,0.06,0.0,255,13,0.05,0.06,0.0,1.0,1.0,0.0,1,69596.0
11,9,44,69,0,0,22,0.0,0.0,1.0,0.0,0.0,255,238,0.93,0.01,0.0,0.0,0.0,0.0,0,103323.0
55,5,0,0,0,0,268,1.0,1.0,0.05,0.06,0.0,255,13,0.05,0.08,0.0,1.0,1.0,0.0,1,96363.0
22,9,285,751,0,1,1,0.0,0.0,1.0,0.0,0.0,26,255,1.0,0.0,0.03,0.0,0.0,0.0,0,103155.0
49,9,6,112,0,1,6,0.0,0.0,0.17,1.0,0.0,161,145,0.62,0.07,0.01,0.01,0.0,0.0,0,121246.0
45,5,0,0,0,0,216,1.0,1.0,0.03,0.06,0.0,255,6,0.02,0.08,0.0,1.0,1.0,0.0,1,91140.0
22,9,325,11905,0,1,7,0.0,0.0,1.0,0.0,0.2,36,254,1.0,0.0,0.05,0.0,0.0,0.0,0,17536.0
18,9,237,771,0,1,1,0.0,0.0,1.0,0.0,0.0,63,24,0.38,0.06,0.0,0.0,0.0,0.0,0,104524.0
22,1,0,0,0,0,1,0.0,0.0,1.0,0.0,0.0,21,238,1.0,0.0,0.18,0.0,0.0,1.0,0,87634.0
49,9,867,387,0,1,1,0.0,0.0,1.0,0.0,0.0,255,23,0.09,0.09,0.0,0.8,0.0,0.0,0,16052.0
22,9,215,2637,0,1,10,0.0,0.0,1.0,0.0,0.0,10,69,1.0,0.0,0.07,0.0,0.0,0.0,0,17851.0
45,5,0,0,0,0,236,1.0,1.0,0.07,0.06,0.0,255,6,0.02,0.07,0.0,1.0,1.0,0.0,1,46709.0
53,5,0,0,0,0,270,1.0,1.0,0.07,0.06,0.0,255,18,0.07,0.07,0.0,1.0,1.0,0.0,1,89856.0
13,9,8,0,0,0,1,0.0,0.0,1.0,0.0,1.0,2,8,1.0,0.0,0.5,0.0,0.0,0.0,1,98698.0
22,9,342,309,0,1,10,0.0,0.05,1.0,0.0,0.14,20,255,1.0,0.0,0.01,0.0,0.0,0.07,0,38910.0
45,5,0,0,0,0,199,1.0,1.0,0.01,0.06,0.0,255,2,0.01,0.05,0.0,1.0,1.0,0.0,1,64903.0
22,9,242,2551,0,1,4,0.0,0.0,1.0,0.0,0.0,90,255,1.0,0.0,0.02,0.0,0.0,0.0,0,54808.0
45,5,0,0,0,0,84,1.0,1.0,0.05,0.06,0.0,255,17,0.07,0.06,0.0,1.0,1.0,0.0,1,35736.0
22,9,176,2207,0,1,1,0.0,0.0,1.0,0.0,0.4,14,255,1.0,0.0,0.04,0.0,0.0,0.0,0,6015.0
11,9,45,138,0,0,77,0.0,0.0,0.99,0.03,0.01,255,246,0.96,0.01,0.0,0.0,0.0,0.0,0,18350.0
22,9,314,1185,0,1,11,0.0,0.0,1.0,0.0,0.1,11,189,1.0,0.0,0.05,0.0,0.01,0.0,0,117845.0
11,9,45,72,0,0,64,0.0,0.0,1.0,0.0,0.0,255,255,1.0,0.0,0.0,0.0,0.0,0.0,0,26154.0
22,9,308,3222,0,1,3,0.0,0.0,1.0,0.0,0.0,234,224,0.96,0.01,0.0,0.0,0.0,0.0,0,20303.0
22,1,0,0,0,0,1,0.0,0.0,1.0,0.0,0.0,8,213,1.0,0.0,0.2,0.0,0.0,0.85,0,47948.0
11,9,32,86,0,0,1,0.0,0.0,1.0,0.0,0.8,54,34,0.63,0.06,0.0,0.0,0.0,0.0,0,107733.0
28,5,0,0,0,0,269,1.0,1.0,0.09,0.05,0.0,255,24,0.09,0.05,0.0,1.0,1.0,0.0,1,15919.0
22,9,241,1711,0,1,15,0.0,0.0,1.0,0.0,0.0,255,255,1.0,0.0,0.0,0.01,0.01,0.0,0,102793.0
22,9,309,709,0,1,6,0.0,0.0,1.0,0.0,0.0,12,255,1.0,0.0,0.02,0.0,0.0,0.0,0,72186.0
22,9,327,39896,0,1,6,0.0,0.0,1.0,0.0,0.0,24,255,1.0,0.0,0.08,0.0,0.01,0.0,0,36984.0
11,9,45,45,0,0,80,0.0,0.0,1.0,0.0,0.01,255,218,0.85,0.01,0.0,0.0,0.0,0.0,0,34177.0
22,9,339,5320,0,1,7,0.0,0.0,1.0,0.0,0.0,85,255,1.0,0.0,0.04,0.0,0.0,0.0,0,9716.0
40,4,1,0,0,0,2,0.0,0.0,1.0,0.0,0.0,255,2,0.01,0.7,0.0,0.0,0.0,1.0,1,51573.0
22,9,211,189,0,1,6,0.0,0.0,1.0,0.0,0.0,6,255,1.0,0.0,0.06,0.0,0.0,0.0,0,92269.0
45,5,0,0,0,0,170,1.0,1.0,0.07,0.06,0.0,255,2,0.01,0.07,0.0,1.0,1.0,0.0,1,125801.0
19,9,11842,0,0,0,1,0.0,0.0,1.0,0.0,0.0,32,4,0.12,0.06,0.0,0.0,0.0,0.0,0,45462.0
49,9,2754,327,0,1,1,0.0,0.0,1.0,0.0,0.0,62,44,0.71,0.03,0.0,0.0,0.0,0.0,0,98980.0
55,9,80,929,0,1,1,0.0,0.0,1.0,0.0,0.0,101,16,0.16,0.05,0.0,0.0,0.0,0.0,0,17796.0
22,1,0,0,0,0,1,0.0,0.0,1.0,0.0,0.0,3,211,1.0,0.0,0.19,0.0,0.0,0.98,0,12068.0
40,9,147,105,0,0,1,0.0,0.0,1.0,0.0,0.0,255,1,0.0,0.73,0.0,0.0,0.0,0.0,0,31928.0
22,9,236,4527,0,1,11,0.0,0.0,1.0,0.0,0.2,255,255,1.0,0.0,0.0,0.0,0.0,0.0,0,120292.0
51,5,0,0,0,0,220,1.0,1.0,0.09,0.06,0.0,255,19,0.07,0.07,0.0,1.0,1.0,0.0,1,27792.0
40,9,145,105,0,0,3,0.0,0.0,0.67,0.67,0.0,255,4,0.02,0.62,0.0,0.0,0.0,0.0,0,20656.0
45,5,0,0,0,0,229,1.0,1.0,0.01,0.06,0.0,255,2,0.01,0.08,0.0,1.0,1.0,0.0,1,87419.0
14,9,1032,0,0,0,511,0.0,0.0,1.0,0.0,0.0,255,156,0.61,0.02,0.0,0.01,0.0,0.0,1,29355.0
6,1,0,0,0,0,220,0.0,0.0,0.07,0.07,0.0,255,16,0.06,0.08,0.0,0.0,0.0,1.0,1,24532.0
22,9,169,1535,0,1,2,0.0,0.0,1.0,0.0,0.0,2,255,1.0,0.0,0.03,0.0,0.01,0.0,0,84023.0
45,5,0,0,0,0,204,1.0,1.0,0.01,0.05,0.0,8,3,0.38,0.38,0.0,0.75,1.0,0.0,1,59173.0
45,5,0,0,0,0,225,1.0,1.0,0.06,0.07,0.0,255,13,0.05,0.06,0.0,1.0,1.0,0.0,1,19630.0
49,9,729,329,0,1,1,0.0,0.0,1.0,0.0,1.0,198,181,0.65,0.03,0.01,0.02,0.02,0.0,0,64957.0
49,9,659,336,0,1,1,0.0,0.0,1.0,0.0,0.0,194,101,0.34,0.02,0.02,0.0,0.0,0.0,0,23664.0
55,5,0,0,0,0,52,1.0,1.0,0.23,0.08,0.0,255,52,0.2,0.03,0.0,1.0,1.0,0.0,1,68207.0
45,5,0,0,0,0,94,1.0,1.0,0.07,0.06,0.0,255,20,0.08,0.06,0.0,1.0,1.0,0.0,1,91653.0
22,9,189,18004,0,1,9,0.0,0.0,1.0,0.0,0.0,70,255,1.0,0.0,0.04,0.0,0.0,0.0,0,7322.0
22,9,183,5647,0,1,1,0.0,0.0,1.0,0.0,0.0,60,255,1.0,0.0,0.04,0.0,0.0,0.0,0,114560.0
59,5,0,0,0,0,103,1.0,1.0,0.17,0.07,0.0,255,17,0.07,0.07,0.0,1.0,1.0,0.0,1,85232.0
36,5,0,0,0,0,217,1.0,1.0,0.09,0.06,0.0,255,18,0.07,0.07,0.0,1.0,1.0,0.0,1,6823.0
22,9,324,3198,0,1,2,0.0,0.0,1.0,0.0,0.09,141,255,1.0,0.0,0.02,0.0,0.0,0.0,0,86395.0
29,1,0,0,0,0,104,0.0,0.0,0.16,0.08,0.0,255,5,0.02,0.09,0.0,0.0,0.0,1.0,1,7164.0
22,9,292,2420,0,1,2,0.0,0.0,1.0,0.0,0.0,112,255,1.0,0.0,0.07,0.0,0.0,0.0,0,73278.0
38,5,0,0,0,0,296,1.0,1.0,0.05,0.05,0.0,255,1,0.0,0.07,0.0,1.0,1.0,0.0,1,92402.0
45,5,0,0,0,0,284,1.0,1.0,0.05,0.06,0.0,255,13,0.05,0.05,0.0,1.0,1.0,0.0,1,89527.0
22,9,240,655,0,1,15,0.0,0.0,1.0,0.0,0.12,51,255,1.0,0.0,0.04,0.0,0.0,0.0,0,41859.0
22,9,260,7770,0,1,1,0.0,0.0,1.0,0.0,0.0,255,248,0.97,0.01,0.0,0.0,0.0,0.02,0,31556.0
1,9,10468,334048,0,0,1,0.0,0.0,1.0,0.0,0.0,163,3,0.02,0.04,0.0,0.0,0.0,0.0,0,14876.0
45,4,0,0,0,0,1,0.0,0.0,1.0,0.0,0.0,107,1,0.01,0.56,0.0,0.06,0.0,1.0,1,5921.0
11,9,32,0,0,0,1,0.0,0.0,1.0,0.0,0.67,100,33,0.15,0.05,0.06,0.0,0.0,0.0,0,67065.0
49,9,1058,367,0,1,1,0.0,0.0,1.0,0.0,1.0,89,88,0.99,0.02,0.0,0.0,0.0,0.0,0,38448.0
40,9,147,0,0,0,3,0.0,0.0,0.33,0.67,0.0,255,1,0.0,0.8,0.0,0.0,0.0,0.0,0,96521.0
22,9,332,930,0,1,17,0.0,0.0,1.0,0.0,0.11,255,255,1.0,0.0,0.0,0.0,0.0,0.0,0,46907.0
19,9,71,0,0,0,1,0.0,0.0,1.0,0.0,0.0,255,22,0.09,0.01,0.0,0.7,0.0,0.0,0,81318.0
22,9,228,12471,0,1,11,0.0,0.0,1.0,0.0,0.0,163,255,1.0,0.0,0.02,0.0,0.0,0.0,0,63171.0
40,9,147,0,0,0,3,0.0,0.0,0.33,0.67,0.0,255,1,0.0,0.51,0.0,0.0,0.0,0.0,0,122607.0
22,1,0,0,0,0,1,0.0,0.0,1.0,0.0,0.0,7,154,1.0,0.0,0.21,0.0,0.0,1.0,0,54202.0
13,9,8,0,0,0,1,0.0,0.0,1.0,0.0,1.0,2,88,1.0,0.0,0.5,0.0,0.0,0.0,1,107927.0
19,9,7767,0,0,1,1,0.0,0.0,1.0,0.0,0.0,209,4,0.02,0.52,0.0,0.0,0.0,0.0,0,65636.0
13,9,8,0,0,0,1,0.0,0.0,1.0,0.0,0.0,4,36,1.0,0.0,0.25,0.0,0.0,0.0,1,80676.0
31,5,0,0,0,0,284,1.0,1.0,0.01,0.05,0.0,255,3,0.01,0.05,0.0,1.0,1.0,0.0,1,105662.0
40,9,146,105,0,0,4,0.0,0.0,0.5,0.5,0.0,255,3,0.01,0.64,0.0,0.0,0.0,0.0,0,2903.0
11,9,36,96,0,0,2,0.0,0.0,1.0,0.0,0.0,255,242,0.95,0.01,0.0,0.0,0.0,0.0,0,21848.0
45,5,0,0,0,0,174,1.0,1.0,0.02,0.07,0.0,255,17,0.07,0.06,0.0,1.0,1.0,0.0,1,74941.0
18,5,0,0,0,0,255,1.0,1.0,0.01,0.07,0.0,255,3,0.01,0.08,0.0,1.0,1.0,0.0,1,56361.0
45,5,0,0,0,0,226,1.0,1.0,0.07,0.07,0.0,255,11,0.04,0.07,0.0,1.0,1.0,0.0,1,12927.0
13,9,8,0,0,0,1,0.0,0.0,1.0,0.0,1.0,1,75,1.0,0.0,0.51,0.0,0.0,0.0,1,107884.0
4,5,0,0,0,0,266,1.0,1.0,0.02,0.06,0.0,255,5,0.02,0.07,0.0,1.0,1.0,0.0,1,121102.0
22,5,0,0,0,0,3,1.0,1.0,0.33,0.67,0.0,255,57,0.22,0.04,0.0,1.0,1.0,0.0,1,108256.0
11,9,43,126,0,0,139,0.0,0.0,1.0,0.0,0.01,255,208,0.82,0.01,0.0,0.0,0.0,0.0,0,1852.0
14,9,1032,0,0,0,511,0.0,0.0,1.0,0.0,0.0,255,76,0.3,0.2,0.0,0.0,0.0,0.0,1,87513.0
22,9,247,5163,0,1,1,0.0,0.0,1.0,0.0,0.0,255,255,1.0,0.0,0.0,0.0,0.0,0.0,0,33653.0
22,5,0,0,0,0,40,1.0,1.0,0.32,0.1,0.0,255,63,0.25,0.02,0.0,1.0,1.0,0.0,1,97155.0
12,5,0,0,0,0,238,1.0,1.0,0.03,0.07,0.0,255,7,0.03,0.07,0.0,1.0,1.0,0.0,1,75668.0
13,9,8,0,0,0,1,0.0,0.0,1.0,0.0,1.0,2,86,1.0,0.0,0.5,0.0,0.0,0.0,1,117035.0
45,5,0,0,0,0,109,1.0,1.0,0.08,0.06,0.0,255,13,0.05,0.08,0.0,1.0,1.0,0.0,1,32906.0
22,9,209,307,0,1,10,0.0,0.0,1.0,0.0,0.15,255,255,1.0,0.0,0.0,0.0,0.0,0.0,0,81355.0
22,9,304,13259,0,1,5,0.0,0.0,1.0,0.0,0.14,242,255,1.0,0.0,0.01,0.0,0.0,0.0,0,125162.0
45,4,1,0,0,0,2,0.0,0.0,1.0,0.0,0.0,255,2,0.01,0.74,0.0,0.0,0.0,1.0,1,123803.0
22,9,318,1446,0,1,18,0.0,0.0,1.0,0.0,0.0,184,255,1.0,0.0,0.01,0.0,0.01,0.0,0,113987.0
13,9,8,0,0,0,1,0.0,0.0,1.0,0.0,1.0,3,155,1.0,0.0,0.25,0.0,0.0,0.0,1,82663.0
22,9,188,3726,0,1,1,0.0,0.0,1.0,0.0,0.18,255,247,0.97,0.01,0.0,0.0,0.0,0.0,0,118159.0
45,5,0,0,0,0,117,1.0,1.0,0.04,0.08,0.0,255,7,0.03,0.06,0.0,1.0,1.0,0.0,1,47921.0
22,9,169,10326,0,1,1,0.0,0.0,1.0,0.0,0.0,135,255,1.0,0.0,0.02,0.0,0.0,0.0,0,35910.0
55,5,0,0,0,0,99,1.0,1.0,0.03,0.06,0.0,255,3,0.01,0.06,0.0,1.0,1.0,0.0,1,49526.0
27,5,0,0,0,0,77,1.0,1.0,0.21,0.05,0.0,255,16,0.06,0.05,0.0,1.0,1.0,0.0,1,4436.0
45,5,0,0,0,0,161,1.0,1.0,0.09,0.07,0.0,255,6,0.02,0.07,0.0,1.0,1.0,0.0,1,34318.0
22,1,0,0,0,0,288,0.0,0.0,0.05,0.06,0.0,255,15,0.06,0.06,0.0,0.0,0.0,1.0,1,118904.0
11,9,44,78,0,0,244,0.0,0.0,1.0,0.01,0.0,255,250,0.98,0.01,0.0,0.0,0.0,0.0,0,2502.0
19,9,567,0,0,1,1,0.0,0.0,1.0,0.0,0.0,9,20,0.11,0.33,0.15,0.0,0.0,0.0,0,90402.0
45,5,0,0,0,0,146,1.0,1.0,0.08,0.05,0.0,255,2,0.01,0.08,0.0,1.0,1.0,0.0,1,19272.0
22,1,0,0,0,0,1,0.0,0.0,1.0,0.0,0.0,3,255,1.0,0.0,0.27,0.0,0.0,0.95,0,8941.0
22,9,226,397,0,1,28,0.0,0.0,1.0,0.0,0.1,255,255,1.0,0.0,0.0,0.0,0.0,0.0,0,57320.0
45,1,0,0,0,0,306,0.03,0.0,0.0,1.0,0.0,255,1,0.0,0.98,0.0,0.04,0.0,1.0,1,97791.0
11,9,33,95,0,0,36,0.0,0.0,1.0,0.0,0.0,255,173,0.68,0.01,0.0,0.0,0.0,0.0,0,109913.0
22,9,217,923,0,1,4,0.0,0.0,1.0,0.0,0.29,4,255,1.0,0.0,0.03,0.0,0.0,0.0,0,115958.0
45,5,0,0,0,0,24,1.0,1.0,1.0,0.0,0.0,255,24,0.09,0.06,0.0,1.0,1.0,0.0,1,69848.0
19,9,884,0,0,0,1,0.0,0.0,1.0,0.0,0.0,62,33,0.16,0.03,0.06,0.0,0.0,0.0,0,37473.0
28,5,0,0,0,0,143,1.0,1.0,0.1,0.06,0.0,255,5,0.02,0.08,0.0,1.0,1.0,0.0,1,74598.0
23,5,0,0,0,0,145,1.0,1.0,0.08,0.06,0.0,255,12,0.05,0.06,0.0,1.0,1.0,0.0,1,50245.0
45,5,0,0,0,0,206,1.0,1.0,0.08,0.06,0.0,255,15,0.06,0.09,0.0,1.0,1.0,0.0,1,23625.0
22,9,222,3227,0,1,5,0.0,0.0,1.0,0.0,0.38,25,255,1.0,0.0,0.03,0.04,0.01,0.0,0,82348.0
49,9,989,330,0,1,1,0.0,0.0,1.0,0.0,0.0,188,134,0.63,0.03,0.01,0.0,0.0,0.0,0,53066.0
22,9,241,4137,0,1,13,0.0,0.0,1.0,0.0,0.0,111,255,1.0,0.0,0.01,0.0,0.0,0.0,0,120848.0
19,9,960,0,0,0,1,0.0,0.0,1.0,0.0,0.0,109,44,0.39,0.04,0.05,0.01,0.02,0.0,0,64981.0
22,9,287,857,0,1,15,0.0,0.0,1.0,0.0,0.15,160,237,1.0,0.0,0.05,0.01,0.0,0.0,0,92267.0
6,5,0,0,0,0,146,0.99,1.0,0.12,0.08,0.0,255,18,0.07,0.07,0.0,1.0,1.0,0.0,1,118744.0
49,9,1224,328,0,1,1,0.0,0.0,1.0,0.0,0.0,245,152,0.62,0.09,0.0,0.0,0.0,0.0,0,9196.0
22,9,237,607,0,1,6,0.0,0.0,1.0,0.0,0.38,255,255,1.0,0.0,0.0,0.0,0.0,0.01,0,83311.0
60,5,0,0,0,0,237,1.0,1.0,0.09,0.05,0.0,255,22,0.09,0.05,0.0,1.0,1.0,0.0,1,71984.0
22,9,360,7852,0,1,6,0.0,0.0,1.0,0.0,0.0,16,255,1.0,0.0,0.04,0.0,0.0,0.0,0,119339.0
45,5,0,0,0,0,131,1.0,1.0,0.02,0.06,0.0,255,17,0.07,0.08,0.0,1.0,1.0,0.0,1,66713.0
19,9,245,0,0,1,3,0.0,0.0,0.33,1.0,0.0,223,103,0.39,0.04,0.02,0.0,0.0,0.0,0,45734.0
22,9,195,7121,0,1,7,0.0,0.0,1.0,0.0,0.0,50,255,1.0,0.0,0.02,0.0,0.0,0.0,0,47644.0
22,9,243,362,0,1,14,0.0,0.0,1.0,0.0,0.0,255,255,1.0,0.0,0.0,0.0,0.0,0.0,0,34304.0
22,9,196,5790,0,1,2,0.5,0.5,1.0,0.0,0.0,255,255,1.0,0.0,0.0,0.0,0.0,0.0,0,70501.0
5,5,0,0,0,0,119,1.0,1.0,0.07,0.06,0.0,255,8,0.03,0.05,0.0,1.0,1.0,0.0,1,66306.0
32,1,0,0,0,0,261,0.0,0.0,0.05,0.07,0.0,255,14,0.05,0.08,0.0,0.0,0.0,1.0,1,116644.0
9,5,0,0,0,0,221,1.0,1.0,0.08,0.05,0.0,255,17,0.07,0.05,0.0,1.0,1.0,0.0,1,102941.0
19,9,4763,0,0,1,6,0.0,0.0,1.0,0.0,0.0,95,76,0.37,0.07,0.03,0.0,0.01,0.0,0,59325.0
22,1,0,0,0,0,1,0.0,0.0,1.0,0.0,0.0,7,255,1.0,0.0,0.3,0.0,0.0,1.0,0,110245.0
19,1,0,0,0,0,199,0.0,0.0,0.01,0.07,0.0,255,1,0.0,0.07,0.0,0.0,0.0,1.0,1,60301.0
52,5,0,0,0,0,137,1.0,1.0,0.06,0.06,0.0,255,2,0.01,0.07,0.0,1.0,1.0,0.0,1,113305.0
22,9,311,293,0,1,4,0.0,0.0,1.0,0.0,0.0,196,255,1.0,0.0,0.01,0.0,0.0,0.0,0,18365.0
11,9,44,76,0,0,112,0.0,0.0,1.0,0.0,0.0,255,245,0.96,0.01,0.0,0.0,0.0,0.0,0,2307.0
59,5,0,0,0,0,63,1.0,1.0,0.19,0.06,0.0,255,12,0.05,0.04,0.0,1.0,1.0,0.0,1,49178.0
33,5,0,0,0,0,113,1.0,1.0,0.22,0.04,0.0,255,25,0.1,0.05,0.0,1.0,1.0,0.0,1,91352.0
19,9,12983,0,0,1,1,0.0,0.0,1.0,0.0,1.0,99,87,0.34,0.05,0.02,0.0,0.0,0.0,0,29160.0
21,5,0,0,0,0,281,1.0,1.0,0.01,0.05,0.0,255,2,0.01,0.05,0.0,1.0,1.0,0.0,1,62792.0
55,9,595,121612,0,1,1,0.0,0.0,1.0,0.0,0.0,255,1,0.0,0.01,0.0,0.0,0.0,0.0,0,115868.0
22,9,287,7384,0,1,7,0.0,0.0,1.0,0.0,0.0,255,255,1.0,0.0,0.0,0.0,0.0,0.0,0,52942.0
21,1,0,0,0,0,146,0.0,0.0,0.05,0.08,0.0,255,8,0.03,0.07,0.0,0.0,0.0,1.0,1,15360.0
22,9,205,7623,0,1,6,0.0,0.0,1.0,0.0,0.0,28,255,1.0,0.0,0.04,0.0,0.0,0.0,0,32531.0
22,9,219,1024,0,1,19,0.0,0.0,1.0,0.0,0.08,128,255,1.0,0.0,0.02,0.01,0.0,0.0,0,92541.0
62,1,0,0,0,0,134,0.0,0.0,0.03,0.07,0.0,255,4,0.02,0.07,0.0,0.0,0.0,1.0,1,101163.0
14,9,1032,0,0,0,509,0.0,0.0,1.0,0.0,0.0,255,147,0.58,0.17,0.0,0.0,0.0,0.0,1,16719.0
55,9,521,15895,0,1,1,0.0,0.0,1.0,0.0,0.0,255,14,0.05,0.06,0.0,0.7,0.07,0.0,0,67799.0
11,9,45,45,0,0,138,0.0,0.0,1.0,0.0,0.01,255,255,1.0,0.0,0.0,0.0,0.0,0.0,0,82882.0
45,5,0,0,0,0,212,1.0,1.0,0.01,0.07,0.0,255,3,0.01,0.08,0.0,1.0,1.0,0.0,1,13058.0
45,1,0,0,0,0,120,0.0,0.0,0.1,0.08,0.0,255,12,0.05,0.06,0.0,0.0,0.0,1.0,1,62102.0
45,5,0,0,0,0,258,1.0,1.0,0.05,0.06,0.0,255,7,0.03,0.1,0.0,1.0,1.0,0.0,1,78819.0
22,9,205,511,0,1,1,0.0,0.0,1.0,0.0,0.5,10,255,1.0,0.0,0.04,0.0,0.0,0.0,0,113033.0
33,1,0,0,0,0,292,0.0,0.0,0.04,0.05,0.0,255,13,0.05,0.08,0.0,0.0,0.0,1.0,1,101704.0
22,9,300,796,0,1,2,0.0,0.0,1.0,0.0,0.0,130,255,1.0,0.0,0.05,0.0,0.0,0.0,0,51232.0
11,9,45,76,0,0,145,0.0,0.0,0.99,0.01,0.0,255,254,1.0,0.01,0.0,0.0,0.0,0.0,0,45328.0
21,1,0,0,0,0,9,0.0,0.0,0.11,1.0,0.0,255,1,0.0,0.07,0.0,0.0,0.0,1.0,1,27332.0
22,9,234,9424,0,1,13,0.0,0.0,1.0,0.0,0.0,27,255,1.0,0.0,0.05,0.0,0.0,0.0,0,110062.0
22,9,293,707,0,1,20,0.0,0.0,1.0,0.0,0.08,255,255,1.0,0.0,0.0,0.0,0.0,0.0,0,124436.0
33,1,0,0,0,0,250,0.0,0.0,0.01,0.07,0.0,255,2,0.01,0.07,0.0,0.0,0.0,1.0,1,142.0
45,5,0,0,0,0,219,1.0,1.0,0.01,0.07,0.0,255,1,0.0,0.07,0.0,1.0,1.0,0.0,1,27825.0
45,5,0,0,0,0,252,1.0,1.0,0.07,0.06,0.0,255,14,0.05,0.08,0.0,1.0,1.0,0.0,1,108904.0
10,5,0,0,0,0,147,1.0,1.0,0.11,0.05,0.0,255,15,0.06,0.05,0.0,1.0,1.0,0.0,1,110375.0
22,9,314,315,0,1,19,0.0,0.0,1.0,0.0,0.0,255,255,1.0,0.0,0.0,0.0,0.0,0.0,0,106749.0
22,9,261,2711,0,1,1,0.0,0.0,1.0,0.0,0.13,193,186,0.96,0.01,0.0,0.0,0.0,0.0,0,76127.0
45,5,0,0,0,0,131,1.0,1.0,0.1,0.05,0.0,255,6,0.02,0.08,0.0,1.0,1.0,0.0,1,74523.0
45,1,0,0,0,0,108,0.0,0.0,0.09,0.07,0.0,255,10,0.04,0.07,0.0,0.0,0.0,1.0,1,72160.0
45,5,0,0,0,0,237,1.0,1.0,0.05,0.06,0.0,255,11,0.04,0.09,0.0,1.0,1.0,0.0,1,118273.0
19,5,0,0,0,0,56,1.0,1.0,0.16,0.07,0.0,255,64,0.25,0.02,0.0,1.0,1.0,0.0,1,122406.0
22,9,251,2032,0,1,2,0.0,0.0,1.0,0.0,0.04,170,255,1.0,0.0,0.03,0.0,0.0,0.0,0,45944.0
11,9,32,32,0,0,1,0.0,0.0,1.0,0.0,1.0,255,246,0.96,0.01,0.0,0.0,0.0,0.0,0,114521.0
22,9,297,9287,0,1,4,0.0,0.0,1.0,0.0,0.5,74,255,1.0,0.0,0.03,0.0,0.0,0.0,0,84386.0
22,9,227,4389,0,1,1,0.0,0.0,1.0,0.0,0.75,43,255,1.0,0.0,0.03,0.0,0.0,0.0,0,65939.0
49,9,3375,451,0,1,1,0.0,0.0,1.0,0.0,1.0,255,68,0.27,0.05,0.0,0.46,0.0,0.0,0,79398.0
7,5,0,0,0,0,274,1.0,1.0,0.05,0.07,0.0,255,13,0.05,0.09,0.0,1.0,1.0,0.0,1,63912.0
22,9,297,9287,0,1,5,0.0,0.0,1.0,0.0,0.0,143,255,1.0,0.0,0.01,0.0,0.0,0.07,0,120117.0
22,9,338,392,0,1,2,0.0,0.0,1.0,0.0,0.0,255,255,1.0,0.0,0.0,0.0,0.0,0.0,0,31553.0
49,9,1527,327,0,1,1,0.0,0.0,1.0,0.0,0.0,111,113,0.55,0.05,0.02,0.0,0.0,0.0,0,96133.0
19,9,965,0,0,1,3,0.33,0.33,1.0,0.0,0.0,44,63,0.2,0.11,0.03,0.02,0.02,0.0,0,40061.0
22,9,301,1528,0,1,10,0.0,0.0,1.0,0.0,0.18,255,255,1.0,0.0,0.0,0.0,0.0,0.0,0,123625.0
45,5,0,0,0,0,142,1.0,1.0,0.12,0.05,0.0,255,17,0.07,0.05,0.0,1.0,1.0,0.0,1,8897.0
13,9,8,0,0,0,1,0.0,0.0,1.0,0.0,1.0,4,72,1.0,0.0,0.25,0.0,0.0,0.0,1,93413.0
2,5,0,0,0,0,9,1.0,1.0,0.33,0.44,0.0,255,3,0.01,0.09,0.0,1.0,1.0,0.0,1,104928.0
11,9,17,17,0,0,4,0.0,0.0,1.0,0.0,0.01,255,79,0.31,0.01,0.0,0.0,0.0,0.0,0,43167.0
22,9,54540,8314,0,1,3,0.0,0.0,0.67,0.67,0.0,33,33,1.0,0.0,0.0,0.0,0.0,0.0,0,110625.0
49,9,720,327,0,1,1,0.0,0.0,1.0,0.0,1.0,219,173,0.66,0.09,0.01,0.01,0.0,0.0,0,66988.0
22,9,258,9428,0,1,1,0.0,0.0,1.0,0.0,1.0,255,253,0.99,0.01,0.0,0.0,0.0,0.0,0,36159.0
13,9,8,0,0,0,1,0.0,0.0,1.0,0.0,1.0,1,86,1.0,0.0,0.51,0.0,0.0,0.0,1,20585.0
59,5,0,0,0,0,133,1.0,1.0,0.03,0.06,0.0,255,4,0.02,0.06,0.0,1.0,1.0,0.0,1,72085.0
49,9,1495,521,0,1,1,0.0,0.0,1.0,0.0,1.0,255,1,0.0,0.01,0.0,0.0,0.0,0.0,0,3097.0
49,9,1567,476,0,1,1,0.0,0.0,1.0,0.0,1.0,124,107,0.02,0.02,0.02,0.0,0.0,0.0,0,23059.0
45,5,0,0,0,0,279,1.0,1.0,0.03,0.06,0.0,255,5,0.02,0.07,0.0,1.0,1.0,0.0,1,65051.0
40,1,0,0,0,0,511,0.36,0.0,0.0,1.0,0.0,255,1,0.0,1.0,0.0,0.29,0.0,1.0,1,8861.0
45,9,1,0,0,0,16,0.0,0.0,0.56,0.12,0.0,255,37,0.15,0.53,0.0,0.16,0.0,0.0,1,96059.0
10,5,0,0,0,0,283,1.0,1.0,0.02,0.06,0.0,255,5,0.02,0.07,0.0,1.0,1.0,0.0,1,85456.0
13,9,8,0,0,0,1,0.0,0.0,1.0,0.0,1.0,3,99,1.0,0.0,0.25,0.0,0.0,0.0,1,19367.0
22,9,195,1947,0,1,17,0.0,0.0,1.0,0.0,0.15,17,255,1.0,0.0,0.05,0.0,0.0,0.0,0,21014.0
45,5,0,0,0,0,157,1.0,1.0,0.03,0.06,0.0,255,16,0.06,0.07,0.0,1.0,1.0,0.0,1,25922.0
22,9,374,1785,0,1,21,0.0,0.0,1.0,0.0,0.0,255,255,1.0,0.0,0.0,0.0,0.0,0.0,0,104496.0
16,5,0,0,0,0,99,1.0,1.0,0.06,0.06,0.0,255,6,0.02,0.06,0.0,1.0,1.0,0.0,1,39870.0
13,9,30,0,0,0,8,0.0,0.0,0.12,0.38,0.0,255,2,0.01,0.01,0.0,0.0,0.0,0.0,0,88394.0
18,9,1190,3380,0,1,1,0.0,0.0,1.0,0.0,0.0,255,44,0.17,0.02,0.0,0.0,0.0,0.0,0,70105.0
22,9,219,1468,0,1,14,0.0,0.0,1.0,0.0,0.0,39,255,1.0,0.0,0.07,0.0,0.0,0.0,0,125036.0
24,5,0,0,0,0,267,1.0,1.0,0.05,0.05,0.0,255,13,0.05,0.05,0.0,1.0,1.0,0.0,1,16901.0
22,9,222,882,0,1,13,0.0,0.0,1.0,0.0,0.06,255,255,1.0,0.0,0.0,0.0,0.0,0.0,0,99418.0
22,9,280,9335,0,1,12,0.0,0.0,1.0,0.0,0.0,36,255,1.0,0.0,0.03,0.0,0.0,0.01,0,111195.0
11,9,44,70,0,0,253,0.0,0.0,1.0,0.0,0.01,255,220,0.86,0.01,0.0,0.0,0.0,0.0,0,60136.0
45,5,0,0,0,0,112,1.0,1.0,0.04,0.06,0.0,11,5,0.45,0.36,0.0,1.0,1.0,0.0,1,121408.0
22,9,221,10131,0,1,1,0.0,0.0,1.0,0.0,0.4,149,255,1.0,0.0,0.02,0.0,0.0,0.0,0,37366.0
22,9,234,367,0,1,2,0.0,0.0,1.0,0.0,0.15,211,255,1.0,0.0,0.01,0.0,0.0,0.0,0,84896.0
22,9,208,473,0,1,30,0.0,0.0,1.0,0.0,0.06,30,255,1.0,0.0,0.03,0.0,0.0,0.0,0,122750.0
11,9,43,69,0,0,47,0.0,0.0,1.0,0.0,0.02,255,209,0.82,0.01,0.0,0.0,0.0,0.0,0,43614.0
13,9,18,0,0,0,1,0.0,0.0,1.0,0.0,0.0,1,85,1.0,0.0,1.0,0.0,0.0,0.0,1,58184.0
45,1,0,0,0,0,448,0.05,0.0,0.0,1.0,0.0,255,1,0.0,1.0,0.0,0.08,0.0,1.0,1,88065.0
45,5,0,0,0,0,254,1.0,1.0,0.0,0.06,0.0,255,18,0.07,0.07,0.0,1.0,1.0,0.0,1,57458.0
49,9,2846,322,0,1,1,0.0,0.0,1.0,0.0,0.0,155,222,0.82,0.02,0.01,0.0,0.0,0.0,0,114595.0
32,5,0,0,0,0,191,1.0,1.0,0.06,0.07,0.0,255,11,0.04,0.07,0.0,1.0,1.0,0.0,1,70521.0
49,9,669,337,0,1,1,0.0,0.0,1.0,0.0,0.0,175,242,0.96,0.01,0.01,0.0,0.0,0.0,0,79497.0
45,1,0,0,0,0,139,0.0,0.0,0.07,0.06,0.0,114,10,0.09,0.07,0.0,0.0,0.0,1.0,1,87076.0
45,9,1,0,0,0,13,0.0,0.0,1.0,0.0,0.0,255,210,0.82,0.03,0.0,0.0,0.0,0.0,0,20265.0
21,5,0,0,0,0,205,1.0,1.0,0.01,0.06,0.0,255,3,0.01,0.06,0.0,1.0,1.0,0.0,1,125339.0
22,9,175,18246,0,1,1,0.0,0.0,1.0,0.0,1.0,255,248,0.97,0.01,0.0,0.0,0.0,0.0,0,10311.0
11,9,45,45,0,0,114,0.0,0.0,1.0,0.0,0.0,255,255,1.0,0.0,0.0,0.0,0.0,0.0,0,25232.0
45,5,0,0,0,0,228,1.0,1.0,0.06,0.06,0.0,255,13,0.05,0.07,0.0,1.0,1.0,0.0,1,52490.0
22,9,237,511,0,1,1,0.0,0.0,1.0,0.0,0.0,3,255,1.0,0.0,0.01,0.0,0.0,0.0,0,113.0
22,9,219,12922,0,1,23,0.0,0.0,1.0,0.0,0.0,255,255,1.0,0.0,0.0,0.0,0.0,0.0,0,38784.0
45,5,0,0,0,0,5,1.0,1.0,1.0,0.0,0.0,255,7,0.03,0.07,0.0,1.0,1.0,0.0,1,63095.0
45,5,0,0,0,0,220,1.0,1.0,0.09,0.05,0.0,255,7,0.03,0.07,0.0,1.0,1.0,0.0,1,36696.0
34,1,0,0,0,0,147,0.0,0.0,0.12,0.05,0.0,255,10,0.04,0.08,0.0,0.0,0.0,1.0,1,55656.0
22,9,303,748,0,1,8,0.0,0.0,1.0,0.0,0.3,255,255,1.0,0.0,0.0,0.0,0.0,0.01,0,82846.0
22,1,0,0,0,0,1,0.0,0.0,1.0,0.0,0.0,14,219,1.0,0.0,0.16,0.0,0.0,1.0,0,1673.0
40,9,1,0,0,0,3,0.0,0.0,1.0,0.0,0.0,255,3,0.01,0.25,0.0,0.0,0.0,0.0,1,32789.0
22,1,0,0,0,0,1,0.0,0.0,1.0,0.0,0.0,105,107,1.0,0.0,0.02,0.0,0.0,1.0,0,40271.0
45,5,0,0,0,0,68,1.0,1.0,0.15,0.06,0.0,255,12,0.05,0.06,0.0,1.0,1.0,0.0,1,68838.0
11,9,44,44,0,0,137,0.0,0.0,1.0,0.0,0.0,255,255,1.0,0.0,0.0,0.0,0.0,0.0,0,89952.0
22,1,0,0,0,0,1,0.0,0.0,1.0,0.0,1.0,49,131,1.0,0.0,0.02,0.0,0.0,1.0,0,28935.0
13,9,8,0,0,0,1,0.0,0.0,1.0,0.0,1.0,4,80,1.0,0.0,0.25,0.0,0.0,0.0,1,83472.0
22,9,289,654,0,1,7,0.0,0.0,1.0,0.0,0.25,15,255,1.0,0.0,0.01,0.0,0.0,0.0,0,25026.0
22,9,289,4080,0,1,5,0.0,0.0,1.0,0.0,0.43,248,255,1.0,0.0,0.01,0.0,0.0,0.0,0,12172.0
45,5,0,0,0,0,297,1.0,1.0,0.08,0.04,0.0,157,24,0.15,0.06,0.0,0.99,1.0,0.0,1,40170.0
14,9,1032,0,0,0,154,0.0,0.0,1.0,0.0,0.0,255,154,0.6,0.01,0.0,0.0,0.0,0.0,1,5861.0
45,9,1,0,0,0,3,0.0,0.0,1.0,0.0,0.0,255,3,0.01,0.42,0.0,0.0,0.0,0.0,1,51239.0
22,9,230,369,0,1,10,0.0,0.0,1.0,0.0,0.1,42,255,1.0,0.0,0.01,0.0,0.0,0.0,0,115149.0
22,9,286,2280,0,1,2,0.0,0.0,1.0,0.0,0.67,35,255,1.0,0.0,0.03,0.0,0.0,0.0,0,123103.0
45,9,105,146,0,0,1,0.0,0.0,1.0,0.0,0.0,59,58,0.98,0.03,0.0,0.0,0.0,0.0,0,80249.0
22,9,209,1535,0,1,21,0.0,0.0,1.0,0.0,0.09,255,255,1.0,0.0,0.0,0.0,0.0,0.0,0,73019.0
22,9,210,757,0,1,3,0.0,0.0,1.0,0.0,0.22,117,255,1.0,0.0,0.04,0.0,0.0,0.0,0,62427.0
45,5,0,0,0,0,99,1.0,1.0,0.15,0.06,0.0,255,4,0.02,0.07,0.0,1.0,1.0,0.0,1,124773.0
56,5,0,0,0,0,2,0.5,0.5,1.0,0.0,0.0,23,23,1.0,0.0,0.0,0.13,0.13,0.0,0,90873.0
25,1,0,0,0,0,106,0.0,0.0,0.13,0.08,0.0,255,2,0.01,0.07,0.0,0.0,0.0,1.0,1,97128.0
13,9,30,0,0,0,9,0.0,0.0,0.11,0.33,0.0,255,4,0.02,0.01,0.0,0.0,0.0,0.0,0,105530.0
20,5,0,0,0,0,279,1.0,1.0,0.03,0.06,0.0,255,9,0.04,0.07,0.0,1.0,1.0,0.0,1,87203.0
45,1,0,0,0,0,169,0.0,0.0,0.11,0.07,0.0,255,18,0.07,0.08,0.0,0.0,0.0,1.0,1,74715.0
19,9,11,0,0,1,1,0.0,0.0,1.0,0.0,1.0,60,28,0.47,0.08,0.0,0.0,0.0,0.0,0,17525.0
19,9,4892,0,0,0,18,0.0,0.0,1.0,0.0,0.0,156,48,0.31,0.04,0.0,0.0,0.0,0.0,0,8627.0
45,5,0,0,0,0,39,1.0,1.0,0.41,0.1,0.0,255,16,0.06,0.07,0.0,1.0,1.0,0.0,1,74343.0
11,9,45,71,0,0,141,0.0,0.0,0.99,0.01,0.01,255,255,1.0,0.0,0.0,0.0,0.0,0.0,0,85633.0
52,2,0,0,0,0,295,0.0,0.0,0.06,0.06,0.0,255,18,0.07,0.08,0.0,0.0,0.0,1.0,1,106872.0
45,5,0,0,0,0,124,1.0,1.0,0.12,0.06,0.0,255,3,0.01,0.07,0.0,1.0,1.0,0.0,1,122208.0
22,1,0,0,0,0,1,0.0,0.0,1.0,0.0,0.0,8,118,1.0,0.0,0.2,0.0,0.0,1.0,0,34084.0
22,9,270,6314,0,1,1,0.0,0.0,1.0,0.0,0.0,1,255,1.0,0.0,0.07,0.0,0.0,0.0,0,38769.0
22,9,355,488,0,1,35,0.0,0.0,1.0,0.0,0.0,255,255,1.0,0.0,0.0,0.0,0.0,0.0,0,81029.0
24,5,0,0,0,0,230,1.0,1.0,0.04,0.07,0.0,255,11,0.04,0.09,0.0,1.0,1.0,0.0,1,71470.0
10,5,0,0,0,0,219,1.0,1.0,0.11,0.05,0.0,255,24,0.09,0.05,0.0,1.0,1.0,0.0,1,30426.0
25,5,0,0,0,0,244,1.0,1.0,0.08,0.05,0.0,255,20,0.08,0.06,0.0,1.0,1.0,0.0,1,61546.0
19,9,1030,0,0,1,13,0.0,0.0,1.0,0.0,0.0,255,132,0.52,0.03,0.0,0.0,0.01,0.0,0,18716.0
22,9,296,589,0,1,2,0.0,0.0,1.0,0.0,0.0,255,255,1.0,0.0,0.0,0.0,0.0,0.0,0,6215.0
22,9,260,245,0,1,8,0.0,0.0,1.0,0.0,0.3,153,255,1.0,0.0,0.02,0.0,0.0,0.0,0,44232.0
40,9,147,105,0,0,2,0.0,0.0,1.0,0.0,0.0,255,2,0.01,0.84,0.0,0.0,0.0,0.0,0,71478.0
45,5,0,0,0,0,123,1.0,1.0,0.1,0.06,0.0,255,7,0.03,0.06,0.0,1.0,1.0,0.0,1,61280.0
17,5,0,0,0,0,69,1.0,1.0,0.28,0.06,0.0,255,59,0.23,0.04,0.0,1.0,1.0,0.0,1,84044.0
20,1,0,0,0,0,112,0.0,0.0,0.17,0.05,0.0,255,19,0.07,0.08,0.0,0.0,0.0,1.0,1,33465.0
49,9,953,337,0,1,1,0.0,0.0,1.0,0.0,1.0,125,70,0.56,0.05,0.0,0.0,0.0,0.0,0,53890.0
22,9,327,2037,0,1,8,0.0,0.0,1.0,0.0,0.0,8,255,1.0,0.0,0.04,0.0,0.0,0.0,0,119787.0
22,5,0,0,0,0,2,0.5,0.5,1.0,0.0,0.0,13,255,1.0,0.0,0.04,0.08,0.0,0.0,0,104173.0
27,5,0,0,0,0,142,1.0,1.0,0.08,0.06,0.0,255,12,0.05,0.06,0.0,1.0,1.0,0.0,1,72856.0
22,9,281,7478,0,1,1,0.0,0.0,1.0,0.0,0.3,13,255,1.0,0.0,0.03,0.0,0.0,0.0,0,62629.0
45,5,0,0,0,0,282,1.0,1.0,0.05,0.05,0.0,255,15,0.06,0.07,0.0,1.0,1.0,0.0,1,113104.0
40,4,1,0,0,0,2,0.0,0.0,1.0,0.0,0.0,255,2,0.01,0.74,0.0,0.0,0.0,1.0,1,43304.0
19,9,61298,0,0,0,11,0.0,0.0,1.0,0.0,0.0,201,59,0.27,0.03,0.03,0.0,0.0,0.0,0,45649.0
11,9,45,114,0,0,2,0.0,0.0,0.5,1.0,1.0,250,228,0.91,0.01,0.0,0.0,0.0,0.0,0,24666.0
50,5,0,0,0,0,231,1.0,1.0,0.03,0.06,0.0,255,18,0.07,0.06,0.0,1.0,1.0,0.0,1,4164.0
19,9,383,0,0,1,2,0.0,0.0,1.0,0.0,0.67,55,30,0.05,0.07,0.1,0.0,0.0,0.0,0,42109.0
31,5,0,0,0,0,207,1.0,1.0,0.09,0.05,0.0,255,19,0.07,0.05,0.0,1.0,1.0,0.0,1,99485.0
5,1,0,0,0,0,121,0.0,0.0,0.07,0.07,0.0,255,8,0.03,0.08,0.0,0.0,0.0,1.0,1,78373.0
22,9,252,640,0,1,4,0.0,0.0,1.0,0.0,0.0,211,255,1.0,0.0,0.02,0.0,0.0,0.0,0,18386.0
15,5,0,0,0,0,101,1.0,1.0,0.07,0.06,0.0,255,16,0.06,0.06,0.0,1.0,1.0,0.0,1,84221.0
22,9,199,9293,0,1,1,0.0,0.0,1.0,0.0,0.0,3,129,1.0,0.0,0.1,0.0,0.0,0.0,0,103762.0
45,5,0,0,0,0,111,1.0,1.0,0.03,0.06,0.0,255,2,0.01,0.07,0.0,1.0,1.0,0.0,1,22048.0
22,9,233,155,0,1,1,0.0,0.0,1.0,0.0,0.0,255,255,1.0,0.0,0.0,0.0,0.0,0.0,0,30220.0
22,9,172,8705,0,1,3,0.0,0.0,1.0,0.0,0.0,10,255,1.0,0.0,0.05,0.0,0.0,0.0,0,47048.0
19,9,884,0,0,1,2,0.0,0.0,1.0,0.0,0.0,107,140,0.76,0.04,0.01,0.01,0.0,0.0,0,34006.0
22,5,0,0,0,0,255,1.0,1.0,0.02,0.05,0.0,255,6,0.02,0.05,0.0,1.0,1.0,0.0,1,121062.0
18,9,953,2720,0,1,1,0.0,0.0,1.0,0.0,0.0,233,48,0.21,0.02,0.0,0.0,0.0,0.0,0,41739.0
45,4,0,0,0,0,1,0.0,0.0,1.0,0.0,0.0,198,1,0.01,0.76,0.0,0.03,0.0,1.0,1,22739.0
40,4,1,0,0,0,2,0.0,0.0,1.0,0.0,0.0,255,2,0.01,0.63,0.0,0.0,0.0,1.0,1,122974.0
22,5,0,0,0,0,8,1.0,1.0,0.75,0.38,0.0,90,26,0.29,0.04,0.0,0.98,1.0,0.0,1,66789.0
45,5,0,0,0,0,220,1.0,1.0,0.05,0.05,0.0,255,11,0.04,0.06,0.0,1.0,1.0,0.0,1,18409.0
22,9,54540,8314,0,1,1,0.0,0.0,1.0,0.0,0.0,205,205,1.0,0.0,0.0,0.0,0.0,0.01,0,91341.0
19,9,2194619,0,0,1,3,0.0,0.0,1.0,0.0,0.0,222,99,0.45,0.03,0.0,0.0,0.0,0.0,0,106683.0
22,1,0,0,0,0,1,0.0,0.0,1.0,0.0,0.0,4,255,1.0,0.0,0.07,0.0,0.0,0.29,0,35462.0
22,9,192,762,0,1,1,0.0,0.0,1.0,0.0,0.22,42,255,1.0,0.0,0.01,0.0,0.0,0.0,0,11958.0
22,9,207,3048,0,1,14,0.0,0.0,1.0,0.0,0.0,255,255,1.0,0.0,0.0,0.0,0.0,0.0,0,20372.0
22,9,301,4556,0,1,1,0.0,0.0,1.0,0.0,0.0,255,255,1.0,0.0,0.0,0.0,0.0,0.0,0,32639.0
22,9,233,1931,0,1,4,0.0,0.0,1.0,0.0,0.0,25,255,1.0,0.0,0.06,0.0,0.0,0.0,0,73512.0
22,9,276,14510,0,1,1,0.0,0.0,1.0,0.0,0.0,4,255,1.0,0.0,0.04,0.0,0.0,0.0,0,66606.0
40,1,0,0,0,0,511,0.12,0.0,0.0,1.0,0.0,255,1,0.0,1.0,0.0,0.16,0.0,1.0,1,25182.0
22,5,0,0,0,0,2,0.5,0.1,1.0,0.0,0.6,2,255,1.0,0.0,0.02,0.5,0.0,0.0,0,72610.0
56,5,0,0,0,0,135,1.0,1.0,0.13,0.05,0.0,255,16,0.06,0.06,0.0,1.0,1.0,0.0,1,118589.0
11,9,46,75,0,0,43,0.0,0.0,1.0,0.0,0.0,255,166,0.65,0.01,0.0,0.0,0.0,0.0,0,47500.0
45,5,0,0,0,0,276,1.0,1.0,0.04,0.06,0.0,255,24,0.09,0.06,0.0,1.0,1.0,0.0,1,48204.0
45,1,0,0,0,0,144,0.04,0.0,0.01,0.99,0.0,255,1,0.0,0.57,0.0,0.02,0.0,1.0,1,7209.0
56,5,0,0,0,0,282,1.0,1.0,0.0,0.06,0.0,255,1,0.0,0.06,0.0,1.0,1.0,0.0,1,2141.0
19,9,10073,0,0,0,15,0.0,0.0,1.0,0.0,0.0,208,60,0.29,0.03,0.0,0.0,0.0,0.0,0,119442.0
45,1,0,0,0,0,258,0.1,0.0,0.0,1.0,0.0,255,1,0.0,1.0,0.0,0.1,0.0,1.0,1,65418.0
45,9,1,0,0,0,1,0.0,0.0,1.0,0.0,0.0,255,1,0.0,0.99,0.0,0.13,0.0,0.0,1,81310.0
22,9,220,608,0,1,8,0.0,0.0,1.0,0.0,0.0,255,255,1.0,0.0,0.0,0.0,0.0,0.0,0,103578.0
27,5,0,0,0,0,121,1.0,1.0,0.16,0.06,0.0,255,2,0.01,0.08,0.0,1.0,1.0,0.0,1,16539.0
26,5,0,0,0,0,141,1.0,1.0,0.06,0.06,0.0,255,10,0.04,0.06,0.0,1.0,1.0,0.0,1,36399.0
58,9,183,0,0,0,5,0.0,0.0,0.8,0.4,0.0,255,16,0.06,0.01,0.0,0.0,0.0,0.0,0,31348.0
13,9,8,0,0,0,1,0.0,0.0,1.0,0.0,1.0,4,188,1.0,0.0,0.25,0.0,0.0,0.0,1,69766.0
22,9,222,1215,0,1,8,0.0,0.0,1.0,0.0,0.0,255,255,1.0,0.0,0.0,0.0,0.0,0.0,0,54662.0
45,4,0,0,0,0,1,0.0,0.0,1.0,0.0,0.0,132,1,0.01,0.27,0.0,0.0,0.0,1.0,1,88267.0
45,9,105,147,0,0,1,0.0,0.0,1.0,0.0,0.0,1,1,1.0,0.0,0.0,0.0,0.0,0.0,0,89945.0
22,9,203,1364,0,1,9,0.0,0.0,1.0,0.0,0.23,255,255,1.0,0.0,0.0,0.0,0.0,0.0,0,120310.0
29,1,0,0,0,0,252,0.0,0.0,0.05,0.07,0.0,255,13,0.05,0.08,0.0,0.0,0.0,1.0,1,93932.0
22,9,334,281,0,1,5,0.0,0.0,1.0,0.0,0.0,255,244,0.96,0.01,0.0,0.0,0.0,0.0,0,69782.0
17,5,0,0,0,0,285,1.0,1.0,0.07,0.06,0.0,255,19,0.07,0.08,0.0,1.0,1.0,0.0,1,2645.0
22,9,166,22342,0,1,1,0.0,0.0,1.0,0.0,0.0,1,255,1.0,0.0,0.05,0.0,0.01,0.0,0,95776.0
22,9,242,3008,0,1,5,0.0,0.0,1.0,0.0,0.0,7,255,1.0,0.0,0.03,0.0,0.0,0.0,0,3579.0
22,9,224,2584,0,1,2,0.0,0.0,1.0,0.0,0.0,65,255,1.0,0.0,0.03,0.0,0.0,0.01,0,75406.0
40,9,146,105,0,0,3,0.0,0.0,0.67,0.67,0.0,255,2,0.01,0.43,0.0,0.0,0.0,0.0,0,66457.0
22,9,314,287,0,1,6,0.0,0.0,1.0,0.0,0.29,16,255,1.0,0.0,0.04,0.0,0.0,0.01,0,75539.0
22,9,216,1320,0,1,8,0.0,0.0,1.0,0.0,0.0,24,255,1.0,0.0,0.02,0.0,0.0,0.0,0,106263.0
45,5,0,0,0,0,67,1.0,1.0,0.07,0.06,0.0,255,5,0.02,0.05,0.0,1.0,1.0,0.0,1,20027.0
22,9,226,1411,0,1,8,0.0,0.0,1.0,0.0,0.13,37,255,1.0,0.0,0.02,0.0,0.0,0.0,0,217.0
22,9,317,1608,0,1,3,0.0,0.0,1.0,0.0,0.0,8,255,1.0,0.0,0.04,0.0,0.0,0.0,0,91424.0
22,9,224,5537,0,1,3,0.0,0.0,1.0,0.0,0.18,255,255,1.0,0.0,0.0,0.0,0.0,0.0,0,123592.0
45,5,0,0,0,0,287,1.0,1.0,0.06,0.06,0.0,255,2,0.01,0.07,0.0,1.0,1.0,0.0,1,57700.0
27,1,0,0,0,0,140,0.0,0.0,0.09,0.06,0.0,255,8,0.03,0.06,0.0,0.0,0.0,1.0,1,77193.0
13,9,8,0,0,0,1,0.0,0.0,1.0,0.0,1.0,2,14,1.0,0.0,0.29,0.0,0.0,0.0,1,32486.0
22,9,260,2721,0,1,6,0.0,0.0,1.0,0.0,0.29,44,255,1.0,0.0,0.02,0.0,0.0,0.0,0,68206.0
11,9,44,114,0,0,37,0.0,0.0,1.0,0.0,0.0,255,204,0.8,0.01,0.0,0.0,0.0,0.0,0,119466.0
19,9,1139,0,0,0,2,0.0,0.0,1.0,0.0,0.0,255,27,0.11,0.74,0.0,0.73,0.0,0.0,0,68741.0
45,5,0,0,0,0,182,1.0,1.0,0.01,0.07,0.0,255,19,0.07,0.07,0.0,1.0,1.0,0.0,1,50605.0
45,9,28,0,3,0,66,0.0,0.0,1.0,0.0,0.0,255,33,0.13,0.01,0.0,0.0,0.0,0.0,1,105331.0
22,9,258,1419,0,1,1,0.0,0.0,1.0,0.0,0.0,116,255,1.0,0.0,0.02,0.0,0.0,0.01,0,89720.0
22,5,0,0,0,0,2,1.0,1.0,0.5,1.0,0.0,244,61,0.25,0.02,0.0,0.99,1.0,0.0,1,106895.0
28,1,0,0,0,0,128,0.0,0.0,0.05,0.07,0.0,255,6,0.02,0.06,0.0,0.0,0.0,1.0,1,66548.0
14,9,520,0,0,0,453,0.0,0.0,1.0,0.0,0.0,154,154,1.0,0.0,0.0,0.0,0.0,0.0,1,31202.0
37,5,0,0,0,0,104,1.0,1.0,0.03,0.08,0.0,255,4,0.02,0.06,0.0,1.0,1.0,0.0,1,105815.0
45,5,0,0,0,0,110,1.0,1.0,0.09,0.06,0.0,255,10,0.04,0.08,0.0,1.0,1.0,0.0,1,7580.0
22,9,244,397,0,1,16,0.0,0.0,1.0,0.0,0.0,112,255,1.0,0.0,0.02,0.0,0.0,0.0,0,3169.0
11,9,44,133,0,0,68,0.0,0.0,1.0,0.0,0.01,255,254,1.0,0.01,0.0,0.0,0.0,0.0,0,7827.0
22,9,274,512,0,1,2,0.0,0.0,1.0,0.0,0.0,47,255,1.0,0.0,0.02,0.0,0.0,0.0,0,28575.0
45,9,1,26,0,0,21,0.0,0.0,0.14,0.19,0.0,255,3,0.01,0.87,0.0,0.16,0.0,0.0,1,75483.0
45,5,0,0,0,0,133,1.0,1.0,0.08,0.06,0.0,255,14,0.05,0.08,0.0,1.0,1.0,0.0,1,83610.0
56,5,0,0,0,0,110,1.0,1.0,0.09,0.05,0.0,255,14,0.05,0.07,0.0,1.0,1.0,0.0,1,41131.0
19,9,641,0,0,0,1,0.0,0.0,1.0,0.0,0.0,115,105,0.44,0.03,0.02,0.0,0.0,0.0,0,44524.0
13,9,8,0,0,0,1,0.0,0.0,1.0,0.0,1.0,2,64,1.0,0.0,0.5,0.0,0.0,0.0,1,70254.0
45,5,0,0,0,0,289,1.0,1.0,0.05,0.06,0.0,255,15,0.06,0.07,0.0,1.0,1.0,0.0,1,44566.0
22,9,304,370,0,1,3,0.0,0.0,1.0,0.0,0.0,177,255,1.0,0.0,0.01,0.0,0.0,0.0,0,51113.0
55,5,0,0,0,0,130,1.0,1.0,0.14,0.06,0.0,255,3,0.01,0.07,0.0,1.0,1.0,0.0,1,76267.0
22,1,0,0,0,0,1,0.0,0.0,1.0,0.0,1.0,14,4,0.29,0.21,0.0,0.0,0.0,1.0,0,94513.0
22,9,217,1856,0,1,27,0.0,0.0,1.0,0.0,0.0,255,255,1.0,0.0,0.0,0.0,0.0,0.0,0,22659.0
20,5,0,0,0,0,130,1.0,1.0,0.14,0.05,0.0,255,12,0.05,0.06,0.0,1.0,1.0,0.0,1,4583.0
14,9,1032,0,0,0,113,0.0,0.0,1.0,0.0,0.0,255,113,0.44,0.02,0.0,0.0,0.0,0.0,1,110525.0
61,5,0,0,0,0,197,1.0,1.0,0.01,0.07,0.0,255,2,0.01,0.08,0.0,1.0,1.0,0.0,1,467.0
22,9,318,10655,0,1,3,0.0,0.0,1.0,0.0,0.0,27,255,1.0,0.0,0.04,0.0,0.0,0.0,0,54923.0
40,9,1363,0,0,1,22,0.09,0.0,0.05,0.41,0.0,198,1,0.01,0.1,0.0,0.02,0.0,0.0,0,100782.0
3,5,0,0,0,0,191,1.0,1.0,0.02,0.07,0.0,255,4,0.02,0.07,0.0,1.0,1.0,0.0,1,94033.0
10,5,0,0,0,0,290,1.0,1.0,0.07,0.06,0.0,255,12,0.05,0.08,0.0,1.0,1.0,0.0,1,36140.0
45,1,0,0,0,0,139,0.0,0.0,0.12,0.06,0.0,255,15,0.06,0.07,0.0,0.0,0.0,1.0,1,124349.0
35,5,0,0,0,0,272,1.0,1.0,0.06,0.06,0.0,255,16,0.06,0.07,0.0,1.0,1.0,0.0,1,41078.0
58,9,131,0,0,0,1,0.0,0.0,1.0,0.0,0.0,51,8,0.04,0.06,0.25,0.0,0.0,0.0,0,93601.0
45,5,0,0,0,0,292,1.0,1.0,0.01,0.04,0.0,255,3,0.01,0.05,0.0,1.0,1.0,0.0,1,113039.0
22,1,0,0,0,0,1,0.0,0.0,1.0,0.0,0.0,196,137,0.7,0.02,0.0,0.0,0.0,1.0,0,18213.0
23,5,0,0,0,0,140,1.0,1.0,0.12,0.06,0.0,255,17,0.07,0.06,0.0,1.0,1.0,0.0,1,33456.0
22,9,235,185,0,1,5,0.0,0.0,1.0,0.0,0.21,161,255,1.0,0.0,0.01,0.0,0.0,0.0,0,36106.0
17,5,0,0,0,0,26,1.0,1.0,0.31,0.15,0.0,255,59,0.23,0.04,0.0,1.0,1.0,0.0,1,100035.0
11,9,45,135,0,0,80,0.0,0.0,1.0,0.0,0.01,255,255,1.0,0.0,0.0,0.0,0.0,0.0,0,16276.0
18,9,1200,3380,0,1,1,0.0,0.0,1.0,0.0,0.0,174,49,0.28,0.02,0.0,0.0,0.0,0.0,0,37278.0
22,9,338,819,0,1,16,0.0,0.0,1.0,0.0,0.09,240,255,1.0,0.0,0.01,0.0,0.0,0.0,0,123011.0
22,1,0,0,0,0,1,0.0,0.0,1.0,0.0,1.0,96,255,1.0,0.0,0.12,0.0,0.0,1.0,0,31729.0
45,9,1,0,0,0,21,0.0,0.0,0.43,0.1,0.0,255,54,0.21,0.2,0.0,0.0,0.0,0.0,1,121558.0
14,9,30,0,0,0,1,0.0,0.0,1.0,0.0,0.0,206,206,1.0,0.0,0.0,0.0,0.0,0.0,0,101864.0
19,9,1363,0,0,0,13,0.0,0.0,1.0,0.0,0.0,19,84,1.0,0.0,0.02,0.0,0.0,0.0,0,97667.0
11,9,45,78,0,0,210,0.0,0.0,1.0,0.0,0.01,255,217,0.85,0.01,0.0,0.0,0.0,0.0,0,72368.0
13,9,8,0,0,0,1,0.0,0.0,1.0,0.0,1.0,3,79,1.0,0.0,0.25,0.0,0.0,0.0,1,57141.0
17,5,0,0,0,0,120,1.0,1.0,0.1,0.06,0.0,255,5,0.02,0.07,0.0,1.0,1.0,0.0,1,95700.0
11,9,43,79,0,0,80,0.0,0.0,1.0,0.0,0.01,255,254,1.0,0.01,0.0,0.0,0.0,0.0,0,65035.0
45,5,0,0,0,0,93,1.0,1.0,0.03,0.06,0.0,255,19,0.07,0.07,0.0,1.0,1.0,0.0,1,78580.0
10,5,0,0,0,0,97,1.0,1.0,0.07,0.06,0.0,255,6,0.02,0.08,0.0,1.0,1.0,0.0,1,81049.0
22,9,309,1846,0,1,9,0.0,0.0,1.0,0.0,0.0,31,255,1.0,0.0,0.01,0.0,0.0,0.0,0,122415.0
22,9,413,6825,0,1,4,0.0,0.0,1.0,0.0,0.0,88,245,1.0,0.0,0.17,0.0,0.0,0.69,0,10026.0
26,5,0,0,0,0,145,1.0,1.0,0.08,0.06,0.0,255,6,0.02,0.06,0.0,1.0,1.0,0.0,1,60094.0
45,5,0,0,0,0,251,1.0,1.0,0.01,0.06,0.0,255,18,0.07,0.07,0.0,1.0,1.0,0.0,1,39248.0
13,9,8,0,0,0,1,0.0,0.0,1.0,0.0,1.0,4,16,1.0,0.0,0.25,0.0,0.0,0.0,1,14744.0
38,1,0,0,0,0,2,0.0,0.0,0.5,1.0,0.0,255,1,0.0,0.22,0.0,0.0,0.0,1.0,1,2945.0
45,5,0,0,0,0,138,1.0,1.0,0.04,0.06,0.0,255,18,0.07,0.05,0.0,1.0,1.0,0.0,1,103654.0
14,9,520,0,0,0,418,0.0,0.0,1.0,0.0,0.0,255,255,1.0,0.0,0.0,0.0,0.0,0.0,1,54381.0
22,9,294,685,0,1,14,0.0,0.0,1.0,0.0,0.07,69,255,1.0,0.0,0.04,0.0,0.0,0.01,0,33753.0
45,5,0,0,0,0,124,1.0,1.0,0.06,0.07,0.0,255,7,0.03,0.08,0.0,1.0,1.0,0.0,1,39332.0
23,1,0,0,0,0,148,0.0,0.0,0.13,0.05,0.0,255,19,0.07,0.06,0.0,0.0,0.0,1.0,1,97010.0
50,5,0,0,0,0,201,1.0,1.0,0.09,0.06,0.0,255,20,0.08,0.07,0.0,1.0,1.0,0.0,1,108543.0
21,5,0,0,0,0,199,1.0,1.0,0.04,0.07,0.0,255,9,0.04,0.08,0.0,1.0,1.0,0.0,1,92555.0
13,9,18,0,0,0,1,0.0,0.0,1.0,0.0,0.0,1,41,1.0,0.0,1.0,0.0,0.0,0.0,1,67384.0
45,5,0,0,0,0,251,1.0,1.0,0.07,0.06,0.0,255,20,0.08,0.05,0.0,1.0,1.0,0.0,1,90788.0
11,9,45,45,0,0,99,0.0,0.0,0.99,0.02,0.01,255,254,1.0,0.01,0.0,0.0,0.0,0.0,0,61649.0
19,5,0,0,0,0,15,1.0,1.0,0.13,0.27,0.0,255,41,0.16,0.04,0.0,1.0,1.0,0.0,1,101804.0
11,9,30,0,0,0,1,0.0,0.0,1.0,0.0,0.38,255,24,0.09,0.04,0.0,0.0,0.0,0.0,0,19645.0
14,9,30,0,0,0,2,0.0,0.0,1.0,0.0,0.0,153,153,1.0,0.0,0.0,0.0,0.0,0.0,0,91326.0
58,9,78,0,0,0,16,0.0,0.0,0.44,0.12,0.0,255,7,0.03,0.01,0.0,0.0,0.0,0.0,0,4863.0
8,5,0,0,0,0,119,1.0,1.0,0.13,0.06,0.0,255,16,0.06,0.07,0.0,1.0,1.0,0.0,1,115882.0
22,1,0,0,0,0,1,0.0,0.0,1.0,0.0,0.0,6,39,1.0,0.0,0.26,0.0,0.0,1.0,0,34907.0
45,5,0,0,0,0,111,1.0,1.0,0.07,0.05,0.0,255,6,0.02,0.06,0.0,1.0,1.0,0.0,1,54840.0
45,5,0,0,0,0,193,1.0,1.0,0.06,0.07,0.0,255,12,0.05,0.06,0.0,1.0,1.0,0.0,1,3490.0
22,9,255,2499,0,1,2,0.0,0.0,1.0,0.0,0.4,42,255,1.0,0.0,0.05,0.0,0.0,0.0,0,33670.0
22,9,204,525,0,1,3,0.0,0.0,1.0,0.0,0.5,189,255,1.0,0.0,0.04,0.0,0.0,0.0,0,69972.0
62,5,0,0,0,0,142,1.0,1.0,0.1,0.06,0.0,255,11,0.04,0.06,0.0,1.0,1.0,0.0,1,33029.0
43,5,0,0,0,0,231,1.0,1.0,0.08,0.06,0.0,255,9,0.04,0.08,0.0,1.0,1.0,0.0,1,69087.0
19,9,11376,0,0,1,8,0.0,0.0,1.0,0.0,0.0,255,63,0.25,0.03,0.0,0.0,0.0,0.0,0,30401.0
22,9,234,5280,0,1,3,0.0,0.0,1.0,0.0,0.0,255,255,1.0,0.0,0.0,0.0,0.0,0.0,0,10350.0
22,9,310,640,0,1,4,0.0,0.0,1.0,0.0,0.0,4,255,1.0,0.0,0.05,0.0,0.0,0.0,0,34211.0
40,9,516,4,0,0,125,0.0,0.0,1.0,0.0,0.0,125,125,1.0,0.0,0.0,0.0,0.0,0.0,0,89170.0
22,1,0,0,0,0,2,0.0,0.0,1.0,0.0,0.0,128,255,1.0,0.0,0.09,0.0,0.0,1.0,0,66359.0
49,9,1696,364,0,1,1,0.0,0.0,1.0,0.0,0.0,255,121,0.47,0.02,0.0,0.0,0.0,0.02,0,119400.0
20,1,0,0,0,0,511,0.08,0.0,0.0,1.0,0.0,255,1,0.0,1.0,0.0,0.07,0.0,1.0,1,96123.0
46,5,0,0,0,0,232,1.0,1.0,0.01,0.06,0.0,255,3,0.01,0.05,0.0,1.0,1.0,0.0,1,117039.0
45,9,105,145,0,0,4,0.0,0.0,0.25,0.5,0.0,255,242,0.95,0.01,0.0,0.0,0.0,0.0,0,124948.0
22,9,223,353,0,1,9,0.0,0.0,1.0,0.0,0.0,141,255,1.0,0.0,0.01,0.0,0.0,0.02,0,51110.0
14,9,1032,0,0,0,511,0.0,0.0,1.0,0.0,0.0,96,2,0.02,0.07,0.0,0.02,0.0,0.0,1,61494.0
22,9,230,505,0,1,8,0.0,0.0,1.0,0.0,0.0,8,255,1.0,0.0,0.02,0.0,0.0,0.0,0,114966.0
45,1,0,0,0,0,106,0.0,0.0,0.04,0.08,0.0,181,4,0.02,0.07,0.0,0.0,0.0,1.0,1,59149.0
4,5,0,0,0,0,275,1.0,1.0,0.06,0.07,0.0,255,16,0.06,0.08,0.0,1.0,1.0,0.0,1,41263.0
56,5,0,0,0,0,230,1.0,1.0,0.07,0.07,0.0,255,19,0.07,0.06,0.0,1.0,1.0,0.0,1,63833.0
22,9,259,11629,0,1,1,0.0,0.0,1.0,0.0,0.0,72,255,1.0,0.0,0.04,0.0,0.0,0.0,0,25650.0
22,9,246,7498,0,1,1,0.0,0.0,1.0,0.0,0.67,25,255,1.0,0.0,0.05,0.0,0.0,0.0,0,83649.0
45,5,0,0,0,0,208,1.0,1.0,0.08,0.06,0.0,255,20,0.08,0.07,0.0,1.0,1.0,0.0,1,85112.0
49,9,746,320,0,1,1,0.0,0.0,1.0,0.0,1.0,19,164,0.42,0.11,0.01,0.0,0.0,0.0,0,90240.0
18,9,1036,3081,0,1,1,0.0,0.0,1.0,0.0,0.0,126,29,0.23,0.05,0.0,0.0,0.0,0.0,0,49851.0
22,9,294,1024,0,1,37,0.0,0.0,1.0,0.0,0.04,255,255,1.0,0.0,0.0,0.0,0.0,0.0,0,91517.0
19,9,832,0,0,1,1,0.0,0.0,1.0,0.0,0.0,7,15,1.0,0.0,0.13,0.0,0.0,0.0,0,72657.0
22,9,257,256,0,1,1,0.0,0.0,1.0,0.0,0.0,255,255,1.0,0.0,0.0,0.0,0.0,0.0,0,74046.0
22,9,303,5745,0,1,1,0.0,0.0,1.0,0.0,0.0,255,255,1.0,0.0,0.0,0.0,0.0,0.0,0,53243.0
22,9,153,4758,0,1,5,0.0,0.0,1.0,0.0,0.0,5,255,1.0,0.0,0.02,0.0,0.0,0.0,0,65738.0
25,5,0,0,0,0,256,1.0,1.0,0.04,0.06,0.0,255,11,0.04,0.07,0.0,1.0,1.0,0.0,1,15802.0
22,9,265,1932,0,1,4,0.0,0.0,1.0,0.0,0.0,255,255,1.0,0.0,0.0,0.0,0.0,0.0,0,87399.0
45,5,0,0,0,0,160,1.0,1.0,0.05,0.06,0.0,255,8,0.03,0.06,0.0,1.0,1.0,0.0,1,27631.0
17,9,8,147,0,0,1,0.0,0.0,1.0,0.0,0.0,255,27,0.11,0.02,0.0,0.25,0.59,0.0,0,86987.0
31,5,0,0,0,0,246,1.0,1.0,0.08,0.07,0.0,255,20,0.08,0.07,0.0,1.0,1.0,0.0,1,19795.0
22,9,333,670,0,1,12,0.0,0.0,1.0,0.0,0.0,38,255,1.0,0.0,0.03,0.0,0.01,0.0,0,114986.0
16,5,0,0,0,0,120,1.0,1.0,0.16,0.06,0.0,255,19,0.07,0.05,0.0,1.0,1.0,0.0,1,77716.0
14,9,1032,0,0,0,511,0.0,0.0,1.0,0.0,0.0,255,16,0.06,0.18,0.0,0.0,0.0,0.0,1,92765.0
55,5,0,0,0,0,293,1.0,1.0,0.02,0.05,0.0,255,6,0.02,0.05,0.0,1.0,1.0,0.0,1,21933.0
24,5,0,0,0,0,131,1.0,1.0,0.1,0.07,0.0,255,2,0.01,0.07,0.0,1.0,1.0,0.0,1,99181.0
45,5,0,0,0,0,87,1.0,1.0,0.01,0.07,0.0,255,15,0.06,0.07,0.0,1.0,1.0,0.0,1,51992.0
22,9,285,2956,0,1,11,0.0,0.0,1.0,0.0,0.0,19,255,1.0,0.0,0.06,0.0,0.0,0.0,0,86617.0
11,9,45,134,0,0,33,0.0,0.0,1.0,0.0,0.02,255,254,1.0,0.01,0.0,0.0,0.0,0.0,0,82143.0
11,9,45,70,0,0,299,0.0,0.0,1.0,0.0,0.0,255,254,1.0,0.01,0.0,0.0,0.0,0.0,0,91640.0
14,9,1032,0,0,0,510,0.0,0.0,1.0,0.0,0.0,160,15,0.09,0.02,0.0,0.0,0.0,0.0,1,80146.0
22,9,281,7568,0,1,4,0.0,0.0,1.0,0.0,0.0,47,255,1.0,0.0,0.07,0.0,0.0,0.0,0,112747.0
40,1,0,0,0,0,511,0.15,0.0,0.0,1.0,0.0,255,1,0.0,1.0,0.0,0.14,0.0,1.0,1,57362.0
22,9,223,188,0,1,4,0.0,0.0,1.0,0.0,0.0,255,255,1.0,0.0,0.0,0.0,0.0,0.0,0,7417.0
22,9,300,1197,0,1,3,0.0,0.0,1.0,0.0,0.29,93,255,1.0,0.0,0.02,0.02,0.01,0.02,0,45975.0
45,4,1,0,0,0,2,0.0,0.0,1.0,0.0,0.0,255,2,0.01,0.73,0.0,0.0,0.0,1.0,1,124919.0
22,1,0,0,0,0,1,0.0,0.0,1.0,0.0,0.0,5,255,1.0,0.0,0.03,0.0,0.0,0.02,0,27401.0
33,5,0,0,0,0,96,1.0,1.0,0.2,0.06,0.0,255,14,0.05,0.06,0.0,1.0,1.0,0.0,1,83763.0
13,9,8,0,0,0,1,0.0,0.0,1.0,0.0,1.0,2,129,1.0,0.0,0.5,0.0,0.0,0.0,1,781.0
45,9,28,0,3,0,62,0.0,0.0,1.0,0.0,0.0,255,62,0.24,0.04,0.0,0.02,0.0,0.0,1,109992.0
19,9,259,0,0,1,2,0.0,0.0,1.0,0.0,0.0,41,88,0.41,0.07,0.02,0.0,0.01,0.0,0,109922.0
45,1,0,0,0,0,149,0.0,0.0,0.05,0.06,0.0,255,7,0.03,0.08,0.0,0.0,0.0,1.0,1,35205.0
49,9,1614,323,0,1,1,0.0,0.0,1.0,0.0,0.0,176,245,0.95,0.01,0.01,0.0,0.0,0.0,0,112811.0
19,9,5133876,0,0,1,1,0.0,0.0,1.0,0.0,0.0,4,34,1.0,0.0,0.15,0.0,0.0,0.0,0,41714.0
22,9,229,1774,0,1,4,0.0,0.0,1.0,0.0,0.4,16,170,1.0,0.0,0.05,0.0,0.0,0.0,0,44040.0
22,9,200,1021,0,1,1,0.0,0.0,1.0,0.0,1.0,18,255,1.0,0.0,0.04,0.0,0.0,0.0,0,14626.0
22,9,246,1842,0,1,34,0.0,0.0,1.0,0.0,0.09,255,255,1.0,0.0,0.0,0.0,0.0,0.0,0,30623.0
24,5,0,0,0,0,178,1.0,1.0,0.04,0.07,0.0,255,8,0.03,0.06,0.0,1.0,1.0,0.0,1,12685.0
50,5,0,0,0,0,90,1.0,1.0,0.04,0.07,0.0,255,14,0.05,0.06,0.0,1.0,1.0,0.0,1,20237.0
19,9,190,0,0,1,2,0.0,0.0,1.0,0.0,0.0,255,2,0.01,0.6,0.0,0.0,0.0,0.0,0,57686.0
45,5,0,0,0,0,139,1.0,1.0,0.01,0.05,0.0,255,2,0.01,0.05,0.0,1.0,1.0,0.0,1,7926.0
60,5,0,0,0,0,237,1.0,1.0,0.07,0.05,0.0,255,17,0.07,0.06,0.0,1.0,1.0,0.0,1,106271.0
49,9,2073,328,0,1,1,0.0,0.0,1.0,0.0,0.0,168,148,0.82,0.02,0.01,0.0,0.0,0.0,0,124248.0
22,9,237,1970,0,1,4,0.0,0.0,1.0,0.0,0.17,114,255,1.0,0.0,0.03,0.0,0.0,0.0,0,63307.0
30,5,0,0,0,0,126,1.0,1.0,0.2,0.06,0.0,255,25,0.1,0.05,0.0,1.0,1.0,0.0,1,77220.0
22,9,193,58410,0,1,2,0.0,0.0,1.0,0.0,0.0,10,255,1.0,0.0,0.04,0.0,0.0,0.01,0,62472.0
13,9,8,0,0,0,1,0.0,0.0,1.0,0.0,1.0,1,255,1.0,0.0,0.5,0.0,0.0,0.0,1,120595.0
22,9,165,19840,0,1,1,0.0,0.0,1.0,0.0,0.0,255,255,1.0,0.0,0.0,0.0,0.0,0.0,0,32077.0
45,0,0,0,0,0,1,0.0,0.0,1.0,0.0,0.0,185,1,0.01,0.74,0.0,0.03,0.0,0.0,1,3768.0
49,9,125,240,0,1,1,0.0,0.0,1.0,0.0,0.0,110,86,0.28,0.65,0.02,0.0,0.0,0.0,0,60144.0
22,9,214,855,0,1,13,0.0,0.0,1.0,0.0,0.0,23,255,1.0,0.0,0.08,0.0,0.0,0.0,0,47648.0
22,9,264,1446,0,1,2,0.0,0.0,1.0,0.0,0.27,2,255,1.0,0.0,0.02,0.0,0.0,0.0,0,6925.0
22,9,257,1053,0,1,11,0.0,0.0,1.0,0.0,0.0,11,255,1.0,0.0,0.06,0.0,0.0,0.0,0,106009.0
19,9,567,0,0,1,1,0.0,0.0,1.0,0.0,0.0,150,42,0.12,0.05,0.05,0.0,0.02,0.0,0,16157.0
22,9,221,294,0,1,16,0.0,0.0,1.0,0.0,0.0,187,255,1.0,0.0,0.01,0.0,0.0,0.0,0,7347.0
11,9,46,46,0,0,117,0.0,0.0,1.0,0.0,0.0,255,255,1.0,0.0,0.0,0.0,0.0,0.0,0,89477.0
22,9,258,382,0,1,6,0.0,0.0,1.0,0.0,0.0,100,255,1.0,0.0,0.03,0.0,0.0,0.0,0,112049.0
45,4,0,0,0,0,2,0.0,0.0,1.0,0.0,0.0,255,2,0.01,0.74,0.0,0.0,0.0,1.0,1,50220.0
22,9,265,3162,0,1,13,0.0,0.0,1.0,0.0,0.0,119,255,1.0,0.0,0.04,0.0,0.0,0.0,0,39715.0
11,9,46,133,0,0,184,0.0,0.0,0.99,0.01,0.0,215,182,0.85,0.01,0.0,0.0,0.0,0.0,0,88286.0
20,5,0,0,0,0,186,1.0,1.0,0.05,0.06,0.0,255,10,0.04,0.05,0.0,1.0,1.0,0.0,1,2039.0
19,9,37,0,0,1,2,0.0,0.0,1.0,0.0,0.0,255,61,0.24,0.02,0.0,0.73,0.8,0.0,0,124161.0
22,9,298,9248,0,1,1,0.0,0.0,1.0,0.0,1.0,93,255,1.0,0.0,0.02,0.0,0.0,0.0,0,44341.0
22,1,0,0,0,0,1,0.0,0.0,1.0,0.0,0.0,9,255,1.0,0.0,0.21,0.0,0.0,0.93,0,81287.0
49,9,2212,283,0,1,1,0.0,0.0,1.0,0.0,1.0,69,160,0.62,0.07,0.02,0.0,0.0,0.0,0,35739.0
22,9,227,1016,0,1,22,0.0,0.0,1.0,0.0,0.0,255,255,1.0,0.0,0.0,0.0,0.0,0.0,0,114692.0
22,9,186,15495,0,1,1,0.0,0.0,1.0,0.0,0.0,10,255,1.0,0.0,0.07,0.0,0.0,0.0,0,1147.0
22,9,248,3126,0,1,16,0.0,0.0,1.0,0.0,0.0,28,255,1.0,0.0,0.04,0.0,0.0,0.0,0,53756.0
21,5,0,0,0,0,291,1.0,1.0,0.08,0.05,0.0,255,22,0.09,0.05,0.0,1.0,1.0,0.0,1,114320.0
22,9,330,4294,0,1,2,0.0,0.0,1.0,0.0,0.0,39,255,1.0,0.0,0.04,0.0,0.0,0.0,0,6112.0
22,9,298,4240,0,1,6,0.0,0.0,1.0,0.0,0.09,6,255,1.0,0.0,0.02,0.0,0.0,0.0,0,12539.0
22,9,230,867,0,1,21,0.0,0.0,1.0,0.0,0.07,95,255,1.0,0.0,0.01,0.0,0.0,0.0,0,42089.0
22,9,305,1049,0,1,19,0.0,0.0,1.0,0.0,0.0,39,255,1.0,0.0,0.02,0.0,0.0,0.0,0,32015.0
22,9,399,296,0,1,16,0.0,0.0,1.0,0.0,0.09,255,255,1.0,0.0,0.0,0.0,0.0,0.0,0,110646.0
45,5,0,0,0,0,208,1.0,1.0,0.08,0.06,0.0,255,20,0.08,0.07,0.0,1.0,1.0,0.0,1,67726.0
45,5,0,0,0,0,103,1.0,1.0,0.03,0.06,0.0,255,3,0.01,0.05,0.0,1.0,1.0,0.0,1,121909.0
22,9,299,1719,0,1,18,0.0,0.0,1.0,0.0,0.1,92,255,1.0,0.0,0.06,0.0,0.0,0.0,0,21357.0
14,9,1032,0,0,0,510,0.0,0.0,1.0,0.0,0.0,255,189,0.74,0.02,0.0,0.0,0.0,0.0,1,76142.0
40,4,1,0,0,0,2,0.0,0.0,1.0,0.0,0.0,255,2,0.01,0.62,0.0,0.0,0.0,1.0,1,109386.0
22,5,0,0,0,0,238,1.0,1.0,0.0,0.06,0.0,255,1,0.0,0.07,0.0,1.0,1.0,0.0,1,34411.0
22,1,0,0,0,0,1,0.0,0.0,1.0,0.0,1.0,32,247,1.0,0.0,0.06,0.0,0.0,0.55,0,3798.0
58,9,183,0,0,0,2,0.0,0.0,0.5,1.0,0.0,255,24,0.09,0.01,0.0,0.0,0.0,0.0,0,54207.0
55,5,0,0,0,0,35,1.0,1.0,0.54,0.06,0.0,235,60,0.25,0.02,0.03,1.0,0.98,0.0,1,43525.0
59,5,0,0,0,0,118,1.0,1.0,0.04,0.05,0.0,255,5,0.02,0.05,0.0,1.0,1.0,0.0,1,61402.0
22,9,214,1164,0,1,8,0.0,0.0,1.0,0.0,0.27,8,255,1.0,0.0,0.04,0.0,0.0,0.0,0,68440.0
11,9,46,141,0,0,284,0.0,0.0,1.0,0.01,0.0,249,214,0.86,0.01,0.0,0.0,0.0,0.0,0,75595.0
22,4,54060,7300,0,1,5,0.0,0.0,1.0,0.0,0.0,255,255,1.0,0.0,0.0,0.0,0.0,0.06,0,20116.0
11,9,45,82,0,0,114,0.0,0.0,1.0,0.0,0.0,255,254,1.0,0.01,0.0,0.0,0.0,0.0,0,16928.0
22,9,197,1422,0,1,9,0.0,0.0,1.0,0.0,0.0,9,255,1.0,0.0,0.03,0.0,0.0,0.0,0,12647.0
22,1,0,0,0,0,1,0.0,0.0,1.0,0.0,0.0,5,85,1.0,0.0,0.32,0.0,0.0,1.0,0,66483.0
49,9,12323,1437,0,1,1,0.0,0.0,1.0,0.0,0.0,142,154,0.61,0.04,0.01,0.0,0.0,0.03,0,31601.0
29,5,0,0,0,0,189,1.0,1.0,0.01,0.06,0.0,255,2,0.01,0.06,0.0,1.0,1.0,0.0,1,100319.0
19,9,59,0,0,1,16,0.0,0.0,1.0,0.0,0.0,255,81,0.32,0.02,0.0,0.0,0.0,0.0,0,72358.0
33,5,0,0,0,0,101,1.0,1.0,0.01,0.07,0.0,255,1,0.0,0.07,0.0,1.0,1.0,0.0,1,20799.0
59,5,0,0,0,0,132,1.0,1.0,0.17,0.05,0.0,255,22,0.09,0.05,0.0,1.0,1.0,0.0,1,68670.0
22,9,292,2312,0,1,19,0.0,0.0,1.0,0.0,0.0,255,255,1.0,0.0,0.0,0.0,0.0,0.0,0,109675.0
22,9,232,2239,0,1,5,0.0,0.0,1.0,0.0,0.29,255,248,0.97,0.01,0.0,0.0,0.0,0.0,0,21897.0
2,1,0,0,0,0,198,0.0,0.0,0.08,0.07,0.0,255,15,0.06,0.07,0.0,0.0,0.0,1.0,1,119722.0
22,9,214,4823,0,1,28,0.0,0.0,1.0,0.0,0.1,255,255,1.0,0.0,0.0,0.0,0.0,0.0,0,27578.0
45,5,0,0,0,0,189,1.0,1.0,0.04,0.08,0.0,255,7,0.03,0.07,0.0,1.0,1.0,0.0,1,108913.0
45,5,0,0,0,0,130,1.0,1.0,0.05,0.06,0.0,255,12,0.05,0.05,0.0,1.0,1.0,0.0,1,5208.0
26,1,0,0,0,0,100,0.0,0.0,0.07,0.08,0.0,255,7,0.03,0.06,0.0,0.0,0.0,1.0,1,28869.0
45,5,0,0,0,0,190,1.0,1.0,0.01,0.07,0.0,255,11,0.04,0.07,0.0,1.0,1.0,0.0,1,121715.0
22,9,207,1505,0,1,5,0.0,0.0,1.0,0.0,0.0,46,255,1.0,0.0,0.03,0.0,0.0,0.0,0,111440.0
11,9,43,130,0,0,68,0.0,0.0,1.0,0.0,0.01,255,254,1.0,0.01,0.0,0.0,0.0,0.0,0,6835.0
14,9,8,0,0,0,1,0.0,0.0,1.0,0.0,0.0,4,4,1.0,0.0,0.0,0.0,0.0,0.0,1,13278.0
19,9,2194619,0,0,0,2,0.0,0.0,1.0,0.0,0.0,66,41,0.18,0.06,0.05,0.0,0.0,0.0,0,4163.0
22,9,166,96752,0,1,1,0.0,0.0,1.0,0.0,0.0,44,255,1.0,0.0,0.04,0.0,0.0,0.0,0,117330.0
20,5,0,0,0,0,214,1.0,1.0,0.04,0.08,0.0,255,8,0.03,0.08,0.0,1.0,1.0,0.0,1,2333.0
13,9,8,0,0,0,1,0.0,0.0,1.0,0.0,1.0,2,50,1.0,0.0,0.5,0.0,0.0,0.0,1,107129.0
22,9,184,9215,0,1,3,0.0,0.0,1.0,0.0,0.0,3,255,1.0,0.0,0.05,0.0,0.0,0.0,0,110899.0
22,9,261,9768,0,1,32,0.0,0.0,1.0,0.0,0.1,255,255,1.0,0.0,0.0,0.0,0.0,0.0,0,107826.0
11,9,45,133,0,0,75,0.0,0.0,1.0,0.0,0.01,255,246,0.96,0.01,0.0,0.0,0.0,0.0,0,63786.0
22,9,250,5640,0,1,18,0.0,0.0,1.0,0.0,0.0,255,255,1.0,0.0,0.0,0.0,0.0,0.0,0,68063.0
9,5,0,0,0,0,252,1.0,1.0,0.01,0.06,0.0,255,10,0.04,0.06,0.0,1.0,1.0,0.0,1,35325.0
22,9,290,6126,0,1,10,0.0,0.0,1.0,0.0,0.0,255,255,1.0,0.0,0.0,0.0,0.0,0.0,0,106442.0
55,5,0,0,0,0,235,1.0,1.0,0.06,0.06,0.0,255,15,0.06,0.07,0.0,1.0,1.0,0.0,1,8144.0
22,9,222,1481,0,1,13,0.0,0.0,1.0,0.0,0.24,255,255,1.0,0.0,0.0,0.0,0.0,0.0,0,33893.0
12,5,0,0,0,0,174,1.0,1.0,0.02,0.06,0.0,255,3,0.01,0.07,0.0,1.0,1.0,0.0,1,90138.0
45,5,0,0,0,0,142,1.0,1.0,0.14,0.06,0.0,255,20,0.08,0.06,0.0,1.0,1.0,0.0,1,64224.0
49,9,728,329,0,1,1,0.0,0.0,1.0,0.0,1.0,158,169,0.66,0.04,0.01,0.0,0.0,0.0,0,108742.0
22,5,0,0,0,0,6,1.0,1.0,0.5,0.5,0.0,255,54,0.21,0.02,0.0,1.0,1.0,0.0,1,62647.0
22,9,225,12922,0,1,15,0.0,0.0,1.0,0.0,0.14,255,255,1.0,0.0,0.0,0.0,0.0,0.0,0,64611.0
0,4,1506,10566,0,0,1,0.0,0.0,1.0,0.0,0.0,30,9,0.3,0.1,0.0,0.0,0.0,1.0,0,28166.0
13,9,30,0,0,0,9,0.0,0.0,0.11,0.33,0.0,255,5,0.02,0.01,0.0,0.0,0.0,0.0,0,57302.0
19,9,3475,0,0,1,1,0.0,0.0,1.0,0.0,0.0,255,10,0.04,0.53,0.0,0.0,0.0,0.0,0,75876.0
26,5,0,0,0,0,98,1.0,1.0,0.12,0.07,0.0,255,12,0.05,0.06,0.0,1.0,1.0,0.0,1,10874.0
45,9,28,0,3,0,150,0.67,0.0,0.33,0.05,0.0,255,50,0.2,0.81,0.0,0.09,0.0,0.0,1,92999.0
9,5,0,0,0,0,278,1.0,1.0,0.02,0.06,0.0,255,17,0.07,0.07,0.0,1.0,1.0,0.0,1,51286.0
22,9,236,1425,0,1,2,0.0,0.0,1.0,0.0,0.0,170,255,1.0,0.0,0.01,0.0,0.0,0.0,0,84300.0
19,9,2194619,0,0,1,1,0.0,0.0,1.0,0.0,0.0,88,5,0.06,0.05,0.0,0.0,0.0,0.0,0,45858.0
22,9,250,15583,0,1,4,0.0,0.0,1.0,0.0,0.0,255,255,1.0,0.0,0.0,0.01,0.01,0.0,0,121959.0
22,9,160,2133,0,1,1,0.0,0.0,1.0,0.0,0.0,112,255,1.0,0.0,0.04,0.01,0.0,0.0,0,38947.0
22,9,255,453,0,1,6,0.0,0.0,1.0,0.0,0.0,79,255,1.0,0.0,0.02,0.0,0.0,0.0,0,21177.0
19,9,1376,0,0,1,9,0.0,0.0,1.0,0.0,0.0,15,15,1.0,0.0,0.0,0.0,0.0,0.0,0,100633.0
22,9,302,122,0,1,1,0.0,0.0,1.0,0.0,0.0,1,255,1.0,0.0,0.01,0.0,0.0,0.0,0,102211.0
22,1,0,0,0,0,1,0.0,0.0,1.0,0.0,0.0,101,255,1.0,0.0,0.1,0.0,0.0,0.75,0,62133.0
31,5,0,0,0,0,230,1.0,1.0,0.03,0.06,0.0,255,8,0.03,0.06,0.0,1.0,1.0,0.0,1,10968.0
55,5,0,0,0,0,220,1.0,1.0,0.05,0.05,0.0,255,10,0.04,0.06,0.0,1.0,1.0,0.0,1,71274.0
22,9,226,3127,0,1,40,0.0,0.0,1.0,0.0,0.0,255,255,1.0,0.0,0.0,0.0,0.0,0.02,0,101992.0
22,1,0,0,0,0,1,0.0,0.0,1.0,0.0,0.0,183,158,0.86,0.02,0.0,0.0,0.0,1.0,0,60495.0
34,5,0,0,0,0,214,1.0,1.0,0.0,0.06,0.0,255,20,0.08,0.07,0.0,1.0,1.0,0.0,1,34820.0
19,9,7196,0,0,1,5,0.0,0.0,1.0,0.0,0.12,67,35,0.52,0.07,0.0,0.0,0.0,0.0,0,121633.0
22,9,463,12604,0,1,19,0.0,0.0,1.0,0.0,0.04,255,255,1.0,0.0,0.0,0.0,0.0,0.0,0,1087.0
4,1,0,0,0,0,145,0.0,0.0,0.12,0.07,0.0,255,18,0.07,0.06,0.0,0.0,0.0,1.0,1,50592.0
45,4,1,0,0,0,2,0.0,0.0,1.0,0.0,0.0,255,2,0.01,0.51,0.0,0.0,0.0,1.0,1,13159.0
5,5,0,0,0,0,10,1.0,1.0,0.6,0.2,0.0,255,15,0.06,0.07,0.0,1.0,1.0,0.0,1,52698.0
23,5,0,0,0,0,143,1.0,1.0,0.1,0.06,0.0,255,15,0.06,0.05,0.0,1.0,1.0,0.0,1,154.0
11,9,42,42,0,0,8,0.0,0.0,1.0,0.0,0.31,255,229,0.9,0.01,0.0,0.0,0.0,0.0,0,110785.0
49,9,1189,412,0,1,1,0.0,0.0,1.0,0.0,0.0,24,166,0.88,0.12,0.01,0.0,0.0,0.02,0,8307.0
13,9,8,0,0,0,1,0.0,0.0,1.0,0.0,1.0,2,254,1.0,0.0,0.5,0.0,0.0,0.0,1,104412.0
40,4,1,0,0,0,2,0.0,0.0,1.0,0.0,0.0,255,2,0.01,0.73,0.0,0.0,0.0,1.0,1,41808.0
22,9,204,2828,0,1,14,0.0,0.0,1.0,0.0,0.13,128,255,1.0,0.0,0.01,0.0,0.0,0.0,0,25706.0
17,9,8,397,0,0,1,0.0,0.0,1.0,0.0,0.0,119,9,0.04,0.04,0.22,0.0,0.0,0.0,0,116471.0
45,5,0,0,0,0,143,1.0,1.0,0.08,0.06,0.0,255,7,0.03,0.07,0.0,1.0,1.0,0.0,1,70470.0
11,9,43,68,0,0,271,0.0,0.0,1.0,0.0,0.0,255,240,0.94,0.01,0.0,0.0,0.0,0.0,0,93876.0
49,9,1173,337,0,1,1,0.0,0.0,1.0,0.0,1.0,184,143,0.78,0.02,0.0,0.0,0.0,0.0,0,91712.0
22,9,363,395,0,1,19,0.0,0.0,1.0,0.0,0.17,237,249,1.0,0.0,0.02,0.0,0.01,0.0,0,64177.0
11,9,46,46,0,0,141,0.0,0.0,1.0,0.0,0.01,255,228,0.89,0.01,0.0,0.0,0.0,0.0,0,113030.0
62,5,0,0,0,0,228,1.0,1.0,0.04,0.07,0.0,255,9,0.04,0.07,0.0,1.0,1.0,0.0,1,67160.0
40,9,146,105,0,0,2,0.0,0.0,1.0,0.0,0.0,70,2,0.03,0.47,0.0,0.0,0.0,0.0,0,110951.0
45,4,0,0,0,0,1,0.0,0.0,1.0,0.0,0.0,152,1,0.01,0.36,0.0,0.0,0.0,1.0,1,105189.0
36,5,0,0,0,0,215,1.0,1.0,0.08,0.06,0.0,255,16,0.06,0.07,0.0,1.0,1.0,0.0,1,101300.0
55,5,0,0,0,0,46,1.0,1.0,0.24,0.09,0.0,255,51,0.2,0.05,0.0,1.0,1.0,0.0,1,112458.0
11,9,45,75,0,0,218,0.0,0.0,1.0,0.01,0.0,255,254,1.0,0.01,0.0,0.0,0.0,0.0,0,63814.0
22,9,230,321,0,1,3,0.0,0.0,1.0,0.0,0.0,255,255,1.0,0.0,0.0,0.0,0.0,0.0,0,75529.0
11,9,46,143,0,0,69,0.0,0.0,0.99,0.03,0.0,255,168,0.66,0.01,0.0,0.0,0.0,0.0,0,2793.0
22,1,0,0,0,0,235,0.0,0.0,0.06,0.07,0.0,255,15,0.06,0.08,0.0,0.0,0.0,1.0,1,73421.0
40,9,147,105,0,0,4,0.0,0.0,0.5,0.5,0.0,255,3,0.01,0.79,0.0,0.0,0.0,0.0,0,41495.0
19,9,151,0,0,1,1,0.0,0.0,1.0,0.0,1.0,7,54,1.0,0.0,0.04,0.0,0.0,0.0,0,57334.0
16,2,0,0,0,0,115,0.0,0.0,0.01,0.06,0.0,255,1,0.0,0.07,0.0,0.0,0.0,1.0,1,51527.0
40,9,147,105,0,0,1,0.0,0.0,1.0,0.0,0.0,255,1,0.0,0.83,0.0,0.0,0.0,0.0,0,45714.0
45,4,0,0,0,0,1,0.0,0.0,1.0,0.0,0.0,255,1,0.0,0.87,0.0,0.0,0.0,1.0,1,105467.0
12,5,0,0,0,0,237,1.0,1.0,0.03,0.07,0.0,255,6,0.02,0.07,0.0,1.0,1.0,0.0,1,57398.0
22,9,214,343,0,1,2,0.0,0.0,1.0,0.0,0.0,255,255,1.0,0.0,0.0,0.0,0.0,0.0,0,56337.0
22,9,258,8702,0,1,1,0.0,0.0,1.0,0.0,0.0,37,255,1.0,0.0,0.08,0.03,0.0,0.0,0,64254.0
22,9,303,2239,0,1,6,0.0,0.0,1.0,0.0,0.0,255,253,0.99,0.01,0.0,0.0,0.0,0.0,0,82528.0
22,9,179,28482,0,1,5,0.0,0.0,1.0,0.0,0.22,30,255,1.0,0.0,0.05,0.0,0.0,0.0,0,50166.0
3,5,0,0,0,0,254,1.0,1.0,0.01,0.07,0.0,255,2,0.01,0.08,0.0,1.0,1.0,0.0,1,27864.0
22,9,287,7524,0,1,23,0.0,0.0,1.0,0.0,0.0,255,255,1.0,0.0,0.0,0.0,0.0,0.0,0,112125.0
45,9,1,0,0,0,52,0.0,0.0,0.02,0.15,0.0,255,1,0.0,0.22,0.0,0.0,0.0,0.0,1,43423.0
22,9,208,933,0,1,7,0.0,0.0,1.0,0.0,0.18,255,255,1.0,0.0,0.0,0.0,0.0,0.0,0,26023.0
13,9,8,0,0,0,1,0.0,0.0,1.0,0.0,1.0,1,41,1.0,0.0,0.27,0.0,0.0,0.0,1,123112.0
22,9,204,2494,0,1,14,0.0,0.0,1.0,0.0,0.0,35,255,1.0,0.0,0.07,0.0,0.0,0.03,0,6192.0
22,9,282,2251,0,1,28,0.0,0.0,1.0,0.0,0.12,255,255,1.0,0.0,0.0,0.0,0.0,0.0,0,89269.0
45,4,1,0,0,0,2,0.0,0.0,1.0,0.0,0.0,255,2,0.01,0.51,0.0,0.0,0.0,1.0,1,109416.0
33,5,0,0,0,0,198,1.0,1.0,0.1,0.06,0.0,255,20,0.08,0.07,0.0,1.0,1.0,0.0,1,53358.0
22,9,303,831,0,1,10,0.0,0.0,1.0,0.0,0.0,119,255,1.0,0.0,0.02,0.0,0.0,0.0,0,83620.0
22,9,316,2374,0,1,1,0.0,0.0,1.0,0.0,0.0,1,255,1.0,0.0,0.01,0.0,0.0,0.0,0,36994.0
40,9,145,105,0,0,4,0.0,0.0,0.5,0.5,0.0,255,2,0.01,0.84,0.0,0.0,0.0,0.0,0,1047.0
49,9,1388,327,0,1,1,0.0,0.0,1.0,0.0,0.0,255,8,0.03,0.59,0.0,0.0,0.12,0.0,0,10734.0
37,5,0,0,0,0,116,1.0,1.0,0.16,0.05,0.0,255,9,0.04,0.05,0.0,1.0,1.0,0.0,1,94231.0
22,9,170,6701,0,1,26,0.0,0.0,1.0,0.0,0.0,94,255,1.0,0.0,0.03,0.0,0.0,0.0,0,86752.0
27,5,0,0,0,0,32,1.0,1.0,0.16,0.09,0.0,255,5,0.02,0.07,0.0,1.0,1.0,0.0,1,20827.0
22,9,323,2996,0,1,10,0.0,0.0,1.0,0.0,0.0,255,255,1.0,0.0,0.0,0.0,0.0,0.0,0,22184.0
3,5,0,0,0,0,136,1.0,1.0,0.04,0.06,0.0,255,19,0.07,0.07,0.0,1.0,1.0,0.0,1,12208.0
22,9,352,11580,0,1,26,0.0,0.0,1.0,0.0,0.0,138,255,1.0,0.0,0.03,0.0,0.0,0.0,0,20628.0
22,9,217,2445,0,1,6,0.0,0.0,1.0,0.0,0.0,255,255,1.0,0.0,0.0,0.0,0.0,0.0,0,79040.0
13,9,8,0,0,0,1,0.0,0.0,1.0,0.0,1.0,2,58,1.0,0.0,0.5,0.0,0.0,0.0,1,68954.0
13,9,8,0,0,0,1,0.0,0.0,1.0,0.0,1.0,2,152,1.0,0.0,0.5,0.0,0.0,0.0,1,117731.0
49,9,1613,336,0,1,1,0.0,0.0,1.0,0.0,0.0,73,142,0.64,0.05,0.01,0.0,0.0,0.0,0,7731.0
45,1,0,0,0,0,140,0.0,0.0,0.08,0.06,0.0,255,4,0.02,0.08,0.0,0.0,0.0,1.0,1,58343.0
49,9,898,331,0,1,2,0.0,0.0,0.5,1.0,0.0,114,73,0.64,0.05,0.0,0.01,0.0,0.0,0,8321.0
22,9,251,4014,0,1,7,0.0,0.0,1.0,0.0,0.0,227,255,1.0,0.0,0.01,0.0,0.0,0.0,0,3555.0
45,5,0,0,0,0,286,1.0,1.0,0.06,0.06,0.0,255,2,0.01,0.07,0.0,1.0,1.0,0.0,1,84922.0
55,9,141,1736,0,1,1,0.0,0.0,1.0,0.0,0.0,1,3,1.0,0.0,1.0,0.0,0.0,0.0,0,87673.0
22,9,282,2251,0,1,23,0.0,0.0,1.0,0.0,0.12,151,255,1.0,0.0,0.01,0.0,0.0,0.0,0,59174.0
12,5,0,0,0,0,193,1.0,1.0,0.01,0.07,0.0,255,2,0.01,0.07,0.0,1.0,1.0,0.0,1,13150.0
22,9,179,13294,0,1,5,0.0,0.0,1.0,0.0,0.0,101,255,1.0,0.0,0.04,0.0,0.0,0.0,0,101917.0
11,9,45,134,0,0,70,0.0,0.0,1.0,0.0,0.01,255,254,1.0,0.01,0.0,0.0,0.0,0.0,0,94687.0
49,5,0,0,0,0,23,1.0,1.0,0.09,0.22,0.0,255,11,0.04,0.08,0.0,1.0,1.0,0.0,1,115619.0
45,5,0,0,0,0,136,1.0,1.0,0.1,0.06,0.0,255,6,0.02,0.08,0.0,1.0,1.0,0.0,1,38885.0
45,9,28,0,3,0,79,0.0,0.0,1.0,0.0,0.0,255,79,0.31,0.01,0.0,0.0,0.0,0.0,1,14301.0
22,1,0,0,0,0,1,0.0,0.0,1.0,0.0,0.0,6,95,1.0,0.0,0.08,0.0,0.0,1.0,0,48411.0
40,9,147,105,0,0,1,0.0,0.0,1.0,0.0,0.0,255,1,0.0,0.64,0.0,0.0,0.0,0.0,0,42436.0
23,5,0,0,0,0,98,1.0,1.0,0.04,0.06,0.0,255,15,0.06,0.07,0.0,1.0,1.0,0.0,1,23252.0
40,9,145,105,0,0,3,0.0,0.0,0.67,0.67,0.0,255,2,0.01,0.86,0.0,0.0,0.0,0.0,0,92937.0
22,9,205,1581,0,1,4,0.0,0.0,1.0,0.0,0.0,38,255,1.0,0.0,0.05,0.0,0.0,0.0,0,45050.0
19,9,12286,0,0,0,7,0.0,0.0,1.0,0.0,0.0,54,40,0.24,0.07,0.05,0.0,0.0,0.0,0,7943.0
22,5,0,0,0,0,1,1.0,1.0,1.0,0.0,0.0,1,255,1.0,0.0,0.03,1.0,0.0,0.0,0,24649.0
2,4,1,0,0,0,2,0.0,0.0,1.0,0.0,0.0,255,2,0.01,0.5,0.0,0.0,0.0,1.0,0,93055.0
22,9,324,411,0,1,18,0.0,0.0,1.0,0.0,0.0,111,255,1.0,0.0,0.03,0.0,0.0,0.0,0,87960.0
62,1,0,0,0,0,291,0.0,0.0,0.06,0.06,0.0,255,17,0.07,0.06,0.0,0.0,0.0,1.0,1,35042.0
14,9,1032,0,0,0,511,0.0,0.0,1.0,0.0,0.0,255,233,0.91,0.05,0.0,0.0,0.0,0.0,1,109659.0
22,9,189,732,0,1,19,0.0,0.0,1.0,0.0,0.0,19,255,1.0,0.0,0.04,0.0,0.0,0.0,0,19998.0
11,9,44,133,0,0,119,0.0,0.0,1.0,0.0,0.01,255,255,1.0,0.0,0.0,0.0,0.0,0.0,0,114069.0
45,4,1,0,0,0,2,0.0,0.0,1.0,0.0,0.0,255,2,0.01,0.73,0.0,0.0,0.0,1.0,1,109961.0
45,5,0,0,0,0,163,1.0,1.0,0.02,0.07,0.0,255,3,0.01,0.06,0.0,1.0,1.0,0.0,1,124117.0
49,9,851,330,0,1,1,0.0,0.0,1.0,0.0,1.0,93,58,0.62,0.03,0.0,0.0,0.0,0.0,0,34538.0
22,9,290,2560,0,1,2,0.0,0.0,1.0,0.0,0.15,170,255,1.0,0.0,0.05,0.0,0.0,0.0,0,86501.0
22,9,217,253,0,1,1,0.0,0.0,1.0,0.0,0.5,1,255,1.0,0.0,0.05,0.0,0.0,0.0,0,86468.0
45,1,0,0,0,0,219,0.06,0.0,0.0,1.0,0.0,255,1,0.0,0.87,0.0,0.05,0.0,1.0,1,94489.0
45,1,0,0,0,0,125,0.0,0.0,0.1,0.06,0.0,255,12,0.05,0.07,0.0,0.0,0.0,1.0,1,108376.0
45,4,0,0,0,0,1,0.0,0.0,1.0,0.0,0.0,225,1,0.0,0.28,0.0,0.0,0.0,1.0,1,27151.0
45,9,1,0,0,0,43,0.0,0.0,0.37,0.09,0.0,255,44,0.17,0.44,0.0,0.16,0.0,0.0,1,91361.0
22,1,0,0,0,0,238,0.0,0.0,0.01,0.07,0.0,255,3,0.01,0.08,0.0,0.0,0.0,1.0,1,89573.0
49,9,1746,328,0,1,1,0.0,0.0,1.0,0.0,1.0,23,207,1.0,0.0,0.01,0.0,0.0,0.0,0,88058.0
31,1,0,0,0,0,237,0.0,0.0,0.05,0.07,0.0,255,13,0.05,0.07,0.0,0.0,0.0,1.0,1,56292.0
45,4,1,0,0,0,2,0.0,0.0,1.0,0.0,0.0,255,2,0.01,0.82,0.0,0.0,0.0,1.0,1,43281.0
55,5,0,0,0,0,215,1.0,1.0,0.08,0.05,0.0,255,17,0.07,0.05,0.0,1.0,1.0,0.0,1,113831.0
22,9,323,1929,0,1,30,0.0,0.0,1.0,0.0,0.0,152,255,1.0,0.0,0.02,0.0,0.0,0.0,0,24702.0
28,5,0,0,0,0,39,1.0,1.0,0.26,0.13,0.0,255,10,0.04,0.08,0.0,1.0,1.0,0.0,1,61779.0
45,2,0,0,0,0,103,0.0,0.0,0.03,0.07,0.0,255,3,0.01,0.06,0.0,0.0,0.0,1.0,1,39100.0
22,9,216,912,0,1,32,0.0,0.0,1.0,0.0,0.11,255,255,1.0,0.0,0.0,0.0,0.0,0.0,0,46991.0
45,5,0,0,0,0,45,1.0,1.0,0.31,0.09,0.0,255,14,0.05,0.08,0.0,1.0,1.0,0.0,1,105968.0
22,9,246,11889,0,1,2,0.0,0.0,1.0,0.0,0.0,16,16,1.0,0.0,0.0,0.0,0.0,0.0,0,26975.0
22,9,216,263,0,1,3,0.0,0.0,1.0,0.0,0.5,255,255,1.0,0.0,0.0,0.0,0.0,0.0,0,10535.0
11,9,45,45,0,0,149,0.0,0.0,0.99,0.01,0.0,255,254,1.0,0.01,0.0,0.0,0.0,0.0,0,110586.0
22,9,227,1484,0,1,7,0.0,0.0,1.0,0.0,0.0,174,255,1.0,0.0,0.02,0.01,0.01,0.0,0,33436.0
22,9,276,25212,0,1,7,0.0,0.0,1.0,0.0,0.0,79,177,1.0,0.0,0.01,0.0,0.0,0.0,0,39263.0
35,5,0,0,0,0,35,1.0,1.0,0.43,0.17,0.0,255,15,0.06,0.09,0.0,1.0,1.0,0.0,1,89738.0
30,5,0,0,0,0,102,1.0,1.0,0.13,0.07,0.0,255,13,0.05,0.06,0.0,1.0,1.0,0.0,1,54312.0
22,9,218,2446,0,1,14,0.0,0.0,1.0,0.0,0.13,255,255,1.0,0.0,0.0,0.0,0.0,0.0,0,80487.0
55,2,126,179,0,0,1,0.0,0.0,1.0,0.0,0.0,45,45,1.0,0.0,0.0,0.04,0.04,0.96,0,22387.0
19,9,14189,0,0,1,3,0.0,0.0,1.0,0.0,0.0,52,33,0.63,0.06,0.0,0.0,0.0,0.0,0,78811.0
22,9,297,7650,0,1,2,0.0,0.0,1.0,0.0,0.0,49,255,1.0,0.0,0.03,0.0,0.0,0.0,0,30567.0
11,9,92,0,0,0,1,0.0,0.0,1.0,0.0,1.0,6,6,1.0,0.0,0.0,0.0,0.0,0.0,0,18474.0
45,5,0,0,0,0,178,1.0,1.0,0.02,0.07,0.0,255,13,0.05,0.06,0.0,1.0,1.0,0.0,1,86376.0
11,9,44,44,0,0,68,0.0,0.0,1.0,0.0,0.01,255,254,1.0,0.01,0.0,0.0,0.0,0.0,0,43730.0
22,1,0,0,0,0,1,0.0,0.0,1.0,0.0,1.0,172,140,0.81,0.03,0.0,0.0,0.0,1.0,0,55013.0
24,5,0,0,0,0,300,1.0,1.0,0.06,0.05,0.0,255,18,0.07,0.05,0.0,1.0,1.0,0.0,1,20918.0
23,1,0,0,0,0,146,0.0,0.0,0.12,0.05,0.0,255,11,0.04,0.06,0.0,0.0,0.0,1.0,1,53220.0
11,9,43,43,0,0,160,0.0,0.0,1.0,0.0,0.0,255,203,0.8,0.01,0.0,0.0,0.0,0.0,0,35661.0
11,9,42,42,0,0,6,0.0,0.0,1.0,0.0,0.2,255,231,0.91,0.01,0.0,0.0,0.0,0.0,0,51779.0
22,9,198,1761,0,1,6,0.0,0.0,1.0,0.0,0.38,8,255,1.0,0.0,0.04,0.0,0.0,0.0,0,120229.0
45,5,0,0,0,0,136,1.0,1.0,0.11,0.06,0.0,238,5,0.02,0.08,0.0,1.0,1.0,0.0,1,69927.0
18,9,1468,4152,0,1,1,0.0,0.0,1.0,0.0,0.0,44,8,0.18,0.09,0.0,0.0,0.0,0.0,0,10748.0
40,1,0,0,0,0,386,0.09,0.0,0.0,1.0,0.0,255,1,0.0,1.0,0.0,0.11,0.0,1.0,1,77499.0
45,9,1,0,0,0,30,0.0,0.0,0.9,0.07,0.0,255,27,0.11,0.26,0.0,0.0,0.0,0.0,1,1542.0
49,9,2168,402,0,1,2,0.0,0.0,1.0,0.0,0.75,255,21,0.08,0.02,0.0,0.91,0.0,0.0,0,23435.0
49,9,948,325,0,1,1,0.0,0.0,1.0,0.0,0.0,255,188,0.74,0.02,0.0,0.0,0.0,0.0,0,7349.0
49,9,2125,332,0,1,1,0.0,0.0,1.0,0.0,1.0,136,246,0.96,0.01,0.01,0.0,0.0,0.0,0,114938.0
22,5,0,0,0,0,3,1.0,1.0,0.33,1.0,0.0,255,63,0.25,0.02,0.0,1.0,1.0,0.0,1,78303.0
55,5,0,0,0,0,74,1.0,1.0,0.23,0.05,0.0,255,58,0.23,0.02,0.0,1.0,1.0,0.0,1,462.0
8,5,0,0,0,0,294,1.0,1.0,0.03,0.05,0.0,255,10,0.04,0.07,0.0,1.0,1.0,0.0,1,41117.0
4,1,0,0,0,0,105,0.0,0.0,0.14,0.07,0.0,255,12,0.05,0.08,0.0,0.0,0.0,1.0,1,9013.0
19,9,40494,0,0,1,10,0.0,0.0,1.0,0.0,0.0,72,45,0.42,0.06,0.04,0.01,0.0,0.0,0,21151.0
22,9,352,376,0,1,1,0.0,0.0,1.0,0.0,0.0,127,255,1.0,0.0,0.02,0.01,0.0,0.0,0,13391.0
22,9,247,412,0,1,11,0.0,0.0,1.0,0.0,0.17,255,255,1.0,0.0,0.0,0.0,0.0,0.0,0,86357.0
45,5,0,0,0,0,175,1.0,1.0,0.02,0.07,0.0,255,17,0.07,0.06,0.0,1.0,1.0,0.0,1,52900.0
22,9,303,1600,0,1,15,0.0,0.0,1.0,0.0,0.0,255,255,1.0,0.0,0.0,0.0,0.0,0.01,0,64243.0
45,1,0,0,0,0,178,0.11,0.0,0.01,1.0,0.0,255,1,0.0,0.85,0.0,0.07,0.0,1.0,1,99835.0
22,9,337,664,0,1,2,0.0,0.0,1.0,0.0,0.12,255,255,1.0,0.0,0.0,0.01,0.01,0.0,0,8721.0
19,9,35195,0,0,0,21,0.0,0.0,1.0,0.0,0.0,236,73,0.26,0.01,0.03,0.0,0.0,0.0,0,50790.0
28,5,0,0,0,0,115,1.0,1.0,0.09,0.08,0.0,255,10,0.04,0.06,0.0,1.0,1.0,0.0,1,51437.0
61,5,0,0,0,0,239,1.0,1.0,0.01,0.06,0.0,255,2,0.01,0.06,0.0,1.0,1.0,0.0,1,125545.0
22,5,0,0,0,0,38,0.97,0.92,0.32,0.13,0.15,255,32,0.13,0.05,0.0,1.0,1.0,0.0,1,72833.0
48,5,0,0,0,0,123,1.0,1.0,0.11,0.06,0.0,255,14,0.05,0.06,0.0,1.0,1.0,0.0,1,48623.0
22,9,285,259,0,1,17,0.0,0.0,1.0,0.0,0.0,255,255,1.0,0.0,0.0,0.0,0.0,0.0,0,14422.0
62,5,0,0,0,0,226,1.0,1.0,0.09,0.06,0.0,255,20,0.08,0.06,0.0,1.0,1.0,0.0,1,13565.0
22,9,208,3009,0,1,20,0.0,0.0,1.0,0.0,0.08,147,255,1.0,0.0,0.03,0.0,0.0,0.0,0,26706.0
22,9,207,1527,0,1,3,0.0,0.0,1.0,0.0,0.19,255,255,1.0,0.0,0.0,0.0,0.0,0.0,0,43043.0
11,9,30,0,0,0,1,0.0,0.0,1.0,0.0,0.75,122,12,0.08,0.06,0.17,0.01,0.0,0.0,0,51262.0
19,5,0,0,0,0,57,1.0,1.0,0.25,0.07,0.0,139,66,0.24,0.03,0.03,0.99,0.52,0.0,1,97253.0
45,3,0,0,0,0,97,0.75,0.5,0.02,0.37,0.0,255,2,0.01,0.14,0.0,0.29,0.5,0.5,1,41439.0
22,9,316,893,0,1,6,0.0,0.0,1.0,0.0,0.29,255,255,1.0,0.0,0.0,0.0,0.0,0.0,0,98348.0
22,4,38568,7300,0,1,5,0.0,0.0,1.0,0.0,0.0,84,84,1.0,0.0,0.0,0.0,0.0,0.05,0,109555.0
3,5,0,0,0,0,101,1.0,1.0,0.01,0.07,0.0,255,1,0.0,0.07,0.0,1.0,1.0,0.0,1,34397.0
29,5,0,0,0,0,289,1.0,1.0,0.05,0.06,0.0,255,14,0.05,0.07,0.0,1.0,1.0,0.0,1,99528.0
22,9,211,1005,0,1,1,0.0,0.0,1.0,0.0,1.0,34,255,1.0,0.0,0.04,0.0,0.0,0.0,0,44730.0
22,9,217,2699,0,1,3,0.0,0.0,1.0,0.0,0.0,246,255,1.0,0.0,0.01,0.0,0.0,0.0,0,123883.0
12,5,0,0,0,0,296,1.0,1.0,0.04,0.05,0.0,255,11,0.04,0.05,0.0,1.0,1.0,0.0,1,2139.0
3,9,10,39,0,1,2,0.0,0.0,0.5,1.0,0.0,55,2,0.02,0.11,1.0,0.0,0.0,0.0,0,114482.0
34,5,0,0,0,0,135,1.0,1.0,0.13,0.06,0.0,255,18,0.07,0.06,0.0,1.0,1.0,0.0,1,23656.0
22,9,204,238,0,1,23,0.0,0.0,1.0,0.0,0.06,131,255,1.0,0.0,0.03,0.0,0.0,0.0,0,123861.0
19,9,768,0,0,1,10,0.0,0.0,1.0,0.0,0.0,255,120,0.47,0.02,0.0,0.0,0.0,0.0,0,53481.0
13,9,8,0,0,0,1,0.0,0.0,1.0,0.0,1.0,1,85,1.0,0.0,0.51,0.0,0.0,0.0,1,21725.0
22,9,207,321,0,1,37,0.0,0.0,1.0,0.0,0.0,255,255,1.0,0.0,0.0,0.0,0.0,0.32,0,117655.0
45,5,0,0,0,0,205,1.0,1.0,0.02,0.07,0.0,255,13,0.05,0.07,0.0,1.0,1.0,0.0,1,119575.0
22,9,280,824,0,1,8,0.0,0.0,1.0,0.0,0.22,115,255,1.0,0.0,0.02,0.0,0.0,0.0,0,102050.0
45,5,0,0,0,0,118,1.0,1.0,0.13,0.07,0.0,255,15,0.06,0.08,0.0,1.0,1.0,0.0,1,89082.0
17,5,0,0,0,0,67,1.0,1.0,0.27,0.06,0.0,147,43,0.26,0.03,0.05,1.0,0.88,0.0,1,68350.0
49,9,637,390,0,1,1,0.0,0.0,1.0,0.0,0.0,255,24,0.09,0.06,0.0,0.0,0.0,0.0,0,31676.0
22,9,315,936,0,1,3,0.0,0.0,1.0,0.0,0.0,169,255,1.0,0.0,0.01,0.0,0.01,0.0,0,52835.0
45,9,28,0,3,0,70,0.0,0.0,1.0,0.0,0.0,255,170,0.67,0.34,0.0,0.09,0.0,0.0,1,111293.0
27,1,0,0,0,0,135,0.0,0.0,0.13,0.06,0.0,255,18,0.07,0.06,0.0,0.0,0.0,1.0,1,39250.0
56,5,0,0,0,0,231,1.0,1.0,0.08,0.06,0.0,255,3,0.01,0.07,0.0,1.0,1.0,0.0,1,14079.0
19,5,0,0,0,0,39,1.0,1.0,0.23,0.1,0.0,255,64,0.25,0.02,0.0,1.0,1.0,0.0,1,48140.0
49,9,1537,334,0,1,1,0.0,0.0,1.0,0.0,1.0,152,156,0.83,0.03,0.01,0.0,0.0,0.0,0,23129.0
22,9,221,2367,0,1,2,0.0,0.0,1.0,0.0,0.0,222,255,1.0,0.0,0.02,0.0,0.0,0.0,0,89076.0
22,1,0,0,0,0,1,0.0,0.0,1.0,0.0,0.0,34,71,1.0,0.0,0.15,0.0,0.0,1.0,0,46587.0
34,5,0,0,0,0,298,1.0,1.0,0.08,0.05,0.0,255,25,0.1,0.05,0.0,1.0,1.0,0.0,1,43858.0
45,5,0,0,0,0,204,1.0,1.0,0.05,0.07,0.0,255,11,0.04,0.07,0.0,1.0,1.0,0.0,1,116603.0
22,9,251,1564,0,1,9,0.0,0.0,1.0,0.0,0.09,255,255,1.0,0.0,0.0,0.0,0.0,0.0,0,73077.0
22,9,219,1565,0,1,6,0.0,0.0,1.0,0.0,0.09,255,255,1.0,0.0,0.0,0.0,0.0,0.0,0,5398.0
52,2,0,0,0,0,195,0.0,0.0,0.08,0.07,0.0,255,15,0.06,0.08,0.0,0.0,0.0,1.0,1,91171.0
28,5,0,0,0,0,42,1.0,1.0,0.26,0.12,0.0,255,11,0.04,0.08,0.0,1.0,1.0,0.0,1,58187.0
14,9,520,0,0,0,324,0.0,0.0,1.0,0.0,0.0,255,255,1.0,0.0,0.0,0.0,0.0,0.0,1,61030.0
28,5,0,0,0,0,239,1.0,1.0,0.1,0.05,0.0,255,24,0.09,0.06,0.0,1.0,1.0,0.0,1,69102.0
22,6,164,21900,0,1,1,1.0,0.03,1.0,0.0,0.08,25,255,1.0,0.0,0.03,0.08,0.01,0.0,0,83004.0
22,9,217,309,0,1,6,0.0,0.0,1.0,0.0,0.0,196,255,1.0,0.0,0.03,0.01,0.0,0.0,0,56348.0
22,9,214,3413,0,1,19,0.0,0.0,1.0,0.0,0.07,19,255,1.0,0.0,0.02,0.0,0.0,0.0,0,28607.0
45,5,0,0,0,0,198,1.0,1.0,0.01,0.07,0.0,255,1,0.0,0.09,0.0,1.0,1.0,0.0,1,65806.0
22,9,360,362,0,1,6,0.17,0.17,1.0,0.0,0.0,114,255,1.0,0.0,0.02,0.01,0.0,0.0,0,38173.0
19,9,1830,0,0,1,3,0.0,0.0,1.0,0.0,0.0,49,41,0.27,0.1,0.05,0.0,0.0,0.0,0,81231.0
22,9,54540,8314,0,1,4,0.0,0.0,1.0,0.0,0.0,38,38,1.0,0.0,0.0,0.03,0.03,0.03,0,7067.0
5,5,0,0,0,0,121,1.0,1.0,0.14,0.06,0.0,255,17,0.07,0.05,0.0,1.0,1.0,0.0,1,90789.0
22,9,223,8867,0,1,1,0.0,0.0,1.0,0.0,0.0,1,255,1.0,0.0,0.02,0.0,0.0,0.0,0,43833.0
22,1,0,0,0,0,255,0.0,0.0,0.03,0.07,0.0,255,7,0.03,0.08,0.0,0.0,0.0,1.0,1,98777.0
22,9,405,10219,0,1,1,0.0,0.0,1.0,0.0,0.0,20,245,1.0,0.0,0.28,0.0,0.0,0.93,0,76050.0
40,9,145,105,0,0,1,0.0,0.0,1.0,0.0,0.0,255,2,0.01,0.62,0.0,0.0,0.0,0.0,0,31657.0
45,4,0,0,0,0,1,0.0,0.0,1.0,0.0,0.0,255,1,0.0,0.97,0.0,0.0,0.0,1.0,1,73705.0
11,9,41,114,0,0,40,0.0,0.0,1.0,0.0,0.0,255,204,0.8,0.01,0.0,0.0,0.0,0.0,0,48524.0
3,9,10,35,0,0,1,0.0,0.0,1.0,0.0,0.0,255,1,0.0,0.61,0.0,0.0,0.0,0.0,0,82723.0
22,9,225,2750,0,1,10,0.0,0.0,1.0,0.0,0.0,255,255,1.0,0.0,0.0,0.0,0.0,0.0,0,46659.0
45,5,0,0,0,0,107,1.0,1.0,0.12,0.06,0.0,255,13,0.05,0.05,0.0,1.0,1.0,0.0,1,106622.0
22,9,298,255,0,1,5,0.0,0.0,1.0,0.0,0.29,255,255,1.0,0.0,0.0,0.0,0.0,0.0,0,49667.0
22,1,0,0,0,0,1,0.0,0.0,1.0,0.0,0.0,28,255,1.0,0.0,0.23,0.0,0.0,1.0,0,886.0
19,9,246,0,0,1,1,0.0,0.0,1.0,0.0,0.0,1,12,1.0,0.0,0.17,0.0,0.0,0.0,0,16064.0
11,9,43,126,0,0,70,0.0,0.0,1.0,0.0,0.01,255,254,1.0,0.01,0.0,0.0,0.0,0.0,0,40373.0
26,5,0,0,0,0,109,1.0,1.0,0.1,0.06,0.0,255,19,0.07,0.07,0.0,1.0,1.0,0.0,1,64700.0
22,9,222,10707,0,1,3,0.0,0.0,1.0,0.0,0.0,255,255,1.0,0.0,0.0,0.0,0.0,0.0,0,4219.0
11,9,45,138,0,0,170,0.0,0.0,0.99,0.01,0.01,172,133,0.77,0.02,0.0,0.0,0.0,0.0,0,45111.0
28,5,0,0,0,0,146,1.0,1.0,0.12,0.05,0.0,255,2,0.01,0.08,0.0,1.0,1.0,0.0,1,108033.0
11,9,95,36,0,0,1,0.0,0.0,1.0,0.0,0.0,30,18,0.6,0.07,0.0,0.0,0.0,0.0,0,17320.0
45,5,0,0,0,0,233,1.0,1.0,0.02,0.06,0.0,255,3,0.01,0.08,0.0,1.0,1.0,0.0,1,115260.0
22,9,216,6318,0,1,6,0.0,0.0,1.0,0.0,0.0,19,215,1.0,0.0,0.09,0.0,0.0,0.0,0,89831.0
22,9,230,1482,0,1,8,0.0,0.0,1.0,0.0,0.22,105,255,1.0,0.0,0.02,0.0,0.01,0.0,0,82294.0
30,5,0,0,0,0,142,1.0,1.0,0.13,0.06,0.0,255,18,0.07,0.06,0.0,1.0,1.0,0.0,1,64865.0
45,5,0,0,0,0,258,1.0,1.0,0.03,0.06,0.0,255,9,0.04,0.08,0.0,1.0,1.0,0.0,1,88963.0
21,5,0,0,0,0,292,1.0,1.0,0.09,0.05,0.0,255,25,0.1,0.05,0.0,1.0,1.0,0.0,1,23011.0
28,1,0,0,0,0,145,0.0,0.0,0.11,0.06,0.0,255,16,0.06,0.06,0.0,0.0,0.0,1.0,1,105937.0
22,9,325,644,0,1,9,0.0,0.0,1.0,0.0,0.11,9,255,1.0,0.0,0.02,0.0,0.0,0.0,0,7138.0
22,9,207,931,0,1,4,0.0,0.0,1.0,0.0,0.4,255,255,1.0,0.0,0.0,0.0,0.0,0.0,0,26116.0
22,9,416,327,0,1,2,0.0,0.0,1.0,0.0,0.75,26,255,1.0,0.0,0.01,0.0,0.0,0.0,0,93887.0
45,4,1,0,0,0,2,0.0,0.0,1.0,0.0,0.0,255,2,0.01,0.51,0.0,0.0,0.0,1.0,1,49635.0
22,9,244,284,0,1,13,0.0,0.0,1.0,0.0,0.0,255,255,1.0,0.0,0.0,0.0,0.0,0.0,0,119000.0
22,9,202,1382,0,1,13,0.0,0.0,1.0,0.0,0.13,123,255,1.0,0.0,0.01,0.0,0.0,0.0,0,9148.0
22,9,304,3222,0,1,3,0.0,0.0,1.0,0.0,0.09,255,248,0.97,0.01,0.0,0.0,0.0,0.0,0,36522.0
45,9,6,0,0,1,212,0.06,0.0,0.0,1.0,0.0,255,1,0.0,0.84,0.0,0.05,0.0,0.0,1,88080.0
56,5,0,0,0,0,2,0.5,0.5,1.0,0.0,0.0,16,16,1.0,0.0,0.0,0.12,0.12,0.0,0,92840.0
22,1,0,0,0,0,1,0.0,0.0,1.0,0.0,0.0,66,52,0.79,0.08,0.0,0.0,0.0,1.0,0,50858.0
40,9,147,105,0,0,1,0.0,0.0,1.0,0.0,0.0,255,1,0.0,0.86,0.0,0.0,0.0,0.0,0,44796.0
22,9,246,17752,0,1,1,0.0,0.0,1.0,0.0,0.0,33,255,1.0,0.0,0.04,0.0,0.0,0.0,0,111253.0
15,5,0,0,0,0,119,1.0,1.0,0.03,0.07,0.0,255,4,0.02,0.07,0.0,1.0,1.0,0.0,1,18723.0
23,5,0,0,0,0,4,1.0,1.0,0.5,0.75,0.0,255,2,0.01,0.08,0.0,1.0,1.0,0.0,1,120929.0
11,9,45,135,0,0,212,0.0,0.0,1.0,0.0,0.0,137,98,0.72,0.02,0.0,0.0,0.0,0.0,0,49099.0
22,9,233,1075,0,1,5,0.0,0.0,1.0,0.0,0.0,174,167,0.96,0.01,0.0,0.0,0.0,0.0,0,70648.0
11,9,43,71,0,0,154,0.0,0.0,1.0,0.0,0.0,255,254,1.0,0.01,0.0,0.0,0.0,0.0,0,88253.0
22,9,293,1302,0,1,19,0.0,0.0,1.0,0.0,0.0,43,255,1.0,0.0,0.05,0.0,0.0,0.0,0,27591.0
61,5,0,0,0,0,254,1.0,1.0,0.01,0.07,0.0,255,2,0.01,0.07,0.0,1.0,1.0,0.0,1,113522.0
22,9,260,184,0,1,1,0.0,0.0,1.0,0.0,0.18,255,255,1.0,0.0,0.0,0.0,0.0,0.0,0,40628.0
40,1,0,0,0,0,393,0.07,0.0,0.0,1.0,0.0,255,1,0.0,1.0,0.0,0.09,0.0,1.0,1,7652.0
22,9,197,315,0,1,8,0.12,0.12,1.0,0.0,0.0,8,255,1.0,0.0,0.01,0.12,0.0,0.0,0,70959.0
22,9,292,344,0,1,8,0.0,0.0,1.0,0.0,0.0,8,255,1.0,0.0,0.01,0.0,0.0,0.0,0,35562.0
11,9,46,130,0,0,66,0.0,0.0,1.0,0.0,0.01,255,232,0.91,0.01,0.0,0.0,0.0,0.0,0,54512.0
49,9,1271,442,0,1,1,0.0,0.0,1.0,0.0,0.0,255,121,0.47,0.02,0.0,0.49,0.54,0.0,0,62642.0
22,9,213,307,0,1,9,0.0,0.0,1.0,0.0,0.0,30,255,1.0,0.0,0.06,0.0,0.0,0.0,0,18573.0
34,1,0,0,0,0,237,0.0,0.0,0.04,0.07,0.0,255,10,0.04,0.07,0.0,0.0,0.0,1.0,1,92083.0
22,9,239,1471,0,1,6,0.0,0.0,1.0,0.0,0.0,231,255,1.0,0.0,0.01,0.0,0.0,0.0,0,15457.0
22,9,228,1247,0,1,17,0.0,0.0,1.0,0.0,0.0,255,255,1.0,0.0,0.0,0.0,0.0,0.0,0,7076.0
19,9,334,0,0,1,1,0.0,0.0,1.0,0.0,0.0,15,26,1.0,0.0,0.08,0.0,0.0,0.0,0,68199.0
8,5,0,0,0,0,290,1.0,1.0,0.01,0.06,0.0,255,6,0.02,0.07,0.0,1.0,1.0,0.0,1,98266.0
29,5,0,0,0,0,273,1.0,1.0,0.08,0.05,0.0,255,21,0.08,0.05,0.0,1.0,1.0,0.0,1,53125.0
45,5,0,0,0,0,109,1.0,1.0,0.17,0.06,0.0,255,18,0.07,0.06,0.0,1.0,1.0,0.0,1,36793.0
22,9,217,3526,0,1,1,0.0,0.0,1.0,0.0,0.0,32,255,1.0,0.0,0.05,0.0,0.0,0.0,0,42010.0
50,5,0,0,0,0,185,1.0,1.0,0.08,0.07,0.0,255,15,0.06,0.08,0.0,1.0,1.0,0.0,1,92347.0
45,9,28,0,3,0,66,0.0,0.0,1.0,0.0,0.0,255,66,0.26,0.01,0.0,0.0,0.0,0.0,1,87748.0
55,9,775,1151491,0,1,1,0.0,0.0,1.0,0.0,0.0,81,2,0.02,0.06,0.0,0.0,0.0,0.0,0,82511.0
11,9,30,0,0,0,1,0.0,0.0,1.0,0.0,0.75,66,52,0.24,0.06,0.04,0.0,0.0,0.0,0,53575.0
45,5,0,0,0,0,176,1.0,1.0,0.11,0.06,0.0,255,8,0.03,0.07,0.0,1.0,1.0,0.0,1,49640.0
45,5,0,0,0,0,296,1.0,1.0,0.06,0.06,0.0,255,1,0.0,0.08,0.0,1.0,1.0,0.0,1,41251.0
45,1,0,0,0,0,1,0.0,0.0,1.0,0.0,0.0,5,1,0.2,1.0,0.0,0.0,0.0,1.0,1,65206.0
22,9,291,3683,0,1,15,0.0,0.0,1.0,0.0,0.0,255,255,1.0,0.0,0.0,0.0,0.0,0.04,0,71346.0
11,9,34,88,0,0,4,0.0,0.0,1.0,0.0,0.25,255,236,0.93,0.01,0.0,0.0,0.0,0.0,0,95518.0
13,9,8,0,0,0,1,0.0,0.0,1.0,0.0,1.0,2,66,1.0,0.0,0.5,0.0,0.0,0.0,1,109062.0
13,9,8,0,0,0,1,0.0,0.0,1.0,0.0,1.0,2,128,1.0,0.0,0.5,0.0,0.0,0.0,1,116152.0
40,9,147,105,0,0,2,0.0,0.0,1.0,0.0,0.0,255,3,0.01,0.42,0.0,0.0,0.0,0.0,0,87984.0
17,5,0,0,0,0,3,1.0,1.0,1.0,0.0,0.0,63,10,0.05,0.06,0.2,1.0,0.3,0.0,1,26295.0
19,9,9,0,0,1,2,0.0,0.0,1.0,0.0,0.0,9,56,0.67,0.33,0.05,0.0,0.0,0.0,0,21362.0
22,9,289,1586,0,1,23,0.0,0.0,1.0,0.0,0.0,29,255,1.0,0.0,0.02,0.0,0.0,0.0,0,123413.0
11,9,42,42,0,0,4,0.0,0.0,1.0,0.0,0.14,255,248,0.97,0.01,0.0,0.0,0.0,0.0,0,54940.0
45,1,0,0,0,0,121,0.0,0.0,0.05,0.07,0.0,255,26,0.1,0.06,0.0,0.0,0.0,1.0,1,58880.0
22,9,241,2195,0,1,7,0.0,0.0,1.0,0.0,0.11,26,255,1.0,0.0,0.04,0.0,0.0,0.0,0,28649.0
59,5,0,0,0,0,17,1.0,1.0,0.29,0.12,0.0,255,11,0.04,0.07,0.0,1.0,1.0,0.0,1,114621.0
11,9,45,131,0,0,74,0.0,0.0,1.0,0.0,0.01,255,254,1.0,0.01,0.0,0.0,0.0,0.0,0,90033.0
45,1,0,0,0,0,144,0.0,0.0,0.13,0.06,0.0,255,19,0.07,0.05,0.0,0.0,0.0,1.0,1,97130.0
7,5,0,0,0,0,232,1.0,1.0,0.02,0.06,0.0,255,20,0.08,0.06,0.0,1.0,1.0,0.0,1,44504.0
11,9,45,45,0,0,86,0.0,0.0,1.0,0.0,0.01,255,254,1.0,0.01,0.0,0.0,0.0,0.0,0,57883.0
55,5,0,0,0,0,31,0.97,1.0,0.32,0.13,0.0,255,12,0.05,0.07,0.0,1.0,1.0,0.0,1,53941.0
22,9,224,1333,0,1,3,0.0,0.0,1.0,0.0,0.43,255,255,1.0,0.0,0.0,0.0,0.0,0.0,0,94313.0
5,5,0,0,0,0,116,1.0,1.0,0.1,0.06,0.0,255,12,0.05,0.06,0.0,1.0,1.0,0.0,1,109901.0
45,1,0,0,0,0,130,0.01,0.0,0.01,1.0,0.0,255,1,0.0,0.52,0.0,0.0,0.0,1.0,1,6468.0
49,9,1242,330,0,1,1,0.0,0.0,1.0,0.0,1.0,255,123,0.48,0.04,0.0,0.0,0.0,0.0,0,110942.0
45,4,1,0,0,0,2,0.0,0.0,1.0,0.0,0.0,255,2,0.01,0.5,0.0,0.0,0.0,1.0,1,52139.0
45,5,0,0,0,0,178,1.0,1.0,0.07,0.06,0.0,255,20,0.08,0.07,0.0,1.0,1.0,0.0,1,111700.0
19,9,7422,0,0,1,4,0.0,0.0,1.0,0.0,0.0,229,86,0.35,0.09,0.02,0.01,0.02,0.0,0,47914.0
49,9,1476,328,0,1,1,0.0,0.0,1.0,0.0,0.0,72,137,0.64,0.06,0.02,0.0,0.01,0.04,0,19436.0
45,5,0,0,0,0,139,1.0,1.0,0.01,0.06,0.0,255,12,0.05,0.06,0.0,1.0,1.0,0.0,1,23557.0
49,9,1339,325,0,1,1,0.0,0.0,1.0,0.0,0.0,32,189,0.69,0.09,0.01,0.0,0.0,0.0,0,34306.0
45,5,0,0,0,0,299,1.0,1.0,0.06,0.06,0.0,255,2,0.01,0.08,0.0,1.0,1.0,0.0,1,43365.0
13,9,8,0,0,0,1,0.0,0.0,1.0,0.0,1.0,1,93,1.0,0.0,0.51,0.0,0.0,0.0,1,110088.0
61,5,0,0,0,0,230,1.0,1.0,0.01,0.06,0.0,255,3,0.01,0.07,0.0,1.0,1.0,0.0,1,29132.0
13,9,8,0,0,0,1,0.0,0.0,1.0,0.0,1.0,1,225,1.0,0.0,0.5,0.0,0.0,0.0,1,22105.0
40,9,516,4,0,0,406,0.0,0.0,1.0,0.0,0.0,255,255,1.0,0.0,0.0,0.0,0.0,0.0,0,84895.0
22,9,358,6252,0,1,1,0.0,0.0,1.0,0.0,0.0,103,255,1.0,0.0,0.02,0.0,0.0,0.0,0,106470.0
45,5,0,0,0,0,232,1.0,1.0,0.08,0.06,0.0,255,8,0.03,0.07,0.0,1.0,1.0,0.0,1,58743.0
49,9,6416,331,0,1,1,0.0,0.0,1.0,0.0,0.0,59,197,0.56,0.05,0.01,0.0,0.0,0.0,1,87699.0
62,5,0,0,0,0,139,1.0,1.0,0.08,0.06,0.0,255,8,0.03,0.06,0.0,1.0,1.0,0.0,1,83531.0
22,9,210,1000,0,1,7,0.0,0.0,1.0,0.0,0.0,25,255,1.0,0.0,0.04,0.0,0.0,0.0,0,75609.0
22,9,207,3743,0,1,8,0.0,0.0,1.0,0.0,0.0,41,255,1.0,0.0,0.02,0.0,0.0,0.0,0,73864.0
22,9,329,15850,0,1,9,0.0,0.0,1.0,0.0,0.0,15,255,1.0,0.0,0.04,0.0,0.0,0.0,0,118078.0
40,9,147,105,0,0,1,0.0,0.0,1.0,0.0,0.0,255,3,0.01,0.64,0.0,0.0,0.0,0.0,0,15068.0
45,9,28,0,3,0,4,0.0,0.0,1.0,0.0,0.0,255,4,0.02,0.01,0.0,0.0,0.0,0.0,1,65280.0
22,9,297,5076,0,1,5,0.0,0.0,1.0,0.0,0.38,8,255,1.0,0.0,0.07,0.0,0.0,0.0,0,75967.0
55,5,0,0,0,0,32,1.0,1.0,0.22,0.12,0.0,255,64,0.25,0.02,0.0,1.0,1.0,0.0,1,91034.0
15,5,0,0,0,0,130,1.0,1.0,0.05,0.06,0.0,255,6,0.02,0.07,0.0,1.0,1.0,0.0,1,115673.0
19,9,641,0,0,1,2,0.0,0.0,1.0,0.0,0.0,18,9,0.5,0.17,0.0,0.0,0.0,0.0,0,119032.0
40,9,147,105,0,0,5,0.0,0.0,0.2,0.6,0.0,255,1,0.0,0.48,0.0,0.0,0.0,0.0,0,106595.0
13,9,8,0,0,0,1,0.0,0.0,1.0,0.0,1.0,2,136,1.0,0.0,0.5,0.0,0.0,0.0,1,78619.0
22,9,171,6026,0,1,4,0.0,0.0,1.0,0.0,0.0,10,255,1.0,0.0,0.03,0.0,0.0,0.0,0,53283.0
55,5,0,0,0,0,64,1.0,1.0,0.25,0.06,0.0,255,47,0.18,0.05,0.0,1.0,1.0,0.0,1,16028.0
4,5,0,0,0,0,219,1.0,1.0,0.01,0.06,0.0,255,19,0.07,0.06,0.0,1.0,1.0,0.0,1,68185.0
13,9,8,0,0,0,1,0.0,0.0,1.0,0.0,1.0,1,135,1.0,0.0,0.5,0.0,0.0,0.0,1,62811.0
45,9,1,0,0,0,145,0.0,0.0,0.86,0.03,0.0,255,166,0.65,0.04,0.0,0.0,0.0,0.0,1,49997.0
45,1,0,0,0,0,257,0.0,0.0,0.03,0.06,0.0,255,7,0.03,0.06,0.0,0.0,0.0,1.0,1,23382.0
49,9,905,334,0,1,2,0.0,0.0,1.0,0.0,0.0,149,196,0.83,0.02,0.01,0.0,0.0,0.0,0,19781.0
14,9,1032,0,0,0,510,0.0,0.0,1.0,0.0,0.0,255,234,0.92,0.01,0.0,0.0,0.0,0.0,1,54597.0
45,5,0,0,0,0,103,1.0,1.0,0.16,0.08,0.0,255,14,0.05,0.09,0.0,1.0,1.0,0.0,1,88947.0
45,9,1,0,0,0,6,0.0,0.0,0.17,0.5,0.0,255,1,0.0,0.76,0.0,0.03,0.0,0.0,1,53354.0
19,9,1339,0,0,1,1,0.0,0.0,1.0,0.0,0.0,242,63,0.22,0.02,0.03,0.0,0.0,0.0,0,49648.0
21,5,0,0,0,0,284,1.0,1.0,0.07,0.05,0.0,255,20,0.08,0.07,0.0,1.0,1.0,0.0,1,83760.0
40,9,768,0,0,1,8,0.12,0.0,0.12,0.75,0.0,89,1,0.01,0.09,0.0,0.01,0.0,0.0,0,123065.0
22,9,166,6227,0,1,1,0.0,0.0,1.0,0.0,0.0,1,255,1.0,0.0,0.04,0.0,0.0,0.0,0,108352.0
19,5,0,0,0,0,38,1.0,1.0,0.21,0.11,0.0,255,63,0.25,0.02,0.0,1.0,1.0,0.0,1,30444.0
14,9,18,0,0,0,1,0.0,0.0,1.0,0.0,0.0,5,5,1.0,0.0,0.0,0.0,0.0,0.0,1,95714.0
22,9,299,2842,0,1,2,0.0,0.0,1.0,0.0,0.12,2,255,1.0,0.0,0.04,0.0,0.0,0.0,0,121131.0
11,9,44,127,0,0,64,0.0,0.0,1.0,0.0,0.01,255,254,1.0,0.01,0.0,0.0,0.0,0.0,0,47824.0
19,9,10073,0,0,0,15,0.0,0.0,1.0,0.0,0.0,192,69,0.36,0.03,0.0,0.0,0.0,0.0,0,73250.0
3,5,0,0,0,0,203,1.0,1.0,0.01,0.06,0.0,255,3,0.01,0.07,0.0,1.0,1.0,0.0,1,25093.0
22,9,260,7431,0,1,1,0.0,0.0,1.0,0.0,1.0,255,245,0.96,0.01,0.0,0.0,0.0,0.0,0,31034.0
45,5,0,0,0,0,45,1.0,1.0,0.2,0.13,0.0,255,9,0.04,0.08,0.0,1.0,1.0,0.0,1,72464.0
45,5,0,0,0,0,190,1.0,1.0,0.13,0.06,0.0,255,25,0.1,0.06,0.0,1.0,1.0,0.0,1,121893.0
45,9,215,0,0,0,1,0.0,0.0,1.0,0.0,0.0,239,199,0.83,0.01,0.0,0.0,0.0,0.0,0,45375.0
22,9,343,9534,0,1,3,0.0,0.0,1.0,0.0,0.1,255,255,1.0,0.0,0.0,0.0,0.0,0.0,0,25768.0
22,9,304,5428,0,1,14,0.0,0.0,1.0,0.0,0.0,153,255,1.0,0.0,0.02,0.01,0.0,0.0,0,68529.0
11,9,46,130,0,0,275,0.0,0.0,1.0,0.0,0.0,255,251,0.98,0.01,0.0,0.0,0.0,0.0,0,28938.0
18,9,1175,3380,0,1,1,0.0,0.0,1.0,0.0,0.0,180,41,0.23,0.39,0.0,0.0,0.0,0.02,0,97851.0
13,9,8,0,0,0,1,0.0,0.0,1.0,0.0,1.0,2,146,1.0,0.0,0.5,0.0,0.0,0.0,1,94278.0
49,9,827,330,0,1,1,0.0,0.0,1.0,0.0,0.0,106,197,0.88,0.04,0.01,0.0,0.0,0.0,0,72872.0
55,2,126,179,0,0,1,0.0,0.0,1.0,0.0,0.0,49,49,1.0,0.0,0.0,0.04,0.04,0.96,0,57517.0
11,9,43,131,0,0,70,0.0,0.0,1.0,0.0,0.01,255,254,1.0,0.01,0.0,0.0,0.0,0.0,0,96357.0
22,9,303,1380,0,1,5,0.0,0.0,1.0,0.0,0.33,255,255,1.0,0.0,0.0,0.0,0.0,0.0,0,19562.0
55,5,0,0,0,0,91,1.0,1.0,0.22,0.04,0.0,255,11,0.04,0.06,0.0,1.0,1.0,0.0,1,107954.0
11,9,44,148,0,0,78,0.0,0.0,1.0,0.0,0.01,255,205,0.8,0.01,0.0,0.0,0.0,0.0,0,66276.0
45,5,0,0,0,0,85,1.0,1.0,0.08,0.06,0.0,255,20,0.08,0.07,0.0,1.0,1.0,0.0,1,13121.0
40,9,147,0,0,0,4,0.0,0.0,0.25,0.75,0.0,48,1,0.02,0.6,0.0,0.0,0.0,0.0,0,15659.0
22,9,295,1674,0,1,31,0.0,0.0,1.0,0.0,0.05,255,255,1.0,0.0,0.0,0.0,0.0,0.0,0,24926.0
22,1,0,0,0,0,1,0.0,0.0,1.0,0.0,0.0,9,243,1.0,0.0,0.21,0.0,0.0,0.98,0,61543.0
51,5,0,0,0,0,295,1.0,1.0,0.06,0.05,0.0,255,18,0.07,0.06,0.0,1.0,1.0,0.0,1,25063.0
49,5,0,0,0,0,7,1.0,1.0,1.0,0.0,0.0,109,129,0.43,0.02,0.02,0.98,0.36,0.0,1,70298.0
45,1,0,0,0,0,232,0.0,0.0,0.06,0.06,0.0,255,14,0.05,0.06,0.0,0.0,0.0,1.0,1,81518.0
62,5,0,0,0,0,227,1.0,1.0,0.07,0.05,0.0,255,17,0.07,0.07,0.0,1.0,1.0,0.0,1,12836.0
25,5,0,0,0,0,225,1.0,1.0,0.05,0.07,0.0,255,5,0.02,0.09,0.0,1.0,1.0,0.0,1,21244.0
22,9,280,758,0,1,10,0.0,0.0,1.0,0.0,0.17,255,255,1.0,0.0,0.0,0.0,0.0,0.0,0,90141.0
15,5,0,0,0,0,139,1.0,1.0,0.17,0.05,0.0,255,23,0.09,0.05,0.0,1.0,1.0,0.0,1,30604.0
22,9,234,11864,0,1,1,0.0,0.0,1.0,0.0,0.0,52,255,1.0,0.0,0.02,0.0,0.0,0.0,0,15949.0
45,5,0,0,0,0,285,1.0,1.0,0.02,0.06,0.0,255,16,0.06,0.08,0.0,1.0,1.0,0.0,1,84084.0
40,9,146,105,0,0,1,0.0,0.0,1.0,0.0,0.0,255,2,0.01,0.68,0.0,0.0,0.0,0.0,0,5581.0
13,9,8,0,0,0,1,0.0,0.0,1.0,0.0,1.0,1,51,1.0,0.0,0.51,0.0,0.0,0.0,1,77994.0
18,9,1486,4152,0,1,1,0.0,0.0,1.0,0.0,0.0,95,14,0.15,0.03,0.0,0.0,0.0,0.0,0,22145.0
51,5,0,0,0,0,94,1.0,1.0,0.01,0.05,0.0,255,1,0.0,0.07,0.0,1.0,1.0,0.0,1,108828.0
40,9,147,105,0,0,1,0.0,0.0,1.0,0.0,0.0,255,1,0.0,0.65,0.0,0.0,0.0,0.0,0,10045.0
19,9,7162,0,0,1,3,0.0,0.0,1.0,0.0,0.0,45,61,0.2,0.09,0.05,0.0,0.0,0.0,0,49202.0
49,9,2400,331,0,1,1,0.0,0.0,1.0,0.0,0.0,54,149,0.63,0.13,0.01,0.0,0.0,0.0,0,45264.0
22,9,213,775,0,1,4,0.0,0.0,1.0,0.0,0.29,255,255,1.0,0.0,0.0,0.0,0.0,0.0,0,12733.0
32,5,0,0,0,0,291,1.0,1.0,0.03,0.05,0.0,255,9,0.04,0.07,0.0,1.0,1.0,0.0,1,49808.0
22,9,228,467,0,1,24,0.0,0.0,1.0,0.0,0.0,255,255,1.0,0.0,0.0,0.0,0.0,0.0,0,97247.0
22,9,204,4286,0,1,1,0.0,0.0,1.0,0.0,0.6,26,255,1.0,0.0,0.05,0.0,0.0,0.0,0,95921.0
15,5,0,0,0,0,143,1.0,1.0,0.04,0.06,0.0,255,6,0.02,0.06,0.0,1.0,1.0,0.0,1,61888.0
45,5,0,0,0,0,106,0.99,1.0,0.06,0.08,0.0,255,6,0.02,0.07,0.0,1.0,1.0,0.0,1,30217.0
40,4,1,0,0,0,2,0.0,0.0,1.0,0.0,0.0,255,2,0.01,0.68,0.0,0.0,0.0,1.0,1,103257.0
19,5,0,0,0,0,238,1.0,1.0,0.01,0.07,0.0,255,3,0.01,0.07,0.0,1.0,1.0,0.0,1,18948.0
45,5,0,0,0,0,124,1.0,1.0,0.02,0.06,0.0,27,2,0.07,0.15,0.0,1.0,1.0,0.0,1,58872.0
45,5,0,0,0,0,267,1.0,1.0,0.06,0.06,0.0,255,5,0.02,0.07,0.0,1.0,1.0,0.0,1,76134.0
55,5,0,0,0,0,299,1.0,1.0,0.05,0.05,0.0,255,2,0.01,0.08,0.0,1.0,1.0,0.0,1,88706.0
13,9,8,0,0,0,1,0.0,0.0,1.0,0.0,1.0,2,68,1.0,0.0,0.5,0.0,0.0,0.0,1,43864.0
2,1,0,0,0,0,220,0.0,0.0,0.05,0.07,0.0,255,10,0.04,0.09,0.0,0.0,0.0,1.0,1,92432.0
13,9,8,0,0,0,1,0.0,0.0,1.0,0.0,1.0,2,92,1.0,0.0,0.5,0.0,0.0,0.0,1,76535.0
22,9,257,259,0,1,27,0.0,0.0,1.0,0.0,0.0,255,255,1.0,0.0,0.0,0.0,0.0,0.0,0,38897.0
22,9,333,4516,0,1,2,0.0,0.0,1.0,0.0,0.5,255,255,1.0,0.0,0.0,0.0,0.0,0.0,0,100267.0
9,5,0,0,0,0,241,1.0,1.0,0.0,0.07,0.0,255,20,0.08,0.07,0.0,1.0,1.0,0.0,1,53859.0
17,5,0,0,0,0,53,0.98,1.0,0.26,0.09,0.0,255,34,0.13,0.05,0.0,1.0,1.0,0.0,1,110265.0
49,9,1354,364,0,1,1,0.0,0.0,1.0,0.0,0.0,136,80,0.59,0.02,0.0,0.0,0.0,0.0,0,17382.0
22,9,262,2466,0,1,1,0.0,0.0,1.0,0.0,0.0,5,255,1.0,0.0,0.03,0.0,0.0,0.0,0,67324.0
13,9,8,0,0,0,1,0.0,0.0,1.0,0.0,1.0,4,208,1.0,0.0,0.25,0.0,0.0,0.0,1,23894.0
7,1,0,0,0,0,255,0.0,0.0,0.02,0.07,0.0,255,4,0.02,0.07,0.0,0.0,0.0,1.0,1,80856.0
16,5,0,0,0,0,146,1.0,1.0,0.06,0.05,0.0,255,8,0.03,0.07,0.0,1.0,1.0,0.0,1,17093.0
49,9,1673,338,0,1,1,0.0,0.0,1.0,0.0,1.0,47,189,0.62,0.09,0.02,0.0,0.01,0.0,0,26339.0
45,1,0,0,0,0,116,0.0,0.0,0.03,0.07,0.0,255,3,0.01,0.06,0.0,0.0,0.0,1.0,1,93115.0
8,5,0,0,0,0,239,1.0,1.0,0.02,0.07,0.0,255,5,0.02,0.08,0.0,1.0,1.0,0.0,1,95772.0
22,9,314,569,0,1,1,0.0,0.0,1.0,0.0,0.0,3,255,1.0,0.0,0.01,0.0,0.0,0.0,0,104344.0
45,1,0,0,0,0,275,0.0,0.0,0.04,0.06,0.0,255,11,0.04,0.09,0.0,0.0,0.0,1.0,1,80048.0
22,9,321,1591,0,1,3,0.0,0.0,1.0,0.0,0.0,54,255,1.0,0.0,0.02,0.02,0.0,0.0,0,65842.0
22,9,285,671,0,1,20,0.05,0.05,1.0,0.0,0.0,255,255,1.0,0.0,0.0,0.0,0.0,0.0,0,3417.0
11,9,34,50,0,0,3,0.0,0.0,1.0,0.0,0.5,255,240,0.94,0.01,0.0,0.0,0.0,0.0,0,52309.0
15,5,0,0,0,0,136,1.0,1.0,0.12,0.05,0.0,255,7,0.03,0.07,0.0,1.0,1.0,0.0,1,113639.0
27,5,0,0,0,0,148,1.0,1.0,0.17,0.05,0.0,255,25,0.1,0.05,0.0,1.0,1.0,0.0,1,8800.0
22,9,326,188,0,1,1,0.0,0.0,1.0,0.0,0.13,45,255,1.0,0.0,0.02,0.0,0.0,0.0,0,2772.0
53,1,0,0,0,0,226,0.0,0.0,0.06,0.07,0.0,255,14,0.05,0.07,0.0,0.0,0.0,1.0,1,19994.0
22,9,222,617,0,1,29,0.0,0.0,1.0,0.0,0.06,89,255,1.0,0.0,0.02,0.0,0.0,0.0,0,100414.0
45,5,0,0,0,0,131,1.0,1.0,0.11,0.05,0.0,255,20,0.08,0.07,0.0,1.0,1.0,0.0,1,59130.0
22,9,340,283,0,1,3,0.0,0.0,1.0,0.0,0.0,255,227,0.89,0.01,0.0,0.0,0.0,0.0,0,81392.0
22,9,326,183,0,1,8,0.0,0.0,1.0,0.0,0.0,8,255,1.0,0.0,0.04,0.0,0.0,0.0,0,105700.0
54,5,0,0,0,0,231,1.0,1.0,0.0,0.06,0.0,255,2,0.01,0.07,0.0,1.0,1.0,0.0,1,15433.0
40,9,145,105,0,0,2,0.0,0.0,1.0,0.0,0.0,255,2,0.01,0.66,0.0,0.0,0.0,0.0,0,32592.0
22,9,266,21580,0,1,3,0.33,0.14,1.0,0.0,0.43,14,255,1.0,0.0,0.02,0.07,0.0,0.0,0,38265.0
22,9,255,1615,0,1,1,0.0,0.0,1.0,0.0,0.0,106,255,1.0,0.0,0.03,0.0,0.0,0.0,0,10132.0
22,9,321,11745,0,1,5,0.2,0.08,1.0,0.0,0.15,5,255,1.0,0.0,0.03,0.2,0.01,0.0,0,110548.0
14,9,1032,0,0,0,158,0.0,0.0,1.0,0.0,0.0,255,158,0.62,0.01,0.0,0.0,0.0,0.0,1,7598.0
11,9,42,78,0,0,212,0.0,0.0,1.0,0.01,0.0,255,254,1.0,0.01,0.0,0.0,0.0,0.0,0,16116.0
55,9,1567,3095,0,1,1,0.0,0.0,1.0,0.0,0.0,2,2,1.0,0.0,0.0,0.0,0.0,0.0,0,99760.0
22,9,220,619,0,1,6,0.0,0.0,1.0,0.0,0.29,255,255,1.0,0.0,0.0,0.0,0.0,0.0,0,16460.0
45,9,28,0,3,0,80,0.0,0.0,1.0,0.0,0.0,255,80,0.31,0.04,0.0,0.02,0.0,0.0,1,38613.0
45,9,105,146,0,0,1,0.0,0.0,1.0,0.0,0.0,10,8,0.8,0.2,0.0,0.0,0.0,0.0,0,2912.0
13,9,8,0,0,0,1,0.0,0.0,1.0,0.0,1.0,1,41,1.0,0.0,0.27,0.0,0.0,0.0,1,78418.0
11,9,44,134,0,0,131,0.0,0.0,1.0,0.0,0.02,255,255,1.0,0.0,0.0,0.0,0.0,0.0,0,89698.0
55,9,562,9139,0,1,1,0.0,0.0,1.0,0.0,0.0,1,1,1.0,0.0,0.0,0.0,0.0,0.0,0,77945.0
55,2,126,179,0,0,2,0.0,0.0,1.0,0.0,0.0,16,16,1.0,0.0,0.0,0.06,0.06,0.94,0,10047.0
14,9,1032,0,0,0,304,0.0,0.0,1.0,0.0,0.0,255,255,1.0,0.0,0.0,0.0,0.0,0.0,1,11416.0
22,1,0,0,0,0,1,0.0,0.0,1.0,0.0,0.0,5,89,1.0,0.0,0.08,0.0,0.0,1.0,0,84022.0
16,2,0,0,0,0,99,0.0,0.0,0.06,0.07,0.0,255,6,0.02,0.06,0.0,0.0,0.0,1.0,1,56429.0
11,9,47,100,0,0,7,0.0,0.0,1.0,0.0,0.0,83,215,0.73,0.04,0.01,0.0,0.0,0.0,0,8278.0
17,5,0,0,0,0,67,1.0,1.0,0.25,0.06,0.0,255,57,0.22,0.02,0.0,1.0,1.0,0.0,1,111884.0
11,9,45,68,0,0,126,0.0,0.0,1.0,0.0,0.02,255,225,0.88,0.01,0.0,0.0,0.0,0.0,0,84328.0
37,1,0,0,0,0,101,0.0,0.0,0.01,0.07,0.0,255,1,0.0,0.06,0.0,0.0,0.0,1.0,1,13491.0
22,9,149,436,0,1,1,0.0,0.0,1.0,0.0,0.0,2,255,1.0,0.0,0.03,0.0,0.01,0.01,0,72112.0
11,9,44,44,0,0,179,0.0,0.0,1.0,0.0,0.0,255,255,1.0,0.0,0.0,0.0,0.0,0.0,0,65398.0
5,5,0,0,0,0,123,1.0,1.0,0.11,0.06,0.0,255,14,0.05,0.05,0.0,1.0,1.0,0.0,1,53332.0
19,9,768,0,0,1,16,0.0,0.0,1.0,0.0,0.0,24,70,0.92,0.08,0.04,0.0,0.0,0.0,0,93219.0
49,9,587,331,0,1,1,0.0,0.0,1.0,0.0,0.0,101,197,0.58,0.05,0.01,0.0,0.0,0.0,0,42688.0
49,9,3492,361,0,1,1,0.0,0.0,1.0,0.0,0.0,3,148,0.67,0.67,0.02,0.0,0.01,0.0,0,68723.0
22,9,233,3140,0,1,13,0.0,0.0,1.0,0.0,0.0,170,255,1.0,0.0,0.09,0.0,0.0,0.6,0,106639.0
45,5,0,0,0,0,231,1.0,1.0,0.07,0.06,0.0,255,11,0.04,0.07,0.0,1.0,1.0,0.0,1,76746.0
55,5,0,0,0,0,21,1.0,1.0,0.52,0.1,0.0,255,62,0.24,0.02,0.0,1.0,1.0,0.0,1,43091.0
49,9,1639,330,0,1,1,0.0,0.0,1.0,0.0,1.0,60,164,0.57,0.08,0.01,0.0,0.0,0.0,0,10433.0
45,5,0,0,0,0,73,1.0,1.0,0.19,0.07,0.0,255,5,0.02,0.07,0.0,1.0,1.0,0.0,1,104028.0
22,1,0,0,0,0,229,0.0,0.0,0.06,0.07,0.0,255,14,0.05,0.07,0.0,0.0,0.0,1.0,1,68431.0
22,9,234,1075,0,1,6,0.0,0.0,1.0,0.0,0.29,255,245,0.96,0.02,0.0,0.0,0.0,0.0,0,111044.0
22,9,249,2189,0,1,10,0.0,0.0,1.0,0.0,0.0,221,255,1.0,0.0,0.01,0.0,0.0,0.0,0,103086.0
22,9,265,34720,0,1,1,0.0,0.0,1.0,0.0,0.5,64,255,1.0,0.0,0.04,0.0,0.0,0.0,0,44470.0
45,5,0,0,0,0,239,1.0,1.0,0.1,0.05,0.0,180,23,0.13,0.07,0.0,0.92,1.0,0.0,1,103400.0
25,5,0,0,0,0,297,1.0,1.0,0.04,0.05,0.0,255,11,0.04,0.05,0.0,1.0,1.0,0.0,1,25055.0
31,5,0,0,0,0,206,1.0,1.0,0.05,0.07,0.0,255,10,0.04,0.08,0.0,1.0,1.0,0.0,1,121481.0
45,1,0,0,0,0,252,0.0,0.0,0.01,0.07,0.0,255,2,0.01,0.09,0.0,0.0,0.0,1.0,1,108770.0
13,9,8,0,0,0,1,0.0,0.0,1.0,0.0,1.0,1,41,1.0,0.0,0.51,0.0,0.0,0.0,1,11105.0
45,4,1,0,0,0,2,0.0,0.0,1.0,0.0,0.0,255,2,0.01,0.5,0.0,0.0,0.0,1.0,1,22808.0
49,9,849,328,0,1,1,0.0,0.0,1.0,0.0,0.0,102,180,0.75,0.04,0.01,0.0,0.0,0.0,0,122420.0
22,1,0,0,0,0,1,0.0,0.0,1.0,0.0,0.0,1,255,1.0,0.0,0.06,0.0,0.0,0.61,0,53901.0
40,9,516,4,0,0,197,0.0,0.0,1.0,0.0,0.0,197,197,1.0,0.0,0.0,0.0,0.0,0.0,0,4624.0
49,9,1437,541,0,1,1,0.0,0.0,1.0,0.0,0.0,255,81,0.32,0.31,0.0,0.31,0.0,0.0,0,125603.0
40,9,147,105,0,0,5,0.0,0.0,0.2,0.6,0.0,255,1,0.0,0.82,0.0,0.0,0.0,0.0,0,83279.0
18,9,678,2077,0,1,1,0.0,0.0,1.0,0.0,0.0,161,34,0.21,0.04,0.0,0.0,0.0,0.03,0,70018.0
20,5,0,0,0,0,132,1.0,1.0,0.05,0.06,0.0,255,7,0.03,0.07,0.0,1.0,1.0,0.0,1,58099.0
19,9,11,0,0,0,1,0.0,0.0,1.0,0.0,0.0,5,100,0.8,0.4,0.02,0.0,0.0,0.0,1,67372.0
26,1,0,0,0,0,104,0.0,0.0,0.12,0.07,0.0,255,13,0.05,0.06,0.0,0.0,0.0,1.0,1,87173.0
22,9,296,589,0,1,20,0.0,0.0,1.0,0.0,0.0,90,255,1.0,0.0,0.03,0.0,0.0,0.0,0,52160.0
45,1,0,0,0,0,79,0.0,0.0,0.25,0.06,0.0,255,20,0.08,0.06,0.0,0.0,0.0,1.0,1,121149.0
58,9,133,0,0,0,2,0.0,0.0,0.5,1.0,0.0,255,4,0.02,0.01,0.0,0.0,0.0,0.0,0,23939.0
3,5,0,0,0,0,118,1.0,1.0,0.03,0.07,0.0,255,2,0.01,0.07,0.0,1.0,1.0,0.0,1,104957.0
22,9,213,9311,0,1,5,0.0,0.0,1.0,0.0,0.0,5,255,1.0,0.0,0.06,0.0,0.0,0.0,0,38361.0
22,9,239,7950,0,1,1,0.0,0.0,1.0,0.0,1.0,2,255,1.0,0.0,0.03,0.0,0.0,0.0,0,104805.0
22,9,319,38506,0,1,8,0.0,0.0,1.0,0.0,0.22,42,255,1.0,0.0,0.05,0.0,0.0,0.0,0,22153.0
19,6,88382,0,0,1,14,0.07,0.07,1.0,0.0,0.0,232,82,0.35,0.03,0.0,0.02,0.04,0.0,0,2508.0
22,9,273,9097,0,1,1,0.0,0.0,1.0,0.0,0.5,97,255,1.0,0.0,0.03,0.01,0.0,0.0,0,74765.0
11,9,52,42,0,0,1,0.0,0.0,1.0,0.0,0.0,255,255,1.0,0.0,0.0,0.0,0.0,0.0,0,25798.0
49,9,768,336,0,1,1,0.0,0.0,1.0,0.0,0.0,212,159,0.75,0.02,0.0,0.0,0.0,0.0,0,33104.0
45,5,0,0,0,0,34,1.0,1.0,0.47,0.09,0.0,255,16,0.06,0.08,0.0,1.0,1.0,0.0,1,78642.0
22,9,236,1613,0,1,4,0.0,0.0,1.0,0.0,0.0,88,255,1.0,0.0,0.02,0.0,0.0,0.0,0,113508.0
22,1,0,0,0,0,1,0.0,0.0,1.0,0.0,1.0,202,168,0.83,0.02,0.0,0.0,0.0,1.0,0,80759.0
19,9,383,0,0,0,2,0.0,0.0,1.0,0.0,0.0,37,3,0.08,0.11,0.0,0.0,0.0,0.0,0,102497.0
22,9,209,5301,0,1,2,0.0,0.0,1.0,0.0,0.0,2,255,1.0,0.0,0.01,0.0,0.0,0.0,0,47348.0
22,9,228,2701,0,1,3,0.0,0.0,1.0,0.0,0.25,61,255,1.0,0.0,0.01,0.0,0.0,0.0,0,26086.0
2,5,0,0,0,0,112,1.0,1.0,0.06,0.07,0.0,255,7,0.03,0.08,0.0,1.0,1.0,0.0,1,68899.0
22,9,211,49082,0,1,2,0.0,0.0,1.0,0.0,0.4,2,255,1.0,0.0,0.05,0.0,0.0,0.0,0,71159.0
13,9,8,0,0,0,1,0.0,0.0,1.0,0.0,1.0,2,34,1.0,0.0,0.5,0.0,0.0,0.0,1,68990.0
22,9,282,312,0,1,9,0.0,0.0,1.0,0.0,0.0,255,255,1.0,0.0,0.0,0.0,0.0,0.0,0,25156.0
22,9,279,2443,0,1,21,0.0,0.0,1.0,0.0,0.0,73,255,1.0,0.0,0.05,0.0,0.0,0.01,0,97557.0
22,9,327,365,0,1,3,0.0,0.0,1.0,0.0,0.0,188,255,1.0,0.0,0.01,0.0,0.0,0.0,0,64004.0
40,9,146,105,0,0,3,0.0,0.0,0.33,0.67,0.0,255,1,0.0,0.85,0.0,0.0,0.0,0.0,0,75021.0
19,9,12,0,0,0,2,0.0,0.0,0.5,1.0,0.0,55,69,0.16,0.09,0.03,0.0,0.01,0.0,0,23225.0
21,5,0,0,0,0,208,1.0,1.0,0.03,0.07,0.0,255,6,0.02,0.07,0.0,1.0,1.0,0.0,1,43893.0
19,9,10044,0,0,0,12,0.0,0.0,1.0,0.0,0.0,134,60,0.45,0.04,0.0,0.01,0.02,0.0,0,65236.0
25,1,0,0,0,0,228,0.0,0.0,0.04,0.07,0.0,255,9,0.04,0.08,0.0,0.0,0.0,1.0,1,120412.0
22,9,244,4047,0,1,31,0.0,0.0,1.0,0.0,0.06,82,255,1.0,0.0,0.03,0.0,0.0,0.0,0,90591.0
22,9,320,1024,0,1,19,0.0,0.0,1.0,0.0,0.0,118,255,1.0,0.0,0.02,0.0,0.0,0.0,0,87420.0
13,9,8,0,0,0,1,0.0,0.0,1.0,0.0,1.0,2,114,1.0,0.0,0.5,0.0,0.0,0.0,1,22814.0
22,9,198,2148,0,1,11,0.0,0.0,1.0,0.0,0.0,11,255,1.0,0.0,0.03,0.0,0.0,0.0,0,98437.0
49,9,1867,330,0,1,17,0.0,0.0,0.06,0.12,0.0,97,185,0.95,0.02,0.02,0.01,0.01,0.0,0,113697.0
22,9,290,9703,0,1,2,0.0,0.0,1.0,0.0,0.8,2,255,1.0,0.0,0.05,0.0,0.0,0.0,0,116252.0
11,9,44,133,0,0,79,0.0,0.0,0.99,0.03,0.01,255,241,0.95,0.01,0.0,0.0,0.0,0.0,0,102243.0
22,9,317,522,0,1,5,0.0,0.0,1.0,0.0,0.0,5,255,1.0,0.0,0.04,0.0,0.0,0.0,0,120865.0
45,5,0,0,0,0,84,1.0,1.0,0.21,0.06,0.0,255,1,0.0,0.07,0.0,1.0,1.0,0.0,1,112229.0
45,5,0,0,0,0,211,1.0,1.0,0.03,0.07,0.0,255,18,0.07,0.07,0.0,1.0,1.0,0.0,1,64995.0
45,5,0,0,0,0,102,1.0,1.0,0.19,0.06,0.0,255,5,0.02,0.07,0.0,1.0,1.0,0.0,1,117183.0
22,9,155,389,0,1,3,0.33,0.33,1.0,0.0,0.0,34,255,1.0,0.0,0.01,0.06,0.01,0.0,0,104197.0
22,9,234,4137,0,1,18,0.0,0.0,1.0,0.0,0.0,84,255,1.0,0.0,0.05,0.0,0.0,0.0,0,78971.0
11,9,29,29,0,0,6,0.0,0.0,1.0,0.0,0.5,255,238,0.93,0.01,0.0,0.0,0.0,0.0,0,98637.0
45,5,0,0,0,0,230,1.0,1.0,0.07,0.07,0.0,255,2,0.01,0.06,0.0,1.0,1.0,0.0,1,32751.0
22,9,346,2229,0,1,1,0.0,0.0,1.0,0.0,0.0,39,255,1.0,0.0,0.04,0.03,0.01,0.0,0,121375.0
45,5,0,0,0,0,127,1.0,1.0,0.16,0.06,0.0,255,20,0.08,0.07,0.0,1.0,1.0,0.0,1,3594.0
36,5,0,0,0,0,297,1.0,1.0,0.02,0.06,0.0,255,3,0.01,0.07,0.0,1.0,1.0,0.0,1,42325.0
11,9,135,44,0,0,260,0.0,0.0,1.0,0.01,0.0,149,116,0.78,0.01,0.0,0.0,0.0,0.0,0,94930.0
45,4,1,0,0,0,2,0.0,0.0,1.0,0.0,0.0,255,2,0.01,0.47,0.0,0.0,0.0,1.0,1,8245.0
49,9,984,386,0,1,1,0.0,0.0,1.0,0.0,0.0,255,44,0.17,0.08,0.0,0.68,0.0,0.0,0,83681.0
40,1,0,0,0,0,463,0.08,0.0,0.0,1.0,0.0,255,1,0.0,1.0,0.0,0.06,0.0,1.0,1,11514.0
40,4,1,0,0,0,2,0.0,0.0,1.0,0.0,0.0,255,2,0.01,0.73,0.0,0.0,0.0,1.0,1,42452.0
11,9,44,73,0,0,9,0.0,0.0,1.0,0.0,0.02,255,206,0.81,0.01,0.0,0.0,0.0,0.0,0,17410.0
11,9,45,115,0,0,2,0.0,0.0,1.0,0.0,0.5,255,242,0.95,0.02,0.0,0.0,0.0,0.0,0,118833.0
22,9,261,6684,0,1,1,0.0,0.0,1.0,0.0,0.0,1,255,1.0,0.0,0.05,0.0,0.0,0.0,0,52352.0
13,9,30,0,0,0,1,0.0,0.0,1.0,0.0,0.0,86,131,1.0,0.0,0.18,0.0,0.0,0.0,0,108170.0
22,9,256,8708,0,1,1,0.0,0.0,1.0,0.0,0.1,44,255,1.0,0.0,0.04,0.0,0.0,0.0,0,6742.0
22,1,0,0,0,0,1,0.0,0.0,1.0,0.0,0.0,7,202,1.0,0.0,0.17,0.0,0.0,0.57,0,69655.0
13,9,18,0,0,0,1,0.0,0.0,1.0,0.0,0.0,3,80,0.33,0.67,1.0,0.0,0.0,0.0,1,94351.0
22,9,260,27554,0,1,2,0.0,0.0,1.0,0.0,0.0,255,255,1.0,0.0,0.0,0.0,0.0,0.0,0,91087.0
25,5,0,0,0,0,146,1.0,1.0,0.05,0.07,0.0,255,8,0.03,0.07,0.0,1.0,1.0,0.0,1,97869.0
54,5,0,0,0,0,279,1.0,1.0,0.06,0.05,0.0,255,11,0.04,0.07,0.0,1.0,1.0,0.0,1,85655.0
22,1,0,0,0,0,1,0.0,0.0,1.0,0.0,0.0,5,254,1.0,0.0,0.23,0.0,0.01,0.91,0,37451.0
45,5,0,0,0,0,130,1.0,1.0,0.03,0.06,0.0,255,3,0.01,0.08,0.0,1.0,1.0,0.0,1,92106.0
45,5,0,0,0,0,273,1.0,1.0,0.05,0.06,0.0,255,19,0.07,0.06,0.0,1.0,1.0,0.0,1,25964.0
45,1,0,0,0,0,1,0.0,0.0,1.0,0.0,0.0,29,2,0.03,1.0,1.0,0.0,0.0,1.0,1,71429.0
40,9,146,0,0,0,4,0.0,0.0,0.25,0.75,0.0,255,1,0.0,0.68,0.0,0.0,0.0,0.0,0,37417.0
12,5,0,0,0,0,121,1.0,1.0,0.15,0.06,0.0,255,17,0.07,0.07,0.0,1.0,1.0,0.0,1,81808.0
16,5,0,0,0,0,35,1.0,1.0,0.34,0.09,0.0,255,12,0.05,0.07,0.0,1.0,1.0,0.0,1,117729.0
61,5,0,0,0,0,222,1.0,1.0,0.05,0.07,0.0,255,10,0.04,0.09,0.0,1.0,1.0,0.0,1,48554.0
11,9,45,45,0,0,185,0.0,0.0,1.0,0.0,0.0,255,255,1.0,0.0,0.0,0.0,0.0,0.0,0,85204.0
29,5,0,0,0,0,221,1.0,1.0,0.09,0.05,0.0,255,20,0.08,0.05,0.0,1.0,1.0,0.0,1,89973.0
22,9,249,608,0,1,25,0.0,0.0,1.0,0.0,0.06,25,255,1.0,0.0,0.04,0.0,0.0,0.0,0,45618.0
49,9,561,327,0,1,1,0.0,0.0,1.0,0.0,0.0,219,151,0.69,0.02,0.0,0.0,0.0,0.0,0,60089.0
22,9,291,1084,0,1,16,0.0,0.0,1.0,0.0,0.0,255,255,1.0,0.0,0.0,0.0,0.0,0.0,0,44128.0
19,9,0,1878,0,0,1,0.0,0.14,1.0,0.0,0.29,201,16,0.08,0.03,0.0,0.0,0.0,0.0,0,103099.0
45,5,0,0,0,0,57,1.0,1.0,0.3,0.05,0.0,255,5,0.02,0.07,0.0,1.0,1.0,0.0,1,64079.0
22,9,148,18275,0,1,3,0.0,0.0,1.0,0.0,0.57,255,255,1.0,0.0,0.0,0.0,0.0,0.0,0,61654.0
22,9,245,1493,0,1,3,0.0,0.0,1.0,0.0,0.06,182,182,1.0,0.0,0.0,0.0,0.0,0.0,0,82509.0
22,9,254,5238,0,1,4,0.0,0.0,1.0,0.0,0.33,255,255,1.0,0.0,0.0,0.01,0.01,0.02,0,104045.0
22,9,336,361,0,1,3,0.0,0.0,1.0,0.0,0.25,255,255,1.0,0.0,0.0,0.0,0.0,0.0,0,51904.0
49,9,5924,335,0,1,1,0.0,0.0,1.0,0.0,0.0,133,74,0.54,0.08,0.03,0.01,0.0,0.0,0,54515.0
22,9,214,259,0,1,44,0.0,0.0,1.0,0.0,0.04,255,255,1.0,0.0,0.0,0.0,0.0,0.0,0,36647.0
10,5,0,0,0,0,237,1.0,1.0,0.0,0.05,0.0,255,1,0.0,0.05,0.0,1.0,1.0,0.0,1,112748.0
45,9,1,0,0,0,19,0.0,0.0,0.89,0.11,0.0,255,26,0.1,0.22,0.0,0.0,0.0,0.0,1,28625.0
49,9,13106,1429,0,1,1,0.0,0.0,1.0,0.0,0.0,230,137,0.5,0.01,0.01,0.0,0.0,0.0,0,119060.0
22,9,363,1299,0,1,8,0.0,0.0,1.0,0.0,0.14,255,255,1.0,0.0,0.0,0.0,0.0,0.0,0,124794.0
22,9,216,6329,0,1,12,0.0,0.0,1.0,0.0,0.0,255,255,1.0,0.0,0.0,0.0,0.0,0.0,0,97375.0
22,9,328,4185,0,1,17,0.0,0.0,1.0,0.0,0.0,17,255,1.0,0.0,0.01,0.0,0.0,0.0,0,7154.0
11,9,42,42,0,0,7,0.0,0.0,1.0,0.0,0.31,255,250,0.98,0.01,0.0,0.0,0.0,0.0,0,115104.0
34,5,0,0,0,0,94,1.0,1.0,0.15,0.05,0.0,255,12,0.05,0.07,0.0,1.0,1.0,0.0,1,95591.0
11,9,46,132,0,0,71,0.0,0.0,1.0,0.0,0.01,255,208,0.82,0.01,0.0,0.0,0.0,0.0,0,87645.0
40,9,516,4,0,0,369,0.0,0.0,1.0,0.0,0.0,255,255,1.0,0.0,0.0,0.0,0.0,0.0,0,44871.0
51,5,0,0,0,0,280,1.0,1.0,0.01,0.05,0.0,255,3,0.01,0.05,0.0,1.0,1.0,0.0,1,45707.0
22,9,293,354,0,1,23,0.0,0.0,1.0,0.0,0.0,255,255,1.0,0.0,0.0,0.0,0.0,0.0,0,51446.0
45,5,0,0,0,0,223,1.0,1.0,0.1,0.06,0.0,255,23,0.09,0.06,0.0,1.0,1.0,0.0,1,54902.0
19,9,740,0,0,0,1,0.0,0.0,1.0,0.0,0.0,124,30,0.24,0.02,0.0,0.0,0.0,0.0,0,121316.0
45,5,0,0,0,0,166,1.0,1.0,0.02,0.07,0.0,255,3,0.01,0.06,0.0,1.0,1.0,0.0,1,101237.0
49,9,1311,330,0,1,1,0.0,0.0,1.0,0.0,0.0,39,23,0.46,0.1,0.09,0.0,0.0,0.0,0,84613.0
45,9,1,0,0,0,34,0.0,0.0,0.12,0.09,0.0,255,27,0.11,0.55,0.0,0.05,0.0,0.0,1,73273.0
22,9,226,891,0,1,2,0.0,0.0,1.0,0.0,0.0,76,255,1.0,0.0,0.04,0.0,0.0,0.0,0,75283.0
22,9,241,2698,0,1,3,0.0,0.0,1.0,0.0,0.0,255,247,0.97,0.01,0.0,0.0,0.0,0.0,0,100902.0
22,9,244,27000,0,1,3,0.0,0.0,1.0,0.0,0.0,53,255,1.0,0.0,0.05,0.0,0.0,0.0,0,17574.0
52,5,0,0,0,0,232,1.0,1.0,0.09,0.06,0.0,255,20,0.08,0.07,0.0,1.0,1.0,0.0,1,1763.0
22,9,230,4976,0,1,1,0.0,0.0,1.0,0.0,0.0,255,255,1.0,0.0,0.0,0.0,0.0,0.0,0,76173.0
13,9,8,0,0,0,1,0.0,0.0,1.0,0.0,1.0,2,10,1.0,0.0,0.6,0.0,0.0,0.0,1,8663.0
14,9,1032,0,0,0,241,0.0,0.0,1.0,0.0,0.0,255,241,0.95,0.01,0.0,0.0,0.0,0.0,1,37419.0
12,5,0,0,0,0,195,1.0,1.0,0.03,0.07,0.0,255,7,0.03,0.08,0.0,1.0,1.0,0.0,1,106053.0
22,9,281,9525,0,1,1,0.0,0.0,1.0,0.0,0.0,210,255,1.0,0.0,0.02,0.0,0.0,0.0,0,105232.0
22,9,162,8378,0,1,3,0.0,0.0,1.0,0.0,0.5,14,255,1.0,0.0,0.09,0.0,0.0,0.0,0,6120.0
13,9,8,0,0,0,1,0.0,0.0,1.0,0.0,1.0,1,55,1.0,0.0,0.51,0.0,0.0,0.0,1,87669.0
11,9,91,0,0,0,1,0.0,0.0,1.0,0.0,1.0,46,26,0.57,0.04,0.0,0.0,0.0,0.0,0,92124.0
11,9,45,128,0,0,232,0.0,0.0,1.0,0.0,0.01,255,253,0.99,0.01,0.0,0.0,0.0,0.0,0,109515.0
45,5,0,0,0,0,210,1.0,1.0,0.09,0.06,0.0,255,18,0.07,0.06,0.0,1.0,1.0,0.0,1,54728.0
55,6,218,83028,0,1,1,1.0,1.0,1.0,0.0,0.0,16,2,0.12,0.25,0.0,0.12,0.5,0.0,0,59689.0
20,5,0,0,0,0,283,1.0,1.0,0.04,0.06,0.0,255,11,0.04,0.07,0.0,1.0,1.0,0.0,1,71032.0
22,9,319,285,0,1,14,0.0,0.0,1.0,0.0,0.13,255,255,1.0,0.0,0.0,0.0,0.0,0.0,0,8845.0
22,9,312,2628,0,1,7,0.0,0.0,1.0,0.0,0.27,255,255,1.0,0.0,0.0,0.0,0.0,0.0,0,41563.0
45,5,0,0,0,0,100,1.0,1.0,0.2,0.05,0.0,255,20,0.08,0.04,0.0,1.0,1.0,0.0,1,45016.0
22,9,307,6821,0,1,8,0.0,0.0,1.0,0.0,0.17,12,255,1.0,0.0,0.04,0.0,0.0,0.0,0,91483.0
22,9,221,12922,0,1,18,0.0,0.0,1.0,0.0,0.0,255,255,1.0,0.0,0.0,0.0,0.0,0.0,0,73106.0
11,9,44,129,0,0,78,0.0,0.0,0.99,0.03,0.01,255,243,0.95,0.01,0.0,0.0,0.0,0.0,0,62557.0
36,5,0,0,0,0,144,1.0,1.0,0.16,0.05,0.0,255,22,0.09,0.06,0.0,1.0,1.0,0.0,1,9429.0
22,9,221,1367,0,1,3,0.0,0.0,1.0,0.0,0.0,55,255,1.0,0.0,0.04,0.0,0.0,0.0,0,122904.0
22,9,193,678,0,1,14,0.0,0.0,1.0,0.0,0.1,14,255,1.0,0.0,0.02,0.0,0.0,0.0,0,8885.0
45,5,0,0,0,0,116,1.0,1.0,0.03,0.06,0.0,255,12,0.05,0.06,0.0,1.0,1.0,0.0,1,73526.0
22,1,0,0,0,0,1,0.0,0.0,1.0,0.0,0.0,11,30,1.0,0.0,0.07,0.0,0.0,1.0,0,122949.0
19,9,10073,0,0,0,15,0.0,0.0,1.0,0.0,0.0,255,100,0.39,0.02,0.0,0.0,0.0,0.0,0,93660.0
22,5,0,0,0,0,19,1.0,0.91,0.53,0.11,0.18,179,50,0.28,0.02,0.0,1.0,1.0,0.0,1,89558.0
22,9,54540,8314,0,1,5,0.0,0.0,1.0,0.0,0.0,109,109,1.0,0.0,0.0,0.0,0.0,0.05,0,92369.0
11,9,45,135,0,0,32,0.0,0.0,0.97,0.06,0.02,255,239,0.94,0.01,0.0,0.0,0.0,0.0,0,22434.0
45,5,0,0,0,0,276,1.0,1.0,0.04,0.07,0.0,255,9,0.04,0.09,0.0,1.0,1.0,0.0,1,99067.0
22,9,147,11633,0,1,4,0.0,0.0,1.0,0.0,0.0,66,255,1.0,0.0,0.02,0.0,0.0,0.01,0,2910.0
37,1,0,0,0,0,79,0.0,0.0,0.15,0.08,0.0,255,12,0.05,0.07,0.0,0.0,0.0,1.0,1,85389.0
22,9,339,1497,0,1,13,0.0,0.0,1.0,0.0,0.0,51,247,1.0,0.0,0.13,0.0,0.0,0.78,0,117866.0
22,9,298,709,0,1,14,0.0,0.0,1.0,0.0,0.0,139,255,1.0,0.0,0.02,0.0,0.0,0.0,0,119974.0
11,9,45,45,0,0,132,0.0,0.0,1.0,0.0,0.01,255,255,1.0,0.0,0.0,0.0,0.0,0.0,0,44645.0
11,9,44,129,0,0,69,0.0,0.0,1.0,0.0,0.01,255,255,1.0,0.0,0.0,0.0,0.0,0.0,0,92485.0
14,9,1032,0,0,0,397,0.0,0.0,1.0,0.0,0.0,255,196,0.77,0.02,0.0,0.0,0.0,0.0,1,26466.0
31,1,0,0,0,0,278,0.0,0.0,0.04,0.06,0.0,255,10,0.04,0.07,0.0,0.0,0.0,1.0,1,43471.0
45,5,0,0,0,0,60,1.0,1.0,0.3,0.07,0.0,240,18,0.08,0.06,0.0,1.0,1.0,0.0,1,90148.0
22,9,231,595,0,1,5,0.0,0.0,1.0,0.0,0.0,255,255,1.0,0.0,0.0,0.01,0.01,0.0,0,35391.0
21,5,0,0,0,0,273,1.0,1.0,0.06,0.06,0.0,255,5,0.02,0.07,0.0,1.0,1.0,0.0,1,87726.0
60,1,0,0,0,0,251,0.0,0.0,0.04,0.07,0.0,255,10,0.04,0.07,0.0,0.0,0.0,1.0,1,85358.0
11,9,43,76,0,0,133,0.0,0.0,1.0,0.0,0.0,255,201,0.79,0.01,0.0,0.0,0.0,0.0,0,2100.0
43,9,42,130,0,1,1,0.0,0.0,1.0,0.0,0.0,2,2,1.0,0.0,0.0,0.0,0.0,0.0,0,55191.0
45,9,1,0,0,0,2,0.0,0.0,1.0,0.0,0.0,70,2,0.03,0.07,0.0,0.0,0.0,0.0,1,118212.0
58,9,78,0,0,0,15,0.0,0.0,0.13,0.13,0.0,255,22,0.09,0.01,0.0,0.0,0.0,0.0,0,90241.0
22,1,0,0,0,0,1,0.0,0.0,1.0,0.0,1.0,16,184,1.0,0.0,0.22,0.0,0.0,1.0,0,35659.0
19,9,334,0,0,1,1,0.0,0.0,1.0,0.0,0.0,7,49,1.0,0.0,0.14,0.0,0.0,0.0,0,92410.0
49,9,1066,337,0,1,1,0.0,0.0,1.0,0.0,0.0,46,143,0.8,0.07,0.01,0.0,0.0,0.0,0,51844.0
22,9,305,1204,0,1,10,0.0,0.0,1.0,0.0,0.0,22,255,1.0,0.0,0.06,0.0,0.0,0.0,0,33319.0
45,5,0,0,0,0,227,1.0,1.0,0.02,0.06,0.0,255,6,0.02,0.08,0.0,1.0,1.0,0.0,1,19905.0
45,5,0,0,0,0,247,1.0,1.0,0.05,0.06,0.0,255,3,0.01,0.08,0.0,1.0,1.0,0.0,1,121192.0
58,9,146,0,0,0,5,0.0,0.0,0.2,0.4,0.0,177,28,0.16,0.02,0.0,0.0,0.0,0.0,0,18250.0
45,5,0,0,0,0,131,1.0,1.0,0.03,0.07,0.0,255,6,0.02,0.06,0.0,1.0,1.0,0.0,1,119626.0
49,9,920,328,0,1,1,0.0,0.0,1.0,0.0,0.0,6,6,1.0,0.0,0.0,0.0,0.0,0.0,0,54055.0
59,5,0,0,0,0,134,1.0,1.0,0.07,0.06,0.0,255,15,0.06,0.06,0.0,1.0,1.0,0.0,1,6084.0
13,9,18,0,0,0,1,0.0,0.0,1.0,0.0,0.0,1,213,1.0,0.0,0.25,0.0,0.0,0.0,1,21353.0
22,9,319,388,0,1,4,0.0,0.0,1.0,0.0,0.0,122,255,1.0,0.0,0.02,0.01,0.0,0.0,0,15351.0
45,9,1,0,0,0,64,0.0,0.0,0.28,0.08,0.0,255,41,0.16,0.22,0.0,0.0,0.0,0.0,1,84247.0
43,9,38,130,0,1,1,0.0,0.0,1.0,0.0,0.0,73,6,0.03,0.08,0.33,0.0,0.0,0.0,0,63905.0
45,5,0,0,0,0,73,1.0,1.0,0.19,0.07,0.0,223,14,0.06,0.06,0.0,1.0,1.0,0.0,1,96127.0
45,1,0,0,0,0,213,0.09,0.0,0.0,1.0,0.0,255,1,0.0,0.93,0.0,0.07,0.0,1.0,1,95734.0
45,1,0,0,0,0,1,0.0,0.0,1.0,0.0,0.0,43,1,0.02,1.0,0.0,0.0,0.0,1.0,1,82824.0
34,5,0,0,0,0,118,1.0,1.0,0.03,0.07,0.0,255,3,0.01,0.08,0.0,1.0,1.0,0.0,1,87809.0
24,5,0,0,0,0,290,1.0,1.0,0.08,0.05,0.0,255,23,0.09,0.05,0.0,1.0,1.0,0.0,1,6155.0
19,9,12324,0,0,0,1,0.0,0.0,1.0,0.0,1.0,83,75,0.28,0.05,0.04,0.0,0.0,0.0,0,40633.0
55,9,2628,195153,0,1,1,0.0,0.0,1.0,0.0,0.0,255,24,0.09,0.06,0.0,0.76,0.62,0.08,0,115607.0
45,1,0,0,0,0,141,0.0,0.0,0.08,0.06,0.0,66,11,0.17,0.09,0.0,0.0,0.0,1.0,1,40114.0
10,5,0,0,0,0,250,1.0,1.0,0.04,0.06,0.0,255,10,0.04,0.07,0.0,1.0,1.0,0.0,1,60877.0
22,5,0,0,0,0,277,1.0,1.0,0.02,0.06,0.0,255,4,0.02,0.06,0.0,1.0,1.0,0.0,1,85819.0
22,1,0,0,0,0,511,0.0,0.0,0.0,0.0,0.0,238,200,0.84,0.01,0.0,0.0,0.0,1.0,1,8669.0
11,9,40,40,0,0,2,0.0,0.0,1.0,0.0,0.33,157,153,0.97,0.02,0.0,0.0,0.0,0.0,0,19563.0
45,9,1,0,0,0,58,0.0,0.0,0.53,0.07,0.0,255,96,0.38,0.06,0.0,0.0,0.0,0.0,1,23164.0
51,5,0,0,0,0,9,1.0,1.0,0.44,0.33,0.0,255,4,0.02,0.09,0.0,1.0,1.0,0.0,1,23665.0
22,9,288,7367,0,1,12,0.0,0.0,1.0,0.0,0.21,45,255,1.0,0.0,0.02,0.0,0.01,0.0,0,6352.0
22,9,201,911,0,1,11,0.0,0.0,1.0,0.0,0.12,199,255,1.0,0.0,0.01,0.0,0.0,0.0,0,95261.0
26,5,0,0,0,0,9,1.0,1.0,0.44,0.22,0.0,255,9,0.04,0.07,0.0,1.0,1.0,0.0,1,69059.0
22,9,320,608,0,1,3,0.0,0.0,1.0,0.0,0.0,255,255,1.0,0.0,0.0,0.0,0.0,0.0,0,96395.0
22,9,339,2477,0,1,17,0.0,0.0,1.0,0.0,0.16,255,255,1.0,0.0,0.0,0.0,0.0,0.0,0,94845.0
27,5,0,0,0,0,120,1.0,1.0,0.08,0.06,0.0,255,10,0.04,0.05,0.0,1.0,1.0,0.0,1,18200.0
45,5,0,0,0,0,82,1.0,1.0,0.02,0.06,0.0,255,20,0.08,0.06,0.0,1.0,1.0,0.0,1,110356.0
45,5,0,0,0,0,140,0.99,1.0,0.07,0.06,0.0,255,18,0.07,0.06,0.0,1.0,1.0,0.0,1,74223.0
22,1,0,0,0,0,1,0.0,0.0,1.0,0.0,0.0,41,255,1.0,0.0,0.09,0.0,0.0,0.99,0,48439.0
49,9,1446,387,0,1,1,0.0,0.0,1.0,0.0,0.0,255,38,0.15,0.06,0.0,0.69,0.0,0.0,0,29268.0
49,9,1193,328,0,1,1,0.0,0.0,1.0,0.0,1.0,210,129,0.61,0.02,0.0,0.0,0.0,0.0,0,49059.0
11,9,44,79,0,0,239,0.0,0.0,1.0,0.0,0.01,255,219,0.86,0.01,0.0,0.0,0.0,0.0,0,31550.0
27,5,0,0,0,0,131,1.0,1.0,0.02,0.06,0.0,255,2,0.01,0.06,0.0,1.0,1.0,0.0,1,53372.0
53,5,0,0,0,0,210,1.0,1.0,0.1,0.06,0.0,255,19,0.07,0.07,0.0,1.0,1.0,0.0,1,118695.0
45,5,0,0,0,0,209,1.0,1.0,0.04,0.06,0.0,255,4,0.02,0.09,0.0,1.0,1.0,0.0,1,99465.0
22,9,232,534,0,1,11,0.0,0.0,1.0,0.0,0.29,14,54,1.0,0.0,0.13,0.0,0.0,0.0,0,78711.0
5,5,0,0,0,0,115,1.0,1.0,0.17,0.05,0.0,255,20,0.08,0.06,0.0,1.0,1.0,0.0,1,32480.0
15,5,0,0,0,0,112,1.0,1.0,0.16,0.05,0.0,255,8,0.03,0.06,0.0,1.0,1.0,0.0,1,32575.0
22,9,245,6312,0,1,8,0.0,0.0,1.0,0.0,0.0,73,255,1.0,0.0,0.02,0.0,0.0,0.0,0,2964.0
45,9,1,0,0,0,26,0.0,0.0,0.54,0.08,0.0,255,59,0.23,0.18,0.0,0.0,0.0,0.0,1,97157.0
49,5,0,0,0,0,185,1.0,1.0,0.01,0.07,0.0,255,1,0.0,0.07,0.0,1.0,1.0,0.0,1,108295.0
22,9,338,7473,0,1,5,0.0,0.0,1.0,0.0,0.0,11,255,1.0,0.0,0.04,0.0,0.0,0.0,0,112515.0
49,9,1098,328,0,1,1,0.0,0.0,1.0,0.0,1.0,12,142,0.92,0.17,0.02,0.0,0.04,0.01,0,29662.0
22,9,347,272,0,1,5,0.0,0.0,1.0,0.0,0.0,255,255,1.0,0.0,0.0,0.0,0.0,0.0,0,51982.0
22,9,307,760,0,1,1,0.0,0.0,1.0,0.0,0.25,5,255,1.0,0.0,0.03,0.0,0.0,0.0,0,4463.0
49,5,0,0,0,0,2,0.5,0.5,1.0,0.0,0.0,31,132,0.84,0.13,0.02,0.03,0.01,0.0,0,42748.0
22,9,235,12152,0,1,8,0.0,0.0,1.0,0.0,0.22,52,255,1.0,0.0,0.04,0.0,0.0,0.0,0,119910.0
22,9,54540,8314,0,1,4,0.0,0.0,1.0,0.0,0.0,4,4,1.0,0.0,0.0,0.0,0.0,0.25,0,38902.0
19,9,334,0,0,1,1,0.0,0.0,1.0,0.0,0.0,255,83,0.33,0.07,0.0,0.02,0.05,0.0,0,95646.0
13,9,8,0,0,0,1,0.0,0.0,1.0,0.0,1.0,1,135,1.0,0.0,0.5,0.0,0.0,0.0,1,30617.0
11,9,45,138,0,0,5,0.0,0.0,1.0,0.0,0.01,63,200,0.76,0.03,0.01,0.0,0.0,0.0,0,90923.0
37,5,0,0,0,0,121,1.0,1.0,0.09,0.06,0.0,255,11,0.04,0.05,0.0,1.0,1.0,0.0,1,33801.0
45,4,1,0,0,0,2,0.0,0.0,1.0,0.0,0.0,255,2,0.01,0.5,0.0,0.0,0.0,1.0,1,59279.0
22,9,0,1371,0,0,4,0.25,0.25,1.0,0.0,0.0,69,255,1.0,0.0,0.03,0.03,0.01,0.0,0,27880.0
48,5,0,0,0,0,136,1.0,1.0,0.09,0.05,0.0,255,12,0.05,0.05,0.0,1.0,1.0,0.0,1,38119.0
22,9,295,1155,0,1,22,0.0,0.0,1.0,0.0,0.16,250,255,1.0,0.0,0.01,0.0,0.0,0.0,0,96106.0
14,9,1032,0,0,0,510,0.0,0.0,1.0,0.0,0.0,255,85,0.33,0.2,0.0,0.0,0.0,0.0,1,38707.0
53,5,0,0,0,0,206,1.0,1.0,0.07,0.08,0.0,255,14,0.05,0.07,0.0,1.0,1.0,0.0,1,76654.0
3,1,0,0,0,0,1,0.0,0.0,1.0,0.0,0.0,41,3,0.07,0.12,0.0,0.05,0.0,1.0,0,58260.0
19,9,334,0,0,1,1,0.0,0.0,1.0,0.0,0.0,3,31,1.0,0.0,0.13,0.0,0.0,0.0,0,11901.0
19,9,334,0,0,1,2,0.0,0.0,1.0,0.0,0.0,2,10,1.0,0.0,0.3,0.0,0.0,0.0,0,116124.0
49,9,1111,327,0,1,1,0.0,0.0,1.0,0.0,0.0,97,62,0.64,0.03,0.0,0.0,0.0,0.0,0,32023.0
22,9,295,1547,0,1,8,0.0,0.0,1.0,0.0,0.0,9,255,1.0,0.0,0.03,0.0,0.0,0.0,0,10993.0
13,9,8,0,0,0,1,0.0,0.0,1.0,0.0,1.0,2,66,1.0,0.0,0.5,0.0,0.0,0.0,1,42709.0
55,5,0,0,0,0,20,1.0,1.0,1.0,0.0,0.0,142,82,0.58,0.01,0.0,0.99,0.98,0.0,1,109343.0
22,9,242,739,0,1,7,0.0,0.0,1.0,0.0,0.22,165,255,1.0,0.0,0.02,0.0,0.0,0.01,0,54083.0
11,9,43,126,0,0,71,0.0,0.0,1.0,0.0,0.01,255,254,1.0,0.01,0.0,0.0,0.0,0.0,0,33965.0
45,1,0,0,0,0,46,0.15,0.0,0.02,1.0,0.0,255,1,0.0,0.48,0.0,0.03,0.0,1.0,1,110928.0
22,9,310,3222,0,1,2,0.0,0.0,1.0,0.0,0.0,255,246,0.96,0.01,0.0,0.0,0.0,0.0,0,64599.0
45,5,0,0,0,0,118,1.0,1.0,0.12,0.05,0.0,255,14,0.05,0.04,0.0,1.0,1.0,0.0,1,61010.0
49,9,787,334,0,1,1,0.0,0.0,1.0,0.0,0.0,178,167,0.61,0.03,0.01,0.01,0.01,0.0,0,33026.0
11,9,46,78,0,0,125,0.0,0.0,1.0,0.0,0.0,255,255,1.0,0.0,0.0,0.0,0.0,0.0,0,100312.0
11,9,44,44,0,0,4,0.0,0.0,0.5,0.5,0.29,126,121,0.96,0.02,0.0,0.0,0.0,0.0,0,32566.0
22,9,346,6529,0,1,1,0.0,0.0,1.0,0.0,0.28,6,255,1.0,0.0,0.04,0.0,0.0,0.0,0,98478.0
18,5,0,0,0,0,234,1.0,1.0,0.02,0.06,0.0,255,4,0.02,0.06,0.0,1.0,1.0,0.0,1,7918.0
22,9,256,2148,0,1,1,0.0,0.0,1.0,0.0,0.0,255,254,1.0,0.01,0.0,0.0,0.0,0.0,0,124316.0
45,5,0,0,0,0,136,1.0,1.0,0.07,0.06,0.0,255,17,0.07,0.07,0.0,1.0,1.0,0.0,1,54665.0
45,5,0,0,0,0,234,1.0,1.0,0.01,0.07,0.0,255,3,0.01,0.06,0.0,1.0,1.0,0.0,1,115199.0
22,9,315,1618,0,1,13,0.0,0.0,1.0,0.0,0.0,43,255,1.0,0.0,0.02,0.0,0.0,0.01,0,88799.0
22,9,217,6464,0,1,3,0.0,0.0,1.0,0.0,0.0,3,255,1.0,0.0,0.04,0.0,0.0,0.0,0,10128.0
62,5,0,0,0,0,275,1.0,1.0,0.03,0.06,0.0,255,8,0.03,0.07,0.0,1.0,1.0,0.0,1,72823.0
60,1,0,0,0,0,246,0.0,0.0,0.08,0.07,0.0,255,20,0.08,0.07,0.0,0.0,0.0,1.0,1,120.0
22,5,0,0,0,0,7,1.0,1.0,0.57,0.43,0.0,255,66,0.26,0.02,0.0,1.0,1.0,0.0,1,92061.0
8,5,0,0,0,0,298,1.0,1.0,0.05,0.06,0.0,255,16,0.06,0.07,0.0,1.0,1.0,0.0,1,76886.0
45,5,0,0,0,0,258,1.0,1.0,0.05,0.05,0.0,255,8,0.03,0.08,0.0,1.0,1.0,0.0,1,52554.0
19,9,7077,0,0,1,7,0.0,0.0,1.0,0.0,0.0,176,79,0.45,0.02,0.0,0.0,0.0,0.0,0,116398.0
7,1,0,0,0,0,257,0.0,0.0,0.05,0.07,0.0,255,14,0.05,0.07,0.0,0.0,0.0,1.0,1,109910.0
45,5,0,0,0,0,120,1.0,1.0,0.12,0.06,0.0,255,29,0.11,0.06,0.0,1.0,1.0,0.0,1,91248.0
19,9,334,0,0,1,1,0.0,0.0,1.0,0.0,0.0,11,21,1.0,0.0,0.14,0.0,0.0,0.0,0,4969.0
11,9,44,115,0,0,108,0.0,0.0,1.0,0.0,0.02,255,253,0.99,0.01,0.0,0.0,0.0,0.0,0,37059.0
4,5,0,0,0,0,203,1.0,1.0,0.07,0.06,0.0,255,14,0.05,0.06,0.0,1.0,1.0,0.0,1,6678.0
49,9,11322,1362,0,1,1,0.0,0.0,1.0,0.0,0.0,254,93,0.37,0.03,0.0,0.0,0.0,0.0,0,61770.0
45,5,0,0,0,0,118,1.0,1.0,0.14,0.06,0.0,148,4,0.03,0.11,0.0,1.0,1.0,0.0,1,5141.0
22,9,304,651,0,1,3,0.0,0.0,1.0,0.0,0.43,147,255,1.0,0.0,0.01,0.0,0.0,0.0,0,11743.0
55,9,573,293300,0,1,1,0.0,0.0,1.0,0.0,0.0,114,14,0.11,0.04,0.14,0.0,0.0,0.0,0,12596.0
22,9,319,9569,0,1,4,0.0,0.0,1.0,0.0,0.0,4,255,1.0,0.0,0.04,0.0,0.0,0.0,0,24269.0
22,9,237,398,0,1,21,0.0,0.0,1.0,0.0,0.08,255,255,1.0,0.0,0.0,0.0,0.0,0.0,0,44027.0
14,9,1032,0,0,0,509,0.0,0.0,1.0,0.0,0.0,255,163,0.64,0.16,0.0,0.0,0.0,0.0,1,46385.0
45,5,0,0,0,0,118,1.0,1.0,0.06,0.07,0.0,255,6,0.02,0.07,0.0,1.0,1.0,0.0,1,67088.0
45,4,0,0,0,0,1,0.0,0.0,1.0,0.0,0.0,252,1,0.0,0.61,0.0,0.0,0.0,1.0,1,87283.0
22,9,204,525,0,1,1,0.0,0.0,1.0,0.0,0.0,81,255,1.0,0.0,0.04,0.0,0.0,0.0,0,28429.0
22,1,0,0,0,0,1,0.0,0.0,1.0,0.0,0.0,1,181,1.0,0.0,0.18,0.0,0.0,1.0,0,63534.0
14,9,1032,0,0,0,511,0.0,0.0,1.0,0.0,0.0,143,49,0.34,0.05,0.0,0.01,0.0,0.0,1,61327.0
22,9,233,834,0,1,38,0.0,0.0,1.0,0.0,0.0,162,255,1.0,0.0,0.01,0.0,0.0,0.05,0,35944.0
22,9,191,330,0,1,8,0.0,0.0,1.0,0.0,0.0,16,255,1.0,0.0,0.04,0.0,0.0,0.0,0,16551.0
45,4,0,0,0,0,1,0.0,0.0,1.0,0.0,0.0,255,1,0.0,0.33,0.0,0.0,0.0,1.0,1,118636.0
22,9,296,275,0,1,21,0.0,0.0,1.0,0.0,0.09,79,255,1.0,0.0,0.03,0.0,0.0,0.0,0,10114.0
45,5,0,0,0,0,120,1.0,1.0,0.12,0.06,0.0,255,1,0.0,0.08,0.0,1.0,1.0,0.0,1,117351.0
19,9,11,0,0,1,3,0.0,0.0,0.67,0.67,0.0,136,71,0.28,0.03,0.03,0.0,0.0,0.0,0,31425.0
22,9,309,2268,0,1,16,0.0,0.0,1.0,0.0,0.0,255,255,1.0,0.0,0.0,0.0,0.0,0.0,0,34124.0
40,9,146,105,0,0,2,0.0,0.0,1.0,0.0,0.0,255,2,0.01,0.85,0.0,0.0,0.0,0.0,0,69427.0
25,1,0,0,0,0,234,0.0,0.0,0.06,0.07,0.0,255,14,0.05,0.09,0.0,0.0,0.0,1.0,1,40305.0
22,9,225,4359,0,1,11,0.0,0.0,1.0,0.0,0.0,255,255,1.0,0.0,0.0,0.0,0.0,0.02,0,48521.0
61,5,0,0,0,0,262,1.0,1.0,0.07,0.05,0.0,255,18,0.07,0.05,0.0,1.0,1.0,0.0,1,106564.0
45,5,0,0,0,0,110,1.0,1.0,0.05,0.07,0.0,255,14,0.05,0.07,0.0,1.0,1.0,0.0,1,21462.0
59,5,0,0,0,0,64,1.0,1.0,0.2,0.06,0.0,255,13,0.05,0.04,0.0,1.0,1.0,0.0,1,37450.0
22,9,54540,8314,0,1,3,0.0,0.0,1.0,0.0,0.0,255,255,1.0,0.0,0.0,0.0,0.0,0.02,0,70400.0
22,9,198,6055,0,1,3,0.0,0.0,1.0,0.0,0.0,91,255,1.0,0.0,0.01,0.0,0.0,0.0,0,18792.0
22,9,281,10352,0,1,11,0.0,0.0,1.0,0.0,0.0,45,255,1.0,0.0,0.07,0.0,0.0,0.0,0,17921.0
21,1,0,0,0,0,264,0.0,0.0,0.05,0.06,0.0,255,14,0.05,0.07,0.0,0.0,0.0,1.0,1,4996.0
22,9,194,1425,0,1,10,0.0,0.0,1.0,0.0,0.0,31,255,1.0,0.0,0.04,0.0,0.0,0.0,0,36412.0
22,9,294,503,0,1,9,0.0,0.0,1.0,0.0,0.0,181,255,1.0,0.0,0.02,0.0,0.0,0.0,0,101598.0
28,1,0,0,0,0,139,0.0,0.0,0.12,0.06,0.0,255,17,0.07,0.06,0.0,0.0,0.0,1.0,1,81738.0
11,9,42,75,0,0,57,0.0,0.0,1.0,0.0,0.03,255,254,1.0,0.01,0.0,0.0,0.0,0.0,0,86829.0
45,4,1,0,0,0,2,0.0,0.0,1.0,0.0,0.0,255,2,0.01,0.47,0.0,0.0,0.0,1.0,1,38073.0
17,5,0,0,0,0,50,1.0,1.0,0.3,0.08,0.0,255,55,0.22,0.03,0.0,1.0,1.0,0.0,1,4913.0
14,9,1032,0,0,0,510,0.0,0.0,1.0,0.0,0.0,255,115,0.45,0.08,0.0,0.0,0.0,0.0,1,10237.0
45,5,0,0,0,0,225,1.0,1.0,0.09,0.06,0.0,255,20,0.08,0.08,0.0,1.0,1.0,0.0,1,60017.0
22,9,323,2616,0,1,7,0.0,0.0,1.0,0.0,0.0,23,255,1.0,0.0,0.03,0.0,0.0,0.0,0,78915.0
40,9,88382,0,0,0,13,0.08,0.0,0.08,0.62,0.0,252,1,0.0,0.04,0.0,0.0,0.0,0.0,0,61212.0
49,9,667,325,0,1,1,0.0,0.0,1.0,0.0,1.0,231,121,0.51,0.06,0.02,0.02,0.02,0.0,0,76063.0
22,9,264,482,0,1,10,0.0,0.0,1.0,0.0,0.0,255,255,1.0,0.0,0.0,0.0,0.0,0.0,0,49686.0
45,5,0,0,0,0,103,1.0,1.0,0.07,0.06,0.0,255,18,0.07,0.05,0.0,1.0,1.0,0.0,1,72560.0
31,5,0,0,0,0,34,1.0,1.0,0.15,0.15,0.0,255,12,0.05,0.07,0.0,1.0,1.0,0.0,1,111290.0
12,5,0,0,0,0,62,1.0,1.0,0.16,0.1,0.0,255,10,0.04,0.07,0.0,1.0,1.0,0.0,1,89953.0
45,5,0,0,0,0,136,1.0,1.0,0.07,0.06,0.0,255,11,0.04,0.08,0.0,1.0,1.0,0.0,1,113954.0
49,2,0,0,0,0,1,0.0,0.0,1.0,0.0,1.0,255,16,0.06,0.02,0.0,0.0,0.0,0.12,0,116743.0
17,9,10,272,0,0,1,0.0,0.0,1.0,0.0,0.0,158,11,0.07,0.04,0.0,0.0,0.0,0.0,0,26938.0
13,9,8,0,0,0,1,0.0,0.0,1.0,0.0,1.0,3,47,1.0,0.0,0.26,0.0,0.0,0.0,1,21936.0
22,9,214,4723,0,1,12,0.0,0.0,1.0,0.0,0.0,38,255,1.0,0.0,0.04,0.0,0.0,0.0,0,52231.0
22,9,300,748,0,1,3,0.0,0.0,1.0,0.0,0.0,255,255,1.0,0.0,0.0,0.0,0.0,0.0,0,38578.0
19,9,88382,0,0,0,14,0.0,0.0,1.0,0.0,0.0,125,96,0.59,0.02,0.02,0.0,0.0,0.0,0,47789.0
40,9,146,0,0,0,1,0.0,0.0,1.0,0.0,0.0,255,2,0.01,0.86,0.0,0.0,0.0,0.0,0,32236.0
19,1,0,0,0,0,468,0.07,0.0,0.03,0.97,0.0,255,13,0.05,0.95,0.0,0.08,0.0,1.0,1,9795.0
22,9,300,356,0,1,20,0.0,0.0,1.0,0.0,0.0,255,255,1.0,0.0,0.0,0.0,0.0,0.0,0,17065.0
19,9,12,0,0,1,2,0.0,0.0,1.0,0.0,0.0,52,58,0.19,0.08,0.03,0.0,0.0,0.0,0,63662.0
22,9,242,265,0,1,8,0.0,0.03,1.0,0.0,0.12,201,189,0.94,0.01,0.0,0.0,0.0,0.0,0,36834.0
22,9,330,277,0,1,4,0.0,0.0,1.0,0.0,0.0,255,229,0.9,0.01,0.0,0.0,0.0,0.0,0,102306.0
22,9,243,458,0,1,5,0.0,0.0,1.0,0.0,0.0,65,65,1.0,0.0,0.0,0.0,0.0,0.0,0,45664.0
19,9,2056,0,0,0,5,0.0,0.0,1.0,0.0,0.0,255,102,0.4,0.02,0.0,0.0,0.0,0.0,0,67492.0
13,9,8,0,0,0,1,0.0,0.0,1.0,0.0,1.0,3,63,1.0,0.0,0.25,0.0,0.0,0.0,1,6495.0
45,5,0,0,0,0,205,1.0,1.0,0.04,0.05,0.0,255,4,0.02,0.07,0.0,1.0,1.0,0.0,1,50549.0
22,9,243,2595,0,1,1,0.0,0.0,1.0,0.0,0.0,31,255,1.0,0.0,0.02,0.03,0.0,0.0,0,3668.0
11,9,45,45,0,0,160,0.0,0.0,1.0,0.0,0.02,255,255,1.0,0.0,0.0,0.0,0.0,0.0,0,16750.0
45,4,0,0,0,0,1,0.0,0.0,1.0,0.0,0.0,255,1,0.0,0.69,0.0,0.0,0.0,1.0,1,78022.0
40,9,145,105,0,0,2,0.0,0.0,1.0,0.0,0.0,255,2,0.01,0.62,0.0,0.0,0.0,0.0,0,76445.0
22,9,461,5029,0,1,14,0.0,0.0,1.0,0.0,0.21,255,255,1.0,0.0,0.0,0.0,0.0,0.0,0,98052.0
11,9,43,43,0,0,161,0.0,0.0,1.0,0.0,0.0,255,255,1.0,0.0,0.0,0.0,0.0,0.0,0,14359.0
22,9,211,356,0,1,18,0.0,0.0,1.0,0.0,0.11,163,255,1.0,0.0,0.01,0.0,0.0,0.0,0,67964.0
22,9,289,1900,0,1,7,0.0,0.0,1.0,0.0,0.0,7,255,1.0,0.0,0.04,0.0,0.0,0.0,0,111443.0
21,5,0,0,0,0,204,1.0,1.0,0.09,0.07,0.0,255,18,0.07,0.07,0.0,1.0,1.0,0.0,1,98713.0
58,9,182,0,0,0,6,0.0,0.0,1.0,0.0,0.0,255,16,0.06,0.01,0.0,0.0,0.0,0.0,0,35370.0
49,9,1018,335,0,1,1,0.0,0.0,1.0,0.0,1.0,106,181,0.74,0.04,0.01,0.0,0.0,0.0,0,83103.0
22,9,297,3410,0,1,34,0.0,0.0,1.0,0.0,0.0,255,255,1.0,0.0,0.0,0.0,0.0,0.0,0,31502.0
49,9,1700,441,0,1,1,0.0,0.0,1.0,0.0,0.0,255,84,0.33,0.05,0.0,0.31,0.0,0.0,0,21797.0
19,5,0,0,0,0,71,1.0,1.0,0.25,0.06,0.0,255,69,0.27,0.02,0.0,1.0,1.0,0.0,1,6906.0
11,9,42,73,0,0,146,0.0,0.0,0.99,0.01,0.0,255,254,1.0,0.01,0.0,0.0,0.0,0.0,0,35222.0
37,1,0,0,0,0,113,0.0,0.0,0.11,0.06,0.0,255,12,0.05,0.06,0.0,0.0,0.0,1.0,1,70314.0
18,5,0,0,0,0,288,1.0,1.0,0.02,0.06,0.0,255,5,0.02,0.07,0.0,1.0,1.0,0.0,1,37836.0
45,5,0,0,0,0,38,1.0,1.0,0.34,0.13,0.0,255,13,0.05,0.09,0.0,1.0,1.0,0.0,1,58721.0
49,9,1492,329,0,1,1,0.0,0.0,1.0,0.0,1.0,52,121,0.31,0.08,0.02,0.0,0.0,0.0,0,19340.0
45,5,0,0,0,0,74,1.0,1.0,0.23,0.05,0.0,255,1,0.0,0.06,0.0,1.0,1.0,0.0,1,51355.0
26,5,0,0,0,0,101,1.0,1.0,0.15,0.06,0.0,255,17,0.07,0.07,0.0,1.0,1.0,0.0,1,100552.0
22,9,191,16526,0,1,2,0.0,0.0,1.0,0.0,0.09,34,255,1.0,0.0,0.05,0.0,0.0,0.0,0,102596.0
22,9,332,5223,0,1,22,0.0,0.0,1.0,0.0,0.07,106,255,1.0,0.0,0.03,0.0,0.0,0.0,0,49771.0
61,5,0,0,0,0,245,1.0,1.0,0.04,0.06,0.0,255,4,0.02,0.07,0.0,1.0,1.0,0.0,1,11162.0
22,9,244,994,0,1,5,0.0,0.0,1.0,0.0,0.38,169,255,1.0,0.0,0.02,0.0,0.0,0.0,0,15719.0
22,9,310,8502,0,1,2,0.0,0.0,1.0,0.0,0.0,255,255,1.0,0.0,0.0,0.0,0.0,0.0,0,3418.0
19,9,10272,0,0,1,11,0.0,0.0,1.0,0.0,0.0,94,86,0.45,0.04,0.02,0.0,0.0,0.0,0,91019.0
40,9,147,105,0,0,5,0.0,0.0,0.2,0.6,0.0,255,1,0.0,0.53,0.0,0.0,0.0,0.0,0,74613.0
19,9,245,0,0,1,2,0.0,0.0,1.0,0.0,0.0,77,15,0.03,0.08,0.13,0.0,0.0,0.0,0,8859.0
54,5,0,0,0,0,296,1.0,1.0,0.06,0.05,0.0,255,18,0.07,0.07,0.0,1.0,1.0,0.0,1,91512.0
8,2,0,0,0,0,275,0.0,0.0,0.07,0.06,0.0,255,18,0.07,0.06,0.0,0.0,0.0,1.0,1,80193.0
22,9,322,4083,0,1,20,0.0,0.0,1.0,0.0,0.1,255,255,1.0,0.0,0.0,0.0,0.0,0.0,0,90855.0
3,5,0,0,0,0,246,1.0,1.0,0.04,0.07,0.0,255,11,0.04,0.07,0.0,1.0,1.0,0.0,1,117492.0
22,9,309,1030,0,1,18,0.0,0.0,1.0,0.0,0.0,18,255,1.0,0.0,0.05,0.0,0.0,0.0,0,49944.0
13,9,8,0,0,0,1,0.0,0.0,1.0,0.0,1.0,1,9,1.0,0.0,0.56,0.0,0.0,0.0,1,74226.0
23,5,0,0,0,0,129,1.0,1.0,0.01,0.06,0.0,255,1,0.0,0.06,0.0,1.0,1.0,0.0,1,73457.0
22,2,0,0,0,1,2,0.0,0.0,1.0,0.0,0.0,2,255,1.0,0.0,0.04,0.0,0.02,0.0,0,91782.0
49,9,812,327,0,1,1,0.0,0.0,1.0,0.0,1.0,124,115,0.42,0.06,0.02,0.0,0.0,0.0,0,116300.0
56,9,0,4,0,0,1,0.0,0.0,1.0,0.0,0.0,24,24,1.0,0.0,0.0,0.0,0.0,0.0,0,16809.0
11,9,45,138,0,0,64,0.0,0.0,0.98,0.03,0.01,255,236,0.93,0.01,0.0,0.0,0.0,0.0,0,85225.0
22,9,344,4438,0,1,17,0.0,0.0,1.0,0.0,0.07,43,255,1.0,0.0,0.02,0.0,0.0,0.01,0,47596.0
22,9,198,256,0,1,9,0.0,0.0,1.0,0.0,0.0,9,255,1.0,0.0,0.06,0.0,0.0,0.0,0,20570.0
5,5,0,0,0,0,126,1.0,1.0,0.03,0.07,0.0,255,4,0.02,0.06,0.0,1.0,1.0,0.0,1,106853.0
56,2,0,0,0,0,2,0.0,0.0,0.5,1.0,0.0,255,1,0.0,1.0,0.0,0.0,0.0,1.0,1,90622.0
22,9,325,1964,0,1,38,0.0,0.0,1.0,0.0,0.0,38,255,1.0,0.0,0.02,0.0,0.0,0.0,0,16957.0
45,1,0,0,0,0,1,0.0,0.0,1.0,0.0,0.0,21,2,0.05,1.0,1.0,0.0,0.0,1.0,1,94660.0
58,9,78,0,0,0,11,0.0,0.0,0.18,0.18,0.4,255,10,0.04,0.01,0.0,0.0,0.0,0.0,0,86653.0
45,5,0,0,0,0,290,1.0,1.0,0.01,0.05,0.0,255,4,0.02,0.05,0.0,1.0,1.0,0.0,1,71566.0
22,9,314,1456,0,1,5,0.0,0.0,1.0,0.0,0.25,255,255,1.0,0.0,0.0,0.0,0.0,0.0,0,45756.0
45,9,28,0,3,0,36,0.0,0.0,1.0,0.0,0.0,108,36,0.33,0.04,0.0,0.0,0.0,0.0,1,64601.0
22,9,338,278,0,1,2,0.0,0.0,1.0,0.0,0.0,255,251,0.98,0.02,0.0,0.0,0.0,0.0,0,30007.0
13,9,8,0,0,0,1,0.0,0.0,1.0,0.0,1.0,1,81,1.0,0.0,0.51,0.0,0.0,0.0,1,115983.0
22,9,328,1263,0,1,2,0.0,0.0,1.0,0.0,0.67,255,255,1.0,0.0,0.0,0.0,0.0,0.0,0,37817.0
45,5,0,0,0,0,282,1.0,1.0,0.07,0.06,0.0,255,3,0.01,0.07,0.0,1.0,1.0,0.0,1,70336.0
45,5,0,0,0,0,141,1.0,1.0,0.09,0.06,0.0,255,30,0.12,0.06,0.0,1.0,1.0,0.0,1,59236.0
19,9,4892,0,0,1,14,0.0,0.0,1.0,0.0,0.0,255,81,0.32,0.02,0.0,0.0,0.0,0.0,0,62306.0
49,9,669,334,0,1,1,0.0,0.0,1.0,0.0,1.0,27,156,0.56,0.11,0.01,0.0,0.0,0.0,0,124650.0
11,9,42,128,0,0,137,0.0,0.0,1.0,0.0,0.0,255,254,1.0,0.01,0.0,0.0,0.0,0.0,0,100724.0
45,1,0,0,0,0,488,0.06,0.0,0.0,1.0,0.0,255,1,0.0,1.0,0.0,0.08,0.0,1.0,1,117637.0
26,5,0,0,0,0,44,1.0,1.0,0.18,0.07,0.0,255,8,0.03,0.05,0.0,1.0,1.0,0.0,1,32915.0
22,9,216,693,0,1,5,0.0,0.0,1.0,0.0,0.29,5,255,1.0,0.0,0.03,0.0,0.0,0.0,0,2223.0
17,9,8,223,0,0,1,0.0,0.0,1.0,0.0,0.0,85,12,0.06,0.02,0.25,0.01,0.0,0.0,0,20226.0
45,5,0,0,0,0,160,1.0,1.0,0.12,0.07,0.0,255,11,0.04,0.07,0.0,1.0,1.0,0.0,1,72886.0
2,5,0,0,0,0,102,1.0,1.0,0.11,0.05,0.0,255,11,0.04,0.05,0.0,1.0,1.0,0.0,1,4844.0
14,9,1032,0,0,0,511,0.0,0.0,1.0,0.0,0.0,255,163,0.64,0.02,0.0,0.0,0.0,0.0,1,44432.0
22,9,289,4080,0,1,7,0.0,0.0,1.0,0.0,0.33,116,255,1.0,0.0,0.02,0.0,0.0,0.0,0,121276.0
4,1,0,0,0,0,110,0.0,0.0,0.18,0.06,0.0,255,17,0.07,0.07,0.0,0.0,0.0,1.0,1,83573.0
19,9,854,0,0,1,5,0.0,0.0,1.0,0.0,0.0,255,33,0.13,0.05,0.0,0.46,0.0,0.0,0,110008.0
24,5,0,0,0,0,281,1.0,1.0,0.05,0.06,0.0,255,13,0.05,0.08,0.0,1.0,1.0,0.0,1,83554.0
19,9,259,0,0,1,2,0.0,0.0,1.0,0.0,0.0,173,17,0.06,0.02,0.12,0.0,0.0,0.0,0,39851.0
49,9,886,339,0,1,1,0.0,0.0,1.0,0.0,0.0,95,143,0.32,0.06,0.01,0.0,0.01,0.0,0,96051.0
22,9,228,379,0,1,4,0.0,0.0,1.0,0.0,0.0,10,255,1.0,0.0,0.06,0.0,0.01,0.0,0,95226.0
22,1,0,0,0,0,1,0.0,0.0,1.0,0.0,1.0,21,255,1.0,0.0,0.1,0.0,0.0,0.8,0,22608.0
49,9,3697,330,0,1,1,0.0,0.0,1.0,0.0,1.0,114,96,0.84,0.04,0.0,0.0,0.0,0.02,0,101911.0
22,9,217,1042,0,1,24,0.0,0.0,1.0,0.0,0.0,255,255,1.0,0.0,0.0,0.0,0.0,0.0,0,12601.0
22,5,0,0,0,0,2,0.5,0.5,1.0,0.0,0.0,255,255,1.0,0.0,0.0,0.0,0.0,0.0,0,4310.0
13,9,18,0,0,0,1,0.0,0.0,1.0,0.0,0.0,4,156,1.0,0.0,0.25,0.0,0.0,0.0,1,6478.0
11,9,91,0,0,0,1,0.0,0.0,1.0,0.0,1.0,3,3,1.0,0.0,0.0,0.0,0.0,0.0,0,67795.0
28,5,0,0,0,0,235,1.0,1.0,0.04,0.06,0.0,255,9,0.04,0.06,0.0,1.0,1.0,0.0,1,115458.0
22,9,327,12991,0,1,4,0.0,0.0,1.0,0.0,0.0,255,255,1.0,0.0,0.0,0.0,0.0,0.0,0,68170.0
22,9,324,431,0,1,4,0.0,0.0,1.0,0.0,0.4,107,255,1.0,0.0,0.02,0.0,0.0,0.0,0,114.0
22,9,219,1109,0,1,4,0.0,0.0,1.0,0.0,0.0,4,255,1.0,0.0,0.06,0.0,0.0,0.0,0,7878.0
10,1,0,0,0,0,265,0.0,0.0,0.07,0.06,0.0,255,19,0.07,0.08,0.0,0.0,0.0,1.0,1,80723.0
45,1,0,0,0,0,114,0.01,0.0,0.01,1.0,0.0,239,1,0.0,0.51,0.0,0.0,0.0,1.0,1,22819.0
55,5,0,0,0,0,75,1.0,1.0,0.24,0.05,0.0,255,52,0.2,0.04,0.0,1.0,1.0,0.0,1,35076.0
19,5,0,0,0,0,21,1.0,1.0,0.05,0.1,0.0,255,1,0.0,0.07,0.0,1.0,1.0,0.0,1,24518.0
22,9,306,2072,0,1,7,0.0,0.0,1.0,0.0,0.0,149,255,1.0,0.0,0.04,0.0,0.0,0.0,0,15846.0
19,9,12165,0,0,0,2,0.0,0.0,1.0,0.0,0.0,234,84,0.36,0.01,0.0,0.0,0.0,0.0,0,93978.0
62,5,0,0,0,0,210,1.0,1.0,0.05,0.07,0.0,255,11,0.04,0.07,0.0,1.0,1.0,0.0,1,6499.0
37,5,0,0,0,0,120,1.0,1.0,0.16,0.08,0.0,255,19,0.07,0.06,0.0,1.0,1.0,0.0,1,94635.0
45,5,0,0,0,0,187,1.0,1.0,0.02,0.07,0.0,255,4,0.02,0.08,0.0,1.0,1.0,0.0,1,12552.0
11,9,45,81,0,0,133,0.0,0.0,0.99,0.02,0.0,255,254,1.0,0.01,0.0,0.0,0.0,0.0,0,87995.0
11,9,42,115,0,0,38,0.0,0.0,1.0,0.0,0.0,255,255,1.0,0.0,0.0,0.0,0.0,0.0,0,80022.0
19,9,334,0,0,1,2,0.0,0.0,1.0,0.0,0.0,4,8,1.0,0.0,0.38,0.0,0.0,0.0,0,94038.0
40,9,147,105,0,0,6,0.0,0.0,0.33,0.5,0.0,255,2,0.01,0.42,0.0,0.0,0.0,0.0,0,103465.0
49,9,703,329,0,1,1,0.0,0.0,1.0,0.0,1.0,170,136,0.52,0.04,0.01,0.0,0.0,0.0,0,91821.0
22,1,0,0,0,0,1,0.0,0.0,1.0,0.0,1.0,2,255,1.0,0.0,0.1,0.0,0.0,1.0,0,52222.0
24,5,0,0,0,0,268,1.0,1.0,0.04,0.06,0.0,255,17,0.07,0.06,0.0,1.0,1.0,0.0,1,23621.0
19,5,0,0,0,0,280,1.0,1.0,0.04,0.06,0.0,255,10,0.04,0.06,0.0,1.0,1.0,0.0,1,26039.0
49,9,1660,335,0,1,1,0.0,0.0,1.0,0.0,1.0,180,167,0.68,0.02,0.01,0.01,0.0,0.0,0,118857.0
55,6,725,114518,0,0,1,1.0,1.0,1.0,0.0,0.0,255,6,0.02,0.07,0.0,0.91,0.5,0.33,0,75862.0
22,9,275,782,0,1,9,0.0,0.0,1.0,0.0,0.15,255,255,1.0,0.0,0.0,0.0,0.0,0.0,0,16923.0
22,9,234,2445,0,1,16,0.0,0.0,1.0,0.0,0.0,255,255,1.0,0.0,0.0,0.0,0.0,0.0,0,92042.0
22,9,244,1416,0,1,3,0.0,0.0,1.0,0.0,0.0,255,255,1.0,0.0,0.0,0.0,0.0,0.0,0,37950.0
14,9,520,0,0,0,50,0.0,0.0,1.0,0.0,0.0,255,255,1.0,0.0,0.0,0.0,0.0,0.0,1,9619.0
5,1,0,0,0,0,144,0.0,0.0,0.1,0.06,0.0,255,15,0.06,0.06,0.0,0.0,0.0,1.0,1,124497.0
61,5,0,0,0,0,288,1.0,1.0,0.08,0.04,0.0,255,17,0.07,0.05,0.0,1.0,1.0,0.0,1,50040.0
22,5,0,0,0,0,139,1.0,1.0,0.07,0.06,0.0,255,4,0.02,0.07,0.0,1.0,1.0,0.0,1,42399.0
11,9,44,110,0,0,181,0.0,0.0,1.0,0.0,0.0,255,255,1.0,0.0,0.0,0.0,0.0,0.0,0,77301.0
40,4,1,0,0,0,2,0.0,0.0,1.0,0.0,0.0,255,2,0.01,0.68,0.0,0.0,0.0,1.0,1,102676.0
49,9,847,334,0,1,1,0.0,0.0,1.0,0.0,0.0,71,129,0.58,0.06,0.02,0.0,0.09,0.0,0,1859.0
40,9,1,0,0,0,7,0.0,0.0,0.14,0.57,0.0,255,1,0.0,0.2,0.0,0.0,0.0,0.0,1,42536.0
22,9,379,370,0,1,21,0.0,0.0,1.0,0.0,0.0,255,255,1.0,0.0,0.0,0.0,0.0,0.0,0,58395.0
22,9,226,396,0,1,18,0.0,0.0,1.0,0.0,0.0,255,255,1.0,0.0,0.0,0.0,0.0,0.0,0,77184.0
14,9,1032,0,0,0,510,0.0,0.0,1.0,0.0,0.0,255,7,0.03,0.18,0.0,0.0,0.0,0.0,1,37634.0
45,5,0,0,0,0,215,1.0,1.0,0.07,0.06,0.0,255,4,0.02,0.07,0.0,1.0,1.0,0.0,1,28555.0
45,5,0,0,0,0,239,1.0,1.0,0.04,0.06,0.0,255,11,0.04,0.07,0.0,1.0,1.0,0.0,1,62106.0
22,9,215,693,0,1,13,0.0,0.0,1.0,0.0,0.11,42,255,1.0,0.0,0.03,0.0,0.0,0.03,0,10589.0
22,9,299,4073,0,1,3,0.0,0.0,1.0,0.0,0.4,35,255,1.0,0.0,0.06,0.06,0.01,0.0,0,104951.0
55,9,475,14999,0,1,1,0.0,0.0,1.0,0.0,0.0,255,14,0.05,0.06,0.0,0.78,0.0,0.14,0,25874.0
22,9,298,1896,0,1,3,0.0,0.0,1.0,0.0,0.0,3,255,1.0,0.0,0.01,0.0,0.0,0.0,0,63284.0
19,9,2194619,0,0,1,2,0.0,0.0,1.0,0.0,0.0,255,74,0.29,0.02,0.0,0.0,0.0,0.0,0,125229.0
17,5,0,0,0,0,1,1.0,1.0,1.0,0.0,0.0,255,44,0.17,0.04,0.0,1.0,1.0,0.0,1,82500.0
22,9,310,255,0,1,9,0.0,0.0,1.0,0.0,0.0,47,156,1.0,0.0,0.04,0.0,0.0,0.0,0,1063.0
22,9,248,649,0,1,19,0.0,0.0,1.0,0.0,0.1,185,255,1.0,0.0,0.06,0.0,0.0,0.0,0,105392.0
19,9,334,0,0,1,1,0.0,0.0,1.0,0.0,0.0,1,11,1.0,0.0,0.45,0.0,0.0,0.0,0,78479.0
45,5,0,0,0,0,175,0.58,1.0,0.01,0.05,0.0,255,20,0.08,0.06,0.0,1.0,1.0,0.0,1,41394.0
22,9,295,16850,0,1,6,0.0,0.0,1.0,0.0,0.0,6,255,1.0,0.0,0.04,0.0,0.0,0.01,0,42851.0
22,9,281,15486,0,1,2,0.0,0.0,1.0,0.0,0.0,87,255,1.0,0.0,0.05,0.0,0.0,0.0,0,98584.0
22,9,210,887,0,1,8,0.0,0.0,1.0,0.0,0.0,8,255,1.0,0.0,0.05,0.0,0.0,0.0,0,98416.0
11,9,46,46,0,0,128,0.0,0.0,1.0,0.0,0.02,255,254,1.0,0.01,0.0,0.0,0.0,0.0,0,59350.0
3,9,9,37,0,1,2,0.0,0.0,0.5,1.0,0.0,78,7,0.09,0.06,0.0,0.0,0.0,0.0,0,95251.0
45,9,1,0,0,0,17,0.0,0.0,0.29,0.12,0.0,255,50,0.2,0.21,0.0,0.0,0.0,0.0,1,24828.0
22,9,235,309,0,1,7,0.14,0.14,1.0,0.0,0.0,6,255,1.0,0.0,0.04,0.0,0.0,0.0,0,84428.0
11,9,44,159,0,0,157,0.0,0.0,1.0,0.0,0.01,255,255,1.0,0.0,0.0,0.0,0.0,0.0,0,97046.0
13,9,18,0,0,0,1,0.0,0.0,1.0,0.0,0.0,4,220,1.0,0.0,0.25,0.0,0.0,0.0,1,83450.0
22,9,202,1385,0,1,28,0.0,0.0,1.0,0.0,0.07,28,255,1.0,0.0,0.03,0.0,0.0,0.0,0,29067.0
22,9,296,554,0,1,1,0.0,0.0,1.0,0.0,0.25,14,255,1.0,0.0,0.06,0.0,0.0,0.0,0,17349.0
22,9,226,10699,0,1,13,0.0,0.0,1.0,0.0,0.0,34,255,1.0,0.0,0.05,0.0,0.0,0.0,0,72545.0
62,5,0,0,0,0,209,1.0,1.0,0.1,0.05,0.0,255,21,0.08,0.05,0.0,1.0,1.0,0.0,1,81912.0
5,5,0,0,0,0,102,1.0,1.0,0.19,0.06,0.0,255,18,0.07,0.07,0.0,1.0,1.0,0.0,1,78877.0
20,5,0,0,0,0,211,1.0,1.0,0.07,0.06,0.0,255,16,0.06,0.07,0.0,1.0,1.0,0.0,1,45058.0
22,9,286,9967,0,1,6,0.0,0.0,1.0,0.0,0.07,103,255,1.0,0.0,0.04,0.0,0.0,0.0,0,113679.0
14,9,1032,0,0,0,371,0.0,0.0,1.0,0.0,0.0,255,255,1.0,0.0,0.0,0.0,0.0,0.0,1,54871.0
61,5,0,0,0,0,1,1.0,1.0,1.0,0.0,0.0,255,1,0.0,0.07,0.0,1.0,1.0,0.0,1,62297.0
22,9,307,7356,0,1,11,0.0,0.0,1.0,0.0,0.21,255,255,1.0,0.0,0.0,0.0,0.0,0.0,0,43463.0
8,2,0,0,0,0,278,0.0,0.0,0.06,0.06,0.0,255,16,0.06,0.08,0.0,0.0,0.0,1.0,1,40204.0
22,9,158,4030,0,1,3,0.0,0.0,1.0,0.0,0.0,213,255,1.0,0.0,0.02,0.0,0.01,0.0,0,12843.0
22,1,0,0,0,0,1,0.0,0.0,1.0,0.0,0.0,19,255,1.0,0.0,0.11,0.0,0.0,0.39,0,56974.0
40,9,145,105,0,0,1,0.0,0.0,1.0,0.0,0.0,255,1,0.0,0.61,0.0,0.0,0.0,0.0,0,29936.0
11,9,44,67,0,0,106,0.0,0.0,1.0,0.0,0.02,255,254,1.0,0.01,0.0,0.0,0.0,0.0,0,107576.0
45,9,207,0,0,0,2,0.0,0.0,1.0,0.0,0.0,202,170,0.84,0.01,0.0,0.0,0.0,0.0,0,124820.0
13,9,30,0,0,0,1,0.0,0.0,1.0,0.0,0.0,91,90,0.99,0.02,0.0,0.0,0.0,0.0,0,118106.0
4,1,0,0,0,0,133,0.0,0.0,0.02,0.08,0.0,255,2,0.01,0.08,0.0,0.0,0.0,1.0,1,41758.0
37,5,0,0,0,0,119,1.0,1.0,0.09,0.06,0.0,255,11,0.04,0.07,0.0,1.0,1.0,0.0,1,89880.0
11,9,44,70,0,0,17,0.0,0.0,1.0,0.0,0.0,255,238,0.93,0.01,0.0,0.0,0.0,0.0,0,115265.0
22,9,246,556,0,1,22,0.0,0.0,1.0,0.0,0.09,255,255,1.0,0.0,0.0,0.0,0.0,0.0,0,73976.0
11,9,45,82,0,0,70,0.0,0.0,1.0,0.0,0.03,255,253,0.99,0.01,0.0,0.0,0.0,0.0,0,30924.0
22,9,208,751,0,1,2,0.0,0.0,1.0,0.0,0.25,96,255,1.0,0.0,0.04,0.0,0.0,0.0,0,86655.0
22,9,308,1380,0,1,2,0.0,0.0,1.0,0.0,0.0,173,149,0.86,0.02,0.0,0.01,0.01,0.01,0,20457.0
4,5,0,0,0,0,200,1.0,1.0,0.03,0.07,0.0,255,4,0.02,0.07,0.0,1.0,1.0,0.0,1,47471.0
2,1,0,0,0,0,102,0.0,0.0,0.02,0.07,0.0,255,2,0.01,0.06,0.0,0.0,0.0,1.0,1,64361.0
19,5,0,0,0,0,277,1.0,1.0,0.04,0.06,0.0,255,12,0.05,0.09,0.0,1.0,1.0,0.0,1,99227.0
22,9,327,305,0,1,3,0.33,0.2,1.0,0.0,0.6,255,255,1.0,0.0,0.0,0.01,0.01,0.0,0,52236.0
11,9,42,42,0,0,4,0.0,0.0,1.0,0.0,0.29,255,242,0.95,0.01,0.0,0.0,0.0,0.0,0,10292.0
22,9,284,9847,0,1,1,0.0,0.0,1.0,0.0,0.0,186,255,1.0,0.0,0.02,0.0,0.0,0.0,0,5155.0
22,9,297,2762,0,1,10,0.0,0.0,1.0,0.0,0.0,10,255,1.0,0.0,0.02,0.0,0.0,0.0,0,9865.0
22,1,0,0,0,0,1,0.0,0.0,1.0,0.0,1.0,2,239,1.0,0.0,0.19,0.0,0.0,1.0,0,33039.0
62,1,0,0,0,0,294,0.0,0.0,0.06,0.06,0.0,255,18,0.07,0.06,0.0,0.0,0.0,1.0,1,107891.0
22,9,289,9923,0,1,3,0.0,0.0,1.0,0.0,0.0,6,255,1.0,0.0,0.05,0.0,0.0,0.0,0,120344.0
9,5,0,0,0,0,109,1.0,1.0,0.08,0.06,0.0,255,9,0.04,0.06,0.0,1.0,1.0,0.0,1,47703.0
22,9,294,1718,0,1,7,0.0,0.0,1.0,0.0,0.0,63,255,1.0,0.0,0.03,0.02,0.0,0.0,0,23155.0
55,9,1567,2857,0,1,1,0.0,0.0,1.0,0.0,0.0,1,1,1.0,0.0,0.0,0.0,0.0,0.0,0,15931.0
5,5,0,0,0,0,124,1.0,1.0,0.18,0.06,0.0,255,22,0.09,0.05,0.0,1.0,1.0,0.0,1,91129.0
19,9,12,0,0,0,1,0.0,0.0,1.0,0.0,0.0,255,4,0.02,0.07,0.0,0.0,0.0,0.0,0,47158.0
29,1,0,0,0,0,239,0.0,0.0,0.02,0.07,0.0,255,5,0.02,0.08,0.0,0.0,0.0,1.0,1,39249.0
53,5,0,0,0,0,123,1.0,1.0,0.11,0.06,0.0,255,12,0.05,0.08,0.0,1.0,1.0,0.0,1,1411.0
17,5,0,0,0,0,55,1.0,1.0,0.29,0.07,0.0,255,56,0.22,0.03,0.0,1.0,1.0,0.0,1,93352.0
45,5,0,0,0,0,102,1.0,1.0,0.03,0.07,0.0,255,18,0.07,0.06,0.0,1.0,1.0,0.0,1,88017.0
19,9,334,0,0,1,2,0.0,0.0,1.0,0.0,0.0,4,15,1.0,0.0,0.27,0.0,0.0,0.0,0,71897.0
45,5,0,0,0,0,158,1.0,1.0,0.02,0.09,0.0,255,3,0.01,0.08,0.0,1.0,1.0,0.0,1,45918.0
12,2,0,0,0,0,193,0.0,0.0,0.02,0.07,0.0,255,3,0.01,0.07,0.0,0.0,0.0,1.0,1,54537.0
22,9,260,9578,0,1,1,0.0,0.0,1.0,0.0,0.0,12,255,1.0,0.0,0.06,0.0,0.0,0.0,0,35245.0
45,5,0,0,0,0,58,1.0,1.0,0.31,0.05,0.0,255,6,0.02,0.07,0.0,1.0,1.0,0.0,1,70032.0
22,9,292,2463,0,1,6,0.0,0.0,1.0,0.0,0.0,26,255,1.0,0.0,0.02,0.0,0.0,0.0,0,37428.0
49,9,816,330,0,1,1,0.0,0.0,1.0,0.0,0.0,6,191,0.83,0.33,0.02,0.0,0.0,0.0,0,29878.0
18,5,0,0,0,0,279,1.0,1.0,0.01,0.06,0.0,255,1,0.0,0.08,0.0,1.0,1.0,0.0,1,13847.0
22,9,219,11487,0,1,15,0.0,0.0,1.0,0.0,0.17,15,255,1.0,0.0,0.08,0.0,0.0,0.0,0,94305.0
45,5,0,0,0,0,132,1.0,1.0,0.08,0.06,0.0,255,14,0.05,0.06,0.0,1.0,1.0,0.0,1,50151.0
22,9,302,1532,0,1,13,0.0,0.0,1.0,0.0,0.0,13,255,1.0,0.0,0.05,0.0,0.0,0.0,0,113854.0
3,5,0,0,0,0,241,1.0,1.0,0.02,0.07,0.0,255,7,0.03,0.07,0.0,1.0,1.0,0.0,1,30665.0
40,9,516,4,0,0,386,0.0,0.0,1.0,0.0,0.0,255,255,1.0,0.0,0.0,0.0,0.0,0.0,0,107558.0
19,5,0,0,0,0,76,1.0,1.0,0.25,0.05,0.0,255,68,0.27,0.02,0.0,1.0,1.0,0.0,1,13379.0
5,5,0,0,0,0,138,1.0,1.0,0.16,0.05,0.0,255,22,0.09,0.05,0.0,1.0,1.0,0.0,1,101825.0
13,9,8,0,0,0,1,0.0,0.0,1.0,0.0,1.0,1,23,1.0,0.0,0.52,0.0,0.0,0.0,1,71095.0
22,9,306,2750,0,1,9,0.0,0.0,1.0,0.0,0.0,255,255,1.0,0.0,0.0,0.0,0.0,0.0,0,50771.0
22,9,207,5200,0,1,19,0.0,0.0,1.0,0.0,0.0,255,255,1.0,0.0,0.0,0.0,0.0,0.0,0,115496.0
22,1,0,0,0,0,1,0.0,0.0,1.0,0.0,0.0,3,162,1.0,0.0,0.07,0.0,0.0,1.0,0,78443.0
45,5,0,0,0,0,91,1.0,1.0,0.02,0.07,0.0,145,2,0.01,0.07,0.0,1.0,1.0,0.0,1,60930.0
49,2,0,0,0,0,225,0.0,0.0,0.04,0.07,0.0,255,9,0.04,0.07,0.0,0.0,0.0,1.0,1,27858.0
3,5,0,0,0,0,273,1.0,1.0,0.03,0.07,0.0,255,8,0.03,0.07,0.0,1.0,1.0,0.0,1,37121.0
11,9,44,44,0,0,262,0.0,0.0,1.0,0.0,0.0,255,254,1.0,0.01,0.0,0.0,0.0,0.0,0,67446.0
45,1,0,0,0,0,9,0.0,0.0,0.11,1.0,0.0,127,1,0.01,0.18,0.0,0.0,0.0,1.0,1,109048.0
45,9,1,0,0,0,19,0.0,0.0,0.42,0.37,0.0,255,8,0.03,0.22,0.0,0.0,0.0,0.0,1,118161.0
22,9,266,282,0,1,18,0.0,0.0,1.0,0.0,0.0,255,254,1.0,0.01,0.0,0.0,0.0,0.0,0,98832.0
55,9,116,10788,0,1,1,0.0,0.0,1.0,0.0,0.0,15,2,0.07,0.27,1.0,0.0,0.0,0.0,0,60123.0
22,9,242,2445,0,1,14,0.0,0.0,1.0,0.0,0.0,255,255,1.0,0.0,0.0,0.0,0.0,0.0,0,63574.0
11,9,46,133,0,0,57,0.0,0.0,1.0,0.0,0.03,255,255,1.0,0.0,0.0,0.0,0.0,0.0,0,17877.0
22,9,154,899,0,1,17,0.0,0.0,1.0,0.0,0.0,62,255,1.0,0.0,0.04,0.0,0.0,0.0,0,102998.0
55,5,0,0,0,0,63,1.0,1.0,0.25,0.06,0.0,255,66,0.26,0.02,0.0,1.0,1.0,0.0,1,9607.0
22,9,295,310,0,1,21,0.0,0.0,1.0,0.0,0.05,255,255,1.0,0.0,0.0,0.0,0.0,0.0,0,45998.0
10,5,0,0,0,0,291,1.0,1.0,0.05,0.05,0.0,255,16,0.06,0.07,0.0,1.0,1.0,0.0,1,103004.0
13,9,18,0,0,0,1,0.0,0.0,1.0,0.0,0.0,1,94,1.0,0.0,1.0,0.0,0.0,0.0,1,73260.0
22,9,283,305,0,1,24,0.0,0.0,1.0,0.0,0.08,71,255,1.0,0.0,0.03,0.0,0.01,0.0,0,123295.0
45,9,1,0,0,0,22,0.0,0.0,0.91,0.14,0.0,255,20,0.08,0.74,0.0,0.09,0.0,0.0,1,46695.0
44,4,0,0,0,0,1,0.0,0.0,1.0,0.0,0.0,255,1,0.0,0.76,0.0,0.0,0.0,1.0,1,109492.0
22,9,286,1423,0,1,12,0.0,0.0,1.0,0.0,0.21,255,255,1.0,0.0,0.0,0.0,0.0,0.0,0,114738.0
50,5,0,0,0,0,204,1.0,1.0,0.01,0.07,0.0,255,19,0.07,0.06,0.0,1.0,1.0,0.0,1,42270.0
22,9,236,324,0,1,11,0.0,0.0,1.0,0.0,0.0,255,255,1.0,0.0,0.0,0.0,0.0,0.0,0,7248.0
24,5,0,0,0,0,191,1.0,1.0,0.08,0.06,0.0,255,15,0.06,0.06,0.0,1.0,1.0,0.0,1,77786.0
22,1,0,0,0,0,1,0.0,0.0,1.0,0.0,0.0,10,255,1.0,0.0,0.16,0.0,0.0,0.93,0,90702.0
11,9,44,80,0,0,114,0.0,0.0,1.0,0.0,0.03,255,229,0.9,0.01,0.0,0.0,0.0,0.0,0,92757.0
22,9,275,1330,0,1,2,0.0,0.0,1.0,0.0,0.0,19,255,1.0,0.0,0.08,0.0,0.0,0.0,0,91965.0
22,9,233,2660,0,1,5,0.0,0.0,1.0,0.0,0.0,138,255,1.0,0.0,0.02,0.0,0.0,0.0,0,69557.0
18,9,1211,2449,0,1,1,0.0,0.0,1.0,0.0,0.0,229,57,0.25,0.02,0.0,0.0,0.0,0.0,0,110677.0
22,9,241,285,0,1,17,0.0,0.0,1.0,0.0,0.0,255,255,1.0,0.0,0.0,0.0,0.0,0.0,0,57443.0
22,9,357,933,0,1,9,0.0,0.0,1.0,0.0,0.18,255,255,1.0,0.0,0.0,0.0,0.0,0.0,0,108637.0
45,1,0,0,0,0,144,0.0,0.0,0.1,0.06,0.0,255,11,0.04,0.08,0.0,0.0,0.0,1.0,1,43114.0
45,5,0,0,0,0,208,1.0,1.0,0.03,0.07,0.0,255,16,0.06,0.07,0.0,1.0,1.0,0.0,1,18216.0
45,1,0,0,0,0,315,0.0,0.0,0.0,0.52,0.0,255,1,0.0,0.52,0.0,0.0,0.0,1.0,1,98520.0
22,9,295,2446,0,1,2,0.0,0.0,1.0,0.0,0.12,255,255,1.0,0.0,0.0,0.0,0.0,0.0,0,101407.0
11,9,46,79,0,0,191,0.0,0.0,0.99,0.01,0.0,255,254,1.0,0.01,0.0,0.0,0.0,0.0,0,9571.0
45,5,0,0,0,0,71,1.0,1.0,0.21,0.06,0.0,255,15,0.06,0.05,0.0,1.0,1.0,0.0,1,25296.0
13,9,8,0,0,0,1,0.0,0.0,1.0,0.0,1.0,2,102,1.0,0.0,0.25,0.0,0.0,0.0,1,74472.0
20,1,0,0,0,0,208,0.0,0.0,0.02,0.07,0.0,255,4,0.02,0.07,0.0,0.0,0.0,1.0,1,32689.0
21,1,0,0,0,0,253,0.0,0.0,0.02,0.07,0.0,255,5,0.02,0.07,0.0,0.0,0.0,1.0,1,79105.0
45,9,105,147,0,0,3,0.0,0.0,0.33,1.0,0.0,255,242,0.95,0.01,0.0,0.0,0.0,0.0,0,31535.0
45,5,0,0,0,0,286,1.0,1.0,0.01,0.06,0.0,255,15,0.06,0.06,0.0,1.0,1.0,0.0,1,81014.0
22,9,216,1660,0,1,7,0.0,0.0,1.0,0.0,0.0,139,255,1.0,0.0,0.01,0.0,0.0,0.0,0,13104.0
45,5,0,0,0,0,162,1.0,1.0,0.06,0.06,0.0,255,20,0.08,0.05,0.0,1.0,1.0,0.0,1,77627.0
18,2,0,0,0,0,256,0.0,0.0,0.02,0.06,0.0,255,6,0.02,0.06,0.0,0.0,0.0,1.0,1,102554.0
45,5,0,0,0,0,122,0.99,1.0,0.06,0.07,0.0,255,8,0.03,0.06,0.0,1.0,1.0,0.0,1,125498.0
7,5,0,0,0,0,278,1.0,1.0,0.05,0.06,0.0,255,13,0.05,0.08,0.0,1.0,1.0,0.0,1,74032.0
23,5,0,0,0,0,102,1.0,1.0,0.12,0.06,0.0,255,20,0.08,0.07,0.0,1.0,1.0,0.0,1,99220.0
22,9,357,38379,0,1,13,0.0,0.0,1.0,0.0,0.0,255,255,1.0,0.0,0.0,0.0,0.0,0.0,0,33262.0
53,5,0,0,0,0,230,1.0,1.0,0.04,0.06,0.0,255,10,0.04,0.07,0.0,1.0,1.0,0.0,1,42908.0
11,9,92,34,0,0,1,0.0,0.0,1.0,0.0,0.0,34,18,0.53,0.06,0.0,0.0,0.0,0.0,0,56152.0
13,9,8,0,0,0,1,0.0,0.0,1.0,0.0,1.0,3,107,1.0,0.0,0.25,0.0,0.0,0.0,1,50109.0
22,9,222,1392,0,1,6,0.0,0.0,1.0,0.0,0.0,49,255,1.0,0.0,0.01,0.0,0.0,0.0,0,108128.0
49,9,2087,331,0,1,1,0.0,0.0,1.0,0.0,0.0,127,158,0.7,0.02,0.01,0.0,0.0,0.0,0,13086.0
11,9,41,117,0,0,43,0.0,0.0,1.0,0.0,0.0,255,254,1.0,0.01,0.0,0.0,0.0,0.0,0,579.0
45,5,0,0,0,0,141,1.0,1.0,0.05,0.06,0.0,255,6,0.02,0.06,0.0,1.0,1.0,0.0,1,78444.0
45,5,0,0,0,0,104,1.0,1.0,0.09,0.06,0.0,255,16,0.06,0.07,0.0,1.0,1.0,0.0,1,77233.0
45,5,0,0,0,0,86,1.0,1.0,0.23,0.06,0.0,255,2,0.01,0.07,0.0,1.0,1.0,0.0,1,38121.0
22,1,0,0,0,0,1,0.0,0.0,1.0,0.0,0.0,116,249,1.0,0.0,0.1,0.0,0.0,0.75,0,57184.0
22,9,211,15404,0,1,4,0.0,0.0,1.0,0.0,0.25,255,255,1.0,0.0,0.0,0.0,0.0,0.0,0,71759.0
45,9,1,0,0,0,34,0.0,0.0,0.15,0.09,0.0,255,49,0.19,0.22,0.0,0.0,0.0,0.0,1,68554.0
45,1,0,0,0,0,154,0.0,0.0,0.12,0.08,0.0,255,19,0.07,0.07,0.0,0.0,0.0,1.0,1,46658.0
11,9,46,131,0,0,25,0.0,0.0,1.0,0.0,0.03,255,217,0.85,0.02,0.0,0.0,0.0,0.0,0,81979.0
11,9,45,76,0,0,282,0.0,0.0,1.0,0.0,0.0,255,254,1.0,0.01,0.0,0.0,0.0,0.0,0,117556.0
11,9,44,44,0,0,112,0.0,0.0,1.0,0.0,0.02,255,227,0.89,0.01,0.0,0.0,0.0,0.0,0,93317.0
45,5,0,0,0,0,250,1.0,1.0,0.02,0.06,0.0,255,12,0.05,0.08,0.0,1.0,1.0,0.0,1,79878.0
58,9,182,0,0,0,3,0.0,0.0,1.0,0.0,0.0,255,27,0.11,0.01,0.0,0.0,0.0,0.0,0,87118.0
22,9,314,28906,0,1,20,0.0,0.0,1.0,0.0,0.14,255,255,1.0,0.0,0.0,0.0,0.0,0.0,0,69587.0
2,1,0,0,0,0,246,0.0,0.0,0.02,0.07,0.0,255,5,0.02,0.08,0.0,0.0,0.0,1.0,1,125327.0
22,9,233,1931,0,1,13,0.0,0.0,1.0,0.0,0.0,255,255,1.0,0.0,0.0,0.0,0.0,0.0,0,123731.0
22,9,203,238,0,1,16,0.0,0.0,1.0,0.0,0.13,91,255,1.0,0.0,0.03,0.0,0.0,0.0,0,30637.0
22,9,282,24572,0,1,2,0.0,0.0,1.0,0.0,0.0,255,255,1.0,0.0,0.0,0.0,0.0,0.0,0,62076.0
22,9,230,611,0,1,7,0.0,0.0,1.0,0.0,0.17,7,255,1.0,0.0,0.01,0.0,0.0,0.0,0,76312.0
22,5,0,0,0,0,23,1.0,1.0,0.43,0.17,0.0,255,62,0.24,0.02,0.0,1.0,1.0,0.0,1,97764.0
22,1,0,0,0,0,1,0.0,0.0,1.0,0.0,0.0,3,7,1.0,0.0,0.43,0.0,0.0,1.0,0,4237.0
45,5,0,0,0,0,76,1.0,1.0,0.08,0.08,0.0,183,6,0.03,0.07,0.0,1.0,1.0,0.0,1,29945.0
19,9,192,0,0,1,2,0.0,0.0,1.0,0.0,0.0,199,97,0.3,0.07,0.02,0.02,0.04,0.0,0,41452.0
31,5,0,0,0,0,194,1.0,1.0,0.07,0.08,0.0,255,14,0.05,0.09,0.0,1.0,1.0,0.0,1,36914.0
34,5,0,0,0,0,273,1.0,1.0,0.09,0.05,0.0,255,25,0.1,0.05,0.0,1.0,1.0,0.0,1,72105.0
18,9,699,2077,0,1,1,0.0,0.0,1.0,0.0,0.0,11,6,0.55,0.27,0.0,0.0,0.0,0.0,0,42875.0
45,5,0,0,0,0,137,1.0,1.0,0.12,0.07,0.0,255,37,0.15,0.05,0.0,1.0,1.0,0.0,1,101217.0
45,1,0,0,0,0,269,0.0,0.0,0.07,0.06,0.0,255,19,0.07,0.09,0.0,0.0,0.0,1.0,1,104716.0
38,5,0,0,0,0,236,1.0,1.0,0.06,0.07,0.0,255,13,0.05,0.07,0.0,1.0,1.0,0.0,1,11421.0
22,9,209,320,0,1,13,0.0,0.0,1.0,0.0,0.0,13,255,1.0,0.0,0.05,0.0,0.0,0.0,0,118555.0
45,5,0,0,0,0,35,1.0,1.0,0.11,0.17,0.0,255,14,0.05,0.09,0.0,1.0,1.0,0.0,1,41865.0
55,5,0,0,0,0,23,1.0,1.0,0.52,0.09,0.0,255,62,0.24,0.02,0.0,1.0,1.0,0.0,1,20100.0
6,5,0,0,0,0,274,1.0,1.0,0.06,0.06,0.0,255,5,0.02,0.08,0.0,1.0,1.0,0.0,1,12171.0
45,5,0,0,0,0,139,1.0,1.0,0.07,0.06,0.0,143,10,0.07,0.06,0.0,1.0,1.0,0.0,1,94998.0
22,9,227,203,0,1,23,0.0,0.01,1.0,0.0,0.07,183,255,1.0,0.0,0.02,0.0,0.0,0.0,0,90253.0
45,5,0,0,0,0,240,1.0,1.0,0.01,0.05,0.0,255,3,0.01,0.06,0.0,1.0,1.0,0.0,1,80491.0
55,5,0,0,0,0,6,0.83,1.0,0.33,0.83,0.0,255,41,0.16,0.05,0.0,1.0,1.0,0.0,1,36865.0
22,9,308,2118,0,1,4,0.0,0.0,1.0,0.0,0.0,157,255,1.0,0.0,0.03,0.0,0.0,0.0,0,90061.0
45,1,0,0,0,0,2,0.0,0.0,0.5,1.0,0.0,255,1,0.0,0.55,0.0,0.03,0.0,1.0,1,53950.0
49,9,1517,329,0,1,1,0.0,0.0,1.0,0.0,0.0,111,182,0.86,0.04,0.01,0.0,0.0,0.0,0,52463.0
22,5,0,0,0,0,23,1.0,0.92,0.52,0.09,0.15,183,52,0.28,0.02,0.0,1.0,1.0,0.0,1,10208.0
45,5,0,0,0,0,230,1.0,1.0,0.0,0.07,0.0,255,1,0.0,0.08,0.0,1.0,1.0,0.0,1,5621.0
45,9,105,145,0,0,1,0.0,0.0,1.0,0.0,0.0,13,5,0.38,0.23,0.0,0.0,0.0,0.0,0,11303.0
45,9,1,0,0,0,35,0.0,0.0,0.91,0.06,0.0,255,32,0.13,0.25,0.0,0.0,0.0,0.0,1,28206.0
22,9,249,16222,0,1,10,0.0,0.0,1.0,0.0,0.0,255,255,1.0,0.0,0.0,0.0,0.0,0.0,0,101227.0
45,5,0,0,0,0,229,1.0,1.0,0.06,0.07,0.0,255,1,0.0,0.08,0.0,1.0,1.0,0.0,1,15936.0
49,9,647,335,0,1,1,0.0,0.0,1.0,0.0,0.0,130,142,0.51,0.03,0.01,0.01,0.01,0.0,0,82086.0
22,9,227,1118,0,1,17,0.0,0.0,1.0,0.0,0.0,255,255,1.0,0.0,0.0,0.0,0.0,0.0,0,88049.0
58,9,78,0,0,0,45,0.0,0.0,0.18,0.04,0.0,255,13,0.05,0.01,0.0,0.0,0.0,0.0,0,104003.0
18,9,237,771,0,1,1,0.0,0.0,1.0,0.0,1.0,35,9,0.26,0.11,0.0,0.0,0.0,0.0,0,33410.0
22,9,307,274,0,1,7,0.0,0.0,1.0,0.0,0.0,176,255,1.0,0.0,0.01,0.0,0.0,0.0,0,80590.0
5,5,0,0,0,0,141,1.0,1.0,0.11,0.06,0.0,255,13,0.05,0.07,0.0,1.0,1.0,0.0,1,30364.0
55,9,195,18065,0,1,2,0.0,0.0,0.5,1.0,0.0,107,3,0.01,0.06,0.67,0.0,0.33,0.0,0,106291.0
55,9,111,12120,0,1,1,0.0,0.0,1.0,0.0,0.0,98,12,0.12,0.04,0.0,0.01,0.08,0.0,0,105111.0
45,9,28,0,3,0,53,0.0,0.0,1.0,0.0,0.0,255,20,0.08,0.01,0.0,0.0,0.0,0.0,1,106348.0
22,9,205,1145,0,1,1,0.0,0.0,1.0,0.0,1.0,42,255,1.0,0.0,0.03,0.0,0.0,0.0,0,53558.0
22,9,219,1896,0,1,3,0.33,0.33,1.0,0.0,0.0,255,255,1.0,0.0,0.0,0.0,0.0,0.0,0,98541.0
45,1,0,0,0,0,25,0.0,0.0,0.24,0.12,0.0,255,26,0.1,0.05,0.0,0.0,0.0,1.0,1,121677.0
17,5,0,0,0,0,235,1.0,1.0,0.01,0.06,0.0,255,13,0.05,0.08,0.0,1.0,1.0,0.0,1,33124.0
19,9,383,0,0,0,2,0.0,0.0,1.0,0.0,0.0,255,106,0.42,0.03,0.0,0.0,0.0,0.0,0,49413.0
19,9,7045,0,0,1,2,0.0,0.0,1.0,0.0,0.0,6,14,1.0,0.0,0.14,0.0,0.0,0.0,0,108921.0
22,9,265,2776,0,1,14,0.0,0.0,1.0,0.0,0.0,135,255,1.0,0.0,0.04,0.0,0.0,0.0,0,5433.0
22,9,297,3670,0,1,3,0.0,0.0,1.0,0.0,0.0,8,255,1.0,0.0,0.06,0.0,0.0,0.0,0,124075.0
13,9,8,0,0,0,1,0.0,0.0,1.0,0.0,0.0,1,145,1.0,0.0,0.26,0.0,0.0,0.0,1,35405.0
11,9,42,42,0,0,10,0.0,0.0,1.0,0.0,0.13,255,251,0.98,0.01,0.0,0.0,0.0,0.0,0,108111.0
13,9,8,0,0,0,1,0.0,0.0,1.0,0.0,1.0,2,94,1.0,0.0,0.5,0.0,0.0,0.0,1,62327.0
18,9,861,2586,0,1,1,0.0,0.0,1.0,0.0,0.0,255,51,0.2,0.07,0.0,0.0,0.0,0.0,0,27821.0
22,9,241,620,0,1,39,0.0,0.0,1.0,0.0,0.0,255,255,1.0,0.0,0.0,0.0,0.0,0.0,0,2853.0
14,9,1032,0,0,0,511,0.0,0.0,1.0,0.0,0.0,255,52,0.2,0.04,0.0,0.22,0.0,0.0,1,90423.0
22,9,209,2488,0,1,10,0.0,0.0,1.0,0.0,0.0,91,255,1.0,0.0,0.01,0.0,0.0,0.0,0,7689.0
9,5,0,0,0,0,259,1.0,1.0,0.03,0.06,0.0,255,6,0.02,0.06,0.0,1.0,1.0,0.0,1,75693.0
45,5,0,0,0,0,117,1.0,1.0,0.07,0.07,0.0,255,11,0.04,0.07,0.0,1.0,1.0,0.0,1,74356.0
11,9,44,110,0,0,72,0.0,0.0,1.0,0.0,0.01,255,195,0.76,0.02,0.0,0.0,0.0,0.0,0,10920.0
22,9,245,511,0,1,3,0.0,0.0,1.0,0.0,0.25,247,255,1.0,0.0,0.01,0.0,0.0,0.0,0,61623.0
14,9,1032,0,0,0,159,0.0,0.0,1.0,0.0,0.0,145,51,0.35,0.05,0.0,0.01,0.0,0.0,1,35324.0
22,1,0,0,0,0,1,0.0,0.0,1.0,0.0,0.0,15,251,1.0,0.0,0.05,0.0,0.0,1.0,0,3399.0
22,9,303,1380,0,1,3,0.0,0.0,1.0,0.0,0.0,255,228,0.89,0.02,0.0,0.0,0.0,0.0,0,92203.0
22,9,237,329,0,1,1,0.0,0.0,1.0,0.0,0.25,1,255,1.0,0.0,0.02,0.0,0.0,0.0,0,5234.0
49,9,2462,332,0,1,1,0.0,0.0,1.0,0.0,0.0,151,206,0.74,0.02,0.01,0.0,0.01,0.0,0,12965.0
22,9,232,1035,0,1,15,0.0,0.0,1.0,0.0,0.0,255,255,1.0,0.0,0.0,0.0,0.0,0.0,0,78094.0
22,9,233,747,0,1,9,0.0,0.0,1.0,0.0,0.18,159,255,1.0,0.0,0.02,0.0,0.0,0.0,0,75171.0
11,9,43,77,0,0,205,0.0,0.0,1.0,0.0,0.0,255,255,1.0,0.0,0.0,0.0,0.0,0.0,0,91016.0
45,1,0,0,0,0,2,0.0,0.0,0.5,1.0,0.0,255,1,0.0,0.45,0.0,0.0,0.0,1.0,1,64273.0
60,5,0,0,0,0,201,1.0,1.0,0.01,0.05,0.0,255,2,0.01,0.05,0.0,1.0,1.0,0.0,1,105502.0
19,5,0,0,0,0,6,1.0,1.0,0.17,0.5,0.0,255,66,0.26,0.02,0.0,1.0,1.0,0.0,1,40199.0
19,8,2194620,0,0,1,2,0.5,0.5,1.0,0.0,0.0,84,54,0.31,0.02,0.04,0.01,0.02,0.0,0,58611.0
45,5,0,0,0,0,103,1.0,1.0,0.15,0.06,0.0,255,19,0.07,0.06,0.0,1.0,1.0,0.0,1,123792.0
10,1,0,0,0,0,199,0.0,0.0,0.01,0.07,0.0,255,1,0.0,0.07,0.0,0.0,0.0,1.0,1,117886.0
22,9,191,3011,0,1,1,0.0,0.0,1.0,0.0,1.0,255,248,0.97,0.01,0.0,0.0,0.0,0.0,0,123418.0
11,9,46,82,0,0,252,0.0,0.0,1.0,0.01,0.01,255,242,0.95,0.01,0.0,0.0,0.0,0.0,0,65432.0
45,0,0,0,0,0,1,0.0,0.0,1.0,0.0,0.0,184,1,0.01,0.74,0.0,0.03,0.0,0.0,1,17748.0
22,9,190,446,0,1,39,0.0,0.0,1.0,0.0,0.05,40,255,1.0,0.0,0.02,0.0,0.0,0.0,0,73823.0
22,9,310,285,0,1,11,0.0,0.0,1.0,0.0,0.0,255,255,1.0,0.0,0.0,0.0,0.0,0.0,0,58112.0
11,9,42,42,0,0,6,0.0,0.0,1.0,0.0,0.25,52,226,0.87,0.04,0.01,0.1,0.0,0.0,0,26124.0
14,9,1032,0,0,0,68,0.0,0.0,1.0,0.0,0.0,255,68,0.27,0.02,0.0,0.0,0.0,0.0,1,33154.0
22,9,316,540,0,1,13,0.0,0.0,1.0,0.0,0.0,47,255,1.0,0.0,0.02,0.0,0.0,0.0,0,6745.0
45,1,0,0,0,0,450,0.0,0.0,0.0,0.52,0.0,255,1,0.0,0.51,0.0,0.0,0.0,1.0,1,55429.0
22,9,227,1483,0,1,18,0.0,0.0,1.0,0.0,0.15,82,255,1.0,0.0,0.05,0.0,0.0,0.0,0,67403.0
61,5,0,0,0,0,295,1.0,1.0,0.06,0.06,0.0,255,19,0.07,0.06,0.0,1.0,1.0,0.0,1,38110.0
22,9,252,2416,0,1,3,0.0,0.0,1.0,0.0,0.4,6,255,1.0,0.0,0.02,0.0,0.0,0.0,0,21642.0
22,9,312,3694,0,1,5,0.0,0.0,1.0,0.0,0.27,255,255,1.0,0.0,0.0,0.0,0.0,0.0,0,96858.0
49,9,704,278,0,1,1,0.0,0.0,1.0,0.0,1.0,233,165,0.71,0.03,0.0,0.01,0.01,0.0,0,115749.0
22,9,340,403,0,1,20,0.0,0.0,1.0,0.0,0.0,184,255,1.0,0.0,0.04,0.0,0.0,0.0,0,105718.0
22,9,193,1195,0,1,13,0.0,0.0,1.0,0.0,0.12,13,255,1.0,0.0,0.01,0.0,0.0,0.0,0,25218.0
22,9,317,452,0,1,1,0.0,0.0,1.0,0.0,0.33,2,255,1.0,0.0,0.02,0.0,0.0,0.0,0,34726.0
40,9,145,105,0,0,2,0.0,0.0,1.0,0.0,0.0,255,2,0.01,0.59,0.0,0.0,0.0,0.0,0,4627.0
49,9,1294,327,0,1,1,0.0,0.0,1.0,0.0,0.0,130,151,0.55,0.05,0.01,0.0,0.0,0.0,0,72870.0
56,5,0,0,0,0,299,1.0,1.0,0.07,0.06,0.0,255,20,0.08,0.06,0.0,1.0,1.0,0.0,1,33741.0
11,9,44,132,0,0,79,0.0,0.0,1.0,0.0,0.01,255,254,1.0,0.01,0.0,0.0,0.0,0.0,0,6700.0
22,9,326,1432,0,1,5,0.0,0.0,1.0,0.0,0.33,153,255,1.0,0.0,0.01,0.0,0.0,0.0,0,48954.0
55,2,0,0,0,0,1,0.0,0.0,1.0,0.0,0.0,150,12,0.08,0.03,0.0,0.0,0.0,0.08,0,69284.0
8,5,0,0,0,0,142,1.0,1.0,0.03,0.08,0.0,255,4,0.02,0.07,0.0,1.0,1.0,0.0,1,117259.0
22,9,307,1531,0,1,6,0.0,0.0,1.0,0.0,0.0,72,255,1.0,0.0,0.06,0.0,0.0,0.0,0,43545.0
45,5,0,0,0,0,207,1.0,1.0,0.04,0.07,0.0,255,8,0.03,0.07,0.0,1.0,1.0,0.0,1,19461.0
11,9,30,30,0,0,1,0.0,0.0,1.0,0.0,0.15,1,1,1.0,0.0,0.0,0.0,0.0,0.0,0,66252.0
49,9,1236,327,0,1,1,0.0,0.0,1.0,0.0,1.0,195,121,0.62,0.02,0.0,0.0,0.0,0.0,0,116681.0
22,9,54540,8314,0,1,3,0.0,0.0,1.0,0.0,0.0,17,17,1.0,0.0,0.0,0.0,0.0,0.47,0,18376.0
43,9,38,130,0,1,1,0.0,0.0,1.0,0.0,0.0,128,5,0.03,0.05,0.4,0.01,0.0,0.0,0,97238.0
17,5,0,0,0,0,14,1.0,1.0,0.5,0.14,0.0,174,50,0.27,0.02,0.04,1.0,0.94,0.0,1,5480.0
16,5,0,0,0,0,114,1.0,1.0,0.17,0.07,0.0,255,19,0.07,0.07,0.0,1.0,1.0,0.0,1,68918.0
45,9,1,0,0,0,112,0.0,0.0,0.91,0.02,0.0,255,180,0.71,0.04,0.0,0.0,0.0,0.0,1,95779.0
22,9,221,266,0,1,1,0.0,0.0,1.0,0.0,0.33,19,34,1.0,0.0,0.06,0.0,0.0,0.0,0,120645.0
11,9,44,44,0,0,84,0.0,0.0,1.0,0.0,0.01,255,255,1.0,0.0,0.0,0.0,0.0,0.0,0,45210.0
22,9,356,526,0,1,1,0.0,0.0,1.0,0.0,0.0,25,255,1.0,0.0,0.06,0.04,0.01,0.0,0,118664.0
22,9,233,2131,0,1,14,0.0,0.0,1.0,0.0,0.05,73,255,1.0,0.0,0.03,0.0,0.0,0.0,0,87528.0
19,9,245,0,0,1,2,0.0,0.0,1.0,0.0,0.0,120,58,0.2,0.05,0.03,0.0,0.0,0.0,0,121267.0
45,5,0,0,0,0,135,1.0,1.0,0.1,0.06,0.0,38,13,0.34,0.11,0.0,1.0,1.0,0.0,1,107056.0
11,9,45,130,0,0,109,0.0,0.0,1.0,0.0,0.0,255,201,0.79,0.01,0.0,0.0,0.0,0.0,0,113871.0
11,9,42,108,0,0,1,0.0,0.0,1.0,0.0,0.0,66,203,0.74,0.03,0.01,0.02,0.0,0.0,0,17611.0
40,9,516,4,0,0,142,0.0,0.0,1.0,0.0,0.0,142,142,1.0,0.0,0.0,0.0,0.0,0.0,0,61499.0
40,1,0,0,0,0,442,0.08,0.0,0.0,1.0,0.0,255,1,0.0,1.0,0.0,0.09,0.0,1.0,1,73020.0
22,9,252,8076,0,1,31,0.0,0.0,1.0,0.0,0.0,255,255,1.0,0.0,0.0,0.0,0.0,0.0,0,125677.0
11,9,44,70,0,0,156,0.0,0.0,1.0,0.0,0.0,255,255,1.0,0.0,0.0,0.0,0.0,0.0,0,81346.0
55,5,0,0,0,0,1,1.0,1.0,1.0,0.0,0.0,201,42,0.2,0.02,0.05,1.0,0.98,0.0,1,34265.0
22,1,0,0,0,0,1,0.0,0.0,1.0,0.0,0.0,5,250,1.0,0.0,0.3,0.0,0.0,1.0,0,33315.0
3,5,0,0,0,0,10,1.0,1.0,0.3,0.4,0.0,255,3,0.01,0.08,0.0,1.0,1.0,0.0,1,83358.0
12,5,0,0,0,0,250,1.0,1.0,0.05,0.07,0.0,255,13,0.05,0.07,0.0,1.0,1.0,0.0,1,93694.0
17,5,0,0,0,0,71,0.97,1.0,0.25,0.08,0.0,255,58,0.23,0.04,0.0,1.0,1.0,0.0,1,80708.0
22,9,219,3692,0,1,51,0.0,0.0,1.0,0.0,0.0,51,255,1.0,0.0,0.04,0.0,0.0,0.0,0,16548.0
13,9,8,0,0,0,1,0.0,0.0,1.0,0.0,1.0,2,160,1.0,0.0,0.5,0.0,0.0,0.0,1,16879.0
5,1,0,0,0,0,140,0.0,0.0,0.12,0.06,0.0,255,17,0.07,0.07,0.0,0.0,0.0,1.0,1,16421.0
11,9,42,42,0,0,7,0.0,0.0,1.0,0.0,0.18,255,244,0.96,0.01,0.0,0.0,0.0,0.0,0,68413.0
49,5,0,0,0,0,18,1.0,1.0,1.0,0.0,0.0,200,144,0.49,0.01,0.01,0.99,0.68,0.0,1,50897.0
45,5,0,0,0,0,132,1.0,1.0,0.05,0.06,0.0,255,7,0.03,0.07,0.0,1.0,1.0,0.0,1,114784.0
45,1,0,0,0,0,2,0.0,0.0,0.5,1.0,0.0,255,1,0.0,0.32,0.0,0.27,0.0,1.0,1,29988.0
45,5,0,0,0,0,65,1.0,1.0,0.12,0.06,0.0,255,1,0.0,0.07,0.0,1.0,1.0,0.0,1,39582.0
22,9,351,961,0,1,5,0.0,0.0,1.0,0.0,0.33,58,255,1.0,0.0,0.01,0.0,0.0,0.0,0,52979.0
22,9,290,941,0,1,9,0.0,0.0,1.0,0.0,0.0,46,255,1.0,0.0,0.03,0.0,0.0,0.0,0,94476.0
22,9,223,417,0,1,32,0.0,0.0,1.0,0.0,0.0,32,255,1.0,0.0,0.04,0.0,0.01,0.0,0,68035.0
11,9,43,107,0,0,2,0.0,0.0,0.5,1.0,1.0,255,234,0.92,0.01,0.0,0.0,0.0,0.0,0,108041.0
15,1,0,0,0,0,141,0.0,0.0,0.11,0.06,0.0,255,15,0.06,0.07,0.0,0.0,0.0,1.0,1,30994.0
22,9,258,6418,0,1,1,0.0,0.0,1.0,0.0,0.0,255,231,0.91,0.01,0.0,0.0,0.0,0.0,0,122525.0
22,9,198,1488,0,1,12,0.0,0.0,1.0,0.0,0.13,12,255,1.0,0.0,0.08,0.0,0.01,0.01,0,106237.0
45,5,0,0,0,0,216,1.0,1.0,0.04,0.06,0.0,255,13,0.05,0.08,0.0,1.0,1.0,0.0,1,25080.0
22,9,285,304,0,1,32,0.0,0.0,1.0,0.0,0.09,101,255,1.0,0.0,0.03,0.0,0.0,0.0,0,226.0
15,1,0,0,0,0,139,0.0,0.0,0.09,0.06,0.0,255,12,0.05,0.06,0.0,0.0,0.0,1.0,1,73335.0
19,9,9311,0,0,1,11,0.0,0.0,1.0,0.0,0.0,199,59,0.3,0.03,0.0,0.0,0.0,0.0,0,75279.0
19,9,4763,0,0,1,11,0.0,0.0,1.0,0.0,0.17,242,85,0.35,0.05,0.0,0.0,0.01,0.0,0,67725.0
45,1,0,0,0,0,117,0.01,0.0,0.01,1.0,0.0,255,1,0.0,0.47,0.0,0.0,0.0,1.0,1,61558.0
22,2,0,0,0,1,1,0.0,0.0,1.0,0.0,0.0,255,237,0.93,0.01,0.0,0.0,0.0,0.02,0,21770.0
54,5,0,0,0,0,235,1.0,1.0,0.08,0.06,0.0,255,12,0.05,0.07,0.0,1.0,1.0,0.0,1,38079.0
11,9,44,101,0,0,158,0.0,0.0,1.0,0.0,0.0,255,166,0.65,0.01,0.0,0.0,0.0,0.0,0,40663.0
45,9,105,145,0,0,2,0.0,0.0,0.5,1.0,0.0,255,228,0.89,0.01,0.0,0.0,0.0,0.0,0,28162.0
11,9,36,0,0,0,3,0.0,0.0,1.0,0.0,0.0,29,79,1.0,0.0,0.03,0.0,0.0,0.0,0,31362.0
60,5,0,0,0,0,227,1.0,1.0,0.03,0.07,0.0,255,6,0.02,0.08,0.0,1.0,1.0,0.0,1,23339.0
8,5,0,0,0,0,195,1.0,1.0,0.01,0.06,0.0,255,2,0.01,0.07,0.0,1.0,1.0,0.0,1,47292.0
4,5,0,0,0,0,191,1.0,1.0,0.01,0.07,0.0,255,1,0.0,0.08,0.0,1.0,1.0,0.0,1,47367.0
22,9,197,13595,0,1,3,0.0,0.0,1.0,0.0,0.0,11,255,1.0,0.0,0.04,0.0,0.0,0.0,0,25720.0
22,9,313,1404,0,1,19,0.0,0.0,1.0,0.0,0.0,29,255,1.0,0.0,0.09,0.0,0.0,0.65,0,12962.0
22,9,286,315,0,1,39,0.0,0.0,1.0,0.0,0.0,174,255,1.0,0.0,0.02,0.0,0.0,0.0,0,4011.0
40,1,0,0,0,0,374,0.06,0.0,0.0,1.0,0.0,255,1,0.0,1.0,0.0,0.08,0.0,1.0,1,32845.0
45,5,0,0,0,0,74,1.0,1.0,0.05,0.07,0.0,255,4,0.02,0.08,0.0,1.0,1.0,0.0,1,14456.0
11,9,44,131,0,0,73,0.0,0.0,1.0,0.0,0.01,255,255,1.0,0.0,0.0,0.0,0.0,0.0,0,54394.0
18,9,1438,4152,0,1,1,0.0,0.0,1.0,0.0,0.0,19,13,0.68,0.16,0.0,0.0,0.0,0.0,0,123666.0
22,9,470,7497,0,1,12,0.0,0.0,1.0,0.0,0.0,47,249,1.0,0.0,0.11,0.0,0.0,0.86,0,54875.0
45,5,0,0,0,0,245,1.0,1.0,0.08,0.05,0.0,255,19,0.07,0.06,0.0,1.0,1.0,0.0,1,12725.0
22,9,305,2698,0,1,3,0.0,0.0,1.0,0.0,0.0,255,249,0.98,0.01,0.0,0.0,0.0,0.02,0,121969.0
28,1,0,0,0,0,128,0.0,0.0,0.02,0.07,0.0,255,3,0.01,0.07,0.0,0.0,0.0,1.0,1,86915.0
35,5,0,0,0,0,69,1.0,1.0,0.16,0.07,0.0,255,17,0.07,0.07,0.0,1.0,1.0,0.0,1,20604.0
22,9,310,1159,0,1,18,0.0,0.0,1.0,0.0,0.1,255,255,1.0,0.0,0.0,0.0,0.0,0.0,0,103199.0
22,1,0,0,0,0,1,0.0,0.0,1.0,0.0,0.75,34,36,1.0,0.0,0.06,0.0,0.0,1.0,0,64147.0
45,5,0,0,0,0,282,1.0,1.0,0.06,0.06,0.0,255,11,0.04,0.07,0.0,1.0,1.0,0.0,1,67689.0
45,5,0,0,0,0,256,1.0,1.0,0.07,0.06,0.0,255,2,0.01,0.08,0.0,1.0,1.0,0.0,1,115408.0
28,5,0,0,0,0,146,1.0,1.0,0.12,0.05,0.0,255,6,0.02,0.07,0.0,1.0,1.0,0.0,1,97692.0
20,5,0,0,0,0,256,1.0,1.0,0.01,0.07,0.0,255,2,0.01,0.07,0.0,1.0,1.0,0.0,1,116344.0
22,9,199,1721,0,1,9,0.0,0.0,1.0,0.0,0.2,255,255,1.0,0.0,0.0,0.0,0.0,0.0,0,53063.0
22,9,197,3674,0,1,9,0.0,0.0,1.0,0.0,0.0,22,255,1.0,0.0,0.04,0.0,0.0,0.0,0,102003.0
45,5,0,0,0,0,150,1.0,1.0,0.05,0.06,0.0,255,5,0.02,0.06,0.0,1.0,1.0,0.0,1,43843.0
45,5,0,0,0,0,125,1.0,1.0,0.2,0.06,0.0,255,25,0.1,0.05,0.0,1.0,1.0,0.0,1,66828.0
22,9,249,478,0,1,13,0.0,0.0,1.0,0.0,0.0,255,255,1.0,0.0,0.0,0.0,0.0,0.0,0,63146.0
19,9,12,0,0,1,1,0.0,0.0,1.0,0.0,0.0,180,68,0.22,0.03,0.03,0.0,0.0,0.0,0,70836.0
22,9,290,293,0,1,7,0.0,0.0,1.0,0.0,0.25,35,255,1.0,0.0,0.07,0.0,0.0,0.0,0,67267.0
22,1,0,0,0,0,1,0.0,0.0,1.0,0.0,0.0,12,238,1.0,0.0,0.27,0.0,0.0,1.0,0,26013.0
49,9,862,384,0,1,1,0.0,0.0,1.0,0.0,0.0,255,65,0.25,0.44,0.0,0.44,0.0,0.0,0,112646.0
45,5,0,0,0,0,20,1.0,1.0,0.1,0.15,0.0,255,2,0.01,0.08,0.0,1.0,1.0,0.0,1,7738.0
12,5,0,0,0,0,241,1.0,1.0,0.08,0.05,0.0,255,20,0.08,0.06,0.0,1.0,1.0,0.0,1,61613.0
22,5,0,0,0,0,5,1.0,1.0,0.2,0.8,0.0,255,63,0.25,0.02,0.0,1.0,1.0,0.0,1,69593.0
45,5,0,0,0,0,131,1.0,1.0,0.01,0.06,0.0,255,2,0.01,0.07,0.0,1.0,1.0,0.0,1,113519.0
8,5,0,0,0,0,273,1.0,1.0,0.07,0.06,0.0,255,20,0.08,0.07,0.0,1.0,1.0,0.0,1,27503.0
45,5,0,0,0,0,4,1.0,1.0,0.5,0.75,0.0,255,7,0.03,0.08,0.0,1.0,1.0,0.0,1,98436.0
11,9,36,96,0,0,2,0.0,0.0,1.0,0.0,0.33,31,21,0.68,0.1,0.0,0.0,0.0,0.0,0,47898.0
22,9,202,8104,0,1,25,0.0,0.0,1.0,0.0,0.08,25,255,1.0,0.0,0.03,0.0,0.0,0.0,0,12462.0
33,5,0,0,0,0,300,1.0,1.0,0.05,0.06,0.0,255,16,0.06,0.07,0.0,1.0,1.0,0.0,1,47891.0
12,4,0,0,0,0,1,0.0,0.0,1.0,0.0,0.0,255,1,0.0,0.04,0.0,0.0,0.0,1.0,1,62827.0
45,5,0,0,0,0,122,1.0,1.0,0.1,0.06,0.0,255,12,0.05,0.07,0.0,1.0,1.0,0.0,1,51791.0
45,5,0,0,0,0,49,1.0,1.0,0.41,0.08,0.0,228,19,0.08,0.06,0.0,1.0,1.0,0.0,1,76645.0
22,9,226,9284,0,1,10,0.1,0.15,1.0,0.0,0.15,64,255,1.0,0.0,0.03,0.02,0.01,0.01,0,106078.0
22,9,326,396,0,1,7,0.0,0.0,1.0,0.0,0.2,255,255,1.0,0.0,0.0,0.0,0.0,0.0,0,76646.0
45,5,0,0,0,0,184,1.0,1.0,0.11,0.05,0.0,255,1,0.0,0.08,0.0,1.0,1.0,0.0,1,97208.0
11,9,46,74,0,0,290,0.0,0.0,1.0,0.01,0.0,255,254,1.0,0.01,0.0,0.0,0.0,0.0,0,41971.0
45,5,0,0,0,0,232,1.0,1.0,0.09,0.05,0.0,173,20,0.12,0.07,0.0,0.92,1.0,0.0,1,62820.0
22,9,54540,8314,0,1,3,0.0,0.0,1.0,0.0,0.0,59,59,1.0,0.0,0.0,0.0,0.0,0.2,0,113611.0
34,5,0,0,0,0,118,1.0,1.0,0.01,0.07,0.0,255,1,0.0,0.07,0.0,1.0,1.0,0.0,1,57336.0
22,9,149,34548,0,1,1,0.0,0.0,1.0,0.0,0.0,255,255,1.0,0.0,0.0,0.0,0.0,0.0,0,57225.0
55,5,0,0,0,0,272,1.0,1.0,0.0,0.06,0.0,255,1,0.0,0.07,0.0,1.0,1.0,0.0,1,45330.0
11,9,45,135,0,0,69,0.0,0.0,1.0,0.0,0.01,255,254,1.0,0.01,0.0,0.0,0.0,0.0,0,117150.0
45,5,0,0,0,0,127,1.0,1.0,0.11,0.06,0.0,255,10,0.04,0.06,0.0,1.0,1.0,0.0,1,68782.0
49,9,1840,485,0,1,1,0.0,0.0,1.0,0.0,1.0,145,174,0.55,0.03,0.01,0.0,0.0,0.0,0,65852.0
22,9,242,9621,0,1,3,0.0,0.0,1.0,0.0,0.0,255,255,1.0,0.0,0.0,0.0,0.0,0.01,0,71073.0
17,9,11,142,0,0,1,0.0,0.0,1.0,0.0,0.0,1,9,1.0,0.0,0.44,0.0,0.0,0.0,0,92644.0
22,9,294,256,0,1,3,0.0,0.0,1.0,0.0,0.0,255,254,1.0,0.01,0.0,0.0,0.0,0.0,0,53916.0
40,1,0,0,0,0,510,0.09,0.0,0.0,1.0,0.0,255,1,0.0,1.0,0.0,0.18,0.0,1.0,1,89898.0
22,9,225,2043,0,1,15,0.0,0.0,1.0,0.0,0.16,255,255,1.0,0.0,0.0,0.0,0.0,0.0,0,34579.0
17,5,0,0,0,0,272,1.0,1.0,0.07,0.07,0.0,255,20,0.08,0.06,0.0,1.0,1.0,0.0,1,123251.0
6,5,0,0,0,0,229,1.0,1.0,0.01,0.07,0.0,255,3,0.01,0.09,0.0,1.0,1.0,0.0,1,111861.0
22,9,206,3080,0,1,11,0.0,0.0,1.0,0.0,0.12,17,255,1.0,0.0,0.01,0.0,0.0,0.0,0,43141.0
11,9,44,151,0,0,75,0.0,0.0,1.0,0.0,0.01,255,254,1.0,0.01,0.0,0.0,0.0,0.0,0,96991.0
45,5,0,0,0,0,135,1.0,1.0,0.06,0.06,0.0,255,14,0.05,0.07,0.0,1.0,1.0,0.0,1,120461.0
58,9,78,0,0,0,28,0.0,0.0,0.04,0.07,0.0,255,17,0.07,0.01,0.0,0.0,0.0,0.0,0,122650.0
12,5,0,0,0,0,174,1.0,1.0,0.07,0.06,0.0,255,13,0.05,0.06,0.0,1.0,1.0,0.0,1,16862.0
44,2,0,0,0,0,109,0.0,0.0,0.07,0.07,0.0,255,8,0.03,0.06,0.0,0.0,0.0,1.0,1,79567.0
14,9,1032,0,0,0,511,0.0,0.0,1.0,0.0,0.0,255,19,0.07,0.15,0.0,0.15,0.0,0.0,1,39167.0
22,5,0,0,0,0,261,1.0,1.0,0.02,0.06,0.0,255,6,0.02,0.06,0.0,1.0,1.0,0.0,1,121251.0
22,9,174,1733,0,1,1,0.0,0.0,1.0,0.0,0.0,255,242,0.95,0.01,0.0,0.0,0.0,0.0,0,22157.0
58,9,78,0,0,0,48,0.0,0.0,0.17,0.04,0.0,255,24,0.09,0.01,0.0,0.0,0.0,0.0,0,66385.0
22,9,209,362,0,1,22,0.0,0.0,1.0,0.0,0.07,64,255,1.0,0.0,0.04,0.0,0.0,0.0,0,23496.0
40,1,0,0,0,0,511,0.12,0.0,0.0,1.0,0.0,255,1,0.0,1.0,0.0,0.15,0.0,1.0,1,22000.0
39,9,48,48,0,0,3,0.0,0.0,0.33,0.67,0.0,45,11,0.24,0.07,0.0,0.0,0.0,0.0,0,116424.0
22,9,205,829,0,1,31,0.0,0.0,1.0,0.0,0.06,255,255,1.0,0.0,0.0,0.0,0.0,0.0,0,64194.0
10,5,0,0,0,0,201,1.0,1.0,0.01,0.06,0.0,255,18,0.07,0.08,0.0,1.0,1.0,0.0,1,49415.0
17,9,7,361,0,0,1,0.0,0.0,1.0,0.0,0.0,210,5,0.01,0.02,0.4,0.0,0.0,0.0,0,52252.0
45,5,0,0,0,0,145,1.0,1.0,0.09,0.06,0.0,255,18,0.07,0.07,0.0,1.0,1.0,0.0,1,37648.0
49,9,1101,332,0,1,1,0.0,0.0,1.0,0.0,1.0,122,225,0.96,0.02,0.01,0.0,0.0,0.0,0,15943.0
10,5,0,0,0,0,294,1.0,1.0,0.05,0.06,0.0,255,13,0.05,0.06,0.0,1.0,1.0,0.0,1,24112.0
22,1,0,0,0,0,1,0.0,0.0,1.0,0.0,0.0,1,148,1.0,0.0,0.24,0.0,0.0,1.0,0,109235.0
22,9,256,1426,0,1,7,0.0,0.0,1.0,0.0,0.0,255,255,1.0,0.0,0.0,0.0,0.0,0.0,0,72161.0
49,9,1122,327,0,1,1,0.0,0.0,1.0,0.0,0.0,255,143,0.56,0.02,0.0,0.0,0.0,0.0,0,26551.0
22,9,220,1112,0,1,8,0.0,0.0,1.0,0.0,0.0,255,255,1.0,0.0,0.0,0.0,0.0,0.0,0,87503.0
22,9,218,6534,0,1,16,0.0,0.0,1.0,0.0,0.17,156,255,1.0,0.0,0.01,0.0,0.0,0.0,0,30489.0
40,1,0,0,0,0,414,0.08,0.0,0.0,1.0,0.0,255,1,0.0,1.0,0.0,0.11,0.0,1.0,1,89778.0
17,5,0,0,0,0,27,1.0,1.0,0.26,0.15,0.0,255,26,0.1,0.06,0.0,1.0,1.0,0.0,1,68536.0
22,9,358,704,0,1,13,0.0,0.0,1.0,0.0,0.14,67,255,1.0,0.0,0.03,0.0,0.0,0.0,0,91957.0
58,9,181,0,0,0,2,0.0,0.0,0.5,1.0,0.0,255,139,0.55,0.01,0.0,0.0,0.0,0.0,0,98471.0
49,9,801,333,0,1,1,0.0,0.0,1.0,0.0,1.0,114,135,0.34,0.05,0.02,0.0,0.0,0.0,0,36408.0
18,9,1457,4152,0,1,1,0.0,0.0,1.0,0.0,0.0,89,22,0.25,0.03,0.0,0.0,0.0,0.0,0,80117.0
22,9,144,9531,0,1,1,0.0,0.0,1.0,0.0,0.6,64,254,1.0,0.0,0.02,0.0,0.0,0.0,0,120931.0
22,9,285,12884,0,1,3,0.0,0.0,1.0,0.0,0.6,219,219,1.0,0.0,0.0,0.0,0.0,0.0,0,24414.0
25,5,0,0,0,0,245,1.0,1.0,0.08,0.07,0.0,255,20,0.08,0.07,0.0,1.0,1.0,0.0,1,53522.0
45,5,0,0,0,0,201,1.0,1.0,0.09,0.06,0.0,255,20,0.08,0.08,0.0,1.0,1.0,0.0,1,102317.0
45,1,0,0,0,0,1,0.0,0.0,1.0,0.0,0.0,15,2,0.07,1.0,1.0,0.0,0.0,1.0,1,11826.0
22,9,299,888,0,1,6,0.0,0.0,1.0,0.0,0.22,9,255,1.0,0.0,0.02,0.0,0.0,0.0,0,74100.0
49,9,842,334,0,1,1,0.0,0.0,1.0,0.0,0.0,214,171,0.67,0.03,0.01,0.0,0.0,0.0,0,56186.0
22,9,235,366,0,1,1,0.0,0.0,1.0,0.0,0.5,1,255,1.0,0.0,0.02,0.0,0.0,0.0,0,118811.0
49,9,741,330,0,1,1,0.0,0.0,1.0,0.0,1.0,230,148,0.58,0.02,0.01,0.0,0.0,0.0,0,53203.0
14,9,520,0,0,0,451,0.0,0.0,1.0,0.0,0.0,206,206,1.0,0.0,0.0,0.0,0.0,0.0,1,61330.0
22,9,188,733,0,1,7,0.0,0.0,1.0,0.0,0.0,41,255,1.0,0.0,0.02,0.0,0.01,0.0,0,6894.0
45,5,0,0,0,0,207,1.0,1.0,0.07,0.06,0.0,255,16,0.06,0.07,0.0,1.0,1.0,0.0,1,3946.0
45,5,0,0,0,0,192,1.0,1.0,0.02,0.06,0.0,255,20,0.08,0.06,0.0,1.0,1.0,0.0,1,90643.0
17,5,0,0,0,0,66,1.0,1.0,0.26,0.06,0.0,255,44,0.17,0.04,0.0,1.0,1.0,0.0,1,6276.0
13,9,8,0,0,0,1,0.0,0.0,1.0,0.0,1.0,2,129,1.0,0.0,0.5,0.0,0.0,0.0,1,124989.0
5,5,0,0,0,0,131,1.0,1.0,0.04,0.06,0.0,255,3,0.01,0.07,0.0,1.0,1.0,0.0,1,98841.0
29,5,0,0,0,0,235,1.0,1.0,0.04,0.06,0.0,255,10,0.04,0.07,0.0,1.0,1.0,0.0,1,59353.0
14,9,1032,0,0,0,336,0.0,0.0,1.0,0.0,0.0,255,255,1.0,0.0,0.0,0.0,0.0,0.0,1,121428.0
45,4,0,0,0,0,2,0.0,0.0,0.5,1.0,0.0,255,1,0.0,0.61,0.0,0.0,0.0,1.0,1,40797.0
45,5,0,0,0,0,183,1.0,1.0,0.14,0.05,0.0,255,25,0.1,0.05,0.0,1.0,1.0,0.0,1,88482.0
47,5,0,0,0,0,208,1.0,1.0,0.08,0.05,0.0,255,16,0.06,0.06,0.0,1.0,1.0,0.0,1,27416.0
40,4,1,0,0,0,2,0.0,0.0,1.0,0.0,0.0,255,2,0.01,0.72,0.0,0.0,0.0,1.0,1,23218.0
22,9,256,3046,0,1,10,0.0,0.0,1.0,0.0,0.13,221,221,1.0,0.0,0.0,0.01,0.01,0.0,0,109750.0
11,9,43,70,0,0,196,0.0,0.0,0.99,0.01,0.01,255,254,1.0,0.01,0.0,0.0,0.0,0.0,0,98771.0
45,5,0,0,0,0,170,1.0,1.0,0.12,0.05,0.0,255,3,0.01,0.07,0.0,1.0,1.0,0.0,1,118535.0
22,9,235,263,0,1,28,0.0,0.0,1.0,0.0,0.09,255,255,1.0,0.0,0.0,0.0,0.0,0.0,0,62337.0
22,9,302,788,0,1,9,0.0,0.0,1.0,0.0,0.0,255,255,1.0,0.0,0.0,0.0,0.0,0.0,0,70876.0
17,9,10,225,0,0,1,0.0,0.0,1.0,0.0,0.0,30,19,0.1,0.13,0.11,0.0,0.0,0.0,0,124429.0
22,9,205,13111,0,1,30,0.0,0.0,1.0,0.0,0.09,31,255,1.0,0.0,0.02,0.0,0.0,0.0,0,81945.0
45,5,0,0,0,0,137,1.0,1.0,0.08,0.06,0.0,255,14,0.05,0.06,0.0,1.0,1.0,0.0,1,18395.0
60,1,0,0,0,0,143,0.0,0.0,0.13,0.06,0.0,255,6,0.02,0.07,0.0,0.0,0.0,1.0,1,58563.0
22,9,186,770,0,1,1,0.0,0.0,1.0,0.0,0.0,8,255,1.0,0.0,0.05,0.0,0.0,0.0,0,54997.0
18,9,1215,2449,0,1,1,0.0,0.0,1.0,0.0,0.0,255,115,0.45,0.02,0.0,0.0,0.0,0.0,0,102358.0
22,9,231,1098,0,1,17,0.0,0.0,1.0,0.0,0.0,69,255,1.0,0.0,0.03,0.0,0.0,0.0,0,53782.0
22,1,0,0,0,0,1,0.0,0.0,1.0,0.0,0.0,2,255,1.0,0.0,0.04,0.0,0.01,0.01,0,52152.0
11,9,44,132,0,0,71,0.0,0.0,1.0,0.0,0.01,255,255,1.0,0.0,0.0,0.0,0.0,0.0,0,44901.0
11,9,45,112,0,0,117,0.0,0.0,1.0,0.0,0.02,255,255,1.0,0.0,0.0,0.0,0.0,0.0,0,67312.0
22,9,266,529,0,1,1,0.0,0.0,1.0,0.0,0.67,94,255,1.0,0.0,0.02,0.0,0.0,0.0,0,167.0
49,9,1091,479,0,1,1,0.0,0.0,1.0,0.0,1.0,255,12,0.05,0.02,0.0,0.0,0.0,0.0,0,69187.0
23,5,0,0,0,0,4,1.0,1.0,0.75,0.5,0.0,255,13,0.05,0.09,0.0,1.0,1.0,0.0,1,85444.0
19,9,749,0,0,1,2,0.0,0.0,1.0,0.0,0.0,9,85,0.89,0.22,0.02,0.0,0.0,0.0,0,110458.0
22,9,285,7755,0,1,4,0.0,0.0,1.0,0.0,0.12,48,255,1.0,0.0,0.02,0.0,0.0,0.0,0,117459.0
22,9,330,8064,0,1,4,0.0,0.0,1.0,0.0,0.0,255,255,1.0,0.0,0.0,0.0,0.0,0.0,0,38873.0
45,5,0,0,0,0,292,1.0,1.0,0.05,0.06,0.0,255,6,0.02,0.08,0.0,1.0,1.0,0.0,1,93434.0
49,2,0,0,0,0,202,0.0,0.0,0.01,0.06,0.0,255,2,0.01,0.07,0.0,0.0,0.0,1.0,1,86274.0
40,9,147,105,0,0,1,0.0,0.0,1.0,0.0,0.0,255,1,0.0,0.59,0.0,0.0,0.0,0.0,0,58641.0
59,9,6,23,0,1,8,0.0,0.0,0.12,1.0,0.0,163,1,0.01,0.09,0.0,0.01,0.0,0.0,1,109188.0
22,9,218,1719,0,1,13,0.0,0.0,1.0,0.0,0.0,255,255,1.0,0.0,0.0,0.0,0.0,0.0,0,118299.0
32,5,0,0,0,0,274,1.0,1.0,0.03,0.06,0.0,255,8,0.03,0.06,0.0,1.0,1.0,0.0,1,40720.0
45,5,0,0,0,0,293,1.0,1.0,0.05,0.05,0.0,255,15,0.06,0.06,0.0,1.0,1.0,0.0,1,82737.0
17,5,0,0,0,0,137,1.0,1.0,0.11,0.05,0.0,255,4,0.02,0.06,0.0,1.0,1.0,0.0,1,21784.0
22,1,0,0,0,0,282,0.0,0.0,0.06,0.06,0.0,255,16,0.06,0.07,0.0,0.0,0.0,1.0,1,81623.0
22,9,200,420,0,1,5,0.0,0.0,1.0,0.0,0.0,255,255,1.0,0.0,0.0,0.0,0.0,0.0,0,82010.0
13,9,8,0,0,0,1,0.0,0.0,1.0,0.0,1.0,2,61,1.0,0.0,0.51,0.0,0.0,0.0,1,27801.0
40,1,0,0,0,0,511,0.15,0.0,0.0,1.0,0.0,255,1,0.0,1.0,0.0,0.0,0.0,1.0,1,8923.0
2,5,0,0,0,0,215,1.0,1.0,0.09,0.06,0.0,255,11,0.04,0.08,0.0,1.0,1.0,0.0,1,26285.0
22,9,255,1297,0,1,7,0.0,0.0,1.0,0.0,0.0,12,255,1.0,0.0,0.02,0.0,0.0,0.0,0,26206.0
10,5,0,0,0,0,271,1.0,1.0,0.02,0.06,0.0,255,6,0.02,0.07,0.0,1.0,1.0,0.0,1,45495.0
22,9,144,5919,0,1,1,0.0,0.0,1.0,0.0,0.3,11,255,1.0,0.0,0.04,0.0,0.0,0.0,0,75695.0
28,1,0,0,0,0,269,0.0,0.0,0.02,0.06,0.0,255,6,0.02,0.07,0.0,0.0,0.0,1.0,1,61740.0
54,5,0,0,0,0,138,1.0,1.0,0.12,0.04,0.0,255,5,0.02,0.06,0.0,1.0,1.0,0.0,1,90724.0
45,5,0,0,0,0,200,1.0,1.0,0.0,0.05,0.0,4,1,0.25,0.75,0.0,0.5,1.0,0.0,1,44056.0
39,9,48,48,0,0,1,0.0,0.0,1.0,0.0,0.0,24,24,1.0,0.0,0.0,0.0,0.0,0.0,0,120634.0
45,5,0,0,0,0,180,1.0,1.0,0.01,0.06,0.0,41,2,0.05,0.17,0.0,0.66,1.0,0.0,1,26308.0
22,9,204,3055,0,1,4,0.0,0.0,1.0,0.0,0.0,4,255,1.0,0.0,0.08,0.0,0.0,0.0,0,27147.0
22,9,293,400,0,1,1,0.0,0.0,1.0,0.0,1.0,3,255,1.0,0.0,0.03,0.0,0.0,0.0,0,27439.0
8,5,0,0,0,0,102,1.0,1.0,0.03,0.07,0.0,255,9,0.04,0.07,0.0,1.0,1.0,0.0,1,60143.0
48,5,0,0,0,0,119,1.0,1.0,0.05,0.08,0.0,255,6,0.02,0.07,0.0,1.0,1.0,0.0,1,89365.0
22,9,151,511,0,1,1,0.0,0.0,1.0,0.0,0.21,4,255,1.0,0.0,0.04,0.0,0.0,0.0,0,25986.0
22,9,215,2596,0,1,25,0.0,0.0,1.0,0.0,0.0,255,255,1.0,0.0,0.0,0.0,0.0,0.0,0,64393.0
16,5,0,0,0,0,148,1.0,1.0,0.13,0.05,0.0,255,9,0.04,0.06,0.0,1.0,1.0,0.0,1,55528.0
14,9,1032,0,0,0,511,0.0,0.0,1.0,0.0,0.0,255,152,0.6,0.02,0.0,0.01,0.0,0.0,1,63865.0
45,4,0,0,0,0,1,0.0,0.0,1.0,0.0,0.0,255,1,0.0,0.85,0.0,0.0,0.0,1.0,1,10523.0
45,5,0,0,0,0,236,1.0,1.0,0.1,0.05,0.0,255,23,0.09,0.06,0.0,1.0,1.0,0.0,1,77068.0
45,5,0,0,0,0,216,1.0,1.0,0.06,0.06,0.0,255,9,0.04,0.09,0.0,1.0,1.0,0.0,1,118525.0
22,9,191,1924,0,1,8,0.0,0.0,1.0,0.0,0.0,72,255,1.0,0.0,0.04,0.0,0.0,0.01,0,86906.0
49,9,969,331,0,1,1,0.0,0.0,1.0,0.0,1.0,14,60,0.79,0.21,0.03,0.0,0.0,0.0,0,97341.0
49,9,1191,374,0,1,1,0.0,0.0,1.0,0.0,1.0,57,178,0.81,0.05,0.02,0.0,0.0,0.0,0,87119.0
11,9,45,77,0,0,119,0.0,0.0,1.0,0.0,0.0,255,255,1.0,0.0,0.0,0.0,0.0,0.0,0,50713.0
45,5,0,0,0,0,215,1.0,1.0,0.04,0.07,0.0,255,5,0.02,0.09,0.0,1.0,1.0,0.0,1,61376.0
11,9,44,77,0,0,110,0.0,0.0,1.0,0.0,0.0,255,252,0.99,0.01,0.0,0.0,0.0,0.0,0,57508.0
19,9,1830,0,0,1,5,0.0,0.0,1.0,0.0,0.0,175,60,0.3,0.04,0.03,0.0,0.0,0.0,0,99663.0
22,9,206,1462,0,1,6,0.0,0.0,1.0,0.0,0.0,255,255,1.0,0.0,0.0,0.0,0.0,0.0,0,123859.0
23,5,0,0,0,0,132,1.0,1.0,0.15,0.05,0.0,255,20,0.08,0.07,0.0,1.0,1.0,0.0,1,42357.0
22,9,300,2239,0,1,4,0.0,0.0,1.0,0.0,0.06,255,247,0.97,0.01,0.0,0.0,0.0,0.0,0,12854.0
19,9,4357454,0,0,0,1,0.0,0.0,1.0,0.0,0.0,3,3,1.0,0.0,0.0,0.0,0.0,0.0,0,62345.0
22,9,308,771,0,1,18,0.0,0.0,1.0,0.0,0.0,109,255,1.0,0.0,0.02,0.0,0.0,0.0,0,96683.0
11,9,71,44,0,0,117,0.0,0.0,1.0,0.0,0.0,255,166,0.65,0.01,0.0,0.0,0.0,0.0,0,22668.0
13,9,8,0,0,0,1,0.0,0.0,1.0,0.0,1.0,2,94,1.0,0.0,0.26,0.0,0.0,0.0,1,15560.0
22,1,0,0,0,0,6,0.0,0.0,1.0,0.0,0.0,9,162,1.0,0.0,0.23,0.0,0.0,0.99,0,124577.0
11,9,45,129,0,0,18,0.0,0.0,1.0,0.0,0.03,255,184,0.72,0.02,0.0,0.0,0.0,0.0,0,57092.0
22,9,239,128,0,1,1,0.0,0.0,1.0,0.0,0.14,5,255,1.0,0.0,0.03,0.0,0.0,0.0,0,23807.0
45,9,105,0,0,0,2,0.0,0.0,1.0,0.0,0.0,152,136,0.89,0.02,0.0,0.0,0.0,0.0,0,66202.0
45,1,0,0,0,0,130,0.06,0.0,0.01,1.0,0.0,255,1,0.0,0.71,0.0,0.03,0.0,1.0,1,71101.0
22,9,283,2531,0,1,5,0.0,0.0,1.0,0.0,0.0,255,255,1.0,0.0,0.0,0.01,0.01,0.0,0,71760.0
45,5,0,0,0,0,210,1.0,1.0,0.06,0.06,0.0,255,6,0.02,0.07,0.0,1.0,1.0,0.0,1,65131.0
14,9,1032,0,0,0,511,0.0,0.0,1.0,0.0,0.0,227,133,0.59,0.03,0.0,0.01,0.0,0.0,1,113317.0
19,9,6932,0,0,0,2,0.0,0.0,1.0,0.0,0.0,106,46,0.15,0.06,0.04,0.0,0.0,0.0,0,15041.0
22,5,0,0,0,0,53,1.0,1.0,0.32,0.08,0.0,255,64,0.25,0.02,0.0,1.0,1.0,0.0,1,108682.0
45,5,0,0,0,0,255,1.0,1.0,0.01,0.06,0.0,255,3,0.01,0.08,0.0,1.0,1.0,0.0,1,65579.0
37,5,0,0,0,0,114,1.0,1.0,0.02,0.06,0.0,255,18,0.07,0.07,0.0,1.0,1.0,0.0,1,106832.0
11,9,44,92,0,0,254,0.0,0.0,1.0,0.0,0.0,255,254,1.0,0.01,0.0,0.0,0.0,0.0,0,31328.0
49,9,3184,326,0,1,1,0.0,0.0,1.0,0.0,0.0,25,74,0.84,0.12,0.04,0.0,0.0,0.0,0,26510.0
17,5,0,0,0,0,22,1.0,1.0,0.5,0.09,0.0,255,59,0.23,0.04,0.0,1.0,1.0,0.0,1,24761.0
29,5,0,0,0,0,185,1.0,1.0,0.01,0.05,0.0,255,1,0.0,0.06,0.0,1.0,1.0,0.0,1,30273.0
45,1,0,0,0,0,115,0.0,0.0,0.17,0.06,0.0,255,29,0.11,0.06,0.0,0.0,0.0,1.0,1,101392.0
22,5,0,0,0,0,12,1.0,1.0,0.17,0.33,0.0,255,25,0.1,0.04,0.0,1.0,1.0,0.0,1,103617.0
22,9,324,1227,0,1,10,0.0,0.0,1.0,0.0,0.0,10,10,1.0,0.0,0.0,0.0,0.0,0.0,0,65290.0
22,9,193,7355,0,1,9,0.0,0.0,1.0,0.0,0.15,32,255,1.0,0.0,0.01,0.0,0.0,0.0,0,8136.0
45,5,0,0,0,0,56,1.0,1.0,0.2,0.11,0.0,255,11,0.04,0.08,0.0,1.0,1.0,0.0,1,78286.0
40,9,145,105,0,0,1,0.0,0.0,1.0,0.0,0.0,255,1,0.0,0.65,0.0,0.0,0.0,0.0,0,64681.0
29,5,0,0,0,0,247,1.0,1.0,0.0,0.06,0.0,255,1,0.0,0.07,0.0,1.0,1.0,0.0,1,115616.0
22,9,233,7355,0,1,2,0.0,0.0,1.0,0.0,0.0,255,255,1.0,0.0,0.0,0.0,0.0,0.0,0,14463.0
22,9,321,22780,0,1,14,0.0,0.0,1.0,0.0,0.13,50,255,1.0,0.0,0.05,0.0,0.0,0.0,0,57762.0
5,5,0,0,0,0,131,1.0,1.0,0.12,0.06,0.0,255,5,0.02,0.08,0.0,1.0,1.0,0.0,1,28477.0
13,9,8,0,0,0,1,0.0,0.0,1.0,0.0,1.0,1,63,1.0,0.0,0.51,0.0,0.0,0.0,1,18897.0
22,9,283,4770,0,1,19,0.0,0.0,1.0,0.0,0.04,49,255,1.0,0.0,0.04,0.0,0.0,0.0,0,17502.0
49,9,1296,336,0,1,1,0.0,0.0,1.0,0.0,0.0,233,139,0.55,0.02,0.01,0.0,0.0,0.0,0,71001.0
55,5,0,0,0,0,261,1.0,1.0,0.05,0.06,0.0,255,7,0.03,0.07,0.0,1.0,1.0,0.0,1,12095.0
25,5,0,0,0,0,40,1.0,1.0,0.25,0.12,0.0,255,10,0.04,0.08,0.0,1.0,1.0,0.0,1,8224.0
22,9,226,2431,0,1,2,0.0,0.0,1.0,0.0,0.0,42,255,1.0,0.0,0.02,0.0,0.0,0.0,0,71141.0
58,9,181,0,0,0,4,0.0,0.0,0.75,0.5,0.0,255,90,0.35,0.01,0.0,0.0,0.0,0.0,0,33484.0
45,1,0,0,0,0,248,0.04,0.0,0.0,1.0,0.0,255,1,0.0,0.97,0.0,0.04,0.0,1.0,1,72454.0
22,9,220,829,0,1,1,0.0,0.0,1.0,0.0,0.0,1,50,1.0,0.0,0.24,0.0,0.0,0.0,0,85693.0
45,5,0,0,0,0,207,1.0,1.0,0.0,0.06,0.0,255,1,0.0,0.07,0.0,1.0,1.0,0.0,1,33919.0
22,9,146,3846,0,1,9,0.0,0.0,1.0,0.0,0.0,9,255,1.0,0.0,0.06,0.0,0.0,0.0,0,21038.0
22,9,174,2354,0,1,1,0.0,0.0,1.0,0.0,0.0,37,255,1.0,0.0,0.03,0.0,0.0,0.0,0,109932.0
40,9,145,0,0,0,5,0.0,0.0,0.2,0.8,0.0,255,4,0.02,0.33,0.0,0.0,0.0,0.0,0,34418.0
22,9,226,1511,0,1,3,0.0,0.0,1.0,0.0,0.0,109,255,1.0,0.0,0.02,0.0,0.0,0.06,0,122700.0
22,9,206,9714,0,1,14,0.0,0.0,1.0,0.0,0.0,14,255,1.0,0.0,0.03,0.0,0.0,0.0,0,59523.0
13,9,8,0,0,0,1,0.0,0.0,1.0,0.0,1.0,1,53,1.0,0.0,0.51,0.0,0.0,0.0,1,97723.0
22,9,282,3062,0,1,24,0.0,0.0,1.0,0.0,0.0,24,255,1.0,0.0,0.02,0.0,0.0,0.0,0,13061.0
11,9,30,30,0,0,1,0.0,0.0,1.0,0.0,0.0,132,90,0.68,0.02,0.0,0.0,0.0,0.0,0,48466.0
13,9,8,0,0,0,1,0.0,0.0,1.0,0.0,1.0,1,129,1.0,0.0,0.51,0.0,0.0,0.0,1,53677.0
11,9,46,128,0,0,174,0.0,0.0,1.0,0.0,0.0,255,255,1.0,0.0,0.0,0.0,0.0,0.0,0,17285.0
55,9,1559,2732,0,1,1,0.0,0.0,1.0,0.0,0.0,8,8,1.0,0.0,0.0,0.0,0.0,0.12,0,30533.0
13,9,8,0,0,0,1,0.0,0.0,1.0,0.0,1.0,2,232,1.0,0.0,0.5,0.0,0.0,0.0,1,66696.0
19,9,740,0,0,1,2,0.0,0.0,1.0,0.0,0.0,48,74,0.25,0.06,0.03,0.0,0.0,0.0,0,17551.0
22,9,0,1167,0,0,6,0.17,0.17,1.0,0.0,0.0,12,55,1.0,0.0,0.05,0.08,0.02,0.0,0,10533.0
32,4,0,0,0,0,1,0.0,0.0,1.0,0.0,0.0,255,1,0.0,1.0,0.0,0.0,0.0,1.0,1,40367.0
49,9,1238,329,0,1,1,0.0,0.0,1.0,0.0,0.0,45,175,0.64,0.07,0.01,0.0,0.0,0.0,0,66360.0
22,9,330,13508,0,1,7,0.0,0.0,1.0,0.0,0.0,24,24,1.0,0.0,0.0,0.0,0.0,0.0,0,1292.0
22,9,306,1185,0,1,5,0.0,0.0,1.0,0.0,0.0,5,103,1.0,0.0,0.02,0.0,0.0,0.0,0,13828.0
22,9,351,7310,0,1,3,0.0,0.0,1.0,0.0,0.15,120,255,1.0,0.0,0.02,0.0,0.0,0.0,0,105805.0
22,9,239,2239,0,1,6,0.0,0.0,1.0,0.0,0.0,255,231,0.91,0.01,0.0,0.0,0.0,0.0,0,75694.0
2,5,0,0,0,0,251,1.0,1.0,0.07,0.06,0.0,255,18,0.07,0.07,0.0,1.0,1.0,0.0,1,47196.0
19,9,209,0,0,1,2,0.0,0.0,1.0,0.0,0.0,41,55,0.76,0.05,0.04,0.0,0.0,0.0,0,108131.0
42,5,0,0,0,0,281,1.0,1.0,0.01,0.06,0.0,255,3,0.01,0.06,0.0,1.0,1.0,0.0,1,925.0
22,9,251,1118,0,1,8,0.12,0.11,1.0,0.0,0.22,8,255,1.0,0.0,0.06,0.12,0.0,0.0,0,86249.0
5,5,0,0,0,0,150,1.0,1.0,0.13,0.06,0.0,255,13,0.05,0.07,0.0,1.0,1.0,0.0,1,4081.0
14,9,1032,0,0,0,511,0.0,0.0,1.0,0.0,0.0,255,117,0.46,0.18,0.0,0.0,0.0,0.0,1,103946.0
59,5,0,0,0,0,134,1.0,1.0,0.19,0.05,0.0,255,25,0.1,0.05,0.0,1.0,1.0,0.0,1,100042.0
22,1,0,0,0,0,1,0.0,0.0,1.0,0.0,1.0,5,255,1.0,0.0,0.21,0.0,0.0,0.98,0,68890.0
22,9,279,440,0,1,12,0.0,0.0,1.0,0.0,0.14,255,255,1.0,0.0,0.0,0.0,0.0,0.0,0,101968.0
22,9,296,2111,0,1,14,0.0,0.0,1.0,0.0,0.0,14,255,1.0,0.0,0.04,0.0,0.0,0.0,0,112289.0
18,5,0,0,0,0,292,1.0,1.0,0.08,0.05,0.0,255,23,0.09,0.05,0.0,1.0,1.0,0.0,1,16635.0
49,9,1168,331,0,1,1,0.0,0.0,1.0,0.0,0.0,255,7,0.03,0.79,0.0,0.0,0.0,0.0,0,103782.0
11,9,36,0,0,0,12,0.0,0.0,1.0,0.0,0.0,25,79,1.0,0.0,0.03,0.0,0.0,0.0,0,10815.0
45,9,105,147,0,0,1,0.0,0.0,1.0,0.0,0.0,229,184,0.8,0.01,0.0,0.0,0.0,0.0,0,6797.0
23,1,0,0,0,0,150,0.0,0.0,0.13,0.05,0.0,255,20,0.08,0.05,0.0,0.0,0.0,1.0,1,112379.0
49,9,2217,326,0,1,1,0.0,0.0,1.0,0.0,0.0,54,52,0.96,0.04,0.0,0.0,0.0,0.0,0,121520.0
14,9,30,0,0,0,2,0.0,0.0,1.0,0.0,0.0,28,28,1.0,0.0,0.0,0.0,0.0,0.0,0,6059.0
40,5,0,0,0,0,158,1.0,1.0,0.15,0.05,0.0,255,23,0.09,0.05,0.0,1.0,1.0,0.0,1,112390.0
28,5,0,0,0,0,106,1.0,1.0,0.15,0.06,0.0,255,6,0.02,0.06,0.0,1.0,1.0,0.0,1,48441.0
22,9,290,761,0,1,19,0.0,0.0,1.0,0.0,0.17,255,255,1.0,0.0,0.0,0.0,0.0,0.0,0,125755.0
45,4,0,0,0,0,1,0.0,0.0,1.0,0.0,0.0,212,1,0.0,0.23,0.0,0.0,0.0,1.0,1,41312.0
36,1,0,0,0,0,112,0.0,0.0,0.09,0.07,0.0,255,10,0.04,0.07,0.0,0.0,0.0,1.0,1,62885.0
45,9,1,0,0,0,8,0.0,0.0,0.12,0.25,0.0,255,29,0.11,0.56,0.0,0.16,0.0,0.0,1,104810.0
22,1,0,0,0,0,1,0.0,0.0,1.0,0.0,1.0,5,127,1.0,0.0,0.14,0.0,0.0,1.0,0,31538.0
14,9,520,0,0,0,49,0.0,0.0,1.0,0.0,0.0,255,255,1.0,0.0,0.0,0.0,0.0,0.0,1,49532.0
49,9,1244,365,0,1,1,0.0,0.0,1.0,0.0,1.0,138,140,0.75,0.03,0.01,0.0,0.0,0.0,0,42460.0
45,5,0,0,0,0,119,1.0,1.0,0.12,0.08,0.0,255,20,0.08,0.07,0.0,1.0,1.0,0.0,1,20033.0
45,5,0,0,0,0,177,1.0,1.0,0.1,0.06,0.0,255,4,0.02,0.07,0.0,1.0,1.0,0.0,1,122676.0
17,5,0,0,0,0,246,1.0,1.0,0.02,0.07,0.0,255,6,0.02,0.07,0.0,1.0,1.0,0.0,1,68468.0
22,1,0,0,0,0,1,0.0,0.0,1.0,0.0,0.0,83,255,1.0,0.0,0.06,0.0,0.0,1.0,0,97546.0
4,5,0,0,0,0,240,1.0,1.0,0.01,0.06,0.0,255,2,0.01,0.05,0.0,1.0,1.0,0.0,1,44407.0
45,5,0,0,0,0,27,1.0,1.0,0.11,0.19,0.0,255,15,0.06,0.08,0.0,1.0,1.0,0.0,1,87052.0
45,9,1,0,0,0,33,0.0,0.0,0.33,0.09,0.0,255,25,0.1,0.58,0.0,0.16,0.0,0.0,1,95742.0
22,9,336,185,0,1,8,0.0,0.0,1.0,0.0,0.0,90,255,1.0,0.0,0.01,0.02,0.01,0.0,0,100744.0
49,9,1996,338,0,1,1,0.0,0.0,1.0,0.0,0.0,90,148,0.49,0.08,0.01,0.0,0.0,0.0,0,106184.0
45,4,1,0,0,0,2,0.0,0.0,1.0,0.0,0.0,255,2,0.01,0.5,0.0,0.0,0.0,1.0,1,47520.0
40,1,0,0,0,0,511,0.44,0.0,0.0,1.0,0.0,255,1,0.0,1.0,0.0,0.4,0.0,1.0,1,36044.0
22,9,286,1773,0,1,31,0.0,0.0,1.0,0.0,0.0,255,255,1.0,0.0,0.0,0.0,0.0,0.0,0,105723.0
22,9,54540,8314,0,1,3,0.0,0.0,1.0,0.0,0.0,21,21,1.0,0.0,0.0,0.0,0.0,0.05,0,49226.0
19,9,641,0,0,0,1,0.0,0.0,1.0,0.0,0.0,44,101,0.8,0.07,0.02,0.0,0.0,0.0,0,96367.0
16,5,0,0,0,0,115,1.0,1.0,0.17,0.07,0.0,255,20,0.08,0.07,0.0,1.0,1.0,0.0,1,45829.0
45,5,0,0,0,0,58,1.0,1.0,0.21,0.07,0.0,255,12,0.05,0.05,0.0,1.0,1.0,0.0,1,119850.0
22,9,306,1380,0,1,6,0.0,0.0,1.0,0.0,0.0,255,248,0.97,0.01,0.0,0.0,0.0,0.0,0,46952.0
13,9,18,0,0,0,1,0.0,0.0,1.0,0.0,0.0,3,207,1.0,0.0,0.25,0.0,0.0,0.0,1,78028.0
22,9,211,304,0,1,15,0.0,0.0,1.0,0.0,0.11,255,255,1.0,0.0,0.0,0.0,0.0,0.0,0,19276.0
19,5,0,0,0,0,27,0.96,1.0,0.3,0.15,0.0,255,15,0.06,0.06,0.0,1.0,1.0,0.0,1,62478.0
22,9,333,1724,0,1,2,0.0,0.0,1.0,0.0,0.0,255,255,1.0,0.0,0.0,0.0,0.0,0.0,0,94622.0
11,9,42,42,0,0,1,0.0,0.0,1.0,0.0,0.0,255,242,0.95,0.01,0.0,0.0,0.0,0.0,0,8236.0
54,5,0,0,0,0,262,1.0,1.0,0.01,0.06,0.0,255,2,0.01,0.06,0.0,1.0,1.0,0.0,1,69252.0
22,9,310,301,0,1,10,0.0,0.0,1.0,0.0,0.09,23,255,1.0,0.0,0.04,0.0,0.0,0.0,0,73600.0
22,9,266,25618,0,1,1,0.0,0.0,1.0,0.0,0.0,7,255,1.0,0.0,0.01,0.0,0.0,0.0,0,96327.0
13,9,8,0,0,0,1,0.0,0.0,1.0,0.0,1.0,3,41,1.0,0.0,0.27,0.0,0.0,0.0,1,90397.0
49,9,1173,330,0,1,1,0.0,0.0,1.0,0.0,0.0,34,32,0.94,0.06,0.0,0.0,0.0,0.0,0,14914.0
22,9,214,1337,0,1,34,0.0,0.0,1.0,0.0,0.0,255,255,1.0,0.0,0.0,0.0,0.0,0.0,0,66474.0
11,9,45,129,0,0,135,0.0,0.0,1.0,0.0,0.02,255,254,1.0,0.01,0.0,0.0,0.0,0.0,0,21865.0
22,9,258,502,0,1,3,0.0,0.0,1.0,0.0,0.0,169,255,1.0,0.0,0.04,0.0,0.0,0.0,0,88817.0
49,9,768,331,0,1,1,0.0,0.0,1.0,0.0,0.0,114,113,0.57,0.04,0.02,0.0,0.0,0.0,0,5431.0
22,9,161,1183,0,1,1,0.0,0.0,1.0,0.0,0.67,131,255,1.0,0.0,0.02,0.01,0.0,0.0,0,62261.0
33,5,0,0,0,0,184,1.0,1.0,0.1,0.08,0.0,255,19,0.07,0.07,0.0,1.0,1.0,0.0,1,50913.0
19,9,9178,0,0,1,6,0.0,0.0,1.0,0.0,0.0,6,71,1.0,0.0,0.03,0.0,0.01,0.0,0,53463.0
22,5,0,0,0,0,275,1.0,1.0,0.09,0.05,0.0,255,24,0.09,0.05,0.0,1.0,1.0,0.0,1,61614.0
11,9,44,44,0,0,200,0.0,0.0,1.0,0.0,0.01,255,166,0.65,0.01,0.0,0.0,0.0,0.0,0,16647.0
53,10,0,0,0,0,1,1.0,1.0,1.0,0.0,0.0,215,1,0.0,0.95,0.0,0.96,1.0,0.0,1,41595.0
45,5,0,0,0,0,121,1.0,1.0,0.05,0.07,0.0,255,15,0.06,0.09,0.0,1.0,1.0,0.0,1,57779.0
22,9,212,4556,0,1,6,0.0,0.0,1.0,0.0,0.27,255,255,1.0,0.0,0.0,0.0,0.0,0.13,0,29904.0
22,9,248,238,0,1,1,0.0,0.0,1.0,0.0,0.25,4,255,1.0,0.0,0.03,0.0,0.02,0.0,0,37765.0
4,5,0,0,0,0,272,1.0,1.0,0.05,0.06,0.0,255,14,0.05,0.07,0.0,1.0,1.0,0.0,1,37615.0
45,5,0,0,0,0,161,1.0,1.0,0.01,0.07,0.0,255,6,0.02,0.08,0.0,1.0,1.0,0.0,1,58492.0
1,9,486700,231624,0,1,2,0.0,0.0,1.0,0.0,0.0,4,4,1.0,0.0,0.0,0.0,0.0,0.25,0,8814.0
19,9,383,0,0,1,2,0.0,0.0,1.0,0.0,0.0,255,115,0.45,0.01,0.0,0.0,0.0,0.0,0,107990.0
22,9,190,1337,0,1,8,0.0,0.0,1.0,0.0,0.0,31,255,1.0,0.0,0.01,0.0,0.0,0.0,0,75454.0
13,9,8,0,0,0,1,0.0,0.0,1.0,0.0,1.0,2,129,1.0,0.0,0.5,0.0,0.0,0.0,1,69047.0
19,9,641,0,0,1,2,0.0,0.0,1.0,0.0,0.0,243,89,0.37,0.02,0.0,0.0,0.0,0.0,0,44295.0
40,9,145,105,0,0,1,0.0,0.0,1.0,0.0,0.0,255,3,0.01,0.53,0.0,0.0,0.0,0.0,0,76460.0
22,1,0,0,0,0,1,0.0,0.0,1.0,0.0,1.0,71,63,0.89,0.03,0.0,0.0,0.0,1.0,0,110936.0
19,9,12983,0,0,0,1,0.0,0.0,1.0,0.0,0.0,113,34,0.15,0.04,0.06,0.0,0.0,0.0,0,111175.0
11,9,44,78,0,0,290,0.0,0.0,1.0,0.0,0.0,255,254,1.0,0.01,0.0,0.0,0.0,0.0,0,84248.0
19,9,383,0,0,1,3,0.0,0.0,1.0,0.0,0.0,255,110,0.43,0.02,0.0,0.0,0.01,0.0,0,34319.0
40,9,146,105,0,0,1,0.0,0.0,1.0,0.0,0.0,255,1,0.0,0.62,0.0,0.0,0.0,0.0,0,41697.0
45,5,0,0,0,0,132,1.0,1.0,0.05,0.07,0.0,255,14,0.05,0.07,0.0,1.0,1.0,0.0,1,4197.0
45,1,0,0,0,0,220,0.0,0.0,0.05,0.06,0.0,255,10,0.04,0.09,0.0,0.0,0.0,1.0,1,52282.0
45,5,0,0,0,0,103,1.0,1.0,0.17,0.06,0.0,255,27,0.11,0.05,0.0,1.0,1.0,0.0,1,103646.0
22,9,219,16262,0,1,7,0.0,0.0,1.0,0.0,0.0,255,255,1.0,0.0,0.0,0.0,0.0,0.0,0,98371.0
11,9,42,75,0,0,152,0.0,0.0,1.0,0.0,0.0,255,226,0.89,0.01,0.0,0.0,0.0,0.0,0,74136.0
19,9,501760,0,0,1,2,0.0,0.0,1.0,0.0,0.0,42,98,0.14,0.07,0.02,0.0,0.0,0.0,0,7893.0
11,9,45,75,0,0,59,0.0,0.0,1.0,0.0,0.0,220,199,0.9,0.01,0.0,0.0,0.0,0.0,0,122922.0
49,9,1688,337,0,1,1,0.0,0.0,1.0,0.0,0.0,127,171,0.56,0.03,0.01,0.0,0.0,0.0,0,58535.0
37,5,0,0,0,0,143,1.0,1.0,0.1,0.06,0.0,255,10,0.04,0.06,0.0,1.0,1.0,0.0,1,19782.0
11,9,43,77,0,0,224,0.0,0.0,1.0,0.0,0.0,255,255,1.0,0.0,0.0,0.0,0.0,0.0,0,47162.0
44,5,0,0,0,0,131,1.0,1.0,0.11,0.05,0.0,255,8,0.03,0.07,0.0,1.0,1.0,0.0,1,6679.0
22,5,0,0,0,0,207,1.0,1.0,0.08,0.06,0.0,255,16,0.06,0.08,0.0,1.0,1.0,0.0,1,71618.0
45,5,0,0,0,0,139,0.81,1.0,0.01,0.06,0.0,255,11,0.04,0.06,0.0,1.0,1.0,0.0,1,79730.0
49,9,1441,330,0,1,1,0.0,0.0,1.0,0.0,0.0,57,134,0.21,0.12,0.01,0.0,0.0,0.0,0,93388.0
49,9,871,328,0,1,1,0.0,0.0,1.0,0.0,0.0,39,36,0.92,0.08,0.0,0.0,0.0,0.0,0,97987.0
40,9,145,105,0,0,1,0.0,0.0,1.0,0.0,0.0,255,3,0.01,0.69,0.0,0.0,0.0,0.0,0,46193.0
21,5,0,0,0,0,285,1.0,1.0,0.05,0.06,0.0,255,10,0.04,0.08,0.0,1.0,1.0,0.0,1,124370.0
45,4,1,0,0,0,2,0.0,0.0,1.0,0.0,0.0,255,2,0.01,0.73,0.0,0.0,0.0,1.0,1,87929.0
11,9,46,46,0,0,90,0.0,0.0,1.0,0.0,0.03,210,145,0.69,0.02,0.0,0.0,0.0,0.0,0,75435.0
11,9,28,88,0,0,1,0.0,0.0,1.0,0.0,0.0,255,242,0.95,0.02,0.0,0.0,0.0,0.0,0,88774.0
11,9,44,130,0,0,149,0.0,0.0,1.0,0.0,0.01,255,254,1.0,0.01,0.0,0.0,0.0,0.0,0,63625.0
55,5,0,0,0,0,66,1.0,1.0,0.3,0.06,0.0,255,73,0.29,0.02,0.0,1.0,1.0,0.0,1,18613.0
22,9,289,1760,0,1,14,0.0,0.0,1.0,0.0,0.13,255,255,1.0,0.0,0.0,0.0,0.0,0.0,0,33162.0
40,9,147,0,0,0,1,0.0,0.0,1.0,0.0,0.0,255,1,0.0,0.41,0.0,0.0,0.0,0.0,0,54486.0
45,5,0,0,0,0,125,1.0,1.0,0.12,0.07,0.0,255,15,0.06,0.07,0.0,1.0,1.0,0.0,1,75872.0
6,5,0,0,0,0,147,1.0,1.0,0.16,0.04,0.0,255,23,0.09,0.05,0.0,1.0,1.0,0.0,1,117157.0
15,1,0,0,0,0,131,0.0,0.0,0.04,0.06,0.0,255,5,0.02,0.07,0.0,0.0,0.0,1.0,1,107935.0
45,5,0,0,0,0,186,1.0,1.0,0.03,0.06,0.0,255,16,0.06,0.06,0.0,1.0,1.0,0.0,1,121297.0
49,9,2139,331,0,1,1,0.0,0.0,1.0,0.0,1.0,255,103,0.4,0.21,0.0,0.0,0.0,0.0,0,27969.0
45,5,0,0,0,0,23,1.0,1.0,0.09,0.13,0.0,255,12,0.05,0.07,0.0,1.0,1.0,0.0,1,122605.0
22,9,357,5082,0,1,5,0.0,0.0,1.0,0.0,0.0,255,255,1.0,0.0,0.0,0.0,0.0,0.0,0,84222.0
40,9,113,0,0,0,11,0.0,0.0,1.0,0.0,0.0,25,11,0.44,0.16,0.0,0.0,0.0,0.0,0,119196.0
19,9,748,0,0,1,1,0.0,0.0,1.0,0.0,0.0,235,79,0.34,0.04,0.0,0.0,0.01,0.0,0,109270.0
32,5,0,0,0,0,245,1.0,1.0,0.01,0.06,0.0,255,3,0.01,0.06,0.0,1.0,1.0,0.0,1,9278.0
45,5,0,0,0,0,112,1.0,1.0,0.12,0.05,0.0,255,11,0.04,0.07,0.0,1.0,1.0,0.0,1,59737.0
40,1,0,0,0,0,511,0.14,0.0,0.0,1.0,0.0,255,1,0.0,1.0,0.0,0.12,0.0,1.0,1,22762.0
45,5,0,0,0,0,211,1.0,1.0,0.07,0.05,0.0,255,14,0.05,0.05,0.0,1.0,1.0,0.0,1,124347.0
49,9,2168,402,0,1,1,0.0,0.0,1.0,0.0,0.0,255,19,0.07,0.02,0.0,0.92,0.0,0.0,0,29164.0
40,9,146,105,0,0,2,0.0,0.0,1.0,0.0,0.0,255,2,0.01,0.48,0.0,0.0,0.0,0.0,0,121080.0
20,1,0,0,0,0,270,0.0,0.0,0.06,0.07,0.0,255,17,0.07,0.07,0.0,0.0,0.0,1.0,1,4228.0
22,9,209,984,0,1,4,0.0,0.0,1.0,0.0,0.5,255,255,1.0,0.0,0.0,0.0,0.0,0.0,0,56697.0
22,9,288,1243,0,1,20,0.0,0.0,1.0,0.0,0.11,221,255,1.0,0.0,0.02,0.0,0.0,0.0,0,34026.0
13,9,8,0,0,0,1,0.0,0.0,1.0,0.0,1.0,2,129,1.0,0.0,0.5,0.0,0.0,0.0,1,42550.0
45,1,0,0,0,0,77,0.09,0.0,0.01,1.0,0.0,255,1,0.0,0.58,0.0,0.03,0.0,1.0,1,47943.0
13,9,8,0,0,0,1,0.0,0.0,1.0,0.0,1.0,2,3,1.0,0.0,0.67,0.0,0.0,0.0,1,61149.0
11,9,44,80,0,0,266,0.0,0.0,1.0,0.0,0.01,255,222,0.87,0.01,0.0,0.0,0.0,0.0,0,38192.0
22,9,231,5370,0,1,4,0.0,0.0,1.0,0.0,0.09,5,255,1.0,0.0,0.07,0.0,0.0,0.0,0,7025.0
22,9,304,1380,0,1,3,0.0,0.0,1.0,0.0,0.0,255,228,0.89,0.01,0.0,0.0,0.0,0.0,0,81944.0
22,1,0,0,0,0,511,0.0,0.0,0.0,0.0,0.0,239,201,0.84,0.01,0.0,0.0,0.0,1.0,1,14228.0
14,9,1032,0,0,0,510,0.0,0.0,1.0,0.0,0.0,255,85,0.33,0.12,0.0,0.0,0.0,0.0,1,48700.0
19,9,2194619,0,0,1,2,0.0,0.0,1.0,0.0,0.0,55,79,0.45,0.05,0.03,0.0,0.0,0.0,0,121720.0
22,9,289,6329,0,1,9,0.0,0.0,1.0,0.0,0.0,255,255,1.0,0.0,0.0,0.0,0.0,0.0,0,97890.0
45,1,0,0,0,0,82,0.0,0.0,0.17,0.06,0.0,255,18,0.07,0.05,0.0,0.0,0.0,1.0,1,34078.0
17,5,0,0,0,0,40,1.0,1.0,0.25,0.1,0.0,255,63,0.25,0.02,0.0,1.0,1.0,0.0,1,16705.0
45,1,0,0,0,0,239,0.0,0.0,0.05,0.07,0.0,255,11,0.04,0.06,0.0,0.0,0.0,1.0,1,42017.0
22,9,368,200,0,1,12,0.0,0.0,1.0,0.0,0.0,132,255,1.0,0.0,0.02,0.0,0.0,0.0,0,5624.0
22,1,0,0,0,0,1,0.0,0.0,1.0,0.0,0.0,1,24,1.0,0.0,0.17,0.0,0.0,1.0,0,99497.0
22,9,176,2835,0,1,4,0.0,0.0,1.0,0.0,0.09,12,255,1.0,0.0,0.03,0.0,0.0,0.0,0,112003.0
2,1,0,0,0,0,107,0.0,0.0,0.07,0.07,0.0,255,7,0.03,0.07,0.0,0.0,0.0,1.0,1,31802.0
28,1,0,0,0,0,140,0.0,0.0,0.07,0.06,0.0,255,6,0.02,0.08,0.0,0.0,0.0,1.0,1,69100.0
22,1,0,0,0,0,1,0.0,0.0,1.0,0.0,0.0,12,255,1.0,0.0,0.28,0.0,0.0,1.0,0,125279.0
2,5,0,0,0,0,177,1.0,1.0,0.02,0.08,0.0,255,1,0.0,0.08,0.0,1.0,1.0,0.0,1,83599.0
45,1,0,0,0,0,239,0.0,0.0,0.08,0.06,0.0,255,20,0.08,0.06,0.0,0.0,0.0,1.0,1,81072.0
22,9,326,5131,0,1,1,0.0,0.0,1.0,0.0,0.0,33,255,1.0,0.0,0.05,0.0,0.0,0.0,0,57041.0
55,9,104,2085,0,1,1,0.0,0.0,1.0,0.0,0.0,243,2,0.01,0.02,0.0,0.0,0.0,0.0,0,20873.0
22,9,338,283,0,1,6,0.0,0.0,1.0,0.0,0.0,255,240,0.94,0.02,0.0,0.0,0.0,0.0,0,92625.0
11,9,36,101,0,0,2,0.0,0.0,0.5,1.0,0.0,143,128,0.9,0.02,0.0,0.0,0.0,0.0,0,113464.0
49,9,3308,370,0,1,1,0.0,0.0,1.0,0.0,0.0,92,40,0.43,0.03,0.0,0.0,0.0,0.0,0,79208.0
19,5,0,0,0,0,279,1.0,1.0,0.04,0.06,0.0,255,11,0.04,0.09,0.0,1.0,1.0,0.0,1,22715.0
22,9,231,2698,0,1,4,0.0,0.0,1.0,0.0,0.0,255,239,0.94,0.01,0.0,0.0,0.0,0.0,0,5773.0
22,9,244,1408,0,1,7,0.0,0.0,1.0,0.0,0.0,21,255,1.0,0.0,0.02,0.0,0.01,0.0,0,99783.0
2,5,0,0,0,0,256,1.0,1.0,0.03,0.06,0.0,255,8,0.03,0.07,0.0,1.0,1.0,0.0,1,117389.0
45,1,0,0,0,0,121,0.0,0.0,0.14,0.06,0.0,255,17,0.07,0.05,0.0,0.0,0.0,1.0,1,122934.0
22,9,233,4369,0,1,6,0.0,0.0,1.0,0.0,0.22,81,255,1.0,0.0,0.02,0.0,0.04,0.0,0,47073.0
4,1,0,0,0,0,201,0.0,0.0,0.0,0.07,0.0,255,1,0.0,0.07,0.0,0.0,0.0,1.0,1,100408.0
20,5,0,0,0,0,239,1.0,1.0,0.02,0.07,0.0,255,4,0.02,0.07,0.0,1.0,1.0,0.0,1,110273.0
11,9,42,108,0,0,1,0.0,0.0,1.0,0.0,0.0,54,209,0.69,0.06,0.01,0.0,0.0,0.0,0,43522.0
19,9,12286,0,0,1,4,0.0,0.0,1.0,0.0,0.4,199,88,0.39,0.02,0.02,0.0,0.0,0.0,0,31234.0
40,9,146,105,0,0,2,0.0,0.0,1.0,0.0,0.0,255,2,0.01,0.59,0.0,0.0,0.0,0.0,0,99982.0
22,9,187,313,0,1,11,0.0,0.0,1.0,0.0,0.14,232,255,1.0,0.0,0.02,0.0,0.0,0.0,0,110673.0
17,5,0,0,0,0,59,1.0,1.0,0.31,0.07,0.0,255,66,0.26,0.02,0.0,1.0,1.0,0.0,1,14427.0
13,9,8,0,0,0,1,0.0,0.0,1.0,0.0,1.0,1,105,1.0,0.0,0.5,0.0,0.0,0.0,1,46994.0
13,9,8,0,0,0,1,0.0,0.0,1.0,0.0,1.0,2,102,1.0,0.0,0.51,0.0,0.0,0.0,1,40505.0
11,9,34,0,0,0,2,0.0,0.0,1.0,0.0,0.5,255,22,0.09,0.03,0.0,0.0,0.0,0.0,0,37042.0
52,5,0,0,0,0,237,1.0,1.0,0.03,0.07,0.0,255,7,0.03,0.07,0.0,1.0,1.0,0.0,1,39617.0
14,9,1032,0,0,0,510,0.0,0.0,1.0,0.0,0.0,255,140,0.55,0.17,0.0,0.0,0.0,0.0,1,45044.0
22,9,241,8765,0,1,1,0.0,0.0,1.0,0.0,0.0,69,255,1.0,0.0,0.01,0.0,0.0,0.0,0,28315.0
11,9,45,77,0,0,252,0.0,0.0,1.0,0.0,0.0,255,225,0.88,0.01,0.0,0.0,0.0,0.0,0,34014.0
22,9,54540,8314,0,1,5,0.2,0.2,1.0,0.0,0.0,31,31,1.0,0.0,0.0,0.03,0.03,0.03,0,111415.0
14,9,1032,0,0,0,511,0.0,0.0,1.0,0.0,0.0,255,28,0.11,0.11,0.0,0.11,0.0,0.0,1,29328.0
22,9,287,925,0,1,5,0.0,0.0,1.0,0.0,0.0,17,105,1.0,0.0,0.05,0.0,0.0,0.0,0,6180.0
49,9,1323,363,0,1,1,0.0,0.0,1.0,0.0,0.0,51,179,0.96,0.04,0.02,0.0,0.0,0.0,0,7556.0
45,5,0,0,0,0,269,1.0,1.0,0.06,0.06,0.0,255,3,0.01,0.09,0.0,1.0,1.0,0.0,1,67895.0
22,9,224,260,0,1,14,0.0,0.0,1.0,0.0,0.0,34,64,1.0,0.0,0.05,0.0,0.0,0.0,0,3467.0
22,9,340,798,0,1,19,0.0,0.0,1.0,0.0,0.0,255,255,1.0,0.0,0.0,0.0,0.0,0.0,0,92858.0
11,9,43,66,0,0,273,0.0,0.0,1.0,0.0,0.0,255,254,1.0,0.01,0.0,0.0,0.0,0.0,0,61612.0
49,9,1453,332,0,1,1,0.0,0.0,1.0,0.0,1.0,111,159,0.8,0.05,0.01,0.01,0.01,0.0,0,52590.0
19,9,12983,0,0,1,2,0.0,0.0,1.0,0.0,0.0,61,26,0.43,0.07,0.0,0.0,0.0,0.0,0,82227.0
49,9,122,232,0,1,1,0.0,0.0,1.0,0.0,0.0,87,43,0.2,0.82,0.05,0.01,0.02,0.05,0,15449.0
13,9,8,0,0,0,1,0.0,0.0,1.0,0.0,1.0,2,34,1.0,0.0,0.5,0.0,0.0,0.0,1,33048.0
18,9,1168,2445,0,1,1,0.0,0.0,1.0,0.0,0.0,182,10,0.05,0.03,0.0,0.01,0.0,0.0,0,76896.0
40,1,0,0,0,0,511,0.11,0.0,0.0,1.0,0.0,255,1,0.0,1.0,0.0,0.15,0.0,1.0,1,71298.0
15,5,0,0,0,0,116,1.0,1.0,0.16,0.04,0.0,255,18,0.07,0.04,0.0,1.0,1.0,0.0,1,28394.0
6,5,0,0,0,0,284,1.0,1.0,0.05,0.06,0.0,255,13,0.05,0.08,0.0,1.0,1.0,0.0,1,33373.0
45,4,0,0,0,0,1,0.0,0.0,1.0,0.0,0.0,255,1,0.0,0.94,0.0,0.0,0.0,1.0,1,18243.0
49,9,1317,334,0,1,1,0.0,0.0,1.0,0.0,0.0,93,53,0.57,0.05,0.0,0.0,0.0,0.0,0,32953.0
22,9,297,753,0,1,39,0.0,0.0,1.0,0.0,0.06,255,255,1.0,0.0,0.0,0.0,0.0,0.0,0,51873.0
21,5,0,0,0,0,244,1.0,1.0,0.07,0.07,0.0,255,18,0.07,0.07,0.0,1.0,1.0,0.0,1,40096.0
24,5,0,0,0,0,134,1.0,1.0,0.13,0.07,0.0,255,1,0.0,0.09,0.0,1.0,1.0,0.0,1,124996.0
22,9,202,2091,0,1,5,0.0,0.0,1.0,0.0,0.0,24,255,1.0,0.0,0.02,0.0,0.0,0.0,0,97520.0
45,1,0,0,0,0,185,0.1,0.0,0.01,1.0,0.0,255,1,0.0,0.87,0.0,0.07,0.0,1.0,1,38549.0
22,9,314,1528,0,1,11,0.0,0.0,1.0,0.0,0.0,255,255,1.0,0.0,0.0,0.0,0.0,0.05,0,87169.0
45,5,0,0,0,0,280,1.0,1.0,0.06,0.06,0.0,255,1,0.0,0.08,0.0,1.0,1.0,0.0,1,88250.0
11,9,44,70,0,0,144,0.0,0.0,0.99,0.01,0.02,255,247,0.97,0.01,0.0,0.0,0.0,0.0,0,100010.0
55,4,449,16294,0,1,1,0.0,0.0,1.0,0.0,0.0,2,1,0.5,1.0,0.0,0.5,0.0,1.0,0,32250.0
20,5,0,0,0,0,248,1.0,1.0,0.08,0.05,0.0,255,19,0.07,0.05,0.0,1.0,1.0,0.0,1,113951.0
19,9,3909,0,0,1,5,0.0,0.0,1.0,0.0,0.0,255,50,0.2,0.05,0.0,0.38,0.0,0.0,0,77829.0
49,9,964,400,0,1,1,0.0,0.0,1.0,0.0,1.0,95,167,0.82,0.04,0.01,0.01,0.0,0.0,0,75134.0
22,9,319,595,0,1,4,0.0,0.0,1.0,0.0,0.0,255,255,1.0,0.0,0.0,0.0,0.0,0.0,0,2644.0
22,9,253,1977,0,1,2,0.0,0.0,1.0,0.0,0.0,255,250,0.98,0.02,0.0,0.0,0.0,0.0,0,12812.0
13,9,18,0,0,0,1,0.0,0.0,1.0,0.0,0.0,1,42,1.0,0.0,1.0,0.0,0.0,0.0,1,79052.0
40,9,147,105,0,0,1,0.0,0.0,1.0,0.0,0.0,255,1,0.0,0.47,0.0,0.0,0.0,0.0,0,73416.0
45,1,0,0,0,0,77,0.0,0.0,0.06,0.06,0.0,255,5,0.02,0.06,0.0,0.0,0.0,1.0,1,36496.0
53,1,0,0,0,0,229,0.0,0.0,0.07,0.07,0.0,255,15,0.06,0.07,0.0,0.0,0.0,1.0,1,62008.0
51,5,0,0,0,0,131,1.0,1.0,0.09,0.05,0.0,255,10,0.04,0.06,0.0,1.0,1.0,0.0,1,78703.0
45,9,1,0,0,0,30,0.0,0.0,0.1,0.13,0.0,255,3,0.01,0.49,0.0,0.16,0.0,0.0,1,44943.0
45,1,0,0,0,0,76,0.0,0.0,0.05,0.08,0.0,255,4,0.02,0.08,0.0,0.0,0.0,1.0,1,37889.0
22,9,199,2360,0,1,2,0.0,0.0,1.0,0.0,0.29,15,216,1.0,0.0,0.02,0.0,0.0,0.27,0,84599.0
25,5,0,0,0,0,240,1.0,1.0,0.06,0.07,0.0,255,14,0.05,0.07,0.0,1.0,1.0,0.0,1,48846.0
2,5,0,0,0,0,252,1.0,1.0,0.01,0.06,0.0,255,18,0.07,0.07,0.0,1.0,1.0,0.0,1,116361.0
22,9,292,313,0,1,24,0.0,0.0,1.0,0.0,0.09,255,255,1.0,0.0,0.0,0.0,0.0,0.0,0,64856.0
22,1,0,0,0,0,2,0.0,0.0,1.0,0.0,0.0,15,255,1.0,0.0,0.24,0.0,0.0,1.0,0,95455.0
22,9,286,1108,0,1,2,0.0,0.0,1.0,0.0,0.67,255,255,1.0,0.0,0.0,0.0,0.0,0.0,0,9118.0
49,9,1494,336,0,1,1,0.0,0.0,1.0,0.0,0.0,97,204,0.74,0.03,0.01,0.0,0.0,0.0,0,47181.0
42,5,0,0,0,0,209,1.0,1.0,0.03,0.06,0.0,255,15,0.06,0.06,0.0,1.0,1.0,0.0,1,80393.0
19,9,383,0,0,1,2,0.0,0.0,1.0,0.0,0.0,237,81,0.34,0.02,0.0,0.0,0.0,0.0,0,48287.0
11,9,45,130,0,0,92,0.0,0.0,1.0,0.0,0.01,255,255,1.0,0.0,0.0,0.0,0.0,0.0,0,77151.0
22,9,232,453,0,1,25,0.0,0.0,1.0,0.0,0.0,255,255,1.0,0.0,0.0,0.0,0.0,0.0,0,110705.0
11,9,45,135,0,0,24,0.0,0.0,1.0,0.0,0.01,82,200,0.82,0.02,0.01,0.0,0.0,0.0,0,64656.0
22,9,324,4845,0,1,1,0.0,0.0,1.0,0.0,0.0,126,255,1.0,0.0,0.04,0.0,0.0,0.0,0,41019.0
11,9,42,42,0,0,144,0.0,0.0,1.0,0.0,0.01,255,255,1.0,0.0,0.0,0.0,0.0,0.0,0,29147.0
14,9,1032,0,0,0,511,0.0,0.0,1.0,0.0,0.0,167,22,0.13,0.02,0.0,0.0,0.0,0.0,1,110042.0
22,9,187,2097,0,1,19,0.0,0.0,1.0,0.0,0.0,38,255,1.0,0.0,0.04,0.0,0.0,0.0,0,96295.0
17,5,0,0,0,0,285,1.0,1.0,0.03,0.05,0.0,255,9,0.04,0.05,0.0,1.0,1.0,0.0,1,99098.0
19,9,10389,0,0,1,6,0.0,0.0,1.0,0.0,0.0,255,88,0.35,0.02,0.0,0.0,0.0,0.0,0,75743.0
11,9,76,32,0,0,2,0.0,0.0,0.5,1.0,0.3,42,29,0.69,0.05,0.0,0.0,0.0,0.0,0,53041.0
19,9,884,0,0,1,1,0.0,0.0,1.0,0.0,0.0,212,61,0.24,0.03,0.03,0.0,0.0,0.0,0,3800.0
22,9,319,2304,0,1,7,0.0,0.0,1.0,0.0,0.15,255,255,1.0,0.0,0.0,0.0,0.0,0.0,0,90027.0
45,9,1,0,0,0,16,0.0,0.0,0.62,0.31,0.0,255,10,0.04,0.78,0.0,0.1,0.0,0.0,1,77541.0
13,9,8,0,0,0,1,0.0,0.0,1.0,0.0,1.0,1,247,1.0,0.0,0.5,0.0,0.0,0.0,1,13135.0
3,2,10,36,0,0,1,0.0,0.0,1.0,0.0,0.0,255,3,0.01,0.02,0.0,0.0,0.0,0.33,0,2877.0
45,5,0,0,0,0,128,1.0,1.0,0.01,0.06,0.0,255,18,0.07,0.07,0.0,1.0,1.0,0.0,1,92297.0
22,9,272,4695,0,1,2,0.0,0.0,1.0,0.0,0.25,78,255,1.0,0.0,0.03,0.0,0.01,0.0,0,25503.0
22,9,308,318,0,1,4,0.25,0.33,1.0,0.0,0.33,186,255,1.0,0.0,0.02,0.01,0.0,0.0,0,125318.0
45,5,0,0,0,0,194,1.0,1.0,0.07,0.06,0.0,255,14,0.05,0.07,0.0,1.0,1.0,0.0,1,29354.0
32,5,0,0,0,0,87,1.0,1.0,0.22,0.08,0.0,255,19,0.07,0.06,0.0,1.0,1.0,0.0,1,1546.0
22,9,317,646,0,1,17,0.0,0.0,1.0,0.0,0.0,69,255,1.0,0.0,0.04,0.0,0.0,0.0,0,117721.0
45,5,0,0,0,0,190,1.0,1.0,0.02,0.06,0.0,255,16,0.06,0.07,0.0,1.0,1.0,0.0,1,75109.0
3,5,0,0,0,0,260,1.0,1.0,0.04,0.05,0.0,255,11,0.04,0.05,0.0,1.0,1.0,0.0,1,120092.0
45,5,0,0,0,0,125,1.0,1.0,0.06,0.06,0.0,49,13,0.27,0.14,0.0,1.0,1.0,0.0,1,101413.0
40,9,516,4,0,0,178,0.0,0.0,1.0,0.0,0.0,178,178,1.0,0.0,0.0,0.0,0.0,0.0,0,52826.0
40,9,146,105,0,0,1,0.0,0.0,1.0,0.0,0.0,255,1,0.0,0.7,0.0,0.0,0.0,0.0,0,1097.0
45,2,0,0,0,0,149,0.0,0.0,0.06,0.06,0.0,255,9,0.04,0.06,0.0,0.0,0.0,1.0,1,87783.0
49,9,2285,333,0,1,1,0.0,0.0,1.0,0.0,0.0,59,107,0.53,0.08,0.03,0.0,0.0,0.0,0,102954.0
11,9,45,127,0,0,69,0.0,0.0,1.0,0.0,0.01,255,239,0.94,0.01,0.0,0.0,0.0,0.0,0,123527.0
19,5,0,0,0,0,36,0.97,1.0,0.31,0.11,0.0,255,9,0.04,0.07,0.0,1.0,1.0,0.0,1,66408.0
22,9,317,295,0,1,1,0.0,0.0,1.0,0.0,0.0,239,255,1.0,0.0,0.02,0.0,0.0,0.0,0,7953.0
22,9,330,1252,0,1,11,0.09,0.09,1.0,0.0,0.0,221,255,1.0,0.0,0.02,0.0,0.0,0.0,0,63597.0
40,9,147,105,0,0,2,0.0,0.0,1.0,0.0,0.0,255,2,0.01,0.85,0.0,0.0,0.0,0.0,0,87816.0
49,9,1345,335,0,1,1,0.0,0.0,1.0,0.0,0.0,17,17,1.0,0.0,0.0,0.0,0.0,0.0,0,65449.0
5,5,0,0,0,0,121,1.0,1.0,0.13,0.07,0.0,255,16,0.06,0.06,0.0,1.0,1.0,0.0,1,78791.0
20,5,0,0,0,0,228,1.0,1.0,0.0,0.06,0.0,255,1,0.0,0.06,0.0,1.0,1.0,0.0,1,50658.0
45,4,1,0,0,0,2,0.0,0.0,1.0,0.0,0.0,255,2,0.01,0.73,0.0,0.0,0.0,1.0,1,102422.0
40,9,145,0,0,0,3,0.0,0.0,0.33,0.67,0.0,255,1,0.0,0.22,0.0,0.0,0.0,0.0,0,14730.0
0,9,66,18,0,1,1,0.0,0.0,1.0,0.0,0.0,76,12,0.16,0.03,0.0,0.0,0.0,0.58,0,94233.0
22,9,54540,8314,0,1,4,0.0,0.0,1.0,0.0,0.0,222,222,1.0,0.0,0.0,0.0,0.0,0.06,0,81534.0
45,9,105,145,0,0,7,0.0,0.0,0.14,0.29,0.0,255,228,0.89,0.01,0.0,0.0,0.0,0.0,0,52540.0
11,9,46,87,0,0,132,0.0,0.0,1.0,0.0,0.02,255,225,0.88,0.01,0.0,0.0,0.0,0.0,0,11990.0
22,9,144,360,0,1,1,0.0,0.0,1.0,0.0,0.67,8,255,1.0,0.0,0.09,0.12,0.0,0.0,0,104730.0
31,1,0,0,0,0,106,0.0,0.0,0.19,0.08,0.0,255,3,0.01,0.09,0.0,0.0,0.0,1.0,1,30146.0
49,9,1276,368,0,1,1,0.0,0.0,1.0,0.0,1.0,172,182,0.68,0.08,0.01,0.01,0.0,0.04,0,21514.0
49,9,1832,331,0,1,1,0.0,0.0,1.0,0.0,1.0,62,52,0.44,0.03,0.04,0.0,0.0,0.0,0,104607.0
22,9,307,331,0,1,8,0.12,0.12,1.0,0.0,0.0,255,255,1.0,0.0,0.0,0.01,0.01,0.0,0,33353.0
45,5,0,0,0,0,244,1.0,1.0,0.05,0.07,0.0,255,12,0.05,0.09,0.0,1.0,1.0,0.0,1,12901.0
11,9,44,89,0,0,152,0.0,0.0,1.0,0.0,0.0,255,225,0.88,0.01,0.0,0.0,0.0,0.0,0,54258.0
22,5,0,0,0,0,20,1.0,0.95,1.0,0.0,0.1,20,20,1.0,0.0,0.0,1.0,1.0,0.0,1,56048.0
11,9,44,44,0,0,197,0.0,0.0,1.0,0.0,0.0,255,255,1.0,0.0,0.0,0.0,0.0,0.0,0,25749.0
49,9,1620,332,0,1,1,0.0,0.0,1.0,0.0,0.0,86,52,0.6,0.05,0.0,0.0,0.0,0.0,0,30640.0
12,5,0,0,0,0,202,1.0,1.0,0.06,0.06,0.0,255,13,0.05,0.07,0.0,1.0,1.0,0.0,1,46913.0
11,9,42,42,0,0,126,0.0,0.0,0.99,0.02,0.0,255,254,1.0,0.01,0.0,0.0,0.0,0.0,0,78735.0
22,9,243,3113,0,1,10,0.0,0.0,1.0,0.0,0.18,74,255,1.0,0.0,0.01,0.01,0.0,0.0,0,71498.0
16,2,0,0,0,0,145,0.0,0.0,0.11,0.06,0.0,255,16,0.06,0.07,0.0,0.0,0.0,1.0,1,12149.0
49,9,1072,330,0,1,1,0.0,0.0,1.0,0.0,1.0,130,222,0.79,0.02,0.01,0.0,0.0,0.0,0,51146.0
45,5,0,0,0,0,186,1.0,1.0,0.01,0.08,0.0,255,17,0.07,0.07,0.0,1.0,1.0,0.0,1,125376.0
11,9,73,44,0,0,128,0.0,0.0,1.0,0.0,0.0,255,166,0.65,0.01,0.0,0.0,0.0,0.0,0,98176.0
22,9,326,3853,0,1,19,0.05,0.05,1.0,0.0,0.0,39,255,1.0,0.0,0.07,0.03,0.01,0.0,0,57875.0
19,9,12,0,0,1,1,0.0,0.0,1.0,0.0,0.0,48,39,0.21,0.12,0.05,0.0,0.0,0.0,0,9359.0
45,5,0,0,0,0,213,1.0,1.0,0.04,0.07,0.0,255,8,0.03,0.08,0.0,1.0,1.0,0.0,1,45753.0
29,5,0,0,0,0,237,1.0,1.0,0.02,0.07,0.0,255,5,0.02,0.06,0.0,1.0,1.0,0.0,1,78550.0
45,9,28,0,3,0,51,0.0,0.0,1.0,0.0,0.0,255,18,0.07,0.01,0.0,0.0,0.0,0.0,1,53908.0
13,9,8,0,0,0,1,0.0,0.0,1.0,0.0,1.0,1,62,1.0,0.0,0.52,0.0,0.0,0.0,1,78578.0
28,5,0,0,0,0,125,1.0,1.0,0.02,0.07,0.0,255,2,0.01,0.06,0.0,1.0,1.0,0.0,1,90734.0
45,5,0,0,0,0,121,1.0,1.0,0.12,0.05,0.0,255,15,0.06,0.05,0.0,1.0,1.0,0.0,1,24085.0
49,9,2576,330,0,1,1,0.0,0.0,1.0,0.0,0.0,71,58,0.82,0.06,0.0,0.0,0.0,0.02,0,107210.0
11,9,42,42,0,0,166,0.0,0.0,1.0,0.0,0.0,255,255,1.0,0.0,0.0,0.0,0.0,0.0,0,46046.0
19,9,374,0,0,1,6,0.0,0.0,1.0,0.0,0.0,255,119,0.47,0.03,0.0,0.0,0.0,0.0,0,46933.0
17,2,0,0,0,0,244,0.0,0.0,0.07,0.06,0.0,255,18,0.07,0.07,0.0,0.0,0.0,1.0,1,18661.0
45,5,0,0,0,0,299,1.0,1.0,0.05,0.05,0.0,255,2,0.01,0.07,0.0,1.0,1.0,0.0,1,47578.0
49,9,3168,332,0,1,1,0.0,0.0,1.0,0.0,1.0,34,172,0.88,0.09,0.01,0.0,0.0,0.0,0,78038.0
45,1,0,0,0,0,1,0.0,0.0,1.0,0.0,0.0,22,1,0.05,1.0,0.0,0.0,0.0,1.0,1,117834.0
49,9,1580,331,0,1,1,0.0,0.0,1.0,0.0,1.0,88,165,0.73,0.05,0.01,0.0,0.0,0.0,0,43511.0
19,9,12,0,0,1,1,0.0,0.0,1.0,0.0,0.67,18,65,0.22,0.17,0.03,0.0,0.0,0.0,0,50127.0
11,9,95,40,0,0,9,0.0,0.0,1.0,0.0,0.18,255,245,0.96,0.01,0.0,0.0,0.0,0.0,0,73991.0
55,9,241,1888,0,1,1,0.0,0.0,1.0,0.0,0.0,255,8,0.03,0.09,0.0,0.83,0.38,0.25,0,21309.0
55,9,127,1400,0,1,1,0.0,0.0,1.0,0.0,0.0,255,51,0.2,0.02,0.0,0.56,0.71,0.0,0,89081.0
41,9,44,192,0,0,109,0.01,0.0,0.01,1.0,0.0,255,1,0.0,0.44,0.0,0.0,0.0,0.0,0,16323.0
58,9,78,0,0,0,16,0.0,0.0,0.25,0.12,0.0,255,12,0.05,0.01,0.0,0.0,0.0,0.0,0,118963.0
49,9,903,388,0,1,1,0.0,0.0,1.0,0.0,0.0,255,59,0.23,0.58,0.0,0.58,0.0,0.0,0,19530.0
55,5,0,0,0,0,32,1.0,1.0,0.28,0.12,0.0,255,65,0.25,0.02,0.0,1.0,1.0,0.0,1,119116.0
45,5,0,0,0,0,221,1.0,1.0,0.0,0.07,0.0,255,5,0.02,0.08,0.0,1.0,1.0,0.0,1,115047.0
22,9,54540,8314,0,1,4,0.0,0.0,1.0,0.0,0.0,227,227,1.0,0.0,0.0,0.0,0.0,0.06,0,55941.0
22,9,220,370,0,1,10,0.0,0.0,1.0,0.0,0.0,255,255,1.0,0.0,0.0,0.0,0.0,0.0,0,3771.0
54,5,0,0,0,0,297,1.0,1.0,0.06,0.06,0.0,255,19,0.07,0.06,0.0,1.0,1.0,0.0,1,59004.0
22,1,0,0,0,0,1,0.0,0.0,1.0,0.0,0.0,255,211,0.83,0.02,0.0,0.0,0.0,1.0,0,60876.0
25,5,0,0,0,0,265,1.0,1.0,0.06,0.06,0.0,255,17,0.07,0.08,0.0,1.0,1.0,0.0,1,82080.0
22,9,267,14496,0,1,7,0.0,0.0,1.0,0.0,0.0,56,255,1.0,0.0,0.03,0.0,0.0,0.0,0,110837.0
19,9,5319,0,0,1,2,0.0,0.0,1.0,0.0,0.0,190,67,0.35,0.04,0.0,0.0,0.0,0.0,0,87075.0
40,9,146,105,0,0,4,0.0,0.0,0.25,0.75,0.0,255,1,0.0,0.42,0.0,0.0,0.0,0.0,0,87319.0
11,9,44,44,0,0,173,0.0,0.0,1.0,0.0,0.0,255,255,1.0,0.0,0.0,0.0,0.0,0.0,0,61504.0
13,9,8,0,0,0,1,0.0,0.0,1.0,0.0,1.0,1,97,1.0,0.0,0.51,0.0,0.0,0.0,1,20785.0
19,5,0,0,0,0,213,1.0,1.0,0.08,0.06,0.0,255,18,0.07,0.06,0.0,1.0,1.0,0.0,1,46312.0
22,9,335,458,0,1,25,0.0,0.0,1.0,0.0,0.14,255,255,1.0,0.0,0.0,0.0,0.0,0.0,0,49642.0
2,5,0,0,0,0,210,1.0,1.0,0.02,0.06,0.0,255,5,0.02,0.06,0.0,1.0,1.0,0.0,1,125076.0
22,9,231,1835,0,1,5,0.0,0.0,1.0,0.0,0.0,96,255,1.0,0.0,0.02,0.0,0.0,0.0,0,123637.0
17,5,0,0,0,0,282,1.0,1.0,0.03,0.06,0.0,255,8,0.03,0.09,0.0,1.0,1.0,0.0,1,33046.0
45,9,1,0,0,0,21,0.0,0.0,0.24,0.14,0.0,255,5,0.02,0.52,0.0,0.16,0.0,0.0,1,111500.0
28,5,0,0,0,0,141,1.0,1.0,0.14,0.06,0.0,255,20,0.08,0.07,0.0,1.0,1.0,0.0,1,67511.0
45,5,0,0,0,0,247,1.0,1.0,0.06,0.06,0.0,255,7,0.03,0.08,0.0,1.0,1.0,0.0,1,36447.0
19,9,12,0,0,1,2,0.0,0.0,0.5,1.0,0.0,185,72,0.36,0.03,0.03,0.0,0.0,0.0,0,75324.0
40,9,1,0,0,0,13,0.0,0.0,0.15,0.69,0.0,255,2,0.01,0.13,0.0,0.0,0.0,0.0,1,110240.0
56,2,0,0,0,0,169,0.0,0.0,0.05,0.07,0.0,255,8,0.03,0.08,0.0,0.0,0.0,1.0,1,85179.0
11,9,45,111,0,0,294,0.0,0.0,1.0,0.0,0.0,255,253,0.99,0.01,0.0,0.0,0.0,0.0,0,69689.0
22,9,219,882,0,1,14,0.0,0.0,1.0,0.0,0.0,14,255,1.0,0.0,0.02,0.0,0.0,0.0,0,27022.0
22,9,274,25212,0,1,2,0.0,0.0,1.0,0.0,0.19,63,161,1.0,0.0,0.01,0.0,0.0,0.0,0,32851.0
22,9,284,659,0,1,21,0.0,0.0,1.0,0.0,0.13,255,255,1.0,0.0,0.0,0.0,0.0,0.0,0,104508.0
36,5,0,0,0,0,187,1.0,1.0,0.05,0.08,0.0,255,9,0.04,0.08,0.0,1.0,1.0,0.0,1,96270.0
22,9,236,14602,0,1,1,0.0,0.0,1.0,0.0,1.0,255,255,1.0,0.0,0.0,0.0,0.0,0.0,0,39082.0
45,1,0,0,0,0,183,0.0,0.0,0.04,0.07,0.0,255,7,0.03,0.08,0.0,0.0,0.0,1.0,1,36000.0
24,5,0,0,0,0,248,1.0,1.0,0.04,0.06,0.0,255,11,0.04,0.07,0.0,1.0,1.0,0.0,1,1748.0
37,5,0,0,0,0,137,1.0,1.0,0.05,0.07,0.0,255,7,0.03,0.06,0.0,1.0,1.0,0.0,1,83154.0
22,1,0,0,0,0,1,0.0,0.0,1.0,0.0,1.0,41,255,1.0,0.0,0.15,0.0,0.0,1.0,0,51801.0
3,1,0,0,0,0,122,0.0,0.0,0.02,0.07,0.0,255,3,0.01,0.07,0.0,0.0,0.0,1.0,1,33001.0
45,5,0,0,0,0,129,1.0,1.0,0.06,0.06,0.0,255,20,0.08,0.06,0.0,1.0,1.0,0.0,1,87595.0
22,9,54540,8314,0,1,3,0.0,0.0,1.0,0.0,0.5,255,255,1.0,0.0,0.0,0.0,0.0,0.04,0,54480.0
22,9,54540,8314,0,1,2,0.0,0.0,1.0,0.0,0.67,240,240,1.0,0.0,0.0,0.0,0.0,0.02,0,18651.0
17,5,0,0,0,0,50,1.0,1.0,0.28,0.08,0.0,255,59,0.23,0.04,0.0,1.0,1.0,0.0,1,75745.0
14,9,1032,0,0,0,510,0.0,0.0,1.0,0.0,0.0,255,218,0.85,0.09,0.0,0.0,0.0,0.0,1,109666.0
22,9,332,503,0,1,21,0.0,0.0,1.0,0.0,0.0,255,255,1.0,0.0,0.0,0.0,0.0,0.0,0,51390.0
11,9,44,132,0,0,168,0.0,0.0,1.0,0.0,0.01,255,253,0.99,0.01,0.0,0.0,0.0,0.0,0,5850.0
49,9,121,236,0,1,2,0.0,0.0,0.5,1.0,0.0,114,89,0.3,0.62,0.02,0.0,0.0,0.0,0,48121.0
22,9,219,1337,0,1,7,0.0,0.0,1.0,0.0,0.0,8,8,1.0,0.0,0.0,0.0,0.0,0.0,0,78851.0
45,5,0,0,0,0,111,1.0,1.0,0.09,0.06,0.0,155,11,0.07,0.1,0.0,1.0,1.0,0.0,1,606.0
15,1,0,0,0,0,115,0.0,0.0,0.16,0.06,0.0,255,18,0.07,0.06,0.0,0.0,0.0,1.0,1,72131.0
49,9,1723,330,0,1,1,0.0,0.0,1.0,0.0,1.0,16,12,0.75,0.12,0.0,0.0,0.0,0.0,0,2001.0
49,2,9423,2901,0,1,1,0.0,0.0,1.0,0.0,0.0,75,31,0.07,0.95,0.06,0.0,0.0,0.03,0,123436.0
11,9,44,120,0,0,113,0.0,0.0,1.0,0.0,0.02,255,254,1.0,0.01,0.0,0.0,0.0,0.0,0,83445.0
14,9,520,0,0,0,441,0.0,0.0,1.0,0.0,0.0,241,241,1.0,0.0,0.0,0.0,0.0,0.0,1,79883.0
13,9,8,0,0,0,1,0.0,0.0,1.0,0.0,1.0,1,129,1.0,0.0,0.51,0.0,0.0,0.0,1,51278.0
19,9,740,0,0,0,2,0.0,0.0,1.0,0.0,0.0,36,2,0.06,0.08,0.0,0.0,0.0,0.0,0,56247.0
45,5,0,0,0,0,281,1.0,1.0,0.04,0.05,0.0,255,9,0.04,0.07,0.0,1.0,1.0,0.0,1,59725.0
19,9,1363,0,0,0,18,0.0,0.0,1.0,0.0,0.0,255,112,0.44,0.03,0.0,0.0,0.0,0.0,0,110877.0
14,9,520,0,0,0,119,0.0,0.0,1.0,0.0,0.0,255,255,1.0,0.0,0.0,0.0,0.0,0.0,1,95210.0
45,5,0,0,0,0,11,1.0,1.0,0.18,0.36,0.0,255,2,0.01,0.09,0.0,1.0,1.0,0.0,1,88550.0
22,1,0,0,0,0,1,0.0,0.0,1.0,0.0,0.0,4,255,1.0,0.0,0.07,0.0,0.0,0.74,0,4445.0
11,9,42,42,0,0,10,0.0,0.0,1.0,0.0,0.12,255,255,1.0,0.0,0.0,0.0,0.0,0.0,0,2105.0
22,9,254,1518,0,1,2,0.0,0.0,1.0,0.0,0.0,2,255,1.0,0.0,0.02,0.0,0.0,0.0,0,112635.0
45,1,0,0,0,0,118,0.01,0.0,0.01,1.0,0.0,255,1,0.0,0.47,0.0,0.0,0.0,1.0,1,104365.0
45,5,0,0,0,0,102,1.0,1.0,0.02,0.07,0.0,255,19,0.07,0.08,0.0,1.0,1.0,0.0,1,107259.0
11,9,34,94,0,0,1,0.0,0.0,1.0,0.0,1.0,179,168,0.94,0.01,0.0,0.0,0.0,0.0,0,110156.0
11,9,46,80,0,0,142,0.0,0.0,1.0,0.0,0.0,255,255,1.0,0.0,0.0,0.0,0.0,0.0,0,44946.0
11,9,45,81,0,0,136,0.0,0.0,0.99,0.01,0.0,255,254,1.0,0.01,0.0,0.0,0.0,0.0,0,109113.0
22,9,233,464,0,1,1,0.0,0.0,1.0,0.0,0.67,4,255,1.0,0.0,0.02,0.0,0.0,0.0,0,37994.0
31,5,0,0,0,0,202,1.0,1.0,0.05,0.07,0.0,255,11,0.04,0.08,0.0,1.0,1.0,0.0,1,81320.0
22,9,248,1680,0,1,6,0.0,0.0,1.0,0.0,0.0,255,255,1.0,0.0,0.0,0.01,0.01,0.0,0,55759.0
11,9,130,44,0,0,231,0.0,0.0,1.0,0.01,0.0,120,87,0.73,0.02,0.0,0.0,0.0,0.0,0,17749.0
19,9,12,0,0,1,1,0.0,0.0,1.0,0.0,0.0,63,93,0.17,0.06,0.02,0.0,0.0,0.0,0,122013.0
26,5,0,0,0,0,105,1.0,1.0,0.22,0.05,0.0,255,23,0.09,0.05,0.0,1.0,1.0,0.0,1,90845.0
19,9,1199,0,0,0,9,0.0,0.0,1.0,0.0,0.0,255,106,0.42,0.02,0.0,0.0,0.0,0.0,0,36015.0
22,9,206,183,0,1,7,0.0,0.0,1.0,0.0,0.0,255,255,1.0,0.0,0.0,0.0,0.0,0.0,0,40039.0
22,9,209,655,0,1,32,0.0,0.0,1.0,0.0,0.0,255,255,1.0,0.0,0.0,0.0,0.0,0.32,0,99368.0
19,9,334,0,0,1,2,0.0,0.0,1.0,0.0,0.0,6,34,1.0,0.0,0.12,0.0,0.0,0.0,0,121179.0
19,9,8496,0,0,0,1,0.0,0.0,1.0,0.0,0.0,16,10,0.62,0.19,0.0,0.06,0.1,0.0,0,14351.0
11,9,43,130,0,0,190,0.0,0.0,0.99,0.01,0.0,79,46,0.58,0.03,0.0,0.0,0.0,0.0,0,29329.0
22,9,234,5280,0,1,8,0.0,0.0,1.0,0.0,0.14,255,255,1.0,0.0,0.0,0.0,0.0,0.0,0,51470.0
45,5,0,0,0,0,59,1.0,1.0,0.34,0.07,0.0,255,20,0.08,0.05,0.0,1.0,1.0,0.0,1,84510.0
45,1,0,0,0,0,1,0.0,0.0,1.0,0.0,0.0,55,2,0.02,1.0,1.0,0.0,0.0,1.0,1,81569.0
22,9,345,2254,0,1,4,0.0,0.0,1.0,0.0,0.0,26,255,1.0,0.0,0.03,0.0,0.0,0.0,0,636.0
49,9,917,336,0,1,1,0.0,0.0,1.0,0.0,0.0,210,157,0.75,0.02,0.0,0.0,0.0,0.0,0,96358.0
49,9,560,328,0,1,1,0.0,0.0,1.0,0.0,0.0,33,149,0.64,0.12,0.01,0.0,0.01,0.0,0,56388.0
49,9,681,284,0,1,1,0.0,0.0,1.0,0.0,0.0,218,86,0.31,0.03,0.02,0.0,0.0,0.0,0,51577.0
22,9,235,3078,0,1,5,0.0,0.0,1.0,0.0,0.1,5,255,1.0,0.0,0.02,0.0,0.0,0.0,0,5047.0
22,9,318,2077,0,1,22,0.0,0.0,1.0,0.0,0.0,255,255,1.0,0.0,0.0,0.0,0.0,0.0,0,106267.0
22,9,357,2547,0,1,4,0.0,0.0,1.0,0.0,0.29,255,255,1.0,0.0,0.0,0.0,0.0,0.0,0,24449.0
45,5,0,0,0,0,128,1.0,1.0,0.11,0.05,0.0,255,14,0.05,0.07,0.0,1.0,1.0,0.0,1,4568.0
11,9,45,130,0,0,155,0.0,0.0,1.0,0.0,0.02,255,255,1.0,0.0,0.0,0.0,0.0,0.0,0,58254.0
22,1,0,0,0,0,1,0.0,0.0,1.0,0.0,0.0,89,255,1.0,0.0,0.12,0.0,0.0,0.78,0,96671.0
18,9,6,75,0,0,6,0.0,0.0,0.17,0.67,0.0,159,1,0.01,0.08,0.0,0.01,0.0,0.0,0,85502.0
8,5,0,0,0,0,297,1.0,1.0,0.04,0.05,0.0,255,11,0.04,0.07,0.0,1.0,1.0,0.0,1,3299.0
18,5,0,0,0,0,267,1.0,1.0,0.06,0.05,0.0,255,16,0.06,0.05,0.0,1.0,1.0,0.0,1,5327.0
45,9,1,0,0,0,4,0.0,0.0,1.0,0.0,0.0,255,11,0.04,0.88,0.0,0.03,0.0,0.0,1,82518.0
22,9,358,730,0,1,45,0.0,0.0,1.0,0.0,0.08,255,255,1.0,0.0,0.0,0.0,0.0,0.0,0,107678.0
22,9,259,861,0,1,37,0.0,0.0,1.0,0.0,0.05,221,255,1.0,0.0,0.02,0.0,0.0,0.0,0,51433.0
19,9,26,0,0,1,1,0.0,0.0,1.0,0.0,0.0,255,65,0.25,0.02,0.0,0.86,0.92,0.0,0,22466.0
22,1,0,0,0,0,1,0.0,0.0,1.0,0.0,0.0,5,213,1.0,0.0,0.2,0.0,0.0,0.84,0,75340.0
22,9,183,1895,0,1,2,0.0,0.0,1.0,0.0,0.08,10,255,1.0,0.0,0.01,0.0,0.0,0.0,0,48007.0
13,9,8,0,0,0,1,0.0,0.0,1.0,0.0,1.0,2,200,1.0,0.0,0.5,0.0,0.0,0.0,1,91276.0
11,9,43,71,0,0,252,0.0,0.0,1.0,0.01,0.0,255,254,1.0,0.01,0.0,0.0,0.0,0.0,0,95493.0
40,4,1,0,0,0,2,0.0,0.0,1.0,0.0,0.0,255,2,0.01,0.68,0.0,0.0,0.0,1.0,1,42086.0
22,9,370,398,0,1,4,0.0,0.0,1.0,0.0,0.0,27,255,1.0,0.0,0.04,0.0,0.0,0.0,0,9392.0
22,9,228,1380,0,1,7,0.0,0.0,1.0,0.0,0.06,255,244,0.96,0.02,0.0,0.0,0.0,0.0,0,87331.0
22,9,309,1158,0,1,8,0.0,0.0,1.0,0.0,0.0,202,255,1.0,0.0,0.03,0.0,0.0,0.0,0,36489.0
22,9,245,1483,0,1,10,0.0,0.0,1.0,0.0,0.0,209,255,1.0,0.0,0.02,0.0,0.0,0.0,0,74174.0
11,9,44,44,0,0,183,0.0,0.0,1.0,0.0,0.0,255,254,1.0,0.01,0.0,0.0,0.0,0.0,0,63524.0
49,9,1297,333,0,1,1,0.0,0.0,1.0,0.0,0.0,211,169,0.64,0.06,0.01,0.0,0.0,0.0,0,125613.0
26,1,0,0,0,0,103,0.0,0.0,0.1,0.08,0.0,255,10,0.04,0.06,0.0,0.0,0.0,1.0,1,8653.0
7,5,0,0,0,0,223,1.0,1.0,0.08,0.06,0.0,255,17,0.07,0.06,0.0,1.0,1.0,0.0,1,109487.0
37,1,0,0,0,0,124,0.0,0.0,0.11,0.06,0.0,255,14,0.05,0.07,0.0,0.0,0.0,1.0,1,101737.0
22,1,0,0,0,0,1,0.0,0.0,1.0,0.0,0.0,1,214,1.0,0.0,0.2,0.0,0.0,0.78,0,81108.0
22,9,322,318,0,1,3,0.0,0.0,1.0,0.0,0.19,66,255,1.0,0.0,0.01,0.0,0.0,0.0,0,28758.0
22,9,321,3628,0,1,7,0.0,0.0,1.0,0.0,0.0,255,255,1.0,0.0,0.0,0.0,0.0,0.0,0,114331.0
11,9,43,96,0,0,216,0.0,0.0,1.0,0.01,0.01,255,254,1.0,0.01,0.0,0.0,0.0,0.0,0,41229.0
2,1,0,0,0,0,228,0.0,0.0,0.06,0.07,0.0,255,14,0.05,0.08,0.0,0.0,0.0,1.0,1,91396.0
19,5,0,0,0,0,6,1.0,1.0,0.33,0.67,0.0,255,64,0.25,0.02,0.0,1.0,1.0,0.0,1,10885.0
13,9,18,0,0,0,1,0.0,0.0,1.0,0.0,0.0,4,24,1.0,0.0,0.25,0.0,0.0,0.0,1,105818.0
45,5,0,0,0,0,106,1.0,1.0,0.01,0.07,0.0,255,18,0.07,0.07,0.0,1.0,1.0,0.0,1,116522.0
40,9,145,105,0,0,1,0.0,0.0,1.0,0.0,0.0,80,1,0.01,0.66,0.0,0.0,0.0,0.0,0,72466.0
33,1,0,0,0,0,277,0.0,0.0,0.05,0.06,0.0,255,15,0.06,0.06,0.0,0.0,0.0,1.0,1,24809.0
22,9,234,917,0,1,1,0.0,0.0,1.0,0.0,0.0,191,255,1.0,0.0,0.03,0.0,0.0,0.0,0,85653.0
49,9,2947,335,0,1,1,0.0,0.0,1.0,0.0,0.0,116,115,0.47,0.04,0.02,0.0,0.0,0.0,0,107327.0
44,5,0,0,0,0,103,1.0,1.0,0.02,0.07,0.0,255,2,0.01,0.06,0.0,1.0,1.0,0.0,1,91091.0
56,5,0,0,0,0,233,1.0,1.0,0.09,0.06,0.0,255,1,0.0,0.07,0.0,1.0,1.0,0.0,1,115797.0
22,9,305,12821,0,1,3,0.0,0.0,1.0,0.0,0.0,73,255,1.0,0.0,0.05,0.0,0.0,0.0,0,63859.0
2,5,0,0,0,0,114,1.0,1.0,0.08,0.07,0.0,255,9,0.04,0.07,0.0,1.0,1.0,0.0,1,119277.0
22,9,336,809,0,1,33,0.0,0.0,1.0,0.0,0.0,255,255,1.0,0.0,0.0,0.0,0.0,0.0,0,82968.0
17,5,0,0,0,0,42,1.0,1.0,0.29,0.1,0.0,255,59,0.23,0.04,0.0,1.0,1.0,0.0,1,125818.0
10,1,0,0,0,0,228,0.0,0.0,0.04,0.07,0.0,255,9,0.04,0.08,0.0,0.0,0.0,1.0,1,15424.0
45,5,0,0,0,0,295,1.0,1.0,0.06,0.05,0.0,255,6,0.02,0.07,0.0,1.0,1.0,0.0,1,88256.0
22,9,269,285,0,1,4,0.0,0.0,1.0,0.0,0.0,38,38,1.0,0.0,0.0,0.0,0.0,0.0,0,20161.0
45,1,0,0,0,0,112,0.0,0.0,0.09,0.06,0.0,13,4,0.31,0.15,0.0,0.0,0.0,1.0,1,48344.0
33,5,0,0,0,0,241,1.0,1.0,0.08,0.05,0.0,255,19,0.07,0.07,0.0,1.0,1.0,0.0,1,313.0
22,9,202,13150,0,1,11,0.0,0.0,1.0,0.0,0.0,41,255,1.0,0.0,0.04,0.0,0.0,0.0,0,65448.0
35,4,0,0,0,0,1,0.0,0.0,1.0,0.0,0.0,255,1,0.0,0.5,0.0,0.0,0.0,1.0,1,16753.0
11,9,45,45,0,0,111,0.0,0.0,1.0,0.0,0.02,255,227,0.89,0.01,0.0,0.0,0.0,0.0,0,10131.0
22,9,270,3467,0,1,3,0.0,0.0,1.0,0.0,0.44,6,255,1.0,0.0,0.04,0.0,0.0,0.0,0,46707.0
5,5,0,0,0,0,101,1.0,1.0,0.01,0.06,0.0,255,1,0.0,0.05,0.0,1.0,1.0,0.0,1,5269.0
14,9,520,0,0,0,462,0.0,0.0,1.0,0.0,0.0,16,16,1.0,0.0,0.0,0.0,0.0,0.0,1,54687.0
22,9,243,8061,0,1,15,0.0,0.0,1.0,0.0,0.0,15,255,1.0,0.0,0.06,0.0,0.0,0.0,0,100068.0
1,5,0,0,0,0,511,0.33,1.0,0.0,1.0,0.0,255,2,0.01,1.0,0.0,0.16,1.0,0.0,1,13788.0
8,5,0,0,0,0,300,1.0,1.0,0.06,0.05,0.0,255,2,0.01,0.08,0.0,1.0,1.0,0.0,1,1547.0
22,9,361,250,0,1,9,0.0,0.0,1.0,0.0,0.0,32,255,1.0,0.0,0.03,0.0,0.0,0.0,0,19569.0
8,5,0,0,0,0,257,1.0,1.0,0.02,0.07,0.0,255,5,0.02,0.08,0.0,1.0,1.0,0.0,1,76625.0
45,9,105,147,0,0,11,0.0,0.0,0.18,0.18,0.0,255,242,0.95,0.01,0.0,0.0,0.0,0.0,0,91109.0
22,9,327,540,0,1,11,0.0,0.0,1.0,0.0,0.17,255,255,1.0,0.0,0.0,0.0,0.0,0.0,0,58684.0
11,9,44,44,0,0,105,0.0,0.0,1.0,0.0,0.0,255,255,1.0,0.0,0.0,0.0,0.0,0.0,0,13361.0
22,9,341,255,0,1,5,0.0,0.0,1.0,0.0,0.0,255,255,1.0,0.0,0.0,0.0,0.0,0.0,0,90286.0
18,9,1267,2451,0,1,1,0.0,0.0,1.0,0.0,0.0,110,8,0.07,0.05,0.0,0.02,0.0,0.0,0,71986.0
50,5,0,0,0,0,115,1.0,1.0,0.13,0.05,0.0,255,15,0.06,0.05,0.0,1.0,1.0,0.0,1,62493.0
40,9,147,0,0,0,1,0.0,0.0,1.0,0.0,0.0,255,1,0.0,0.72,0.0,0.0,0.0,0.0,0,9017.0
40,9,145,105,0,0,5,0.0,0.0,0.4,0.6,0.0,255,2,0.01,0.85,0.0,0.0,0.0,0.0,0,124163.0
11,9,45,45,0,0,161,0.0,0.0,1.0,0.0,0.0,255,255,1.0,0.0,0.0,0.0,0.0,0.0,0,62305.0
44,5,0,0,0,0,142,1.0,1.0,0.13,0.06,0.0,255,3,0.01,0.07,0.0,1.0,1.0,0.0,1,87913.0
22,9,230,2361,0,1,1,0.0,0.0,1.0,0.0,0.0,86,255,1.0,0.0,0.06,0.01,0.0,0.0,0,34229.0
11,9,46,46,0,0,131,0.0,0.0,1.0,0.0,0.0,255,245,0.96,0.01,0.0,0.0,0.0,0.0,0,86083.0
33,5,0,0,0,0,187,1.0,1.0,0.01,0.07,0.0,255,1,0.0,0.07,0.0,1.0,1.0,0.0,1,58978.0
54,5,0,0,0,0,58,1.0,1.0,0.1,0.1,0.0,255,6,0.02,0.08,0.0,1.0,1.0,0.0,1,75710.0
6,5,0,0,0,0,202,1.0,1.0,0.05,0.06,0.0,255,8,0.03,0.07,0.0,1.0,1.0,0.0,1,115419.0
19,9,1109,0,0,0,1,0.0,0.0,1.0,0.0,0.0,225,39,0.12,0.02,0.05,0.0,0.0,0.0,0,3638.0
45,5,0,0,0,0,267,1.0,1.0,0.04,0.07,0.0,255,6,0.02,0.09,0.0,1.0,1.0,0.0,1,72034.0
49,9,1539,333,0,1,1,0.0,0.0,1.0,0.0,1.0,141,82,0.57,0.07,0.02,0.01,0.0,0.0,0,10518.0
49,9,607,332,0,1,1,0.0,0.0,1.0,0.0,1.0,37,143,0.43,0.14,0.01,0.0,0.0,0.0,0,62877.0
55,5,0,0,0,0,4,0.75,1.0,0.25,0.75,0.0,255,2,0.01,0.08,0.0,1.0,1.0,0.0,1,49263.0
22,9,232,260,0,1,3,0.0,0.0,1.0,0.0,0.0,255,243,0.95,0.01,0.0,0.03,0.03,0.0,0,23552.0
62,5,0,0,0,0,232,1.0,1.0,0.03,0.06,0.0,255,7,0.03,0.07,0.0,1.0,1.0,0.0,1,79608.0
9,5,0,0,0,0,236,1.0,1.0,0.03,0.07,0.0,255,8,0.03,0.07,0.0,1.0,1.0,0.0,1,66297.0
49,9,1255,332,0,1,1,0.0,0.0,1.0,0.0,1.0,29,121,0.83,0.07,0.02,0.0,0.0,0.0,0,37962.0
13,9,8,0,0,0,1,0.0,0.0,1.0,0.0,1.0,1,59,1.0,0.0,0.51,0.0,0.0,0.0,1,69890.0
22,9,245,19559,0,1,10,0.0,0.0,1.0,0.0,0.0,206,255,1.0,0.0,0.01,0.0,0.0,0.0,0,67002.0
15,5,0,0,0,0,127,1.0,1.0,0.15,0.06,0.0,255,19,0.07,0.07,0.0,1.0,1.0,0.0,1,9961.0
45,5,0,0,0,0,213,1.0,1.0,0.04,0.05,0.0,255,9,0.04,0.06,0.0,1.0,1.0,0.0,1,91916.0
10,5,0,0,0,0,280,1.0,1.0,0.04,0.06,0.0,255,3,0.01,0.08,0.0,1.0,1.0,0.0,1,55172.0
13,9,8,0,0,0,1,0.0,0.0,1.0,0.0,1.0,2,24,1.0,0.0,0.5,0.0,0.0,0.0,1,99291.0
22,9,316,1451,0,1,12,0.0,0.0,1.0,0.0,0.12,59,255,1.0,0.0,0.05,0.0,0.0,0.56,0,78921.0
17,9,7,276,0,0,1,0.0,0.0,1.0,0.0,0.0,255,10,0.04,0.02,0.0,0.0,0.0,0.0,0,10503.0
45,9,105,146,0,0,1,0.0,0.0,1.0,0.0,0.0,83,73,0.88,0.04,0.0,0.0,0.0,0.0,0,57033.0
11,9,46,132,0,0,71,0.0,0.0,1.0,0.0,0.01,247,127,0.51,0.02,0.0,0.0,0.0,0.0,0,112954.0
45,9,207,0,0,0,2,0.0,0.0,1.0,0.0,0.0,194,162,0.84,0.01,0.0,0.0,0.0,0.0,0,58908.0
22,9,213,157465,0,1,2,0.0,0.0,1.0,0.0,0.0,41,255,1.0,0.0,0.05,0.0,0.0,0.0,0,99944.0
13,9,8,0,0,0,1,0.0,0.0,1.0,0.0,1.0,4,255,1.0,0.0,0.25,0.0,0.0,0.0,1,55086.0
5,5,0,0,0,0,112,1.0,1.0,0.04,0.06,0.0,255,4,0.02,0.05,0.0,1.0,1.0,0.0,1,7069.0
9,5,0,0,0,0,141,1.0,1.0,0.14,0.07,0.0,255,20,0.08,0.08,0.0,1.0,1.0,0.0,1,13619.0
24,5,0,0,0,0,118,1.0,1.0,0.16,0.05,0.0,255,19,0.07,0.05,0.0,1.0,1.0,0.0,1,121954.0
17,5,0,0,0,0,288,1.0,1.0,0.05,0.06,0.0,255,10,0.04,0.07,0.0,1.0,1.0,0.0,1,125946.0
11,9,44,75,0,0,226,0.0,0.0,1.0,0.01,0.0,255,254,1.0,0.01,0.0,0.0,0.0,0.0,0,55659.0
11,9,45,136,0,0,76,0.0,0.0,1.0,0.0,0.02,216,196,0.81,0.01,0.01,0.0,0.0,0.0,0,44698.0
17,5,0,0,0,0,1,1.0,1.0,1.0,0.0,0.0,1,8,1.0,0.0,0.38,1.0,0.12,0.0,1,16015.0
45,9,28,0,3,0,97,0.0,0.0,1.0,0.0,0.0,255,97,0.38,0.04,0.0,0.02,0.0,0.0,1,100887.0
28,5,0,0,0,0,269,1.0,1.0,0.09,0.05,0.0,255,24,0.09,0.06,0.0,1.0,1.0,0.0,1,69956.0
19,9,1692,0,0,1,1,0.0,0.0,1.0,0.0,0.0,255,68,0.27,0.02,0.0,0.93,0.88,0.0,0,27166.0
40,1,0,0,0,0,511,0.05,0.0,0.0,1.0,0.0,255,1,0.0,1.0,0.0,0.07,0.0,1.0,1,31312.0
22,7,144,0,0,1,1,1.0,1.0,1.0,0.0,0.0,255,255,1.0,0.0,0.0,0.0,0.0,0.0,0,32955.0
16,5,0,0,0,0,150,1.0,1.0,0.13,0.06,0.0,255,13,0.05,0.07,0.0,1.0,1.0,0.0,1,2087.0
22,9,325,289,0,1,6,0.0,0.0,1.0,0.0,0.36,47,255,1.0,0.0,0.01,0.0,0.0,0.01,0,100637.0
45,5,0,0,0,0,220,1.0,1.0,0.03,0.07,0.0,255,5,0.02,0.08,0.0,1.0,1.0,0.0,1,75888.0
22,9,229,622,0,1,11,0.0,0.0,1.0,0.0,0.17,147,255,1.0,0.0,0.04,0.0,0.0,0.0,0,48267.0
40,9,146,0,0,0,5,0.0,0.0,0.2,0.6,0.0,255,1,0.0,0.29,0.0,0.0,0.0,0.0,0,83697.0
22,9,302,2842,0,1,3,0.0,0.0,1.0,0.0,0.11,12,255,1.0,0.0,0.02,0.0,0.0,0.0,0,106565.0
49,9,13796,1433,0,1,1,0.0,0.0,1.0,0.0,1.0,5,102,1.0,0.0,0.02,0.0,0.0,0.0,0,96838.0
18,9,1235,2449,0,1,1,0.0,0.0,1.0,0.0,0.0,192,20,0.1,0.03,0.0,0.01,0.0,0.0,0,44561.0
45,5,0,0,0,0,116,1.0,1.0,0.11,0.06,0.0,255,3,0.01,0.06,0.0,1.0,1.0,0.0,1,90272.0
35,5,0,0,0,0,239,1.0,1.0,0.01,0.07,0.0,255,3,0.01,0.08,0.0,1.0,1.0,0.0,1,106795.0
49,9,1642,333,0,1,1,0.0,0.0,1.0,0.0,1.0,150,84,0.56,0.05,0.0,0.0,0.0,0.0,0,123538.0
11,9,44,70,0,0,210,0.0,0.0,1.0,0.0,0.0,255,250,0.98,0.01,0.0,0.0,0.0,0.0,0,97571.0
45,4,0,0,0,0,1,0.0,0.0,1.0,0.0,0.0,191,1,0.01,0.15,0.0,0.0,0.0,1.0,1,23145.0
49,9,1657,330,0,1,1,0.0,0.0,1.0,0.0,0.0,38,15,0.39,0.11,0.0,0.0,0.0,0.0,0,101514.0
16,5,0,0,0,0,141,1.0,1.0,0.09,0.06,0.0,255,13,0.05,0.06,0.0,1.0,1.0,0.0,1,74024.0
22,9,248,354,0,1,7,0.0,0.0,1.0,0.0,0.0,78,255,1.0,0.0,0.03,0.0,0.0,0.0,0,78238.0
45,5,0,0,0,0,134,0.99,1.0,0.02,0.07,0.0,255,3,0.01,0.07,0.0,1.0,1.0,0.0,1,45492.0
11,9,45,130,0,0,145,0.0,0.0,1.0,0.0,0.01,255,255,1.0,0.0,0.0,0.0,0.0,0.0,0,11320.0
61,5,0,0,0,0,223,1.0,1.0,0.01,0.06,0.0,255,17,0.07,0.09,0.0,1.0,1.0,0.0,1,35914.0
49,9,779,330,0,1,1,0.0,0.0,1.0,0.0,0.0,122,79,0.65,0.05,0.0,0.0,0.0,0.0,0,36256.0
31,5,0,0,0,0,297,1.0,1.0,0.06,0.05,0.0,255,3,0.01,0.08,0.0,1.0,1.0,0.0,1,49859.0
22,1,0,0,0,0,1,0.0,0.0,1.0,0.0,0.0,4,158,1.0,0.0,0.19,0.0,0.0,1.0,0,53705.0
22,9,230,3618,0,1,12,0.0,0.0,1.0,0.0,0.19,40,255,1.0,0.0,0.01,0.0,0.0,0.0,0,124519.0
11,9,43,126,0,0,36,0.0,0.0,1.0,0.0,0.02,255,254,1.0,0.01,0.0,0.0,0.0,0.0,0,78947.0
49,9,924,336,0,1,1,0.0,0.0,1.0,0.0,0.0,133,190,0.76,0.03,0.01,0.0,0.0,0.04,0,35362.0
49,9,1804,384,0,1,1,0.0,0.0,1.0,0.0,0.0,208,143,0.5,0.01,0.01,0.96,0.7,0.0,0,125253.0
22,9,305,6622,0,1,6,0.0,0.0,1.0,0.0,0.12,64,255,1.0,0.0,0.01,0.0,0.0,0.0,0,111433.0
22,9,224,724,0,1,25,0.0,0.0,1.0,0.0,0.08,149,255,1.0,0.0,0.02,0.0,0.0,0.0,0,9904.0
11,9,39,99,0,0,1,0.0,0.0,1.0,0.0,0.0,255,245,0.96,0.01,0.0,0.0,0.0,0.0,0,88766.0
13,9,8,0,0,0,1,0.0,0.0,1.0,0.0,1.0,1,133,1.0,0.0,0.5,0.0,0.0,0.0,1,105542.0
45,5,0,0,0,0,192,1.0,1.0,0.02,0.06,0.0,231,3,0.01,0.07,0.0,0.94,1.0,0.0,1,16430.0
45,5,0,0,0,0,254,1.0,1.0,0.07,0.07,0.0,255,24,0.09,0.07,0.0,1.0,1.0,0.0,1,88899.0
45,5,0,0,0,0,226,1.0,1.0,0.08,0.06,0.0,255,14,0.05,0.06,0.0,1.0,1.0,0.0,1,1412.0
19,8,175338,0,0,1,2,0.5,0.5,1.0,0.0,0.0,255,96,0.38,0.1,0.0,0.02,0.03,0.0,0,58964.0
45,5,0,0,0,0,122,1.0,1.0,0.07,0.07,0.0,255,8,0.03,0.05,0.0,1.0,1.0,0.0,1,104885.0
45,9,105,146,0,0,7,0.0,0.0,0.14,0.29,0.0,255,238,0.93,0.01,0.0,0.0,0.0,0.0,0,35885.0
20,1,0,0,0,0,1,0.0,0.0,1.0,0.0,0.0,51,2,0.02,1.0,1.0,0.0,0.0,0.5,1,22241.0
22,9,211,12566,0,1,14,0.0,0.0,1.0,0.0,0.0,14,14,1.0,0.0,0.0,0.0,0.0,0.0,0,2777.0
14,9,1032,0,0,0,510,0.0,0.0,1.0,0.0,0.0,255,75,0.29,0.15,0.0,0.0,0.0,0.0,1,104848.0
2,5,0,0,0,0,224,1.0,1.0,0.04,0.06,0.0,255,10,0.04,0.07,0.0,1.0,1.0,0.0,1,99698.0
22,9,172,4369,0,1,1,0.0,0.0,1.0,0.0,0.0,157,224,1.0,0.0,0.01,0.0,0.0,0.0,0,28738.0
14,9,1032,0,0,0,61,0.0,0.0,1.0,0.0,0.0,255,61,0.24,0.02,0.0,0.0,0.0,0.0,1,102135.0
45,9,1,0,0,0,24,0.0,0.0,0.33,0.12,0.0,255,8,0.03,0.28,0.0,0.0,0.0,0.0,1,40558.0
22,9,217,3897,0,1,6,0.0,0.0,1.0,0.0,0.0,39,255,1.0,0.0,0.04,0.0,0.01,0.0,0,104748.0
40,9,147,105,0,0,4,0.0,0.0,0.5,0.5,0.0,255,2,0.01,0.66,0.0,0.0,0.0,0.0,0,88672.0
14,9,1480,0,1,0,11,0.0,0.0,1.0,0.0,0.0,255,13,0.05,0.02,0.0,0.0,0.0,0.0,0,8629.0
22,9,199,555,0,1,3,0.0,0.0,1.0,0.0,0.6,255,255,1.0,0.0,0.0,0.0,0.0,0.0,0,30706.0
0,4,3088,11688,0,0,2,0.0,0.0,0.5,1.0,0.0,29,7,0.24,0.07,0.0,0.0,0.0,1.0,0,71394.0
11,9,46,46,0,0,181,0.0,0.0,1.0,0.0,0.0,255,255,1.0,0.0,0.0,0.0,0.0,0.0,0,72575.0
22,9,288,6763,0,1,20,0.0,0.0,1.0,0.0,0.0,255,255,1.0,0.0,0.0,0.0,0.0,0.02,0,6067.0
40,1,0,0,0,0,511,0.22,0.0,0.0,1.0,0.0,255,1,0.0,1.0,0.0,0.18,0.0,1.0,1,109524.0
53,5,0,0,0,0,213,1.0,1.0,0.07,0.05,0.0,255,15,0.06,0.05,0.0,1.0,1.0,0.0,1,38142.0
45,5,0,0,0,0,191,1.0,1.0,0.07,0.06,0.0,255,2,0.01,0.07,0.0,1.0,1.0,0.0,1,1567.0
45,5,0,0,0,0,36,1.0,1.0,0.36,0.11,0.0,255,13,0.05,0.07,0.0,1.0,1.0,0.0,1,68429.0
45,5,0,0,0,0,29,1.0,1.0,0.07,0.21,0.0,255,16,0.06,0.09,0.0,1.0,1.0,0.0,1,120351.0
53,5,0,0,0,0,245,1.0,1.0,0.08,0.07,0.0,255,20,0.08,0.08,0.0,1.0,1.0,0.0,1,5369.0
55,5,0,0,0,0,268,1.0,1.0,0.08,0.05,0.0,255,22,0.09,0.05,0.0,1.0,1.0,0.0,1,16449.0
62,5,0,0,0,0,283,1.0,1.0,0.03,0.06,0.0,255,10,0.04,0.07,0.0,1.0,1.0,0.0,1,125879.0
45,5,0,0,0,0,187,1.0,1.0,0.05,0.06,0.0,255,1,0.0,0.07,0.0,1.0,1.0,0.0,1,112723.0
38,9,6,0,0,1,6,0.0,0.0,0.17,1.0,0.0,113,1,0.01,0.1,0.0,0.0,0.0,0.0,1,69984.0
23,5,0,0,0,0,39,1.0,1.0,0.08,0.13,0.0,255,3,0.01,0.08,0.0,1.0,1.0,0.0,1,95590.0
45,5,0,0,0,0,223,1.0,1.0,0.02,0.06,0.0,255,4,0.02,0.07,0.0,1.0,1.0,0.0,1,84892.0
49,5,0,0,0,0,103,1.0,1.0,0.22,0.06,0.0,255,6,0.02,0.05,0.0,1.0,1.0,0.0,1,70416.0
49,9,979,336,0,1,1,0.0,0.0,1.0,0.0,0.0,222,124,0.46,0.02,0.02,0.0,0.0,0.0,0,96912.0
22,9,310,2113,0,1,28,0.0,0.0,1.0,0.0,0.0,255,255,1.0,0.0,0.0,0.0,0.0,0.0,0,122191.0
22,1,0,0,0,0,1,0.0,0.0,1.0,0.0,0.0,1,91,1.0,0.0,0.27,0.0,0.0,1.0,0,40607.0
45,4,0,0,0,0,1,0.0,0.0,1.0,0.0,0.0,255,1,0.0,0.82,0.0,0.0,0.0,1.0,1,528.0
45,5,0,0,0,0,138,1.0,1.0,0.01,0.09,0.0,255,2,0.01,0.08,0.0,1.0,1.0,0.0,1,78241.0
45,1,0,0,0,0,1,0.0,0.0,1.0,0.0,0.0,255,1,0.0,0.42,0.0,0.17,0.0,1.0,1,36685.0
17,9,9,174,0,0,1,0.0,0.0,1.0,0.0,0.0,1,3,1.0,0.0,0.67,0.0,0.0,0.0,0,87277.0
45,9,1,0,0,0,16,0.0,0.0,0.06,0.19,0.0,255,1,0.0,0.5,0.0,0.03,0.0,0.0,1,113571.0
22,9,221,8487,0,1,11,0.0,0.0,1.0,0.0,0.08,255,255,1.0,0.0,0.0,0.0,0.0,0.0,0,27803.0
22,9,316,267,0,1,5,0.0,0.0,1.0,0.0,0.0,255,255,1.0,0.0,0.0,0.0,0.0,0.0,0,68155.0
49,9,1769,332,0,1,1,0.0,0.0,1.0,0.0,0.0,218,142,0.53,0.02,0.01,0.0,0.01,0.0,0,15472.0
5,5,0,0,0,0,118,1.0,1.0,0.12,0.06,0.0,255,14,0.05,0.05,0.0,1.0,1.0,0.0,1,2852.0
59,5,0,0,0,0,138,1.0,1.0,0.12,0.06,0.0,255,17,0.07,0.06,0.0,1.0,1.0,0.0,1,81576.0
45,9,105,147,0,0,1,0.0,0.0,1.0,0.0,0.0,14,13,0.93,0.14,0.0,0.0,0.0,0.0,0,58537.0
2,5,0,0,0,0,208,1.0,1.0,0.07,0.06,0.0,255,20,0.08,0.07,0.0,1.0,1.0,0.0,1,119889.0
49,9,1592,340,0,1,1,0.0,0.0,1.0,0.0,0.0,132,173,0.65,0.02,0.01,0.0,0.0,0.0,0,29567.0
11,9,44,72,0,0,124,0.0,0.0,1.0,0.0,0.0,255,178,0.7,0.01,0.0,0.0,0.0,0.0,0,105508.0
22,9,204,502,0,1,1,0.0,0.0,1.0,0.0,1.0,4,255,1.0,0.0,0.05,0.0,0.01,0.0,0,51586.0
61,5,0,0,0,0,226,1.0,1.0,0.03,0.06,0.0,255,20,0.08,0.08,0.0,1.0,1.0,0.0,1,49103.0
45,9,1,0,0,0,9,0.0,0.0,0.11,0.44,0.0,255,1,0.0,0.75,0.0,0.03,0.0,0.0,1,38718.0
40,9,146,105,0,0,1,0.0,0.0,1.0,0.0,0.0,255,2,0.01,0.64,0.0,0.0,0.0,0.0,0,6976.0
22,9,226,396,0,1,8,0.0,0.0,1.0,0.0,0.0,255,255,1.0,0.0,0.0,0.01,0.01,0.02,0,109978.0
19,9,567,0,0,0,1,0.0,0.0,1.0,0.0,0.0,191,19,0.1,0.03,0.0,0.0,0.0,0.0,0,103967.0
22,9,221,10554,0,1,10,0.0,0.0,1.0,0.0,0.17,143,255,1.0,0.0,0.03,0.0,0.0,0.0,0,7456.0
49,9,1444,479,0,1,1,0.0,0.0,1.0,0.0,0.0,255,10,0.04,0.01,0.0,0.0,0.0,0.0,0,32141.0
45,5,0,0,0,0,105,1.0,1.0,0.03,0.09,0.0,255,3,0.01,0.09,0.0,1.0,1.0,0.0,1,100900.0
22,9,207,1695,0,1,26,0.0,0.0,1.0,0.0,0.07,101,255,1.0,0.0,0.03,0.0,0.0,0.0,0,68366.0
45,5,0,0,0,0,157,1.0,1.0,0.01,0.06,0.0,255,19,0.07,0.09,0.0,1.0,1.0,0.0,1,105491.0
13,9,8,0,0,0,1,0.0,0.0,1.0,0.0,1.0,2,60,1.0,0.0,0.5,0.0,0.0,0.0,1,105663.0
62,5,0,0,0,0,227,1.0,1.0,0.02,0.06,0.0,255,4,0.02,0.06,0.0,1.0,1.0,0.0,1,2422.0
45,1,0,0,0,0,150,0.0,0.0,0.13,0.05,0.0,255,12,0.05,0.06,0.0,0.0,0.0,1.0,1,1158.0
45,5,0,0,0,0,211,1.0,1.0,0.06,0.07,0.0,255,17,0.07,0.08,0.0,1.0,1.0,0.0,1,36454.0
29,5,0,0,0,0,147,1.0,1.0,0.04,0.05,0.0,255,6,0.02,0.05,0.0,1.0,1.0,0.0,1,119491.0
45,5,0,0,0,0,250,1.0,1.0,0.06,0.07,0.0,255,16,0.06,0.08,0.0,1.0,1.0,0.0,1,36750.0
22,9,241,41234,0,1,8,0.0,0.0,1.0,0.0,0.0,32,255,1.0,0.0,0.04,0.03,0.0,0.0,0,26593.0
20,5,0,0,0,0,149,1.0,1.0,0.17,0.05,0.0,255,10,0.04,0.05,0.0,1.0,1.0,0.0,1,10813.0
45,5,0,0,0,0,98,1.0,1.0,0.14,0.06,0.0,255,14,0.05,0.07,0.0,1.0,1.0,0.0,1,26765.0
22,9,227,6564,0,1,7,0.0,0.0,1.0,0.0,0.0,57,65,1.0,0.0,0.03,0.02,0.02,0.0,0,62969.0
11,9,44,128,0,0,18,0.0,0.0,1.0,0.0,0.02,255,254,1.0,0.01,0.0,0.0,0.0,0.0,0,95394.0
45,9,1,0,0,0,60,0.0,0.0,0.1,0.08,0.0,255,6,0.02,0.22,0.0,0.0,0.0,0.0,1,66315.0
14,9,1032,0,0,0,455,0.0,0.0,1.0,0.0,0.0,255,255,1.0,0.0,0.0,0.0,0.0,0.0,1,110848.0
22,9,325,2484,0,1,5,0.0,0.0,1.0,0.0,0.24,5,255,1.0,0.0,0.04,0.0,0.0,0.0,0,107299.0
17,5,0,0,0,0,12,1.0,1.0,0.33,0.25,0.0,255,56,0.22,0.03,0.0,1.0,1.0,0.0,1,56953.0
49,9,759,387,0,1,1,0.0,0.0,1.0,0.0,1.0,255,100,0.39,0.04,0.0,0.19,0.0,0.0,0,88848.0
22,9,216,369,0,1,7,0.0,0.0,1.0,0.0,0.0,255,255,1.0,0.0,0.0,0.0,0.0,0.0,0,111669.0
13,9,8,0,0,0,1,0.0,0.0,1.0,0.0,1.0,2,62,1.0,0.0,0.5,0.0,0.0,0.0,1,99082.0
22,9,219,608,0,1,16,0.0,0.0,1.0,0.0,0.0,255,255,1.0,0.0,0.0,0.0,0.0,0.0,0,37982.0
22,9,235,7675,0,1,3,0.0,0.0,1.0,0.0,0.5,79,255,1.0,0.0,0.03,0.0,0.0,0.0,0,28802.0
19,9,12,0,0,0,1,0.0,0.0,1.0,0.0,0.0,255,37,0.15,0.55,0.0,0.55,0.0,0.0,0,74610.0
27,5,0,0,0,0,71,1.0,1.0,0.15,0.06,0.0,255,11,0.04,0.05,0.0,1.0,1.0,0.0,1,103315.0
6,5,0,0,0,0,202,1.0,1.0,0.0,0.05,0.0,255,1,0.0,0.06,0.0,1.0,1.0,0.0,1,57464.0
40,4,0,0,0,0,1,0.0,0.0,1.0,0.0,0.0,255,1,0.0,1.0,0.0,0.0,0.0,1.0,1,52848.0
22,9,215,4727,0,1,21,0.0,0.0,1.0,0.0,0.0,255,255,1.0,0.0,0.0,0.0,0.0,0.0,0,6362.0
45,5,0,0,0,0,138,1.0,1.0,0.07,0.06,0.0,255,8,0.03,0.07,0.0,1.0,1.0,0.0,1,16394.0
61,5,0,0,0,0,298,1.0,1.0,0.07,0.06,0.0,255,20,0.08,0.08,0.0,1.0,1.0,0.0,1,115892.0
61,5,0,0,0,0,296,1.0,1.0,0.06,0.05,0.0,255,18,0.07,0.08,0.0,1.0,1.0,0.0,1,67734.0
22,9,224,8557,0,1,1,0.0,0.0,1.0,0.0,0.0,16,255,1.0,0.0,0.07,0.0,0.01,0.0,0,16135.0
22,9,210,4896,0,1,8,0.0,0.0,1.0,0.0,0.22,8,255,1.0,0.0,0.05,0.0,0.0,0.0,0,71259.0
55,9,4075,19525,0,1,1,0.0,0.0,1.0,0.0,0.0,33,4,0.12,0.12,0.0,0.03,0.25,0.0,0,81993.0
19,9,16115,0,0,1,4,0.0,0.0,1.0,0.0,0.0,124,45,0.36,0.02,0.0,0.0,0.0,0.0,0,4373.0
22,9,201,1464,0,1,13,0.0,0.0,1.0,0.0,0.0,133,255,1.0,0.0,0.01,0.0,0.0,0.0,0,66271.0
11,9,43,71,0,0,129,0.0,0.0,1.0,0.0,0.0,255,255,1.0,0.0,0.0,0.0,0.0,0.0,0,102968.0
19,9,749,0,0,1,2,0.0,0.0,1.0,0.0,0.0,255,102,0.4,0.08,0.0,0.01,0.02,0.0,0,5268.0
20,5,0,0,0,0,236,1.0,1.0,0.08,0.06,0.0,255,1,0.0,0.08,0.0,1.0,1.0,0.0,1,9000.0
45,9,105,147,0,0,8,0.0,0.0,0.12,0.25,0.0,255,233,0.91,0.01,0.0,0.0,0.0,0.0,0,36217.0
45,4,1,0,0,0,2,0.0,0.0,1.0,0.0,0.0,255,2,0.01,0.65,0.0,0.0,0.0,1.0,1,17522.0
22,9,363,721,0,1,34,0.0,0.0,1.0,0.0,0.06,255,255,1.0,0.0,0.0,0.0,0.0,0.0,0,110823.0
13,9,8,0,0,0,1,0.0,0.0,1.0,0.0,0.0,1,37,1.0,0.0,0.27,0.0,0.0,0.0,1,124691.0
49,9,1877,285,0,1,1,0.0,0.0,1.0,0.0,0.0,101,105,0.56,0.06,0.02,0.0,0.0,0.0,0,67822.0
22,1,0,0,0,0,1,0.0,0.0,1.0,0.0,1.0,1,255,1.0,0.0,0.11,0.0,0.0,1.0,0,86566.0
45,5,0,0,0,0,123,1.0,1.0,0.09,0.06,0.0,255,14,0.05,0.06,0.0,1.0,1.0,0.0,1,96723.0
45,2,0,0,0,0,256,0.0,0.0,0.01,0.07,0.0,255,3,0.01,0.07,0.0,0.0,0.0,1.0,1,18292.0
19,9,12165,0,0,1,3,0.0,0.0,1.0,0.0,0.0,17,46,0.53,0.12,0.04,0.0,0.0,0.0,0,83283.0
23,5,0,0,0,0,228,1.0,1.0,0.11,0.05,0.0,255,25,0.1,0.06,0.0,1.0,1.0,0.0,1,42435.0
22,9,209,1263,0,1,4,0.0,0.0,1.0,0.0,0.0,255,255,1.0,0.0,0.0,0.0,0.0,0.0,0,25543.0
60,1,0,0,0,0,110,0.0,0.0,0.05,0.07,0.0,255,6,0.02,0.08,0.0,0.0,0.0,1.0,1,104074.0
11,9,44,44,0,0,129,0.0,0.0,1.0,0.0,0.0,255,254,1.0,0.01,0.0,0.0,0.0,0.0,0,101889.0
22,9,252,1562,0,1,5,0.0,0.0,1.0,0.0,0.33,22,255,1.0,0.0,0.04,0.0,0.0,0.0,0,25109.0
45,5,0,0,0,0,69,1.0,1.0,0.32,0.06,0.0,255,22,0.09,0.05,0.0,1.0,1.0,0.0,1,103557.0
45,5,0,0,0,0,262,1.0,1.0,0.04,0.06,0.0,255,5,0.02,0.07,0.0,1.0,1.0,0.0,1,43044.0
22,9,238,1625,0,1,6,0.0,0.0,1.0,0.0,0.0,255,255,1.0,0.0,0.0,0.01,0.01,0.0,0,6428.0
19,9,61298,0,0,1,9,0.0,0.0,1.0,0.0,0.0,230,102,0.42,0.02,0.02,0.0,0.0,0.0,0,83611.0
19,5,0,0,0,0,39,1.0,1.0,0.28,0.1,0.0,255,44,0.17,0.05,0.0,1.0,1.0,0.0,1,46228.0
19,9,5336,0,0,1,11,0.0,0.0,1.0,0.0,0.0,232,88,0.38,0.02,0.0,0.0,0.0,0.0,0,52093.0
49,9,22532,1437,0,1,1,0.0,0.0,1.0,0.0,1.0,131,151,0.6,0.04,0.01,0.0,0.0,0.03,0,49425.0
45,5,0,0,0,0,195,1.0,1.0,0.03,0.06,0.0,255,16,0.06,0.08,0.0,1.0,1.0,0.0,1,85527.0
22,9,226,12884,0,1,5,0.0,0.0,1.0,0.0,0.0,255,255,1.0,0.0,0.0,0.0,0.0,0.0,0,45148.0
14,9,1032,0,0,0,81,0.0,0.0,1.0,0.0,0.0,255,81,0.32,0.02,0.0,0.0,0.0,0.0,1,75278.0
22,9,216,2293,0,1,10,0.0,0.0,1.0,0.0,0.0,180,255,1.0,0.0,0.02,0.0,0.0,0.0,0,64792.0
22,9,229,1322,0,1,21,0.0,0.0,1.0,0.0,0.0,255,255,1.0,0.0,0.0,0.0,0.0,0.0,0,28318.0
31,5,0,0,0,0,248,1.0,1.0,0.01,0.06,0.0,255,18,0.07,0.07,0.0,1.0,1.0,0.0,1,51134.0
40,9,147,0,0,0,3,0.0,0.0,0.33,0.67,0.0,255,1,0.0,0.61,0.0,0.0,0.0,0.0,0,11339.0
45,1,0,0,0,0,2,0.0,0.0,0.5,1.0,0.0,255,1,0.0,0.33,0.0,0.0,0.0,1.0,1,87388.0
45,1,0,0,0,0,145,0.0,0.0,0.1,0.06,0.0,255,34,0.13,0.06,0.0,0.0,0.0,1.0,1,48479.0
22,9,216,3099,0,1,2,0.0,0.0,1.0,0.0,0.67,255,255,1.0,0.0,0.0,0.0,0.0,0.0,0,121755.0
40,1,0,0,0,0,419,0.06,0.0,0.0,1.0,0.0,255,1,0.0,1.0,0.0,0.08,0.0,1.0,1,18756.0
3,5,0,0,0,0,233,1.0,1.0,0.07,0.06,0.0,255,16,0.06,0.06,0.0,1.0,1.0,0.0,1,121468.0
45,5,0,0,0,0,293,1.0,1.0,0.06,0.05,0.0,255,18,0.07,0.06,0.0,1.0,1.0,0.0,1,124020.0
22,9,203,691,0,1,13,0.0,0.0,1.0,0.0,0.0,86,255,1.0,0.0,0.04,0.0,0.0,0.0,0,90447.0
49,9,1008,370,0,1,1,0.0,0.0,1.0,0.0,0.0,11,48,0.82,0.27,0.04,0.0,0.0,0.0,0,96427.0
22,9,295,867,0,1,24,0.0,0.0,1.0,0.0,0.0,36,255,1.0,0.0,0.04,0.0,0.0,0.0,0,66506.0
11,9,44,80,0,0,136,0.0,0.0,1.0,0.0,0.01,255,223,0.87,0.01,0.0,0.0,0.0,0.0,0,68426.0
22,1,0,0,0,0,1,0.0,0.0,1.0,0.0,0.0,8,254,1.0,0.0,0.17,0.0,0.0,0.92,0,30131.0
7,1,0,0,0,0,195,0.0,0.0,0.01,0.07,0.0,255,2,0.01,0.08,0.0,0.0,0.0,1.0,1,4450.0
22,9,349,310,0,1,12,0.0,0.0,1.0,0.0,0.0,255,255,1.0,0.0,0.0,0.0,0.0,0.0,0,82924.0
22,1,0,0,0,0,1,0.0,0.0,1.0,0.0,0.0,10,255,1.0,0.0,0.16,0.0,0.0,0.83,0,24349.0
45,5,0,0,0,0,105,1.0,1.0,0.14,0.06,0.0,255,13,0.05,0.05,0.0,1.0,1.0,0.0,1,116928.0
11,9,36,0,0,0,1,0.0,0.0,1.0,0.0,0.75,139,34,0.08,0.04,0.06,0.0,0.0,0.0,0,34465.0
45,5,0,0,0,0,105,1.0,1.0,0.13,0.06,0.0,181,14,0.08,0.1,0.0,1.0,1.0,0.0,1,4870.0
62,1,0,0,0,0,271,0.0,0.0,0.03,0.06,0.0,255,7,0.03,0.07,0.0,0.0,0.0,1.0,1,123702.0
40,9,59,0,0,1,3,0.0,0.0,0.33,0.67,0.0,126,1,0.01,0.04,0.0,0.0,0.0,0.0,0,111892.0
19,9,175337,0,0,1,2,0.0,0.0,1.0,0.0,0.0,255,46,0.18,0.03,0.0,0.0,0.0,0.0,0,98709.0
22,9,266,608,0,1,27,0.0,0.0,1.0,0.0,0.0,255,255,1.0,0.0,0.0,0.0,0.0,0.0,0,49431.0
59,5,0,0,0,0,144,1.0,1.0,0.12,0.06,0.0,255,18,0.07,0.06,0.0,1.0,1.0,0.0,1,105618.0
49,9,1269,331,0,1,2,0.0,0.0,0.5,1.0,0.0,255,14,0.05,0.65,0.0,0.0,0.07,0.0,0,35750.0
11,9,44,136,0,0,159,0.0,0.0,1.0,0.0,0.01,255,255,1.0,0.0,0.0,0.0,0.0,0.0,0,6790.0
22,9,298,1971,0,1,45,0.0,0.0,1.0,0.0,0.06,113,255,1.0,0.0,0.02,0.0,0.0,0.0,0,3807.0
36,5,0,0,0,0,295,1.0,1.0,0.08,0.05,0.0,255,24,0.09,0.05,0.0,1.0,1.0,0.0,1,21698.0
6,5,0,0,0,0,272,1.0,1.0,0.05,0.06,0.0,255,6,0.02,0.08,0.0,1.0,1.0,0.0,1,90878.0
10,5,0,0,0,0,248,1.0,1.0,0.07,0.06,0.0,255,17,0.07,0.07,0.0,1.0,1.0,0.0,1,65328.0
22,9,293,1651,0,1,13,0.0,0.0,1.0,0.0,0.18,255,255,1.0,0.0,0.0,0.0,0.0,0.0,0,2461.0
19,9,2191,0,0,1,16,0.0,0.0,1.0,0.0,0.0,59,54,0.37,0.05,0.04,0.0,0.0,0.0,0,40808.0
45,1,0,0,0,0,149,0.0,0.0,0.06,0.06,0.0,255,23,0.09,0.07,0.0,0.0,0.0,1.0,1,95633.0
22,1,0,0,0,0,1,0.0,0.0,1.0,0.0,1.0,2,218,1.0,0.0,0.16,0.0,0.0,0.97,0,92226.0
49,9,12151,1396,0,1,1,0.0,0.0,1.0,0.0,1.0,255,117,0.46,0.02,0.0,0.0,0.0,0.0,0,32054.0
31,5,0,0,0,0,204,1.0,1.0,0.02,0.06,0.0,255,11,0.04,0.06,0.0,1.0,1.0,0.0,1,94101.0
45,5,0,0,0,0,138,1.0,1.0,0.04,0.07,0.0,255,5,0.02,0.07,0.0,1.0,1.0,0.0,1,24265.0
22,9,193,32944,0,1,2,0.0,0.0,1.0,0.0,0.0,1,1,1.0,0.0,0.0,0.0,0.0,0.0,0,77334.0
45,5,0,0,0,0,283,1.0,1.0,0.04,0.06,0.0,255,7,0.03,0.08,0.0,1.0,1.0,0.0,1,89665.0
45,1,0,0,0,0,24,0.0,0.0,0.04,0.54,0.0,194,1,0.01,0.08,0.0,0.01,0.0,1.0,1,41142.0
55,5,0,0,0,0,80,1.0,1.0,0.25,0.05,0.0,162,43,0.26,0.02,0.05,0.99,0.93,0.0,1,36161.0
45,5,0,0,0,0,114,1.0,1.0,0.1,0.08,0.0,255,11,0.04,0.07,0.0,1.0,1.0,0.0,1,79639.0
45,5,0,0,0,0,115,1.0,1.0,0.06,0.06,0.0,255,7,0.03,0.05,0.0,1.0,1.0,0.0,1,37643.0
22,9,322,4137,0,1,9,0.0,0.0,1.0,0.0,0.0,255,255,1.0,0.0,0.0,0.01,0.01,0.0,0,19968.0
35,5,0,0,0,0,292,1.0,1.0,0.03,0.05,0.0,255,3,0.01,0.07,0.0,1.0,1.0,0.0,1,116482.0
55,9,1828,148722,0,1,1,0.0,0.0,1.0,0.0,0.0,51,7,0.14,0.08,0.0,0.0,0.0,0.0,0,405.0
17,9,9,269,0,0,1,0.0,0.0,1.0,0.0,0.0,255,7,0.03,0.02,0.0,0.0,0.0,0.0,0,71542.0
22,9,310,535,0,1,25,0.0,0.0,1.0,0.0,0.1,255,255,1.0,0.0,0.0,0.0,0.0,0.0,0,69936.0
4,1,0,0,0,0,273,0.0,0.0,0.06,0.07,0.0,255,17,0.07,0.07,0.0,0.0,0.0,1.0,1,8843.0
13,9,8,0,0,0,1,0.0,0.0,1.0,0.0,1.0,1,93,1.0,0.0,0.52,0.0,0.0,0.0,1,67415.0
18,9,694,2077,0,1,1,0.0,0.0,1.0,0.0,0.0,15,4,0.27,0.13,0.0,0.0,0.0,0.0,0,98142.0
14,9,520,0,0,0,481,0.0,0.0,1.0,0.0,0.0,112,112,1.0,0.0,0.0,0.0,0.0,0.0,1,105281.0
22,9,320,1899,0,1,6,0.0,0.0,1.0,0.0,0.14,36,255,1.0,0.0,0.08,0.0,0.0,0.0,0,50233.0
11,9,30,30,0,0,2,0.0,0.0,1.0,0.0,0.67,255,250,0.98,0.01,0.0,0.0,0.0,0.0,0,38444.0
17,9,11,143,0,0,1,0.0,0.0,1.0,0.0,0.0,255,23,0.09,0.02,0.0,0.0,0.0,0.0,0,112863.0
22,1,0,0,0,0,1,0.0,0.0,1.0,0.0,0.0,5,237,1.0,0.0,0.22,0.0,0.0,1.0,0,101663.0
49,5,0,0,0,0,2,1.0,1.0,0.5,1.0,0.0,255,1,0.0,0.08,0.0,1.0,1.0,0.0,1,6798.0
17,9,8,140,0,0,1,0.0,0.0,1.0,0.0,0.0,84,7,0.04,0.07,0.29,0.0,0.0,0.0,0,70960.0
11,9,43,129,0,0,72,0.0,0.0,1.0,0.0,0.01,250,166,0.66,0.01,0.0,0.0,0.0,0.0,0,74182.0
11,9,45,111,0,0,40,0.0,0.0,1.0,0.0,0.02,255,254,1.0,0.01,0.0,0.0,0.0,0.0,0,78633.0
49,9,1027,326,0,1,1,0.0,0.0,1.0,0.0,0.0,35,167,0.94,0.09,0.02,0.0,0.0,0.01,0,78017.0
22,9,257,480,0,1,1,0.0,0.0,1.0,0.0,0.0,239,255,1.0,0.0,0.01,0.0,0.0,0.0,0,85138.0
26,1,0,0,0,0,132,0.0,0.0,0.02,0.07,0.0,255,3,0.01,0.07,0.0,0.0,0.0,1.0,1,43782.0
40,9,147,105,0,0,2,0.0,0.0,1.0,0.0,0.0,255,4,0.02,0.72,0.0,0.0,0.0,0.0,0,65093.0
19,9,11376,0,0,1,11,0.0,0.0,1.0,0.0,0.0,253,65,0.26,0.02,0.0,0.0,0.0,0.0,0,110417.0
19,9,334,0,0,1,2,0.0,0.0,1.0,0.0,0.0,10,20,1.0,0.0,0.15,0.0,0.0,0.0,0,12200.0
60,5,0,0,0,0,249,1.0,1.0,0.04,0.06,0.0,255,20,0.08,0.06,0.0,1.0,1.0,0.0,1,74821.0
17,5,0,0,0,0,51,1.0,1.0,0.35,0.08,0.0,255,38,0.15,0.06,0.0,1.0,1.0,0.0,1,18928.0
18,9,61,189,0,0,1,0.0,0.0,1.0,0.0,0.0,48,21,0.44,0.08,0.0,0.0,0.0,0.0,0,95464.0
40,9,516,4,0,0,172,0.0,0.0,1.0,0.0,0.0,172,172,1.0,0.0,0.0,0.0,0.0,0.0,0,31742.0
22,9,189,9692,0,1,1,0.0,0.0,1.0,0.0,0.4,255,255,1.0,0.0,0.0,0.0,0.0,0.0,0,117857.0
22,9,282,2113,0,1,29,0.0,0.0,1.0,0.0,0.06,255,255,1.0,0.0,0.0,0.0,0.0,0.0,0,110016.0
24,1,0,0,0,0,282,0.0,0.0,0.05,0.06,0.0,255,13,0.05,0.07,0.0,0.0,0.0,1.0,1,112526.0
19,5,0,0,0,0,15,1.0,1.0,1.0,0.0,0.0,255,61,0.24,0.02,0.0,1.0,1.0,0.0,1,32092.0
45,5,0,0,0,0,88,1.0,1.0,0.08,0.07,0.0,255,7,0.03,0.07,0.0,1.0,1.0,0.0,1,48257.0
22,1,0,0,0,0,273,0.0,0.0,0.05,0.06,0.0,255,13,0.05,0.07,0.0,0.0,0.0,1.0,1,18274.0
49,9,1898,330,0,1,1,0.0,0.0,1.0,0.0,0.0,134,94,0.7,0.03,0.0,0.0,0.0,0.0,0,112728.0
13,9,18,0,0,0,1,0.0,0.0,1.0,0.0,0.0,1,108,1.0,0.0,1.0,0.0,0.0,0.0,1,22571.0
22,9,242,13647,0,1,10,0.0,0.0,1.0,0.0,0.0,10,255,1.0,0.0,0.04,0.0,0.0,0.0,0,121383.0
22,9,318,348,0,1,8,0.0,0.0,1.0,0.0,0.0,8,255,1.0,0.0,0.04,0.0,0.0,0.0,0,52014.0
22,9,242,446,0,1,8,0.0,0.0,1.0,0.0,0.0,68,68,1.0,0.0,0.0,0.0,0.0,0.0,0,9355.0
22,9,316,7546,0,1,25,0.0,0.0,1.0,0.0,0.08,255,255,1.0,0.0,0.0,0.0,0.0,0.0,0,56705.0
49,9,1163,338,0,1,1,0.0,0.0,1.0,0.0,1.0,103,191,0.83,0.05,0.01,0.0,0.01,0.0,0,108761.0
19,9,334,0,0,1,2,0.0,0.0,1.0,0.0,0.0,4,22,1.0,0.0,0.18,0.0,0.0,0.0,0,4262.0
22,9,318,664,0,1,20,0.0,0.0,1.0,0.0,0.1,220,255,1.0,0.0,0.03,0.0,0.0,0.0,0,34091.0
32,5,0,0,0,0,211,1.0,1.0,0.07,0.07,0.0,255,15,0.06,0.07,0.0,1.0,1.0,0.0,1,40934.0
13,9,30,0,0,0,1,0.0,0.0,1.0,0.0,0.0,16,91,1.0,0.0,0.43,0.0,0.0,0.0,1,6904.0
5,5,0,0,0,0,101,1.0,1.0,0.01,0.07,0.0,255,1,0.0,0.08,0.0,1.0,1.0,0.0,1,25700.0
22,9,317,2859,0,1,6,0.0,0.0,1.0,0.0,0.0,6,255,1.0,0.0,0.03,0.0,0.0,0.0,0,72963.0
22,9,207,5053,0,1,2,0.0,0.0,1.0,0.0,0.17,255,255,1.0,0.0,0.0,0.0,0.0,0.0,0,70799.0
22,9,245,577,0,1,1,0.0,0.0,1.0,0.0,0.0,11,255,1.0,0.0,0.01,0.0,0.0,0.0,0,77296.0
55,9,124,11352,0,1,2,0.0,0.0,0.5,1.0,0.0,97,1,0.01,0.06,0.0,0.01,0.0,0.0,0,90269.0
19,5,0,0,0,0,279,1.0,1.0,0.04,0.05,0.0,255,10,0.04,0.05,0.0,1.0,1.0,0.0,1,98429.0
14,9,1032,0,0,0,56,0.0,0.0,1.0,0.0,0.0,255,56,0.22,0.02,0.0,0.0,0.0,0.0,1,52913.0
22,9,323,37817,0,1,13,0.0,0.0,1.0,0.0,0.0,42,255,1.0,0.0,0.05,0.0,0.0,0.0,0,125680.0
45,5,0,0,0,0,231,1.0,1.0,0.09,0.06,0.0,255,13,0.05,0.07,0.0,1.0,1.0,0.0,1,120341.0
19,9,334,0,0,1,1,0.0,0.0,1.0,0.0,1.0,1,9,1.0,0.0,0.44,0.0,0.0,0.0,0,64913.0
45,9,1,0,0,0,33,0.0,0.0,1.0,0.0,0.0,101,33,0.33,0.05,0.0,0.0,0.0,0.0,1,36128.0
52,5,0,0,0,0,143,1.0,1.0,0.13,0.04,0.0,255,18,0.07,0.05,0.0,1.0,1.0,0.0,1,32777.0
17,9,9,28,0,0,2,0.0,0.0,1.0,0.0,0.67,255,5,0.02,0.31,0.0,0.0,0.0,0.0,0,71182.0
37,5,0,0,0,0,142,1.0,1.0,0.1,0.06,0.0,255,13,0.05,0.06,0.0,1.0,1.0,0.0,1,118175.0
45,5,0,0,0,0,149,1.0,1.0,0.13,0.06,0.0,255,19,0.07,0.08,0.0,1.0,1.0,0.0,1,75914.0
22,9,230,334,0,1,12,0.0,0.0,1.0,0.0,0.14,255,255,1.0,0.0,0.0,0.0,0.0,0.0,0,84159.0
19,9,95,0,0,1,1,0.0,0.0,1.0,0.0,0.0,127,93,0.24,0.03,0.02,0.0,0.0,0.0,0,105490.0
45,5,0,0,0,0,39,1.0,1.0,0.08,0.15,0.0,255,3,0.01,0.09,0.0,1.0,1.0,0.0,1,66266.0
45,5,0,0,0,0,165,1.0,1.0,0.07,0.07,0.0,255,11,0.04,0.07,0.0,1.0,1.0,0.0,1,102368.0
11,9,42,0,0,0,1,0.0,0.0,1.0,0.0,1.0,255,255,1.0,0.0,0.0,0.0,0.0,0.0,0,112243.0
22,9,361,10279,0,1,31,0.0,0.0,1.0,0.0,0.0,81,255,1.0,0.0,0.01,0.0,0.0,0.0,0,83129.0
45,5,0,0,0,0,124,1.0,1.0,0.04,0.06,0.0,255,17,0.07,0.07,0.0,1.0,1.0,0.0,1,62840.0
49,9,865,330,0,1,1,0.0,0.0,1.0,0.0,1.0,94,185,0.95,0.02,0.02,0.01,0.01,0.0,0,85978.0
11,9,42,67,0,0,198,0.0,0.0,0.99,0.01,0.0,255,254,1.0,0.01,0.0,0.0,0.0,0.0,0,103692.0
22,9,286,1577,0,1,1,0.0,0.0,1.0,0.0,0.3,133,255,1.0,0.0,0.02,0.0,0.01,0.0,0,28597.0
45,5,0,0,0,0,281,1.0,1.0,0.06,0.06,0.0,255,17,0.07,0.08,0.0,1.0,1.0,0.0,1,60069.0
22,9,216,14799,0,1,4,0.0,0.0,1.0,0.0,0.0,4,255,1.0,0.0,0.02,0.0,0.0,0.0,0,93362.0
22,9,283,557,0,1,16,0.0,0.0,1.0,0.0,0.15,255,255,1.0,0.0,0.0,0.0,0.0,0.01,0,56899.0
45,5,0,0,0,0,126,1.0,1.0,0.12,0.06,0.0,255,5,0.02,0.07,0.0,1.0,1.0,0.0,1,125840.0
22,9,337,453,0,1,5,0.0,0.0,1.0,0.0,0.13,24,255,1.0,0.0,0.02,0.0,0.0,0.0,0,88362.0
49,9,1368,329,0,1,1,0.0,0.0,1.0,0.0,1.0,145,168,0.73,0.04,0.01,0.0,0.0,0.0,0,25202.0
40,1,0,0,0,0,389,0.09,0.0,0.0,1.0,0.0,255,1,0.0,1.0,0.0,0.11,0.0,1.0,1,14197.0
29,1,0,0,0,0,270,0.0,0.0,0.02,0.06,0.0,255,6,0.02,0.07,0.0,0.0,0.0,1.0,1,76582.0
45,5,0,0,0,0,12,1.0,1.0,0.5,0.17,0.0,255,10,0.04,0.08,0.0,1.0,1.0,0.0,1,106549.0
49,9,13035,1358,0,1,1,0.0,0.0,1.0,0.0,1.0,193,144,0.49,0.02,0.01,0.01,0.0,0.0,0,80951.0
19,9,1470,0,0,1,4,0.0,0.0,1.0,0.0,0.0,255,92,0.36,0.01,0.0,0.0,0.0,0.0,0,12130.0
22,9,241,39228,0,1,1,0.0,0.0,1.0,0.0,0.0,255,255,1.0,0.0,0.0,0.01,0.01,0.0,0,71078.0
58,9,182,0,0,0,6,0.0,0.0,1.0,0.0,0.0,255,16,0.06,0.01,0.0,0.0,0.0,0.0,0,18609.0
45,9,1,0,0,0,6,0.0,0.0,1.0,0.0,0.0,255,6,0.02,0.41,0.0,0.0,0.0,0.0,1,35666.0
22,9,168,3344,0,1,1,0.0,0.0,1.0,0.0,0.0,3,9,1.0,0.0,0.22,0.0,0.0,0.0,0,97541.0
22,9,238,1249,0,1,10,0.0,0.0,1.0,0.0,0.12,76,255,1.0,0.0,0.03,0.0,0.01,0.0,0,69166.0
22,9,210,2696,0,1,13,0.0,0.0,1.0,0.0,0.0,255,255,1.0,0.0,0.0,0.0,0.0,0.0,0,33851.0
22,9,318,1255,0,1,10,0.0,0.0,1.0,0.0,0.0,27,255,1.0,0.0,0.04,0.0,0.0,0.0,0,74115.0
54,5,0,0,0,0,133,1.0,1.0,0.13,0.06,0.0,255,4,0.02,0.07,0.0,1.0,1.0,0.0,1,102165.0
43,9,35,130,0,1,2,0.0,0.0,0.5,1.0,0.0,222,3,0.01,0.03,0.0,0.0,0.0,0.0,0,23904.0
45,9,1,0,0,0,15,0.0,0.0,0.07,0.67,0.0,255,1,0.0,0.06,0.0,0.0,0.0,0.0,1,21345.0
45,5,0,0,0,0,223,1.0,1.0,0.03,0.06,0.0,255,5,0.02,0.09,0.0,1.0,1.0,0.0,1,111272.0
60,5,0,0,0,0,143,1.0,1.0,0.04,0.07,0.0,255,20,0.08,0.07,0.0,1.0,1.0,0.0,1,16524.0
22,9,152,249,0,1,1,0.0,0.0,1.0,0.0,0.0,2,255,1.0,0.0,0.03,0.0,0.0,0.0,0,41311.0
22,9,226,673,0,1,13,0.0,0.0,1.0,0.0,0.25,255,255,1.0,0.0,0.0,0.0,0.0,0.01,0,23224.0
22,9,305,653,0,1,9,0.0,0.0,1.0,0.0,0.0,255,255,1.0,0.0,0.0,0.0,0.0,0.0,0,121510.0
22,9,208,478,0,1,44,0.0,0.0,1.0,0.0,0.0,255,255,1.0,0.0,0.0,0.0,0.0,0.31,0,98926.0
45,5,0,0,0,0,111,1.0,1.0,0.17,0.06,0.0,255,15,0.06,0.06,0.0,1.0,1.0,0.0,1,37704.0
45,9,100,0,0,0,3,0.0,0.0,1.0,0.0,0.0,34,4,0.12,0.06,0.0,0.0,0.0,0.0,0,19847.0
22,9,206,28502,0,1,1,0.0,0.0,1.0,0.0,0.0,1,255,1.0,0.0,0.04,0.0,0.0,0.0,0,51460.0
24,5,0,0,0,0,259,1.0,1.0,0.04,0.06,0.0,255,14,0.05,0.07,0.0,1.0,1.0,0.0,1,79638.0
45,5,0,0,0,0,299,1.0,1.0,0.03,0.05,0.0,255,7,0.03,0.08,0.0,1.0,1.0,0.0,1,84676.0
22,9,277,215,0,1,2,0.0,0.0,1.0,0.0,0.0,49,255,1.0,0.0,0.01,0.0,0.0,0.07,0,112293.0
22,9,227,1404,0,1,20,0.0,0.0,1.0,0.0,0.0,255,255,1.0,0.0,0.0,0.0,0.0,0.0,0,73641.0
40,1,0,0,0,0,511,0.16,0.0,0.0,1.0,0.0,255,1,0.0,1.0,0.0,0.14,0.0,1.0,1,6845.0
45,3,0,0,0,0,149,0.7,0.5,0.01,0.38,0.0,255,2,0.01,0.22,0.0,0.41,0.5,0.5,1,97193.0
22,9,54540,8314,0,1,3,0.0,0.0,1.0,0.0,0.0,37,37,1.0,0.0,0.0,0.0,0.0,0.3,0,43169.0
45,5,0,0,0,0,125,1.0,1.0,0.1,0.06,0.0,255,12,0.05,0.08,0.0,1.0,1.0,0.0,1,5646.0
56,5,0,0,0,0,231,1.0,1.0,0.06,0.06,0.0,255,13,0.05,0.07,0.0,1.0,1.0,0.0,1,68325.0
10,5,0,0,0,0,239,1.0,1.0,0.02,0.07,0.0,255,5,0.02,0.07,0.0,1.0,1.0,0.0,1,89928.0
24,5,0,0,0,0,255,1.0,1.0,0.03,0.06,0.0,255,10,0.04,0.07,0.0,1.0,1.0,0.0,1,876.0
25,5,0,0,0,0,248,1.0,1.0,0.07,0.06,0.0,255,18,0.07,0.07,0.0,1.0,1.0,0.0,1,92433.0
13,9,8,0,0,0,1,0.0,0.0,1.0,0.0,1.0,1,26,1.0,0.0,0.54,0.0,0.0,0.0,1,59793.0
11,9,104,0,0,0,1,0.0,0.0,1.0,0.0,1.0,255,233,0.91,0.01,0.0,0.0,0.0,0.0,0,75741.0
45,5,0,0,0,0,196,1.0,1.0,0.07,0.05,0.0,255,14,0.05,0.05,0.0,1.0,1.0,0.0,1,35259.0
45,5,0,0,0,0,190,1.0,1.0,0.01,0.06,0.0,255,2,0.01,0.06,0.0,1.0,1.0,0.0,1,65058.0
11,9,29,82,0,0,6,0.0,0.0,1.0,0.0,0.0,59,50,0.85,0.05,0.0,0.0,0.0,0.0,0,115812.0
45,1,0,0,0,0,104,0.01,0.0,0.01,1.0,0.0,255,1,0.0,0.42,0.0,0.0,0.0,1.0,1,18046.0
11,9,36,0,0,0,12,0.0,0.0,1.0,0.0,0.21,77,181,1.0,0.0,0.01,0.0,0.0,0.0,0,61734.0
10,5,0,0,0,0,247,1.0,1.0,0.09,0.06,0.0,255,23,0.09,0.07,0.0,1.0,1.0,0.0,1,41094.0
21,5,0,0,0,0,130,1.0,1.0,0.13,0.06,0.0,255,17,0.07,0.07,0.0,1.0,1.0,0.0,1,85945.0
22,9,210,2078,0,1,2,0.0,0.0,1.0,0.0,0.18,41,255,1.0,0.0,0.04,0.0,0.0,0.0,0,74293.0
49,9,2408,328,0,1,1,0.0,0.0,1.0,0.0,1.0,255,12,0.05,0.71,0.0,0.0,0.0,0.0,0,9731.0
22,9,229,742,0,1,26,0.0,0.0,1.0,0.0,0.0,77,255,1.0,0.0,0.01,0.0,0.0,0.0,0,69987.0
22,1,0,0,0,0,1,0.0,0.0,1.0,0.0,0.0,128,255,1.0,0.0,0.08,0.01,0.0,0.52,0,30309.0
22,9,232,4770,0,1,5,0.0,0.0,1.0,0.0,0.18,70,255,1.0,0.0,0.03,0.01,0.01,0.0,0,52036.0
22,9,243,7087,0,1,8,0.0,0.0,1.0,0.0,0.17,161,255,1.0,0.0,0.02,0.01,0.01,0.0,0,53997.0
11,9,44,142,0,0,71,0.0,0.0,1.0,0.0,0.01,255,232,0.91,0.01,0.0,0.0,0.0,0.0,0,106897.0
22,9,218,434,0,1,10,0.0,0.0,1.0,0.0,0.19,255,255,1.0,0.0,0.0,0.0,0.0,0.0,0,74020.0
4,5,0,0,0,0,215,1.0,1.0,0.09,0.06,0.0,255,20,0.08,0.07,0.0,1.0,1.0,0.0,1,61578.0
45,5,0,0,0,0,176,1.0,1.0,0.01,0.06,0.0,255,1,0.0,0.06,0.0,1.0,1.0,0.0,1,21969.0
49,5,0,0,0,0,97,1.0,1.0,0.2,0.05,0.0,255,3,0.01,0.05,0.0,1.0,1.0,0.0,1,58730.0
45,5,0,0,0,0,118,1.0,1.0,0.04,0.08,0.0,255,5,0.02,0.07,0.0,1.0,1.0,0.0,1,42557.0
45,5,0,0,0,0,212,1.0,1.0,0.01,0.07,0.0,255,17,0.07,0.06,0.0,1.0,1.0,0.0,1,18560.0
35,5,0,0,0,0,265,1.0,1.0,0.02,0.06,0.0,255,4,0.02,0.06,0.0,1.0,1.0,0.0,1,120249.0
14,9,1032,0,0,0,78,0.0,0.0,1.0,0.0,0.0,255,78,0.31,0.02,0.0,0.0,0.0,0.0,1,79979.0
40,9,516,4,0,0,12,0.0,0.0,1.0,0.0,0.0,12,12,1.0,0.0,0.0,0.0,0.0,0.0,0,19043.0
45,5,0,0,0,0,139,1.0,1.0,0.13,0.06,0.0,255,1,0.0,0.07,0.0,1.0,1.0,0.0,1,24191.0
22,5,0,0,0,0,40,1.0,1.0,0.38,0.1,0.0,255,62,0.24,0.02,0.0,1.0,1.0,0.0,1,66329.0
49,9,3366,328,0,1,2,0.0,0.0,0.5,1.0,0.0,80,61,0.76,0.05,0.0,0.0,0.0,0.0,0,122798.0
45,5,0,0,0,0,191,0.62,1.0,0.09,0.04,0.0,255,4,0.02,0.06,0.0,1.0,1.0,0.0,1,125113.0
22,9,194,1232,0,1,9,0.0,0.0,1.0,0.0,0.0,33,255,1.0,0.0,0.01,0.0,0.0,0.0,0,44245.0
45,9,28,0,3,0,56,0.0,0.0,0.98,0.04,0.0,255,55,0.22,0.02,0.0,0.0,0.0,0.0,1,79138.0
22,9,54540,8314,0,1,3,0.0,0.0,1.0,0.0,0.0,23,23,1.0,0.0,0.0,0.0,0.0,0.04,0,28224.0
19,9,22,0,0,0,1,0.0,0.0,1.0,0.0,0.0,29,122,0.9,0.14,0.02,0.0,0.0,0.0,0,85914.0
45,1,0,0,0,0,384,0.0,0.0,0.0,0.52,0.0,255,1,0.0,0.52,0.0,0.0,0.0,1.0,1,102779.0
22,1,0,0,0,0,16,0.0,0.0,1.0,0.0,0.0,50,255,1.0,0.0,0.17,0.0,0.0,0.99,0,121378.0
3,5,0,0,0,0,287,1.0,1.0,0.03,0.06,0.0,255,10,0.04,0.07,0.0,1.0,1.0,0.0,1,20971.0
49,9,1468,357,0,1,1,0.0,0.0,1.0,0.0,1.0,106,73,0.69,0.05,0.0,0.0,0.0,0.0,0,115401.0
45,4,1,0,0,0,2,0.0,0.0,1.0,0.0,0.0,255,2,0.01,0.73,0.0,0.0,0.0,1.0,1,79975.0
22,9,211,10609,0,1,12,0.0,0.0,1.0,0.0,0.19,40,255,1.0,0.0,0.04,0.0,0.0,0.0,0,21132.0
43,9,35,130,0,1,1,0.0,0.0,1.0,0.0,0.0,96,4,0.01,0.04,0.5,0.0,0.0,0.0,0,124076.0
55,5,0,0,0,0,239,1.0,1.0,0.08,0.05,0.0,255,20,0.08,0.06,0.0,1.0,1.0,0.0,1,121467.0
52,5,0,0,0,0,267,1.0,1.0,0.09,0.05,0.0,255,25,0.1,0.05,0.0,1.0,1.0,0.0,1,5099.0
11,9,46,46,0,0,141,0.0,0.0,0.99,0.01,0.0,255,254,1.0,0.01,0.0,0.0,0.0,0.0,0,110565.0
13,9,8,0,0,0,1,0.0,0.0,1.0,0.0,1.0,2,152,1.0,0.0,0.5,0.0,0.0,0.0,1,20962.0
45,5,0,0,0,0,149,1.0,1.0,0.13,0.05,0.0,255,38,0.15,0.05,0.0,1.0,1.0,0.0,1,95429.0
18,5,0,0,0,0,213,1.0,1.0,0.11,0.07,0.0,255,23,0.09,0.06,0.0,1.0,1.0,0.0,1,73507.0
17,5,0,0,0,0,13,1.0,1.0,0.31,0.15,0.0,255,56,0.22,0.04,0.0,1.0,1.0,0.0,1,51796.0
22,9,286,1408,0,1,5,0.0,0.0,1.0,0.0,0.0,40,255,1.0,0.0,0.04,0.0,0.0,0.0,0,91033.0
49,9,796,328,0,1,1,0.0,0.0,1.0,0.0,0.0,131,194,0.73,0.04,0.01,0.01,0.0,0.0,0,120241.0
45,9,28,0,3,0,16,0.0,0.0,1.0,0.0,0.0,229,16,0.07,0.71,0.0,0.03,0.0,0.0,1,95232.0
45,5,0,0,0,0,92,1.0,1.0,0.07,0.07,0.0,255,20,0.08,0.06,0.0,1.0,1.0,0.0,1,71334.0
40,9,145,105,0,0,5,0.0,0.0,0.2,0.6,0.0,255,1,0.0,0.43,0.0,0.0,0.0,0.0,0,111450.0
45,9,28,0,3,0,39,0.0,0.0,1.0,0.0,0.0,255,39,0.15,0.02,0.0,0.0,0.0,0.0,1,65440.0
22,9,216,2916,0,1,3,0.0,0.0,1.0,0.0,0.0,27,255,1.0,0.0,0.07,0.0,0.0,0.0,0,113540.0
45,5,0,0,0,0,229,1.0,1.0,0.04,0.08,0.0,255,9,0.04,0.09,0.0,1.0,1.0,0.0,1,35948.0
22,9,318,236,0,1,3,0.0,0.0,1.0,0.0,0.22,14,255,1.0,0.0,0.05,0.0,0.0,0.0,0,108895.0
22,9,224,2172,0,1,56,0.0,0.0,1.0,0.0,0.03,255,255,1.0,0.0,0.0,0.0,0.0,0.0,0,39196.0
22,9,352,2660,0,1,3,0.0,0.0,1.0,0.0,0.0,255,255,1.0,0.0,0.0,0.0,0.0,0.0,0,104511.0
19,9,334,0,0,1,1,0.0,0.0,1.0,0.0,0.0,6,6,1.0,0.0,0.0,0.0,0.0,0.0,0,87494.0
11,9,43,126,0,0,131,0.0,0.0,1.0,0.0,0.01,255,254,1.0,0.01,0.0,0.0,0.0,0.0,0,52679.0
49,5,0,0,0,0,296,1.0,1.0,0.06,0.06,0.0,255,2,0.01,0.08,0.0,1.0,1.0,0.0,1,81566.0
50,5,0,0,0,0,242,1.0,1.0,0.02,0.07,0.0,255,6,0.02,0.07,0.0,1.0,1.0,0.0,1,18181.0
45,1,0,0,0,0,148,0.0,0.0,0.12,0.06,0.0,73,18,0.25,0.08,0.0,0.0,0.0,1.0,1,109834.0
22,9,410,10161,0,1,11,0.0,0.0,1.0,0.0,0.0,113,245,1.0,0.0,0.15,0.0,0.0,0.59,0,102620.0
11,9,45,128,0,0,2,0.0,0.0,1.0,0.0,0.4,226,171,0.76,0.02,0.0,0.0,0.0,0.0,0,50911.0
22,9,343,1898,0,1,4,0.0,0.0,1.0,0.0,0.4,255,255,1.0,0.0,0.0,0.0,0.0,0.0,0,70817.0
53,1,0,0,0,0,144,0.0,0.0,0.1,0.06,0.0,255,9,0.04,0.07,0.0,0.0,0.0,1.0,1,63070.0
6,5,0,0,0,0,119,0.99,1.0,0.04,0.09,0.0,255,5,0.02,0.07,0.0,1.0,1.0,0.0,1,21809.0
45,5,0,0,0,0,288,1.0,1.0,0.03,0.06,0.0,255,9,0.04,0.07,0.0,1.0,1.0,0.0,1,51316.0
20,1,0,0,0,0,219,0.0,0.0,0.05,0.06,0.0,255,10,0.04,0.08,0.0,0.0,0.0,1.0,1,30344.0
7,5,0,0,0,0,268,1.0,1.0,0.03,0.06,0.0,255,8,0.03,0.07,0.0,1.0,1.0,0.0,1,120050.0
19,5,0,0,0,0,38,1.0,1.0,0.47,0.05,0.0,255,18,0.07,0.06,0.0,1.0,1.0,0.0,1,80094.0
61,5,0,0,0,0,238,1.0,1.0,0.08,0.05,0.0,255,2,0.01,0.08,0.0,1.0,1.0,0.0,1,124612.0
51,9,651,9615,0,0,1,0.0,0.0,1.0,0.0,0.0,110,1,0.01,0.04,0.0,0.0,0.0,0.0,0,31258.0
49,9,1648,340,0,1,1,0.0,0.0,1.0,0.0,0.0,221,171,0.65,0.06,0.01,0.0,0.0,0.0,0,101904.0
11,9,46,135,0,0,93,0.0,0.0,1.0,0.0,0.03,255,255,1.0,0.0,0.0,0.0,0.0,0.0,0,67761.0
50,5,0,0,0,0,281,1.0,1.0,0.0,0.06,0.0,255,1,0.0,0.09,0.0,1.0,1.0,0.0,1,35087.0
45,5,0,0,0,0,211,1.0,1.0,0.03,0.06,0.0,255,7,0.03,0.06,0.0,1.0,1.0,0.0,1,61424.0
45,5,0,0,0,0,100,1.0,1.0,0.07,0.06,0.0,255,10,0.04,0.06,0.0,1.0,1.0,0.0,1,109099.0
13,9,18,0,0,0,1,0.0,0.0,1.0,0.0,0.0,1,220,1.0,0.0,1.0,0.0,0.0,0.0,1,63239.0
11,9,45,76,0,0,159,0.0,0.0,0.99,0.01,0.01,255,255,1.0,0.0,0.0,0.0,0.0,0.0,0,94878.0
11,9,136,45,0,0,234,0.0,0.0,1.0,0.01,0.0,123,90,0.73,0.02,0.0,0.0,0.0,0.0,0,88031.0
3,5,0,0,0,0,277,1.0,1.0,0.09,0.04,0.0,255,25,0.1,0.05,0.0,1.0,1.0,0.0,1,84113.0
22,9,231,4319,0,1,21,0.0,0.0,1.0,0.0,0.0,21,255,1.0,0.0,0.05,0.0,0.0,0.0,0,65016.0
22,9,243,1541,0,1,2,0.0,0.0,1.0,0.0,0.18,95,255,1.0,0.0,0.03,0.0,0.0,0.0,0,69362.0
45,1,0,0,0,0,122,0.0,0.0,0.07,0.07,0.0,255,22,0.09,0.07,0.0,0.0,0.0,1.0,1,114765.0
22,9,337,3040,0,1,15,0.0,0.0,1.0,0.0,0.0,255,255,1.0,0.0,0.0,0.0,0.0,0.0,0,37484.0
32,1,0,0,0,0,241,0.0,0.0,0.02,0.07,0.0,255,4,0.02,0.07,0.0,0.0,0.0,1.0,1,41517.0
45,5,0,0,0,0,225,1.0,1.0,0.07,0.06,0.0,255,15,0.06,0.06,0.0,1.0,1.0,0.0,1,49842.0
45,5,0,0,0,0,213,1.0,1.0,0.08,0.08,0.0,255,18,0.07,0.07,0.0,1.0,1.0,0.0,1,11039.0
29,5,0,0,0,0,212,1.0,1.0,0.09,0.05,0.0,255,20,0.08,0.06,0.0,1.0,1.0,0.0,1,71019.0
22,1,0,0,0,0,1,0.0,0.0,1.0,0.0,0.0,8,255,1.0,0.0,0.1,0.0,0.0,0.98,0,100693.0
22,9,304,128,0,1,6,0.0,0.0,1.0,0.0,0.0,33,255,1.0,0.0,0.03,0.0,0.0,0.0,0,71683.0
45,5,0,0,0,0,129,1.0,1.0,0.15,0.05,0.0,255,14,0.05,0.07,0.0,1.0,1.0,0.0,1,21569.0
45,1,0,0,0,0,131,0.0,0.0,0.12,0.07,0.0,255,16,0.06,0.08,0.0,0.0,0.0,1.0,1,110419.0
11,9,45,82,0,0,152,0.0,0.0,1.0,0.0,0.0,255,254,1.0,0.01,0.0,0.0,0.0,0.0,0,64813.0
18,9,1075,3081,0,1,1,0.0,0.0,1.0,0.0,0.0,229,45,0.2,0.02,0.0,0.0,0.0,0.0,0,109199.0
55,5,0,0,0,0,9,1.0,1.0,0.22,0.33,0.0,255,65,0.25,0.02,0.0,1.0,1.0,0.0,1,76298.0
19,1,0,0,0,0,255,0.0,0.0,0.0,0.07,0.0,255,1,0.0,0.07,0.0,0.0,0.0,1.0,1,44836.0
40,9,147,105,0,0,1,0.0,0.0,1.0,0.0,0.0,255,1,0.0,0.72,0.0,0.0,0.0,0.0,0,67735.0
45,1,0,0,0,0,1,0.0,0.0,1.0,0.0,0.0,46,1,0.02,1.0,0.0,0.0,0.0,1.0,1,17449.0
61,5,0,0,0,0,252,1.0,1.0,0.0,0.07,0.0,255,1,0.0,0.07,0.0,1.0,1.0,0.0,1,29356.0
19,9,567,0,0,0,3,0.0,0.0,0.33,0.67,0.0,255,24,0.09,0.03,0.0,0.0,0.0,0.0,0,97141.0
54,5,0,0,0,0,118,1.0,1.0,0.03,0.07,0.0,255,4,0.02,0.07,0.0,1.0,1.0,0.0,1,5733.0
45,1,0,0,0,0,269,0.0,0.0,0.05,0.06,0.0,255,14,0.05,0.08,0.0,0.0,0.0,1.0,1,89935.0
45,5,0,0,0,0,247,1.0,1.0,0.01,0.05,0.0,107,3,0.03,0.09,0.0,0.98,1.0,0.0,1,60430.0
22,9,347,8191,0,1,14,0.0,0.0,1.0,0.0,0.12,184,255,1.0,0.0,0.01,0.0,0.0,0.0,0,75566.0
22,9,347,313,0,1,5,0.2,0.2,1.0,0.0,0.0,255,255,1.0,0.0,0.0,0.0,0.0,0.0,0,106315.0
45,5,0,0,0,0,90,1.0,1.0,0.03,0.07,0.0,255,16,0.06,0.07,0.0,1.0,1.0,0.0,1,80183.0
22,9,233,370,0,1,12,0.0,0.0,1.0,0.0,0.12,146,255,1.0,0.0,0.05,0.0,0.0,0.0,0,83143.0
22,9,221,656,0,1,11,0.0,0.0,1.0,0.0,0.27,255,255,1.0,0.0,0.0,0.0,0.0,0.0,0,9657.0
45,9,207,0,0,0,2,0.0,0.0,1.0,0.0,0.0,4,4,1.0,0.0,0.0,0.0,0.0,0.0,1,97854.0
61,1,0,0,0,0,201,0.0,0.0,0.09,0.06,0.0,255,18,0.07,0.09,0.0,0.0,0.0,1.0,1,61180.0
2,5,0,0,0,0,205,1.0,1.0,0.01,0.07,0.0,255,4,0.02,0.08,0.0,1.0,1.0,0.0,1,118919.0
45,5,0,0,0,0,142,1.0,1.0,0.07,0.06,0.0,255,12,0.05,0.06,0.0,1.0,1.0,0.0,1,64993.0
19,9,334,0,0,1,1,0.0,0.0,1.0,0.0,0.0,27,3,0.11,0.07,0.0,0.0,0.0,0.0,0,32090.0
45,1,0,0,0,0,252,0.0,0.0,0.04,0.07,0.0,255,10,0.04,0.08,0.0,0.0,0.0,1.0,1,121503.0
52,2,0,0,0,0,202,0.0,0.0,0.09,0.06,0.0,255,18,0.07,0.08,0.0,0.0,0.0,1.0,1,122542.0
17,2,0,0,0,0,269,0.0,0.0,0.07,0.06,0.0,255,20,0.08,0.07,0.0,0.0,0.0,1.0,1,111296.0
22,9,269,4873,0,1,4,0.0,0.0,1.0,0.0,0.4,255,255,1.0,0.0,0.0,0.0,0.0,0.0,0,83410.0
19,9,501760,0,0,1,2,0.0,0.0,1.0,0.0,0.0,87,63,0.13,0.82,0.03,0.0,0.0,0.02,0,125931.0
11,9,41,128,0,0,67,0.0,0.0,1.0,0.0,0.01,255,254,1.0,0.01,0.0,0.0,0.0,0.0,0,27007.0
39,9,48,48,0,0,1,0.0,0.0,1.0,0.0,0.0,78,68,0.87,0.04,0.0,0.0,0.0,0.0,0,102976.0
10,1,0,0,0,0,145,0.0,0.0,0.12,0.06,0.0,255,17,0.07,0.08,0.0,0.0,0.0,1.0,1,118501.0
22,9,234,333,0,1,2,0.0,0.0,1.0,0.0,0.0,20,255,1.0,0.0,0.03,0.0,0.0,0.0,0,84707.0
22,9,249,2081,0,1,3,0.0,0.0,1.0,0.0,0.0,3,255,1.0,0.0,0.05,0.0,0.0,0.0,0,64874.0
17,5,0,0,0,0,20,1.0,1.0,0.25,0.2,0.0,255,42,0.16,0.05,0.0,1.0,1.0,0.0,1,51012.0
45,5,0,0,0,0,160,1.0,1.0,0.07,0.06,0.0,255,20,0.08,0.09,0.0,1.0,1.0,0.0,1,89248.0
19,9,59,0,0,1,2,0.0,0.0,1.0,0.0,0.0,10,8,0.8,0.2,0.0,0.0,0.0,0.0,0,112624.0
22,9,302,1095,0,1,23,0.0,0.0,1.0,0.0,0.08,222,255,1.0,0.0,0.01,0.0,0.0,0.0,0,52924.0
22,9,332,281,0,1,5,0.0,0.0,1.0,0.0,0.0,10,10,1.0,0.0,0.0,0.0,0.0,0.0,0,55979.0
45,9,1,0,0,0,10,0.0,0.0,0.2,0.7,0.0,255,2,0.01,0.29,0.0,0.0,0.0,0.0,1,25038.0
49,9,2052,414,0,1,1,0.0,0.0,1.0,0.0,1.0,51,204,0.96,0.04,0.01,0.0,0.0,0.0,0,59987.0
59,5,0,0,0,0,106,1.0,1.0,0.06,0.07,0.0,255,9,0.04,0.07,0.0,1.0,1.0,0.0,1,8598.0
45,5,0,0,0,0,132,1.0,1.0,0.11,0.06,0.0,41,6,0.15,0.17,0.0,1.0,1.0,0.0,1,50195.0
22,9,240,416,0,1,1,0.0,0.0,1.0,0.0,0.0,5,255,1.0,0.0,0.03,0.0,0.0,0.01,0,12820.0
14,9,1032,0,0,0,511,0.0,0.0,1.0,0.0,0.0,255,21,0.08,0.18,0.0,0.0,0.0,0.0,1,15847.0
19,9,7280,0,0,1,3,0.33,0.33,1.0,0.0,0.0,40,80,0.38,0.1,0.03,0.03,0.01,0.0,0,77374.0
37,5,0,0,0,0,106,1.0,1.0,0.08,0.06,0.0,255,13,0.05,0.06,0.0,1.0,1.0,0.0,1,18926.0
24,5,0,0,0,0,249,1.0,1.0,0.07,0.05,0.0,255,17,0.07,0.05,0.0,1.0,1.0,0.0,1,6857.0
22,9,170,936,0,1,12,0.0,0.0,1.0,0.0,0.15,255,255,1.0,0.0,0.0,0.0,0.0,0.0,0,123649.0
10,5,0,0,0,0,130,1.0,1.0,0.04,0.06,0.0,255,3,0.01,0.07,0.0,1.0,1.0,0.0,1,92295.0
55,9,163,4726,0,1,1,0.0,0.0,1.0,0.0,0.0,255,79,0.31,0.02,0.0,0.45,0.7,0.01,0,113546.0
49,9,1291,326,0,1,1,0.0,0.0,1.0,0.0,0.0,199,184,0.71,0.03,0.01,0.0,0.0,0.0,0,77271.0
19,9,151,0,0,1,1,0.0,0.0,1.0,0.0,0.0,111,71,0.28,0.14,0.03,0.01,0.01,0.0,0,20223.0
45,5,0,0,0,0,77,1.0,1.0,0.3,0.05,0.0,255,23,0.09,0.05,0.0,1.0,1.0,0.0,1,77213.0
11,9,44,71,0,0,140,0.0,0.0,1.0,0.0,0.0,255,185,0.73,0.01,0.0,0.0,0.0,0.0,0,17725.0
13,9,8,0,0,0,1,0.0,0.0,1.0,0.0,1.0,2,146,1.0,0.0,0.5,0.0,0.0,0.0,1,121923.0
22,9,237,1371,0,1,24,0.0,0.0,1.0,0.0,0.18,213,255,1.0,0.0,0.01,0.0,0.0,0.0,0,29023.0
45,5,0,0,0,0,147,1.0,1.0,0.12,0.07,0.0,255,18,0.07,0.07,0.0,1.0,1.0,0.0,1,111225.0
22,9,299,1461,0,1,10,0.0,0.0,1.0,0.0,0.0,58,255,1.0,0.0,0.02,0.0,0.0,0.0,0,98156.0
22,9,339,2577,0,1,10,0.0,0.0,1.0,0.0,0.31,100,255,1.0,0.0,0.05,0.0,0.0,0.0,0,115276.0
52,5,0,0,0,0,132,1.0,1.0,0.12,0.06,0.0,255,12,0.05,0.07,0.0,1.0,1.0,0.0,1,57531.0
14,9,1032,0,0,0,511,0.0,0.0,1.0,0.0,0.0,255,145,0.57,0.02,0.0,0.01,0.0,0.0,1,9496.0
45,5,0,0,0,0,250,1.0,1.0,0.06,0.06,0.0,255,16,0.06,0.05,0.0,1.0,1.0,0.0,1,49347.0
45,9,105,147,0,0,1,0.0,0.0,1.0,0.0,0.0,94,93,0.99,0.02,0.0,0.0,0.0,0.0,0,88656.0
5,5,0,0,0,0,94,1.0,1.0,0.21,0.06,0.0,255,16,0.06,0.06,0.0,1.0,1.0,0.0,1,8681.0
45,10,0,0,0,0,1,1.0,1.0,1.0,0.0,0.0,118,1,0.01,0.92,0.0,0.93,1.0,0.0,1,61856.0
22,9,234,608,0,1,26,0.0,0.0,1.0,0.0,0.0,26,255,1.0,0.0,0.06,0.0,0.0,0.0,0,68621.0
14,9,1480,0,1,0,16,0.0,0.0,1.0,0.0,0.0,255,18,0.07,0.02,0.0,0.0,0.0,0.0,0,63053.0
55,5,0,0,0,0,202,1.0,1.0,0.05,0.05,0.0,255,11,0.04,0.05,0.0,1.0,1.0,0.0,1,89005.0
40,9,516,4,0,0,345,0.0,0.0,1.0,0.0,0.0,255,255,1.0,0.0,0.0,0.0,0.0,0.0,0,119548.0
29,5,0,0,0,0,256,1.0,1.0,0.04,0.07,0.0,255,11,0.04,0.08,0.0,1.0,1.0,0.0,1,45232.0
22,9,296,1044,0,1,2,0.0,0.0,1.0,0.0,0.29,96,255,1.0,0.0,0.03,0.0,0.0,0.0,0,114273.0
22,9,212,6134,0,1,6,0.0,0.0,1.0,0.0,0.0,6,255,1.0,0.0,0.02,0.0,0.0,0.0,0,16516.0
25,5,0,0,0,0,228,1.0,1.0,0.06,0.06,0.0,255,13,0.05,0.06,0.0,1.0,1.0,0.0,1,111207.0
18,2,0,0,0,0,1,0.0,0.0,1.0,0.0,0.0,150,38,0.25,0.03,0.0,0.0,0.0,0.13,0,108987.0
29,5,0,0,0,0,271,1.0,1.0,0.07,0.06,0.0,255,20,0.08,0.06,0.0,1.0,1.0,0.0,1,85648.0
22,9,322,1973,0,1,6,0.0,0.0,1.0,0.0,0.0,255,255,1.0,0.0,0.0,0.0,0.0,0.0,0,60549.0
56,2,0,0,0,0,122,0.0,0.0,0.06,0.07,0.0,255,7,0.03,0.07,0.0,0.0,0.0,1.0,1,21060.0
17,9,8,362,0,0,1,0.0,0.0,1.0,0.0,0.0,42,8,0.02,0.07,0.25,0.0,0.0,0.0,0,64429.0
45,1,0,0,0,0,144,0.01,0.0,0.01,1.0,0.0,255,1,0.0,0.59,0.0,0.0,0.0,1.0,1,40043.0
45,1,0,0,0,0,127,0.0,0.0,0.09,0.06,0.0,255,13,0.05,0.06,0.0,0.0,0.0,1.0,1,64725.0
45,9,28,0,3,0,65,0.0,0.0,1.0,0.0,0.0,255,65,0.25,0.01,0.0,0.0,0.0,0.0,1,32212.0
22,9,204,604,0,1,1,0.0,0.0,1.0,0.0,0.0,1,81,1.0,0.0,0.04,0.0,0.0,0.0,0,93073.0
19,9,768,0,0,1,7,0.0,0.0,0.86,0.29,0.0,255,82,0.32,0.02,0.0,0.0,0.0,0.0,0,93495.0
22,9,234,14602,0,1,1,0.0,0.0,1.0,0.0,0.0,255,255,1.0,0.0,0.0,0.0,0.0,0.0,0,59730.0
11,9,42,42,0,0,7,0.0,0.0,1.0,0.0,0.23,255,255,1.0,0.0,0.0,0.0,0.0,0.0,0,1084.0
22,9,293,253,0,1,17,0.0,0.0,1.0,0.0,0.09,255,255,1.0,0.0,0.0,0.0,0.0,0.0,0,3710.0
61,5,0,0,0,0,202,1.0,1.0,0.01,0.06,0.0,255,2,0.01,0.09,0.0,1.0,1.0,0.0,1,110194.0
11,9,43,132,0,0,87,0.0,0.0,1.0,0.0,0.02,255,255,1.0,0.0,0.0,0.0,0.0,0.0,0,55214.0
22,9,291,762,0,1,39,0.0,0.0,1.0,0.0,0.0,255,255,1.0,0.0,0.0,0.0,0.0,0.0,0,3429.0
45,4,1,0,0,0,2,0.0,0.0,1.0,0.0,0.0,255,2,0.01,0.74,0.0,0.0,0.0,1.0,1,35059.0
45,9,1,0,0,0,5,0.0,0.0,1.0,0.0,0.0,73,5,0.07,0.07,0.0,0.0,0.0,0.0,1,93803.0
13,9,8,0,0,0,1,0.0,0.0,1.0,0.0,1.0,1,95,1.0,0.0,0.51,0.0,0.0,0.0,1,107763.0
37,5,0,0,0,0,273,1.0,1.0,0.01,0.05,0.0,255,4,0.02,0.05,0.0,1.0,1.0,0.0,1,53903.0
11,9,43,75,0,0,167,0.0,0.0,1.0,0.0,0.0,255,255,1.0,0.0,0.0,0.0,0.0,0.0,0,93638.0
22,9,225,2248,0,1,11,0.0,0.0,1.0,0.0,0.0,50,255,1.0,0.0,0.04,0.0,0.0,0.0,0,43634.0
22,9,226,1197,0,1,6,0.0,0.0,1.0,0.0,0.0,45,255,1.0,0.0,0.04,0.0,0.0,0.0,0,76204.0
22,9,187,816,0,1,2,0.0,0.0,1.0,0.0,0.0,99,255,1.0,0.0,0.04,0.0,0.0,0.0,0,58054.0
22,9,356,1238,0,1,27,0.0,0.0,1.0,0.0,0.0,116,255,1.0,0.0,0.03,0.0,0.0,0.0,0,120167.0
22,9,209,3227,0,1,2,0.0,0.0,1.0,0.0,0.0,17,255,1.0,0.0,0.03,0.06,0.01,0.0,0,75125.0
49,9,695,333,0,1,1,0.0,0.0,1.0,0.0,1.0,235,136,0.54,0.02,0.01,0.0,0.0,0.0,0,87756.0
22,9,287,1178,0,1,3,0.0,0.0,1.0,0.0,0.05,56,59,1.0,0.0,0.03,0.02,0.02,0.0,0,28291.0
22,5,0,0,0,0,3,0.67,1.0,0.67,0.67,0.0,255,3,0.01,0.07,0.0,1.0,1.0,0.0,1,55409.0
14,9,1032,0,0,0,217,0.0,0.0,1.0,0.0,0.0,255,255,1.0,0.0,0.0,0.0,0.0,0.0,1,30976.0
13,9,18,0,0,0,1,0.0,0.0,1.0,0.0,0.0,2,34,1.0,0.0,0.26,0.0,0.0,0.0,1,84709.0
21,5,0,0,0,0,282,1.0,1.0,0.06,0.05,0.0,255,18,0.07,0.07,0.0,1.0,1.0,0.0,1,14969.0
49,9,1528,335,0,1,1,0.0,0.0,1.0,0.0,0.0,27,180,0.78,0.07,0.02,0.0,0.0,0.0,0,39496.0
45,5,0,0,0,0,205,1.0,1.0,0.03,0.06,0.0,255,5,0.02,0.07,0.0,1.0,1.0,0.0,1,124219.0
55,9,281,1301,0,1,1,0.0,0.0,1.0,0.0,0.0,1,10,1.0,0.0,0.3,0.0,0.0,0.1,0,48750.0
17,5,0,0,0,0,68,1.0,1.0,0.28,0.06,0.0,148,44,0.26,0.03,0.05,1.0,0.89,0.0,1,123447.0
3,5,0,0,0,0,206,1.0,1.0,0.01,0.07,0.0,255,2,0.01,0.07,0.0,1.0,1.0,0.0,1,108217.0
22,9,310,3222,0,1,7,0.0,0.0,1.0,0.0,0.0,255,252,0.99,0.01,0.0,0.0,0.0,0.0,0,64031.0
13,9,30,0,0,0,5,0.0,0.0,0.2,0.6,0.0,255,24,0.09,0.01,0.0,0.0,0.0,0.0,0,35959.0
45,1,0,0,0,0,2,0.0,0.0,0.5,1.0,0.0,255,1,0.0,0.79,0.0,0.0,0.0,1.0,1,28610.0
22,9,0,22302,0,0,3,0.33,0.2,1.0,0.0,0.4,3,156,1.0,0.0,0.08,0.33,0.01,0.0,0,108483.0
22,9,205,3433,0,1,25,0.0,0.0,1.0,0.0,0.0,255,255,1.0,0.0,0.0,0.0,0.0,0.0,0,68143.0
11,9,44,115,0,0,1,0.0,0.0,1.0,0.0,0.75,255,236,0.93,0.01,0.0,0.0,0.0,0.0,0,92778.0
18,9,1067,3081,0,1,1,0.0,0.0,1.0,0.0,0.0,254,70,0.28,0.02,0.0,0.0,0.0,0.0,0,668.0
11,9,46,75,0,0,116,0.0,0.0,1.0,0.0,0.0,255,175,0.69,0.01,0.0,0.0,0.0,0.0,0,12313.0
3,1,0,0,0,0,150,0.0,0.0,0.07,0.07,0.0,255,10,0.04,0.07,0.0,0.0,0.0,1.0,1,50817.0
22,5,0,0,0,0,288,1.0,1.0,0.09,0.05,0.0,255,25,0.1,0.05,0.0,1.0,1.0,0.0,1,23518.0
45,5,0,0,0,0,200,1.0,1.0,0.03,0.05,0.0,255,5,0.02,0.06,0.0,1.0,1.0,0.0,1,88680.0
11,9,46,83,0,0,223,0.0,0.0,1.0,0.0,0.01,255,218,0.85,0.01,0.0,0.0,0.0,0.0,0,84213.0
19,9,192,0,0,1,2,0.0,0.0,1.0,0.0,0.0,77,14,0.05,0.06,0.14,0.0,0.0,0.0,0,80492.0
22,9,290,188,0,1,5,0.0,0.0,1.0,0.0,0.0,255,255,1.0,0.0,0.0,0.0,0.0,0.0,0,47674.0
11,9,45,135,0,0,42,0.0,0.0,1.0,0.0,0.02,255,169,0.66,0.02,0.0,0.0,0.0,0.0,0,96759.0
45,5,0,0,0,0,114,1.0,1.0,0.12,0.08,0.0,255,14,0.05,0.07,0.0,1.0,1.0,0.0,1,88948.0
62,5,0,0,0,0,107,1.0,1.0,0.16,0.06,0.0,255,3,0.01,0.07,0.0,1.0,1.0,0.0,1,77611.0
11,9,45,45,0,0,131,0.0,0.0,1.0,0.0,0.0,255,255,1.0,0.0,0.0,0.0,0.0,0.0,0,73631.0
22,9,296,801,0,1,18,0.06,0.05,1.0,0.0,0.11,255,255,1.0,0.0,0.0,0.0,0.0,0.0,0,57472.0
24,5,0,0,0,0,260,1.0,1.0,0.07,0.07,0.0,255,20,0.08,0.07,0.0,1.0,1.0,0.0,1,5558.0
43,9,35,130,0,1,2,0.0,0.0,0.5,1.0,0.0,178,9,0.03,0.04,0.22,0.01,0.0,0.0,0,87778.0
22,9,330,1892,0,1,1,0.0,0.0,1.0,0.0,0.13,96,254,1.0,0.0,0.02,0.0,0.0,0.0,0,5499.0
45,5,0,0,0,0,137,1.0,1.0,0.05,0.07,0.0,255,2,0.01,0.08,0.0,1.0,1.0,0.0,1,42700.0
45,5,0,0,0,0,202,1.0,1.0,0.07,0.06,0.0,255,19,0.07,0.08,0.0,1.0,1.0,0.0,1,116455.0
29,5,0,0,0,0,145,1.0,1.0,0.14,0.06,0.0,255,20,0.08,0.07,0.0,1.0,1.0,0.0,1,47861.0
8,5,0,0,0,0,147,1.0,1.0,0.12,0.06,0.0,255,2,0.01,0.07,0.0,1.0,1.0,0.0,1,98251.0
45,1,0,0,0,0,2,0.0,0.0,0.5,1.0,0.0,255,1,0.0,0.51,0.0,0.0,0.0,1.0,1,21350.0
19,9,12,0,0,1,1,0.0,0.0,1.0,0.0,0.0,41,102,0.22,0.07,0.02,0.02,0.0,0.0,0,63330.0
4,5,0,0,0,0,257,1.0,1.0,0.0,0.05,0.0,255,1,0.0,0.05,0.0,1.0,1.0,0.0,1,90212.0
22,5,0,0,0,0,300,1.0,1.0,0.07,0.06,0.0,255,7,0.03,0.08,0.0,1.0,1.0,0.0,1,84034.0
49,9,1447,288,0,1,1,0.0,0.0,1.0,0.0,1.0,183,161,0.61,0.03,0.01,0.0,0.0,0.0,0,82417.0
49,9,1396,333,0,1,1,0.0,0.0,1.0,0.0,0.0,5,143,1.0,0.0,0.02,0.0,0.0,0.0,0,61178.0
45,9,105,145,0,0,1,0.0,0.0,1.0,0.0,0.0,7,7,1.0,0.0,0.0,0.0,0.0,0.0,0,114474.0
22,9,222,654,0,1,2,0.0,0.0,1.0,0.0,0.0,231,255,1.0,0.0,0.03,0.0,0.0,0.0,0,120974.0
19,9,3676,0,0,1,6,0.0,0.0,1.0,0.0,0.0,225,45,0.2,0.03,0.0,0.0,0.0,0.0,0,86107.0
22,9,285,1286,0,1,42,0.0,0.0,1.0,0.0,0.0,42,255,1.0,0.0,0.02,0.0,0.0,0.01,0,97235.0
40,1,0,0,0,0,509,0.09,0.0,0.0,1.0,0.0,255,1,0.0,1.0,0.0,0.14,0.0,1.0,1,80208.0
10,5,0,0,0,0,221,1.0,1.0,0.08,0.05,0.0,255,17,0.07,0.06,0.0,1.0,1.0,0.0,1,100306.0
22,9,274,4841,0,1,1,0.0,0.0,1.0,0.0,0.0,52,255,1.0,0.0,0.07,0.0,0.0,0.0,0,68326.0
22,9,227,303,0,1,25,0.0,0.0,1.0,0.0,0.0,25,255,1.0,0.0,0.02,0.0,0.0,0.0,0,73293.0
22,9,291,2696,0,1,17,0.0,0.0,1.0,0.0,0.07,255,255,1.0,0.0,0.0,0.0,0.0,0.0,0,109483.0
10,5,0,0,0,0,299,1.0,1.0,0.03,0.05,0.0,255,3,0.01,0.07,0.0,1.0,1.0,0.0,1,20970.0
45,5,0,0,0,0,201,1.0,1.0,0.04,0.06,0.0,240,8,0.03,0.07,0.0,0.94,1.0,0.0,1,18837.0
49,2,0,0,0,0,202,0.0,0.0,0.0,0.07,0.0,255,1,0.0,0.08,0.0,0.0,0.0,1.0,1,29866.0
45,1,0,0,0,0,328,0.03,0.0,0.0,1.0,0.0,255,1,0.0,1.0,0.0,0.04,0.0,1.0,1,62494.0
22,9,176,6545,0,1,2,0.0,0.0,1.0,0.0,0.0,17,255,1.0,0.0,0.02,0.0,0.0,0.0,0,109164.0
45,9,1,0,0,0,13,0.0,0.0,1.0,0.0,0.0,81,13,0.16,0.06,0.0,0.0,0.0,0.0,1,76264.0
45,1,0,0,0,0,50,0.0,0.0,0.36,0.08,0.0,255,18,0.07,0.07,0.0,0.0,0.0,1.0,1,105417.0
45,5,0,0,0,0,116,1.0,1.0,0.14,0.06,0.0,255,33,0.13,0.06,0.0,1.0,1.0,0.0,1,112308.0
22,9,311,851,0,1,41,0.0,0.0,1.0,0.0,0.0,255,255,1.0,0.0,0.0,0.0,0.0,0.0,0,100729.0
22,9,230,651,0,1,31,0.0,0.0,1.0,0.0,0.0,72,255,1.0,0.0,0.04,0.0,0.0,0.0,0,58853.0
22,9,182,27084,0,1,1,0.0,0.0,1.0,0.0,0.11,42,255,1.0,0.0,0.05,0.02,0.01,0.0,0,47556.0
14,9,1480,0,1,0,1,0.0,0.0,1.0,0.0,0.67,4,154,0.75,0.5,0.02,0.25,0.0,0.0,0,84704.0
22,9,385,5381,0,1,5,0.0,0.0,1.0,0.0,0.0,255,255,1.0,0.0,0.0,0.0,0.0,0.0,0,76329.0
22,9,266,359,0,1,1,0.0,0.0,1.0,0.0,1.0,52,255,1.0,0.0,0.04,0.0,0.0,0.0,0,52797.0
22,9,304,2870,0,1,16,0.0,0.0,1.0,0.0,0.09,255,255,1.0,0.0,0.0,0.0,0.0,0.0,0,93220.0
11,9,46,46,0,0,270,0.0,0.0,1.0,0.0,0.0,255,254,1.0,0.01,0.0,0.0,0.0,0.0,0,20350.0
13,9,8,0,0,0,1,0.0,0.0,1.0,0.0,1.0,4,36,1.0,0.0,0.25,0.0,0.0,0.0,1,63738.0
22,9,313,1062,0,1,18,0.0,0.0,1.0,0.0,0.2,255,255,1.0,0.0,0.0,0.0,0.0,0.0,0,34435.0
19,9,748,0,0,1,1,0.0,0.0,1.0,0.0,0.0,97,33,0.08,0.74,0.06,0.0,0.0,0.03,0,49545.0
40,9,147,105,0,0,2,0.0,0.0,1.0,0.0,0.0,255,2,0.01,0.84,0.0,0.0,0.0,0.0,0,52455.0
22,9,297,844,0,1,18,0.0,0.0,1.0,0.0,0.15,211,255,1.0,0.0,0.02,0.0,0.0,0.02,0,35816.0
22,9,339,4268,0,1,2,0.0,0.0,1.0,0.0,0.0,255,255,1.0,0.0,0.0,0.0,0.0,0.0,0,117106.0
22,9,259,290,0,1,3,0.0,0.0,1.0,0.0,0.0,255,255,1.0,0.0,0.0,0.0,0.0,0.0,0,86174.0
45,1,0,0,0,0,330,0.0,0.0,0.0,0.51,0.0,255,1,0.0,0.51,0.0,0.0,0.0,1.0,1,31793.0
45,5,0,0,0,0,281,1.0,1.0,0.07,0.06,0.0,255,19,0.07,0.05,0.0,1.0,1.0,0.0,1,107930.0
45,9,207,0,0,0,2,0.0,0.0,1.0,0.0,0.0,22,22,1.0,0.0,0.0,0.0,0.0,0.0,1,90401.0
49,9,1131,333,0,1,1,0.0,0.0,1.0,0.0,1.0,255,149,0.58,0.03,0.0,0.0,0.01,0.0,0,42559.0
45,5,0,0,0,0,124,1.0,1.0,0.1,0.06,0.0,255,33,0.13,0.05,0.0,1.0,1.0,0.0,1,57428.0
11,9,46,139,0,0,12,0.0,0.0,1.0,0.0,0.04,255,254,1.0,0.01,0.0,0.0,0.0,0.0,0,46216.0
21,1,0,0,0,0,264,0.0,0.0,0.01,0.06,0.0,255,2,0.01,0.07,0.0,0.0,0.0,1.0,1,3251.0
18,9,921,2720,0,1,1,0.0,0.0,1.0,0.0,0.0,108,24,0.22,0.04,0.0,0.0,0.0,0.0,0,29066.0
49,9,1796,329,0,1,1,0.0,0.0,1.0,0.0,0.0,96,91,0.77,0.05,0.02,0.0,0.0,0.0,0,68490.0
11,9,34,0,0,0,4,0.0,0.0,1.0,0.0,0.19,82,11,0.13,0.07,0.0,0.0,0.0,0.0,0,17414.0
45,9,1,0,0,0,27,0.0,0.0,0.11,0.19,0.0,255,3,0.01,0.83,0.0,0.1,0.0,0.0,1,79685.0
45,9,105,146,0,0,7,0.0,0.0,0.14,0.29,0.0,255,236,0.93,0.01,0.0,0.0,0.0,0.0,0,57405.0
22,5,0,0,0,0,21,0.95,1.0,0.95,0.1,0.0,255,57,0.22,0.04,0.0,1.0,1.0,0.0,1,74201.0
3,5,0,0,0,0,208,1.0,1.0,0.08,0.05,0.0,255,16,0.06,0.06,0.0,1.0,1.0,0.0,1,94024.0
17,5,0,0,0,0,36,1.0,1.0,0.28,0.11,0.0,255,62,0.24,0.02,0.0,1.0,1.0,0.0,1,93012.0
62,5,0,0,0,0,267,1.0,1.0,0.09,0.05,0.0,255,24,0.09,0.05,0.0,1.0,1.0,0.0,1,49803.0
22,9,218,318,0,1,5,0.0,0.0,1.0,0.0,0.0,5,255,1.0,0.0,0.04,0.0,0.0,0.0,0,29118.0
22,9,305,2239,0,1,2,0.0,0.0,1.0,0.0,0.0,222,200,0.9,0.05,0.0,0.02,0.0,0.0,0,102776.0
14,9,520,0,0,0,141,0.0,0.0,1.0,0.0,0.0,255,255,1.0,0.0,0.0,0.0,0.0,0.0,1,44755.0
22,9,214,2483,0,1,22,0.0,0.0,1.0,0.0,0.05,255,255,1.0,0.0,0.0,0.0,0.0,0.0,0,116477.0
22,1,0,0,0,0,221,0.0,0.0,0.04,0.07,0.0,255,8,0.03,0.07,0.0,0.0,0.0,1.0,1,106704.0
62,1,0,0,0,0,224,0.0,0.0,0.02,0.07,0.0,255,5,0.02,0.07,0.0,0.0,0.0,1.0,1,100017.0
45,5,0,0,0,0,8,1.0,1.0,0.38,0.25,0.0,255,12,0.05,0.07,0.0,1.0,1.0,0.0,1,20050.0
22,9,152,4595,0,1,1,0.0,0.0,1.0,0.0,0.0,255,255,1.0,0.0,0.0,0.0,0.0,0.0,0,112054.0
49,9,1068,334,0,1,1,0.0,0.0,1.0,0.0,0.0,158,91,0.58,0.03,0.0,0.0,0.0,0.0,0,90690.0
22,9,230,2698,0,1,2,0.0,0.0,1.0,0.0,0.0,255,234,0.92,0.01,0.0,0.0,0.0,0.0,0,39294.0
3,5,0,0,0,0,102,1.0,1.0,0.02,0.05,0.0,255,2,0.01,0.05,0.0,1.0,1.0,0.0,1,1010.0
22,9,293,1870,0,1,15,0.0,0.0,1.0,0.0,0.21,15,255,1.0,0.0,0.07,0.0,0.01,0.0,0,118814.0
49,9,1113,338,0,1,1,0.0,0.0,1.0,0.0,0.0,245,150,0.59,0.03,0.01,0.0,0.0,0.0,0,26029.0
22,9,209,659,0,1,1,0.0,0.0,1.0,0.0,1.0,19,255,1.0,0.0,0.03,0.0,0.0,0.02,0,87978.0
40,4,1,0,0,0,2,0.0,0.0,1.0,0.0,0.0,255,2,0.01,0.73,0.0,0.0,0.0,1.0,1,43694.0
49,9,627,327,0,1,1,0.0,0.0,1.0,0.0,0.0,111,99,0.89,0.05,0.0,0.0,0.0,0.0,0,37283.0
22,9,220,4624,0,1,7,0.0,0.0,1.0,0.0,0.12,255,255,1.0,0.0,0.0,0.0,0.0,0.0,0,31545.0
22,5,0,0,0,0,35,1.0,1.0,0.34,0.11,0.0,255,64,0.25,0.02,0.0,1.0,1.0,0.0,1,50874.0
22,9,191,3731,0,1,4,0.0,0.0,1.0,0.0,0.0,41,255,1.0,0.0,0.03,0.0,0.0,0.0,0,86401.0
40,4,1,0,0,0,2,0.0,0.0,1.0,0.0,0.0,255,2,0.01,0.67,0.0,0.0,0.0,1.0,1,49328.0
22,9,229,306,0,1,3,0.0,0.0,1.0,0.0,0.2,19,255,1.0,0.0,0.06,0.0,0.0,0.0,0,22795.0
22,9,238,630,0,1,1,0.0,0.0,1.0,0.0,1.0,11,255,1.0,0.0,0.05,0.0,0.0,0.0,0,121874.0
55,5,0,0,0,0,25,1.0,1.0,0.12,0.16,0.0,255,63,0.25,0.03,0.0,1.0,1.0,0.0,1,95969.0
11,9,45,45,0,0,247,0.0,0.0,1.0,0.0,0.0,255,232,0.91,0.01,0.0,0.0,0.0,0.0,0,76532.0
45,5,0,0,0,0,54,1.0,1.0,0.17,0.11,0.0,255,12,0.05,0.08,0.0,1.0,1.0,0.0,1,75840.0
22,1,0,0,0,0,1,0.0,0.0,1.0,0.0,1.0,8,250,1.0,0.0,0.03,0.0,0.0,0.31,0,5761.0
19,9,879,0,0,1,5,0.0,0.0,1.0,0.0,0.0,170,32,0.19,0.04,0.0,0.0,0.0,0.0,0,121917.0
22,1,0,0,0,0,1,0.0,0.0,1.0,0.0,1.0,5,255,1.0,0.0,0.18,0.0,0.0,1.0,0,31053.0
49,9,1275,387,0,1,1,0.0,0.0,1.0,0.0,1.0,226,133,0.5,0.01,0.02,0.88,0.75,0.0,0,72027.0
22,9,162,434,0,1,1,0.0,0.0,1.0,0.0,0.0,2,255,1.0,0.0,0.04,0.0,0.0,0.0,0,9973.0
6,4,0,0,0,0,1,0.0,0.0,1.0,0.0,0.0,255,1,0.0,0.42,0.0,0.0,0.0,1.0,1,42858.0
49,9,4311,326,0,1,1,0.0,0.0,1.0,0.0,1.0,212,166,0.78,0.02,0.0,0.0,0.0,0.0,0,110473.0
62,5,0,0,0,0,1,1.0,1.0,1.0,0.0,0.0,255,9,0.04,0.07,0.0,1.0,1.0,0.0,1,62697.0
22,9,201,596,0,1,2,0.0,0.0,1.0,0.0,0.6,20,255,1.0,0.0,0.09,0.0,0.0,0.0,0,16469.0
22,5,0,0,0,0,42,1.0,1.0,0.33,0.1,0.0,255,43,0.17,0.04,0.0,1.0,1.0,0.0,1,46986.0
30,5,0,0,0,0,132,1.0,1.0,0.02,0.06,0.0,255,14,0.05,0.07,0.0,1.0,1.0,0.0,1,414.0
45,5,0,0,0,0,132,1.0,1.0,0.02,0.07,0.0,255,19,0.07,0.07,0.0,1.0,1.0,0.0,1,87964.0
22,9,251,1973,0,1,22,0.0,0.0,1.0,0.0,0.0,255,255,1.0,0.0,0.0,0.0,0.0,0.0,0,93990.0
11,9,42,127,0,0,135,0.0,0.0,1.0,0.0,0.01,255,207,0.81,0.01,0.0,0.0,0.0,0.0,0,10537.0
45,5,0,0,0,0,149,1.0,1.0,0.01,0.06,0.0,255,3,0.01,0.07,0.0,1.0,1.0,0.0,1,92302.0
18,9,222,753,0,1,1,0.0,0.0,1.0,0.0,0.0,164,67,0.41,0.04,0.0,0.01,0.0,0.0,0,83552.0
22,9,223,10378,0,1,10,0.0,0.0,1.0,0.0,0.0,255,255,1.0,0.0,0.0,0.0,0.0,0.0,0,115106.0
34,1,0,0,0,0,2,0.0,0.0,0.5,1.0,0.0,255,1,0.0,1.0,0.0,0.0,0.0,1.0,1,23818.0
28,5,0,0,0,0,246,1.0,1.0,0.07,0.05,0.0,255,18,0.07,0.06,0.0,1.0,1.0,0.0,1,7358.0
55,9,2328,4551,0,1,1,0.0,0.0,1.0,0.0,0.0,1,1,1.0,0.0,0.0,0.0,0.0,0.0,0,53889.0
22,9,330,9851,0,1,2,0.0,0.0,1.0,0.0,0.5,26,255,1.0,0.0,0.04,0.0,0.0,0.0,0,64496.0
22,9,332,2844,0,1,14,0.0,0.0,1.0,0.0,0.0,142,255,1.0,0.0,0.03,0.0,0.0,0.0,0,335.0
19,9,1874,0,0,1,10,0.0,0.0,1.0,0.0,0.0,167,62,0.37,0.03,0.0,0.0,0.0,0.0,0,105844.0
45,5,0,0,0,0,140,1.0,1.0,0.07,0.06,0.0,255,19,0.07,0.07,0.0,1.0,1.0,0.0,1,26095.0
45,5,0,0,0,0,131,1.0,1.0,0.02,0.06,0.0,255,4,0.02,0.09,0.0,1.0,1.0,0.0,1,31634.0
49,9,1106,328,0,1,1,0.0,0.0,1.0,0.0,1.0,255,151,0.59,0.02,0.0,0.0,0.0,0.0,0,66056.0
22,9,230,1380,0,1,4,0.0,0.0,1.0,0.0,0.04,255,251,0.98,0.01,0.0,0.0,0.0,0.0,0,3941.0
22,5,0,0,0,0,175,1.0,0.12,0.01,0.07,0.25,255,1,0.0,0.07,0.0,1.0,1.0,0.0,1,2677.0
37,5,0,0,0,0,136,1.0,1.0,0.13,0.06,0.0,247,18,0.07,0.06,0.0,1.0,1.0,0.0,1,95513.0
36,5,0,0,0,0,211,1.0,1.0,0.09,0.05,0.0,255,18,0.07,0.05,0.0,1.0,1.0,0.0,1,82328.0
22,9,218,361,0,1,27,0.0,0.0,1.0,0.0,0.0,255,255,1.0,0.0,0.0,0.0,0.0,0.02,0,73625.0
49,9,1179,281,0,1,1,0.0,0.0,1.0,0.0,1.0,244,128,0.52,0.02,0.02,0.01,0.02,0.0,0,105923.0
18,9,870,2586,0,1,1,0.0,0.0,1.0,0.0,0.0,232,38,0.16,0.01,0.0,0.0,0.0,0.0,0,80482.0
22,9,327,4058,0,1,6,0.0,0.0,1.0,0.0,0.0,27,255,1.0,0.0,0.13,0.0,0.0,0.65,0,18617.0
22,9,213,2446,0,1,13,0.0,0.0,1.0,0.0,0.17,255,255,1.0,0.0,0.0,0.0,0.0,0.0,0,95542.0
25,5,0,0,0,0,252,1.0,1.0,0.05,0.07,0.0,255,14,0.05,0.07,0.0,1.0,1.0,0.0,1,43974.0
22,9,330,1935,0,1,3,0.0,0.0,1.0,0.0,0.11,98,254,1.0,0.0,0.02,0.0,0.0,0.0,0,99504.0
45,5,0,0,0,0,83,1.0,1.0,0.07,0.06,0.0,255,1,0.0,0.06,0.0,1.0,1.0,0.0,1,65975.0
22,9,333,5726,0,1,5,0.0,0.0,1.0,0.0,0.0,99,255,1.0,0.0,0.01,0.0,0.0,0.0,0,7079.0
22,9,193,6112,0,1,14,0.0,0.0,1.0,0.0,0.0,38,255,1.0,0.0,0.04,0.0,0.0,0.0,0,69712.0
31,5,0,0,0,0,262,1.0,1.0,0.08,0.05,0.0,255,21,0.08,0.05,0.0,1.0,1.0,0.0,1,58777.0
22,9,372,235,0,1,5,0.0,0.0,1.0,0.0,0.27,18,255,1.0,0.0,0.04,0.0,0.0,0.0,0,48359.0
22,9,348,314,0,1,4,0.25,0.25,1.0,0.0,0.0,255,255,1.0,0.0,0.0,0.0,0.0,0.0,0,54716.0
2,5,0,0,0,0,228,1.0,1.0,0.05,0.07,0.0,255,12,0.05,0.08,0.0,1.0,1.0,0.0,1,41298.0
45,5,0,0,0,0,110,1.0,1.0,0.05,0.07,0.0,255,5,0.02,0.09,0.0,1.0,1.0,0.0,1,1660.0
45,5,0,0,0,0,28,1.0,1.0,0.32,0.11,0.0,255,22,0.09,0.07,0.0,1.0,1.0,0.0,1,5991.0
49,9,1549,333,0,1,1,0.0,0.0,1.0,0.0,1.0,181,78,0.43,0.03,0.0,0.0,0.0,0.0,0,34616.0
19,9,175337,0,0,1,2,0.0,0.0,1.0,0.0,0.0,71,55,0.24,0.07,0.04,0.0,0.02,0.0,0,53053.0
22,9,203,1330,0,1,3,0.0,0.0,1.0,0.0,0.0,13,255,1.0,0.0,0.04,0.0,0.0,0.0,0,19369.0
45,5,0,0,0,0,165,1.0,1.0,0.07,0.06,0.0,255,12,0.05,0.05,0.0,1.0,1.0,0.0,1,103212.0
22,9,299,4960,0,1,7,0.0,0.0,1.0,0.0,0.0,50,255,1.0,0.0,0.01,0.02,0.0,0.0,0,27432.0
22,9,224,7229,0,1,3,0.0,0.0,1.0,0.0,0.0,16,255,1.0,0.0,0.04,0.0,0.0,0.0,0,62502.0
49,9,3009,402,0,1,1,0.0,0.0,1.0,0.0,0.0,255,43,0.17,0.06,0.0,0.6,0.0,0.0,0,19407.0
22,9,54540,8314,0,1,8,0.0,0.0,1.0,0.0,0.0,255,255,1.0,0.0,0.0,0.0,0.0,0.06,0,94850.0
19,9,607,0,0,1,2,0.0,0.0,1.0,0.0,0.0,109,102,0.46,0.06,0.02,0.0,0.0,0.0,0,42100.0
45,5,0,0,0,0,116,1.0,1.0,0.04,0.06,0.0,255,5,0.02,0.05,0.0,1.0,1.0,0.0,1,103024.0
49,9,897,329,0,1,1,0.0,0.0,1.0,0.0,1.0,181,134,0.43,0.03,0.01,0.0,0.0,0.0,0,2078.0
55,9,103,937,0,0,1,0.0,0.0,1.0,0.0,0.0,10,3,0.1,0.3,0.67,0.0,0.0,0.0,0,96656.0
22,9,288,294,0,1,13,0.0,0.0,1.0,0.0,0.0,255,255,1.0,0.0,0.0,0.0,0.0,0.0,0,86322.0
55,9,437,2619,0,1,1,0.0,0.0,1.0,0.0,0.0,255,33,0.13,0.06,0.0,0.65,0.39,0.12,0,92370.0
22,9,235,731,0,1,24,0.0,0.0,1.0,0.0,0.0,255,255,1.0,0.0,0.0,0.0,0.0,0.0,0,100789.0
22,9,210,7138,0,1,9,0.0,0.0,1.0,0.0,0.0,42,255,1.0,0.0,0.03,0.0,0.0,0.0,0,87553.0
19,9,190,0,0,0,1,0.0,0.0,1.0,0.0,0.0,48,37,0.17,0.06,0.05,0.0,0.0,0.0,0,28127.0
35,5,0,0,0,0,273,1.0,1.0,0.02,0.05,0.0,255,5,0.02,0.05,0.0,1.0,1.0,0.0,1,68276.0
22,9,253,477,0,1,13,0.0,0.0,1.0,0.0,0.0,13,255,1.0,0.0,0.07,0.0,0.0,0.0,0,95526.0
11,9,31,0,0,0,2,0.0,0.0,0.5,1.0,1.0,68,46,0.12,0.07,0.04,0.0,0.0,0.0,0,53302.0
22,9,296,2564,0,1,10,0.0,0.0,1.0,0.0,0.18,10,255,1.0,0.0,0.03,0.0,0.0,0.0,0,124244.0
22,9,278,1413,0,1,5,0.0,0.0,1.0,0.0,0.0,11,40,1.0,0.0,0.15,0.0,0.0,0.0,0,39971.0
22,9,160,34719,0,1,1,0.0,0.0,1.0,0.0,0.0,141,255,1.0,0.0,0.04,0.0,0.0,0.0,0,61308.0
17,5,0,0,0,0,11,1.0,1.0,0.36,0.36,0.0,255,46,0.18,0.04,0.0,1.0,1.0,0.0,1,106245.0
22,9,306,3751,0,1,2,0.0,0.0,1.0,0.0,0.0,20,255,1.0,0.0,0.05,0.0,0.0,0.0,0,113504.0
14,9,1480,0,1,0,4,0.0,0.0,1.0,0.0,0.0,88,4,0.05,0.05,0.0,0.0,0.0,0.0,0,4664.0
55,9,7971,58249,0,1,1,0.0,0.0,1.0,0.0,0.0,8,6,0.75,0.38,0.0,0.12,0.17,0.0,0,35685.0
11,9,44,132,0,0,43,0.0,0.0,0.98,0.05,0.0,255,162,0.64,0.01,0.0,0.0,0.0,0.0,0,35124.0
22,9,229,849,0,1,41,0.0,0.0,1.0,0.0,0.03,255,255,1.0,0.0,0.0,0.0,0.0,0.02,0,85610.0
3,5,0,0,0,0,279,1.0,1.0,0.04,0.06,0.0,255,11,0.04,0.08,0.0,1.0,1.0,0.0,1,114421.0
49,9,757,373,0,1,1,0.0,0.0,1.0,0.0,1.0,16,157,0.81,0.19,0.02,0.0,0.0,0.0,0,85099.0
9,2,0,0,0,0,213,0.0,0.0,0.03,0.06,0.0,255,7,0.03,0.06,0.0,0.0,0.0,1.0,1,63106.0
45,1,0,0,0,0,79,0.0,0.0,0.18,0.08,0.0,255,14,0.05,0.07,0.0,0.0,0.0,1.0,1,10831.0
11,9,42,42,0,0,11,0.0,0.0,1.0,0.0,0.18,255,148,0.58,0.01,0.0,0.0,0.0,0.0,0,53097.0
22,1,0,0,0,0,1,0.0,0.0,1.0,0.0,0.0,17,3,0.18,0.29,0.0,0.06,0.0,1.0,0,30616.0
20,1,0,0,0,0,225,0.0,0.0,0.02,0.07,0.0,255,4,0.02,0.07,0.0,0.0,0.0,1.0,1,61621.0
45,5,0,0,0,0,163,1.0,1.0,0.1,0.06,0.0,255,8,0.03,0.08,0.0,1.0,1.0,0.0,1,70292.0
22,9,303,1146,0,1,2,0.0,0.0,1.0,0.0,0.22,2,255,1.0,0.0,0.01,0.0,0.0,0.0,0,95535.0
25,5,0,0,0,0,253,1.0,1.0,0.06,0.06,0.0,255,14,0.05,0.06,0.0,1.0,1.0,0.0,1,72738.0
19,9,259,0,0,0,2,0.0,0.0,1.0,0.0,0.0,173,18,0.08,0.02,0.11,0.0,0.0,0.0,0,15800.0
19,9,194,0,0,1,2,0.0,0.0,1.0,0.0,0.0,39,96,0.87,0.08,0.02,0.0,0.0,0.0,0,29677.0
11,9,44,142,0,0,103,0.0,0.0,1.0,0.0,0.01,255,255,1.0,0.0,0.0,0.0,0.0,0.0,0,28517.0
17,5,0,0,0,0,29,1.0,1.0,0.28,0.14,0.0,255,62,0.24,0.02,0.0,1.0,1.0,0.0,1,19784.0
45,5,0,0,0,0,148,1.0,1.0,0.03,0.06,0.0,255,3,0.01,0.07,0.0,1.0,1.0,0.0,1,77764.0
11,9,45,130,0,0,174,0.0,0.0,0.99,0.01,0.01,255,240,0.94,0.02,0.0,0.0,0.0,0.0,0,69583.0
45,4,0,0,0,0,3,0.0,0.0,0.33,0.67,0.0,255,1,0.0,0.66,0.0,0.0,0.0,1.0,1,2978.0
22,9,262,2539,0,1,3,0.0,0.0,1.0,0.0,0.0,255,255,1.0,0.0,0.0,0.0,0.0,0.0,0,111653.0
40,9,145,105,0,0,1,0.0,0.0,1.0,0.0,0.0,255,1,0.0,0.59,0.0,0.0,0.0,0.0,0,41199.0
18,9,891,2586,0,1,1,0.0,0.0,1.0,0.0,0.0,10,3,0.3,0.2,0.0,0.0,0.0,0.0,0,91436.0
19,9,501760,0,0,1,2,0.0,0.0,1.0,0.0,0.0,51,12,0.24,0.06,0.0,0.0,0.0,0.0,0,9200.0
45,5,0,0,0,0,215,1.0,1.0,0.0,0.07,0.0,255,20,0.08,0.08,0.0,1.0,1.0,0.0,1,64920.0
13,9,8,0,0,0,1,0.0,0.0,1.0,0.0,1.0,1,86,1.0,0.0,0.51,0.0,0.0,0.0,1,124371.0
45,5,0,0,0,0,272,1.0,1.0,0.05,0.06,0.0,255,29,0.11,0.06,0.0,1.0,1.0,0.0,1,116953.0
22,9,191,2568,0,1,2,0.0,0.0,1.0,0.0,0.0,189,255,1.0,0.0,0.02,0.01,0.01,0.0,0,10089.0
45,5,0,0,0,0,112,1.0,1.0,0.02,0.06,0.0,255,2,0.01,0.07,0.0,1.0,1.0,0.0,1,72091.0
54,5,0,0,0,0,111,1.0,1.0,0.1,0.05,0.0,255,11,0.04,0.07,0.0,1.0,1.0,0.0,1,34295.0
13,9,8,0,0,0,1,0.0,0.0,1.0,0.0,1.0,2,60,1.0,0.0,0.52,0.0,0.0,0.0,1,50909.0
22,9,267,872,0,1,4,0.0,0.0,1.0,0.0,0.0,184,255,1.0,0.0,0.03,0.0,0.0,0.01,0,125849.0
11,9,44,126,0,0,308,0.0,0.0,1.0,0.01,0.0,255,251,0.98,0.01,0.0,0.0,0.0,0.0,0,117025.0
35,5,0,0,0,0,293,1.0,1.0,0.03,0.05,0.0,255,4,0.02,0.07,0.0,1.0,1.0,0.0,1,8212.0
22,9,315,770,0,1,6,0.0,0.0,1.0,0.0,0.0,255,255,1.0,0.0,0.0,0.0,0.0,0.0,0,48656.0
45,5,0,0,0,0,231,1.0,1.0,0.03,0.06,0.0,255,10,0.04,0.07,0.0,1.0,1.0,0.0,1,116823.0
49,9,1068,420,0,1,1,0.0,0.0,1.0,0.0,1.0,22,245,0.95,0.09,0.01,0.0,0.0,0.0,0,45442.0
19,9,5118,0,0,0,1,0.0,0.0,1.0,0.0,0.0,83,25,0.3,0.05,0.0,0.0,0.0,0.0,0,90539.0
45,5,0,0,0,0,268,1.0,1.0,0.09,0.04,0.0,255,23,0.09,0.05,0.0,1.0,1.0,0.0,1,102420.0
22,9,246,168,0,1,1,0.0,0.0,1.0,0.0,0.0,255,255,1.0,0.0,0.0,0.0,0.0,0.0,0,76224.0
56,5,0,0,0,0,238,1.0,1.0,0.06,0.06,0.0,255,6,0.02,0.08,0.0,1.0,1.0,0.0,1,13259.0
22,9,229,31155,0,1,1,0.0,0.0,1.0,0.0,0.0,81,255,1.0,0.0,0.05,0.0,0.01,0.0,0,38631.0
22,9,213,4025,0,1,58,0.0,0.0,1.0,0.0,0.03,144,255,1.0,0.0,0.02,0.0,0.0,0.0,0,84933.0
45,5,0,0,0,0,208,1.0,1.0,0.08,0.06,0.0,255,15,0.06,0.08,0.0,1.0,1.0,0.0,1,41211.0
4,5,0,0,0,0,231,1.0,1.0,0.07,0.06,0.0,255,16,0.06,0.08,0.0,1.0,1.0,0.0,1,63275.0
19,9,245,0,0,1,1,0.0,0.0,1.0,0.0,0.0,9,74,0.89,0.22,0.04,0.0,0.0,0.0,1,84095.0
19,9,192,0,0,1,2,0.0,0.0,1.0,0.0,0.0,15,86,0.67,0.13,0.02,0.0,0.0,0.0,0,44633.0
11,9,43,43,0,0,104,0.0,0.0,1.0,0.0,0.0,255,254,1.0,0.01,0.0,0.0,0.0,0.0,0,42931.0
22,9,217,16041,0,1,11,0.0,0.0,1.0,0.0,0.14,123,203,1.0,0.0,0.01,0.0,0.0,0.0,0,116206.0
45,1,0,0,0,0,201,0.09,0.0,0.0,1.0,0.0,255,1,0.0,0.9,0.0,0.07,0.0,1.0,1,19335.0
45,5,0,0,0,0,101,1.0,1.0,0.19,0.06,0.0,255,32,0.13,0.06,0.0,1.0,1.0,0.0,1,8444.0
19,9,7196,0,0,1,6,0.0,0.0,1.0,0.0,0.0,44,89,0.48,0.07,0.02,0.0,0.0,0.0,0,51344.0
11,9,43,43,0,0,147,0.0,0.0,1.0,0.0,0.0,255,255,1.0,0.0,0.0,0.0,0.0,0.0,0,36427.0
11,9,44,44,0,0,167,0.0,0.0,1.0,0.0,0.0,255,255,1.0,0.0,0.0,0.0,0.0,0.0,0,119450.0
22,9,213,3434,0,1,5,0.0,0.0,1.0,0.0,0.0,36,255,1.0,0.0,0.05,0.0,0.0,0.0,0,122469.0
30,5,0,0,0,0,45,1.0,1.0,0.38,0.07,0.0,255,17,0.07,0.06,0.0,1.0,1.0,0.0,1,108881.0
49,9,104,402,0,1,1,0.0,0.0,1.0,0.0,1.0,174,94,0.38,0.04,0.02,0.0,0.0,0.0,0,100667.0
45,1,0,0,0,0,126,0.0,0.0,0.09,0.07,0.0,255,11,0.04,0.08,0.0,0.0,0.0,1.0,1,35815.0
49,9,709,339,0,1,1,0.0,0.0,1.0,0.0,0.0,158,145,0.55,0.04,0.01,0.0,0.0,0.0,0,118825.0
49,9,809,479,0,1,511,0.0,0.0,0.0,0.0,0.0,240,52,0.16,0.01,0.04,0.0,0.0,0.0,0,101225.0
45,2,0,0,0,0,133,0.0,0.0,0.14,0.07,0.0,255,19,0.07,0.08,0.0,0.0,0.0,1.0,1,121602.0
45,1,0,0,0,0,137,0.01,0.0,0.01,1.0,0.0,255,1,0.0,0.56,0.0,0.0,0.0,1.0,1,11955.0
22,1,0,0,0,0,1,0.0,0.0,1.0,0.0,0.0,13,255,1.0,0.0,0.22,0.0,0.0,0.9,0,67873.0
11,9,37,53,0,0,3,0.0,0.0,1.0,0.0,0.3,78,77,0.99,0.03,0.0,0.0,0.0,0.0,0,19601.0
19,9,59,0,0,1,12,0.0,0.0,1.0,0.0,0.0,18,18,1.0,0.0,0.0,0.0,0.0,0.0,0,40158.0
45,10,0,0,0,0,1,1.0,1.0,1.0,0.0,0.0,110,1,0.01,0.91,0.0,0.93,1.0,0.0,1,124320.0
45,4,0,0,0,0,118,0.0,0.0,0.02,0.56,0.0,255,2,0.01,0.26,0.0,0.0,0.0,1.0,1,124397.0
20,1,0,0,0,0,104,0.0,0.0,0.11,0.06,0.0,255,11,0.04,0.08,0.0,0.0,0.0,1.0,1,117325.0
26,5,0,0,0,0,101,1.0,1.0,0.15,0.07,0.0,255,15,0.06,0.06,0.0,1.0,1.0,0.0,1,101786.0
45,5,0,0,0,0,212,1.0,1.0,0.04,0.06,0.0,255,8,0.03,0.05,0.0,1.0,1.0,0.0,1,12522.0
22,9,340,1275,0,1,1,0.0,0.0,1.0,0.0,0.67,98,255,1.0,0.0,0.02,0.0,0.0,0.01,0,113237.0
22,9,193,758,0,1,4,0.0,0.0,1.0,0.0,0.14,68,255,1.0,0.0,0.02,0.0,0.0,0.0,0,22154.0
12,2,0,0,0,0,253,0.0,0.0,0.04,0.07,0.0,255,11,0.04,0.07,0.0,0.0,0.0,1.0,1,53228.0
16,5,0,0,0,0,104,1.0,1.0,0.17,0.06,0.0,255,18,0.07,0.05,0.0,1.0,1.0,0.0,1,100935.0
22,9,291,12334,0,1,7,0.0,0.0,1.0,0.0,0.24,247,255,1.0,0.0,0.01,0.0,0.0,0.0,0,98008.0
22,9,275,9851,0,1,1,0.0,0.0,1.0,0.0,0.67,35,255,1.0,0.0,0.04,0.03,0.0,0.0,0,95282.0
28,5,0,0,0,0,142,1.0,1.0,0.09,0.06,0.0,255,13,0.05,0.06,0.0,1.0,1.0,0.0,1,56521.0
22,9,315,1187,0,1,3,0.0,0.0,1.0,0.0,0.0,255,255,1.0,0.0,0.0,0.0,0.0,0.0,0,121327.0
17,5,0,0,0,0,49,0.98,1.0,0.27,0.1,0.0,255,32,0.13,0.05,0.0,1.0,1.0,0.0,1,114214.0
22,9,199,3485,0,1,4,0.0,0.0,1.0,0.0,0.25,4,255,1.0,0.0,0.05,0.0,0.0,0.0,0,95073.0
47,5,0,0,0,0,207,1.0,1.0,0.07,0.06,0.0,255,15,0.06,0.07,0.0,1.0,1.0,0.0,1,91863.0
49,9,968,329,0,1,1,0.0,0.0,1.0,0.0,1.0,48,185,0.88,0.08,0.01,0.0,0.0,0.0,0,92531.0
49,9,1248,329,0,1,1,0.0,0.0,1.0,0.0,1.0,4,4,1.0,0.0,0.0,0.0,0.0,0.0,0,5999.0
50,5,0,0,0,0,5,1.0,1.0,0.6,0.6,0.0,255,3,0.01,0.08,0.0,1.0,1.0,0.0,1,82770.0
45,9,105,147,0,0,1,0.0,0.0,1.0,0.0,0.0,180,178,0.99,0.01,0.0,0.0,0.0,0.0,0,83287.0
45,5,0,0,0,0,137,1.0,1.0,0.03,0.06,0.0,255,7,0.03,0.05,0.0,1.0,1.0,0.0,1,35522.0
19,9,12983,0,0,1,2,0.0,0.0,1.0,0.0,0.0,90,59,0.3,0.07,0.03,0.0,0.0,0.0,0,33959.0
11,9,45,114,0,0,1,0.0,0.0,1.0,0.0,1.0,251,229,0.91,0.01,0.0,0.0,0.0,0.0,0,88072.0
22,9,220,1207,0,1,5,0.0,0.0,1.0,0.0,0.33,5,255,1.0,0.0,0.05,0.0,0.0,0.0,0,110754.0
22,9,158,10144,0,1,3,0.0,0.0,1.0,0.0,0.0,75,255,1.0,0.0,0.04,0.0,0.0,0.0,0,18841.0
22,9,224,1705,0,1,2,0.0,0.0,1.0,0.0,0.0,2,20,1.0,0.0,0.1,0.0,0.0,0.0,0,5270.0
40,1,0,0,0,0,511,0.18,0.0,0.0,1.0,0.0,255,1,0.0,1.0,0.0,0.13,0.0,1.0,1,24278.0
53,5,0,0,0,0,208,1.0,1.0,0.07,0.05,0.0,255,15,0.06,0.05,0.0,1.0,1.0,0.0,1,99983.0
60,5,0,0,0,0,203,1.0,1.0,0.04,0.07,0.0,255,9,0.04,0.06,0.0,1.0,1.0,0.0,1,20471.0
13,9,8,0,0,0,1,0.0,0.0,1.0,0.0,1.0,4,168,1.0,0.0,0.25,0.0,0.0,0.0,1,56964.0
55,5,0,0,0,0,10,0.9,1.0,0.3,0.5,0.0,255,46,0.18,0.04,0.0,1.0,1.0,0.0,1,63321.0
40,1,0,0,0,0,511,0.14,0.0,0.0,1.0,0.0,255,1,0.0,1.0,0.0,0.0,0.0,1.0,1,123253.0
22,9,220,2506,0,1,4,0.0,0.0,1.0,0.0,0.4,57,255,1.0,0.0,0.02,0.0,0.0,0.0,0,65150.0
30,5,0,0,0,0,6,1.0,1.0,0.67,0.33,0.0,255,4,0.02,0.07,0.0,1.0,1.0,0.0,1,123911.0
19,4,0,0,0,0,14,0.0,0.0,0.14,0.5,0.0,255,2,0.01,0.04,0.0,0.0,0.0,1.0,1,81003.0
22,9,162,10384,0,1,1,0.0,0.0,1.0,0.0,0.0,10,255,1.0,0.0,0.04,0.0,0.0,0.0,0,4814.0
19,9,175337,0,0,1,1,0.0,0.0,1.0,0.0,0.0,50,75,0.1,0.1,0.03,0.02,0.0,0.0,0,86382.0
45,5,0,0,0,0,221,1.0,1.0,0.05,0.06,0.0,255,10,0.04,0.05,0.0,1.0,1.0,0.0,1,13769.0
22,9,223,407,0,1,15,0.0,0.0,1.0,0.0,0.0,58,255,1.0,0.0,0.04,0.0,0.0,0.0,0,11646.0
45,5,0,0,0,0,84,1.0,1.0,0.13,0.06,0.0,255,11,0.04,0.06,0.0,1.0,1.0,0.0,1,69556.0
22,9,318,762,0,1,14,0.0,0.0,1.0,0.0,0.0,112,255,1.0,0.0,0.02,0.0,0.0,0.0,0,35094.0
45,5,0,0,0,0,144,1.0,1.0,0.09,0.06,0.0,255,10,0.04,0.05,0.0,1.0,1.0,0.0,1,1637.0
22,6,339,14600,0,1,2,0.5,0.03,1.0,0.0,0.06,173,255,1.0,0.0,0.01,0.01,0.0,0.0,0,25186.0
22,9,318,2435,0,1,35,0.0,0.0,1.0,0.0,0.0,255,255,1.0,0.0,0.0,0.0,0.0,0.0,0,7283.0
22,9,315,924,0,1,6,0.0,0.0,1.0,0.0,0.0,101,255,1.0,0.0,0.04,0.0,0.0,0.0,0,52435.0
37,5,0,0,0,0,106,1.0,1.0,0.11,0.07,0.0,214,12,0.06,0.07,0.0,1.0,1.0,0.0,1,35607.0
15,5,0,0,0,0,139,1.0,1.0,0.12,0.06,0.0,255,16,0.06,0.06,0.0,1.0,1.0,0.0,1,53629.0
22,9,310,4382,0,1,3,0.0,0.0,1.0,0.0,0.0,31,255,1.0,0.0,0.02,0.0,0.0,0.0,0,119942.0
46,1,0,0,0,0,38,0.03,0.0,0.03,1.0,0.0,255,1,0.0,0.18,0.0,0.0,0.0,1.0,1,88320.0
19,9,567,0,0,0,1,0.0,0.0,1.0,0.0,0.0,6,1,0.17,0.33,0.0,0.0,0.0,0.0,0,12317.0
22,9,337,1893,0,1,2,0.0,0.0,1.0,0.0,0.0,36,215,1.0,0.0,0.03,0.0,0.0,0.0,0,20696.0
22,9,215,1215,0,1,7,0.0,0.0,1.0,0.0,0.0,7,255,1.0,0.0,0.04,0.0,0.0,0.0,0,27540.0
45,5,0,0,0,0,82,1.0,1.0,0.24,0.06,0.0,255,20,0.08,0.06,0.0,1.0,1.0,0.0,1,93555.0
40,9,5891,0,0,1,16,0.06,0.0,0.06,0.19,0.0,118,1,0.01,0.05,0.0,0.02,0.0,0.0,0,84147.0
22,9,218,670,0,1,10,0.0,0.0,1.0,0.0,0.0,255,255,1.0,0.0,0.0,0.0,0.0,0.0,0,6242.0
45,1,0,0,0,0,203,0.0,0.0,0.04,0.06,0.0,255,8,0.03,0.07,0.0,0.0,0.0,1.0,1,9998.0
22,9,236,2255,0,1,10,0.0,0.0,1.0,0.0,0.0,43,255,1.0,0.0,0.05,0.0,0.01,0.0,0,124083.0
22,9,253,2365,0,1,8,0.0,0.0,1.0,0.0,0.0,255,255,1.0,0.0,0.0,0.0,0.0,0.0,0,25153.0
22,9,359,269,0,1,8,0.0,0.0,1.0,0.0,0.0,255,255,1.0,0.0,0.0,0.0,0.0,0.0,0,44260.0
45,5,0,0,0,0,129,1.0,1.0,0.13,0.05,0.0,255,4,0.02,0.07,0.0,1.0,1.0,0.0,1,75831.0
22,9,213,2427,0,1,5,0.0,0.0,1.0,0.0,0.29,255,255,1.0,0.0,0.0,0.0,0.0,0.0,0,68419.0
45,9,1,0,0,0,2,0.0,0.0,1.0,0.0,0.0,255,2,0.01,0.77,0.0,0.03,0.0,0.0,1,92322.0
5,5,0,0,0,0,145,1.0,1.0,0.17,0.05,0.0,255,25,0.1,0.05,0.0,1.0,1.0,0.0,1,106104.0
37,1,0,0,0,0,133,0.0,0.0,0.04,0.06,0.0,255,5,0.02,0.06,0.0,0.0,0.0,1.0,1,40380.0
22,9,171,409,0,1,3,0.0,0.0,1.0,0.0,0.0,64,255,1.0,0.0,0.01,0.03,0.01,0.0,0,79991.0
60,5,0,0,0,0,230,1.0,1.0,0.07,0.06,0.0,255,15,0.06,0.07,0.0,1.0,1.0,0.0,1,36823.0
14,9,1032,0,0,0,511,0.0,0.0,1.0,0.0,0.0,255,193,0.76,0.15,0.0,0.0,0.0,0.0,1,21723.0
49,9,826,335,0,1,1,0.0,0.0,1.0,0.0,0.0,160,186,0.72,0.03,0.01,0.01,0.01,0.0,0,65559.0
22,9,291,1236,0,1,3,0.33,0.33,1.0,0.0,0.0,3,255,1.0,0.0,0.04,0.33,0.0,0.0,0,82170.0
11,9,43,69,0,0,201,0.0,0.0,1.0,0.0,0.0,255,255,1.0,0.0,0.0,0.0,0.0,0.0,0,100195.0
11,9,43,76,0,0,308,0.0,0.0,1.0,0.0,0.0,255,254,1.0,0.01,0.0,0.0,0.0,0.0,0,50829.0
19,9,1030,0,0,1,3,0.0,0.0,1.0,0.0,0.0,89,25,0.28,0.03,0.0,0.0,0.0,0.0,0,90143.0
22,9,206,770,0,1,5,0.0,0.0,1.0,0.0,0.17,255,255,1.0,0.0,0.0,0.0,0.0,0.0,0,27743.0
22,9,250,2791,0,1,9,0.0,0.0,1.0,0.0,0.0,60,255,1.0,0.0,0.03,0.0,0.0,0.0,0,19866.0
22,9,312,13794,0,1,22,0.0,0.0,1.0,0.0,0.0,255,255,1.0,0.0,0.0,0.0,0.0,0.0,0,48797.0
5,1,0,0,0,0,119,0.0,0.0,0.17,0.06,0.0,255,20,0.08,0.06,0.0,0.0,0.0,1.0,1,72808.0
45,9,1,0,0,0,25,0.0,0.0,0.08,0.4,0.0,255,2,0.01,0.64,0.0,0.0,0.0,0.0,1,60426.0
45,5,0,0,0,0,260,1.0,1.0,0.07,0.06,0.0,255,3,0.01,0.09,0.0,1.0,1.0,0.0,1,114656.0
22,9,295,406,0,1,1,0.0,0.0,1.0,0.0,0.75,5,255,1.0,0.0,0.09,0.0,0.0,0.0,0,78964.0
45,5,0,0,0,0,113,1.0,1.0,0.12,0.06,0.0,255,33,0.13,0.05,0.0,1.0,1.0,0.0,1,105986.0
10,1,0,0,0,0,2,0.0,0.0,0.5,1.0,0.0,255,1,0.0,1.0,0.0,0.0,0.0,1.0,1,74618.0
39,9,48,48,0,0,1,0.0,0.0,1.0,0.0,0.0,158,38,0.24,0.03,0.0,0.0,0.0,0.0,0,31593.0
22,9,237,1422,0,1,17,0.0,0.0,1.0,0.0,0.11,35,48,1.0,0.0,0.06,0.0,0.0,0.0,0,52147.0
22,9,229,1266,0,1,26,0.0,0.0,1.0,0.0,0.0,149,255,1.0,0.0,0.02,0.0,0.0,0.0,0,83305.0
49,9,4060,374,0,1,1,0.0,0.0,1.0,0.0,0.0,255,39,0.15,0.06,0.0,0.0,0.0,0.0,0,100937.0
22,9,353,1525,0,1,18,0.0,0.0,1.0,0.0,0.0,18,255,1.0,0.0,0.04,0.0,0.0,0.0,0,114644.0
22,9,213,10481,0,1,6,0.0,0.0,1.0,0.0,0.0,255,255,1.0,0.0,0.0,0.0,0.0,0.0,0,60524.0
22,9,309,1837,0,1,5,0.0,0.0,1.0,0.0,0.33,15,255,1.0,0.0,0.03,0.0,0.0,0.0,0,56533.0
22,9,319,6534,0,1,14,0.0,0.0,1.0,0.0,0.13,255,255,1.0,0.0,0.0,0.0,0.0,0.0,0,60312.0
35,1,0,0,0,0,139,0.0,0.0,0.05,0.07,0.0,255,7,0.03,0.07,0.0,0.0,0.0,1.0,1,24963.0
26,5,0,0,0,0,142,1.0,1.0,0.1,0.06,0.0,255,10,0.04,0.07,0.0,1.0,1.0,0.0,1,76193.0
40,1,0,0,0,0,457,0.08,0.0,0.0,1.0,0.0,255,1,0.0,1.0,0.0,0.06,0.0,1.0,1,9537.0
19,9,1690,0,0,0,13,0.0,0.0,1.0,0.0,0.0,35,70,0.54,0.11,0.03,0.0,0.0,0.0,0,7843.0
22,9,239,1295,0,1,4,0.0,0.0,1.0,0.0,0.0,5,5,1.0,0.0,0.0,0.0,0.0,0.0,0,89440.0
11,9,43,145,0,0,15,0.0,0.0,1.0,0.0,0.01,73,200,0.79,0.03,0.01,0.0,0.0,0.0,0,54782.0
11,9,42,42,0,0,2,0.0,0.0,1.0,0.0,0.25,8,229,0.5,0.25,0.01,0.25,0.0,0.0,0,115548.0
26,1,0,0,0,0,127,0.0,0.0,0.16,0.07,0.0,255,20,0.08,0.06,0.0,0.0,0.0,1.0,1,30890.0
22,1,0,0,0,0,1,0.0,0.0,1.0,0.0,0.0,11,255,1.0,0.0,0.08,0.0,0.0,0.89,0,87208.0
15,5,0,0,0,0,139,1.0,1.0,0.01,0.06,0.0,255,4,0.02,0.06,0.0,1.0,1.0,0.0,1,105261.0
22,1,0,0,0,0,1,0.0,0.0,1.0,0.0,1.0,1,9,1.0,0.0,0.44,0.0,0.0,1.0,0,104336.0
45,4,1,0,0,0,2,0.0,0.0,1.0,0.0,0.0,255,2,0.01,0.5,0.0,0.0,0.0,1.0,1,2029.0
11,9,45,77,0,0,77,0.0,0.0,1.0,0.0,0.02,255,254,1.0,0.01,0.0,0.0,0.0,0.0,0,26538.0
49,9,4743,331,0,1,2,0.0,0.0,0.5,1.0,0.0,255,199,0.78,0.02,0.0,0.0,0.0,0.0,0,33669.0
22,9,215,1711,0,1,6,0.0,0.0,1.0,0.0,0.0,6,69,1.0,0.0,0.07,0.0,0.0,0.0,0,73672.0
45,5,0,0,0,0,236,1.0,1.0,0.01,0.06,0.0,255,3,0.01,0.07,0.0,1.0,1.0,0.0,1,23752.0
56,5,0,0,0,0,213,1.0,1.0,0.06,0.06,0.0,255,13,0.05,0.07,0.0,1.0,1.0,0.0,1,49487.0
49,9,930,336,0,1,1,0.0,0.0,1.0,0.0,1.0,49,239,1.0,0.0,0.01,0.0,0.0,0.0,0,95928.0
47,5,0,0,0,0,217,1.0,1.0,0.1,0.06,0.0,255,21,0.08,0.05,0.0,1.0,1.0,0.0,1,88330.0
24,5,0,0,0,0,215,1.0,1.0,0.12,0.06,0.0,255,25,0.1,0.06,0.0,1.0,1.0,0.0,1,77983.0
14,9,1032,0,0,0,511,0.0,0.0,1.0,0.0,0.0,255,200,0.78,0.01,0.0,0.0,0.0,0.0,1,446.0
59,2,0,0,0,0,117,0.0,0.0,0.11,0.07,0.0,255,13,0.05,0.07,0.0,0.0,0.0,1.0,1,66675.0
18,9,1044,2279,0,1,1,0.0,0.0,1.0,0.0,0.0,255,23,0.09,0.02,0.0,0.13,0.0,0.0,0,86976.0
45,5,0,0,0,0,296,1.0,1.0,0.0,0.06,0.0,255,3,0.01,0.06,0.0,1.0,1.0,0.0,1,53226.0
45,9,28,0,3,0,37,0.0,0.0,0.97,0.05,0.0,255,36,0.14,0.02,0.0,0.0,0.0,0.0,1,42499.0
29,5,0,0,0,0,171,1.0,1.0,0.05,0.08,0.0,255,9,0.04,0.07,0.0,1.0,1.0,0.0,1,115029.0
27,5,0,0,0,0,134,1.0,1.0,0.04,0.06,0.0,255,5,0.02,0.06,0.0,1.0,1.0,0.0,1,88815.0
22,5,0,0,0,0,7,1.0,1.0,0.86,0.29,0.0,255,66,0.26,0.02,0.0,1.0,1.0,0.0,1,52210.0
22,9,287,962,0,1,12,0.0,0.0,1.0,0.0,0.23,255,255,1.0,0.0,0.0,0.0,0.0,0.0,0,71361.0
49,9,2432,334,0,1,1,0.0,0.0,1.0,0.0,1.0,74,98,0.85,0.04,0.02,0.01,0.01,0.0,0,2401.0
55,5,0,0,0,0,13,1.0,1.0,0.23,0.31,0.0,255,61,0.24,0.04,0.0,1.0,1.0,0.0,1,39306.0
22,1,0,0,0,0,1,0.0,0.0,1.0,0.0,0.0,6,255,1.0,0.0,0.03,0.0,0.0,0.41,0,63918.0
62,5,0,0,0,0,172,1.0,1.0,0.01,0.06,0.0,255,4,0.02,0.06,0.0,1.0,1.0,0.0,1,123037.0
8,5,0,0,0,0,242,1.0,1.0,0.02,0.07,0.0,255,6,0.02,0.08,0.0,1.0,1.0,0.0,1,49519.0
26,5,0,0,0,0,145,1.0,1.0,0.07,0.06,0.0,255,9,0.04,0.05,0.0,1.0,1.0,0.0,1,52846.0
22,1,0,0,0,0,1,0.0,0.0,1.0,0.0,0.0,6,239,1.0,0.0,0.15,0.0,0.0,1.0,0,36695.0
11,9,45,147,0,0,70,0.0,0.0,1.0,0.0,0.01,255,245,0.96,0.01,0.0,0.0,0.0,0.0,0,42990.0
22,1,0,0,0,0,1,0.0,0.0,1.0,0.0,1.0,62,210,1.0,0.0,0.1,0.0,0.0,1.0,0,63652.0
22,1,0,0,0,0,1,0.0,0.0,1.0,0.0,0.0,5,209,1.0,0.0,0.2,0.0,0.0,0.88,0,17351.0
22,9,313,1323,0,1,9,0.0,0.0,1.0,0.0,0.0,9,255,1.0,0.0,0.04,0.0,0.0,0.0,0,56531.0
22,5,0,0,0,0,238,1.0,1.0,0.03,0.06,0.0,255,6,0.02,0.07,0.0,1.0,1.0,0.0,1,19307.0
11,9,42,42,0,0,9,0.0,0.0,1.0,0.0,0.14,255,224,0.88,0.01,0.0,0.0,0.0,0.0,0,81257.0
22,9,164,7096,0,1,6,0.0,0.0,1.0,0.0,0.0,9,255,1.0,0.0,0.05,0.0,0.0,0.0,0,58975.0
22,9,212,313,0,1,1,0.0,0.0,1.0,0.0,1.0,63,255,1.0,0.0,0.01,0.0,0.0,0.0,0,88423.0
40,4,1,0,0,0,2,0.0,0.0,1.0,0.0,0.0,255,2,0.01,0.74,0.0,0.0,0.0,1.0,1,91010.0
49,9,1040,336,0,1,1,0.0,0.0,1.0,0.0,1.0,148,108,0.73,0.02,0.0,0.0,0.0,0.0,0,103523.0
49,9,1309,335,0,1,1,0.0,0.0,1.0,0.0,0.0,36,231,1.0,0.0,0.02,0.0,0.0,0.0,0,11490.0
22,9,207,3452,0,1,9,0.0,0.0,1.0,0.0,0.15,255,255,1.0,0.0,0.0,0.0,0.0,0.0,0,2008.0
11,9,45,73,0,0,187,0.0,0.0,1.0,0.0,0.0,255,229,0.9,0.01,0.0,0.0,0.0,0.0,0,81496.0
22,9,229,2698,0,1,3,0.0,0.0,1.0,0.0,0.22,255,252,0.99,0.01,0.0,0.0,0.0,0.0,0,124862.0
6,5,0,0,0,0,233,1.0,1.0,0.01,0.07,0.0,255,3,0.01,0.08,0.0,1.0,1.0,0.0,1,18689.0
22,9,346,1211,0,1,11,0.09,0.09,1.0,0.0,0.0,121,191,1.0,0.0,0.02,0.01,0.01,0.0,0,125260.0
45,5,0,0,0,0,140,1.0,1.0,0.17,0.05,0.0,255,24,0.09,0.06,0.0,1.0,1.0,0.0,1,7922.0
40,1,0,0,0,0,511,0.11,0.0,0.0,1.0,0.0,255,1,0.0,1.0,0.0,0.0,0.0,1.0,1,41743.0
22,9,225,394,0,1,4,0.0,0.0,1.0,0.0,0.4,211,255,1.0,0.0,0.02,0.0,0.0,0.0,0,70054.0
22,1,0,0,0,0,1,0.0,0.0,1.0,0.0,0.8,2,255,1.0,0.0,0.24,0.0,0.0,1.0,0,10627.0
45,5,0,0,0,0,111,1.0,1.0,0.02,0.08,0.0,54,2,0.04,0.15,0.0,1.0,1.0,0.0,1,81902.0
32,5,0,0,0,0,280,1.0,1.0,0.04,0.06,0.0,255,2,0.01,0.08,0.0,1.0,1.0,0.0,1,119431.0
45,5,0,0,0,0,279,1.0,1.0,0.04,0.06,0.0,255,10,0.04,0.08,0.0,1.0,1.0,0.0,1,75984.0
22,9,317,7203,0,1,12,0.0,0.0,1.0,0.0,0.0,13,254,1.0,0.0,0.08,0.0,0.0,0.0,0,113509.0
55,9,3227,36853,0,1,1,0.0,0.0,1.0,0.0,0.0,132,13,0.1,0.04,0.0,0.02,0.23,0.0,0,16322.0
40,9,147,105,0,0,7,0.0,0.0,0.14,0.57,0.0,255,2,0.01,0.57,0.0,0.0,0.0,0.0,0,120690.0
14,9,1480,0,1,0,6,0.0,0.0,1.0,0.0,0.0,90,6,0.07,0.04,0.0,0.0,0.0,0.0,0,108953.0
13,9,8,0,0,0,1,0.0,0.0,1.0,0.0,1.0,1,255,1.0,0.0,0.5,0.0,0.0,0.0,1,96667.0
49,9,2115,331,0,1,2,0.0,0.0,0.5,1.0,0.0,255,161,0.63,0.03,0.0,0.0,0.01,0.0,0,38943.0
37,1,0,0,0,0,63,0.0,0.0,0.03,0.1,0.0,255,2,0.01,0.07,0.0,0.0,0.0,1.0,1,73420.0
13,9,18,0,0,0,1,0.0,0.0,1.0,0.0,0.0,3,159,1.0,0.0,0.25,0.0,0.0,0.0,1,97580.0
13,9,8,0,0,0,1,0.0,0.0,1.0,0.0,1.0,2,98,1.0,0.0,0.5,0.0,0.0,0.0,1,93216.0
13,9,8,0,0,0,1,0.0,0.0,1.0,0.0,1.0,2,129,1.0,0.0,0.5,0.0,0.0,0.0,1,27939.0
13,9,8,0,0,0,1,0.0,0.0,1.0,0.0,1.0,2,129,1.0,0.0,0.5,0.0,0.0,0.0,1,7357.0
45,9,105,145,0,0,4,0.0,0.0,0.25,0.5,0.0,255,247,0.97,0.01,0.0,0.0,0.0,0.0,0,15102.0
29,5,0,0,0,0,250,1.0,1.0,0.08,0.07,0.0,255,19,0.07,0.08,0.0,1.0,1.0,0.0,1,48869.0
39,9,48,48,0,0,1,0.0,0.0,1.0,0.0,0.0,118,35,0.3,0.02,0.0,0.0,0.0,0.0,0,55276.0
34,5,0,0,0,0,221,1.0,1.0,0.02,0.07,0.0,255,5,0.02,0.08,0.0,1.0,1.0,0.0,1,11156.0
45,5,0,0,0,0,293,1.0,1.0,0.02,0.06,0.0,255,7,0.03,0.09,0.0,1.0,1.0,0.0,1,51712.0
22,0,0,17520,0,1,1,0.0,0.0,1.0,0.0,0.0,255,255,1.0,0.0,0.0,0.0,0.0,0.0,0,115822.0
55,5,0,0,0,0,12,1.0,1.0,1.0,0.0,0.0,14,14,1.0,0.0,0.0,0.86,0.86,0.0,1,39616.0
60,5,0,0,0,0,279,1.0,1.0,0.06,0.06,0.0,255,3,0.01,0.07,0.0,1.0,1.0,0.0,1,10897.0
22,9,238,2059,0,1,1,0.0,0.0,1.0,0.0,0.0,1,255,1.0,0.0,0.02,0.0,0.0,0.0,0,88467.0
45,5,0,0,0,0,148,1.0,1.0,0.11,0.05,0.0,255,10,0.04,0.06,0.0,1.0,1.0,0.0,1,67408.0
14,9,520,0,0,0,72,0.0,0.0,1.0,0.0,0.0,255,255,1.0,0.0,0.0,0.0,0.0,0.0,1,116590.0
22,9,198,9287,0,1,4,0.0,0.0,1.0,0.0,0.0,14,255,1.0,0.0,0.03,0.0,0.0,0.0,0,89297.0
22,9,328,3392,0,1,13,0.0,0.0,1.0,0.0,0.14,106,255,1.0,0.0,0.01,0.0,0.0,0.0,0,65049.0
58,9,65,0,0,0,8,0.0,0.0,0.12,0.25,0.0,255,15,0.06,0.01,0.0,0.0,0.0,0.0,0,119863.0
22,9,339,6010,0,1,1,0.0,0.0,1.0,0.0,0.0,8,255,1.0,0.0,0.04,0.0,0.0,0.01,0,30320.0
22,9,293,1040,0,1,11,0.0,0.0,1.0,0.0,0.14,255,255,1.0,0.0,0.0,0.0,0.0,0.0,0,23131.0
40,9,1,0,0,0,33,0.0,0.0,0.03,0.24,0.0,255,1,0.0,0.17,0.0,0.0,0.0,0.0,1,7704.0
22,9,199,986,0,1,5,0.0,0.0,1.0,0.0,0.2,14,255,1.0,0.0,0.05,0.0,0.0,0.0,0,15604.0
22,9,236,2625,0,1,9,0.0,0.0,1.0,0.0,0.2,40,255,1.0,0.0,0.04,0.0,0.0,0.0,0,15168.0
40,4,1,0,0,0,2,0.0,0.0,1.0,0.0,0.0,255,2,0.01,0.68,0.0,0.0,0.0,1.0,1,7093.0
45,2,0,0,0,0,115,0.0,0.0,0.1,0.08,0.0,255,12,0.05,0.06,0.0,0.0,0.0,1.0,1,15661.0
13,9,18,0,0,0,1,0.0,0.0,1.0,0.0,0.0,4,240,1.0,0.0,0.25,0.0,0.0,0.0,1,113705.0
22,5,0,0,0,0,37,1.0,1.0,0.49,0.05,0.0,255,69,0.27,0.02,0.0,1.0,1.0,0.0,1,106052.0
11,9,33,33,0,0,1,0.0,0.0,1.0,0.0,1.0,130,127,0.98,0.02,0.0,0.0,0.0,0.0,0,76871.0
54,5,0,0,0,0,296,1.0,1.0,0.06,0.06,0.0,255,19,0.07,0.07,0.0,1.0,1.0,0.0,1,21787.0
40,1,0,0,0,0,511,0.44,0.0,0.0,1.0,0.0,255,1,0.0,1.0,0.0,0.35,0.0,1.0,1,24939.0
5,5,0,0,0,0,137,1.0,1.0,0.18,0.05,0.0,255,25,0.1,0.05,0.0,1.0,1.0,0.0,1,15797.0
4,5,0,0,0,0,240,1.0,1.0,0.0,0.05,0.0,255,1,0.0,0.05,0.0,1.0,1.0,0.0,1,103471.0
43,9,38,130,0,1,1,0.0,0.0,1.0,0.0,0.0,1,7,1.0,0.0,0.43,0.0,0.0,0.0,0,121064.0
19,9,4539,0,0,1,19,0.0,0.0,1.0,0.0,0.0,174,66,0.25,0.41,0.03,0.0,0.0,0.02,0,119725.0
13,9,8,0,0,0,1,0.0,0.0,1.0,0.0,1.0,1,153,1.0,0.0,0.5,0.0,0.0,0.0,1,118813.0
22,9,333,753,0,1,10,0.0,0.0,1.0,0.0,0.0,207,255,1.0,0.0,0.01,0.0,0.0,0.0,0,100952.0
45,9,105,0,0,0,1,0.0,0.0,1.0,0.0,0.0,12,12,1.0,0.0,0.0,0.0,0.0,0.0,0,9551.0
45,5,0,0,0,0,105,0.99,1.0,0.09,0.08,0.0,255,9,0.04,0.07,0.0,1.0,1.0,0.0,1,125208.0
22,9,222,311,0,1,8,0.0,0.0,1.0,0.0,0.0,85,255,1.0,0.0,0.02,0.0,0.0,0.0,0,104754.0
19,9,383,0,0,0,2,0.0,0.0,1.0,0.0,0.0,151,26,0.17,0.03,0.0,0.0,0.0,0.0,0,4497.0
22,9,326,5202,0,1,12,0.0,0.0,1.0,0.0,0.0,31,255,1.0,0.0,0.04,0.0,0.0,0.0,0,120918.0
22,9,349,350,0,1,4,0.0,0.0,1.0,0.0,0.0,4,255,1.0,0.0,0.04,0.0,0.0,0.0,0,115025.0
17,9,7,268,0,0,1,0.0,0.0,1.0,0.0,0.0,157,8,0.05,0.04,0.0,0.0,0.0,0.0,0,56464.0
5,5,0,0,0,0,107,1.0,1.0,0.1,0.06,0.0,255,11,0.04,0.06,0.0,1.0,1.0,0.0,1,24109.0
11,9,46,46,0,0,16,0.0,0.0,1.0,0.0,0.08,255,255,1.0,0.0,0.0,0.0,0.0,0.0,0,67239.0
28,5,0,0,0,0,250,1.0,1.0,0.01,0.06,0.0,255,3,0.01,0.06,0.0,1.0,1.0,0.0,1,41468.0
22,9,288,269,0,1,18,0.0,0.0,1.0,0.0,0.12,255,255,1.0,0.0,0.0,0.0,0.0,0.0,0,56560.0
26,5,0,0,0,0,101,1.0,1.0,0.17,0.06,0.0,255,17,0.07,0.08,0.0,1.0,1.0,0.0,1,97171.0
40,9,146,105,0,0,4,0.0,0.0,0.5,0.5,0.0,248,2,0.01,0.59,0.0,0.0,0.0,0.0,0,61999.0
45,5,0,0,0,0,188,1.0,1.0,0.09,0.05,0.0,255,6,0.02,0.07,0.0,1.0,1.0,0.0,1,62019.0
45,5,0,0,0,0,135,1.0,1.0,0.07,0.06,0.0,255,4,0.02,0.06,0.0,1.0,1.0,0.0,1,22559.0
31,5,0,0,0,0,241,1.0,1.0,0.06,0.06,0.0,255,2,0.01,0.09,0.0,1.0,1.0,0.0,1,46544.0
5,5,0,0,0,0,128,1.0,1.0,0.05,0.05,0.0,255,7,0.03,0.05,0.0,1.0,1.0,0.0,1,58298.0
22,9,230,9534,0,1,1,0.0,0.0,1.0,0.0,0.0,255,255,1.0,0.0,0.0,0.0,0.0,0.0,0,50906.0
45,1,0,0,0,0,116,0.0,0.0,0.08,0.08,0.0,141,9,0.06,0.08,0.0,0.0,0.0,1.0,1,87475.0
30,5,0,0,0,0,130,1.0,1.0,0.12,0.07,0.0,255,6,0.02,0.07,0.0,1.0,1.0,0.0,1,58299.0
22,7,162,0,0,1,1,1.0,1.0,1.0,0.0,0.0,26,255,1.0,0.0,0.04,0.04,0.01,0.01,1,26917.0
58,9,181,0,0,0,2,0.0,0.0,0.5,1.0,0.0,255,109,0.43,0.01,0.0,0.0,0.0,0.0,0,55938.0
45,5,0,0,0,0,173,1.0,1.0,0.01,0.06,0.0,255,15,0.06,0.08,0.0,1.0,1.0,0.0,1,10377.0
22,1,0,0,0,0,1,0.0,0.0,1.0,0.0,0.0,1,80,1.0,0.0,0.2,0.0,0.0,1.0,0,9006.0
20,5,0,0,0,0,210,1.0,1.0,0.03,0.09,0.0,255,6,0.02,0.08,0.0,1.0,1.0,0.0,1,35531.0
33,5,0,0,0,0,197,1.0,1.0,0.02,0.07,0.0,255,4,0.02,0.08,0.0,1.0,1.0,0.0,1,87658.0
19,9,3541,0,0,0,1,0.0,0.0,1.0,0.0,0.0,235,34,0.13,0.02,0.06,0.0,0.0,0.0,0,75410.0
45,5,0,0,0,0,24,1.0,1.0,0.17,0.12,0.0,255,18,0.07,0.07,0.0,1.0,1.0,0.0,1,50302.0
11,9,42,42,0,0,6,0.0,0.0,1.0,0.0,0.14,204,202,0.99,0.01,0.0,0.0,0.0,0.0,0,108745.0
22,9,223,338,0,1,6,0.0,0.0,1.0,0.0,0.25,6,255,1.0,0.0,0.06,0.0,0.0,0.0,0,3776.0
45,2,0,0,0,0,190,0.0,0.0,0.1,0.06,0.0,255,19,0.07,0.07,0.0,0.0,0.0,1.0,1,45215.0
22,9,306,541,0,1,14,0.0,0.0,1.0,0.0,0.0,166,255,1.0,0.0,0.02,0.0,0.0,0.0,0,13082.0
22,9,222,99068,0,1,6,0.0,0.0,1.0,0.0,0.0,6,255,1.0,0.0,0.02,0.0,0.0,0.0,0,55839.0
45,5,0,0,0,0,292,1.0,1.0,0.04,0.05,0.0,255,3,0.01,0.06,0.0,1.0,1.0,0.0,1,17933.0
22,9,297,835,0,1,19,0.0,0.0,1.0,0.0,0.12,255,255,1.0,0.0,0.0,0.0,0.0,0.0,0,69163.0
19,9,740,0,0,1,2,0.0,0.0,1.0,0.0,0.0,20,75,0.4,0.1,0.03,0.0,0.0,0.0,0,27786.0
19,9,567,0,0,1,1,0.0,0.0,1.0,0.0,0.0,26,56,0.04,0.12,0.05,0.0,0.0,0.0,0,107375.0
22,9,209,1203,0,1,23,0.0,0.0,1.0,0.0,0.07,23,251,1.0,0.0,0.05,0.0,0.0,0.0,0,109025.0
13,9,8,0,0,0,1,0.0,0.0,1.0,0.0,1.0,227,30,0.01,0.03,0.97,0.0,0.0,0.0,0,9807.0
54,1,0,0,0,0,293,0.0,0.0,0.06,0.05,0.0,255,19,0.07,0.07,0.0,0.0,0.0,1.0,1,59731.0
45,5,0,0,0,0,215,1.0,1.0,0.0,0.05,0.0,156,1,0.01,0.08,0.0,0.91,1.0,0.0,1,45484.0
45,9,1,0,0,0,11,0.0,0.0,0.36,0.18,0.0,255,70,0.27,0.16,0.0,0.0,0.0,0.0,1,109871.0
13,9,8,0,0,0,1,0.0,0.0,1.0,0.0,1.0,1,133,1.0,0.0,0.5,0.0,0.0,0.0,1,17379.0
45,5,0,0,0,0,191,1.0,1.0,0.02,0.07,0.0,255,2,0.01,0.08,0.0,1.0,1.0,0.0,1,21251.0
22,9,224,278,0,1,10,0.0,0.0,1.0,0.0,0.18,255,255,1.0,0.0,0.0,0.0,0.0,0.0,0,72283.0
58,9,182,0,0,0,2,0.0,0.0,0.5,1.0,0.0,255,4,0.02,0.01,0.0,0.0,0.0,0.0,0,54626.0
56,2,0,0,0,0,288,0.0,0.0,0.07,0.06,0.0,255,20,0.08,0.07,0.0,0.0,0.0,1.0,1,70313.0
55,9,6664,15661,0,1,1,0.0,0.0,1.0,0.0,0.0,255,29,0.11,0.05,0.0,0.3,0.0,0.14,0,73134.0
40,1,0,0,0,0,511,0.14,0.0,0.0,1.0,0.0,255,1,0.0,1.0,0.0,0.13,0.0,1.0,1,11834.0
40,9,145,105,0,0,1,0.0,0.0,1.0,0.0,0.0,255,4,0.02,0.66,0.0,0.0,0.0,0.0,0,72797.0
14,9,1032,0,0,0,511,0.0,0.0,1.0,0.0,0.0,255,183,0.72,0.16,0.0,0.0,0.0,0.0,1,40963.0
11,9,45,82,0,0,203,0.0,0.0,1.0,0.01,0.01,255,254,1.0,0.01,0.0,0.0,0.0,0.0,0,97761.0
22,9,310,996,0,1,4,0.0,0.0,1.0,0.0,0.09,74,255,1.0,0.0,0.03,0.0,0.0,0.0,0,73343.0
40,9,146,105,0,0,1,0.0,0.0,1.0,0.0,0.0,255,1,0.0,0.55,0.0,0.0,0.0,0.0,0,62235.0
22,9,210,24969,0,1,18,0.0,0.0,1.0,0.0,0.0,18,255,1.0,0.0,0.04,0.0,0.0,0.0,0,76493.0
45,5,0,0,0,0,22,1.0,1.0,0.18,0.14,0.0,255,19,0.07,0.07,0.0,1.0,1.0,0.0,1,26352.0
40,5,0,0,0,0,511,0.12,1.0,0.0,1.0,0.0,255,1,0.0,1.0,0.0,0.12,1.0,0.0,1,50930.0
2,5,0,0,0,0,272,1.0,1.0,0.02,0.05,0.0,255,6,0.02,0.05,0.0,1.0,1.0,0.0,1,1067.0
45,5,0,0,0,0,280,1.0,1.0,0.06,0.06,0.0,255,20,0.08,0.08,0.0,1.0,1.0,0.0,1,82837.0
17,9,9,223,0,0,1,0.0,0.0,1.0,0.0,0.0,255,14,0.05,0.02,0.0,0.0,0.07,0.0,0,125361.0
19,9,10261,0,0,1,2,0.0,0.0,1.0,0.0,0.0,169,82,0.49,0.04,0.0,0.0,0.0,0.0,0,40177.0
22,9,300,1444,0,1,7,0.0,0.0,1.0,0.0,0.0,31,255,1.0,0.0,0.06,0.0,0.0,0.0,0,1393.0
40,5,0,0,0,0,260,1.0,1.0,0.03,0.06,0.0,255,19,0.07,0.07,0.0,1.0,1.0,0.0,1,92745.0
22,9,214,1400,0,1,44,0.0,0.0,1.0,0.0,0.0,255,255,1.0,0.0,0.0,0.0,0.0,0.0,0,79919.0
17,5,0,0,0,0,117,1.0,1.0,0.04,0.06,0.0,255,5,0.02,0.07,0.0,1.0,1.0,0.0,1,15960.0
45,1,0,0,0,0,93,0.0,0.0,0.04,0.06,0.0,255,2,0.01,0.06,0.0,0.0,0.0,1.0,1,23510.0
11,9,42,42,0,0,7,0.0,0.0,1.0,0.0,0.15,95,95,1.0,0.0,0.0,0.0,0.0,0.0,0,23139.0
45,9,1,0,0,0,12,0.0,0.0,0.08,0.17,0.0,255,24,0.09,0.2,0.0,0.0,0.0,0.0,1,423.0
22,9,308,186,0,1,13,0.0,0.0,1.0,0.0,0.25,30,255,1.0,0.0,0.04,0.0,0.0,0.0,0,18442.0
22,9,285,5790,0,1,20,0.0,0.0,1.0,0.0,0.11,182,255,1.0,0.0,0.01,0.0,0.0,0.0,0,4138.0
22,9,321,1374,0,1,2,0.0,0.0,1.0,0.0,0.0,255,255,1.0,0.0,0.0,0.0,0.0,0.0,0,97051.0
45,5,0,0,0,0,158,1.0,1.0,0.08,0.06,0.0,255,1,0.0,0.08,0.0,1.0,1.0,0.0,1,86536.0
22,9,309,398,0,1,3,0.0,0.0,1.0,0.0,0.1,255,255,1.0,0.0,0.0,0.0,0.0,0.0,0,110864.0
49,9,1681,531,0,1,1,0.0,0.0,1.0,0.0,0.0,28,151,0.93,0.11,0.01,0.0,0.0,0.0,0,118460.0
22,9,294,810,0,1,24,0.0,0.0,1.0,0.0,0.08,177,255,1.0,0.0,0.01,0.0,0.0,0.0,0,72974.0
19,5,0,0,0,0,56,1.0,1.0,0.23,0.07,0.0,255,46,0.18,0.05,0.0,1.0,1.0,0.0,1,57281.0
22,9,170,5057,0,1,8,0.0,0.0,1.0,0.0,0.3,25,255,1.0,0.0,0.02,0.0,0.0,0.0,0,86854.0
45,5,0,0,0,0,26,1.0,1.0,0.31,0.19,0.0,255,10,0.04,0.09,0.0,1.0,1.0,0.0,1,4050.0
27,5,0,0,0,0,16,1.0,1.0,0.06,0.12,0.0,255,10,0.04,0.06,0.0,1.0,1.0,0.0,1,50250.0
11,9,44,130,0,0,279,0.0,0.0,1.0,0.0,0.0,255,253,0.99,0.01,0.0,0.0,0.0,0.0,0,94570.0
22,9,214,3173,0,1,7,0.0,0.0,1.0,0.0,0.0,21,255,1.0,0.0,0.04,0.0,0.0,0.0,0,50880.0
11,9,46,84,0,0,176,0.0,0.0,1.0,0.0,0.0,255,227,0.89,0.01,0.0,0.0,0.0,0.0,0,56866.0
22,9,224,12884,0,1,9,0.0,0.0,1.0,0.0,0.0,203,203,1.0,0.0,0.0,0.0,0.0,0.0,0,25713.0
40,9,516,4,0,0,276,0.0,0.0,1.0,0.0,0.0,255,255,1.0,0.0,0.0,0.0,0.0,0.0,0,30013.0
9,5,0,0,0,0,261,1.0,1.0,0.04,0.05,0.0,255,11,0.04,0.05,0.0,1.0,1.0,0.0,1,64454.0
45,5,0,0,0,0,298,1.0,1.0,0.07,0.06,0.0,255,12,0.05,0.08,0.0,1.0,1.0,0.0,1,9953.0
45,5,0,0,0,0,125,1.0,1.0,0.12,0.06,0.0,127,15,0.12,0.07,0.0,1.0,1.0,0.0,1,116123.0
19,9,245,0,0,0,3,0.0,0.0,0.67,0.67,0.0,99,68,0.32,0.06,0.03,0.0,0.0,0.0,0,168.0
22,9,54540,8314,0,1,4,0.0,0.0,1.0,0.0,0.5,113,113,1.0,0.0,0.0,0.0,0.0,0.04,0,71676.0
11,9,46,132,0,0,216,0.0,0.0,1.0,0.0,0.01,141,102,0.72,0.02,0.0,0.0,0.0,0.0,0,55535.0
22,9,273,985,0,1,9,0.0,0.0,1.0,0.0,0.0,255,255,1.0,0.0,0.0,0.0,0.0,0.0,0,4479.0
45,1,0,0,0,0,3,0.0,0.0,0.33,1.0,0.0,255,1,0.0,0.12,0.0,0.49,0.0,1.0,1,118117.0
54,5,0,0,0,0,281,1.0,1.0,0.08,0.05,0.0,255,22,0.09,0.05,0.0,1.0,1.0,0.0,1,7038.0
22,9,226,9284,0,1,13,0.0,0.0,1.0,0.0,0.0,255,255,1.0,0.0,0.0,0.01,0.01,0.02,0,117184.0
45,4,0,0,0,0,1,0.0,0.0,1.0,0.0,0.0,190,1,0.01,0.48,0.0,0.0,0.0,1.0,1,67983.0
22,9,255,493,0,1,9,0.22,0.22,1.0,0.0,0.0,255,255,1.0,0.0,0.0,0.0,0.0,0.0,0,1590.0
51,5,0,0,0,0,74,1.0,1.0,0.22,0.05,0.0,255,8,0.03,0.07,0.0,1.0,1.0,0.0,1,112347.0
22,9,283,6614,0,1,4,0.0,0.0,1.0,0.0,0.0,255,255,1.0,0.0,0.0,0.0,0.0,0.0,0,3763.0
22,9,220,4265,0,1,32,0.0,0.0,1.0,0.0,0.0,67,111,1.0,0.0,0.04,0.0,0.0,0.0,0,41775.0
14,9,520,0,0,0,332,0.0,0.0,1.0,0.0,0.0,255,255,1.0,0.0,0.0,0.0,0.0,0.0,1,37511.0
11,9,46,85,0,0,187,0.0,0.0,0.99,0.01,0.01,255,242,0.95,0.01,0.0,0.0,0.0,0.0,0,103818.0
55,9,739,23208,0,1,1,0.0,0.0,1.0,0.0,0.0,255,52,0.2,0.02,0.0,0.51,0.63,0.0,0,94190.0
40,4,1,0,0,0,2,0.0,0.0,1.0,0.0,0.0,255,2,0.01,0.74,0.0,0.0,0.0,1.0,1,120335.0
58,9,181,0,0,0,2,0.0,0.0,0.5,1.0,0.0,255,20,0.08,0.01,0.0,0.0,0.0,0.0,0,15193.0
22,9,312,1198,0,1,3,0.0,0.0,1.0,0.0,0.0,255,255,1.0,0.0,0.0,0.0,0.0,0.0,0,114907.0
14,9,1032,0,0,0,511,0.0,0.0,1.0,0.0,0.0,255,67,0.26,0.02,0.0,0.02,0.0,0.0,1,34903.0
31,1,0,0,0,0,246,0.0,0.0,0.02,0.07,0.0,255,6,0.02,0.08,0.0,0.0,0.0,1.0,1,75038.0
45,5,0,0,0,0,234,1.0,1.0,0.06,0.06,0.0,255,15,0.06,0.07,0.0,1.0,1.0,0.0,1,104950.0
22,9,243,263,0,1,11,0.0,0.0,1.0,0.0,0.2,255,255,1.0,0.0,0.0,0.0,0.0,0.0,0,61478.0
22,9,215,288,0,1,9,0.0,0.0,1.0,0.0,0.14,173,255,1.0,0.0,0.02,0.0,0.0,0.0,0,80071.0
31,1,0,0,0,0,272,0.0,0.0,0.03,0.06,0.0,255,7,0.03,0.07,0.0,0.0,0.0,1.0,1,5584.0
18,9,1504,4152,0,1,1,0.0,0.0,1.0,0.0,0.0,181,20,0.11,0.04,0.0,0.01,0.0,0.0,0,7493.0
27,5,0,0,0,0,121,1.0,1.0,0.16,0.06,0.0,255,10,0.04,0.06,0.0,1.0,1.0,0.0,1,8127.0
8,5,0,0,0,0,296,1.0,1.0,0.08,0.05,0.0,255,24,0.09,0.05,0.0,1.0,1.0,0.0,1,94274.0
45,5,0,0,0,0,144,1.0,1.0,0.13,0.05,0.0,255,10,0.04,0.05,0.0,1.0,1.0,0.0,1,37960.0
20,1,0,0,0,0,231,0.0,0.0,0.04,0.06,0.0,255,10,0.04,0.07,0.0,0.0,0.0,1.0,1,121208.0
49,9,1436,433,0,1,1,0.0,0.0,1.0,0.0,0.0,22,199,0.77,0.18,0.01,0.0,0.0,0.0,0,18233.0
22,9,243,191,0,1,2,0.5,0.5,1.0,0.0,0.0,255,255,1.0,0.0,0.0,0.0,0.0,0.0,0,14183.0
11,9,43,127,0,0,2,0.0,0.0,1.0,0.0,0.09,255,251,0.98,0.01,0.0,0.0,0.0,0.0,0,37087.0
22,9,54540,8314,0,1,3,0.0,0.0,1.0,0.0,0.0,72,72,1.0,0.0,0.0,0.0,0.0,0.19,0,118768.0
34,1,0,0,0,0,154,0.0,0.0,0.01,0.07,0.0,255,2,0.01,0.07,0.0,0.0,0.0,1.0,1,79834.0
22,9,232,9743,0,1,1,0.0,0.0,1.0,0.0,0.0,83,255,1.0,0.0,0.06,0.0,0.0,0.0,0,83272.0
18,9,1242,2449,0,1,1,0.0,0.0,1.0,0.0,0.0,255,63,0.25,0.02,0.0,0.0,0.0,0.0,0,46679.0
45,5,0,0,0,0,189,1.0,1.0,0.1,0.06,0.0,255,18,0.07,0.08,0.0,1.0,1.0,0.0,1,4639.0
49,9,11133,1550,0,1,1,0.0,0.0,1.0,0.0,0.0,255,59,0.23,0.06,0.0,0.58,0.0,0.0,0,125493.0
22,9,299,266,0,1,6,0.0,0.0,1.0,0.0,0.07,157,255,1.0,0.0,0.02,0.0,0.0,0.0,0,3376.0
55,9,882,91068,0,1,1,0.0,0.0,1.0,0.0,0.0,16,5,0.31,0.19,0.0,0.0,0.0,0.0,0,42222.0
11,9,44,80,0,0,155,0.0,0.0,1.0,0.0,0.0,255,226,0.89,0.01,0.0,0.0,0.0,0.0,0,116158.0
11,9,46,128,0,0,19,0.0,0.0,1.0,0.0,0.03,255,238,0.93,0.01,0.0,0.0,0.0,0.0,0,866.0
22,9,236,762,0,1,37,0.0,0.0,1.0,0.0,0.0,255,255,1.0,0.0,0.0,0.0,0.0,0.0,0,81170.0
22,9,314,701,0,1,7,0.0,0.0,1.0,0.0,0.0,255,255,1.0,0.0,0.0,0.0,0.0,0.0,0,83379.0
22,9,221,1355,0,1,21,0.0,0.0,1.0,0.0,0.09,34,255,1.0,0.0,0.02,0.0,0.0,0.0,0,6336.0
31,1,0,0,0,0,289,0.0,0.0,0.05,0.06,0.0,255,15,0.06,0.07,0.0,0.0,0.0,1.0,1,48375.0
22,9,301,2507,0,1,3,0.0,0.0,1.0,0.0,0.5,250,250,1.0,0.0,0.0,0.0,0.0,0.0,0,39185.0
43,9,122,11243,0,1,1,0.0,0.0,1.0,0.0,0.0,39,2,0.03,0.1,1.0,0.0,0.0,0.0,0,87914.0
25,5,0,0,0,0,296,1.0,1.0,0.03,0.05,0.0,255,10,0.04,0.05,0.0,1.0,1.0,0.0,1,59290.0
45,5,0,0,0,0,223,1.0,1.0,0.08,0.06,0.0,255,18,0.07,0.08,0.0,1.0,1.0,0.0,1,65042.0
18,5,0,0,0,0,211,1.0,1.0,0.11,0.06,0.0,255,24,0.09,0.05,0.0,1.0,1.0,0.0,1,3057.0
45,5,0,0,0,0,104,1.0,1.0,0.12,0.06,0.0,255,16,0.06,0.07,0.0,1.0,1.0,0.0,1,106447.0
45,5,0,0,0,0,113,1.0,1.0,0.02,0.06,0.0,255,3,0.01,0.06,0.0,1.0,1.0,0.0,1,70493.0
61,1,0,0,0,0,105,0.0,0.0,0.03,0.07,0.0,255,3,0.01,0.09,0.0,0.0,0.0,1.0,1,56897.0
22,9,216,294,0,1,14,0.0,0.0,1.0,0.0,0.05,42,255,1.0,0.0,0.03,0.0,0.0,0.0,0,49965.0
40,9,516,4,0,0,332,0.0,0.0,1.0,0.0,0.0,255,255,1.0,0.0,0.0,0.0,0.0,0.0,0,66676.0
25,1,0,0,0,0,214,0.0,0.0,0.09,0.06,0.0,255,19,0.07,0.07,0.0,0.0,0.0,1.0,1,71419.0
11,9,46,128,0,0,289,0.0,0.0,1.0,0.0,0.0,255,251,0.98,0.01,0.0,0.0,0.0,0.0,0,13348.0
45,5,0,0,0,0,254,1.0,1.0,0.04,0.06,0.0,255,20,0.08,0.05,0.0,1.0,1.0,0.0,1,19037.0
22,9,243,857,0,1,24,0.0,0.0,1.0,0.0,0.0,255,255,1.0,0.0,0.0,0.0,0.0,0.0,0,51681.0
49,9,11895,1359,0,1,1,0.0,0.0,1.0,0.0,1.0,201,134,0.67,0.02,0.0,0.0,0.0,0.0,0,15713.0
40,9,146,105,0,0,1,0.0,0.0,1.0,0.0,0.0,255,1,0.0,0.71,0.0,0.0,0.0,0.0,0,51222.0
13,9,8,0,0,0,1,0.0,0.0,1.0,0.0,1.0,1,129,1.0,0.0,0.51,0.0,0.0,0.0,1,40196.0
22,9,203,1155,0,1,6,0.0,0.0,1.0,0.0,0.08,50,255,1.0,0.0,0.03,0.0,0.01,0.0,0,93406.0
16,5,0,0,0,0,19,1.0,1.0,0.58,0.11,0.0,255,11,0.04,0.07,0.0,1.0,1.0,0.0,1,60540.0
22,9,307,1492,0,1,30,0.0,0.0,1.0,0.0,0.0,255,255,1.0,0.0,0.0,0.0,0.0,0.0,0,22678.0
11,9,43,130,0,0,218,0.0,0.0,1.0,0.01,0.01,220,181,0.82,0.01,0.0,0.0,0.0,0.0,0,32453.0
22,9,213,8487,0,1,11,0.0,0.0,1.0,0.0,0.23,11,255,1.0,0.0,0.02,0.0,0.0,0.0,0,16998.0
45,1,0,0,0,0,89,0.0,0.0,0.15,0.07,0.0,255,13,0.05,0.07,0.0,0.0,0.0,1.0,1,77540.0
61,5,0,0,0,0,209,1.0,1.0,0.0,0.06,0.0,255,19,0.07,0.07,0.0,1.0,1.0,0.0,1,67702.0
22,9,210,273,0,1,10,0.0,0.0,1.0,0.0,0.0,35,255,1.0,0.0,0.08,0.0,0.0,0.0,0,113037.0
11,9,43,133,0,0,207,0.0,0.0,1.0,0.0,0.0,255,251,0.98,0.01,0.0,0.0,0.0,0.0,0,82705.0
22,9,336,1248,0,1,5,0.0,0.0,1.0,0.0,0.22,255,255,1.0,0.0,0.0,0.0,0.0,0.0,0,82912.0
13,9,8,0,0,0,1,0.0,0.0,1.0,0.0,1.0,2,44,1.0,0.0,0.5,0.0,0.0,0.0,1,48679.0
24,5,0,0,0,0,275,1.0,1.0,0.07,0.06,0.0,255,10,0.04,0.06,0.0,1.0,1.0,0.0,1,20443.0
22,9,204,28271,0,1,5,0.0,0.0,1.0,0.0,0.08,5,255,1.0,0.0,0.02,0.0,0.0,0.0,0,110574.0
45,9,28,0,3,0,18,0.0,0.0,1.0,0.0,0.0,221,18,0.08,0.05,0.0,0.02,0.0,0.0,1,19013.0
22,9,168,35008,0,1,1,0.0,0.0,1.0,0.0,0.0,255,255,1.0,0.0,0.0,0.0,0.0,0.0,0,43783.0
11,9,42,42,0,0,9,0.0,0.0,1.0,0.0,0.21,255,247,0.97,0.01,0.0,0.0,0.0,0.0,0,32469.0
18,9,330,1072,0,1,1,0.0,0.0,1.0,0.0,0.0,232,60,0.26,0.31,0.0,0.0,0.0,0.02,0,43008.0
49,9,804,334,0,1,1,0.0,0.0,1.0,0.0,1.0,60,155,0.8,0.05,0.01,0.0,0.0,0.04,0,48288.0
22,9,218,2575,0,1,1,0.0,0.0,1.0,0.0,0.22,19,255,1.0,0.0,0.03,0.0,0.0,0.0,0,28639.0
14,9,520,0,0,0,42,0.0,0.0,1.0,0.0,0.0,255,255,1.0,0.0,0.0,0.0,0.0,0.0,1,93496.0
22,9,253,386,0,1,3,0.33,0.33,1.0,0.0,0.0,255,255,1.0,0.0,0.0,0.01,0.01,0.0,0,117159.0
13,9,8,0,0,0,1,0.0,0.0,1.0,0.0,1.0,1,29,1.0,0.0,0.52,0.0,0.0,0.0,1,102339.0
40,9,146,105,0,0,2,0.0,0.0,1.0,0.0,0.0,255,2,0.01,0.53,0.0,0.0,0.0,0.0,0,47160.0
22,9,323,814,0,1,5,0.0,0.0,1.0,0.0,0.12,94,255,1.0,0.0,0.02,0.0,0.0,0.0,0,57526.0
22,9,204,746,0,1,9,0.0,0.0,1.0,0.0,0.27,117,255,1.0,0.0,0.02,0.0,0.0,0.0,0,58715.0
45,5,0,0,0,0,42,1.0,1.0,0.33,0.12,0.0,255,14,0.05,0.07,0.0,1.0,1.0,0.0,1,66458.0
45,9,105,146,0,0,2,0.0,0.0,1.0,0.0,0.0,255,243,0.95,0.01,0.0,0.0,0.0,0.0,0,7501.0
62,5,0,0,0,0,203,1.0,1.0,0.0,0.06,0.0,255,2,0.01,0.09,0.0,1.0,1.0,0.0,1,15184.0
22,9,303,437,0,1,13,0.0,0.0,1.0,0.0,0.0,255,255,1.0,0.0,0.0,0.0,0.0,0.0,0,38308.0
11,9,45,130,0,0,66,0.0,0.0,1.0,0.0,0.01,255,255,1.0,0.0,0.0,0.0,0.0,0.0,0,97133.0
22,9,165,3615,0,1,2,0.0,0.0,1.0,0.0,0.75,4,255,1.0,0.0,0.05,0.0,0.01,0.0,0,98233.0
45,5,0,0,0,0,292,1.0,1.0,0.05,0.05,0.0,255,6,0.02,0.07,0.0,1.0,1.0,0.0,1,123033.0
22,9,226,7897,0,1,19,0.0,0.0,1.0,0.0,0.1,19,255,1.0,0.0,0.05,0.0,0.0,0.0,0,21807.0
17,9,5,217,0,0,1,0.0,0.0,1.0,0.0,0.0,106,12,0.04,0.02,0.25,0.0,0.0,0.0,0,121090.0
36,5,0,0,0,0,182,1.0,1.0,0.13,0.04,0.0,255,23,0.09,0.05,0.0,1.0,1.0,0.0,1,30902.0
10,5,0,0,0,0,99,1.0,1.0,0.09,0.06,0.0,255,7,0.03,0.08,0.0,1.0,1.0,0.0,1,103314.0
19,9,383,0,0,0,2,0.0,0.0,1.0,0.0,0.0,49,3,0.06,0.08,0.0,0.0,0.0,0.0,0,54455.0
11,9,44,131,0,0,91,0.0,0.0,1.0,0.0,0.01,255,255,1.0,0.0,0.0,0.0,0.0,0.0,0,98010.0
22,9,229,1221,0,1,2,0.0,0.0,1.0,0.0,0.0,6,255,1.0,0.0,0.06,0.0,0.0,0.0,0,99492.0
45,1,0,0,0,0,104,0.0,0.0,0.12,0.08,0.0,255,12,0.05,0.06,0.0,0.0,0.0,1.0,1,59135.0
22,9,340,2743,0,1,6,0.0,0.0,1.0,0.0,0.0,255,255,1.0,0.0,0.0,0.0,0.0,0.0,0,81574.0
44,5,0,0,0,0,122,1.0,1.0,0.06,0.06,0.0,255,7,0.03,0.07,0.0,1.0,1.0,0.0,1,108919.0
18,9,918,2720,0,1,1,0.0,0.0,1.0,0.0,0.0,255,58,0.23,0.02,0.0,0.0,0.0,0.0,0,52182.0
45,5,0,0,0,0,244,1.0,1.0,0.05,0.06,0.0,255,12,0.05,0.07,0.0,1.0,1.0,0.0,1,68765.0
22,9,321,1735,0,1,7,0.0,0.0,1.0,0.0,0.25,204,255,1.0,0.0,0.01,0.0,0.0,0.0,0,21042.0
22,9,262,287,0,1,3,0.0,0.0,0.67,0.67,0.0,255,248,0.97,0.01,0.0,0.0,0.0,0.0,0,98466.0
59,5,0,0,0,0,118,1.0,1.0,0.07,0.06,0.0,255,8,0.03,0.05,0.0,1.0,1.0,0.0,1,11534.0
14,9,1032,0,0,0,511,0.0,0.0,1.0,0.0,0.0,255,175,0.69,0.16,0.0,0.0,0.0,0.0,1,14033.0
11,9,45,135,0,0,165,0.0,0.0,1.0,0.0,0.0,90,51,0.57,0.03,0.0,0.0,0.0,0.0,0,6293.0
22,9,231,15815,0,1,1,0.0,0.0,1.0,0.0,1.0,2,255,1.0,0.0,0.04,0.0,0.0,0.0,0,33211.0
45,5,0,0,0,0,295,1.0,1.0,0.07,0.05,0.0,255,13,0.05,0.06,0.0,1.0,1.0,0.0,1,68250.0
22,1,0,0,0,0,1,0.0,0.0,1.0,0.0,0.0,4,255,1.0,0.0,0.31,0.0,0.0,1.0,0,71388.0
49,9,866,329,0,1,1,0.0,0.0,1.0,0.0,0.0,57,170,0.58,0.07,0.01,0.0,0.0,0.0,0,5705.0
45,9,1,0,0,0,14,0.0,0.0,1.0,0.0,0.0,255,85,0.33,0.09,0.0,0.0,0.0,0.0,1,103484.0
7,1,0,0,0,0,138,0.0,0.0,0.1,0.07,0.0,255,14,0.05,0.07,0.0,0.0,0.0,1.0,1,39614.0
59,5,0,0,0,0,136,1.0,1.0,0.17,0.04,0.0,255,23,0.09,0.04,0.0,1.0,1.0,0.0,1,76411.0
14,9,1032,0,0,0,511,0.0,0.0,1.0,0.0,0.0,255,218,0.85,0.02,0.0,0.0,0.0,0.0,1,111176.0
40,1,0,0,0,0,509,0.1,0.0,0.0,1.0,0.0,255,1,0.0,1.0,0.0,0.13,0.0,1.0,1,90333.0
45,5,0,0,0,0,74,1.0,1.0,0.01,0.07,0.0,255,13,0.05,0.05,0.0,1.0,1.0,0.0,1,62620.0
22,9,251,15764,0,1,1,0.0,0.0,1.0,0.0,1.0,28,255,1.0,0.0,0.01,0.0,0.0,0.0,0,10644.0
22,9,308,5191,0,1,1,0.0,0.0,1.0,0.0,0.0,13,255,1.0,0.0,0.04,0.0,0.0,0.0,0,77361.0
16,5,0,0,0,0,140,1.0,1.0,0.13,0.06,0.0,255,18,0.07,0.07,0.0,1.0,1.0,0.0,1,74437.0
11,9,46,140,0,0,313,0.0,0.0,1.0,0.01,0.0,255,227,0.89,0.01,0.0,0.0,0.0,0.0,0,117339.0
22,9,230,2507,0,1,2,0.0,0.0,1.0,0.0,0.0,255,239,0.94,0.02,0.0,0.0,0.0,0.0,0,79010.0
45,9,1,0,0,0,20,0.0,0.0,0.25,0.15,0.0,255,5,0.02,0.91,0.0,0.16,0.0,0.0,1,36337.0
45,1,0,0,0,0,216,0.0,0.0,0.06,0.06,0.0,255,12,0.05,0.06,0.0,0.0,0.0,1.0,1,13133.0
19,9,172,0,0,0,1,0.0,0.0,1.0,0.0,0.0,151,23,0.11,0.03,0.09,0.0,0.0,0.0,0,12809.0
13,9,8,0,0,0,1,0.0,0.0,1.0,0.0,1.0,2,58,1.0,0.0,0.5,0.0,0.0,0.0,1,55845.0
45,9,215,0,0,0,1,0.0,0.0,1.0,0.0,0.0,187,155,0.83,0.01,0.0,0.0,0.0,0.0,0,61282.0
18,9,887,2586,0,1,1,0.0,0.0,1.0,0.0,0.0,185,40,0.22,0.04,0.0,0.0,0.0,0.03,0,60902.0
45,9,28,0,3,0,98,0.0,0.0,1.0,0.0,0.0,255,98,0.38,0.01,0.0,0.0,0.0,0.0,1,31830.0
22,9,196,1532,0,1,6,0.0,0.0,1.0,0.0,0.0,255,255,1.0,0.0,0.0,0.0,0.0,0.0,0,37835.0
56,8,1,4,0,0,1,1.0,1.0,1.0,0.0,0.0,19,19,1.0,0.0,0.0,0.05,0.05,0.0,0,6469.0
7,5,0,0,0,0,208,1.0,1.0,0.09,0.07,0.0,255,19,0.07,0.07,0.0,1.0,1.0,0.0,1,76955.0
19,9,0,2890,0,0,1,0.0,0.1,1.0,0.0,0.2,128,86,0.19,0.1,0.02,0.02,0.05,0.0,0,45586.0
22,9,279,9317,0,1,6,0.0,0.0,1.0,0.0,0.2,255,255,1.0,0.0,0.0,0.0,0.0,0.0,0,90711.0
4,5,0,0,0,0,234,1.0,1.0,0.02,0.06,0.0,255,5,0.02,0.06,0.0,1.0,1.0,0.0,1,73163.0
61,5,0,0,0,0,228,1.0,1.0,0.04,0.06,0.0,255,8,0.03,0.06,0.0,1.0,1.0,0.0,1,29297.0
56,5,0,0,0,0,268,1.0,1.0,0.04,0.06,0.0,255,10,0.04,0.06,0.0,1.0,1.0,0.0,1,33754.0
19,5,0,0,0,0,61,1.0,1.0,0.23,0.07,0.0,255,42,0.16,0.04,0.0,1.0,1.0,0.0,1,5519.0
51,5,0,0,0,0,225,1.0,1.0,0.11,0.05,0.0,255,24,0.09,0.06,0.0,1.0,1.0,0.0,1,74973.0
45,5,0,0,0,0,106,1.0,1.0,0.06,0.08,0.0,255,5,0.02,0.07,0.0,1.0,1.0,0.0,1,104400.0
22,9,307,2000,0,1,5,0.0,0.0,1.0,0.0,0.0,124,255,1.0,0.0,0.03,0.0,0.0,0.0,0,82572.0
22,9,221,5521,0,1,6,0.0,0.0,1.0,0.0,0.0,6,255,1.0,0.0,0.02,0.0,0.0,0.0,0,87459.0
18,5,0,0,0,0,231,1.0,1.0,0.01,0.06,0.0,255,3,0.01,0.06,0.0,1.0,1.0,0.0,1,71440.0
12,5,0,0,0,0,263,1.0,1.0,0.09,0.05,0.0,255,23,0.09,0.05,0.0,1.0,1.0,0.0,1,97398.0
22,9,244,7332,0,1,6,0.0,0.0,1.0,0.0,0.29,255,255,1.0,0.0,0.0,0.0,0.0,0.0,0,94742.0
58,9,132,0,0,0,6,0.0,0.0,0.17,0.33,0.0,255,6,0.02,0.01,0.0,0.0,0.0,0.0,0,4131.0
11,9,45,45,0,0,109,0.0,0.0,1.0,0.0,0.0,255,255,1.0,0.0,0.0,0.0,0.0,0.0,0,59573.0
49,9,1304,332,0,1,1,0.0,0.0,1.0,0.0,0.0,52,138,0.69,0.12,0.01,0.0,0.0,0.0,0,3236.0
22,9,303,2239,0,1,4,0.0,0.0,1.0,0.0,0.0,255,234,0.92,0.01,0.0,0.0,0.0,0.0,0,125547.0
45,1,0,0,0,0,115,0.0,0.0,0.08,0.08,0.0,255,9,0.04,0.08,0.0,0.0,0.0,1.0,1,60983.0
45,1,0,0,0,0,320,0.03,0.0,0.0,1.0,0.0,255,1,0.0,1.0,0.0,0.04,0.0,1.0,1,6080.0
33,5,0,0,0,0,100,1.0,1.0,0.12,0.05,0.0,255,12,0.05,0.05,0.0,1.0,1.0,0.0,1,41544.0
24,5,0,0,0,0,247,1.0,1.0,0.01,0.06,0.0,255,3,0.01,0.07,0.0,1.0,1.0,0.0,1,84725.0
40,1,0,0,0,0,511,0.09,0.0,0.0,1.0,0.0,255,1,0.0,1.0,0.0,0.07,0.0,1.0,1,73484.0
13,9,8,0,0,0,1,0.0,0.0,1.0,0.0,1.0,4,20,1.0,0.0,0.25,0.0,0.0,0.0,1,72145.0
45,2,0,0,0,0,118,0.0,0.0,0.16,0.06,0.0,255,19,0.07,0.06,0.0,0.0,0.0,1.0,1,73533.0
45,5,0,0,0,0,136,1.0,1.0,0.15,0.06,0.0,255,36,0.14,0.05,0.0,1.0,1.0,0.0,1,38373.0
22,9,329,9720,0,1,6,0.0,0.0,1.0,0.0,0.15,9,255,1.0,0.0,0.05,0.0,0.0,0.0,0,56105.0
22,9,210,762,0,1,19,0.0,0.0,1.0,0.0,0.0,116,255,1.0,0.0,0.05,0.0,0.0,0.0,0,41762.0
22,9,212,9156,0,1,5,0.0,0.0,1.0,0.0,0.0,188,255,1.0,0.0,0.01,0.0,0.0,0.0,0,65047.0
22,9,338,11045,0,1,5,0.0,0.0,1.0,0.0,0.0,255,255,1.0,0.0,0.0,0.0,0.0,0.0,0,120494.0
22,9,204,3263,0,1,7,0.0,0.0,1.0,0.0,0.0,33,231,1.0,0.0,0.03,0.0,0.0,0.0,0,106346.0
58,9,183,0,0,0,4,0.0,0.0,0.75,0.5,0.0,255,12,0.05,0.01,0.0,0.0,0.0,0.0,0,93798.0
11,9,45,45,0,0,153,0.0,0.0,1.0,0.0,0.0,255,254,1.0,0.01,0.0,0.0,0.0,0.0,0,2985.0
11,9,44,128,0,0,18,0.0,0.0,1.0,0.0,0.03,255,254,1.0,0.01,0.0,0.0,0.0,0.0,0,3775.0
22,9,196,259,0,1,21,0.0,0.0,1.0,0.0,0.06,21,255,1.0,0.0,0.03,0.0,0.0,0.0,0,69240.0
22,9,282,1245,0,1,9,0.0,0.0,1.0,0.0,0.0,9,255,1.0,0.0,0.04,0.0,0.0,0.0,0,42121.0
11,9,46,132,0,0,133,0.0,0.0,1.0,0.0,0.01,255,255,1.0,0.0,0.0,0.0,0.0,0.0,0,118257.0
45,5,0,0,0,0,299,1.0,1.0,0.05,0.05,0.0,255,16,0.06,0.06,0.0,1.0,1.0,0.0,1,76409.0
49,9,1027,332,0,1,1,0.0,0.0,1.0,0.0,0.0,12,131,0.92,0.17,0.02,0.0,0.0,0.0,0,66078.0
19,9,7196,0,0,1,14,0.0,0.0,1.0,0.0,0.0,255,20,0.08,0.02,0.0,0.0,0.0,0.0,0,61104.0
19,9,334,0,0,1,2,0.0,0.0,1.0,0.0,0.0,7,44,1.0,0.0,0.07,0.0,0.02,0.0,0,89024.0
13,9,8,0,0,0,1,0.0,0.0,1.0,0.0,1.0,3,167,1.0,0.0,0.25,0.0,0.0,0.0,1,91135.0
34,5,0,0,0,0,284,1.0,1.0,0.07,0.05,0.0,255,21,0.08,0.05,0.0,1.0,1.0,0.0,1,121247.0
23,5,0,0,0,0,121,1.0,1.0,0.02,0.06,0.0,255,16,0.06,0.07,0.0,1.0,1.0,0.0,1,9372.0
40,4,1,0,0,0,2,0.0,0.0,1.0,0.0,0.0,255,2,0.01,0.73,0.0,0.0,0.0,1.0,1,47838.0
45,5,0,0,0,0,101,1.0,1.0,0.01,0.08,0.0,255,1,0.0,0.08,0.0,1.0,1.0,0.0,1,741.0
24,5,0,0,0,0,291,1.0,1.0,0.03,0.05,0.0,255,5,0.02,0.07,0.0,1.0,1.0,0.0,1,56358.0
22,9,236,2507,0,1,4,0.0,0.0,1.0,0.0,0.5,255,250,0.98,0.01,0.0,0.0,0.0,0.0,0,71544.0
22,1,0,0,0,0,1,0.0,0.0,1.0,0.0,0.0,55,250,1.0,0.0,0.13,0.0,0.0,1.0,0,31439.0
22,9,253,318,0,1,5,0.0,0.0,1.0,0.0,0.1,26,255,1.0,0.0,0.06,0.0,0.0,0.0,0,102440.0
22,9,307,731,0,1,2,0.0,0.0,1.0,0.0,0.15,82,255,1.0,0.0,0.05,0.0,0.0,0.0,0,68037.0
49,9,899,326,0,1,2,0.0,0.0,1.0,0.0,0.0,212,115,0.54,0.03,0.0,0.0,0.0,0.0,0,35825.0
19,5,0,0,0,0,5,1.0,1.0,0.2,0.4,0.0,255,69,0.27,0.02,0.0,1.0,1.0,0.0,1,122042.0
45,1,0,0,0,0,128,0.0,0.0,0.04,0.07,0.0,153,5,0.03,0.07,0.0,0.0,0.0,1.0,1,86197.0
22,9,209,1199,0,1,1,0.0,0.0,1.0,0.0,0.0,1,255,1.0,0.0,0.05,0.0,0.0,0.0,0,45342.0
30,5,0,0,0,0,138,1.0,1.0,0.12,0.06,0.0,255,17,0.07,0.05,0.0,1.0,1.0,0.0,1,89312.0
49,9,928,327,0,1,1,0.0,0.0,1.0,0.0,1.0,85,59,0.69,0.04,0.0,0.0,0.0,0.0,0,78237.0
55,6,223,12698,0,1,1,1.0,1.0,1.0,0.0,0.0,134,20,0.15,0.04,0.0,0.01,0.05,0.1,0,93071.0
62,1,0,0,0,0,231,0.0,0.0,0.07,0.06,0.0,255,16,0.06,0.07,0.0,0.0,0.0,1.0,1,63908.0
40,9,6601,0,0,1,18,0.06,0.0,0.06,0.28,0.0,55,1,0.02,0.15,0.0,0.02,0.0,0.0,0,52501.0
22,9,295,955,0,1,18,0.0,0.0,1.0,0.0,0.0,255,255,1.0,0.0,0.0,0.0,0.0,0.0,0,22886.0
60,5,0,0,0,0,201,1.0,1.0,0.0,0.06,0.0,255,19,0.07,0.06,0.0,1.0,1.0,0.0,1,23290.0
22,9,378,1769,0,1,2,0.0,0.0,1.0,0.0,0.13,123,255,1.0,0.0,0.02,0.0,0.0,0.0,0,97675.0
45,5,0,0,0,0,134,1.0,1.0,0.1,0.06,0.0,240,7,0.03,0.08,0.0,1.0,1.0,0.0,1,101479.0
22,9,316,3452,0,1,11,0.0,0.0,1.0,0.0,0.0,255,255,1.0,0.0,0.0,0.0,0.0,0.0,0,50065.0
38,5,0,0,0,0,287,1.0,1.0,0.01,0.05,0.0,255,3,0.01,0.05,0.0,1.0,1.0,0.0,1,29207.0
22,5,0,0,0,0,235,1.0,1.0,0.01,0.07,0.0,255,2,0.01,0.08,0.0,1.0,1.0,0.0,1,120277.0
19,9,59,0,0,1,8,0.0,0.0,1.0,0.0,0.0,156,55,0.24,0.04,0.04,0.0,0.0,0.0,0,101767.0
22,9,235,2239,0,1,3,0.0,0.0,1.0,0.0,0.0,255,250,0.98,0.01,0.0,0.0,0.0,0.0,0,25866.0
22,9,294,1875,0,1,13,0.0,0.0,1.0,0.0,0.0,87,255,1.0,0.0,0.04,0.0,0.0,0.0,0,105764.0
22,9,336,3207,0,1,5,0.0,0.0,1.0,0.0,0.0,61,255,1.0,0.0,0.01,0.0,0.0,0.0,0,3411.0
45,5,0,0,0,0,278,1.0,1.0,0.05,0.06,0.0,255,11,0.04,0.09,0.0,1.0,1.0,0.0,1,62180.0
45,5,0,0,0,0,94,1.0,1.0,0.05,0.06,0.0,203,5,0.02,0.06,0.0,1.0,1.0,0.0,1,14758.0
45,5,0,0,0,0,127,1.0,1.0,0.12,0.06,0.0,255,8,0.03,0.07,0.0,1.0,1.0,0.0,1,108219.0
45,5,0,0,0,0,209,1.0,1.0,0.09,0.06,0.0,255,20,0.08,0.09,0.0,1.0,1.0,0.0,1,80323.0
5,5,0,0,0,0,128,1.0,1.0,0.01,0.07,0.0,255,1,0.0,0.06,0.0,1.0,1.0,0.0,1,40871.0
19,9,37,0,0,0,2,0.0,0.0,1.0,0.0,0.0,255,35,0.14,0.56,0.0,0.56,0.0,0.0,0,16800.0
22,9,249,346,0,1,1,0.0,0.0,1.0,0.0,0.21,5,255,1.0,0.0,0.02,0.0,0.0,0.0,0,91488.0
22,9,239,653,0,1,3,0.0,0.0,1.0,0.0,0.0,255,255,1.0,0.0,0.0,0.0,0.0,0.0,0,102429.0
45,9,105,147,0,0,1,0.0,0.0,1.0,0.0,0.0,115,114,0.99,0.02,0.0,0.0,0.0,0.0,0,84013.0
59,5,0,0,0,0,141,1.0,1.0,0.13,0.05,0.0,255,18,0.07,0.05,0.0,1.0,1.0,0.0,1,35327.0
45,1,0,0,0,0,2,0.0,0.0,0.5,1.0,0.0,255,1,0.0,0.27,0.0,0.0,0.0,1.0,1,59165.0
14,9,520,0,0,0,315,0.0,0.0,1.0,0.0,0.0,255,255,1.0,0.0,0.0,0.0,0.0,0.0,1,61848.0
22,9,316,176,0,1,21,0.0,0.0,1.0,0.0,0.0,148,255,1.0,0.0,0.02,0.0,0.0,0.0,0,6776.0
45,5,0,0,0,0,196,1.0,1.0,0.1,0.06,0.0,255,4,0.02,0.09,0.0,1.0,1.0,0.0,1,21294.0
19,9,854,0,0,1,4,0.0,0.0,1.0,0.0,0.0,11,10,0.91,0.18,0.0,0.0,0.0,0.0,0,10728.0
56,2,0,0,0,0,181,0.0,0.0,0.05,0.07,0.0,255,9,0.04,0.07,0.0,0.0,0.0,1.0,1,24361.0
22,9,229,4382,0,1,10,0.0,0.0,1.0,0.0,0.17,148,255,1.0,0.0,0.01,0.0,0.0,0.0,0,27550.0
49,9,837,370,0,1,1,0.0,0.0,1.0,0.0,1.0,150,145,0.48,0.04,0.01,0.0,0.0,0.0,0,28585.0
49,9,2240,332,0,1,1,0.0,0.0,1.0,0.0,1.0,163,141,0.87,0.02,0.0,0.0,0.0,0.0,0,59306.0
40,1,0,0,0,0,511,0.08,0.0,0.0,0.95,0.0,255,1,0.0,0.91,0.0,0.06,0.0,1.0,1,18341.0
22,9,236,296,0,1,4,0.0,0.0,1.0,0.0,0.0,255,255,1.0,0.0,0.0,0.0,0.0,0.0,0,23718.0
33,5,0,0,0,0,205,1.0,1.0,0.12,0.06,0.0,255,25,0.1,0.06,0.0,1.0,1.0,0.0,1,100975.0
22,9,168,6210,0,1,5,0.0,0.0,1.0,0.0,0.0,52,255,1.0,0.0,0.02,0.0,0.0,0.0,0,70277.0
56,5,0,0,0,0,102,1.0,1.0,0.02,0.07,0.0,255,2,0.01,0.07,0.0,1.0,1.0,0.0,1,122250.0
22,9,54540,8314,0,1,4,0.0,0.0,1.0,0.0,0.0,140,140,1.0,0.0,0.0,0.0,0.0,0.05,0,125294.0
13,9,8,0,0,0,1,0.0,0.0,1.0,0.0,1.0,3,161,0.33,0.67,0.5,0.0,0.0,0.0,1,77316.0
18,9,1038,2206,0,1,1,0.0,0.0,1.0,0.0,0.0,255,12,0.05,0.02,0.0,0.17,0.0,0.0,0,103613.0
15,1,0,0,0,0,127,0.0,0.0,0.01,0.06,0.0,255,1,0.0,0.07,0.0,0.0,0.0,1.0,1,57804.0
52,5,0,0,0,0,293,1.0,1.0,0.0,0.06,0.0,255,1,0.0,0.07,0.0,1.0,1.0,0.0,1,32237.0
17,9,7,141,0,0,1,0.0,0.0,1.0,0.0,0.0,109,11,0.06,0.04,0.27,0.0,0.09,0.0,0,75574.0
49,9,757,328,0,1,1,0.0,0.0,1.0,0.0,0.0,47,144,0.64,0.06,0.02,0.0,0.0,0.0,0,26542.0
22,9,318,671,0,1,5,0.0,0.0,1.0,0.0,0.0,126,255,1.0,0.0,0.06,0.0,0.0,0.0,0,101523.0
22,9,215,2659,0,1,15,0.0,0.0,1.0,0.0,0.0,15,255,1.0,0.0,0.02,0.0,0.0,0.0,0,25118.0
49,9,1379,330,0,1,1,0.0,0.0,1.0,0.0,1.0,184,140,0.59,0.02,0.01,0.0,0.0,0.0,0,55705.0
18,9,224,761,0,1,1,0.0,0.0,1.0,0.0,0.0,107,30,0.28,0.05,0.0,0.0,0.0,0.03,0,27709.0
22,9,233,607,0,1,17,0.0,0.0,1.0,0.0,0.0,255,255,1.0,0.0,0.0,0.0,0.0,0.0,0,84628.0
36,5,0,0,0,0,189,1.0,1.0,0.04,0.06,0.0,255,8,0.03,0.07,0.0,1.0,1.0,0.0,1,95556.0
18,9,306,1043,0,1,1,0.0,0.0,1.0,0.0,0.0,113,15,0.13,0.06,0.0,0.01,0.0,0.0,0,15099.0
45,5,0,0,0,0,143,1.0,1.0,0.14,0.06,0.0,255,8,0.03,0.07,0.0,1.0,1.0,0.0,1,72579.0
11,9,46,134,0,0,205,0.0,0.0,1.0,0.01,0.01,207,168,0.81,0.01,0.0,0.0,0.0,0.0,0,120049.0
19,9,276,0,0,0,1,0.0,0.0,1.0,0.0,0.0,166,25,0.13,0.04,0.08,0.0,0.0,0.0,0,98971.0
15,5,0,0,0,0,118,1.0,1.0,0.03,0.07,0.0,255,3,0.01,0.06,0.0,1.0,1.0,0.0,1,121304.0
22,9,217,331,0,1,2,0.0,0.0,1.0,0.0,0.0,160,255,1.0,0.0,0.02,0.0,0.0,0.0,0,54653.0
49,5,0,0,0,0,202,1.0,1.0,0.0,0.06,0.0,255,1,0.0,0.07,0.0,1.0,1.0,0.0,1,61861.0
14,9,1480,0,1,0,1,0.0,0.0,1.0,0.0,0.67,1,151,1.0,0.0,0.14,0.0,0.0,0.0,0,63550.0
37,1,0,0,0,0,129,0.0,0.0,0.16,0.07,0.0,255,20,0.08,0.07,0.0,0.0,0.0,1.0,1,122538.0
40,9,145,105,0,0,1,0.0,0.0,1.0,0.0,0.0,255,2,0.01,0.66,0.0,0.0,0.0,0.0,0,66580.0
45,5,0,0,0,0,93,1.0,1.0,0.26,0.05,0.0,255,24,0.09,0.04,0.0,1.0,1.0,0.0,1,38568.0
12,5,0,0,0,0,183,1.0,1.0,0.04,0.06,0.0,255,8,0.03,0.07,0.0,1.0,1.0,0.0,1,124454.0
22,9,207,770,0,1,10,0.0,0.0,1.0,0.0,0.25,255,255,1.0,0.0,0.0,0.0,0.0,0.0,0,27793.0
13,9,18,0,0,0,1,0.0,0.0,1.0,0.0,0.0,4,64,1.0,0.0,0.25,0.0,0.0,0.0,1,44399.0
49,9,1116,333,0,1,1,0.0,0.0,1.0,0.0,0.0,73,125,0.4,0.08,0.02,0.01,0.02,0.0,0,6709.0
45,5,0,0,0,0,137,1.0,1.0,0.01,0.06,0.0,255,10,0.04,0.08,0.0,1.0,1.0,0.0,1,101029.0
45,5,0,0,0,0,106,1.0,1.0,0.16,0.06,0.0,255,39,0.15,0.07,0.0,1.0,1.0,0.0,1,64300.0
22,9,276,327,0,1,1,0.0,0.0,1.0,0.0,0.0,56,255,1.0,0.0,0.01,0.02,0.0,0.0,0,33860.0
25,5,0,0,0,0,146,1.0,1.0,0.16,0.04,0.0,255,24,0.09,0.04,0.0,1.0,1.0,0.0,1,22878.0
45,9,28,0,3,0,32,0.0,0.0,1.0,0.0,0.0,255,132,0.52,0.49,0.0,0.09,0.0,0.0,0,30658.0
45,5,0,0,0,0,146,1.0,1.0,0.11,0.06,0.0,255,27,0.11,0.06,0.0,1.0,1.0,0.0,1,59444.0
23,5,0,0,0,0,112,1.0,1.0,0.12,0.05,0.0,255,7,0.03,0.07,0.0,1.0,1.0,0.0,1,61635.0
45,5,0,0,0,0,73,1.0,1.0,0.15,0.07,0.0,255,2,0.01,0.07,0.0,1.0,1.0,0.0,1,122394.0
22,9,351,725,0,1,10,0.0,0.0,1.0,0.0,0.18,255,255,1.0,0.0,0.0,0.0,0.0,0.0,0,6619.0
11,9,44,70,0,0,121,0.0,0.0,1.0,0.0,0.0,255,255,1.0,0.0,0.0,0.0,0.0,0.0,0,56096.0
37,5,0,0,0,0,121,1.0,1.0,0.11,0.06,0.0,255,13,0.05,0.07,0.0,1.0,1.0,0.0,1,101770.0
14,9,64,0,0,0,1,0.0,0.0,1.0,0.0,0.0,43,1,0.02,0.09,0.0,0.0,0.0,0.0,0,16945.0
22,9,309,1338,0,1,7,0.0,0.0,1.0,0.0,0.0,55,255,1.0,0.0,0.04,0.0,0.0,0.0,0,75342.0
22,9,348,2787,0,1,16,0.0,0.0,1.0,0.0,0.1,60,255,1.0,0.0,0.01,0.0,0.0,0.01,0,101822.0
13,9,8,0,0,0,1,0.0,0.0,1.0,0.0,1.0,1,49,1.0,0.0,0.27,0.0,0.0,0.0,1,48038.0
14,9,520,0,0,0,255,0.0,0.0,1.0,0.0,0.0,255,255,1.0,0.0,0.0,0.0,0.0,0.0,1,71295.0
13,9,8,0,0,0,1,0.0,0.0,1.0,0.0,1.0,2,94,1.0,0.0,0.5,0.0,0.0,0.0,1,79413.0
56,5,0,0,0,0,256,1.0,1.0,0.02,0.07,0.0,255,3,0.01,0.07,0.0,1.0,1.0,0.0,1,69898.0
14,9,1032,0,0,0,510,0.0,0.0,1.0,0.0,0.0,255,150,0.59,0.03,0.0,0.0,0.0,0.0,1,97472.0
22,9,209,33056,0,1,19,0.0,0.0,1.0,0.0,0.0,19,255,1.0,0.0,0.02,0.0,0.0,0.0,0,56270.0
53,5,0,0,0,0,211,1.0,1.0,0.08,0.05,0.0,255,17,0.07,0.05,0.0,1.0,1.0,0.0,1,112187.0
17,5,0,0,0,0,27,1.0,1.0,0.3,0.11,0.0,255,62,0.24,0.02,0.0,1.0,1.0,0.0,1,30165.0
45,5,0,0,0,0,94,1.0,1.0,0.24,0.09,0.0,255,23,0.09,0.06,0.0,1.0,1.0,0.0,1,106867.0
37,5,0,0,0,0,127,1.0,1.0,0.09,0.07,0.0,255,12,0.05,0.06,0.0,1.0,1.0,0.0,1,111383.0
40,9,147,105,0,0,1,0.0,0.0,1.0,0.0,0.0,255,2,0.01,0.57,0.0,0.0,0.0,0.0,0,14085.0
6,5,0,0,0,0,229,1.0,1.0,0.09,0.07,0.0,255,20,0.08,0.07,0.0,1.0,1.0,0.0,1,20822.0
22,9,241,2273,0,1,8,0.0,0.0,1.0,0.0,0.0,255,255,1.0,0.0,0.0,0.0,0.0,0.0,0,95839.0
8,5,0,0,0,0,233,1.0,1.0,0.03,0.06,0.0,255,7,0.03,0.06,0.0,1.0,1.0,0.0,1,111623.0
22,9,282,616,0,1,8,0.0,0.0,1.0,0.0,0.2,89,255,1.0,0.0,0.02,0.0,0.0,0.0,0,63453.0
22,9,314,2012,0,1,6,0.0,0.0,1.0,0.0,0.25,13,255,1.0,0.0,0.06,0.0,0.0,0.0,0,123580.0
40,1,0,0,0,0,509,0.16,0.0,0.0,1.0,0.0,255,1,0.0,1.0,0.0,0.06,0.0,1.0,1,28277.0
11,9,42,108,0,0,1,0.0,0.0,1.0,0.0,0.0,255,241,0.95,0.02,0.0,0.0,0.0,0.0,0,77114.0
22,9,197,18290,0,1,10,0.0,0.0,1.0,0.0,0.14,88,255,1.0,0.0,0.09,0.0,0.0,0.65,0,104819.0
14,9,1032,0,0,0,390,0.0,0.0,1.0,0.0,0.0,234,140,0.6,0.03,0.0,0.01,0.0,0.0,1,18816.0
11,9,44,44,0,0,113,0.0,0.0,0.99,0.02,0.0,255,254,1.0,0.01,0.0,0.0,0.0,0.0,0,7781.0
51,5,0,0,0,0,279,1.0,1.0,0.05,0.06,0.0,255,14,0.05,0.07,0.0,1.0,1.0,0.0,1,51505.0
61,5,0,0,0,0,140,1.0,1.0,0.01,0.06,0.0,255,1,0.0,0.07,0.0,1.0,1.0,0.0,1,110666.0
22,9,207,15768,0,1,4,0.0,0.0,1.0,0.0,0.0,16,255,1.0,0.0,0.02,0.0,0.0,0.0,0,28492.0
36,5,0,0,0,0,144,1.0,1.0,0.1,0.06,0.0,255,14,0.05,0.07,0.0,1.0,1.0,0.0,1,80042.0
22,9,380,1398,0,1,25,0.0,0.0,1.0,0.0,0.0,255,255,1.0,0.0,0.0,0.0,0.0,0.0,0,17155.0
6,5,0,0,0,0,272,1.0,1.0,0.05,0.06,0.0,255,14,0.05,0.09,0.0,1.0,1.0,0.0,1,86518.0
30,5,0,0,0,0,129,1.0,1.0,0.08,0.06,0.0,255,14,0.05,0.07,0.0,1.0,1.0,0.0,1,87577.0
19,9,71,0,0,0,1,0.0,0.0,1.0,0.0,0.0,255,39,0.15,0.06,0.0,0.65,0.0,0.0,0,52042.0
22,9,307,1380,0,1,4,0.0,0.0,1.0,0.0,0.0,255,245,0.96,0.01,0.0,0.0,0.0,0.0,0,124891.0
14,9,520,0,0,0,438,0.0,0.0,1.0,0.0,0.0,5,5,1.0,0.0,0.0,0.0,0.0,0.0,1,22602.0
14,9,1032,0,0,0,511,0.0,0.0,1.0,0.0,0.0,255,232,0.91,0.01,0.0,0.0,0.0,0.0,1,24147.0
22,9,230,806,0,1,3,0.0,0.0,1.0,0.0,0.0,255,255,1.0,0.0,0.0,0.0,0.0,0.0,0,94427.0
18,9,1226,2451,0,1,1,0.0,0.0,1.0,0.0,0.0,255,131,0.51,0.02,0.0,0.0,0.0,0.0,0,98729.0
49,9,12161,1551,0,1,1,0.0,0.0,1.0,0.0,0.0,255,77,0.3,0.33,0.0,0.33,0.0,0.0,0,35611.0
22,9,324,1247,0,1,9,0.0,0.0,1.0,0.0,0.0,14,255,1.0,0.0,0.03,0.0,0.0,0.0,0,97164.0
15,1,0,0,0,0,146,0.0,0.0,0.14,0.05,0.0,255,20,0.08,0.07,0.0,0.0,0.0,1.0,1,96093.0
49,9,1703,334,0,1,1,0.0,0.0,1.0,0.0,1.0,235,124,0.49,0.03,0.02,0.01,0.02,0.0,0,88751.0
19,9,2194619,0,0,0,2,0.0,0.0,1.0,0.0,0.0,139,52,0.22,0.02,0.04,0.0,0.0,0.0,0,72081.0
9,5,0,0,0,0,284,1.0,1.0,0.04,0.06,0.0,255,4,0.02,0.07,0.0,1.0,1.0,0.0,1,114266.0
22,9,307,426,0,1,23,0.0,0.0,1.0,0.0,0.12,194,255,1.0,0.0,0.01,0.0,0.0,0.0,0,96621.0
40,9,146,105,0,0,1,0.0,0.0,1.0,0.0,0.0,255,1,0.0,0.82,0.0,0.0,0.0,0.0,0,81598.0
40,1,0,0,0,0,511,0.08,0.0,0.0,1.0,0.0,255,1,0.0,1.0,0.0,0.04,0.0,1.0,1,17523.0
21,5,0,0,0,0,249,1.0,1.0,0.06,0.05,0.0,255,16,0.06,0.05,0.0,1.0,1.0,0.0,1,63064.0
22,9,299,3991,0,1,19,0.05,0.02,1.0,0.0,0.12,255,255,1.0,0.0,0.0,0.0,0.0,0.0,0,7902.0
49,9,1211,330,0,1,1,0.0,0.0,1.0,0.0,0.0,134,163,0.73,0.02,0.01,0.0,0.0,0.0,0,60541.0
19,9,1692,0,0,1,2,0.0,0.0,1.0,0.0,0.0,255,3,0.01,0.06,0.0,0.99,0.0,0.0,0,4835.0
11,9,46,143,0,0,269,0.0,0.0,1.0,0.0,0.0,255,251,0.98,0.01,0.0,0.0,0.0,0.0,0,70449.0
40,9,146,105,0,0,5,0.0,0.0,0.2,0.6,0.0,255,3,0.01,0.49,0.0,0.0,0.0,0.0,0,3903.0
13,9,8,0,0,0,1,0.0,0.0,1.0,0.0,1.0,2,50,1.0,0.0,0.5,0.0,0.0,0.0,1,81064.0
11,9,42,42,0,0,1,0.0,0.0,1.0,0.0,0.6,80,221,0.85,0.03,0.01,0.12,0.0,0.0,0,19134.0
17,5,0,0,0,0,32,1.0,1.0,0.22,0.12,0.0,255,62,0.24,0.02,0.0,1.0,1.0,0.0,1,41951.0
20,5,0,0,0,0,34,1.0,1.0,0.18,0.15,0.0,255,6,0.02,0.08,0.0,1.0,1.0,0.0,1,74805.0
43,9,136,17122,0,1,1,0.0,0.0,1.0,0.0,0.0,35,5,0.03,0.17,0.4,0.0,0.0,0.0,0,33105.0
22,9,299,2698,0,1,3,0.0,0.0,1.0,0.0,0.0,255,254,1.0,0.01,0.0,0.0,0.0,0.0,0,18232.0
2,1,0,0,0,0,234,0.0,0.0,0.06,0.07,0.0,255,14,0.05,0.07,0.0,0.0,0.0,1.0,1,89400.0
37,5,0,0,0,0,89,1.0,1.0,0.01,0.07,0.0,195,1,0.01,0.07,0.0,1.0,1.0,0.0,1,82504.0
22,9,218,1068,0,1,14,0.0,0.0,1.0,0.0,0.13,141,255,1.0,0.0,0.07,0.0,0.0,0.0,0,97528.0
49,9,3065,331,0,1,1,0.0,0.0,1.0,0.0,1.0,243,119,0.48,0.02,0.02,0.01,0.02,0.0,0,95.0
19,9,334,0,0,1,2,0.0,0.0,1.0,0.0,0.0,2,5,1.0,0.0,0.4,0.0,0.0,0.0,0,106378.0
22,9,209,8222,0,1,1,0.0,0.0,1.0,0.0,0.0,160,255,1.0,0.0,0.04,0.0,0.0,0.0,0,56125.0
19,9,74,0,0,1,2,0.0,0.0,1.0,0.0,0.0,255,44,0.17,0.05,0.0,0.4,0.0,0.0,0,36473.0
22,1,0,0,0,0,1,0.0,0.0,1.0,0.0,1.0,15,255,1.0,0.0,0.2,0.0,0.0,1.0,0,109054.0
45,9,28,0,3,0,28,0.0,0.0,1.0,0.0,0.0,255,128,0.5,0.5,0.0,0.09,0.0,0.0,1,48198.0
22,9,245,20037,0,1,3,0.0,0.0,1.0,0.0,0.0,58,255,1.0,0.0,0.04,0.0,0.0,0.0,0,92526.0
28,1,0,0,0,0,111,0.0,0.0,0.03,0.08,0.0,235,3,0.01,0.07,0.0,0.0,0.0,1.0,1,25121.0
22,9,299,1129,0,1,6,0.0,0.0,1.0,0.0,0.0,6,255,1.0,0.0,0.05,0.0,0.0,0.0,0,1181.0
49,9,2361,547,0,1,1,0.0,0.0,1.0,0.0,1.0,240,31,0.13,0.02,0.0,0.0,0.0,0.0,0,59445.0
5,5,0,0,0,0,128,1.0,1.0,0.05,0.07,0.0,255,7,0.03,0.08,0.0,1.0,1.0,0.0,1,107499.0
13,9,8,0,0,0,1,0.0,0.0,1.0,0.0,1.0,2,148,1.0,0.0,0.5,0.0,0.0,0.0,1,67976.0
45,5,0,0,0,0,260,1.0,1.0,0.04,0.06,0.0,255,11,0.04,0.05,0.0,1.0,1.0,0.0,1,35902.0
40,1,0,0,0,0,361,0.06,0.0,0.0,1.0,0.0,255,1,0.0,1.0,0.0,0.08,0.0,1.0,1,2341.0
55,9,180,181228,0,1,1,0.0,0.0,1.0,0.0,0.0,222,56,0.25,0.02,0.0,0.0,0.0,0.0,0,122247.0
22,9,308,2224,0,1,11,0.0,0.0,1.0,0.0,0.0,67,255,1.0,0.0,0.04,0.0,0.0,0.0,0,103352.0
22,9,238,3567,0,1,3,0.0,0.0,1.0,0.0,0.0,255,255,1.0,0.0,0.0,0.0,0.0,0.0,0,47757.0
25,5,0,0,0,0,231,1.0,1.0,0.08,0.05,0.0,255,19,0.07,0.05,0.0,1.0,1.0,0.0,1,117692.0
13,9,8,0,0,0,1,0.0,0.0,1.0,0.0,1.0,2,86,1.0,0.0,0.5,0.0,0.0,0.0,1,38887.0
14,9,1032,0,0,0,424,0.0,0.0,1.0,0.0,0.0,255,255,1.0,0.0,0.0,0.0,0.0,0.0,1,79128.0
22,9,363,4815,0,1,2,0.0,0.0,1.0,0.0,0.75,119,255,1.0,0.0,0.02,0.0,0.0,0.0,0,119769.0
22,9,330,13029,0,1,19,0.0,0.0,1.0,0.0,0.08,35,255,1.0,0.0,0.03,0.0,0.0,0.0,0,93582.0
58,9,78,0,0,0,47,0.0,0.0,0.15,0.04,0.0,255,23,0.09,0.01,0.0,0.0,0.0,0.0,0,23794.0
14,9,1032,0,0,0,509,0.0,0.0,1.0,0.0,0.0,255,149,0.58,0.17,0.0,0.0,0.0,0.0,1,59487.0
17,5,0,0,0,0,1,1.0,1.0,1.0,0.0,0.0,241,63,0.25,0.02,0.03,1.0,0.97,0.0,1,125744.0
13,9,8,0,0,0,1,0.0,0.0,1.0,0.0,1.0,3,80,1.0,0.0,0.26,0.0,0.0,0.0,1,73907.0
31,1,0,0,0,0,288,0.0,0.0,0.05,0.06,0.0,255,15,0.06,0.07,0.0,0.0,0.0,1.0,1,91486.0
7,5,0,0,0,0,115,1.0,1.0,0.05,0.06,0.0,255,6,0.02,0.07,0.0,1.0,1.0,0.0,1,106128.0
22,9,304,8497,0,1,9,0.0,0.0,1.0,0.0,0.17,255,255,1.0,0.0,0.0,0.0,0.0,0.0,0,122158.0
22,9,235,4319,0,1,3,0.0,0.0,1.0,0.0,0.0,46,255,1.0,0.0,0.02,0.0,0.0,0.0,0,69137.0
11,9,45,120,0,0,67,0.0,0.0,1.0,0.0,0.0,255,181,0.71,0.01,0.0,0.0,0.0,0.0,0,19325.0
22,9,285,3097,0,1,8,0.0,0.0,1.0,0.0,0.24,61,255,1.0,0.0,0.02,0.0,0.0,0.0,0,33065.0
36,5,0,0,0,0,201,1.0,1.0,0.07,0.06,0.0,255,14,0.05,0.07,0.0,1.0,1.0,0.0,1,12236.0
26,1,0,0,0,0,105,0.0,0.0,0.03,0.08,0.0,255,3,0.01,0.07,0.0,0.0,0.0,1.0,1,84971.0
22,9,204,253,0,1,19,0.0,0.0,1.0,0.0,0.07,80,255,1.0,0.0,0.02,0.0,0.0,0.0,0,58836.0
22,9,307,3907,0,1,19,0.0,0.0,1.0,0.0,0.0,142,255,1.0,0.0,0.01,0.0,0.0,0.07,0,44777.0
11,9,46,75,0,0,170,0.0,0.0,1.0,0.0,0.0,255,204,0.8,0.01,0.0,0.0,0.0,0.0,0,117589.0
22,9,216,985,0,1,17,0.0,0.0,1.0,0.0,0.11,44,255,1.0,0.0,0.03,0.0,0.0,0.0,0,124309.0
45,9,1,0,0,0,35,0.0,0.0,0.14,0.09,0.0,255,14,0.05,0.67,0.0,0.16,0.0,0.0,1,120287.0
45,9,105,146,0,0,4,0.0,0.0,0.25,0.5,0.0,255,233,0.91,0.01,0.0,0.0,0.0,0.0,0,121961.0
45,1,0,0,0,0,54,0.0,0.0,0.09,0.09,0.0,255,5,0.02,0.06,0.0,0.0,0.0,1.0,1,25733.0
23,5,0,0,0,0,111,1.0,1.0,0.01,0.05,0.0,255,1,0.0,0.05,0.0,1.0,1.0,0.0,1,15348.0
45,1,0,0,0,0,497,0.06,0.0,0.0,1.0,0.0,255,1,0.0,1.0,0.0,0.08,0.0,1.0,1,86572.0
11,9,45,78,0,0,286,0.0,0.0,1.0,0.0,0.0,255,254,1.0,0.01,0.0,0.0,0.0,0.0,0,5453.0
61,5,0,0,0,0,238,1.0,1.0,0.04,0.07,0.0,255,9,0.04,0.08,0.0,1.0,1.0,0.0,1,122331.0
19,5,0,0,0,0,3,1.0,1.0,0.33,0.67,0.0,255,55,0.22,0.02,0.0,1.0,1.0,0.0,1,18090.0
18,9,283,907,0,1,1,0.0,0.0,1.0,0.0,0.0,239,59,0.25,0.02,0.0,0.0,0.0,0.0,0,23073.0
8,5,0,0,0,0,262,1.0,1.0,0.05,0.06,0.0,255,20,0.08,0.07,0.0,1.0,1.0,0.0,1,22366.0
19,9,5133876,0,0,1,1,0.0,0.0,1.0,0.0,0.0,4,23,1.0,0.0,0.13,0.0,0.0,0.0,0,93415.0
45,5,0,0,0,0,238,1.0,1.0,0.04,0.06,0.0,255,11,0.04,0.09,0.0,1.0,1.0,0.0,1,118126.0
22,9,310,9158,0,1,2,0.0,0.0,1.0,0.0,0.0,86,255,1.0,0.0,0.01,0.0,0.0,0.0,0,88635.0
19,9,1199,0,0,1,6,0.0,0.0,1.0,0.0,0.0,147,76,0.42,0.05,0.03,0.0,0.0,0.0,0,120636.0
49,9,1212,334,0,1,1,0.0,0.0,1.0,0.0,0.0,230,167,0.66,0.02,0.01,0.0,0.0,0.0,0,115270.0
13,9,8,0,0,0,1,0.0,0.0,1.0,0.0,1.0,1,109,1.0,0.0,0.51,0.0,0.0,0.0,1,10956.0
19,9,2890,0,0,1,11,0.0,0.0,1.0,0.0,0.0,186,181,0.63,0.04,0.01,0.01,0.01,0.0,0,40851.0
13,9,8,0,0,0,1,0.0,0.0,1.0,0.0,1.0,1,167,1.0,0.0,0.5,0.0,0.0,0.0,1,71646.0
22,9,235,924,0,1,3,0.0,0.0,1.0,0.0,0.0,5,12,1.0,0.0,0.25,0.2,0.08,0.0,0,19304.0
22,9,205,10044,0,1,11,0.0,0.0,1.0,0.0,0.17,255,255,1.0,0.0,0.0,0.0,0.0,0.0,0,2071.0
16,5,0,0,0,0,149,1.0,1.0,0.17,0.05,0.0,255,25,0.1,0.05,0.0,1.0,1.0,0.0,1,79257.0
22,9,196,3317,0,1,6,0.0,0.0,1.0,0.0,0.0,6,255,1.0,0.0,0.04,0.0,0.0,0.0,0,117672.0
22,9,308,3307,0,1,3,0.0,0.0,1.0,0.0,0.5,85,121,1.0,0.0,0.02,0.0,0.0,0.0,0,2054.0
24,1,0,0,0,0,252,0.0,0.0,0.05,0.07,0.0,255,13,0.05,0.07,0.0,0.0,0.0,1.0,1,69523.0
45,5,0,0,0,0,74,1.0,1.0,0.3,0.05,0.0,255,22,0.09,0.05,0.0,1.0,1.0,0.0,1,38426.0
11,9,45,73,0,0,287,0.0,0.0,1.0,0.0,0.0,255,246,0.96,0.01,0.0,0.0,0.0,0.0,0,13843.0
22,9,308,2862,0,1,21,0.0,0.0,1.0,0.0,0.0,21,255,1.0,0.0,0.04,0.0,0.0,0.0,0,62764.0
19,9,246,0,0,1,1,0.0,0.0,1.0,0.0,0.0,8,40,0.88,0.25,0.12,0.0,0.0,0.0,0,113375.0
45,1,0,0,0,0,85,0.0,0.0,0.09,0.08,0.0,255,8,0.03,0.09,0.0,0.0,0.0,1.0,1,30779.0
22,9,267,11798,0,1,4,0.0,0.0,1.0,0.0,0.4,8,255,1.0,0.0,0.02,0.0,0.0,0.0,0,15365.0
31,1,0,0,0,0,245,0.0,0.0,0.07,0.07,0.0,255,17,0.07,0.07,0.0,0.0,0.0,1.0,1,59387.0
45,1,0,0,0,0,148,0.0,0.0,0.02,0.06,0.0,255,3,0.01,0.06,0.0,0.0,0.0,1.0,1,69392.0
61,5,0,0,0,0,214,1.0,1.0,0.1,0.05,0.0,255,21,0.08,0.05,0.0,1.0,1.0,0.0,1,30345.0
45,5,0,0,0,0,150,1.0,1.0,0.17,0.05,0.0,255,17,0.07,0.06,0.0,1.0,1.0,0.0,1,35814.0
22,9,291,280,0,1,2,0.0,0.0,1.0,0.0,0.0,255,255,1.0,0.0,0.0,0.0,0.0,0.0,0,55122.0
19,9,192,0,0,1,2,0.0,0.0,1.0,0.0,0.0,227,100,0.42,0.03,0.02,0.0,0.0,0.0,0,11330.0
22,9,289,2459,0,1,7,0.0,0.0,1.0,0.0,0.25,26,255,1.0,0.0,0.05,0.0,0.0,0.0,0,18589.0
45,5,0,0,0,0,203,1.0,1.0,0.0,0.06,0.0,255,2,0.01,0.07,0.0,1.0,1.0,0.0,1,98810.0
22,9,325,2514,0,1,12,0.0,0.0,1.0,0.0,0.12,255,255,1.0,0.0,0.0,0.0,0.0,0.0,0,40418.0
22,9,244,1847,0,1,4,0.0,0.0,1.0,0.0,0.0,4,255,1.0,0.0,0.04,0.0,0.0,0.0,0,29601.0
22,9,290,575,0,1,6,0.0,0.0,1.0,0.0,0.25,255,255,1.0,0.0,0.0,0.0,0.0,0.0,0,74138.0
49,9,914,327,0,1,1,0.0,0.0,1.0,0.0,1.0,134,168,0.72,0.04,0.01,0.0,0.0,0.0,0,64432.0
45,5,0,0,0,0,191,1.0,1.0,0.02,0.06,0.0,255,13,0.05,0.07,0.0,1.0,1.0,0.0,1,96967.0
22,9,219,671,0,1,6,0.0,0.0,1.0,0.0,0.0,255,255,1.0,0.0,0.0,0.0,0.0,0.0,0,42718.0
40,9,147,105,0,0,1,0.0,0.0,1.0,0.0,0.0,255,2,0.01,0.69,0.0,0.0,0.0,0.0,0,125408.0
49,9,1005,331,0,1,1,0.0,0.0,1.0,0.0,1.0,132,100,0.61,0.04,0.02,0.0,0.0,0.0,0,24954.0
22,9,231,636,0,1,3,0.0,0.0,1.0,0.0,0.5,11,255,1.0,0.0,0.02,0.0,0.01,0.0,0,65430.0
45,5,0,0,0,0,222,1.0,1.0,0.03,0.06,0.0,255,6,0.02,0.06,0.0,1.0,1.0,0.0,1,114243.0
19,9,15377,0,0,1,3,0.0,0.0,1.0,0.0,0.0,60,97,0.75,0.05,0.02,0.0,0.0,0.0,0,117971.0
22,9,295,5077,0,1,7,0.0,0.0,1.0,0.0,0.0,23,255,1.0,0.0,0.03,0.0,0.0,0.0,0,15926.0
13,9,8,0,0,0,1,0.0,0.0,1.0,0.0,1.0,1,95,1.0,0.0,0.52,0.0,0.0,0.0,1,112028.0
22,9,260,1911,0,1,13,0.0,0.0,1.0,0.0,0.14,215,255,1.0,0.0,0.01,0.01,0.01,0.0,0,96743.0
22,1,0,0,0,0,1,0.0,0.0,1.0,0.0,0.0,1,85,1.0,0.0,0.22,0.0,0.0,1.0,0,88374.0
49,9,1245,345,0,1,1,0.0,0.0,1.0,0.0,0.0,189,105,0.36,0.38,0.02,0.0,0.0,0.0,0,66431.0
12,2,0,0,0,0,145,0.0,0.0,0.14,0.06,0.0,255,3,0.01,0.07,0.0,0.0,0.0,1.0,1,12197.0
45,1,0,0,0,0,244,0.0,0.0,0.01,0.07,0.0,255,2,0.01,0.09,0.0,0.0,0.0,1.0,1,23468.0
22,9,251,2325,0,1,4,0.0,0.0,1.0,0.0,0.0,26,255,1.0,0.0,0.02,0.0,0.0,0.0,0,99964.0
45,5,0,0,0,0,231,1.0,1.0,0.02,0.05,0.0,92,4,0.04,0.11,0.0,0.85,1.0,0.0,1,105539.0
11,9,46,46,0,0,151,0.0,0.0,1.0,0.0,0.01,255,229,0.9,0.01,0.0,0.0,0.0,0.0,0,52733.0
28,1,0,0,0,0,289,0.0,0.0,0.06,0.06,0.0,255,16,0.06,0.07,0.0,0.0,0.0,1.0,1,87358.0
22,9,179,273525,0,1,1,0.0,0.0,1.0,0.0,0.0,255,254,1.0,0.01,0.0,0.0,0.0,0.0,0,104079.0
45,9,28,0,3,0,54,0.0,0.0,1.0,0.0,0.0,255,54,0.21,0.64,0.0,0.01,0.0,0.0,1,23720.0
51,5,0,0,0,0,268,1.0,1.0,0.07,0.05,0.0,255,19,0.07,0.05,0.0,1.0,1.0,0.0,1,85039.0
45,5,0,0,0,0,254,1.0,1.0,0.06,0.06,0.0,255,14,0.05,0.06,0.0,1.0,1.0,0.0,1,4976.0
40,1,0,0,0,0,508,0.1,0.0,0.0,1.0,0.0,255,1,0.0,1.0,0.0,0.09,0.0,1.0,1,102295.0
22,9,394,269,0,1,25,0.0,0.0,1.0,0.0,0.07,255,255,1.0,0.0,0.0,0.0,0.0,0.0,0,37562.0
40,9,147,105,0,0,3,0.0,0.0,0.33,0.67,0.0,255,3,0.01,0.54,0.0,0.0,0.0,0.0,0,35866.0
22,9,315,2168,0,1,9,0.0,0.0,1.0,0.0,0.2,255,255,1.0,0.0,0.0,0.0,0.0,0.0,0,82081.0
45,1,0,0,0,0,342,0.03,0.0,0.0,1.0,0.0,255,1,0.0,1.0,0.0,0.03,0.0,1.0,1,10145.0
22,9,291,709,0,1,36,0.0,0.0,1.0,0.0,0.0,36,255,1.0,0.0,0.05,0.0,0.0,0.0,0,12538.0
22,9,292,381,0,1,2,0.0,0.0,1.0,0.0,0.0,34,248,1.0,0.0,0.03,0.0,0.0,0.0,0,81785.0
23,5,0,0,0,0,232,1.0,1.0,0.06,0.05,0.0,255,13,0.05,0.06,0.0,1.0,1.0,0.0,1,94918.0
22,9,331,766,0,1,16,0.0,0.0,1.0,0.0,0.0,255,255,1.0,0.0,0.0,0.0,0.0,0.0,0,124747.0
22,9,353,12245,0,1,3,0.0,0.0,1.0,0.0,0.0,255,255,1.0,0.0,0.0,0.0,0.0,0.0,0,97689.0
22,9,254,2631,0,1,5,0.0,0.0,1.0,0.0,0.0,19,255,1.0,0.0,0.01,0.0,0.0,0.0,0,122657.0
22,9,317,619,0,1,11,0.0,0.0,1.0,0.0,0.0,255,255,1.0,0.0,0.0,0.0,0.0,0.0,0,108999.0
11,9,45,82,0,0,197,0.0,0.0,1.0,0.0,0.01,255,234,0.92,0.01,0.0,0.0,0.0,0.0,0,48428.0
49,9,2455,333,0,1,1,0.0,0.0,1.0,0.0,0.0,247,154,0.62,0.09,0.0,0.0,0.0,0.0,0,11116.0
45,5,0,0,0,0,235,1.0,1.0,0.06,0.06,0.0,255,1,0.0,0.08,0.0,1.0,1.0,0.0,1,123290.0
5,5,0,0,0,0,122,1.0,1.0,0.14,0.05,0.0,255,17,0.07,0.05,0.0,1.0,1.0,0.0,1,49094.0
17,5,0,0,0,0,292,1.0,1.0,0.04,0.06,0.0,255,19,0.07,0.06,0.0,1.0,1.0,0.0,1,39047.0
45,4,0,0,0,0,1,0.0,0.0,1.0,0.0,0.0,255,1,0.0,0.3,0.0,0.0,0.0,1.0,1,75157.0
22,9,334,280,0,1,10,0.0,0.0,1.0,0.0,0.0,255,255,1.0,0.0,0.0,0.0,0.0,0.0,0,10460.0
22,9,320,506,0,1,26,0.0,0.0,1.0,0.0,0.1,255,255,1.0,0.0,0.0,0.0,0.0,0.0,0,77965.0
22,9,326,2997,0,1,2,0.0,0.0,1.0,0.0,0.08,144,255,1.0,0.0,0.04,0.0,0.0,0.0,0,44549.0
22,9,303,3404,0,1,7,0.0,0.0,1.0,0.0,0.0,53,255,1.0,0.0,0.05,0.0,0.0,0.0,0,78019.0
38,5,0,0,0,0,227,1.0,1.0,0.09,0.05,0.0,255,21,0.08,0.06,0.0,1.0,1.0,0.0,1,65993.0
45,1,0,0,0,0,119,0.0,0.0,0.07,0.08,0.0,255,8,0.03,0.06,0.0,0.0,0.0,1.0,1,1595.0
2,1,0,0,0,0,184,0.0,0.0,0.06,0.07,0.0,255,11,0.04,0.07,0.0,0.0,0.0,1.0,1,115751.0
49,5,0,0,0,0,2,0.5,0.5,1.0,0.0,0.0,37,135,0.73,0.08,0.01,0.03,0.01,0.0,0,80461.0
40,1,0,0,0,0,509,0.22,0.0,0.0,1.0,0.0,255,1,0.0,1.0,0.0,0.26,0.0,1.0,1,5649.0
13,9,8,0,0,0,1,0.0,0.0,1.0,0.0,1.0,2,129,1.0,0.0,0.5,0.0,0.0,0.0,1,13541.0
45,5,0,0,0,0,106,1.0,1.0,0.02,0.07,0.0,255,9,0.04,0.07,0.0,1.0,1.0,0.0,1,92056.0
49,9,1384,331,0,1,1,0.0,0.0,1.0,0.0,0.0,82,54,0.66,0.06,0.0,0.01,0.02,0.0,0,14358.0
50,1,0,0,0,0,275,0.0,0.0,0.07,0.06,0.0,255,18,0.07,0.08,0.0,0.0,0.0,1.0,1,21098.0
45,9,28,0,3,0,41,0.0,0.0,1.0,0.0,0.0,255,41,0.16,0.02,0.0,0.0,0.0,0.0,1,97416.0
22,9,223,392,0,1,12,0.0,0.0,1.0,0.0,0.0,255,255,1.0,0.0,0.0,0.0,0.0,0.0,0,120547.0
45,5,0,0,0,0,131,1.0,1.0,0.09,0.05,0.0,255,1,0.0,0.07,0.0,1.0,1.0,0.0,1,54205.0
22,9,275,45284,0,1,1,0.0,0.0,1.0,0.0,0.15,1,255,1.0,0.0,0.03,0.0,0.01,0.0,0,81990.0
11,9,36,101,0,0,1,0.0,0.0,1.0,0.0,1.0,126,112,0.89,0.02,0.0,0.0,0.0,0.0,0,15517.0
22,9,237,280,0,1,4,0.0,0.0,1.0,0.0,0.0,175,255,1.0,0.0,0.01,0.0,0.0,0.0,0,52466.0
22,9,297,1969,0,1,20,0.0,0.0,1.0,0.0,0.17,255,255,1.0,0.0,0.0,0.0,0.0,0.0,0,87032.0
22,9,307,633,0,1,2,0.0,0.0,1.0,0.0,0.67,245,255,1.0,0.0,0.02,0.0,0.0,0.0,0,60170.0
14,9,520,0,0,0,168,0.0,0.0,1.0,0.0,0.0,255,255,1.0,0.0,0.0,0.0,0.0,0.0,1,13263.0
5,5,0,0,0,0,99,1.0,1.0,0.03,0.06,0.0,255,3,0.01,0.06,0.0,1.0,1.0,0.0,1,48461.0
13,9,8,0,0,0,1,0.0,0.0,1.0,0.0,1.0,1,69,1.0,0.0,0.51,0.0,0.0,0.0,1,21120.0
19,9,334,0,0,1,2,0.0,0.0,1.0,0.0,0.0,12,47,1.0,0.0,0.11,0.0,0.0,0.0,0,122784.0
22,9,208,8422,0,1,17,0.0,0.0,1.0,0.0,0.0,17,255,1.0,0.0,0.05,0.0,0.0,0.0,0,32358.0
19,5,0,0,0,0,58,1.0,1.0,0.1,0.07,0.0,255,26,0.1,0.06,0.0,1.0,1.0,0.0,1,115473.0
28,1,0,0,0,0,271,0.0,0.0,0.03,0.06,0.0,255,7,0.03,0.07,0.0,0.0,0.0,1.0,1,88497.0
11,9,33,33,0,0,1,0.0,0.0,1.0,0.0,0.8,255,240,0.94,0.01,0.0,0.0,0.0,0.0,0,95417.0
22,9,200,286,0,1,13,0.0,0.0,1.0,0.0,0.1,60,255,1.0,0.0,0.05,0.0,0.0,0.0,0,66967.0
45,5,0,0,0,0,218,1.0,1.0,0.03,0.07,0.0,255,14,0.05,0.07,0.0,1.0,1.0,0.0,1,50364.0
45,1,0,0,0,0,106,0.0,0.0,0.05,0.07,0.0,255,2,0.01,0.08,0.0,0.0,0.0,1.0,1,98498.0
17,5,0,0,0,0,205,1.0,1.0,0.01,0.07,0.0,255,3,0.01,0.07,0.0,1.0,1.0,0.0,1,42032.0
49,9,2209,340,0,1,1,0.0,0.0,1.0,0.0,0.0,63,197,0.75,0.06,0.01,0.0,0.0,0.0,0,53184.0
23,5,0,0,0,0,119,1.0,1.0,0.02,0.07,0.0,255,2,0.01,0.07,0.0,1.0,1.0,0.0,1,13612.0
19,9,71,0,0,0,2,0.0,0.0,0.5,1.0,0.0,255,5,0.02,0.98,0.0,0.97,0.0,0.0,0,24045.0
12,5,0,0,0,0,208,1.0,1.0,0.1,0.07,0.0,255,20,0.08,0.08,0.0,1.0,1.0,0.0,1,74492.0
22,9,300,707,0,1,4,0.0,0.0,1.0,0.0,0.0,255,255,1.0,0.0,0.0,0.0,0.0,0.0,0,64519.0
10,9,0,0,0,0,1,0.0,0.0,1.0,0.0,0.0,34,2,0.03,1.0,1.0,0.0,0.0,0.0,1,104000.0
11,9,45,45,0,0,206,0.0,0.0,1.0,0.0,0.0,255,255,1.0,0.0,0.0,0.0,0.0,0.0,0,112339.0
22,9,226,447,0,1,35,0.0,0.0,1.0,0.0,0.08,255,255,1.0,0.0,0.0,0.0,0.0,0.0,0,2626.0
22,9,257,1275,0,1,15,0.0,0.0,1.0,0.0,0.0,203,255,1.0,0.0,0.02,0.0,0.0,0.0,0,74542.0
22,9,253,272,0,1,5,0.0,0.0,1.0,0.0,0.0,36,255,1.0,0.0,0.04,0.0,0.0,0.0,0,68070.0
45,5,0,0,0,0,205,1.0,1.0,0.02,0.06,0.0,255,11,0.04,0.06,0.0,1.0,1.0,0.0,1,10957.0
45,9,1,0,0,0,11,0.0,0.0,1.0,0.0,0.0,255,11,0.04,0.51,0.0,0.03,0.0,0.0,1,34918.0
22,9,227,1885,0,1,7,0.0,0.0,1.0,0.0,0.0,71,255,1.0,0.0,0.03,0.0,0.0,0.0,0,78583.0
22,9,268,1158,0,1,12,0.0,0.0,1.0,0.0,0.07,25,255,1.0,0.0,0.07,0.0,0.0,0.0,0,100946.0
8,5,0,0,0,0,117,1.0,1.0,0.03,0.07,0.0,255,2,0.01,0.07,0.0,1.0,1.0,0.0,1,24688.0
13,9,8,0,0,0,1,0.0,0.0,1.0,0.0,1.0,2,37,1.0,0.0,0.51,0.0,0.0,0.0,1,22913.0
22,1,0,0,0,0,1,0.0,0.0,1.0,0.0,0.0,3,255,1.0,0.0,0.11,0.0,0.0,0.69,0,102401.0
56,2,0,0,0,0,293,0.0,0.0,0.07,0.06,0.0,255,20,0.08,0.07,0.0,0.0,0.0,1.0,1,109232.0
22,5,0,0,0,0,2,0.5,0.5,1.0,0.0,0.0,64,64,1.0,0.0,0.0,0.05,0.05,0.0,0,16844.0
22,1,0,0,0,0,1,0.0,0.0,1.0,0.0,0.0,32,255,1.0,0.0,0.06,0.0,0.0,0.82,0,114022.0
22,9,297,2120,0,1,26,0.0,0.0,1.0,0.0,0.0,255,255,1.0,0.0,0.0,0.0,0.0,0.0,0,13803.0
13,9,8,0,0,0,1,0.0,0.0,1.0,0.0,1.0,1,199,1.0,0.0,0.5,0.0,0.0,0.0,1,7140.0
45,5,0,0,0,0,141,1.0,1.0,0.09,0.06,0.0,255,8,0.03,0.07,0.0,1.0,1.0,0.0,1,109415.0
22,9,239,6507,0,1,20,0.0,0.0,1.0,0.0,0.1,78,255,1.0,0.0,0.03,0.0,0.0,0.0,0,86897.0
22,9,282,879,0,1,22,0.0,0.0,1.0,0.0,0.0,255,255,1.0,0.0,0.0,0.0,0.0,0.0,0,46815.0
50,5,0,0,0,0,179,1.0,1.0,0.06,0.07,0.0,255,11,0.04,0.08,0.0,1.0,1.0,0.0,1,67104.0
24,5,0,0,0,0,228,1.0,1.0,0.04,0.07,0.0,255,10,0.04,0.09,0.0,1.0,1.0,0.0,1,68776.0
55,9,92,780,0,0,1,0.0,0.0,1.0,0.0,0.0,39,13,0.33,0.08,0.0,0.0,0.0,0.0,0,93310.0
22,9,244,3825,0,1,14,0.0,0.0,1.0,0.0,0.0,47,255,1.0,0.0,0.02,0.0,0.0,0.0,0,50341.0
22,5,0,0,0,0,122,1.0,1.0,0.12,0.06,0.0,255,15,0.06,0.06,0.0,1.0,1.0,0.0,1,103137.0
45,5,0,0,0,0,218,1.0,1.0,0.02,0.06,0.0,255,6,0.02,0.05,0.0,1.0,1.0,0.0,1,7150.0
6,5,0,0,0,0,195,1.0,1.0,0.02,0.08,0.0,255,4,0.02,0.09,0.0,1.0,1.0,0.0,1,63529.0
22,9,259,1542,0,1,2,0.0,0.0,1.0,0.0,0.0,207,255,1.0,0.0,0.01,0.0,0.0,0.0,0,19876.0
22,9,233,1388,0,1,2,0.0,0.0,1.0,0.0,0.67,2,255,1.0,0.0,0.04,0.0,0.0,0.0,0,14849.0
22,9,279,440,0,1,16,0.0,0.0,1.0,0.0,0.11,255,255,1.0,0.0,0.0,0.0,0.0,0.0,0,100820.0
11,9,43,132,0,0,117,0.0,0.0,1.0,0.0,0.01,255,255,1.0,0.0,0.0,0.0,0.0,0.0,0,83723.0
6,1,0,0,0,0,259,0.0,0.0,0.04,0.07,0.0,255,10,0.04,0.07,0.0,0.0,0.0,1.0,1,15122.0
19,5,0,0,0,0,221,1.0,1.0,0.1,0.06,0.0,255,22,0.09,0.06,0.0,1.0,1.0,0.0,1,28671.0
22,9,225,1155,0,1,17,0.0,0.0,1.0,0.0,0.15,255,255,1.0,0.0,0.0,0.0,0.0,0.0,0,61155.0
11,9,44,115,0,0,1,0.0,0.0,1.0,0.0,0.75,69,65,0.94,0.03,0.0,0.0,0.0,0.0,0,42789.0
11,9,45,45,0,0,102,0.0,0.0,1.0,0.0,0.02,255,254,1.0,0.01,0.0,0.0,0.0,0.0,0,23759.0
7,5,0,0,0,0,192,1.0,1.0,0.01,0.07,0.0,255,2,0.01,0.06,0.0,1.0,1.0,0.0,1,96561.0
25,5,0,0,0,0,265,1.0,1.0,0.05,0.06,0.0,255,14,0.05,0.07,0.0,1.0,1.0,0.0,1,89991.0
49,9,1935,589,0,1,1,0.0,0.0,1.0,0.0,0.0,255,45,0.18,0.06,0.0,0.68,0.0,0.02,0,115483.0
49,9,673,331,0,1,1,0.0,0.0,1.0,0.0,1.0,77,120,0.64,0.06,0.03,0.0,0.0,0.0,0,33249.0
60,5,0,0,0,0,131,1.0,1.0,0.06,0.05,0.0,255,8,0.03,0.05,0.0,1.0,1.0,0.0,1,88034.0
52,9,6,0,0,0,509,0.02,0.0,0.0,1.0,0.0,255,1,0.0,1.0,0.0,0.02,0.0,0.0,1,9294.0
21,5,0,0,0,0,265,1.0,1.0,0.09,0.05,0.0,255,24,0.09,0.05,0.0,1.0,1.0,0.0,1,33170.0
40,4,1,0,0,0,2,0.0,0.0,1.0,0.0,0.0,255,2,0.01,0.74,0.0,0.0,0.0,1.0,1,12298.0
22,9,140,34577,0,1,2,0.0,0.0,1.0,0.0,0.67,255,255,1.0,0.0,0.0,0.0,0.0,0.0,0,34566.0
18,9,1197,2449,0,1,1,0.0,0.0,1.0,0.0,0.0,236,64,0.27,0.02,0.0,0.0,0.0,0.0,0,39727.0
11,9,32,0,0,0,1,0.0,0.0,1.0,0.0,1.0,215,36,0.15,0.03,0.06,0.0,0.0,0.0,0,38319.0
45,5,0,0,0,0,116,1.0,1.0,0.03,0.06,0.0,255,4,0.02,0.08,0.0,1.0,1.0,0.0,1,1939.0
22,9,54540,8314,0,1,3,0.0,0.0,1.0,0.0,0.0,65,65,1.0,0.0,0.0,0.0,0.0,0.18,0,99572.0
2,5,0,0,0,0,297,1.0,1.0,0.07,0.06,0.0,255,20,0.08,0.08,0.0,1.0,1.0,0.0,1,109613.0
56,5,0,0,0,0,240,1.0,1.0,0.05,0.06,0.0,255,12,0.05,0.07,0.0,1.0,1.0,0.0,1,87161.0
22,9,384,546,0,1,1,0.0,0.0,1.0,0.0,0.22,36,255,1.0,0.0,0.05,0.0,0.0,0.0,0,26408.0
26,1,0,0,0,0,135,0.06,0.0,0.01,1.0,0.0,255,1,0.0,0.73,0.0,0.03,0.0,1.0,1,76577.0
22,1,0,0,0,0,1,0.0,0.0,1.0,0.0,0.0,35,208,1.0,0.0,0.18,0.0,0.0,1.0,0,7573.0
45,5,0,0,0,0,216,1.0,1.0,0.01,0.06,0.0,255,4,0.02,0.08,0.0,1.0,1.0,0.0,1,6862.0
22,9,244,4431,0,1,9,0.0,0.0,1.0,0.0,0.17,111,115,1.0,0.0,0.02,0.0,0.0,0.0,0,41283.0
45,1,0,0,0,0,1,0.0,0.0,1.0,0.0,0.0,42,2,0.02,1.0,1.0,0.0,0.0,1.0,1,62083.0
22,9,217,1818,0,1,31,0.0,0.0,1.0,0.0,0.0,255,255,1.0,0.0,0.0,0.0,0.0,0.0,0,45152.0
22,9,326,273,0,1,6,0.0,0.0,1.0,0.0,0.0,255,248,0.97,0.01,0.0,0.0,0.0,0.01,0,112762.0
4,5,0,0,0,0,201,1.0,1.0,0.02,0.07,0.0,255,5,0.02,0.08,0.0,1.0,1.0,0.0,1,66888.0
45,5,0,0,0,0,137,1.0,1.0,0.12,0.05,0.0,255,4,0.02,0.07,0.0,1.0,1.0,0.0,1,49134.0
22,9,270,8673,0,1,3,0.0,0.0,1.0,0.0,0.0,190,255,1.0,0.0,0.02,0.0,0.0,0.0,0,43990.0
22,9,51,8127,0,1,1,0.0,0.0,1.0,0.0,0.0,255,241,0.95,0.01,0.0,0.0,0.0,0.0,0,117608.0
45,1,0,0,0,0,112,0.0,0.0,0.04,0.08,0.0,255,5,0.02,0.08,0.0,0.0,0.0,1.0,1,68227.0
20,5,0,0,0,0,254,1.0,1.0,0.0,0.07,0.0,255,1,0.0,0.07,0.0,1.0,1.0,0.0,1,30168.0
22,9,190,14768,0,1,4,0.0,0.0,1.0,0.0,0.0,4,255,1.0,0.0,0.04,0.0,0.0,0.0,0,44467.0
7,1,0,0,0,0,25,0.0,0.0,0.04,1.0,0.0,255,1,0.0,0.14,0.0,0.0,0.0,1.0,1,50351.0
22,1,0,0,0,0,247,0.0,0.0,0.01,0.07,0.0,255,3,0.01,0.07,0.0,0.0,0.0,1.0,1,108582.0
49,9,250691,328,0,1,1,0.0,0.0,1.0,0.0,1.0,91,233,0.96,0.02,0.01,0.0,0.0,0.0,0,102132.0
45,1,0,0,0,0,2,0.0,0.0,0.5,1.0,0.0,255,1,0.0,0.61,0.0,0.0,0.0,1.0,1,80409.0
22,9,200,280,0,1,11,0.0,0.0,1.0,0.0,0.0,255,255,1.0,0.0,0.0,0.0,0.0,0.0,0,14700.0
40,9,145,105,0,0,1,0.0,0.0,1.0,0.0,0.0,255,2,0.01,0.79,0.0,0.0,0.0,0.0,0,37214.0
2,5,0,0,0,0,209,1.0,1.0,0.07,0.06,0.0,255,16,0.06,0.07,0.0,1.0,1.0,0.0,1,64746.0
22,9,233,2239,0,1,3,0.0,0.0,1.0,0.0,0.05,255,250,0.98,0.01,0.0,0.0,0.0,0.0,0,85161.0
45,1,0,0,0,0,302,0.1,0.0,0.0,1.0,0.0,255,1,0.0,1.0,0.0,0.09,0.0,1.0,1,113130.0
22,9,300,358,0,1,3,0.0,0.0,1.0,0.0,0.0,9,255,1.0,0.0,0.02,0.0,0.0,0.0,0,54114.0
22,9,312,2607,0,1,6,0.0,0.0,1.0,0.0,0.0,255,255,1.0,0.0,0.0,0.0,0.0,0.0,0,4314.0
22,9,196,16493,0,1,1,0.0,0.0,1.0,0.0,0.0,255,255,1.0,0.0,0.0,0.0,0.0,0.0,0,83678.0
49,9,891,333,0,1,1,0.0,0.0,1.0,0.0,0.0,99,141,0.21,0.05,0.01,0.0,0.0,0.0,0,78666.0
22,9,316,3884,0,1,6,0.0,0.0,1.0,0.0,0.0,6,255,1.0,0.0,0.05,0.0,0.0,0.0,0,13663.0
13,9,8,0,0,0,1,0.0,0.0,1.0,0.0,1.0,2,8,1.0,0.0,0.62,0.0,0.0,0.0,1,66979.0
22,9,338,9755,0,1,1,0.0,0.0,1.0,0.0,0.0,45,255,1.0,0.0,0.07,0.0,0.01,0.0,0,19976.0
23,5,0,0,0,0,135,1.0,1.0,0.13,0.05,0.0,255,20,0.08,0.07,0.0,1.0,1.0,0.0,1,87519.0
38,5,0,0,0,0,216,1.0,1.0,0.11,0.06,0.0,255,24,0.09,0.06,0.0,1.0,1.0,0.0,1,77885.0
45,5,0,0,0,0,288,1.0,1.0,0.06,0.06,0.0,255,1,0.0,0.07,0.0,1.0,1.0,0.0,1,17169.0
56,5,0,0,0,0,119,1.0,1.0,0.15,0.06,0.0,255,2,0.01,0.06,0.0,1.0,1.0,0.0,1,57378.0
22,9,292,1603,0,1,14,0.0,0.0,1.0,0.0,0.13,14,255,1.0,0.0,0.05,0.0,0.0,0.0,0,96144.0
22,9,222,1521,0,1,1,0.0,0.0,1.0,0.0,0.18,53,255,1.0,0.0,0.01,0.0,0.0,0.0,0,91643.0
22,9,246,3295,0,1,5,0.0,0.0,1.0,0.0,0.33,36,255,1.0,0.0,0.02,0.0,0.0,0.0,0,699.0
45,5,0,0,0,0,40,1.0,1.0,0.1,0.12,0.0,255,4,0.02,0.07,0.0,1.0,1.0,0.0,1,125720.0
22,1,0,0,0,0,1,0.0,0.0,1.0,0.0,0.0,8,255,1.0,0.0,0.14,0.0,0.0,0.98,0,20844.0
22,9,214,5196,0,1,42,0.0,0.0,1.0,0.0,0.05,230,255,1.0,0.0,0.01,0.0,0.0,0.0,0,9763.0
22,9,208,2113,0,1,4,0.0,0.0,1.0,0.0,0.0,89,255,1.0,0.0,0.14,0.0,0.0,0.96,0,72995.0
29,5,0,0,0,0,234,1.0,1.0,0.04,0.06,0.0,255,9,0.04,0.07,0.0,1.0,1.0,0.0,1,3186.0
45,1,0,0,0,0,239,0.0,0.0,0.04,0.06,0.0,255,9,0.04,0.08,0.0,0.0,0.0,1.0,1,95169.0
55,5,0,0,0,0,14,1.0,1.0,0.29,0.29,0.0,255,51,0.2,0.05,0.0,1.0,1.0,0.0,1,52904.0
2,5,0,0,0,0,288,1.0,1.0,0.03,0.05,0.0,255,8,0.03,0.05,0.0,1.0,1.0,0.0,1,101698.0
45,1,0,0,0,0,224,0.0,0.0,0.05,0.07,0.0,255,23,0.09,0.08,0.0,0.0,0.0,1.0,1,73412.0
13,9,30,0,0,0,1,0.0,0.0,1.0,0.0,0.0,237,237,1.0,0.0,0.0,0.0,0.0,0.0,0,121224.0
22,1,0,0,0,0,1,0.0,0.0,1.0,0.0,0.0,86,77,0.9,0.02,0.0,0.0,0.0,1.0,0,122229.0
22,9,327,729,0,1,1,0.0,0.0,1.0,0.0,0.6,1,255,1.0,0.0,0.02,0.0,0.0,0.0,0,108098.0
22,9,287,2536,0,1,11,0.0,0.0,1.0,0.0,0.08,255,255,1.0,0.0,0.0,0.0,0.0,0.0,0,120709.0
18,9,1538,4152,0,1,1,0.0,0.0,1.0,0.0,0.0,251,49,0.2,0.02,0.0,0.0,0.0,0.0,0,123316.0
14,9,1032,0,0,0,511,0.0,0.0,1.0,0.0,0.0,255,145,0.57,0.04,0.0,0.0,0.0,0.0,1,19841.0
22,9,343,1121,0,1,5,0.0,0.0,1.0,0.0,0.31,134,255,1.0,0.0,0.01,0.0,0.0,0.0,0,116053.0
5,5,0,0,0,0,123,1.0,1.0,0.02,0.07,0.0,255,2,0.01,0.06,0.0,1.0,1.0,0.0,1,35982.0
22,9,270,10699,0,1,2,0.0,0.0,1.0,0.0,0.05,8,192,1.0,0.0,0.05,0.0,0.0,0.0,0,22617.0
22,9,340,11773,0,1,14,0.0,0.0,1.0,0.0,0.0,91,255,1.0,0.0,0.04,0.0,0.0,0.0,0,41681.0
19,9,334,0,0,1,2,0.0,0.0,1.0,0.0,0.0,2,4,1.0,0.0,0.5,0.0,0.0,0.0,0,122286.0
45,5,0,0,0,0,107,0.99,1.0,0.06,0.07,0.0,255,6,0.02,0.05,0.0,1.0,1.0,0.0,1,31571.0
17,5,0,0,0,0,17,1.0,1.0,0.47,0.12,0.0,255,58,0.23,0.04,0.0,1.0,1.0,0.0,1,45936.0
45,9,1,0,0,0,28,0.0,0.0,0.04,0.14,0.0,255,1,0.0,0.5,0.0,0.16,0.0,0.0,1,51767.0
22,9,216,760,0,1,26,0.0,0.0,1.0,0.0,0.0,255,255,1.0,0.0,0.0,0.0,0.0,0.0,0,55679.0
22,9,223,7937,0,1,11,0.0,0.0,1.0,0.0,0.0,255,255,1.0,0.0,0.0,0.0,0.0,0.0,0,59128.0
22,9,297,2007,0,1,12,0.0,0.07,1.0,0.0,0.14,64,255,1.0,0.0,0.04,0.0,0.0,0.0,0,11730.0
45,5,0,0,0,0,213,1.0,1.0,0.06,0.07,0.0,255,9,0.04,0.08,0.0,1.0,1.0,0.0,1,4402.0
45,1,0,0,0,0,136,0.0,0.0,0.08,0.06,0.0,255,17,0.07,0.06,0.0,0.0,0.0,1.0,1,121228.0
45,5,0,0,0,0,172,1.0,1.0,0.03,0.07,0.0,255,6,0.02,0.08,0.0,1.0,1.0,0.0,1,93795.0
40,1,0,0,0,0,510,0.1,0.0,0.0,1.0,0.0,255,1,0.0,1.0,0.0,0.15,0.0,1.0,1,29787.0
45,5,0,0,0,0,120,0.99,1.0,0.06,0.07,0.0,255,15,0.06,0.06,0.0,1.0,1.0,0.0,1,34176.0
22,9,209,3867,0,1,9,0.0,0.0,1.0,0.0,0.0,255,255,1.0,0.0,0.0,0.0,0.0,0.0,0,23304.0
22,9,241,261,0,1,30,0.0,0.0,1.0,0.0,0.0,255,255,1.0,0.0,0.0,0.0,0.0,0.0,0,107556.0
17,2,0,0,0,0,215,0.0,0.0,0.0,0.07,0.0,255,1,0.0,0.09,0.0,0.0,0.0,1.0,1,3922.0
26,5,0,0,0,0,144,1.0,1.0,0.06,0.06,0.0,255,3,0.01,0.07,0.0,1.0,1.0,0.0,1,29353.0
23,1,0,0,0,0,1,0.0,0.0,1.0,0.0,0.0,255,19,0.07,0.19,0.0,0.4,0.95,0.05,1,120844.0
22,9,316,608,0,1,8,0.0,0.0,1.0,0.0,0.2,255,255,1.0,0.0,0.0,0.0,0.0,0.0,0,121695.0
45,4,0,0,0,0,1,0.0,0.0,1.0,0.0,0.0,255,1,0.0,0.79,0.0,0.0,0.0,1.0,1,42562.0
35,5,0,0,0,0,241,1.0,1.0,0.01,0.07,0.0,255,20,0.08,0.07,0.0,1.0,1.0,0.0,1,73355.0
13,9,8,0,0,0,1,0.0,0.0,1.0,0.0,1.0,2,150,1.0,0.0,0.5,0.0,0.0,0.0,1,66856.0
13,9,8,0,0,0,1,0.0,0.0,1.0,0.0,1.0,2,176,1.0,0.0,0.5,0.0,0.0,0.0,1,20592.0
22,9,311,1128,0,1,7,0.0,0.0,1.0,0.0,0.0,7,255,1.0,0.0,0.02,0.0,0.0,0.0,0,19224.0
53,4,1,0,0,0,2,0.0,0.0,1.0,0.0,0.0,255,2,0.01,0.38,0.0,0.0,0.0,1.0,1,77640.0
22,9,323,4580,0,1,9,0.0,0.0,1.0,0.0,0.18,255,255,1.0,0.0,0.0,0.0,0.0,0.02,0,102209.0
13,9,18,0,0,0,1,0.0,0.0,1.0,0.0,0.0,3,183,1.0,0.0,0.25,0.0,0.0,0.0,1,90988.0
22,9,264,295,0,1,7,0.0,0.0,1.0,0.0,0.0,255,255,1.0,0.0,0.0,0.0,0.0,0.0,0,1758.0
45,4,1,0,0,0,2,0.0,0.0,1.0,0.0,0.0,255,2,0.01,0.78,0.0,0.0,0.0,1.0,1,99779.0
6,5,0,0,0,0,115,1.0,1.0,0.15,0.06,0.0,255,15,0.06,0.07,0.0,1.0,1.0,0.0,1,44671.0
45,5,0,0,0,0,291,1.0,1.0,0.03,0.05,0.0,255,1,0.0,0.08,0.0,1.0,1.0,0.0,1,97395.0
62,5,0,0,0,0,283,1.0,1.0,0.07,0.06,0.0,255,19,0.07,0.08,0.0,1.0,1.0,0.0,1,40511.0
13,9,8,0,0,0,1,0.0,0.0,1.0,0.0,1.0,2,32,1.0,0.0,0.53,0.0,0.0,0.0,1,114153.0
45,1,0,0,0,0,462,0.05,0.0,0.0,1.0,0.0,255,1,0.0,1.0,0.0,0.08,0.0,1.0,1,91247.0
22,9,326,10931,0,1,8,0.0,0.0,1.0,0.0,0.0,86,255,1.0,0.0,0.02,0.0,0.0,0.0,0,102384.0
22,9,298,803,0,1,34,0.0,0.0,1.0,0.0,0.06,69,255,1.0,0.0,0.02,0.0,0.0,0.0,0,5096.0
45,5,0,0,0,0,211,1.0,1.0,0.11,0.05,0.0,152,23,0.15,0.07,0.0,0.91,1.0,0.0,1,67027.0
54,5,0,0,0,0,202,1.0,1.0,0.01,0.06,0.0,255,8,0.03,0.07,0.0,1.0,1.0,0.0,1,120160.0
45,5,0,0,0,0,284,1.0,1.0,0.05,0.06,0.0,255,3,0.01,0.08,0.0,1.0,1.0,0.0,1,38425.0
19,9,2194619,0,0,1,2,0.0,0.0,1.0,0.0,0.0,203,107,0.53,0.02,0.0,0.0,0.0,0.0,0,81198.0
26,5,0,0,0,0,101,1.0,1.0,0.15,0.06,0.0,255,12,0.05,0.06,0.0,1.0,1.0,0.0,1,122604.0
45,5,0,0,0,0,133,1.0,1.0,0.1,0.07,0.0,255,33,0.13,0.06,0.0,1.0,1.0,0.0,1,21449.0
19,5,0,0,0,0,37,1.0,1.0,0.16,0.11,0.0,255,64,0.25,0.02,0.0,1.0,1.0,0.0,1,1263.0
52,5,0,0,0,0,242,1.0,1.0,0.07,0.05,0.0,255,18,0.07,0.06,0.0,1.0,1.0,0.0,1,36885.0
19,9,0,5020,0,1,3,0.0,0.0,1.0,0.0,0.0,3,3,1.0,0.0,0.0,0.0,0.0,0.0,0,118838.0
49,9,966,322,0,1,1,0.0,0.0,1.0,0.0,0.0,255,146,0.57,0.02,0.0,0.0,0.0,0.0,0,109784.0
11,9,44,70,0,0,237,0.0,0.0,1.0,0.0,0.01,255,194,0.76,0.01,0.0,0.0,0.0,0.0,0,55928.0
22,9,168,10388,0,1,1,0.0,0.0,1.0,0.0,0.13,1,255,1.0,0.0,0.03,0.0,0.0,0.0,0,8082.0
22,9,294,4709,0,1,12,0.0,0.0,1.0,0.0,0.08,12,255,1.0,0.0,0.03,0.0,0.0,0.0,0,80630.0
49,9,1514,328,0,1,1,0.0,0.0,1.0,0.0,1.0,255,156,0.61,0.02,0.0,0.0,0.01,0.0,0,93440.0
17,9,0,0,0,0,1,0.0,0.0,1.0,0.0,0.0,60,8,0.02,1.0,0.38,0.0,0.0,0.0,1,110360.0
45,1,0,0,0,0,511,0.07,0.0,0.0,1.0,0.0,255,1,0.0,1.0,0.0,0.1,0.0,1.0,1,4527.0
11,9,43,85,0,0,265,0.0,0.0,1.0,0.0,0.0,255,254,1.0,0.01,0.0,0.0,0.0,0.0,0,45040.0
34,5,0,0,0,0,251,1.0,1.0,0.04,0.06,0.0,255,20,0.08,0.07,0.0,1.0,1.0,0.0,1,112496.0
14,9,1032,0,0,0,274,0.0,0.0,1.0,0.0,0.0,255,255,1.0,0.0,0.0,0.0,0.0,0.0,1,109896.0
22,9,385,361,0,1,2,0.0,0.0,1.0,0.0,0.43,22,231,1.0,0.0,0.22,0.0,0.0,0.81,0,13038.0
40,9,147,105,0,0,1,0.0,0.0,1.0,0.0,0.0,255,3,0.01,0.59,0.0,0.0,0.0,0.0,0,28020.0
14,9,520,0,0,0,449,0.0,0.0,1.0,0.0,0.0,234,234,1.0,0.0,0.0,0.0,0.0,0.0,1,67711.0
49,9,1386,391,0,1,116,0.0,0.0,0.01,0.07,1.0,255,1,0.0,0.06,0.0,0.0,0.0,0.0,0,102451.0
45,5,0,0,0,0,291,1.0,1.0,0.04,0.05,0.0,255,18,0.07,0.06,0.0,1.0,1.0,0.0,1,68805.0
22,9,213,37236,0,1,6,0.0,0.0,1.0,0.0,0.0,48,255,1.0,0.0,0.04,0.0,0.0,0.0,0,40722.0
22,9,235,253,0,1,6,0.0,0.0,1.0,0.0,0.0,158,255,1.0,0.0,0.01,0.01,0.01,0.0,0,61342.0
53,5,0,0,0,0,60,1.0,1.0,0.23,0.1,0.0,255,15,0.06,0.08,0.0,1.0,1.0,0.0,1,13721.0
45,1,0,0,0,0,229,0.0,0.0,0.04,0.07,0.0,255,10,0.04,0.07,0.0,0.0,0.0,1.0,1,22645.0
14,9,1480,0,1,0,9,0.0,0.0,1.0,0.0,0.0,255,9,0.04,0.02,0.0,0.0,0.0,0.0,0,12164.0
45,5,0,0,0,0,226,1.0,1.0,0.08,0.05,0.0,255,18,0.07,0.07,0.0,1.0,1.0,0.0,1,29683.0
22,9,257,2917,0,1,6,0.0,0.0,1.0,0.0,0.29,255,255,1.0,0.0,0.0,0.0,0.0,0.0,0,84766.0
45,5,0,0,0,0,264,1.0,1.0,0.02,0.06,0.0,255,6,0.02,0.07,0.0,1.0,1.0,0.0,1,92276.0
22,9,320,2367,0,1,5,0.0,0.0,1.0,0.0,0.2,255,255,1.0,0.0,0.0,0.0,0.0,0.0,0,22702.0
35,5,0,0,0,0,232,1.0,1.0,0.09,0.06,0.0,255,20,0.08,0.08,0.0,1.0,1.0,0.0,1,51596.0
16,5,0,0,0,0,146,1.0,1.0,0.11,0.05,0.0,255,16,0.06,0.05,0.0,1.0,1.0,0.0,1,109283.0
22,9,54540,8314,0,1,5,0.0,0.0,1.0,0.0,0.33,255,255,1.0,0.0,0.0,0.0,0.0,0.06,0,116059.0
22,9,295,19854,0,1,4,0.0,0.0,1.0,0.0,0.18,255,255,1.0,0.0,0.0,0.0,0.0,0.0,0,73819.0
14,9,64,0,0,0,3,0.0,0.0,1.0,0.0,0.0,43,3,0.07,0.07,0.0,0.0,0.0,0.0,0,62475.0
22,9,328,1218,0,1,20,0.0,0.0,1.0,0.0,0.11,20,91,1.0,0.0,0.2,0.0,0.0,0.78,0,100082.0
45,9,105,147,0,0,2,0.0,0.0,1.0,0.0,0.0,61,23,0.38,0.05,0.0,0.0,0.0,0.0,0,14296.0
19,9,63,0,0,1,2,0.0,0.0,1.0,0.0,0.0,4,8,0.5,0.5,0.25,0.0,0.0,0.0,0,57827.0
22,9,323,608,0,1,24,0.0,0.0,1.0,0.0,0.0,255,255,1.0,0.0,0.0,0.0,0.0,0.0,0,67780.0
22,9,279,914,0,1,5,0.0,0.0,1.0,0.0,0.08,255,255,1.0,0.0,0.0,0.0,0.0,0.0,0,119742.0
11,9,43,43,0,0,193,0.0,0.0,0.99,0.01,0.0,255,254,1.0,0.01,0.0,0.0,0.0,0.0,0,93335.0
61,5,0,0,0,0,227,1.0,1.0,0.02,0.06,0.0,255,5,0.02,0.06,0.0,1.0,1.0,0.0,1,92904.0
45,5,0,0,0,0,101,1.0,1.0,0.02,0.07,0.0,255,7,0.03,0.08,0.0,1.0,1.0,0.0,1,82092.0
13,9,8,0,0,0,1,0.0,0.0,1.0,0.0,1.0,4,72,1.0,0.0,0.25,0.0,0.0,0.0,1,107618.0
62,5,0,0,0,0,137,1.0,1.0,0.05,0.08,0.0,255,7,0.03,0.07,0.0,1.0,1.0,0.0,1,49754.0
45,5,0,0,0,0,182,1.0,1.0,0.02,0.05,0.0,255,3,0.01,0.06,0.0,1.0,1.0,0.0,1,101521.0
22,9,248,336,0,1,13,0.0,0.0,1.0,0.0,0.14,255,255,1.0,0.0,0.0,0.0,0.0,0.01,0,43110.0
22,9,356,3972,0,1,25,0.0,0.0,1.0,0.0,0.0,255,255,1.0,0.0,0.0,0.0,0.0,0.0,0,63190.0
45,9,1,0,0,0,76,0.0,0.0,0.64,0.05,0.0,255,112,0.44,0.05,0.0,0.0,0.0,0.0,1,82101.0
19,9,334,0,0,1,1,0.0,0.0,1.0,0.0,0.0,4,29,1.0,0.0,0.17,0.0,0.03,0.0,0,41969.0
45,1,0,0,0,0,232,0.0,0.0,0.0,0.07,0.0,255,1,0.0,0.09,0.0,0.0,0.0,1.0,1,124468.0
38,5,0,0,0,0,296,1.0,1.0,0.02,0.05,0.0,255,7,0.03,0.05,0.0,1.0,1.0,0.0,1,40068.0
38,2,0,0,0,0,105,0.0,0.0,0.01,0.09,0.0,255,1,0.0,0.07,0.0,0.0,0.0,1.0,1,69857.0
22,9,323,278,0,1,7,0.0,0.0,1.0,0.0,0.3,189,255,1.0,0.0,0.02,0.0,0.0,0.0,0,45706.0
22,9,224,966,0,1,1,0.0,0.0,1.0,0.0,0.0,54,255,1.0,0.0,0.03,0.0,0.0,0.0,0,3881.0
3,5,0,0,0,0,218,1.0,1.0,0.04,0.06,0.0,255,9,0.04,0.05,0.0,1.0,1.0,0.0,1,29482.0
45,5,0,0,0,0,108,1.0,1.0,0.18,0.06,0.0,255,19,0.07,0.05,0.0,1.0,1.0,0.0,1,20775.0
19,5,0,0,0,0,236,1.0,0.95,0.08,0.06,0.1,255,3,0.01,0.07,0.0,1.0,1.0,0.0,1,54507.0
48,5,0,0,0,0,68,1.0,1.0,0.29,0.06,0.0,255,20,0.08,0.05,0.0,1.0,1.0,0.0,1,95725.0
45,5,0,0,0,0,274,1.0,1.0,0.07,0.05,0.0,255,19,0.07,0.05,0.0,1.0,1.0,0.0,1,32956.0
45,5,0,0,0,0,116,1.0,1.0,0.07,0.05,0.0,255,8,0.03,0.05,0.0,1.0,1.0,0.0,1,91343.0
3,1,0,0,0,0,209,0.0,0.0,0.02,0.07,0.0,255,5,0.02,0.08,0.0,0.0,0.0,1.0,1,105616.0
22,5,0,0,0,0,12,1.0,1.0,0.58,0.33,0.0,255,67,0.26,0.02,0.0,1.0,1.0,0.0,1,29332.0
22,9,212,4329,0,1,15,0.0,0.0,1.0,0.0,0.0,255,255,1.0,0.0,0.0,0.0,0.0,0.0,0,31409.0
53,5,0,0,0,0,107,1.0,1.0,0.05,0.09,0.0,255,5,0.02,0.08,0.0,1.0,1.0,0.0,1,79044.0
42,5,0,0,0,0,242,1.0,1.0,0.03,0.05,0.0,255,8,0.03,0.05,0.0,1.0,1.0,0.0,1,19482.0
11,9,44,130,0,0,103,0.0,0.0,1.0,0.0,0.01,255,254,1.0,0.01,0.0,0.0,0.0,0.0,0,115082.0
11,9,42,131,0,0,111,0.0,0.0,1.0,0.0,0.0,255,201,0.79,0.01,0.0,0.0,0.0,0.0,0,40382.0
40,5,0,0,0,0,361,0.09,1.0,0.0,1.0,0.0,255,1,0.0,1.0,0.0,0.11,1.0,0.0,1,83092.0
40,9,147,0,0,0,2,0.0,0.0,0.5,1.0,0.0,255,3,0.01,0.58,0.0,0.0,0.0,0.0,0,102149.0
22,9,250,538,0,1,1,0.0,0.0,1.0,0.0,0.5,43,255,1.0,0.0,0.05,0.02,0.0,0.0,0,55307.0
29,10,0,0,0,0,1,1.0,1.0,1.0,0.0,0.0,255,1,0.0,1.0,0.0,1.0,1.0,0.0,1,64613.0
13,9,8,0,0,0,1,0.0,0.0,1.0,0.0,1.0,2,14,1.0,0.0,0.5,0.0,0.0,0.0,1,116710.0
11,9,44,44,0,0,201,0.0,0.0,1.0,0.0,0.0,255,255,1.0,0.0,0.0,0.0,0.0,0.0,0,3541.0
11,9,44,73,0,0,241,0.0,0.0,1.0,0.0,0.0,255,230,0.9,0.01,0.0,0.0,0.0,0.0,0,78687.0
45,5,0,0,0,0,109,1.0,1.0,0.08,0.07,0.0,255,14,0.05,0.05,0.0,1.0,1.0,0.0,1,24879.0
22,9,213,1963,0,1,14,0.0,0.0,1.0,0.0,0.13,255,255,1.0,0.0,0.0,0.0,0.0,0.0,0,22281.0
45,5,0,0,0,0,187,1.0,1.0,0.09,0.06,0.0,255,17,0.07,0.08,0.0,1.0,1.0,0.0,1,113439.0
59,2,0,0,0,0,114,0.0,0.0,0.01,0.07,0.0,255,1,0.0,0.08,0.0,0.0,0.0,1.0,1,41362.0
13,9,8,0,0,0,1,0.0,0.0,1.0,0.0,1.0,1,77,1.0,0.0,0.26,0.0,0.0,0.0,1,86484.0
40,9,147,0,0,0,2,0.0,0.0,0.5,1.0,0.0,255,2,0.01,0.64,0.0,0.0,0.0,0.0,0,17924.0
22,1,0,0,0,0,3,0.0,0.0,1.0,0.0,0.0,255,255,1.0,0.0,0.0,0.0,0.0,0.0,0,58220.0
8,5,0,0,0,0,259,1.0,1.0,0.02,0.07,0.0,255,7,0.03,0.08,0.0,1.0,1.0,0.0,1,88179.0
30,5,0,0,0,0,140,1.0,1.0,0.13,0.06,0.0,255,18,0.07,0.06,0.0,1.0,1.0,0.0,1,81497.0
45,4,1,0,0,0,2,0.0,0.0,1.0,0.0,0.0,255,2,0.01,0.74,0.0,0.0,0.0,1.0,1,107242.0
45,9,1,0,0,0,51,0.0,0.0,0.47,0.08,0.0,255,90,0.35,0.06,0.0,0.0,0.0,0.0,1,36892.0
40,9,1,0,0,0,91,0.0,0.0,0.01,0.05,0.0,255,1,0.0,0.06,0.0,0.0,0.0,0.0,1,61851.0
45,5,0,0,0,0,279,1.0,1.0,0.08,0.05,0.0,255,23,0.09,0.05,0.0,1.0,1.0,0.0,1,1088.0
52,5,0,0,0,0,133,1.0,1.0,0.03,0.06,0.0,255,4,0.02,0.06,0.0,1.0,1.0,0.0,1,14932.0
30,5,0,0,0,0,134,1.0,1.0,0.1,0.06,0.0,255,13,0.05,0.05,0.0,1.0,1.0,0.0,1,83706.0
22,9,230,1587,0,1,11,0.0,0.0,1.0,0.0,0.12,255,255,1.0,0.0,0.0,0.0,0.0,0.0,0,13978.0
22,9,196,3282,0,1,8,0.0,0.0,1.0,0.0,0.22,255,255,1.0,0.0,0.0,0.0,0.0,0.0,0,355.0
22,9,229,5105,0,1,3,0.0,0.0,1.0,0.0,0.0,18,255,1.0,0.0,0.02,0.0,0.0,0.0,0,11665.0
22,9,281,2751,0,1,7,0.0,0.0,1.0,0.0,0.0,24,255,1.0,0.0,0.07,0.0,0.0,0.0,0,20429.0
45,5,0,0,0,0,284,1.0,1.0,0.04,0.06,0.0,255,9,0.04,0.07,0.0,1.0,1.0,0.0,1,21563.0
49,9,1193,281,0,1,1,0.0,0.0,1.0,0.0,0.0,192,121,0.45,0.04,0.02,0.0,0.0,0.0,0,61956.0
13,9,8,0,0,0,1,0.0,0.0,1.0,0.0,1.0,4,4,1.0,0.0,0.0,0.0,0.0,0.0,1,71838.0
19,5,0,0,0,0,28,1.0,1.0,0.25,0.14,0.0,255,64,0.25,0.02,0.0,1.0,1.0,0.0,1,46453.0
22,9,239,968,0,1,17,0.0,0.0,1.0,0.0,0.0,17,253,1.0,0.0,0.03,0.0,0.0,0.0,0,80876.0
40,9,147,105,0,0,4,0.0,0.0,0.5,0.5,0.0,255,2,0.01,0.84,0.0,0.0,0.0,0.0,0,32478.0
61,1,0,0,0,0,201,0.0,0.0,0.0,0.07,0.0,255,1,0.0,0.09,0.0,0.0,0.0,1.0,1,79313.0
19,9,5336,0,0,1,12,0.0,0.0,1.0,0.0,0.0,157,90,0.57,0.03,0.0,0.0,0.0,0.0,0,102475.0
55,9,277,693,0,0,1,0.0,0.0,1.0,0.0,0.0,1,1,1.0,0.0,0.0,0.0,0.0,0.0,0,108500.0
31,1,0,0,0,0,104,0.0,0.0,0.17,0.08,0.0,255,1,0.0,0.09,0.0,0.0,0.0,1.0,1,13043.0
45,1,0,0,0,0,1,0.0,0.0,1.0,0.0,0.0,46,2,0.02,1.0,1.0,0.0,0.0,1.0,1,99625.0
45,5,0,0,0,0,55,1.0,1.0,0.36,0.07,0.0,255,7,0.03,0.07,0.0,1.0,1.0,0.0,1,33990.0
59,5,0,0,0,0,148,1.0,1.0,0.12,0.06,0.0,255,11,0.04,0.07,0.0,1.0,1.0,0.0,1,14885.0
19,9,1030,0,0,1,2,0.0,0.0,1.0,0.0,0.0,8,8,1.0,0.0,0.0,0.0,0.0,0.0,0,62132.0
22,9,201,7911,0,1,20,0.0,0.0,1.0,0.0,0.0,180,255,1.0,0.0,0.04,0.0,0.0,0.0,0,64067.0
22,9,284,577,0,1,7,0.0,0.0,1.0,0.0,0.25,7,255,1.0,0.0,0.02,0.0,0.0,0.0,0,64770.0
13,9,8,0,0,0,1,0.0,0.0,1.0,0.0,1.0,2,138,1.0,0.0,0.25,0.0,0.0,0.0,1,62028.0
55,5,0,0,0,0,105,1.0,1.0,0.08,0.06,0.0,255,8,0.03,0.07,0.0,1.0,1.0,0.0,1,21715.0
22,9,331,8720,0,1,19,0.0,0.0,1.0,0.0,0.0,255,255,1.0,0.0,0.0,0.0,0.0,0.0,0,104512.0
11,9,45,81,0,0,110,0.0,0.0,1.0,0.0,0.0,255,255,1.0,0.0,0.0,0.0,0.0,0.0,0,70405.0
14,9,1032,0,0,0,511,0.0,0.0,1.0,0.0,0.0,255,175,0.69,0.02,0.0,0.0,0.0,0.0,1,96988.0
22,9,214,15405,0,1,7,0.0,0.0,1.0,0.0,0.25,115,255,1.0,0.0,0.01,0.0,0.0,0.01,0,104031.0
13,9,8,0,0,0,1,0.0,0.0,1.0,0.0,1.0,1,87,1.0,0.0,0.51,0.0,0.0,0.0,1,14526.0
11,9,45,140,0,0,79,0.0,0.0,1.0,0.0,0.01,217,154,0.71,0.02,0.0,0.0,0.0,0.0,0,34447.0
23,1,0,0,0,0,149,0.0,0.0,0.05,0.06,0.0,255,8,0.03,0.06,0.0,0.0,0.0,1.0,1,65719.0
49,9,1555,337,0,1,1,0.0,0.0,1.0,0.0,1.0,17,198,0.47,0.24,0.01,0.0,0.0,0.0,0,42864.0
24,5,0,0,0,0,283,1.0,1.0,0.02,0.06,0.0,255,2,0.01,0.07,0.0,1.0,1.0,0.0,1,41516.0
22,9,348,354,0,1,12,0.0,0.0,1.0,0.0,0.0,255,255,1.0,0.0,0.0,0.0,0.0,0.0,0,122016.0
22,9,54540,8314,0,1,2,0.0,0.0,1.0,0.0,0.75,255,255,1.0,0.0,0.0,0.0,0.0,0.02,0,15250.0
13,9,8,0,0,0,1,0.0,0.0,1.0,0.0,1.0,2,102,1.0,0.0,0.5,0.0,0.0,0.0,1,28922.0
22,9,185,1466,0,1,9,0.0,0.0,1.0,0.0,0.19,9,255,1.0,0.0,0.04,0.0,0.0,0.0,0,31692.0
11,9,42,42,0,0,8,0.0,0.0,1.0,0.0,0.15,255,255,1.0,0.0,0.0,0.0,0.0,0.0,0,58605.0
45,5,0,0,0,0,251,1.0,1.0,0.03,0.06,0.0,255,7,0.03,0.07,0.0,1.0,1.0,0.0,1,78945.0
22,9,313,2448,0,1,15,0.0,0.0,1.0,0.0,0.25,255,255,1.0,0.0,0.0,0.0,0.0,0.0,0,100066.0
55,9,92,779,0,0,1,0.0,0.0,1.0,0.0,0.0,72,2,0.03,0.99,0.0,0.0,0.0,0.5,0,34228.0
14,9,1032,0,0,0,17,0.0,0.0,1.0,0.0,0.0,162,68,0.42,0.04,0.0,0.01,0.0,0.0,0,58365.0
22,9,212,2606,0,1,32,0.0,0.0,1.0,0.0,0.09,255,255,1.0,0.0,0.0,0.0,0.0,0.0,0,48764.0
22,9,286,421,0,1,6,0.0,0.0,1.0,0.0,0.0,255,255,1.0,0.0,0.0,0.0,0.0,0.0,0,85467.0
50,5,0,0,0,0,203,1.0,1.0,0.09,0.05,0.0,255,18,0.07,0.06,0.0,1.0,1.0,0.0,1,73218.0
54,1,0,0,0,0,98,0.01,0.0,0.01,1.0,0.0,255,1,0.0,0.4,0.0,0.0,0.0,1.0,1,36343.0
18,9,1148,3380,0,1,1,0.0,0.0,1.0,0.0,0.0,1,1,1.0,0.0,0.0,0.0,0.0,0.0,0,33142.0
22,9,307,3222,0,1,7,0.0,0.0,1.0,0.0,0.0,255,254,1.0,0.01,0.0,0.0,0.0,0.0,0,18302.0
45,9,105,0,0,0,1,0.0,0.0,1.0,0.0,0.0,19,11,0.58,0.16,0.0,0.0,0.0,0.0,0,72302.0
19,9,12,0,0,1,2,0.0,0.0,1.0,0.0,0.0,45,99,0.56,0.11,0.02,0.0,0.0,0.0,0,47146.0
49,5,0,0,0,0,17,1.0,1.0,1.0,0.0,0.0,199,144,0.49,0.01,0.01,0.99,0.67,0.0,1,114855.0
45,5,0,0,0,0,123,1.0,1.0,0.07,0.07,0.0,255,6,0.02,0.07,0.0,1.0,1.0,0.0,1,23633.0
17,5,0,0,0,0,68,1.0,1.0,0.28,0.06,0.0,255,60,0.24,0.02,0.0,1.0,1.0,0.0,1,56428.0
13,9,8,0,0,0,1,0.0,0.0,1.0,0.0,1.0,2,48,1.0,0.0,0.52,0.0,0.0,0.0,1,3388.0
22,9,275,1102,0,1,12,0.0,0.0,1.0,0.0,0.15,255,255,1.0,0.0,0.0,0.0,0.0,0.0,0,94483.0
49,6,50,156,0,1,1,1.0,1.0,1.0,0.0,0.0,84,153,0.69,0.2,0.01,0.04,0.03,0.0,0,80136.0
31,5,0,0,0,0,254,1.0,1.0,0.07,0.07,0.0,255,18,0.07,0.07,0.0,1.0,1.0,0.0,1,88370.0
22,9,258,392,0,1,4,0.0,0.0,1.0,0.0,0.18,74,255,1.0,0.0,0.03,0.01,0.01,0.01,0,44449.0
45,1,0,0,0,0,103,0.0,0.0,0.06,0.06,0.0,255,6,0.02,0.05,0.0,0.0,0.0,1.0,1,60058.0
22,9,286,1319,0,1,10,0.0,0.0,1.0,0.0,0.0,28,255,1.0,0.0,0.03,0.0,0.01,0.0,0,95719.0
22,9,346,269,0,1,11,0.0,0.0,1.0,0.0,0.15,255,255,1.0,0.0,0.0,0.0,0.0,0.0,0,63935.0
14,9,520,0,0,0,483,0.0,0.0,1.0,0.0,0.0,80,80,1.0,0.0,0.0,0.0,0.0,0.0,1,97401.0
19,9,151,0,0,0,1,0.0,0.0,1.0,0.0,0.0,57,37,0.33,0.07,0.05,0.0,0.0,0.0,0,21871.0
11,9,43,131,0,0,164,0.0,0.0,0.99,0.01,0.01,166,127,0.77,0.02,0.0,0.0,0.0,0.0,0,48558.0
12,2,0,0,0,0,267,0.0,0.0,0.03,0.06,0.0,255,9,0.04,0.09,0.0,0.0,0.0,1.0,1,80398.0
40,9,146,105,0,0,2,0.0,0.0,1.0,0.0,0.0,255,2,0.01,0.67,0.0,0.0,0.0,0.0,0,70456.0
22,9,236,1185,0,1,6,0.0,0.0,1.0,0.0,0.0,9,255,1.0,0.0,0.01,0.0,0.0,0.0,0,54462.0
45,1,0,0,0,0,130,0.0,0.0,0.12,0.06,0.0,205,16,0.08,0.06,0.0,0.0,0.0,1.0,1,119378.0
22,9,327,2129,0,1,12,0.0,0.0,1.0,0.0,0.2,12,255,1.0,0.0,0.05,0.0,0.0,0.0,0,44888.0
22,9,221,321,0,1,2,0.0,0.0,1.0,0.0,0.0,2,255,1.0,0.0,0.04,0.0,0.01,0.01,0,64718.0
22,9,329,633,0,1,3,0.0,0.0,1.0,0.0,0.5,223,255,1.0,0.0,0.02,0.0,0.0,0.0,0,31895.0
60,5,0,0,0,0,257,1.0,1.0,0.08,0.05,0.0,255,20,0.08,0.07,0.0,1.0,1.0,0.0,1,117778.0
40,9,516,4,0,0,418,0.0,0.0,1.0,0.0,0.0,255,255,1.0,0.0,0.0,0.0,0.0,0.0,0,107574.0
22,9,208,1903,0,1,13,0.0,0.0,1.0,0.0,0.0,255,255,1.0,0.0,0.0,0.0,0.0,0.0,0,29571.0
45,5,0,0,0,0,205,1.0,1.0,0.02,0.05,0.0,65,4,0.06,0.12,0.0,0.97,1.0,0.0,1,26702.0
22,9,273,3145,0,1,4,0.0,0.0,1.0,0.0,0.0,4,255,1.0,0.0,0.05,0.0,0.0,0.0,0,13094.0
40,9,147,105,0,0,4,0.0,0.0,0.5,0.5,0.0,255,4,0.02,0.78,0.0,0.0,0.0,0.0,0,103100.0
37,5,0,0,0,0,140,1.0,1.0,0.08,0.06,0.0,255,6,0.02,0.06,0.0,1.0,1.0,0.0,1,52843.0
13,9,18,0,0,0,1,0.0,0.0,1.0,0.0,0.0,1,148,1.0,0.0,1.0,0.0,0.0,0.0,1,48900.0
45,5,0,0,0,0,131,1.0,1.0,0.02,0.06,0.0,255,15,0.06,0.07,0.0,1.0,1.0,0.0,1,115328.0
22,9,216,265,0,1,15,0.0,0.0,1.0,0.0,0.0,42,255,1.0,0.0,0.05,0.0,0.0,0.0,0,119204.0
45,5,0,0,0,0,277,1.0,1.0,0.04,0.06,0.0,255,13,0.05,0.08,0.0,1.0,1.0,0.0,1,117213.0
22,9,308,1248,0,1,3,0.0,0.0,1.0,0.0,0.33,255,255,1.0,0.0,0.0,0.0,0.0,0.0,0,87268.0
13,9,8,0,0,0,1,0.0,0.0,1.0,0.0,1.0,2,98,1.0,0.0,0.5,0.0,0.0,0.0,1,13939.0
19,9,20,0,0,0,1,0.0,0.0,1.0,0.0,0.0,69,34,0.17,0.06,0.06,0.0,0.0,0.0,0,93712.0
22,9,277,2295,0,1,1,0.0,0.0,1.0,0.0,0.0,47,47,1.0,0.0,0.0,0.0,0.0,0.0,0,119388.0
22,9,54540,8314,0,1,2,0.0,0.0,1.0,0.0,0.0,94,94,1.0,0.0,0.0,0.0,0.0,0.01,0,121600.0
22,9,220,1109,0,1,11,0.0,0.0,1.0,0.0,0.17,163,255,1.0,0.0,0.01,0.0,0.0,0.0,0,14782.0
22,9,220,45263,0,1,42,0.0,0.0,1.0,0.0,0.0,42,255,1.0,0.0,0.03,0.0,0.0,0.0,0,36098.0
45,5,0,0,0,0,248,1.0,1.0,0.05,0.07,0.0,255,13,0.05,0.08,0.0,1.0,1.0,0.0,1,88544.0
13,9,8,0,0,0,1,0.0,0.0,1.0,0.0,1.0,1,61,1.0,0.0,0.26,0.0,0.0,0.0,1,71456.0
45,9,105,146,0,0,2,0.0,0.0,1.0,0.0,0.0,255,240,0.94,0.01,0.0,0.0,0.0,0.0,0,54356.0
14,9,1032,0,0,0,142,0.0,0.0,1.0,0.0,0.0,255,225,0.88,0.02,0.0,0.0,0.0,0.0,1,95760.0
22,9,246,771,0,1,9,0.0,0.0,1.0,0.0,0.0,245,255,1.0,0.0,0.01,0.0,0.0,0.0,0,28132.0
11,9,44,131,0,0,41,0.0,0.0,1.0,0.0,0.02,181,196,0.78,0.02,0.01,0.0,0.0,0.0,0,96288.0
22,9,210,301,0,1,34,0.0,0.0,1.0,0.0,0.0,255,255,1.0,0.0,0.0,0.0,0.0,0.0,0,110184.0
20,5,0,0,0,0,228,1.0,1.0,0.1,0.05,0.0,255,22,0.09,0.05,0.0,1.0,1.0,0.0,1,11913.0
11,9,44,79,0,0,156,0.0,0.0,1.0,0.0,0.0,255,255,1.0,0.0,0.0,0.0,0.0,0.0,0,87121.0
24,5,0,0,0,0,197,1.0,1.0,0.02,0.07,0.0,255,4,0.02,0.07,0.0,1.0,1.0,0.0,1,81135.0
22,9,241,724,0,1,23,0.0,0.0,1.0,0.0,0.0,255,255,1.0,0.0,0.0,0.0,0.0,0.0,0,75679.0
11,9,45,129,0,0,233,0.0,0.0,1.0,0.01,0.01,255,243,0.95,0.01,0.0,0.0,0.0,0.0,0,106675.0
45,5,0,0,0,0,130,1.0,1.0,0.08,0.06,0.0,255,6,0.02,0.06,0.0,1.0,1.0,0.0,1,50337.0
9,5,0,0,0,0,253,1.0,1.0,0.01,0.06,0.0,255,4,0.02,0.06,0.0,1.0,1.0,0.0,1,25116.0
40,9,146,105,0,0,3,0.0,0.0,0.33,0.67,0.0,255,1,0.0,0.61,0.0,0.0,0.0,0.0,0,42733.0
45,5,0,0,0,0,126,1.0,1.0,0.06,0.06,0.0,255,27,0.11,0.05,0.0,1.0,1.0,0.0,1,118615.0
12,5,0,0,0,0,210,1.0,1.0,0.08,0.05,0.0,255,17,0.07,0.05,0.0,1.0,1.0,0.0,1,112563.0
22,9,257,397,0,1,6,0.0,0.0,1.0,0.0,0.18,255,255,1.0,0.0,0.0,0.0,0.0,0.0,0,92583.0
11,9,44,128,0,0,188,0.0,0.0,0.99,0.01,0.0,219,186,0.85,0.01,0.0,0.0,0.0,0.0,0,32460.0
49,9,1349,329,0,1,1,0.0,0.0,1.0,0.0,1.0,3,220,1.0,0.0,0.01,0.0,0.0,0.0,0,121514.0
22,9,387,349,0,1,7,0.0,0.0,1.0,0.0,0.0,70,231,1.0,0.0,0.2,0.0,0.0,0.72,0,88060.0
19,9,748,0,0,1,1,0.0,0.0,1.0,0.0,0.0,108,115,0.38,0.03,0.02,0.0,0.0,0.0,0,38440.0
40,9,113,0,0,0,18,0.0,0.0,0.94,0.11,0.0,255,17,0.07,0.56,0.0,0.0,0.0,0.0,0,45059.0
22,9,226,1380,0,1,3,0.0,0.0,1.0,0.0,0.0,255,250,0.98,0.01,0.0,0.0,0.0,0.0,0,56534.0
49,9,1171,404,0,1,1,0.0,0.0,1.0,0.0,0.0,17,210,0.12,0.12,0.01,0.88,0.0,0.0,0,33942.0
22,9,213,3158,0,1,20,0.0,0.0,1.0,0.0,0.0,20,255,1.0,0.0,0.05,0.0,0.0,0.0,0,88456.0
49,9,1456,400,0,1,1,0.0,0.0,1.0,0.0,1.0,255,92,0.36,0.02,0.0,0.0,0.0,0.0,0,53533.0
11,9,45,132,0,0,119,0.0,0.0,1.0,0.0,0.02,255,255,1.0,0.0,0.0,0.0,0.0,0.0,0,34188.0
13,9,8,0,0,0,1,0.0,0.0,1.0,0.0,1.0,2,42,1.0,0.0,0.5,0.0,0.0,0.0,1,89106.0
45,5,0,0,0,0,291,1.0,1.0,0.05,0.05,0.0,255,5,0.02,0.08,0.0,1.0,1.0,0.0,1,50262.0
14,9,1032,0,0,0,485,0.0,0.0,1.0,0.0,0.0,252,158,0.63,0.03,0.0,0.01,0.0,0.0,1,9888.0
22,9,387,680,0,1,9,0.0,0.0,1.0,0.0,0.09,11,255,1.0,0.0,0.07,0.0,0.01,0.0,0,78829.0
22,9,212,1896,0,1,8,0.0,0.0,1.0,0.0,0.0,8,255,1.0,0.0,0.05,0.0,0.0,0.0,0,49933.0
13,9,8,0,0,0,1,0.0,0.0,1.0,0.0,1.0,1,62,1.0,0.0,0.52,0.0,0.0,0.0,1,17547.0
22,9,257,1932,0,1,4,0.25,0.25,1.0,0.0,0.0,255,255,1.0,0.0,0.0,0.01,0.01,0.0,0,107643.0
22,9,293,808,0,1,1,0.0,0.0,1.0,0.0,0.0,255,255,1.0,0.0,0.0,0.0,0.0,0.0,0,56449.0
22,5,0,0,0,0,2,0.5,0.5,1.0,0.0,0.0,4,255,1.0,0.0,0.05,0.25,0.0,0.0,0,14895.0
11,9,45,136,0,0,76,0.0,0.0,1.0,0.0,0.01,255,255,1.0,0.0,0.0,0.0,0.0,0.0,0,61924.0
24,5,0,0,0,0,246,1.0,1.0,0.02,0.06,0.0,255,4,0.02,0.07,0.0,1.0,1.0,0.0,1,64753.0
22,9,352,8260,0,1,2,0.0,0.0,1.0,0.0,0.19,70,255,1.0,0.0,0.01,0.0,0.0,0.0,0,22948.0
45,1,0,0,0,0,112,0.0,0.0,0.01,0.07,0.0,255,1,0.0,0.07,0.0,0.0,0.0,1.0,1,90394.0
45,1,0,0,0,0,146,0.0,0.0,0.11,0.06,0.0,255,14,0.05,0.07,0.0,0.0,0.0,1.0,1,94711.0
45,1,0,0,0,0,121,0.0,0.0,0.01,0.56,0.0,255,1,0.0,0.27,0.0,0.0,0.0,1.0,1,83565.0
22,9,176,15481,0,1,2,0.0,0.0,1.0,0.0,0.0,31,255,1.0,0.0,0.04,0.0,0.01,0.0,0,29597.0
35,5,0,0,0,0,265,1.0,1.0,0.07,0.06,0.0,255,1,0.0,0.07,0.0,1.0,1.0,0.0,1,33067.0
22,9,211,3376,0,1,2,0.0,0.0,1.0,0.0,0.0,243,255,1.0,0.0,0.02,0.01,0.01,0.0,0,12720.0
36,1,0,0,0,0,234,0.0,0.0,0.01,0.06,0.0,255,2,0.01,0.07,0.0,0.0,0.0,1.0,1,83687.0
45,5,0,0,0,0,210,1.0,1.0,0.02,0.05,0.0,168,5,0.03,0.07,0.0,0.99,1.0,0.0,1,9341.0
5,5,0,0,0,0,125,1.0,1.0,0.03,0.07,0.0,255,4,0.02,0.06,0.0,1.0,1.0,0.0,1,105158.0
22,9,213,2325,0,1,10,0.0,0.0,1.0,0.0,0.18,198,255,1.0,0.0,0.02,0.0,0.0,0.0,0,2111.0
20,5,0,0,0,0,289,1.0,1.0,0.07,0.06,0.0,255,1,0.0,0.06,0.0,1.0,1.0,0.0,1,73554.0
45,9,28,0,3,0,17,0.0,0.0,1.0,0.0,0.0,255,17,0.07,0.02,0.0,0.0,0.0,0.0,1,93213.0
49,9,741,364,0,1,1,0.0,0.0,1.0,0.0,0.0,6,6,1.0,0.0,0.0,0.0,0.0,0.0,0,37480.0
22,9,222,579,0,1,2,0.0,0.0,1.0,0.0,0.0,255,255,1.0,0.0,0.0,0.0,0.0,0.0,0,31454.0
13,9,8,0,0,0,1,0.0,0.0,1.0,0.0,1.0,2,58,1.0,0.0,0.26,0.0,0.0,0.0,1,22026.0
22,9,239,6160,0,1,1,0.0,0.0,1.0,0.0,0.0,12,255,1.0,0.0,0.01,0.0,0.0,0.0,0,55905.0
49,9,1585,364,0,1,1,0.0,0.0,1.0,0.0,0.0,153,178,0.63,0.03,0.01,0.01,0.01,0.0,0,18631.0
11,9,46,46,0,0,177,0.0,0.0,1.0,0.0,0.0,255,255,1.0,0.0,0.0,0.0,0.0,0.0,0,28302.0
22,6,282,1828,0,1,7,0.29,0.08,1.0,0.0,0.12,102,255,1.0,0.0,0.02,0.02,0.01,0.0,0,125726.0
45,9,28,0,3,0,74,0.0,0.0,1.0,0.0,0.0,255,74,0.29,0.02,0.0,0.0,0.0,0.0,1,47707.0
22,9,256,755,0,1,1,0.0,0.0,1.0,0.0,0.0,74,255,1.0,0.0,0.02,0.0,0.0,0.0,0,31683.0
22,9,192,759,0,1,1,0.0,0.0,1.0,0.0,0.23,120,255,1.0,0.0,0.01,0.0,0.0,0.0,0,7784.0
7,5,0,0,0,0,220,1.0,1.0,0.07,0.06,0.0,255,16,0.06,0.07,0.0,1.0,1.0,0.0,1,110941.0
45,1,0,0,0,0,511,0.11,0.0,0.0,1.0,0.0,255,1,0.0,1.0,0.0,0.11,0.0,1.0,1,18519.0
22,9,324,839,0,1,37,0.0,0.0,1.0,0.0,0.05,100,255,1.0,0.0,0.04,0.0,0.0,0.0,0,115140.0
55,5,0,0,0,0,16,1.0,1.0,1.0,0.0,0.0,98,58,0.59,0.02,0.0,0.98,0.97,0.0,1,41624.0
13,9,8,0,0,0,1,0.0,0.0,1.0,0.0,1.0,2,14,1.0,0.0,0.5,0.0,0.0,0.0,1,87082.0
45,9,28,0,3,0,189,0.53,0.0,0.47,0.04,0.0,255,89,0.35,0.65,0.0,0.09,0.0,0.0,1,76634.0
19,9,0,5020,0,1,3,0.0,0.0,1.0,0.0,0.0,3,83,1.0,0.0,0.02,0.0,0.0,0.0,0,77830.0
22,9,321,4123,0,1,13,0.0,0.0,1.0,0.0,0.14,13,255,1.0,0.0,0.04,0.0,0.0,0.0,0,121977.0
22,9,218,292,0,1,13,0.0,0.0,1.0,0.0,0.1,255,255,1.0,0.0,0.0,0.0,0.0,0.0,0,7122.0
45,9,1,0,0,0,21,0.0,0.0,0.29,0.14,0.0,255,6,0.02,0.91,0.0,0.16,0.0,0.0,1,30179.0
3,5,0,0,0,0,242,1.0,1.0,0.06,0.06,0.0,255,15,0.06,0.07,0.0,1.0,1.0,0.0,1,97425.0
59,2,0,0,0,0,87,0.0,0.0,0.18,0.07,0.0,255,16,0.06,0.06,0.0,0.0,0.0,1.0,1,18913.0
35,5,0,0,0,0,284,1.0,1.0,0.01,0.06,0.0,255,14,0.05,0.07,0.0,1.0,1.0,0.0,1,28108.0
11,9,46,78,0,0,64,0.0,0.0,1.0,0.0,0.0,135,116,0.86,0.01,0.0,0.0,0.0,0.0,0,78693.0
45,9,105,0,0,0,1,0.0,0.0,1.0,0.0,0.0,118,108,0.92,0.03,0.0,0.0,0.0,0.0,0,30385.0
22,9,329,2455,0,1,4,0.0,0.0,1.0,0.0,0.29,66,255,1.0,0.0,0.07,0.0,0.0,0.0,0,37714.0
8,2,0,0,0,0,248,0.0,0.0,0.08,0.06,0.0,255,20,0.08,0.07,0.0,0.0,0.0,1.0,1,75968.0
35,5,0,0,0,0,291,1.0,1.0,0.01,0.05,0.0,255,6,0.02,0.07,0.0,1.0,1.0,0.0,1,44086.0
22,9,287,4915,0,1,30,0.0,0.0,1.0,0.0,0.0,30,255,1.0,0.0,0.04,0.0,0.0,0.0,0,105136.0
22,5,0,0,0,0,9,1.0,1.0,0.44,0.33,0.0,249,64,0.26,0.02,0.0,1.0,1.0,0.0,1,58576.0
22,9,217,2445,0,1,4,0.0,0.0,1.0,0.0,0.1,255,255,1.0,0.0,0.0,0.0,0.0,0.0,0,91182.0
6,1,0,0,0,0,179,0.0,0.0,0.01,0.07,0.0,255,1,0.0,0.07,0.0,0.0,0.0,1.0,1,90835.0
49,9,1918,334,0,1,1,0.0,0.0,1.0,0.0,0.0,79,54,0.59,0.06,0.04,0.0,0.0,0.0,0,101994.0
22,9,145,826,0,1,7,0.0,0.0,1.0,0.0,0.0,68,255,1.0,0.0,0.04,0.0,0.0,0.0,0,86142.0
54,5,0,0,0,0,188,1.0,1.0,0.01,0.07,0.0,255,1,0.0,0.08,0.0,1.0,1.0,0.0,1,46660.0
11,9,43,73,0,0,242,0.0,0.0,1.0,0.0,0.0,255,254,1.0,0.01,0.0,0.0,0.0,0.0,0,111410.0
14,9,1032,0,0,0,511,0.0,0.0,1.0,0.0,0.0,255,99,0.39,0.02,0.0,0.03,0.0,0.0,1,2851.0
45,1,0,0,0,0,315,0.0,0.0,0.0,0.5,0.0,255,1,0.0,0.51,0.0,0.0,0.0,1.0,1,92289.0
22,9,240,306,0,1,1,0.0,0.0,1.0,0.0,0.0,144,255,1.0,0.0,0.03,0.0,0.0,0.0,0,36658.0
45,9,1,0,0,0,28,0.0,0.0,0.86,0.07,0.0,255,29,0.11,0.69,0.0,0.05,0.0,0.0,1,96402.0
14,9,520,0,0,0,343,0.0,0.0,1.0,0.0,0.0,255,255,1.0,0.0,0.0,0.0,0.0,0.0,1,97056.0
22,9,292,1069,0,1,3,0.0,0.0,1.0,0.0,0.0,127,255,1.0,0.0,0.02,0.0,0.0,0.0,0,44597.0
22,9,263,8020,0,1,4,0.0,0.0,1.0,0.0,0.14,9,255,1.0,0.0,0.01,0.0,0.01,0.0,0,104364.0
35,1,0,0,0,0,107,0.0,0.0,0.06,0.07,0.0,255,6,0.02,0.08,0.0,0.0,0.0,1.0,1,2786.0
19,9,334,0,0,1,2,0.0,0.0,1.0,0.0,0.0,2,36,1.0,0.0,0.06,0.0,0.0,0.0,0,96021.0
19,9,334,0,0,1,1,0.0,0.0,1.0,0.0,0.0,3,41,1.0,0.0,0.15,0.0,0.0,0.0,0,7833.0
45,5,0,0,0,0,176,0.59,1.0,0.01,0.05,0.0,255,19,0.07,0.06,0.0,1.0,1.0,0.0,1,53027.0
56,5,0,0,0,0,214,1.0,1.0,0.07,0.07,0.0,255,15,0.06,0.06,0.0,1.0,1.0,0.0,1,52403.0
45,9,28,0,3,0,72,0.0,0.0,1.0,0.0,0.0,255,39,0.15,0.01,0.0,0.0,0.0,0.0,1,107040.0
19,9,3888,0,0,1,23,0.0,0.0,1.0,0.0,0.0,212,95,0.36,0.02,0.02,0.0,0.0,0.0,0,104850.0
22,9,272,4841,0,1,2,0.0,0.0,1.0,0.0,0.67,183,255,1.0,0.0,0.03,0.0,0.0,0.0,0,74489.0
22,9,229,255,0,1,6,0.0,0.0,1.0,0.0,0.0,255,255,1.0,0.0,0.0,0.0,0.0,0.02,0,69388.0
45,5,0,0,0,0,110,1.0,1.0,0.15,0.06,0.0,255,20,0.08,0.05,0.0,1.0,1.0,0.0,1,49748.0
22,9,231,7648,0,1,9,0.0,0.0,1.0,0.0,0.08,30,255,1.0,0.0,0.01,0.0,0.0,0.0,0,4656.0
11,9,44,80,0,0,145,0.0,0.0,1.0,0.0,0.0,255,255,1.0,0.0,0.0,0.0,0.0,0.0,0,24851.0
45,5,0,0,0,0,366,0.06,1.0,0.0,1.0,0.0,255,1,0.0,1.0,0.0,0.08,1.0,0.0,1,18930.0
49,9,1655,330,0,1,1,0.0,0.0,1.0,0.0,0.0,152,194,0.87,0.02,0.01,0.0,0.0,0.0,0,114773.0
49,9,946,327,0,1,1,0.0,0.0,1.0,0.0,0.0,37,30,0.81,0.08,0.0,0.0,0.0,0.0,0,124983.0
45,5,0,0,0,0,262,1.0,1.0,0.06,0.06,0.0,255,17,0.07,0.06,0.0,1.0,1.0,0.0,1,82653.0
22,9,222,731,0,1,20,0.0,0.0,1.0,0.0,0.0,81,255,1.0,0.0,0.05,0.0,0.0,0.0,0,53706.0
19,9,151,0,0,0,3,0.0,0.0,1.0,0.0,0.0,178,31,0.17,0.03,0.0,0.01,0.0,0.0,0,32784.0
22,9,282,8222,0,1,1,0.0,0.0,1.0,0.0,0.12,156,255,1.0,0.0,0.04,0.0,0.0,0.0,0,83062.0
11,9,46,135,0,0,85,0.0,0.0,1.0,0.0,0.01,255,255,1.0,0.0,0.0,0.0,0.0,0.0,0,29951.0
22,9,342,5878,0,1,3,0.0,0.0,1.0,0.0,0.0,3,255,1.0,0.0,0.05,0.0,0.0,0.0,0,53093.0
19,9,334,0,0,1,1,0.0,0.0,1.0,0.0,0.0,11,11,1.0,0.0,0.0,0.0,0.0,0.0,0,12259.0
45,5,0,0,0,0,137,1.0,1.0,0.06,0.06,0.0,255,8,0.03,0.06,0.0,1.0,1.0,0.0,1,76860.0
22,9,201,736,0,1,14,0.0,0.0,1.0,0.0,0.0,127,255,1.0,0.0,0.02,0.0,0.0,0.0,0,72653.0
22,9,224,1053,0,1,36,0.0,0.0,1.0,0.0,0.1,255,255,1.0,0.0,0.0,0.0,0.0,0.0,0,107921.0
45,9,100,0,0,0,1,0.0,0.0,1.0,0.0,0.0,31,1,0.03,0.06,0.0,0.0,0.0,0.0,0,18019.0
45,5,0,0,0,0,141,1.0,1.0,0.12,0.06,0.0,255,5,0.02,0.07,0.0,1.0,1.0,0.0,1,37111.0
22,1,0,0,0,0,2,0.0,0.0,1.0,0.0,0.0,7,69,1.0,0.0,0.09,0.0,0.0,1.0,0,99102.0
11,9,46,162,0,0,163,0.0,0.0,1.0,0.0,0.0,255,255,1.0,0.0,0.0,0.0,0.0,0.0,0,70379.0
45,9,28,0,3,0,9,0.0,0.0,1.0,0.0,0.0,255,109,0.43,0.58,0.0,0.09,0.0,0.0,1,81202.0
22,9,209,1068,0,1,2,0.0,0.0,1.0,0.0,0.0,2,255,1.0,0.0,0.03,0.0,0.0,0.0,0,36312.0
22,5,0,0,0,0,45,1.0,1.0,0.27,0.09,0.0,255,58,0.23,0.04,0.0,1.0,1.0,0.0,1,72346.0
40,1,0,0,0,0,511,0.25,0.0,0.0,1.0,0.0,255,1,0.0,1.0,0.0,0.21,0.0,1.0,1,99379.0
22,1,0,0,0,0,1,0.0,0.0,1.0,0.0,0.0,7,254,1.0,0.0,0.16,0.0,0.0,0.98,0,77769.0
45,1,0,0,0,0,135,0.0,0.0,0.07,0.07,0.0,255,6,0.02,0.07,0.0,0.0,0.0,1.0,1,119478.0
40,9,516,4,0,0,412,0.0,0.0,1.0,0.0,0.0,255,255,1.0,0.0,0.0,0.0,0.0,0.0,0,124208.0
22,9,216,2132,0,1,3,0.0,0.0,1.0,0.0,0.0,26,255,1.0,0.0,0.04,0.0,0.0,0.0,0,54116.0
22,9,235,1600,0,1,10,0.0,0.0,1.0,0.0,0.21,164,255,1.0,0.0,0.02,0.01,0.01,0.0,0,27665.0
22,9,251,2738,0,1,9,0.0,0.0,1.0,0.0,0.0,132,255,1.0,0.0,0.02,0.0,0.0,0.0,0,118498.0
11,9,45,45,0,0,104,0.0,0.0,1.0,0.0,0.02,255,254,1.0,0.01,0.0,0.0,0.0,0.0,0,120753.0
19,9,194,0,0,1,2,0.0,0.0,1.0,0.0,0.0,10,4,0.4,0.4,0.0,0.0,0.0,0.0,0,82304.0
19,9,14,0,0,1,2,0.0,0.0,1.0,0.0,0.5,76,76,0.22,0.04,0.03,0.0,0.0,0.0,0,69291.0
45,5,0,0,0,0,295,1.0,1.0,0.05,0.05,0.0,255,16,0.06,0.06,0.0,1.0,1.0,0.0,1,43012.0
14,9,1032,0,0,0,347,0.0,0.0,1.0,0.0,0.0,255,255,1.0,0.0,0.0,0.0,0.0,0.0,1,121586.0
45,5,0,0,0,0,136,1.0,1.0,0.05,0.07,0.0,255,5,0.02,0.06,0.0,1.0,1.0,0.0,1,103336.0
49,9,933,386,0,1,1,0.0,0.0,1.0,0.0,0.0,255,74,0.29,0.06,0.0,0.47,0.0,0.03,0,66020.0
13,9,18,0,0,0,1,0.0,0.0,1.0,0.0,0.0,1,186,1.0,0.0,1.0,0.0,0.0,0.0,1,81532.0
45,5,0,0,0,0,90,1.0,1.0,0.1,0.07,0.0,255,5,0.02,0.07,0.0,1.0,1.0,0.0,1,21845.0
45,5,0,0,0,0,243,1.0,1.0,0.03,0.07,0.0,255,12,0.05,0.07,0.0,1.0,1.0,0.0,1,74637.0
45,5,0,0,0,0,55,1.0,1.0,0.24,0.09,0.0,255,13,0.05,0.07,0.0,1.0,1.0,0.0,1,81587.0
40,9,1,0,0,0,19,0.0,0.0,0.05,0.53,0.0,255,1,0.0,0.18,0.0,0.0,0.0,0.0,1,93552.0
22,9,364,471,0,1,17,0.0,0.0,1.0,0.0,0.0,255,255,1.0,0.0,0.0,0.0,0.0,0.0,0,14270.0
49,9,743,378,0,1,1,0.0,0.0,1.0,0.0,0.0,25,242,0.96,0.08,0.02,0.0,0.0,0.0,0,48011.0
14,9,1032,0,0,0,511,0.0,0.0,1.0,0.0,0.0,255,154,0.6,0.02,0.0,0.01,0.0,0.0,1,103451.0
40,1,0,0,0,0,511,0.18,0.0,0.0,1.0,0.0,255,1,0.0,1.0,0.0,0.18,0.0,1.0,1,35000.0
11,9,44,44,0,0,100,0.0,0.0,1.0,0.0,0.01,255,254,1.0,0.01,0.0,0.0,0.0,0.0,0,68860.0
22,9,245,463,0,1,16,0.0,0.0,1.0,0.0,0.0,103,255,1.0,0.0,0.05,0.0,0.0,0.0,0,33978.0
22,9,232,2140,0,1,2,0.0,0.0,1.0,0.0,0.0,2,255,1.0,0.0,0.02,0.0,0.01,0.0,0,33034.0
40,1,0,0,0,0,511,0.24,0.0,0.0,1.0,0.0,255,1,0.0,1.0,0.0,0.16,0.0,1.0,1,81011.0
22,9,310,638,0,1,20,0.0,0.0,1.0,0.0,0.0,186,255,1.0,0.0,0.01,0.0,0.01,0.0,0,67696.0
45,5,0,0,0,0,227,1.0,1.0,0.05,0.06,0.0,255,11,0.04,0.05,0.0,1.0,1.0,0.0,1,60006.0
22,9,317,24716,0,1,2,0.0,0.0,1.0,0.0,0.67,255,255,1.0,0.0,0.0,0.0,0.0,0.0,0,7872.0
22,9,204,3002,0,1,1,0.0,0.0,1.0,0.0,0.0,9,255,1.0,0.0,0.05,0.0,0.0,0.0,0,57992.0
45,1,0,0,0,0,23,0.0,0.0,0.17,0.13,0.0,255,24,0.09,0.06,0.0,0.0,0.0,1.0,1,25691.0
45,1,0,0,0,0,188,0.02,0.0,0.01,1.0,0.0,255,1,0.0,0.76,0.0,0.01,0.0,1.0,1,2599.0
19,1,0,0,0,0,218,0.0,0.0,0.05,0.06,0.0,255,10,0.04,0.07,0.0,0.0,0.0,1.0,1,20454.0
11,9,45,123,0,0,139,0.0,0.0,1.0,0.0,0.01,255,255,1.0,0.0,0.0,0.0,0.0,0.0,0,99312.0
22,9,400,800,0,1,7,0.0,0.0,1.0,0.0,0.0,23,255,1.0,0.0,0.2,0.0,0.0,0.87,0,123139.0
50,5,0,0,0,0,297,1.0,1.0,0.07,0.06,0.0,255,20,0.08,0.07,0.0,1.0,1.0,0.0,1,96821.0
60,5,0,0,0,0,147,1.0,1.0,0.16,0.04,0.0,255,24,0.09,0.04,0.0,1.0,1.0,0.0,1,64593.0
22,9,244,1610,0,1,8,0.0,0.0,1.0,0.0,0.14,8,255,1.0,0.0,0.04,0.0,0.0,0.0,0,92877.0
18,9,1228,2449,0,1,1,0.0,0.0,1.0,0.0,0.0,107,5,0.05,0.06,0.0,0.02,0.0,0.0,0,16631.0
22,9,300,3819,0,1,1,0.0,0.5,1.0,0.0,1.0,14,255,1.0,0.0,0.03,0.0,0.0,0.0,0,116614.0
40,9,146,105,0,0,1,0.0,0.0,1.0,0.0,0.0,255,1,0.0,0.61,0.0,0.0,0.0,0.0,0,2321.0
18,9,233,770,0,1,2,0.0,0.0,0.5,1.0,0.0,56,12,0.21,0.09,0.0,0.0,0.0,0.0,0,87661.0
22,1,0,0,0,0,259,0.0,0.0,0.03,0.07,0.0,255,7,0.03,0.07,0.0,0.0,0.0,1.0,1,43703.0
25,5,0,0,0,0,1,1.0,1.0,1.0,0.0,0.0,255,1,0.0,0.09,0.0,1.0,1.0,0.0,1,107360.0
22,9,311,5582,0,1,9,0.0,0.0,1.0,0.0,0.0,21,255,1.0,0.0,0.03,0.0,0.0,0.0,0,108593.0
40,4,1,0,0,0,2,0.0,0.0,1.0,0.0,0.0,255,2,0.01,0.73,0.0,0.0,0.0,1.0,1,31431.0
49,9,1865,387,0,1,2,0.0,0.0,0.5,1.0,0.0,20,149,0.4,0.15,0.01,0.0,0.0,0.0,0,24899.0
45,5,0,0,0,0,20,1.0,1.0,0.05,0.3,0.0,255,17,0.07,0.09,0.0,1.0,1.0,0.0,1,46745.0
62,5,0,0,0,0,231,1.0,1.0,0.03,0.06,0.0,255,6,0.02,0.07,0.0,1.0,1.0,0.0,1,106369.0
14,9,8,0,0,0,1,0.0,0.0,1.0,0.0,0.0,3,3,1.0,0.0,0.0,0.0,0.0,0.0,1,5142.0
5,5,0,0,0,0,105,1.0,1.0,0.03,0.07,0.0,255,3,0.01,0.05,0.0,1.0,1.0,0.0,1,93944.0
19,9,245,0,0,1,2,0.0,0.0,1.0,0.0,0.0,21,83,0.29,0.24,0.04,0.0,0.0,0.0,0,100304.0
9,5,0,0,0,0,100,1.0,1.0,0.03,0.08,0.0,255,3,0.01,0.07,0.0,1.0,1.0,0.0,1,13197.0
22,9,158,9420,0,1,2,0.0,0.0,1.0,0.0,0.0,28,255,1.0,0.0,0.03,0.0,0.0,0.0,0,60693.0
19,5,0,0,0,0,40,1.0,1.0,0.25,0.1,0.0,120,48,0.25,0.03,0.04,1.0,0.62,0.0,1,117171.0
49,9,697,329,0,1,2,0.0,0.0,1.0,0.0,0.0,5,170,1.0,0.0,0.02,0.0,0.01,0.0,0,70873.0
22,9,201,767,0,1,4,0.0,0.0,1.0,0.0,0.0,255,255,1.0,0.0,0.0,0.0,0.0,0.0,0,41368.0
45,5,0,0,0,0,110,1.0,1.0,0.14,0.05,0.0,255,11,0.04,0.07,0.0,1.0,1.0,0.0,1,43671.0
13,9,8,0,0,0,1,0.0,0.0,1.0,0.0,1.0,2,84,1.0,0.0,0.5,0.0,0.0,0.0,1,66874.0
22,9,286,22841,0,1,37,0.0,0.0,1.0,0.0,0.0,255,255,1.0,0.0,0.0,0.0,0.0,0.0,0,52515.0
22,9,201,798,0,1,15,0.0,0.0,1.0,0.0,0.0,166,255,1.0,0.0,0.01,0.0,0.0,0.0,0,13288.0
55,9,421,38780,0,1,1,0.0,0.0,1.0,0.0,0.0,53,8,0.13,0.06,0.25,0.0,0.12,0.0,0,8410.0
11,9,46,133,0,0,310,0.0,0.0,1.0,0.0,0.0,255,251,0.98,0.01,0.0,0.0,0.0,0.0,0,55185.0
19,9,501760,0,0,1,2,0.0,0.0,1.0,0.0,0.0,35,87,0.49,0.09,0.02,0.0,0.0,0.0,0,19966.0
45,5,0,0,0,0,26,1.0,1.0,0.04,0.12,0.0,255,11,0.04,0.08,0.0,1.0,1.0,0.0,1,37711.0
45,4,1,0,0,0,2,0.0,0.0,1.0,0.0,0.0,255,2,0.01,0.82,0.0,0.0,0.0,1.0,1,25561.0
61,1,0,0,0,0,156,0.0,0.0,0.04,0.07,0.0,255,7,0.03,0.07,0.0,0.0,0.0,1.0,1,125487.0
49,9,714,483,0,1,1,0.0,0.0,1.0,0.0,0.0,64,144,0.78,0.05,0.01,0.02,0.0,0.0,0,62326.0
13,9,8,0,0,0,1,0.0,0.0,1.0,0.0,1.0,2,255,1.0,0.0,0.5,0.0,0.0,0.0,1,39995.0
40,1,0,0,0,0,510,0.1,0.0,0.0,1.0,0.0,255,1,0.0,1.0,0.0,0.17,0.0,1.0,1,37348.0
32,1,0,0,0,0,235,0.0,0.0,0.08,0.06,0.0,255,19,0.07,0.07,0.0,0.0,0.0,1.0,1,20911.0
40,8,5133877,0,0,1,1,1.0,1.0,1.0,0.0,0.0,7,1,0.14,0.29,0.0,0.29,1.0,0.0,0,52037.0
22,9,219,516,0,1,21,0.0,0.0,1.0,0.0,0.09,255,255,1.0,0.0,0.0,0.0,0.0,0.0,0,103708.0
19,9,192,0,0,1,2,0.0,0.0,1.0,0.0,0.0,94,44,0.47,0.13,0.0,0.01,0.02,0.0,0,32574.0
22,9,147,33730,0,1,1,0.0,0.0,1.0,0.0,0.0,255,255,1.0,0.0,0.0,0.0,0.0,0.0,0,33786.0
40,9,146,0,0,0,1,0.0,0.0,1.0,0.0,0.0,255,1,0.0,0.85,0.0,0.0,0.0,0.0,0,11015.0
40,9,5,0,0,0,146,0.0,0.0,0.01,0.01,0.0,255,12,0.05,0.02,0.0,0.0,0.0,0.0,1,115774.0
19,9,748,0,0,1,1,0.0,0.0,1.0,0.0,0.0,1,25,1.0,0.0,0.08,0.0,0.0,0.0,0,114364.0
19,9,641,0,0,0,2,0.0,0.0,1.0,0.0,0.0,87,29,0.33,0.07,0.0,0.0,0.0,0.0,0,77010.0
13,9,8,0,0,0,1,0.0,0.0,1.0,0.0,1.0,1,13,1.0,0.0,0.54,0.0,0.0,0.0,1,71336.0
49,9,823,385,0,1,1,0.0,0.0,1.0,0.0,0.0,255,59,0.23,0.06,0.0,0.56,0.0,0.03,0,72300.0
22,9,342,944,0,1,9,0.0,0.0,1.0,0.0,0.25,255,255,1.0,0.0,0.0,0.0,0.0,0.0,0,58093.0
22,9,237,12155,0,1,5,0.0,0.0,1.0,0.0,0.0,13,255,1.0,0.0,0.07,0.0,0.0,0.0,0,87405.0
22,9,272,20834,0,1,6,0.0,0.0,1.0,0.0,0.0,14,255,1.0,0.0,0.03,0.0,0.0,0.0,0,117663.0
40,9,147,105,0,0,5,0.0,0.0,0.2,0.6,0.0,255,1,0.0,0.84,0.0,0.0,0.0,0.0,0,85879.0
45,5,0,0,0,0,117,1.0,1.0,0.02,0.06,0.0,255,5,0.02,0.06,0.0,1.0,1.0,0.0,1,65954.0
19,9,11,0,0,1,1,0.0,0.0,1.0,0.0,0.0,114,70,0.37,0.03,0.04,0.0,0.0,0.0,0,116728.0
40,9,146,105,0,0,1,0.0,0.0,1.0,0.0,0.0,255,1,0.0,0.8,0.0,0.0,0.0,0.0,0,85509.0
22,9,213,22841,0,1,29,0.0,0.0,1.0,0.0,0.0,254,255,1.0,0.0,0.01,0.0,0.0,0.0,0,17143.0
55,5,0,0,0,0,259,1.0,1.0,0.07,0.06,0.0,255,19,0.07,0.06,0.0,1.0,1.0,0.0,1,74871.0
13,9,8,0,0,0,1,0.0,0.0,1.0,0.0,1.0,1,95,1.0,0.0,0.51,0.0,0.0,0.0,1,111877.0
22,1,0,0,0,0,1,0.0,0.0,1.0,0.0,0.0,3,255,1.0,0.0,0.15,0.0,0.0,0.91,0,120906.0
19,9,5133876,0,0,1,1,0.0,0.0,1.0,0.0,0.0,17,44,1.0,0.0,0.07,0.0,0.0,0.0,0,122228.0
22,9,252,7488,0,1,5,0.0,0.0,1.0,0.0,0.0,39,218,1.0,0.0,0.02,0.03,0.01,0.27,0,72141.0
40,1,0,0,0,0,511,0.1,0.0,0.0,1.0,0.0,255,1,0.0,1.0,0.0,0.08,0.0,1.0,1,45995.0
19,9,26,0,0,0,2,0.0,0.0,1.0,0.0,0.0,233,11,0.03,0.01,0.18,0.86,0.0,0.0,0,90475.0
59,5,0,0,0,0,133,1.0,1.0,0.14,0.06,0.0,255,10,0.04,0.08,0.0,1.0,1.0,0.0,1,108548.0
6,5,0,0,0,0,106,1.0,1.0,0.08,0.07,0.0,255,7,0.03,0.09,0.0,1.0,1.0,0.0,1,87836.0
19,9,245,0,0,0,2,0.0,0.0,1.0,0.0,0.0,61,117,0.84,0.05,0.02,0.0,0.0,0.0,0,44143.0
45,5,0,0,0,0,163,1.0,1.0,0.01,0.07,0.0,255,20,0.08,0.08,0.0,1.0,1.0,0.0,1,111150.0
11,9,45,122,0,0,138,0.0,0.0,1.0,0.0,0.0,255,255,1.0,0.0,0.0,0.0,0.0,0.0,0,5254.0
45,5,0,0,0,0,102,1.0,1.0,0.15,0.06,0.0,255,6,0.02,0.07,0.0,1.0,1.0,0.0,1,115403.0
45,5,0,0,0,0,259,1.0,1.0,0.01,0.06,0.0,255,17,0.07,0.07,0.0,1.0,1.0,0.0,1,106362.0
49,8,1765,327,0,1,1,1.0,1.0,1.0,0.0,0.0,49,162,0.78,0.12,0.01,0.02,0.02,0.0,0,13291.0
22,9,296,997,0,1,11,0.0,0.0,1.0,0.0,0.17,11,255,1.0,0.0,0.06,0.0,0.0,0.0,0,79572.0
55,6,89,2832,0,1,1,1.0,1.0,1.0,0.0,0.0,156,30,0.19,0.46,0.0,0.09,0.47,0.03,0,48019.0
4,5,0,0,0,0,290,1.0,1.0,0.01,0.06,0.0,255,4,0.02,0.07,0.0,1.0,1.0,0.0,1,103513.0
22,9,54540,8314,0,1,3,0.0,0.0,1.0,0.0,0.0,255,255,1.0,0.0,0.0,0.0,0.0,0.03,0,43480.0
23,1,0,0,0,0,132,0.0,0.0,0.15,0.07,0.0,255,20,0.08,0.07,0.0,0.0,0.0,1.0,1,4545.0
14,9,520,0,0,0,449,0.0,0.0,1.0,0.0,0.0,235,235,1.0,0.0,0.0,0.0,0.0,0.0,1,63457.0
22,9,155,10121,0,1,14,0.0,0.0,1.0,0.0,0.17,161,255,1.0,0.0,0.01,0.0,0.0,0.0,0,20468.0
22,9,237,6042,0,1,29,0.0,0.0,1.0,0.0,0.06,87,255,1.0,0.0,0.03,0.0,0.0,0.0,0,116761.0
45,5,0,0,0,0,164,1.0,1.0,0.01,0.06,0.0,255,19,0.07,0.08,0.0,1.0,1.0,0.0,1,77281.0
22,9,264,284,0,1,6,0.0,0.0,1.0,0.0,0.33,158,147,0.93,0.02,0.0,0.0,0.0,0.0,0,50329.0
19,5,0,0,0,0,190,1.0,1.0,0.01,0.06,0.0,255,2,0.01,0.07,0.0,1.0,1.0,0.0,1,21005.0
19,9,1030,0,0,1,1,0.0,0.0,1.0,0.0,0.0,15,107,0.47,0.2,0.03,0.0,0.01,0.0,0,82602.0
22,9,310,9544,0,1,3,0.0,0.0,1.0,0.0,0.3,19,254,1.0,0.0,0.03,0.0,0.0,0.01,0,73844.0
21,5,0,0,0,0,295,1.0,1.0,0.08,0.05,0.0,255,23,0.09,0.05,0.0,1.0,1.0,0.0,1,96313.0
45,1,0,0,0,0,233,0.0,0.0,0.08,0.06,0.0,255,19,0.07,0.07,0.0,0.0,0.0,1.0,1,66236.0
45,5,0,0,0,0,219,1.0,1.0,0.02,0.07,0.0,255,1,0.0,0.08,0.0,1.0,1.0,0.0,1,78530.0
45,5,0,0,0,0,105,1.0,1.0,0.05,0.07,0.0,255,27,0.11,0.05,0.0,1.0,1.0,0.0,1,863.0
11,9,33,0,0,0,1,0.0,0.0,1.0,0.0,1.0,128,36,0.12,0.04,0.06,0.0,0.0,0.0,0,112545.0
22,9,228,549,0,1,8,0.0,0.0,1.0,0.0,0.0,42,137,1.0,0.0,0.04,0.0,0.0,0.0,0,73047.0
26,5,0,0,0,0,96,1.0,1.0,0.01,0.07,0.0,255,1,0.0,0.07,0.0,1.0,1.0,0.0,1,57777.0
40,9,146,105,0,0,1,0.0,0.0,1.0,0.0,0.0,255,1,0.0,0.64,0.0,0.0,0.0,0.0,0,36869.0
22,1,0,0,0,0,1,0.0,0.0,1.0,0.0,0.0,3,148,1.0,0.0,0.02,0.0,0.0,0.92,0,75247.0
45,9,28,0,3,0,31,0.0,0.0,1.0,0.0,0.0,255,98,0.38,0.01,0.0,0.0,0.0,0.0,1,116738.0
33,5,0,0,0,0,164,1.0,1.0,0.05,0.09,0.0,255,9,0.04,0.08,0.0,1.0,1.0,0.0,1,118427.0
50,5,0,0,0,0,219,1.0,1.0,0.11,0.05,0.0,255,24,0.09,0.06,0.0,1.0,1.0,0.0,1,86026.0
19,9,19,0,0,1,1,0.0,0.0,1.0,0.0,0.0,19,65,0.58,0.21,0.03,0.0,0.03,0.0,0,4322.0
45,10,0,0,0,0,1,1.0,1.0,1.0,0.0,0.0,90,1,0.01,0.89,0.0,0.91,1.0,0.0,1,121288.0
22,9,328,1441,0,1,9,0.0,0.0,1.0,0.0,0.2,219,255,1.0,0.0,0.04,0.0,0.0,0.0,0,90260.0
59,2,0,0,0,0,130,0.0,0.0,0.08,0.06,0.0,255,10,0.04,0.07,0.0,0.0,0.0,1.0,1,77615.0
45,5,0,0,0,0,259,1.0,1.0,0.05,0.07,0.0,255,13,0.05,0.09,0.0,1.0,1.0,0.0,1,40195.0
37,5,0,0,0,0,76,1.0,1.0,0.17,0.07,0.0,255,13,0.05,0.06,0.0,1.0,1.0,0.0,1,5973.0
19,9,567,0,0,1,1,0.0,0.0,1.0,0.0,1.0,196,47,0.24,0.03,0.0,0.0,0.0,0.0,0,69821.0
22,9,289,6534,0,1,21,0.05,0.04,1.0,0.0,0.07,255,255,1.0,0.0,0.0,0.0,0.0,0.0,0,42002.0
22,9,149,1030,0,1,1,0.0,0.0,1.0,0.0,0.0,4,255,1.0,0.0,0.02,0.0,0.0,0.0,0,66866.0
49,9,11726,327,0,1,1,0.0,0.0,1.0,0.0,0.0,194,245,0.96,0.01,0.01,0.0,0.0,0.0,0,67226.0
45,5,0,0,0,0,217,1.0,1.0,0.04,0.06,0.0,255,10,0.04,0.08,0.0,1.0,1.0,0.0,1,49439.0
22,9,205,166,0,1,10,0.0,0.0,1.0,0.0,0.11,81,81,1.0,0.0,0.0,0.0,0.0,0.0,0,91308.0
60,5,0,0,0,0,128,1.0,1.0,0.04,0.05,0.0,255,5,0.02,0.05,0.0,1.0,1.0,0.0,1,62916.0
31,1,0,0,0,0,247,0.0,0.0,0.07,0.06,0.0,255,18,0.07,0.07,0.0,0.0,0.0,1.0,1,55841.0
22,9,213,1773,0,1,30,0.0,0.0,1.0,0.0,0.0,255,255,1.0,0.0,0.0,0.0,0.0,0.0,0,109702.0
8,5,0,0,0,0,248,1.0,1.0,0.01,0.07,0.0,255,2,0.01,0.07,0.0,1.0,1.0,0.0,1,31515.0
8,5,0,0,0,0,214,1.0,1.0,0.05,0.05,0.0,255,11,0.04,0.05,0.0,1.0,1.0,0.0,1,5488.0
22,9,210,2480,0,1,9,0.0,0.0,1.0,0.0,0.2,255,255,1.0,0.0,0.0,0.0,0.0,0.0,0,8997.0
50,5,0,0,0,0,100,1.0,1.0,0.14,0.06,0.0,255,9,0.04,0.07,0.0,1.0,1.0,0.0,1,91727.0
13,9,8,0,0,0,1,0.0,0.0,1.0,0.0,1.0,3,61,1.0,0.0,0.26,0.0,0.0,0.0,1,75993.0
49,9,106,407,0,1,1,0.0,0.0,1.0,0.0,1.0,237,137,0.58,0.03,0.0,0.0,0.0,0.0,0,46782.0
45,5,0,0,0,0,272,1.0,1.0,0.05,0.04,0.0,132,14,0.11,0.08,0.0,0.98,1.0,0.0,1,62705.0
45,4,1,0,0,0,2,0.0,0.0,1.0,0.0,0.0,255,2,0.01,0.5,0.0,0.0,0.0,1.0,1,3602.0
59,5,0,0,0,0,123,1.0,1.0,0.11,0.06,0.0,255,14,0.05,0.05,0.0,1.0,1.0,0.0,1,123410.0
24,5,0,0,0,0,261,1.0,1.0,0.03,0.05,0.0,255,7,0.03,0.05,0.0,1.0,1.0,0.0,1,103448.0
11,9,44,142,0,0,69,0.0,0.0,0.99,0.03,0.01,255,231,0.91,0.01,0.0,0.0,0.0,0.0,0,106920.0
13,9,30,0,0,0,1,0.0,0.0,1.0,0.0,0.0,52,90,0.98,0.04,0.23,0.0,0.0,0.0,0,26701.0
22,9,219,251,0,1,19,0.0,0.0,1.0,0.0,0.14,39,255,1.0,0.0,0.02,0.0,0.0,0.0,0,25731.0
22,9,240,2346,0,1,20,0.0,0.0,1.0,0.0,0.09,255,255,1.0,0.0,0.0,0.0,0.0,0.0,0,27446.0
22,9,219,2808,0,1,3,0.0,0.0,1.0,0.0,0.0,255,255,1.0,0.0,0.0,0.0,0.0,0.0,0,57436.0
11,9,45,130,0,0,67,0.0,0.0,1.0,0.0,0.01,255,235,0.92,0.01,0.0,0.0,0.0,0.0,0,9313.0
45,9,100,0,0,0,3,0.0,0.0,1.0,0.0,0.0,178,28,0.16,0.01,0.0,0.0,0.0,0.0,0,13066.0
22,9,339,11529,0,1,12,0.0,0.0,1.0,0.0,0.0,22,255,1.0,0.0,0.07,0.0,0.0,0.0,0,33819.0
19,9,192,0,0,1,2,0.0,0.0,1.0,0.0,0.0,127,39,0.03,0.02,0.05,0.0,0.0,0.0,0,15386.0
40,1,0,0,0,0,319,0.1,0.0,0.0,1.0,0.0,255,1,0.0,1.0,0.0,0.09,0.0,1.0,1,65050.0
13,9,8,0,0,0,1,0.0,0.0,1.0,0.0,1.0,2,129,1.0,0.0,0.5,0.0,0.0,0.0,1,6063.0
45,5,0,0,0,0,290,1.0,1.0,0.03,0.06,0.0,255,9,0.04,0.08,0.0,1.0,1.0,0.0,1,419.0
55,5,0,0,0,0,70,1.0,1.0,0.26,0.06,0.0,232,60,0.26,0.02,0.0,0.99,0.97,0.0,1,28902.0
45,5,0,0,0,0,119,1.0,1.0,0.13,0.07,0.0,255,16,0.06,0.07,0.0,1.0,1.0,0.0,1,39707.0
22,9,220,1215,0,1,9,0.0,0.0,1.0,0.0,0.0,203,255,1.0,0.0,0.02,0.0,0.0,0.0,0,46317.0
11,9,44,71,0,0,38,0.0,0.0,1.0,0.0,0.02,255,254,1.0,0.01,0.0,0.0,0.0,0.0,0,76261.0
22,9,145,2954,0,1,1,0.0,0.0,1.0,0.0,0.0,1,255,1.0,0.0,0.01,0.0,0.0,0.0,0,118085.0
11,9,46,67,0,0,132,0.0,0.0,1.0,0.0,0.0,255,255,1.0,0.0,0.0,0.0,0.0,0.0,0,106761.0
18,9,245,774,0,1,1,0.0,0.0,1.0,0.0,0.0,236,61,0.26,0.3,0.0,0.0,0.0,0.02,0,6905.0
22,9,258,11380,0,1,6,0.0,0.0,1.0,0.0,0.0,255,251,0.98,0.01,0.0,0.0,0.0,0.0,0,1056.0
22,9,330,6299,0,1,4,0.0,0.0,1.0,0.0,0.0,89,255,1.0,0.0,0.02,0.0,0.0,0.0,0,78828.0
22,9,277,3097,0,1,7,0.0,0.0,1.0,0.0,0.0,78,255,1.0,0.0,0.02,0.0,0.0,0.0,0,82813.0
14,9,30,0,0,0,2,0.0,0.0,1.0,0.0,0.0,197,197,1.0,0.0,0.0,0.0,0.0,0.0,0,48636.0
45,5,0,0,0,0,70,1.0,1.0,0.01,0.07,0.0,255,18,0.07,0.07,0.0,1.0,1.0,0.0,1,66258.0
19,7,0,0,0,0,1,1.0,0.5,1.0,0.0,1.0,99,85,0.23,0.13,0.02,0.03,0.05,0.0,0,16214.0
45,5,0,0,0,0,18,1.0,1.0,0.5,0.22,0.0,255,9,0.04,0.09,0.0,1.0,1.0,0.0,1,8331.0
22,9,317,1266,0,1,8,0.0,0.0,1.0,0.0,0.0,34,255,1.0,0.0,0.05,0.0,0.0,0.0,0,117180.0
2,5,0,0,0,0,209,1.0,1.0,0.02,0.07,0.0,255,2,0.01,0.08,0.0,1.0,1.0,0.0,1,45219.0
22,9,233,353,0,1,12,0.0,0.0,1.0,0.0,0.11,22,255,1.0,0.0,0.05,0.0,0.0,0.0,0,53306.0
59,5,0,0,0,0,89,1.0,1.0,0.28,0.06,0.0,255,25,0.1,0.05,0.0,1.0,1.0,0.0,1,24864.0
22,9,327,1469,0,1,3,0.33,0.33,1.0,0.0,0.0,86,255,1.0,0.0,0.04,0.01,0.0,0.0,0,19076.0
11,9,43,43,0,0,197,0.0,0.0,1.0,0.0,0.0,255,255,1.0,0.0,0.0,0.0,0.0,0.0,0,62575.0
22,9,316,473,0,1,1,0.0,0.0,1.0,0.0,0.12,255,255,1.0,0.0,0.0,0.0,0.0,0.0,0,50036.0
45,5,0,0,0,0,107,1.0,1.0,0.01,0.07,0.0,105,1,0.01,0.1,0.0,1.0,1.0,0.0,1,55063.0
45,5,0,0,0,0,121,1.0,1.0,0.17,0.06,0.0,255,2,0.01,0.07,0.0,1.0,1.0,0.0,1,104149.0
17,5,0,0,0,0,26,1.0,1.0,0.42,0.15,0.0,255,71,0.28,0.03,0.0,1.0,1.0,0.0,1,47427.0
22,9,269,798,0,1,21,0.0,0.0,1.0,0.0,0.08,255,255,1.0,0.0,0.0,0.0,0.0,0.0,0,112077.0
50,5,0,0,0,0,101,1.0,1.0,0.1,0.05,0.0,255,10,0.04,0.04,0.0,1.0,1.0,0.0,1,40475.0
29,5,0,0,0,0,264,1.0,1.0,0.03,0.06,0.0,255,7,0.03,0.08,0.0,1.0,1.0,0.0,1,15979.0
49,9,3222,397,0,1,1,0.0,0.0,1.0,0.0,0.0,66,229,0.71,0.05,0.01,0.24,0.0,0.0,0,118270.0
45,5,0,0,0,0,115,1.0,1.0,0.17,0.05,0.0,255,11,0.04,0.07,0.0,1.0,1.0,0.0,1,49750.0
17,5,0,0,0,0,11,1.0,1.0,1.0,0.0,0.0,71,17,0.15,0.06,0.12,1.0,0.65,0.0,1,81192.0
34,5,0,0,0,0,296,1.0,1.0,0.07,0.06,0.0,255,20,0.08,0.08,0.0,1.0,1.0,0.0,1,38618.0
19,9,15377,0,0,1,4,0.0,0.0,1.0,0.0,0.0,10,39,1.0,0.0,0.08,0.0,0.0,0.0,0,42195.0
45,1,0,0,0,0,2,0.0,0.0,0.5,1.0,0.0,255,1,0.0,0.62,0.0,0.0,0.0,1.0,1,95332.0
22,9,167,5772,0,1,8,0.0,0.0,1.0,0.0,0.0,255,255,1.0,0.0,0.0,0.0,0.0,0.0,0,120042.0
11,9,42,42,0,0,4,0.0,0.0,1.0,0.0,0.38,255,245,0.96,0.01,0.0,0.0,0.0,0.0,0,118676.0
22,9,241,1745,0,1,1,0.0,0.0,1.0,0.0,0.0,204,255,1.0,0.0,0.01,0.01,0.01,0.0,0,66044.0
22,9,212,2531,0,1,1,0.0,0.0,1.0,0.0,0.0,47,47,1.0,0.0,0.0,0.02,0.02,0.68,0,31035.0
45,5,0,0,0,0,165,1.0,1.0,0.11,0.06,0.0,255,7,0.03,0.08,0.0,1.0,1.0,0.0,1,78140.0
49,9,2153,333,0,1,1,0.0,0.0,1.0,0.0,0.0,123,145,0.53,0.03,0.02,0.0,0.0,0.0,0,86785.0
22,9,321,1026,0,1,15,0.0,0.0,1.0,0.0,0.0,82,255,1.0,0.0,0.03,0.0,0.0,0.0,0,19023.0
22,9,227,3268,0,1,3,0.0,0.0,1.0,0.0,0.0,34,255,1.0,0.0,0.02,0.0,0.0,0.0,0,122049.0
22,9,320,952,0,1,13,0.0,0.0,1.0,0.0,0.0,112,255,1.0,0.0,0.02,0.0,0.0,0.0,0,116466.0
22,9,148,15465,0,1,1,0.0,0.0,1.0,0.0,0.43,1,255,1.0,0.0,0.03,0.0,0.0,0.0,0,50523.0
19,5,0,0,0,0,45,0.98,1.0,0.22,0.11,0.0,255,42,0.16,0.05,0.0,1.0,1.0,0.0,1,78651.0
19,9,192,0,0,1,2,0.0,0.0,1.0,0.0,0.0,255,63,0.25,0.03,0.0,0.0,0.0,0.0,0,84639.0
45,4,1,0,0,0,2,0.0,0.0,1.0,0.0,0.0,255,2,0.01,0.64,0.0,0.0,0.0,1.0,1,50253.0
22,9,256,412,0,1,19,0.0,0.0,1.0,0.0,0.06,255,255,1.0,0.0,0.0,0.0,0.0,0.0,0,99592.0
6,1,0,0,0,0,232,0.0,0.0,0.02,0.06,0.0,255,5,0.02,0.07,0.0,0.0,0.0,1.0,1,28244.0
45,5,0,0,0,0,223,1.0,1.0,0.1,0.05,0.0,255,23,0.09,0.06,0.0,1.0,1.0,0.0,1,54190.0
22,9,321,547,0,1,7,0.0,0.0,1.0,0.0,0.0,255,255,1.0,0.0,0.0,0.0,0.0,0.0,0,74731.0
18,5,0,0,0,0,250,1.0,1.0,0.04,0.06,0.0,255,5,0.02,0.06,0.0,1.0,1.0,0.0,1,58499.0
22,9,279,765,0,1,4,0.0,0.0,1.0,0.0,0.1,76,255,1.0,0.0,0.02,0.0,0.0,0.0,0,41446.0
45,5,0,0,0,0,28,1.0,1.0,0.29,0.18,0.0,255,8,0.03,0.07,0.0,1.0,1.0,0.0,1,36929.0
4,5,0,0,0,0,201,1.0,1.0,0.0,0.05,0.0,159,1,0.01,0.07,0.0,0.99,1.0,0.0,1,75573.0
40,9,147,105,0,0,1,0.0,0.0,1.0,0.0,0.0,255,1,0.0,0.69,0.0,0.0,0.0,0.0,0,16702.0
45,5,0,0,0,0,147,1.0,1.0,0.14,0.05,0.0,255,17,0.07,0.06,0.0,1.0,1.0,0.0,1,115663.0
11,9,46,82,0,0,230,0.0,0.0,1.0,0.01,0.01,255,255,1.0,0.0,0.0,0.0,0.0,0.0,0,701.0
22,9,328,2431,0,1,5,0.0,0.0,1.0,0.0,0.25,255,255,1.0,0.0,0.0,0.0,0.0,0.0,0,41183.0
45,5,0,0,0,0,228,1.0,1.0,0.07,0.07,0.0,255,5,0.02,0.08,0.0,1.0,1.0,0.0,1,9507.0
22,1,0,0,0,0,1,0.0,0.0,1.0,0.0,1.0,84,255,1.0,0.0,0.13,0.0,0.01,0.99,0,96480.0
62,5,0,0,0,0,272,1.0,1.0,0.01,0.05,0.0,255,4,0.02,0.05,0.0,1.0,1.0,0.0,1,120704.0
13,9,8,0,0,0,1,0.0,0.0,1.0,0.0,1.0,1,41,1.0,0.0,0.27,0.0,0.0,0.0,1,82176.0
22,9,161,13985,0,1,3,0.0,0.0,1.0,0.0,0.5,255,255,1.0,0.0,0.0,0.01,0.01,0.0,0,53409.0
7,5,0,0,0,0,239,1.0,1.0,0.06,0.06,0.0,255,6,0.02,0.07,0.0,1.0,1.0,0.0,1,59665.0
11,9,45,45,0,0,144,0.0,0.0,1.0,0.0,0.0,255,255,1.0,0.0,0.0,0.0,0.0,0.0,0,96013.0
22,1,0,0,0,0,1,0.0,0.0,1.0,0.0,0.0,45,255,1.0,0.0,0.13,0.0,0.0,0.88,0,94551.0
13,9,8,0,0,0,1,0.0,0.0,1.0,0.0,1.0,2,140,1.0,0.0,0.5,0.0,0.0,0.0,1,97419.0
11,9,44,76,0,0,159,0.0,0.0,1.0,0.0,0.0,255,191,0.75,0.01,0.0,0.0,0.0,0.0,0,20988.0
40,9,516,4,0,0,237,0.0,0.0,1.0,0.0,0.0,237,237,1.0,0.0,0.0,0.0,0.0,0.0,0,93714.0
45,5,0,0,0,0,223,1.0,1.0,0.07,0.07,0.0,255,15,0.06,0.06,0.0,1.0,1.0,0.0,1,51755.0
22,9,221,2398,0,1,13,0.0,0.0,1.0,0.0,0.0,64,255,1.0,0.0,0.04,0.0,0.0,0.0,0,97488.0
22,9,279,22418,0,1,1,0.0,0.0,1.0,0.0,0.0,114,255,1.0,0.0,0.01,0.0,0.0,0.0,0,81590.0
45,4,1,0,0,0,2,0.0,0.0,1.0,0.0,0.0,255,2,0.01,0.74,0.0,0.0,0.0,1.0,1,59270.0
45,5,0,0,0,0,133,1.0,1.0,0.02,0.06,0.0,255,4,0.02,0.06,0.0,1.0,1.0,0.0,1,16284.0
22,9,221,431,0,1,3,0.0,0.0,1.0,0.0,0.0,110,255,1.0,0.0,0.07,0.01,0.01,0.0,0,96328.0
52,5,0,0,0,0,299,1.0,1.0,0.08,0.05,0.0,255,25,0.1,0.05,0.0,1.0,1.0,0.0,1,37636.0
14,9,1032,0,0,0,42,0.0,0.0,1.0,0.0,0.0,255,42,0.16,0.02,0.0,0.0,0.0,0.0,1,77998.0
26,5,0,0,0,0,148,1.0,1.0,0.12,0.05,0.0,255,17,0.07,0.07,0.0,1.0,1.0,0.0,1,23982.0
36,5,0,0,0,0,232,1.0,1.0,0.01,0.07,0.0,255,3,0.01,0.08,0.0,1.0,1.0,0.0,1,125390.0
22,9,206,891,0,1,10,0.0,0.0,1.0,0.0,0.14,209,255,1.0,0.0,0.02,0.0,0.0,0.0,0,53181.0
13,9,8,0,0,0,1,0.0,0.0,1.0,0.0,1.0,3,175,1.0,0.0,0.25,0.0,0.0,0.0,1,83440.0
45,5,0,0,0,0,194,1.0,1.0,0.01,0.07,0.0,255,20,0.08,0.07,0.0,1.0,1.0,0.0,1,88166.0
45,1,0,0,0,0,421,0.05,0.0,0.0,1.0,0.0,255,1,0.0,1.0,0.0,0.08,0.0,1.0,1,46438.0
53,5,0,0,0,0,253,1.0,1.0,0.01,0.06,0.0,255,19,0.07,0.07,0.0,1.0,1.0,0.0,1,64302.0
22,9,299,392,0,1,7,0.0,0.0,1.0,0.0,0.0,191,255,1.0,0.0,0.02,0.0,0.0,0.0,0,15804.0
22,9,252,4671,0,1,17,0.0,0.0,1.0,0.0,0.19,255,255,1.0,0.0,0.0,0.0,0.0,0.0,0,114633.0
49,9,1230,493,0,1,1,0.0,0.0,1.0,0.0,0.0,73,191,0.93,0.04,0.03,0.0,0.0,0.0,0,83225.0
11,9,45,128,0,0,80,0.0,0.0,1.0,0.0,0.01,255,255,1.0,0.0,0.0,0.0,0.0,0.0,0,118419.0
22,9,226,28076,0,1,8,0.0,0.0,1.0,0.0,0.0,92,255,1.0,0.0,0.02,0.0,0.0,0.0,0,9442.0
45,5,0,0,0,0,100,1.0,1.0,0.02,0.07,0.0,255,2,0.01,0.08,0.0,1.0,1.0,0.0,1,42316.0
61,1,0,0,0,0,266,0.0,0.0,0.02,0.06,0.0,255,5,0.02,0.07,0.0,0.0,0.0,1.0,1,32154.0
45,1,0,0,0,0,112,0.0,0.0,0.16,0.05,0.0,255,18,0.07,0.05,0.0,0.0,0.0,1.0,1,59834.0
50,5,0,0,0,0,248,1.0,1.0,0.06,0.06,0.0,255,1,0.0,0.07,0.0,1.0,1.0,0.0,1,2168.0
22,9,322,351,0,1,4,0.25,0.25,1.0,0.0,0.0,255,255,1.0,0.0,0.0,0.0,0.0,0.0,0,18543.0
55,5,0,0,0,0,70,0.97,1.0,0.24,0.09,0.0,255,47,0.18,0.04,0.0,1.0,1.0,0.0,1,14138.0
37,1,0,0,0,0,105,0.0,0.0,0.03,0.07,0.0,255,3,0.01,0.06,0.0,0.0,0.0,1.0,1,68604.0
45,5,0,0,0,0,108,1.0,1.0,0.17,0.06,0.0,110,18,0.16,0.07,0.0,1.0,1.0,0.0,1,62390.0
62,1,0,0,0,0,235,0.0,0.0,0.06,0.06,0.0,255,13,0.05,0.07,0.0,0.0,0.0,1.0,1,125825.0
22,9,262,5957,0,1,10,0.0,0.0,1.0,0.0,0.0,11,255,1.0,0.0,0.04,0.0,0.0,0.0,0,42999.0
55,5,0,0,0,0,26,1.0,1.0,0.23,0.08,0.0,255,6,0.02,0.07,0.0,1.0,1.0,0.0,1,87779.0
45,1,0,0,0,0,66,0.0,0.0,0.02,0.09,0.0,255,16,0.06,0.06,0.0,0.0,0.0,1.0,1,883.0
22,9,54540,8314,0,1,3,0.0,0.0,1.0,0.0,0.0,255,255,1.0,0.0,0.0,0.01,0.01,0.02,0,104051.0
35,1,0,0,0,0,131,0.0,0.0,0.02,0.08,0.0,255,3,0.01,0.07,0.0,0.0,0.0,1.0,1,42273.0
2,5,0,0,0,0,254,1.0,1.0,0.03,0.06,0.0,255,7,0.03,0.07,0.0,1.0,1.0,0.0,1,99608.0
49,9,3247,407,0,1,1,0.0,0.0,1.0,0.0,0.0,41,160,0.95,0.05,0.02,0.0,0.0,0.0,0,33568.0
25,5,0,0,0,0,226,1.0,1.0,0.04,0.07,0.0,255,8,0.03,0.09,0.0,1.0,1.0,0.0,1,8982.0
22,9,274,8186,0,1,1,0.0,0.0,1.0,0.0,0.0,255,244,0.96,0.02,0.0,0.0,0.0,0.0,0,67753.0
45,5,0,0,0,0,73,1.0,1.0,0.11,0.07,0.0,255,20,0.08,0.06,0.0,1.0,1.0,0.0,1,46070.0
22,9,209,1239,0,1,6,0.0,0.0,1.0,0.0,0.0,14,255,1.0,0.0,0.08,0.0,0.0,0.0,0,30522.0
61,5,0,0,0,0,74,1.0,1.0,0.08,0.08,0.0,255,12,0.05,0.07,0.0,1.0,1.0,0.0,1,10193.0
45,5,0,0,0,0,212,1.0,1.0,0.08,0.07,0.0,255,20,0.08,0.07,0.0,1.0,1.0,0.0,1,120500.0
33,5,0,0,0,0,247,1.0,1.0,0.07,0.05,0.0,255,17,0.07,0.06,0.0,1.0,1.0,0.0,1,62747.0
45,1,0,0,0,0,148,0.0,0.0,0.13,0.05,0.0,123,19,0.15,0.07,0.0,0.0,0.0,1.0,1,77469.0
13,9,8,0,0,0,1,0.0,0.0,1.0,0.0,1.0,1,213,1.0,0.0,0.5,0.0,0.0,0.0,1,85491.0
19,9,7940,0,0,0,10,0.0,0.0,1.0,0.0,0.0,84,88,0.76,0.06,0.02,0.0,0.0,0.0,0,8045.0
22,9,198,3231,0,1,2,0.0,0.0,1.0,0.0,0.4,2,255,1.0,0.0,0.05,0.0,0.0,0.0,0,35225.0
22,4,36256,8314,0,1,2,0.0,0.0,1.0,0.0,0.0,255,255,1.0,0.0,0.0,0.0,0.0,0.02,0,29480.0
22,9,342,3327,0,1,1,0.0,0.0,1.0,0.0,0.0,28,255,1.0,0.0,0.04,0.0,0.0,0.0,0,94195.0
22,9,222,426,0,1,16,0.0,0.0,1.0,0.0,0.15,225,255,1.0,0.0,0.01,0.0,0.0,0.0,0,104262.0
22,6,152,14600,0,1,1,1.0,1.0,1.0,0.0,0.0,255,255,1.0,0.0,0.0,0.0,0.0,0.0,0,107611.0
49,9,771,362,0,1,1,0.0,0.0,1.0,0.0,1.0,133,104,0.78,0.03,0.0,0.0,0.0,0.0,0,29518.0
40,1,0,0,0,0,511,0.16,0.0,0.0,1.0,0.0,255,1,0.0,1.0,0.0,0.17,0.0,1.0,1,116858.0
13,9,8,0,0,0,1,0.0,0.0,1.0,0.0,1.0,2,2,1.0,0.0,0.0,0.0,0.0,0.0,1,42197.0
4,5,0,0,0,0,113,1.0,1.0,0.04,0.06,0.0,255,5,0.02,0.05,0.0,1.0,1.0,0.0,1,17915.0
18,9,940,2720,0,1,2,0.0,0.0,0.5,1.0,0.0,25,2,0.08,0.16,0.0,0.0,0.0,0.0,0,29228.0
22,9,366,261,0,1,23,0.0,0.0,1.0,0.0,0.08,255,255,1.0,0.0,0.0,0.0,0.0,0.0,0,45178.0
22,9,236,5048,0,1,1,0.0,0.0,1.0,0.0,0.0,95,255,1.0,0.0,0.02,0.0,0.0,0.0,0,104171.0
22,9,220,619,0,1,10,0.0,0.0,1.0,0.0,0.18,31,255,1.0,0.0,0.02,0.0,0.02,0.03,0,102193.0
49,5,0,0,0,0,227,1.0,1.0,0.0,0.06,0.0,255,1,0.0,0.07,0.0,1.0,1.0,0.0,1,8400.0
11,9,103,0,0,0,2,0.0,0.0,1.0,0.0,0.75,85,81,0.95,0.04,0.0,0.0,0.0,0.0,0,54400.0
58,9,181,0,0,0,2,0.0,0.0,0.5,1.0,0.0,255,31,0.12,0.01,0.0,0.0,0.0,0.0,0,109411.0
22,9,226,1129,0,1,5,0.0,0.0,1.0,0.0,0.14,159,255,1.0,0.0,0.01,0.0,0.0,0.0,0,108865.0
37,5,0,0,0,0,52,1.0,1.0,0.17,0.12,0.0,255,9,0.04,0.09,0.0,1.0,1.0,0.0,1,58756.0
45,5,0,0,0,0,136,1.0,1.0,0.1,0.06,0.0,255,32,0.13,0.07,0.0,1.0,1.0,0.0,1,44851.0
45,1,0,0,0,0,77,0.0,0.0,0.01,0.08,0.0,255,1,0.0,0.07,0.0,0.0,0.0,1.0,1,44350.0
45,4,0,0,0,0,323,0.0,0.0,0.01,0.52,0.0,255,2,0.01,0.52,0.0,0.0,0.0,1.0,1,3515.0
22,9,227,520,0,1,31,0.0,0.0,1.0,0.0,0.11,255,255,1.0,0.0,0.0,0.0,0.0,0.0,0,42909.0
15,5,0,0,0,0,27,1.0,1.0,0.07,0.11,0.0,255,14,0.05,0.07,0.0,1.0,1.0,0.0,1,58702.0
35,5,0,0,0,0,275,1.0,1.0,0.05,0.05,0.0,255,6,0.02,0.07,0.0,1.0,1.0,0.0,1,50518.0
49,9,2762,331,0,1,1,0.0,0.0,1.0,0.0,0.0,124,78,0.58,0.1,0.03,0.01,0.0,0.0,0,105335.0
22,9,344,2099,0,1,12,0.0,0.0,1.0,0.0,0.0,141,255,1.0,0.0,0.02,0.0,0.0,0.0,0,90737.0
17,5,0,0,0,0,240,1.0,1.0,0.03,0.06,0.0,255,8,0.03,0.09,0.0,1.0,1.0,0.0,1,58286.0
22,9,322,4706,0,1,23,0.0,0.0,1.0,0.0,0.08,111,255,1.0,0.0,0.04,0.0,0.0,0.0,0,31916.0
40,1,0,0,0,0,509,0.16,0.0,0.0,1.0,0.0,255,1,0.0,1.0,0.0,0.22,0.0,1.0,1,62699.0
45,1,0,0,0,0,104,0.0,0.0,0.04,0.07,0.0,255,24,0.09,0.08,0.0,0.0,0.0,1.0,1,58337.0
22,9,215,6657,0,1,1,0.0,0.0,1.0,0.0,0.0,1,255,1.0,0.0,0.05,0.0,0.0,0.0,0,11820.0
60,5,0,0,0,0,262,1.0,1.0,0.04,0.06,0.0,255,10,0.04,0.07,0.0,1.0,1.0,0.0,1,91730.0
22,9,311,1451,0,1,15,0.0,0.0,1.0,0.0,0.12,60,255,1.0,0.0,0.04,0.0,0.0,0.0,0,103498.0
22,9,243,11634,0,1,2,0.0,0.0,1.0,0.0,0.0,94,255,1.0,0.0,0.04,0.0,0.0,0.0,0,72149.0
2,5,0,0,0,0,233,1.0,1.0,0.08,0.05,0.0,255,19,0.07,0.06,0.0,1.0,1.0,0.0,1,5811.0
45,5,0,0,0,0,84,1.0,1.0,0.13,0.06,0.0,255,1,0.0,0.06,0.0,1.0,1.0,0.0,1,121111.0
22,9,260,11512,0,1,1,0.0,0.0,1.0,0.0,0.0,255,228,0.89,0.01,0.0,0.0,0.0,0.0,0,10121.0
40,1,0,0,0,0,509,0.21,0.0,0.0,1.0,0.0,255,1,0.0,1.0,0.0,0.23,0.0,1.0,1,61970.0
11,9,46,77,0,0,141,0.0,0.0,1.0,0.0,0.0,255,254,1.0,0.01,0.0,0.0,0.0,0.0,0,80044.0
45,5,0,0,0,0,38,1.0,1.0,0.37,0.16,0.0,255,15,0.06,0.09,0.0,1.0,1.0,0.0,1,89996.0
13,9,8,0,0,0,1,0.0,0.0,1.0,0.0,1.0,2,32,1.0,0.0,0.5,0.0,0.0,0.0,1,23024.0
9,5,0,0,0,0,275,1.0,1.0,0.04,0.06,0.0,255,12,0.05,0.08,0.0,1.0,1.0,0.0,1,105765.0
22,9,238,364,0,1,7,0.0,0.0,1.0,0.0,0.0,20,152,1.0,0.0,0.03,0.0,0.0,0.0,0,97635.0
45,5,0,0,0,0,173,1.0,1.0,0.01,0.07,0.0,255,13,0.05,0.07,0.0,1.0,1.0,0.0,1,93069.0
45,5,0,0,0,0,93,1.0,1.0,0.14,0.05,0.0,255,8,0.03,0.07,0.0,1.0,1.0,0.0,1,20745.0
19,1,0,0,0,0,223,0.0,0.0,0.05,0.07,0.0,255,12,0.05,0.07,0.0,0.0,0.0,1.0,1,46884.0
22,9,0,1195,0,0,13,0.08,0.08,1.0,0.0,0.0,46,255,1.0,0.0,0.01,0.02,0.01,0.0,0,78403.0
45,5,0,0,0,0,141,1.0,1.0,0.1,0.06,0.0,255,14,0.05,0.07,0.0,1.0,1.0,0.0,1,84549.0
22,9,236,1713,0,1,2,0.0,0.0,1.0,0.0,0.0,255,255,1.0,0.0,0.0,0.0,0.0,0.0,0,58623.0
37,5,0,0,0,0,97,1.0,1.0,0.02,0.07,0.0,255,21,0.08,0.06,0.0,1.0,1.0,0.0,1,104955.0
49,9,686,330,0,1,1,0.0,0.0,1.0,0.0,0.0,99,96,0.36,0.05,0.02,0.0,0.0,0.0,0,23144.0
45,1,0,0,0,0,2,0.0,0.0,0.5,1.0,0.0,255,1,0.0,0.35,0.0,0.0,0.0,1.0,1,31549.0
32,5,0,0,0,0,250,1.0,1.0,0.01,0.06,0.0,255,10,0.04,0.07,0.0,1.0,1.0,0.0,1,34005.0
45,1,0,0,0,0,111,0.0,0.0,0.09,0.07,0.0,255,10,0.04,0.06,0.0,0.0,0.0,1.0,1,1150.0
11,9,45,110,0,0,1,0.0,0.0,1.0,0.0,1.0,241,220,0.91,0.01,0.0,0.0,0.0,0.0,0,63549.0
22,9,332,305,0,1,4,0.0,0.0,1.0,0.0,0.0,9,255,1.0,0.0,0.05,0.0,0.0,0.0,0,91949.0
60,5,0,0,0,0,215,1.0,1.0,0.12,0.06,0.0,255,25,0.1,0.06,0.0,1.0,1.0,0.0,1,85453.0
22,9,287,399,0,1,9,0.0,0.0,1.0,0.0,0.17,255,255,1.0,0.0,0.0,0.0,0.0,0.0,0,71537.0
14,9,1032,0,0,0,511,0.0,0.0,1.0,0.0,0.0,255,25,0.1,0.13,0.0,0.12,0.0,0.0,1,86291.0
22,9,299,2662,0,1,6,0.0,0.0,1.0,0.0,0.0,255,255,1.0,0.0,0.0,0.0,0.0,0.0,0,84223.0
19,9,5135678,0,0,1,1,0.0,0.0,1.0,0.0,0.0,10,21,1.0,0.0,0.1,0.0,0.0,0.0,0,123499.0
49,9,570,377,0,1,1,0.0,0.0,1.0,0.0,1.0,92,110,0.25,0.04,0.02,0.0,0.0,0.0,0,98963.0
45,5,0,0,0,0,239,1.0,1.0,0.06,0.05,0.0,255,13,0.05,0.07,0.0,1.0,1.0,0.0,1,109598.0
14,9,1032,0,0,0,511,0.0,0.0,1.0,0.0,0.0,255,72,0.28,0.04,0.0,0.14,0.0,0.0,1,60392.0
34,5,0,0,0,0,269,1.0,1.0,0.03,0.06,0.0,255,9,0.04,0.07,0.0,1.0,1.0,0.0,1,49506.0
32,5,0,0,0,0,26,1.0,1.0,0.19,0.19,0.0,255,5,0.02,0.09,0.0,1.0,1.0,0.0,1,95459.0
45,1,0,0,0,0,102,0.0,0.0,0.02,0.07,0.0,77,2,0.03,0.09,0.0,0.0,0.0,1.0,1,64735.0
11,9,44,140,0,0,75,0.0,0.0,1.0,0.0,0.01,255,254,1.0,0.01,0.0,0.0,0.0,0.0,0,21745.0
29,5,0,0,0,0,242,1.0,1.0,0.05,0.07,0.0,255,13,0.05,0.07,0.0,1.0,1.0,0.0,1,47488.0
22,9,291,2081,0,1,3,0.0,0.0,1.0,0.0,0.0,118,255,1.0,0.0,0.02,0.0,0.0,0.0,0,91073.0
22,9,271,583,0,1,5,0.0,0.0,1.0,0.0,0.0,23,255,1.0,0.0,0.01,0.0,0.0,0.0,0,12751.0
3,5,0,0,0,0,281,1.0,1.0,0.01,0.06,0.0,255,19,0.07,0.07,0.0,1.0,1.0,0.0,1,69538.0
49,9,1557,330,0,1,1,0.0,0.0,1.0,0.0,0.0,42,114,0.48,0.12,0.02,0.0,0.0,0.0,0,41267.0
31,5,0,0,0,0,221,1.0,1.0,0.0,0.06,0.0,255,1,0.0,0.06,0.0,1.0,1.0,0.0,1,6644.0
4,5,0,0,0,0,232,1.0,1.0,0.07,0.06,0.0,255,16,0.06,0.08,0.0,1.0,1.0,0.0,1,36219.0
61,5,0,0,0,0,289,1.0,1.0,0.05,0.06,0.0,255,15,0.06,0.07,0.0,1.0,1.0,0.0,1,114970.0
22,1,0,0,0,0,19,0.0,0.0,1.0,0.0,0.0,19,255,1.0,0.0,0.01,0.0,0.0,0.07,0,11624.0
22,9,299,2507,0,1,5,0.0,0.0,1.0,0.0,0.15,255,247,0.97,0.01,0.0,0.0,0.0,0.0,0,110505.0
22,9,209,2107,0,1,13,0.0,0.0,1.0,0.0,0.0,13,48,1.0,0.0,0.06,0.0,0.02,0.0,0,102366.0
25,1,0,0,0,0,242,0.0,0.0,0.07,0.07,0.0,255,18,0.07,0.09,0.0,0.0,0.0,1.0,1,61491.0
45,1,0,0,0,0,128,0.0,0.0,0.04,0.07,0.0,255,5,0.02,0.06,0.0,0.0,0.0,1.0,1,62949.0
60,5,0,0,0,0,229,1.0,1.0,0.09,0.06,0.0,255,21,0.08,0.06,0.0,1.0,1.0,0.0,1,94128.0
19,9,3468,0,0,1,24,0.0,0.0,1.0,0.0,0.0,86,83,0.35,0.03,0.02,0.0,0.12,0.0,0,18060.0
19,9,748,0,0,0,1,0.0,0.0,1.0,0.0,0.0,9,1,0.11,0.22,0.0,0.0,0.0,0.0,0,101395.0
40,9,1,0,0,0,24,0.0,0.0,0.08,0.25,0.0,255,2,0.01,0.22,0.0,0.0,0.0,0.0,1,19230.0
44,5,0,0,0,0,128,1.0,1.0,0.02,0.07,0.0,255,2,0.01,0.07,0.0,1.0,1.0,0.0,1,56098.0
22,1,0,0,0,0,1,0.0,0.0,1.0,0.0,0.0,11,250,1.0,0.0,0.12,0.0,0.0,1.0,0,97607.0
9,5,0,0,0,0,186,1.0,1.0,0.03,0.07,0.0,255,5,0.02,0.07,0.0,1.0,1.0,0.0,1,7106.0
22,1,0,0,0,0,1,0.0,0.0,1.0,0.0,1.0,3,196,1.0,0.0,0.27,0.0,0.0,1.0,0,49911.0
11,9,45,136,0,0,71,0.0,0.0,1.0,0.0,0.01,255,255,1.0,0.0,0.0,0.0,0.0,0.0,0,66246.0
23,1,0,0,0,0,131,0.0,0.0,0.15,0.07,0.0,255,19,0.07,0.07,0.0,0.0,0.0,1.0,1,112898.0
18,9,1494,4152,0,1,1,0.0,0.0,1.0,0.0,0.0,39,8,0.21,0.13,0.0,0.0,0.0,0.0,0,104539.0
17,9,10,142,0,0,1,0.0,0.0,1.0,0.0,0.0,176,8,0.05,0.07,0.0,0.01,0.0,0.0,0,124173.0
22,9,205,181,0,1,8,0.0,0.0,1.0,0.0,0.0,8,172,1.0,0.0,0.01,0.0,0.0,0.0,0,125064.0
49,9,587,337,0,1,1,0.0,0.0,1.0,0.0,0.0,53,134,0.57,0.06,0.01,0.0,0.0,0.0,0,99716.0
45,5,0,0,0,0,213,1.0,1.0,0.07,0.07,0.0,255,15,0.06,0.05,0.0,1.0,1.0,0.0,1,101123.0
22,9,242,971,0,1,1,0.0,0.0,1.0,0.0,0.0,255,246,0.96,0.01,0.0,0.0,0.0,0.0,0,12474.0
22,9,322,998,0,1,9,0.0,0.0,1.0,0.0,0.12,255,255,1.0,0.0,0.0,0.0,0.0,0.0,0,20231.0
11,9,43,133,0,0,42,0.0,0.0,1.0,0.0,0.02,255,254,1.0,0.01,0.0,0.0,0.0,0.0,0,4932.0
45,5,0,0,0,0,42,1.0,1.0,0.12,0.14,0.0,255,5,0.02,0.08,0.0,1.0,1.0,0.0,1,61284.0
12,5,0,0,0,0,281,1.0,1.0,0.06,0.05,0.0,255,2,0.01,0.07,0.0,1.0,1.0,0.0,1,1202.0
22,9,212,418,0,1,7,0.0,0.0,1.0,0.0,0.0,28,255,1.0,0.0,0.02,0.0,0.0,0.0,0,18692.0
45,5,0,0,0,0,164,1.0,1.0,0.1,0.05,0.0,255,16,0.06,0.06,0.0,1.0,1.0,0.0,1,30030.0
37,5,0,0,0,0,131,1.0,1.0,0.15,0.06,0.0,255,18,0.07,0.06,0.0,1.0,1.0,0.0,1,9875.0
22,9,351,1259,0,1,9,0.0,0.0,1.0,0.0,0.0,16,216,1.0,0.0,0.03,0.0,0.0,0.0,0,38395.0
10,1,0,0,0,0,232,0.0,0.0,0.02,0.06,0.0,255,4,0.02,0.07,0.0,0.0,0.0,1.0,1,73029.0
14,9,520,0,0,0,443,0.0,0.0,1.0,0.0,0.0,3,3,1.0,0.0,0.0,0.0,0.0,0.0,1,49947.0
52,5,0,0,0,0,225,1.0,1.0,0.08,0.07,0.0,255,17,0.07,0.08,0.0,1.0,1.0,0.0,1,46297.0
11,9,45,129,0,0,67,0.0,0.0,1.0,0.0,0.01,255,232,0.91,0.01,0.0,0.0,0.0,0.0,0,38847.0
22,9,317,280,0,1,3,0.33,0.33,1.0,0.0,0.0,255,255,1.0,0.0,0.0,0.0,0.0,0.0,0,25538.0
35,5,0,0,0,0,61,1.0,1.0,0.05,0.08,0.0,255,2,0.01,0.07,0.0,1.0,1.0,0.0,1,31930.0
22,9,213,1737,0,1,5,0.0,0.0,1.0,0.0,0.18,5,255,1.0,0.0,0.03,0.0,0.0,0.0,0,3988.0
22,9,331,6790,0,1,2,0.0,0.0,1.0,0.0,0.5,74,255,1.0,0.0,0.02,0.0,0.0,0.0,0,116883.0
22,9,305,9345,0,1,3,0.0,0.0,1.0,0.0,0.0,28,255,1.0,0.0,0.01,0.0,0.0,0.0,0,28357.0
11,9,36,0,0,0,1,0.0,0.0,1.0,0.0,1.0,165,21,0.08,0.04,0.1,0.0,0.0,0.0,0,117932.0
22,9,224,5255,0,1,8,0.0,0.0,1.0,0.0,0.09,30,255,1.0,0.0,0.05,0.0,0.0,0.0,0,26575.0
22,9,221,619,0,1,13,0.0,0.0,1.0,0.0,0.25,255,255,1.0,0.0,0.0,0.0,0.0,0.0,0,63975.0
17,5,0,0,0,0,31,1.0,1.0,0.35,0.06,0.0,73,15,0.15,0.05,0.13,0.97,0.73,0.0,1,31957.0
40,9,12241,0,0,1,6,0.17,0.0,0.17,0.67,0.0,100,1,0.01,0.07,0.0,0.01,0.0,0.0,0,116608.0
13,9,8,0,0,0,1,0.0,0.0,1.0,0.0,1.0,2,38,1.0,0.0,0.5,0.0,0.0,0.0,1,115406.0
45,4,0,0,0,0,1,0.0,0.0,1.0,0.0,0.0,177,1,0.01,0.17,0.0,0.0,0.0,1.0,1,33994.0
38,5,0,0,0,0,201,1.0,1.0,0.0,0.06,0.0,255,17,0.07,0.06,0.0,1.0,1.0,0.0,1,111342.0
22,9,193,7927,0,1,2,0.0,0.0,1.0,0.0,0.0,147,255,1.0,0.0,0.03,0.01,0.01,0.0,0,109727.0
4,5,0,0,0,0,228,1.0,1.0,0.07,0.05,0.0,186,15,0.08,0.06,0.0,0.99,1.0,0.0,1,44451.0
18,5,0,0,0,0,232,1.0,1.0,0.02,0.06,0.0,255,4,0.02,0.06,0.0,1.0,1.0,0.0,1,103415.0
22,9,213,24315,0,1,66,0.0,0.0,1.0,0.0,0.03,152,255,1.0,0.0,0.02,0.0,0.0,0.0,0,96684.0
22,9,298,38737,0,1,1,0.0,0.0,1.0,0.0,1.0,255,255,1.0,0.0,0.0,0.0,0.0,0.0,0,41863.0
40,9,5,0,0,0,1,0.0,0.0,1.0,0.0,0.0,255,7,0.03,0.02,0.0,0.0,0.0,0.0,1,22099.0
22,9,300,6175,0,1,3,0.0,0.0,1.0,0.0,0.5,140,255,1.0,0.0,0.02,0.0,0.0,0.0,0,91984.0
56,5,0,0,0,0,298,1.0,1.0,0.07,0.06,0.0,255,4,0.02,0.07,0.0,1.0,1.0,0.0,1,26358.0
22,9,261,391,0,1,12,0.0,0.0,1.0,0.0,0.12,255,255,1.0,0.0,0.0,0.0,0.0,0.0,0,12227.0
45,5,0,0,0,0,170,1.0,1.0,0.03,0.06,0.0,255,16,0.06,0.08,0.0,1.0,1.0,0.0,1,8145.0
22,9,213,350,0,1,3,0.33,0.33,1.0,0.0,0.0,28,255,1.0,0.0,0.04,0.04,0.01,0.01,0,63580.0
11,9,33,0,0,0,1,0.0,0.0,1.0,0.0,1.0,184,40,0.14,0.04,0.05,0.01,0.0,0.0,0,111724.0
12,5,0,0,0,0,222,1.0,1.0,0.08,0.06,0.0,255,17,0.07,0.07,0.0,1.0,1.0,0.0,1,74317.0
29,5,0,0,0,0,297,1.0,1.0,0.04,0.05,0.0,255,13,0.05,0.05,0.0,1.0,1.0,0.0,1,62368.0
50,1,0,0,0,0,169,0.0,0.0,0.05,0.07,0.0,255,9,0.04,0.07,0.0,0.0,0.0,1.0,1,94162.0
49,9,14238,1858,0,1,1,0.0,0.0,1.0,0.0,0.0,33,133,0.18,0.09,0.02,0.0,0.0,0.0,0,76642.0
22,6,220,13140,0,1,2,0.5,0.33,1.0,0.0,0.67,255,255,1.0,0.0,0.0,0.01,0.01,0.0,0,19971.0
22,9,214,261,0,1,7,0.0,0.0,1.0,0.0,0.13,78,255,1.0,0.0,0.01,0.0,0.0,0.0,0,3301.0
19,9,383,0,0,1,2,0.0,0.0,1.0,0.0,0.0,197,22,0.11,0.03,0.0,0.0,0.0,0.0,0,6913.0
45,5,0,0,0,0,122,1.0,1.0,0.16,0.05,0.0,255,19,0.07,0.04,0.0,1.0,1.0,0.0,1,61722.0
18,5,0,0,0,0,234,1.0,1.0,0.02,0.06,0.0,255,6,0.02,0.08,0.0,1.0,1.0,0.0,1,82256.0
22,9,191,2257,0,1,6,0.0,0.0,1.0,0.0,0.0,6,35,1.0,0.0,0.17,0.0,0.0,0.0,0,49952.0
22,9,352,13335,0,1,11,0.0,0.0,1.0,0.0,0.15,191,255,1.0,0.0,0.03,0.01,0.0,0.0,0,53285.0
22,1,0,0,0,0,1,0.0,0.0,1.0,0.0,0.0,6,251,1.0,0.0,0.2,0.0,0.0,0.99,0,54301.0
22,9,248,354,0,1,6,0.0,0.0,1.0,0.0,0.0,77,255,1.0,0.0,0.03,0.0,0.0,0.0,0,47263.0
40,9,516,4,0,0,330,0.0,0.0,1.0,0.0,0.0,255,255,1.0,0.0,0.0,0.0,0.0,0.0,0,36867.0
22,9,220,457,0,1,4,0.0,0.0,1.0,0.0,0.25,154,255,1.0,0.0,0.05,0.0,0.0,0.01,0,41943.0
54,5,0,0,0,0,208,1.0,1.0,0.06,0.06,0.0,255,19,0.07,0.05,0.0,1.0,1.0,0.0,1,51184.0
5,5,0,0,0,0,130,1.0,1.0,0.02,0.06,0.0,255,3,0.01,0.06,0.0,1.0,1.0,0.0,1,73442.0
40,9,146,105,0,0,1,0.0,0.0,1.0,0.0,0.0,255,1,0.0,0.67,0.0,0.0,0.0,0.0,0,61733.0
49,9,1648,328,0,1,1,0.0,0.0,1.0,0.0,1.0,150,85,0.57,0.04,0.0,0.0,0.0,0.0,0,25356.0
31,5,0,0,0,0,288,1.0,1.0,0.02,0.05,0.0,255,5,0.02,0.05,0.0,1.0,1.0,0.0,1,2996.0
45,5,0,0,0,0,217,1.0,1.0,0.03,0.06,0.0,255,9,0.04,0.08,0.0,1.0,1.0,0.0,1,69801.0
55,5,0,0,0,0,33,1.0,1.0,0.18,0.12,0.0,255,56,0.22,0.04,0.0,1.0,1.0,0.0,1,51504.0
0,4,790,8250,0,0,1,0.0,0.0,1.0,0.0,0.0,46,12,0.26,0.04,0.0,0.0,0.0,0.83,0,51096.0
40,9,145,105,0,0,1,0.0,0.0,1.0,0.0,0.0,255,1,0.0,0.64,0.0,0.0,0.0,0.0,0,68479.0
45,5,0,0,0,0,251,1.0,1.0,0.02,0.06,0.0,255,6,0.02,0.07,0.0,1.0,1.0,0.0,1,105030.0
22,9,229,4811,0,1,30,0.0,0.0,1.0,0.0,0.09,255,255,1.0,0.0,0.0,0.0,0.0,0.0,0,44215.0
22,9,278,2241,0,1,2,0.0,0.0,1.0,0.0,0.5,255,255,1.0,0.0,0.0,0.0,0.0,0.0,0,84106.0
49,9,878,332,0,1,1,0.0,0.0,1.0,0.0,0.0,237,141,0.52,0.02,0.01,0.02,0.01,0.0,0,97421.0
62,5,0,0,0,0,147,1.0,1.0,0.05,0.05,0.0,255,4,0.02,0.07,0.0,1.0,1.0,0.0,1,38951.0
45,4,1,0,0,0,2,0.0,0.0,1.0,0.0,0.0,255,2,0.01,0.5,0.0,0.0,0.0,1.0,1,57397.0
22,9,256,6364,0,1,39,0.0,0.0,1.0,0.0,0.05,223,255,1.0,0.0,0.02,0.0,0.0,0.0,0,101302.0
45,5,0,0,0,0,135,1.0,1.0,0.1,0.06,0.0,255,7,0.03,0.08,0.0,1.0,1.0,0.0,1,37906.0
49,9,1528,328,0,1,1,0.0,0.0,1.0,0.0,0.0,12,146,0.58,0.25,0.01,0.0,0.01,0.0,0,57553.0
13,9,8,0,0,0,1,0.0,0.0,1.0,0.0,1.0,1,253,1.0,0.0,0.25,0.0,0.0,0.0,1,10073.0
45,2,0,0,0,0,260,0.0,0.0,0.07,0.06,0.0,255,17,0.07,0.07,0.0,0.0,0.0,1.0,1,23488.0
19,9,192,0,0,1,1,0.0,0.0,1.0,0.0,0.0,182,74,0.27,0.02,0.03,0.0,0.0,0.0,0,64259.0
45,9,105,0,0,0,2,0.0,0.0,1.0,0.0,0.0,255,94,0.37,0.01,0.0,0.0,0.0,0.0,0,111163.0
45,1,0,0,0,0,83,0.0,0.0,0.1,0.07,0.0,255,8,0.03,0.07,0.0,0.0,0.0,1.0,1,25998.0
22,9,213,2307,0,1,26,0.0,0.0,1.0,0.0,0.07,255,255,1.0,0.0,0.0,0.0,0.0,0.0,0,50224.0
32,1,0,0,0,0,235,0.0,0.0,0.03,0.07,0.0,255,7,0.03,0.08,0.0,0.0,0.0,1.0,1,58228.0
22,9,283,917,0,1,7,0.0,0.0,1.0,0.0,0.14,28,255,1.0,0.0,0.05,0.0,0.0,0.0,0,60996.0
11,9,41,41,0,0,150,0.0,0.0,1.0,0.0,0.02,255,254,1.0,0.01,0.0,0.0,0.0,0.0,0,66191.0
45,5,0,0,0,0,106,1.0,1.0,0.16,0.07,0.0,255,17,0.07,0.06,0.0,1.0,1.0,0.0,1,97955.0
11,9,45,72,0,0,72,0.0,0.0,1.0,0.0,0.01,255,254,1.0,0.01,0.0,0.0,0.0,0.0,0,64630.0
19,9,259,0,0,0,1,0.0,0.0,1.0,0.0,0.0,54,75,0.33,0.07,0.03,0.0,0.0,0.0,0,39906.0
49,9,1794,330,0,1,1,0.0,0.0,1.0,0.0,0.0,80,102,0.43,0.08,0.02,0.0,0.0,0.0,0,70328.0
45,5,0,0,0,0,203,1.0,1.0,0.0,0.07,0.0,255,2,0.01,0.07,0.0,1.0,1.0,0.0,1,20907.0
22,9,222,406,0,1,13,0.0,0.0,1.0,0.0,0.24,255,255,1.0,0.0,0.0,0.0,0.0,0.0,0,98792.0
22,9,157,16954,0,1,1,0.0,0.0,1.0,0.0,0.0,1,255,1.0,0.0,0.04,0.0,0.0,0.0,0,40143.0
13,9,8,0,0,0,1,0.0,0.0,1.0,0.0,1.0,1,86,1.0,0.0,0.51,0.0,0.0,0.0,1,87114.0
35,5,0,0,0,0,123,1.0,1.0,0.15,0.07,0.0,255,18,0.07,0.08,0.0,1.0,1.0,0.0,1,98408.0
45,5,0,0,0,0,109,1.0,1.0,0.01,0.06,0.0,255,15,0.06,0.06,0.0,1.0,1.0,0.0,1,60350.0
22,9,230,801,0,1,16,0.0,0.0,1.0,0.0,0.0,166,255,1.0,0.0,0.02,0.0,0.0,0.0,0,67278.0
22,9,300,669,0,1,1,0.0,0.0,1.0,0.0,0.0,1,255,1.0,0.0,0.03,0.0,0.0,0.0,0,55797.0
19,9,61298,0,0,0,7,0.0,0.0,1.0,0.0,0.0,140,41,0.29,0.04,0.0,0.01,0.0,0.0,0,88869.0
50,1,0,0,0,0,63,0.0,0.0,0.17,0.06,0.0,255,10,0.04,0.07,0.0,0.0,0.0,1.0,1,97284.0
45,5,0,0,0,0,108,1.0,1.0,0.12,0.06,0.0,255,4,0.02,0.07,0.0,1.0,1.0,0.0,1,56241.0
2,5,0,0,0,0,248,1.0,1.0,0.09,0.05,0.0,255,23,0.09,0.05,0.0,1.0,1.0,0.0,1,37527.0
17,5,0,0,0,0,203,1.0,1.0,0.07,0.07,0.0,255,15,0.06,0.07,0.0,1.0,1.0,0.0,1,3628.0
22,9,314,2193,0,1,2,0.0,0.0,1.0,0.0,0.0,104,255,1.0,0.0,0.05,0.01,0.01,0.01,0,3377.0
22,9,320,420,0,1,7,0.0,0.0,1.0,0.0,0.0,255,255,1.0,0.0,0.0,0.0,0.0,0.0,0,304.0
22,9,213,2731,0,1,16,0.0,0.0,1.0,0.0,0.14,16,255,1.0,0.0,0.05,0.0,0.0,0.0,0,15875.0
22,9,246,346,0,1,4,0.0,0.0,1.0,0.0,0.43,107,255,1.0,0.0,0.02,0.0,0.0,0.0,0,23791.0
62,5,0,0,0,0,125,1.0,1.0,0.04,0.06,0.0,255,5,0.02,0.06,0.0,1.0,1.0,0.0,1,2976.0
45,5,0,0,0,0,218,1.0,1.0,0.05,0.06,0.0,255,17,0.07,0.08,0.0,1.0,1.0,0.0,1,55278.0
59,2,0,0,0,0,108,0.0,0.0,0.06,0.07,0.0,255,7,0.03,0.06,0.0,0.0,0.0,1.0,1,79455.0
22,9,213,296,0,1,2,0.0,0.0,1.0,0.0,0.67,255,255,1.0,0.0,0.0,0.0,0.0,0.0,0,3129.0
11,9,45,83,0,0,221,0.0,0.0,1.0,0.0,0.0,255,233,0.91,0.01,0.0,0.0,0.0,0.0,0,74287.0
19,9,194,0,0,0,2,0.0,0.0,1.0,0.0,0.0,5,4,0.8,0.4,0.0,0.0,0.0,0.0,0,34705.0
25,5,0,0,0,0,242,1.0,1.0,0.03,0.06,0.0,255,7,0.03,0.06,0.0,1.0,1.0,0.0,1,110806.0
22,9,293,412,0,1,19,0.0,0.0,1.0,0.0,0.1,40,255,1.0,0.0,0.05,0.0,0.0,0.0,0,97601.0
33,1,0,0,0,0,177,0.0,0.0,0.03,0.07,0.0,255,6,0.02,0.08,0.0,0.0,0.0,1.0,1,47594.0
45,5,0,0,0,0,130,1.0,1.0,0.15,0.06,0.0,255,39,0.15,0.06,0.0,1.0,1.0,0.0,1,10063.0
11,9,45,75,0,0,191,0.0,0.0,1.0,0.0,0.0,255,255,1.0,0.0,0.0,0.0,0.0,0.0,0,125132.0
22,9,212,313,0,1,9,0.0,0.0,1.0,0.0,0.0,255,255,1.0,0.0,0.0,0.0,0.0,0.0,0,11765.0
19,9,334,0,0,1,2,0.0,0.0,1.0,0.0,0.0,4,8,1.0,0.0,0.25,0.0,0.0,0.0,0,54336.0
45,5,0,0,0,0,116,1.0,1.0,0.15,0.05,0.0,255,17,0.07,0.05,0.0,1.0,1.0,0.0,1,107752.0
45,5,0,0,0,0,139,1.0,1.0,0.14,0.06,0.0,255,37,0.15,0.06,0.0,1.0,1.0,0.0,1,35498.0
22,9,251,8195,0,1,11,0.0,0.0,1.0,0.0,0.1,255,255,1.0,0.0,0.0,0.0,0.0,0.0,0,51960.0
40,5,0,0,0,0,264,1.0,1.0,0.08,0.06,0.0,255,20,0.08,0.07,0.0,1.0,1.0,0.0,1,74559.0
45,5,0,0,0,0,249,1.0,1.0,0.04,0.06,0.0,255,9,0.04,0.06,0.0,1.0,1.0,0.0,1,47723.0
49,9,1966,401,0,1,1,0.0,0.0,1.0,0.0,1.0,208,162,0.78,0.02,0.0,0.0,0.0,0.0,0,112311.0
22,9,208,2241,0,1,13,0.0,0.0,1.0,0.0,0.0,13,255,1.0,0.0,0.05,0.0,0.0,0.0,0,23792.0
22,9,241,8917,0,1,6,0.0,0.0,1.0,0.0,0.06,8,10,1.0,0.0,0.2,0.0,0.0,0.0,0,39299.0
40,9,146,105,0,0,2,0.0,0.0,1.0,0.0,0.0,255,2,0.01,0.52,0.0,0.0,0.0,0.0,0,91465.0
7,5,0,0,0,0,242,1.0,1.0,0.02,0.07,0.0,255,4,0.02,0.07,0.0,1.0,1.0,0.0,1,16943.0
22,9,235,1380,0,1,4,0.0,0.0,1.0,0.0,0.0,255,250,0.98,0.01,0.0,0.0,0.0,0.0,0,84627.0
19,5,0,0,0,0,299,1.0,1.0,0.07,0.06,0.0,255,20,0.08,0.07,0.0,1.0,1.0,0.0,1,103030.0
18,9,1196,2449,0,1,1,0.0,0.0,1.0,0.0,0.0,185,13,0.07,0.03,0.0,0.01,0.0,0.0,0,109390.0
22,9,316,3632,0,1,5,0.0,0.0,1.0,0.0,0.0,5,255,1.0,0.0,0.02,0.0,0.01,0.0,0,1721.0
22,9,54540,8314,0,1,6,0.0,0.0,1.0,0.0,0.29,255,255,1.0,0.0,0.0,0.0,0.0,0.02,0,27029.0
22,4,0,0,0,0,1,0.0,0.0,1.0,0.0,0.0,128,1,0.01,0.62,0.0,0.05,0.0,1.0,1,29751.0
11,9,43,117,0,0,192,0.0,0.0,1.0,0.0,0.0,255,255,1.0,0.0,0.0,0.0,0.0,0.0,0,101284.0
22,9,280,263,0,1,26,0.0,0.0,1.0,0.0,0.11,255,255,1.0,0.0,0.0,0.0,0.0,0.0,0,22924.0
14,9,1032,0,0,0,511,0.0,0.0,1.0,0.0,0.0,255,60,0.24,0.15,0.0,0.0,0.0,0.0,1,56001.0
22,9,198,324,0,1,11,0.0,0.0,1.0,0.0,0.17,33,255,1.0,0.0,0.05,0.0,0.0,0.0,0,75102.0
45,1,0,0,0,0,1,0.0,0.0,1.0,0.0,0.0,255,1,0.0,0.58,0.0,0.01,0.0,1.0,1,59653.0
49,9,13891,328,0,1,1,0.0,0.0,1.0,0.0,1.0,8,135,1.0,0.0,0.02,0.0,0.0,0.0,0,29948.0
19,9,1339,0,0,0,2,0.0,0.0,1.0,0.0,0.0,34,70,0.18,0.06,0.03,0.0,0.0,0.0,0,92147.0
17,5,0,0,0,0,78,0.97,1.0,0.26,0.08,0.0,255,60,0.24,0.04,0.0,1.0,1.0,0.0,1,110948.0
45,4,1,0,0,0,2,0.0,0.0,1.0,0.0,0.0,255,2,0.01,0.74,0.0,0.0,0.0,1.0,1,18801.0
3,5,0,0,0,0,257,1.0,1.0,0.01,0.06,0.0,255,3,0.01,0.07,0.0,1.0,1.0,0.0,1,89288.0
51,5,0,0,0,0,69,1.0,1.0,0.19,0.06,0.0,255,11,0.04,0.06,0.0,1.0,1.0,0.0,1,90684.0
45,5,0,0,0,0,133,1.0,1.0,0.12,0.05,0.0,255,35,0.14,0.05,0.0,1.0,1.0,0.0,1,17182.0
40,1,0,0,0,0,468,0.07,0.0,0.0,1.0,0.0,255,1,0.0,1.0,0.0,0.06,0.0,1.0,1,77215.0
45,9,28,0,3,0,50,0.0,0.0,1.0,0.0,0.0,253,50,0.2,0.04,0.0,0.02,0.0,0.0,1,4032.0
28,1,0,0,0,0,127,0.0,0.0,0.15,0.07,0.0,251,19,0.08,0.06,0.0,0.0,0.0,1.0,1,58933.0
11,9,45,114,0,0,1,0.0,0.0,1.0,0.0,1.0,255,236,0.93,0.01,0.0,0.0,0.0,0.0,0,74488.0
22,9,345,2413,0,1,2,0.0,0.07,1.0,0.0,0.5,25,255,1.0,0.0,0.04,0.0,0.0,0.0,0,35980.0
5,5,0,0,0,0,104,1.0,1.0,0.04,0.06,0.0,255,4,0.02,0.06,0.0,1.0,1.0,0.0,1,97124.0
13,9,8,0,0,0,1,0.0,0.0,1.0,0.0,1.0,1,129,1.0,0.0,0.51,0.0,0.0,0.0,1,33528.0
45,9,28,0,3,0,72,0.01,0.0,0.99,0.03,0.0,255,71,0.28,0.01,0.0,0.0,0.0,0.0,1,45011.0
60,5,0,0,0,0,238,1.0,1.0,0.1,0.05,0.0,255,23,0.09,0.05,0.0,1.0,1.0,0.0,1,51697.0
19,5,0,0,0,0,38,1.0,1.0,0.24,0.11,0.0,255,69,0.27,0.02,0.0,1.0,1.0,0.0,1,81414.0
14,9,1032,0,0,0,105,0.0,0.0,1.0,0.0,0.0,255,105,0.41,0.02,0.0,0.0,0.0,0.0,1,16975.0
19,9,194,0,0,1,3,0.0,0.0,0.67,0.67,0.0,136,43,0.32,0.04,0.0,0.0,0.0,0.0,0,108606.0
22,1,0,0,0,0,1,0.0,0.0,1.0,0.0,0.0,26,78,1.0,0.0,0.08,0.0,0.0,1.0,0,14491.0
56,5,0,0,0,0,183,1.0,1.0,0.02,0.08,0.0,255,4,0.02,0.07,0.0,1.0,1.0,0.0,1,114762.0
11,9,43,43,0,0,123,0.0,0.0,1.0,0.0,0.0,255,224,0.88,0.01,0.0,0.0,0.0,0.0,0,31293.0
22,9,148,7542,0,1,2,0.0,0.0,1.0,0.0,0.0,126,255,1.0,0.0,0.01,0.0,0.0,0.06,0,112034.0
22,9,330,3233,0,1,21,0.0,0.0,1.0,0.0,0.0,255,255,1.0,0.0,0.0,0.0,0.0,0.0,0,38539.0
24,5,0,0,0,0,239,1.0,1.0,0.01,0.07,0.0,255,3,0.01,0.07,0.0,1.0,1.0,0.0,1,50352.0
19,9,1339,0,0,0,2,0.0,0.0,1.0,0.0,0.0,107,92,0.23,0.04,0.03,0.0,0.0,0.0,0,105838.0
10,5,0,0,0,0,237,1.0,1.0,0.08,0.07,0.0,255,20,0.08,0.07,0.0,1.0,1.0,0.0,1,2761.0
22,1,0,0,0,0,1,0.0,0.0,1.0,0.0,0.0,58,229,1.0,0.0,0.06,0.0,0.0,0.55,0,37137.0
22,9,306,2772,0,1,5,0.0,0.0,1.0,0.0,0.43,221,255,1.0,0.0,0.01,0.0,0.0,0.01,0,48931.0
22,9,314,2628,0,1,11,0.0,0.0,1.0,0.0,0.0,11,255,1.0,0.0,0.02,0.0,0.0,0.0,0,3729.0
62,1,0,0,0,0,209,0.0,0.0,0.02,0.07,0.0,255,5,0.02,0.08,0.0,0.0,0.0,1.0,1,56523.0
22,9,249,10478,0,1,1,0.0,0.0,1.0,0.0,0.0,255,241,0.95,0.02,0.0,0.0,0.0,0.04,0,46291.0
11,9,46,129,0,0,30,0.0,0.0,1.0,0.0,0.02,255,255,1.0,0.0,0.0,0.0,0.0,0.0,0,63533.0
11,9,45,127,0,0,315,0.0,0.0,1.0,0.0,0.0,255,254,1.0,0.01,0.0,0.0,0.0,0.0,0,74813.0
45,5,0,0,0,0,196,1.0,1.0,0.1,0.06,0.0,255,4,0.02,0.08,0.0,1.0,1.0,0.0,1,84648.0
45,1,0,0,0,0,1,0.0,0.0,1.0,0.0,0.0,14,2,0.07,1.0,1.0,0.0,0.0,1.0,1,97947.0
4,5,0,0,0,0,51,1.0,1.0,0.04,0.08,0.0,255,7,0.03,0.07,0.0,1.0,1.0,0.0,1,50000.0
22,9,232,2280,0,1,24,0.0,0.0,1.0,0.0,0.0,95,255,1.0,0.0,0.04,0.0,0.0,0.0,0,79515.0
13,9,8,0,0,0,1,0.0,0.0,1.0,0.0,1.0,1,255,1.0,0.0,0.5,0.0,0.0,0.0,1,5244.0
22,9,265,3608,0,1,5,0.0,0.0,1.0,0.0,0.0,11,255,1.0,0.0,0.04,0.0,0.0,0.0,0,49647.0
19,9,334,0,0,1,2,0.0,0.0,1.0,0.0,0.0,9,27,0.89,0.22,0.11,0.0,0.0,0.0,0,95017.0
12,5,0,0,0,0,149,1.0,1.0,0.16,0.05,0.0,255,12,0.05,0.06,0.0,1.0,1.0,0.0,1,33267.0
12,5,0,0,0,0,270,1.0,1.0,0.07,0.06,0.0,255,20,0.08,0.06,0.0,1.0,1.0,0.0,1,109488.0
19,9,1214,0,0,1,12,0.0,0.0,1.0,0.0,0.0,255,106,0.42,0.02,0.0,0.0,0.0,0.0,0,58338.0
49,9,4115,320,0,1,1,0.0,0.0,1.0,0.0,0.0,254,207,0.81,0.01,0.01,0.0,0.0,0.0,0,36585.0
22,9,218,4950,0,1,1,0.0,0.0,1.0,0.0,0.0,1,255,1.0,0.0,0.08,0.0,0.0,0.0,0,60476.0
45,9,105,146,0,0,2,0.0,0.0,1.0,0.0,0.0,37,31,0.84,0.05,0.0,0.0,0.0,0.0,0,88765.0
60,1,0,0,0,0,148,0.0,0.0,0.09,0.07,0.0,255,14,0.05,0.07,0.0,0.0,0.0,1.0,1,105097.0
45,1,0,0,0,0,107,0.0,0.0,0.07,0.06,0.0,255,7,0.03,0.05,0.0,0.0,0.0,1.0,1,16459.0
11,9,44,139,0,0,68,0.0,0.0,0.99,0.03,0.01,255,238,0.93,0.01,0.0,0.0,0.0,0.0,0,41990.0
14,9,520,0,0,0,258,0.0,0.0,1.0,0.0,0.0,255,255,1.0,0.0,0.0,0.0,0.0,0.0,1,80924.0
22,1,0,0,0,0,2,0.0,0.0,1.0,0.0,0.0,34,255,1.0,0.0,0.16,0.0,0.0,1.0,0,3100.0
32,5,0,0,0,0,293,1.0,1.0,0.08,0.05,0.0,255,24,0.09,0.05,0.0,1.0,1.0,0.0,1,116633.0
30,5,0,0,0,0,104,1.0,1.0,0.19,0.06,0.0,255,20,0.08,0.07,0.0,1.0,1.0,0.0,1,88879.0
22,1,0,0,0,0,1,0.0,0.0,1.0,0.0,1.0,2,167,1.0,0.0,0.1,0.0,0.0,0.75,0,5105.0
45,1,0,0,0,0,229,0.06,0.0,0.0,1.0,0.0,255,1,0.0,0.91,0.0,0.05,0.0,1.0,1,86547.0
22,9,246,1571,0,1,9,0.0,0.0,1.0,0.0,0.0,54,255,1.0,0.0,0.02,0.0,0.0,0.02,0,102914.0
22,9,215,7587,0,1,28,0.0,0.0,1.0,0.0,0.0,68,68,1.0,0.0,0.0,0.0,0.0,0.0,0,27415.0
45,9,105,146,0,0,4,0.0,0.0,0.25,0.5,0.0,255,231,0.91,0.01,0.0,0.0,0.0,0.0,0,117484.0
22,9,313,10862,0,1,4,0.0,0.0,1.0,0.0,0.0,17,255,1.0,0.0,0.03,0.0,0.0,0.0,0,39083.0
22,1,0,0,0,0,1,0.0,0.0,1.0,0.0,1.0,45,251,1.0,0.0,0.08,0.0,0.0,0.74,0,4528.0
22,9,205,1265,0,1,2,0.0,0.0,1.0,0.0,0.0,21,255,1.0,0.0,0.01,0.0,0.0,0.0,0,67233.0
13,9,8,0,0,0,1,0.0,0.0,1.0,0.0,1.0,1,175,1.0,0.0,0.5,0.0,0.0,0.0,1,122214.0
14,9,1032,0,0,0,511,0.0,0.0,1.0,0.0,0.0,255,12,0.05,0.26,0.0,0.0,0.0,0.0,1,18513.0
11,9,44,128,0,0,76,0.0,0.0,1.0,0.0,0.01,199,123,0.62,0.02,0.0,0.0,0.0,0.0,0,52161.0
22,1,0,0,0,0,1,0.0,0.0,1.0,0.0,1.0,54,255,1.0,0.0,0.05,0.0,0.0,1.0,0,40799.0
22,1,0,0,0,0,285,0.0,0.0,0.05,0.06,0.0,255,14,0.05,0.06,0.0,0.0,0.0,1.0,1,86313.0
49,9,1612,331,0,1,1,0.0,0.0,1.0,0.0,0.0,34,193,0.97,0.06,0.02,0.0,0.01,0.0,0,25828.0
11,9,46,46,0,0,3,0.0,0.0,0.33,0.67,0.33,82,79,0.96,0.02,0.0,0.0,0.0,0.0,0,17643.0
22,9,295,2592,0,1,6,0.0,0.0,1.0,0.0,0.29,255,255,1.0,0.0,0.0,0.0,0.0,0.0,0,44170.0
55,5,0,0,0,0,110,1.0,1.0,0.12,0.05,0.0,255,13,0.05,0.06,0.0,1.0,1.0,0.0,1,115885.0
22,9,209,10733,0,1,5,0.0,0.0,1.0,0.0,0.0,81,255,1.0,0.0,0.05,0.0,0.0,0.0,0,24991.0
49,9,2369,330,0,1,1,0.0,0.0,1.0,0.0,0.0,67,102,0.52,0.09,0.02,0.0,0.0,0.0,0,70388.0
55,5,0,0,0,0,29,1.0,1.0,0.21,0.14,0.0,255,64,0.25,0.02,0.0,1.0,1.0,0.0,1,112089.0
22,9,183,365,0,1,4,0.0,0.0,1.0,0.0,0.0,4,255,1.0,0.0,0.04,0.0,0.0,0.0,0,86902.0
22,9,196,5299,0,1,13,0.0,0.0,1.0,0.0,0.0,14,255,1.0,0.0,0.07,0.0,0.0,0.47,0,5736.0
49,9,2688,336,0,1,1,0.0,0.0,1.0,0.0,1.0,107,167,0.54,0.07,0.01,0.0,0.0,0.0,0,63399.0
22,1,0,0,0,0,1,0.0,0.0,1.0,0.0,0.0,4,255,1.0,0.0,0.1,0.0,0.0,0.62,0,70279.0
21,5,0,0,0,0,147,1.0,1.0,0.13,0.05,0.0,255,13,0.05,0.06,0.0,1.0,1.0,0.0,1,41982.0
13,9,8,0,0,0,1,0.0,0.0,1.0,0.0,1.0,2,50,1.0,0.0,0.5,0.0,0.0,0.0,1,122854.0
49,9,944,333,0,1,1,0.0,0.0,1.0,0.0,1.0,235,140,0.54,0.03,0.01,0.0,0.01,0.0,0,41604.0
2,5,0,0,0,0,205,1.0,1.0,0.09,0.05,0.0,255,13,0.05,0.07,0.0,1.0,1.0,0.0,1,22468.0
45,1,0,0,0,0,107,0.0,0.0,0.14,0.07,0.0,255,12,0.05,0.07,0.0,0.0,0.0,1.0,1,1943.0
22,9,189,5556,0,1,1,0.0,0.0,1.0,0.0,1.0,43,255,1.0,0.0,0.07,0.0,0.0,0.0,0,116371.0
49,9,1398,337,0,1,1,0.0,0.0,1.0,0.0,0.83,152,149,0.58,0.03,0.01,0.01,0.01,0.0,0,78217.0
45,5,0,0,0,0,120,1.0,1.0,0.03,0.07,0.0,255,3,0.01,0.07,0.0,1.0,1.0,0.0,1,48491.0
49,9,833,499,0,1,1,0.0,0.0,1.0,0.0,0.0,37,243,0.97,0.05,0.01,0.0,0.0,0.0,0,101054.0
13,9,18,0,0,0,1,0.0,0.0,1.0,0.0,0.0,4,232,1.0,0.0,0.25,0.0,0.0,0.0,1,66070.0
55,5,0,0,0,0,263,1.0,1.0,0.03,0.06,0.0,255,7,0.03,0.07,0.0,1.0,1.0,0.0,1,73665.0
51,5,0,0,0,0,117,1.0,1.0,0.02,0.07,0.0,255,22,0.09,0.07,0.0,1.0,1.0,0.0,1,13608.0
11,9,42,42,0,0,6,0.0,0.0,1.0,0.0,0.0,255,233,0.91,0.01,0.0,0.0,0.0,0.0,0,15237.0
22,1,0,0,0,0,1,0.0,0.0,1.0,0.0,0.0,109,255,1.0,0.0,0.06,0.0,0.0,0.75,0,83342.0
22,9,309,744,0,1,4,0.0,0.0,1.0,0.0,0.11,48,255,1.0,0.0,0.02,0.0,0.0,0.0,0,71206.0
8,5,0,0,0,0,210,1.0,1.0,0.05,0.06,0.0,255,17,0.07,0.07,0.0,1.0,1.0,0.0,1,119282.0
22,9,226,370,0,1,9,0.0,0.0,1.0,0.0,0.0,255,255,1.0,0.0,0.0,0.0,0.0,0.0,0,89340.0
14,9,1032,0,0,0,511,0.0,0.0,1.0,0.0,0.0,255,216,0.85,0.02,0.0,0.0,0.0,0.0,1,102651.0
13,9,8,0,0,0,1,0.0,0.0,1.0,0.0,1.0,1,85,1.0,0.0,0.51,0.0,0.0,0.0,1,51970.0
45,4,1,0,0,0,2,0.0,0.0,1.0,0.0,0.0,255,2,0.01,0.74,0.0,0.0,0.0,1.0,1,71576.0
45,5,0,0,0,0,264,1.0,1.0,0.01,0.07,0.0,255,3,0.01,0.09,0.0,1.0,1.0,0.0,1,47670.0
22,9,294,1664,0,1,1,0.0,0.0,1.0,0.0,0.0,4,255,1.0,0.0,0.01,0.0,0.0,0.0,0,74622.0
22,9,210,791,0,1,15,0.0,0.0,1.0,0.0,0.0,255,255,1.0,0.0,0.0,0.0,0.0,0.0,0,5749.0
49,9,1515,372,0,1,1,0.0,0.0,1.0,0.0,0.8,109,125,0.6,0.07,0.02,0.0,0.01,0.0,0,85532.0
8,5,0,0,0,0,147,1.0,1.0,0.09,0.05,0.0,255,1,0.0,0.07,0.0,1.0,1.0,0.0,1,116948.0
45,5,0,0,0,0,216,1.0,1.0,0.03,0.06,0.0,255,7,0.03,0.07,0.0,1.0,1.0,0.0,1,60754.0
11,9,42,42,0,0,3,0.0,0.0,1.0,0.0,0.0,118,118,1.0,0.0,0.0,0.0,0.0,0.0,0,61577.0
19,9,1830,0,0,1,11,0.0,0.0,1.0,0.0,0.17,155,80,0.36,0.02,0.03,0.0,0.0,0.0,0,115024.0
22,9,301,18347,0,1,5,0.0,0.0,1.0,0.0,0.0,5,255,1.0,0.0,0.04,0.0,0.0,0.0,0,75449.0
45,5,0,0,0,0,114,1.0,1.0,0.11,0.06,0.0,255,13,0.05,0.09,0.0,1.0,1.0,0.0,1,19420.0
22,1,0,0,0,0,1,0.0,0.0,1.0,0.0,0.0,23,255,1.0,0.0,0.18,0.0,0.0,0.99,0,70541.0
2,5,0,0,0,0,240,1.0,1.0,0.08,0.07,0.0,255,18,0.07,0.07,0.0,1.0,1.0,0.0,1,60084.0
49,9,11924,1370,0,1,1,0.0,0.0,1.0,0.0,0.0,10,152,0.9,0.2,0.02,0.0,0.0,0.0,0,9702.0
16,5,0,0,0,0,147,1.0,1.0,0.15,0.05,0.0,255,22,0.09,0.05,0.0,1.0,1.0,0.0,1,117896.0
11,9,45,83,0,0,186,0.0,0.0,1.0,0.0,0.0,255,229,0.9,0.01,0.0,0.0,0.0,0.0,0,42128.0
22,9,205,1335,0,1,11,0.0,0.0,1.0,0.0,0.17,49,255,1.0,0.0,0.05,0.0,0.0,0.0,0,40937.0
49,9,1286,329,0,1,1,0.0,0.0,1.0,0.0,0.0,16,25,0.81,0.19,0.08,0.0,0.0,0.0,0,16888.0
45,5,0,0,0,0,95,1.0,1.0,0.06,0.06,0.0,255,29,0.11,0.07,0.0,1.0,1.0,0.0,1,21471.0
61,5,0,0,0,0,277,1.0,1.0,0.06,0.04,0.0,255,12,0.05,0.05,0.0,1.0,1.0,0.0,1,115448.0
11,9,45,78,0,0,176,0.0,0.0,1.0,0.0,0.0,255,255,1.0,0.0,0.0,0.0,0.0,0.0,0,2261.0
11,9,44,44,0,0,80,0.0,0.0,1.0,0.0,0.03,255,255,1.0,0.0,0.0,0.0,0.0,0.0,0,78247.0
22,9,199,7469,0,1,2,0.0,0.0,1.0,0.0,0.0,255,255,1.0,0.0,0.0,0.0,0.0,0.0,0,107120.0
49,9,2709,328,0,1,1,0.0,0.0,1.0,0.0,0.0,255,165,0.65,0.03,0.0,0.0,0.0,0.01,0,80202.0
19,9,12286,0,0,1,4,0.0,0.0,1.0,0.0,0.0,52,34,0.65,0.1,0.0,0.0,0.0,0.0,0,46091.0
22,9,166,1129,0,1,7,0.0,0.0,1.0,0.0,0.0,50,255,1.0,0.0,0.04,0.0,0.0,0.0,0,47907.0
11,9,43,70,0,0,112,0.0,0.0,1.0,0.0,0.0,255,173,0.68,0.01,0.0,0.0,0.0,0.0,0,84443.0
22,9,216,607,0,1,2,0.0,0.0,1.0,0.0,0.0,42,255,1.0,0.0,0.02,0.0,0.0,0.0,0,45258.0
22,9,277,267,0,1,5,0.0,0.0,1.0,0.0,0.0,172,255,1.0,0.0,0.01,0.01,0.0,0.0,0,125261.0
40,9,146,105,0,0,1,0.0,0.0,1.0,0.0,0.0,255,1,0.0,0.82,0.0,0.0,0.0,0.0,0,117144.0
2,5,0,0,0,0,203,1.0,1.0,0.05,0.06,0.0,255,8,0.03,0.08,0.0,1.0,1.0,0.0,1,3694.0
13,9,8,0,0,0,1,0.0,0.0,1.0,0.0,1.0,1,145,1.0,0.0,0.26,0.0,0.0,0.0,1,33661.0
17,5,0,0,0,0,53,1.0,1.0,0.25,0.08,0.0,255,39,0.15,0.05,0.0,1.0,1.0,0.0,1,101507.0
40,9,146,105,0,0,1,0.0,0.0,1.0,0.0,0.0,255,2,0.01,0.64,0.0,0.0,0.0,0.0,0,94735.0
22,9,242,1492,0,1,7,0.0,0.0,1.0,0.0,0.0,255,255,1.0,0.0,0.0,0.0,0.0,0.0,0,91449.0
22,9,354,269,0,1,11,0.0,0.0,1.0,0.0,0.0,255,255,1.0,0.0,0.0,0.0,0.0,0.0,0,123409.0
49,2,0,0,0,0,1,0.0,0.0,1.0,0.0,0.0,132,129,0.42,0.03,0.02,0.0,0.0,0.04,0,26586.0
49,9,901,328,0,1,1,0.0,0.0,1.0,0.0,0.0,212,245,0.96,0.01,0.01,0.0,0.0,0.0,0,43277.0
18,9,1212,2447,0,1,1,0.0,0.0,1.0,0.0,0.0,255,101,0.4,0.02,0.0,0.0,0.0,0.0,0,56371.0
45,5,0,0,0,0,232,1.0,1.0,0.0,0.06,0.0,255,2,0.01,0.09,0.0,1.0,1.0,0.0,1,106109.0
62,1,0,0,0,0,224,0.0,0.0,0.04,0.07,0.0,255,8,0.03,0.08,0.0,0.0,0.0,1.0,1,58960.0
11,9,44,128,0,0,76,0.0,0.0,1.0,0.0,0.01,255,237,0.93,0.01,0.0,0.0,0.0,0.0,0,28839.0
14,9,1032,0,0,0,2,0.0,0.0,1.0,0.0,0.0,255,77,0.3,0.04,0.0,0.12,0.0,0.0,0,65938.0
22,9,246,4522,0,1,4,0.0,0.0,1.0,0.0,0.42,89,255,1.0,0.0,0.01,0.01,0.0,0.0,0,76773.0
49,2,0,0,0,0,1,0.0,0.0,1.0,0.0,0.0,255,139,0.55,0.02,0.0,0.0,0.0,0.06,0,111613.0
29,1,0,0,0,0,266,0.0,0.0,0.02,0.06,0.0,255,4,0.02,0.07,0.0,0.0,0.0,1.0,1,39932.0
18,2,0,0,0,0,278,0.0,0.0,0.06,0.06,0.0,255,17,0.07,0.08,0.0,0.0,0.0,1.0,1,44397.0
22,9,221,1607,0,1,8,0.0,0.0,1.0,0.0,0.25,36,255,1.0,0.0,0.01,0.0,0.0,0.0,0,86961.0
22,9,220,1286,0,1,11,0.0,0.0,1.0,0.0,0.0,46,255,1.0,0.0,0.04,0.0,0.0,0.0,0,52495.0
22,9,244,481,0,1,2,0.0,0.0,1.0,0.0,0.4,255,255,1.0,0.0,0.0,0.0,0.0,0.0,0,91199.0
24,1,0,0,0,0,246,0.0,0.0,0.04,0.07,0.0,255,10,0.04,0.07,0.0,0.0,0.0,1.0,1,103125.0
22,9,318,4337,0,1,2,0.0,0.0,1.0,0.0,0.0,255,255,1.0,0.0,0.0,0.0,0.0,0.0,0,65700.0
2,5,0,0,0,0,257,1.0,1.0,0.08,0.07,0.0,255,20,0.08,0.07,0.0,1.0,1.0,0.0,1,34962.0
22,9,143,54647,0,1,1,0.0,0.0,1.0,0.0,0.0,164,255,1.0,0.0,0.02,0.0,0.0,0.0,0,61003.0
13,9,18,0,0,0,1,0.0,0.0,1.0,0.0,0.0,1,25,1.0,0.0,0.28,0.0,0.0,0.0,1,75305.0
22,9,206,450,0,1,11,0.0,0.0,1.0,0.0,0.0,134,255,1.0,0.0,0.02,0.0,0.0,0.0,0,121571.0
45,1,0,0,0,0,375,0.06,0.0,0.0,1.0,0.0,255,1,0.0,1.0,0.0,0.09,0.0,1.0,1,57125.0
14,9,1032,0,0,0,511,0.0,0.0,1.0,0.0,0.0,255,47,0.18,0.17,0.0,0.0,0.0,0.0,1,116027.0
13,9,8,0,0,0,1,0.0,0.0,1.0,0.0,1.0,2,24,1.0,0.0,0.5,0.0,0.0,0.0,1,15458.0
45,5,0,0,0,0,264,1.0,1.0,0.03,0.05,0.0,222,9,0.04,0.06,0.0,0.99,1.0,0.0,1,30257.0
22,9,326,2330,0,1,10,0.0,0.0,1.0,0.0,0.13,255,255,1.0,0.0,0.0,0.0,0.0,0.0,0,99973.0
40,9,146,105,0,0,1,0.0,0.0,1.0,0.0,0.0,255,1,0.0,0.64,0.0,0.0,0.0,0.0,0,106908.0
14,9,1480,0,1,0,2,0.0,0.0,1.0,0.0,0.5,2,26,1.0,0.0,0.5,0.0,0.0,0.0,0,34993.0
22,9,335,7902,0,1,1,0.0,0.0,1.0,0.0,0.88,1,255,1.0,0.0,0.04,0.0,0.0,0.0,0,377.0
22,9,273,498,0,1,8,0.0,0.0,1.0,0.0,0.0,84,182,1.0,0.0,0.01,0.0,0.0,0.0,0,110516.0
22,9,241,36362,0,1,1,0.0,0.0,1.0,0.0,0.0,55,255,1.0,0.0,0.01,0.02,0.01,0.0,0,5887.0
14,9,1032,0,0,0,511,0.0,0.0,1.0,0.0,0.0,255,195,0.76,0.02,0.0,0.0,0.0,0.0,1,109297.0
22,9,247,862,0,1,14,0.0,0.0,1.0,0.0,0.0,63,255,1.0,0.0,0.01,0.0,0.0,0.0,0,42154.0
22,9,195,31052,0,1,3,0.0,0.0,1.0,0.0,0.0,102,255,1.0,0.0,0.03,0.0,0.0,0.0,0,66550.0
47,1,0,0,0,0,220,0.0,0.0,0.05,0.06,0.0,255,10,0.04,0.07,0.0,0.0,0.0,1.0,1,20130.0
45,5,0,0,0,0,296,1.0,1.0,0.04,0.05,0.0,255,12,0.05,0.08,0.0,1.0,1.0,0.0,1,71150.0
22,9,295,284,0,1,2,0.0,0.0,1.0,0.0,0.6,2,255,1.0,0.0,0.05,0.0,0.0,0.0,0,44478.0
14,9,1032,0,0,0,511,0.0,0.0,1.0,0.0,0.0,255,61,0.24,0.02,0.0,0.02,0.0,0.0,1,105545.0
22,9,257,1640,0,1,9,0.0,0.0,1.0,0.0,0.0,255,255,1.0,0.0,0.0,0.0,0.0,0.0,0,48894.0
22,9,212,1951,0,1,5,0.0,0.0,1.0,0.0,0.0,64,255,1.0,0.0,0.02,0.0,0.01,0.0,0,70772.0
40,9,147,0,0,0,4,0.0,0.0,0.25,0.75,0.0,255,1,0.0,0.53,0.0,0.0,0.0,0.0,0,18971.0
22,9,216,310,0,1,5,0.0,0.0,1.0,0.0,0.1,101,255,1.0,0.0,0.02,0.0,0.0,0.0,0,125616.0
22,9,255,4087,0,1,13,0.0,0.0,1.0,0.0,0.14,255,255,1.0,0.0,0.0,0.0,0.0,0.0,0,117532.0
45,5,0,0,0,0,257,1.0,1.0,0.04,0.06,0.0,255,10,0.04,0.06,0.0,1.0,1.0,0.0,1,38883.0
30,2,0,0,0,0,114,0.0,0.0,0.07,0.08,0.0,255,8,0.03,0.07,0.0,0.0,0.0,1.0,1,91649.0
18,9,287,903,0,1,1,0.0,0.0,1.0,0.0,0.0,221,24,0.11,0.03,0.0,0.0,0.0,0.0,0,16360.0
21,5,0,0,0,0,273,1.0,1.0,0.07,0.06,0.0,255,20,0.08,0.06,0.0,1.0,1.0,0.0,1,119878.0
62,5,0,0,0,0,198,1.0,1.0,0.03,0.08,0.0,255,5,0.02,0.07,0.0,1.0,1.0,0.0,1,23458.0
22,9,305,181,0,1,13,0.0,0.0,1.0,0.0,0.0,81,255,1.0,0.0,0.02,0.0,0.0,0.0,0,22437.0
22,5,0,0,0,0,30,1.0,1.0,0.37,0.13,0.0,255,40,0.16,0.04,0.0,1.0,1.0,0.0,1,34015.0
22,9,242,2109,0,1,4,0.0,0.0,1.0,0.0,0.0,87,255,1.0,0.0,0.04,0.01,0.0,0.0,0,101696.0
22,1,0,0,0,0,1,0.0,0.0,1.0,0.0,0.0,46,254,1.0,0.0,0.14,0.0,0.0,1.0,0,86261.0
28,5,0,0,0,0,122,1.0,1.0,0.18,0.05,0.0,255,22,0.09,0.05,0.0,1.0,1.0,0.0,1,69982.0
22,9,207,288,0,1,3,0.0,0.0,1.0,0.0,0.0,97,255,1.0,0.0,0.04,0.0,0.0,0.0,0,74874.0
13,9,8,0,0,0,1,0.0,0.0,1.0,0.0,1.0,4,204,1.0,0.0,0.25,0.0,0.0,0.0,1,97467.0
22,9,293,25608,0,1,2,0.0,0.0,1.0,0.0,0.67,3,255,1.0,0.0,0.06,0.0,0.0,0.0,0,71131.0
13,9,8,0,0,0,1,0.0,0.0,1.0,0.0,1.0,4,216,1.0,0.0,0.25,0.0,0.0,0.0,1,54219.0
49,9,1247,372,0,1,1,0.0,0.0,1.0,0.0,1.0,42,168,0.83,0.07,0.02,0.0,0.0,0.0,0,61831.0
22,9,376,345,0,1,1,0.0,0.0,1.0,0.0,0.0,190,255,1.0,0.0,0.03,0.01,0.0,0.0,0,714.0
22,9,231,2798,0,1,3,0.0,0.0,1.0,0.0,0.0,115,255,1.0,0.0,0.01,0.0,0.0,0.0,0,114625.0
19,9,334,0,0,1,2,0.0,0.0,1.0,0.0,0.0,4,23,1.0,0.0,0.17,0.0,0.0,0.0,0,56577.0
55,5,0,0,0,0,50,1.0,1.0,0.24,0.08,0.0,255,65,0.25,0.02,0.0,1.0,1.0,0.0,1,77494.0
45,1,0,0,0,0,2,0.0,0.0,0.5,1.0,0.0,255,1,0.0,0.8,0.0,0.0,0.0,1.0,1,124809.0
14,9,1032,0,0,0,511,0.0,0.0,1.0,0.0,0.0,214,69,0.32,0.01,0.0,0.0,0.0,0.0,1,32065.0
45,5,0,0,0,0,102,1.0,1.0,0.06,0.06,0.0,255,2,0.01,0.07,0.0,1.0,1.0,0.0,1,80378.0
22,1,0,0,0,0,1,0.0,0.0,1.0,0.0,0.0,57,255,1.0,0.0,0.17,0.0,0.0,0.85,0,11884.0
53,1,0,0,0,0,271,0.0,0.0,0.07,0.06,0.0,255,18,0.07,0.07,0.0,0.0,0.0,1.0,1,4573.0
45,5,0,0,0,0,172,1.0,1.0,0.01,0.06,0.0,255,13,0.05,0.07,0.0,1.0,1.0,0.0,1,80897.0
49,9,1078,335,0,1,1,0.0,0.0,1.0,0.0,1.0,53,34,0.57,0.04,0.06,0.0,0.0,0.0,0,26463.0
22,9,465,8759,0,1,1,0.0,0.0,1.0,0.0,0.0,1,255,1.0,0.0,0.05,0.0,0.0,0.0,0,95608.0
19,9,7422,0,0,1,10,0.0,0.0,1.0,0.0,0.0,252,64,0.25,0.02,0.0,0.0,0.0,0.0,0,65117.0
22,9,296,1425,0,1,1,0.0,0.0,1.0,0.0,1.0,115,119,1.0,0.0,0.02,0.0,0.0,0.0,0,58741.0
33,5,0,0,0,0,279,1.0,1.0,0.03,0.05,0.0,255,9,0.04,0.05,0.0,1.0,1.0,0.0,1,40792.0
14,9,1032,0,0,0,511,0.0,0.0,1.0,0.0,0.0,255,214,0.84,0.01,0.0,0.0,0.0,0.0,1,69896.0
45,5,0,0,0,0,210,1.0,1.0,0.02,0.07,0.0,255,5,0.02,0.09,0.0,1.0,1.0,0.0,1,46319.0
45,9,105,147,0,0,1,0.0,0.0,1.0,0.0,0.0,109,108,0.99,0.02,0.0,0.0,0.0,0.0,0,54513.0
22,9,340,977,0,1,18,0.0,0.0,1.0,0.0,0.0,255,255,1.0,0.0,0.0,0.0,0.0,0.0,0,90969.0
19,9,15722,0,0,1,4,0.0,0.0,1.0,0.0,0.0,45,143,0.8,0.07,0.01,0.0,0.0,0.0,0,41809.0
45,5,0,0,0,0,112,1.0,1.0,0.17,0.08,0.0,255,19,0.07,0.08,0.0,1.0,1.0,0.0,1,76536.0
49,9,862,331,0,1,1,0.0,0.0,1.0,0.0,0.0,167,73,0.44,0.04,0.0,0.01,0.0,0.0,0,3462.0
45,9,1,0,0,0,36,0.0,0.0,0.33,0.08,0.0,255,18,0.07,0.85,0.0,0.1,0.0,0.0,1,124707.0
49,9,582,333,0,1,1,0.0,0.0,1.0,0.0,0.0,39,158,0.95,0.05,0.02,0.0,0.0,0.0,0,48307.0
33,5,0,0,0,0,266,1.0,1.0,0.02,0.06,0.0,255,5,0.02,0.07,0.0,1.0,1.0,0.0,1,22926.0
59,5,0,0,0,0,129,1.0,1.0,0.07,0.05,0.0,255,9,0.04,0.05,0.0,1.0,1.0,0.0,1,62958.0
22,9,223,1505,0,1,2,0.0,0.0,1.0,0.0,0.0,106,255,1.0,0.0,0.03,0.0,0.0,0.0,0,114044.0
45,1,0,0,0,0,242,0.0,0.0,0.07,0.07,0.0,255,18,0.07,0.07,0.0,0.0,0.0,1.0,1,27198.0
22,9,288,5575,0,1,35,0.0,0.0,1.0,0.0,0.0,255,255,1.0,0.0,0.0,0.0,0.0,0.0,0,64828.0
22,9,223,341,0,1,2,0.0,0.0,1.0,0.0,0.0,37,255,1.0,0.0,0.07,0.0,0.0,0.0,0,47826.0
58,9,183,0,0,0,8,0.0,0.0,0.88,0.25,0.0,255,28,0.11,0.01,0.0,0.0,0.0,0.0,0,79809.0
24,5,0,0,0,0,239,1.0,1.0,0.05,0.05,0.0,255,12,0.05,0.05,0.0,1.0,1.0,0.0,1,52397.0
22,9,267,14496,0,1,3,0.0,0.0,1.0,0.0,0.6,219,255,1.0,0.0,0.01,0.0,0.0,0.0,0,89981.0
45,9,105,147,0,0,1,0.0,0.0,1.0,0.0,0.0,144,142,0.99,0.01,0.0,0.0,0.0,0.0,0,36870.0
17,5,0,0,0,0,24,1.0,1.0,0.38,0.17,0.0,255,69,0.27,0.02,0.0,1.0,1.0,0.0,1,45406.0
19,9,491,0,0,0,2,0.0,0.0,1.0,0.0,0.0,197,62,0.28,0.03,0.03,0.0,0.0,0.0,0,69509.0
40,9,146,105,0,0,1,0.0,0.0,1.0,0.0,0.0,255,1,0.0,0.64,0.0,0.0,0.0,0.0,0,115182.0
22,9,341,238,0,1,4,0.0,0.0,1.0,0.0,0.25,49,255,1.0,0.0,0.03,0.0,0.0,0.0,0,59373.0
19,9,383,0,0,1,2,0.0,0.0,1.0,0.0,0.0,255,116,0.45,0.04,0.0,0.0,0.0,0.0,0,7090.0
49,9,11964,1397,0,1,1,0.0,0.0,1.0,0.0,1.0,146,201,0.84,0.03,0.01,0.0,0.0,0.0,0,42520.0
37,5,0,0,0,0,97,1.0,1.0,0.02,0.07,0.0,255,2,0.01,0.07,0.0,1.0,1.0,0.0,1,9939.0
22,9,318,762,0,1,17,0.0,0.0,1.0,0.0,0.0,255,255,1.0,0.0,0.0,0.0,0.0,0.0,0,17642.0
60,5,0,0,0,0,229,1.0,1.0,0.0,0.06,0.0,255,1,0.0,0.06,0.0,1.0,1.0,0.0,1,37044.0
11,9,45,45,0,0,156,0.0,0.0,1.0,0.0,0.02,255,255,1.0,0.0,0.0,0.0,0.0,0.0,0,95672.0
59,5,0,0,0,0,147,1.0,1.0,0.12,0.06,0.0,255,12,0.05,0.07,0.0,1.0,1.0,0.0,1,118819.0
22,9,299,3319,0,1,1,0.0,0.0,1.0,0.0,0.0,1,255,1.0,0.0,0.04,0.0,0.0,0.0,0,87555.0
14,9,520,0,0,0,477,0.0,0.0,1.0,0.0,0.0,58,58,1.0,0.0,0.0,0.0,0.0,0.0,1,54153.0
22,9,343,1028,0,1,15,0.0,0.0,1.0,0.0,0.17,255,255,1.0,0.0,0.0,0.0,0.0,0.0,0,25842.0
22,9,218,3166,0,1,17,0.0,0.0,1.0,0.0,0.0,255,255,1.0,0.0,0.0,0.0,0.0,0.0,0,6376.0
14,9,64,0,0,0,5,0.0,0.0,1.0,0.0,0.0,255,5,0.02,0.01,0.0,0.0,0.0,0.0,0,87641.0
55,9,119,1028,0,1,13,0.0,0.0,0.08,0.15,0.0,255,22,0.09,0.45,0.0,0.45,0.14,0.05,0,120640.0
59,5,0,0,0,0,120,1.0,1.0,0.02,0.06,0.0,255,1,0.0,0.07,0.0,1.0,1.0,0.0,1,899.0
18,9,1507,4152,0,1,1,0.0,0.0,1.0,0.0,0.0,144,57,0.4,0.04,0.0,0.0,0.0,0.0,0,63761.0
45,5,0,0,0,0,107,1.0,1.0,0.09,0.07,0.0,255,22,0.09,0.06,0.0,1.0,1.0,0.0,1,118843.0
45,9,28,0,3,0,85,0.0,0.0,1.0,0.0,0.0,255,85,0.33,0.64,0.0,0.0,0.0,0.0,1,106822.0
22,9,319,279,0,1,5,0.0,0.0,1.0,0.0,0.33,79,255,1.0,0.0,0.03,0.0,0.0,0.0,0,26492.0
19,9,3834,0,0,1,1,0.0,0.0,1.0,0.0,0.0,255,68,0.27,0.04,0.0,0.21,0.0,0.0,0,17872.0
22,9,208,471,0,1,8,0.0,0.0,1.0,0.0,0.25,8,255,1.0,0.0,0.05,0.0,0.0,0.0,0,3238.0
17,9,9,224,0,0,2,0.0,0.0,0.5,1.0,0.0,233,9,0.04,0.03,0.0,0.0,0.0,0.0,0,90487.0
22,9,248,703,0,1,18,0.0,0.0,1.0,0.0,0.0,229,255,1.0,0.0,0.02,0.0,0.0,0.0,0,101437.0
22,1,0,0,0,0,1,0.0,0.0,1.0,0.0,0.0,2,244,1.0,0.0,0.13,0.0,0.0,0.79,0,15668.0
22,9,263,2258,0,1,2,0.0,0.0,1.0,0.0,0.0,4,255,1.0,0.0,0.04,0.0,0.0,0.0,0,48357.0
37,5,0,0,0,0,113,1.0,1.0,0.04,0.06,0.0,255,15,0.06,0.07,0.0,1.0,1.0,0.0,1,89906.0
11,9,43,129,0,0,66,0.0,0.0,1.0,0.0,0.01,255,237,0.93,0.01,0.0,0.0,0.0,0.0,0,34326.0
35,5,0,0,0,0,116,1.0,1.0,0.03,0.05,0.0,255,3,0.01,0.05,0.0,1.0,1.0,0.0,1,4712.0
19,9,641,0,0,1,2,0.0,0.0,1.0,0.0,0.0,6,80,0.83,0.33,0.04,0.0,0.0,0.0,0,113154.0
22,1,0,0,0,0,1,0.0,0.0,1.0,0.0,0.0,7,33,1.0,0.0,0.18,0.0,0.0,1.0,0,94225.0
22,5,0,0,0,0,26,1.0,1.0,0.23,0.15,0.0,255,57,0.22,0.04,0.0,1.0,1.0,0.0,1,95444.0
13,9,8,0,0,0,1,0.0,0.0,1.0,0.0,1.0,2,55,1.0,0.0,0.51,0.0,0.0,0.0,1,41200.0
22,9,208,2568,0,1,5,0.0,0.0,1.0,0.0,0.17,255,255,1.0,0.0,0.0,0.0,0.0,0.0,0,101228.0
22,9,292,1412,0,1,4,0.0,0.0,1.0,0.0,0.0,4,130,1.0,0.0,0.05,0.0,0.0,0.0,0,34872.0
22,9,290,4073,0,1,9,0.0,0.0,1.0,0.0,0.1,11,255,1.0,0.0,0.03,0.0,0.0,0.0,0,85755.0
11,9,43,109,0,0,76,0.0,0.0,1.0,0.0,0.01,151,101,0.67,0.01,0.0,0.0,0.0,0.0,0,84932.0
22,9,224,799,0,1,6,0.0,0.0,1.0,0.0,0.29,229,255,1.0,0.0,0.01,0.0,0.0,0.0,0,74545.0
11,9,46,85,0,0,148,0.0,0.0,1.0,0.0,0.0,255,255,1.0,0.0,0.0,0.0,0.0,0.0,0,74467.0
11,9,44,132,0,0,70,0.0,0.0,1.0,0.0,0.01,255,254,1.0,0.01,0.0,0.0,0.0,0.0,0,114700.0
24,5,0,0,0,0,256,1.0,1.0,0.07,0.05,0.0,255,19,0.07,0.05,0.0,1.0,1.0,0.0,1,104909.0
22,7,154,30114,0,1,1,1.0,1.0,1.0,0.0,0.0,255,255,1.0,0.0,0.0,0.0,0.0,0.0,0,45652.0
55,9,4454,135624,0,1,1,0.0,0.0,1.0,0.0,0.0,255,30,0.12,0.05,0.0,0.29,0.0,0.13,0,108454.0
22,9,287,788,0,1,17,0.0,0.0,1.0,0.0,0.0,17,255,1.0,0.0,0.01,0.0,0.0,0.0,0,72626.0
11,9,43,125,0,0,171,0.0,0.0,0.99,0.01,0.01,173,134,0.77,0.02,0.0,0.0,0.0,0.0,0,4850.0
49,9,714,281,0,1,1,0.0,0.0,1.0,0.0,1.0,153,100,0.63,0.04,0.02,0.01,0.01,0.0,0,10150.0
22,9,308,1512,0,1,6,0.0,0.0,1.0,0.0,0.29,6,234,1.0,0.0,0.02,0.0,0.0,0.0,0,89183.0
55,9,113,5203,0,1,1,0.0,0.0,1.0,0.0,0.0,255,25,0.1,0.06,0.0,0.76,0.6,0.08,0,87882.0
22,9,244,2090,0,1,6,0.0,0.0,1.0,0.0,0.0,255,255,1.0,0.0,0.0,0.01,0.01,0.0,0,86067.0
14,9,1032,0,0,0,511,0.0,0.0,1.0,0.0,0.0,240,95,0.4,0.01,0.0,0.0,0.0,0.0,1,30944.0
22,9,220,1522,0,1,7,0.0,0.0,1.0,0.0,0.25,7,255,1.0,0.0,0.02,0.0,0.0,0.0,0,87609.0
10,9,0,0,0,0,1,0.0,0.0,1.0,0.0,0.0,34,1,0.03,1.0,0.0,0.0,0.0,0.0,1,67715.0
55,5,0,0,0,0,32,1.0,1.0,0.22,0.12,0.0,255,47,0.18,0.04,0.0,1.0,1.0,0.0,1,54265.0
49,9,2478,280,0,1,1,0.0,0.0,1.0,0.0,0.0,86,203,0.87,0.05,0.01,0.0,0.0,0.0,0,103771.0
55,5,0,0,0,0,4,1.0,1.0,1.0,0.0,0.0,86,46,0.53,0.02,0.0,0.98,0.96,0.0,1,4408.0
45,5,0,0,0,0,115,1.0,1.0,0.07,0.06,0.0,255,8,0.03,0.06,0.0,1.0,1.0,0.0,1,103228.0
11,9,45,72,0,0,235,0.0,0.0,1.0,0.0,0.0,255,227,0.89,0.01,0.0,0.0,0.0,0.0,0,58197.0
17,5,0,0,0,0,17,1.0,1.0,1.0,0.0,0.0,77,23,0.22,0.05,0.09,1.0,0.74,0.0,1,23194.0
9,5,0,0,0,0,121,1.0,1.0,0.17,0.07,0.0,255,13,0.05,0.07,0.0,1.0,1.0,0.0,1,15666.0
22,9,54540,8314,0,1,4,0.0,0.0,1.0,0.0,0.0,75,75,1.0,0.0,0.0,0.0,0.0,0.19,0,114290.0
45,1,0,0,0,0,2,0.0,0.0,0.5,1.0,0.0,255,1,0.0,0.56,0.0,0.02,0.0,1.0,1,50028.0
45,5,0,0,0,0,131,0.99,1.0,0.09,0.07,0.0,255,12,0.05,0.06,0.0,1.0,1.0,0.0,1,100227.0
34,5,0,0,0,0,233,1.0,1.0,0.03,0.06,0.0,255,7,0.03,0.05,0.0,1.0,1.0,0.0,1,75231.0
59,5,0,0,0,0,16,1.0,1.0,0.25,0.12,0.0,255,10,0.04,0.07,0.0,1.0,1.0,0.0,1,58742.0
13,9,8,0,0,0,1,0.0,0.0,1.0,0.0,1.0,2,42,1.0,0.0,0.5,0.0,0.0,0.0,1,20107.0
19,9,12,0,0,1,1,0.0,0.0,1.0,0.0,0.0,63,17,0.27,0.03,0.0,0.0,0.0,0.0,0,103548.0
22,9,246,459,0,1,30,0.0,0.0,1.0,0.0,0.15,255,255,1.0,0.0,0.0,0.0,0.0,0.0,0,4994.0
22,4,46152,7300,0,1,4,0.0,0.0,1.0,0.0,0.0,255,255,1.0,0.0,0.0,0.0,0.0,0.02,0,53447.0
22,9,252,961,0,1,12,0.0,0.0,1.0,0.0,0.21,255,255,1.0,0.0,0.0,0.0,0.0,0.0,0,60211.0
53,5,0,0,0,0,287,1.0,1.0,0.01,0.05,0.0,255,4,0.02,0.05,0.0,1.0,1.0,0.0,1,118942.0
22,9,333,4023,0,1,5,0.0,0.0,1.0,0.0,0.0,215,255,1.0,0.0,0.02,0.0,0.0,0.0,0,11659.0
40,1,0,0,0,0,511,0.1,0.0,0.0,1.0,0.0,255,1,0.0,1.0,0.0,0.09,0.0,1.0,1,78374.0
19,9,501760,0,0,1,1,0.0,0.0,1.0,0.0,0.0,239,83,0.35,0.02,0.0,0.0,0.0,0.0,0,103948.0
45,5,0,0,0,0,282,1.0,1.0,0.06,0.06,0.0,255,17,0.07,0.08,0.0,1.0,1.0,0.0,1,92237.0
59,5,0,0,0,0,73,1.0,1.0,0.3,0.05,0.0,255,22,0.09,0.04,0.0,1.0,1.0,0.0,1,92788.0
11,9,44,111,0,0,152,0.0,0.0,1.0,0.0,0.0,255,255,1.0,0.0,0.0,0.0,0.0,0.0,0,65005.0
22,1,0,0,0,0,2,0.0,0.0,1.0,0.0,0.67,4,139,1.0,0.0,0.04,0.0,0.0,1.0,0,79017.0
22,1,0,0,0,0,1,0.0,0.0,1.0,0.0,0.0,7,126,1.0,0.0,0.21,0.0,0.0,1.0,0,53970.0
22,1,0,0,0,0,1,0.0,0.0,1.0,0.0,1.0,29,255,1.0,0.0,0.11,0.0,0.0,1.0,0,121907.0
19,9,0,2072,0,1,4,0.0,0.0,0.75,0.5,0.0,3,5,1.0,0.0,0.4,0.0,0.0,0.0,0,19448.0
22,9,205,810,0,1,33,0.0,0.0,1.0,0.0,0.08,255,255,1.0,0.0,0.0,0.0,0.0,0.0,0,65991.0
18,9,233,774,0,1,1,0.0,0.0,1.0,0.0,0.0,239,45,0.19,0.02,0.0,0.0,0.0,0.0,0,75322.0
45,5,0,0,0,0,193,1.0,1.0,0.02,0.06,0.0,232,4,0.02,0.07,0.0,0.94,1.0,0.0,1,20562.0
40,9,516,4,0,0,155,0.0,0.0,1.0,0.0,0.0,155,155,1.0,0.0,0.0,0.0,0.0,0.0,0,121220.0
45,1,0,0,0,0,307,0.0,0.0,0.0,0.5,0.0,255,1,0.0,0.51,0.0,0.0,0.0,1.0,1,64460.0
11,9,44,98,0,0,210,0.0,0.0,1.0,0.0,0.0,255,255,1.0,0.0,0.0,0.0,0.0,0.0,0,112643.0
24,5,0,0,0,0,291,1.0,1.0,0.01,0.05,0.0,255,3,0.01,0.05,0.0,1.0,1.0,0.0,1,48934.0
22,9,201,3868,0,1,3,0.0,0.0,1.0,0.0,0.14,21,255,1.0,0.0,0.05,0.0,0.02,0.01,0,87506.0
19,9,749,0,0,1,2,0.0,0.0,1.0,0.0,0.0,8,95,1.0,0.0,0.02,0.0,0.0,0.0,0,113769.0
58,9,78,0,0,0,14,0.0,0.0,0.21,0.14,0.0,255,13,0.05,0.01,0.0,0.0,0.0,0.0,0,32113.0
49,9,1855,337,0,1,1,0.0,0.0,1.0,0.0,1.0,69,186,0.81,0.04,0.01,0.01,0.0,0.0,0,14380.0
22,9,174,45478,0,1,1,0.0,0.0,1.0,0.0,0.15,22,255,1.0,0.0,0.04,0.0,0.01,0.0,0,85047.0
45,9,28,0,3,0,80,0.0,0.0,1.0,0.0,0.0,255,80,0.31,0.64,0.0,0.01,0.0,0.0,1,44176.0
51,5,0,0,0,0,273,1.0,1.0,0.04,0.06,0.0,255,11,0.04,0.07,0.0,1.0,1.0,0.0,1,114053.0
49,9,845,331,0,1,1,0.0,0.0,1.0,0.0,0.0,22,173,0.55,0.23,0.01,0.0,0.0,0.0,0,20109.0
22,9,350,4404,0,1,9,0.0,0.0,1.0,0.0,0.0,37,255,1.0,0.0,0.03,0.0,0.0,0.0,0,41913.0
22,2,0,0,0,1,2,0.0,0.0,1.0,0.0,0.0,197,255,1.0,0.0,0.02,0.01,0.01,0.0,0,113391.0
22,9,194,1437,0,1,4,0.0,0.0,1.0,0.0,0.0,14,255,1.0,0.0,0.02,0.0,0.0,0.0,0,102802.0
9,5,0,0,0,0,196,1.0,1.0,0.07,0.07,0.0,255,13,0.05,0.08,0.0,1.0,1.0,0.0,1,45555.0
22,9,196,5321,0,1,3,0.0,0.0,1.0,0.0,0.0,19,255,1.0,0.0,0.05,0.05,0.0,0.0,0,34829.0
22,9,196,16143,0,1,6,0.0,0.0,1.0,0.0,0.09,121,255,1.0,0.0,0.03,0.01,0.0,0.0,0,94939.0
11,9,44,130,0,0,67,0.0,0.0,1.0,0.0,0.01,255,254,1.0,0.01,0.0,0.0,0.0,0.0,0,102148.0
11,9,43,132,0,0,164,0.0,0.0,1.0,0.0,0.0,255,255,1.0,0.0,0.0,0.0,0.0,0.0,0,67575.0
19,5,0,0,0,0,203,1.0,1.0,0.09,0.06,0.0,255,18,0.07,0.07,0.0,1.0,1.0,0.0,1,4447.0
45,1,0,0,0,0,106,0.0,0.0,0.12,0.08,0.0,255,13,0.05,0.07,0.0,0.0,0.0,1.0,1,95976.0
45,1,0,0,0,0,1,0.0,0.0,1.0,0.0,0.0,231,1,0.0,0.04,0.0,0.0,0.0,1.0,1,79525.0
22,9,196,14141,0,1,3,0.0,0.0,1.0,0.0,0.18,18,255,1.0,0.0,0.02,0.0,0.0,0.0,0,3742.0
21,1,0,0,0,0,257,0.0,0.0,0.02,0.07,0.0,255,6,0.02,0.09,0.0,0.0,0.0,1.0,1,105964.0
11,9,44,73,0,0,169,0.0,0.0,1.0,0.0,0.0,255,227,0.89,0.01,0.0,0.0,0.0,0.0,0,78677.0
18,9,1201,3380,0,1,1,0.0,0.0,1.0,0.0,0.0,255,48,0.19,0.03,0.0,0.01,0.0,0.0,0,104071.0
13,9,8,0,0,0,1,0.0,0.0,1.0,0.0,1.0,3,203,1.0,0.0,0.25,0.0,0.0,0.0,1,18825.0
56,9,0,4,0,0,1,0.0,0.0,1.0,0.0,0.0,25,25,1.0,0.0,0.0,0.08,0.08,0.04,0,399.0
45,9,215,0,0,0,1,0.0,0.0,1.0,0.0,0.0,13,13,1.0,0.0,0.0,0.0,0.0,0.0,1,92381.0
13,9,8,0,0,0,1,0.0,0.0,1.0,0.0,1.0,1,34,1.0,0.0,0.53,0.0,0.0,0.0,1,109861.0
45,9,28,0,3,0,63,0.0,0.0,1.0,0.0,0.0,135,63,0.47,0.03,0.0,0.0,0.0,0.0,1,61386.0
22,9,207,280,0,1,12,0.0,0.0,1.0,0.0,0.0,255,255,1.0,0.0,0.0,0.0,0.0,0.0,0,98178.0
22,9,287,2233,0,1,5,0.0,0.0,1.0,0.0,0.0,5,255,1.0,0.0,0.01,0.0,0.0,0.0,0,112093.0
49,9,725,327,0,1,1,0.0,0.0,1.0,0.0,0.0,11,160,1.0,0.0,0.02,0.0,0.0,0.0,0,10640.0
45,5,0,0,0,0,234,1.0,1.0,0.05,0.05,0.0,175,11,0.06,0.07,0.0,0.92,1.0,0.0,1,109583.0
45,9,105,0,0,0,1,0.0,0.0,1.0,0.0,0.0,31,28,0.9,0.1,0.0,0.0,0.0,0.0,0,12802.0
11,9,45,45,0,0,185,0.0,0.0,0.99,0.01,0.0,255,254,1.0,0.01,0.0,0.0,0.0,0.0,0,89551.0
21,5,0,0,0,0,280,1.0,1.0,0.03,0.05,0.0,255,8,0.03,0.05,0.0,1.0,1.0,0.0,1,56765.0
11,9,44,44,0,0,133,0.0,0.0,1.0,0.0,0.01,255,228,0.89,0.01,0.0,0.0,0.0,0.0,0,9328.0
49,9,2166,328,0,1,1,0.0,0.0,1.0,0.0,1.0,149,89,0.6,0.02,0.0,0.0,0.0,0.0,0,75284.0
19,9,8173,0,0,0,15,0.0,0.0,1.0,0.0,0.0,143,62,0.43,0.02,0.0,0.0,0.0,0.0,0,63714.0
19,9,383,0,0,1,1,0.0,0.0,1.0,0.0,0.0,3,75,1.0,0.0,0.04,0.0,0.0,0.0,0,103861.0
22,9,230,15121,0,1,5,0.0,0.0,1.0,0.0,0.0,15,255,1.0,0.0,0.06,0.0,0.0,0.0,0,71625.0
49,9,1770,403,0,1,1,0.0,0.0,1.0,0.0,0.0,67,182,0.82,0.04,0.01,0.0,0.0,0.0,0,103598.0
22,9,191,604,0,1,5,0.0,0.0,1.0,0.0,0.0,36,36,1.0,0.0,0.0,0.0,0.0,0.0,0,7541.0
19,1,0,0,0,0,258,0.0,0.0,0.01,0.07,0.0,255,2,0.01,0.07,0.0,0.0,0.0,1.0,1,85934.0
22,9,212,4791,0,1,2,0.0,0.0,1.0,0.0,0.17,7,255,1.0,0.0,0.05,0.0,0.0,0.0,0,12024.0
45,4,0,0,0,0,1,0.0,0.0,1.0,0.0,0.0,218,1,0.0,0.55,0.0,0.0,0.0,1.0,1,63036.0
2,5,0,0,0,0,126,1.0,1.0,0.12,0.06,0.0,255,15,0.06,0.05,0.0,1.0,1.0,0.0,1,71941.0
18,5,0,0,0,0,260,1.0,1.0,0.08,0.06,0.0,255,20,0.08,0.06,0.0,1.0,1.0,0.0,1,122334.0
4,5,0,0,0,0,258,1.0,1.0,0.04,0.05,0.0,255,10,0.04,0.05,0.0,1.0,1.0,0.0,1,45839.0
45,1,0,0,0,0,136,0.0,0.0,0.02,0.07,0.0,255,3,0.01,0.06,0.0,0.0,0.0,1.0,1,27874.0
3,5,0,0,0,0,198,1.0,1.0,0.04,0.07,0.0,255,7,0.03,0.07,0.0,1.0,1.0,0.0,1,52053.0
13,9,30,0,0,0,2,0.0,0.0,1.0,0.0,0.0,192,192,1.0,0.0,0.0,0.0,0.0,0.0,0,47611.0
45,5,0,0,0,0,125,1.0,1.0,0.14,0.07,0.0,255,20,0.08,0.07,0.0,1.0,1.0,0.0,1,14666.0
22,9,248,285,0,1,22,0.0,0.0,1.0,0.0,0.0,255,255,1.0,0.0,0.0,0.0,0.0,0.0,0,96551.0
45,5,0,0,0,0,96,1.0,1.0,0.04,0.06,0.0,255,4,0.02,0.09,0.0,1.0,1.0,0.0,1,4374.0
49,9,1035,388,0,1,1,0.0,0.0,1.0,0.0,0.0,255,66,0.26,0.06,0.0,0.51,0.0,0.03,0,8510.0
22,9,327,1817,0,1,13,0.0,0.0,1.0,0.0,0.0,255,255,1.0,0.0,0.0,0.0,0.0,0.0,0,12924.0
62,1,0,0,0,0,268,0.0,0.0,0.02,0.06,0.0,255,6,0.02,0.07,0.0,0.0,0.0,1.0,1,11873.0
22,9,286,670,0,1,1,0.0,0.0,1.0,0.0,1.0,4,237,1.0,0.0,0.07,0.0,0.01,0.0,0,36593.0
49,9,2210,333,0,1,1,0.0,0.0,1.0,0.0,1.0,73,70,0.96,0.04,0.0,0.0,0.0,0.03,0,34218.0
22,9,315,280,0,1,4,0.0,0.0,1.0,0.0,0.0,25,255,1.0,0.0,0.04,0.0,0.0,0.0,0,89974.0
11,9,37,118,0,0,2,0.0,0.0,1.0,0.0,0.0,241,232,0.96,0.01,0.0,0.0,0.0,0.0,0,71604.0
22,9,147,2632,0,1,1,0.0,0.0,1.0,0.0,0.0,1,255,1.0,0.0,0.03,0.0,0.0,0.0,0,107901.0
22,9,254,523,0,1,20,0.0,0.0,1.0,0.0,0.0,168,255,1.0,0.0,0.01,0.0,0.0,0.0,0,655.0
19,5,0,0,0,0,75,1.0,1.0,0.2,0.05,0.0,255,63,0.25,0.02,0.0,1.0,1.0,0.0,1,42483.0
22,9,208,688,0,1,5,0.0,0.0,1.0,0.0,0.12,7,255,1.0,0.0,0.12,0.0,0.0,0.62,0,80654.0
22,9,231,3215,0,1,1,0.0,0.0,1.0,0.0,0.0,41,255,1.0,0.0,0.04,0.0,0.0,0.0,0,683.0
17,9,9,140,0,0,2,0.0,0.0,0.5,1.0,0.0,217,7,0.03,0.03,0.0,0.0,0.0,0.0,0,11056.0
45,1,0,0,0,0,225,0.04,0.0,0.0,1.0,0.0,255,1,0.0,0.91,0.0,0.04,0.0,1.0,1,21899.0
0,4,3716,9210,0,0,1,0.0,0.0,1.0,0.0,0.0,3,1,0.33,0.67,0.0,0.0,0.0,1.0,0,31650.0
45,5,0,0,0,0,104,1.0,1.0,0.04,0.07,0.0,255,3,0.01,0.07,0.0,1.0,1.0,0.0,1,83223.0
24,5,0,0,0,0,213,1.0,1.0,0.11,0.06,0.0,255,23,0.09,0.05,0.0,1.0,1.0,0.0,1,30096.0
48,5,0,0,0,0,120,1.0,1.0,0.14,0.07,0.0,255,17,0.07,0.06,0.0,1.0,1.0,0.0,1,49669.0
4,1,0,0,0,0,192,0.0,0.0,0.07,0.06,0.0,255,14,0.05,0.07,0.0,0.0,0.0,1.0,1,11553.0
27,5,0,0,0,0,116,1.0,1.0,0.13,0.06,0.0,255,15,0.06,0.07,0.0,1.0,1.0,0.0,1,47132.0
22,9,216,458,0,1,13,0.0,0.0,1.0,0.0,0.3,255,255,1.0,0.0,0.0,0.0,0.0,0.0,0,3718.0
10,5,0,0,0,0,224,1.0,1.0,0.08,0.05,0.0,255,18,0.07,0.06,0.0,1.0,1.0,0.0,1,105918.0
22,9,218,683,0,1,6,0.0,0.0,1.0,0.0,0.04,255,255,1.0,0.0,0.0,0.0,0.0,0.0,0,15925.0
49,9,1585,366,0,1,1,0.0,0.0,1.0,0.0,1.0,142,111,0.53,0.04,0.02,0.0,0.0,0.0,0,119283.0
49,9,5281,328,0,1,1,0.0,0.0,1.0,0.0,1.0,15,7,0.47,0.33,0.0,0.0,0.0,0.0,0,108385.0
3,5,0,0,0,0,234,1.0,1.0,0.07,0.06,0.0,255,17,0.07,0.06,0.0,1.0,1.0,0.0,1,91263.0
45,1,0,0,0,0,145,0.0,0.0,0.09,0.06,0.0,255,13,0.05,0.05,0.0,0.0,0.0,1.0,1,42963.0
45,5,0,0,0,0,106,1.0,1.0,0.01,0.07,0.0,52,1,0.02,0.12,0.0,1.0,1.0,0.0,1,16206.0
45,5,0,0,0,0,100,1.0,1.0,0.11,0.06,0.0,255,18,0.07,0.06,0.0,1.0,1.0,0.0,1,64890.0
22,9,319,6534,0,1,25,0.0,0.0,1.0,0.0,0.0,255,255,1.0,0.0,0.0,0.0,0.0,0.0,0,4417.0
22,9,212,4570,0,1,13,0.0,0.0,1.0,0.0,0.0,255,255,1.0,0.0,0.0,0.0,0.0,0.0,0,39023.0
40,5,0,0,0,0,209,1.0,1.0,0.04,0.07,0.0,255,17,0.07,0.07,0.0,1.0,1.0,0.0,1,85902.0
19,9,383,0,0,1,2,0.0,0.0,1.0,0.0,0.0,19,54,0.16,0.21,0.04,0.0,0.02,0.0,0,27992.0
62,5,0,0,0,0,231,1.0,1.0,0.04,0.06,0.0,255,9,0.04,0.07,0.0,1.0,1.0,0.0,1,25958.0
19,9,59,0,0,1,4,0.0,0.0,1.0,0.0,0.0,25,23,0.4,0.12,0.09,0.0,0.04,0.0,0,55121.0
45,5,0,0,0,0,230,1.0,1.0,0.01,0.05,0.0,91,3,0.03,0.11,0.0,0.85,1.0,0.0,1,29455.0
40,1,0,0,0,0,511,0.23,0.0,0.0,1.0,0.0,255,1,0.0,1.0,0.0,0.17,0.0,1.0,1,71995.0
14,9,1032,0,0,0,511,0.0,0.0,1.0,0.0,0.0,255,31,0.12,0.23,0.0,0.0,0.0,0.0,1,35780.0
22,9,321,1353,0,1,7,0.0,0.0,1.0,0.0,0.0,255,255,1.0,0.0,0.0,0.0,0.0,0.0,0,79990.0
5,1,0,0,0,0,113,0.0,0.0,0.12,0.06,0.0,255,14,0.05,0.06,0.0,0.0,0.0,1.0,1,59625.0
19,9,1339,0,0,1,2,0.0,0.0,1.0,0.0,0.0,75,35,0.4,0.04,0.06,0.0,0.0,0.0,0,117392.0
11,9,44,44,0,0,4,0.0,0.0,0.25,0.5,0.5,67,64,0.96,0.03,0.0,0.0,0.0,0.0,0,66640.0
49,9,1969,328,0,1,1,0.0,0.0,1.0,0.0,0.0,100,68,0.68,0.05,0.0,0.0,0.0,0.0,0,101483.0
22,9,275,308,0,1,8,0.0,0.0,1.0,0.0,0.25,255,255,1.0,0.0,0.0,0.0,0.0,0.0,0,51781.0
29,5,0,0,0,0,211,1.0,1.0,0.03,0.07,0.0,255,12,0.05,0.07,0.0,1.0,1.0,0.0,1,81592.0
22,9,54540,8314,0,1,2,0.0,0.0,1.0,0.0,0.67,45,45,1.0,0.0,0.0,0.0,0.0,0.0,0,9577.0
49,9,1531,335,0,1,1,0.0,0.0,1.0,0.0,1.0,87,204,0.87,0.05,0.01,0.0,0.0,0.0,0,45383.0
22,9,240,9830,0,1,1,0.0,0.0,1.0,0.0,0.0,32,255,1.0,0.0,0.05,0.03,0.01,0.0,0,62569.0
26,5,0,0,0,0,135,1.0,1.0,0.16,0.05,0.0,255,22,0.09,0.05,0.0,1.0,1.0,0.0,1,41057.0
22,9,196,260,0,1,16,0.0,0.0,1.0,0.0,0.0,102,255,1.0,0.0,0.07,0.0,0.01,0.01,0,68395.0
32,5,0,0,0,0,124,1.0,1.0,0.03,0.06,0.0,255,15,0.06,0.06,0.0,1.0,1.0,0.0,1,6409.0
45,5,0,0,0,0,110,1.0,1.0,0.01,0.06,0.0,255,19,0.07,0.06,0.0,1.0,1.0,0.0,1,75528.0
22,9,196,30427,0,1,2,0.0,0.0,1.0,0.0,0.1,2,255,1.0,0.0,0.04,0.0,0.0,0.0,0,7024.0
8,5,0,0,0,0,119,1.0,1.0,0.05,0.07,0.0,255,4,0.02,0.07,0.0,1.0,1.0,0.0,1,125431.0
49,9,995,364,0,1,1,0.0,0.0,1.0,0.0,1.0,218,128,0.57,0.03,0.02,0.0,0.01,0.0,0,105342.0
45,9,105,145,0,0,7,0.0,0.0,0.14,0.29,0.0,255,231,0.91,0.01,0.0,0.0,0.0,0.0,0,13773.0
22,9,370,7931,0,1,2,0.0,0.0,1.0,0.0,0.0,255,255,1.0,0.0,0.0,0.0,0.0,0.0,0,32457.0
17,5,0,0,0,0,32,0.97,1.0,0.38,0.12,0.0,255,13,0.05,0.06,0.0,1.0,1.0,0.0,1,65253.0
45,9,105,146,0,0,2,0.0,0.0,1.0,0.0,0.0,14,12,0.86,0.21,0.0,0.0,0.0,0.0,0,7013.0
22,9,242,865,0,1,5,0.0,0.0,1.0,0.0,0.08,255,255,1.0,0.0,0.0,0.0,0.0,0.0,0,11189.0
45,4,0,0,0,0,1,0.0,0.0,1.0,0.0,0.0,206,1,0.0,0.52,0.0,0.0,0.0,1.0,1,111011.0
45,1,0,0,0,0,152,0.0,0.0,0.13,0.07,0.0,255,20,0.08,0.08,0.0,0.0,0.0,1.0,1,120429.0
11,9,44,80,0,0,176,0.0,0.0,1.0,0.0,0.0,255,235,0.92,0.01,0.0,0.0,0.0,0.0,0,4801.0
22,9,220,2281,0,1,11,0.0,0.0,1.0,0.0,0.0,87,255,1.0,0.0,0.05,0.0,0.0,0.0,0,22452.0
22,9,338,3185,0,1,1,0.0,0.0,1.0,0.0,0.0,11,255,1.0,0.0,0.07,0.0,0.0,0.0,0,84268.0
45,5,0,0,0,0,93,1.0,1.0,0.1,0.09,0.0,255,7,0.03,0.08,0.0,1.0,1.0,0.0,1,43233.0
45,9,28,0,3,0,82,0.01,0.0,0.98,0.04,0.0,255,80,0.31,0.02,0.0,0.0,0.0,0.0,1,62303.0
18,9,275,903,0,1,1,0.0,0.0,1.0,0.0,0.0,235,35,0.15,0.02,0.0,0.0,0.0,0.0,0,58846.0
55,5,0,0,0,0,31,1.0,1.0,0.26,0.13,0.0,255,35,0.14,0.05,0.0,1.0,1.0,0.0,1,57407.0
18,5,0,0,0,0,199,1.0,1.0,0.09,0.06,0.0,255,18,0.07,0.09,0.0,1.0,1.0,0.0,1,66031.0
22,5,0,0,0,0,56,1.0,1.0,0.34,0.07,0.0,255,39,0.15,0.06,0.0,1.0,1.0,0.0,1,108584.0
55,9,195,28035,0,1,1,0.0,0.0,1.0,0.0,0.0,1,2,1.0,0.0,1.0,0.0,0.0,0.0,0,75733.0
26,1,0,0,0,0,112,0.0,0.0,0.17,0.07,0.0,255,19,0.07,0.06,0.0,0.0,0.0,1.0,1,20019.0
22,9,146,2201,0,1,10,0.0,0.0,1.0,0.0,0.0,10,255,1.0,0.0,0.06,0.0,0.0,0.0,0,53556.0
55,2,126,179,0,0,1,0.0,0.0,1.0,0.0,0.0,51,51,1.0,0.0,0.0,0.04,0.04,0.96,0,51574.0
55,5,0,0,0,0,102,1.0,1.0,0.05,0.06,0.0,255,5,0.02,0.07,0.0,1.0,1.0,0.0,1,35460.0
22,9,266,2725,0,1,48,0.0,0.0,1.0,0.0,0.0,144,255,1.0,0.0,0.02,0.0,0.0,0.0,0,99650.0
22,9,313,1693,0,1,22,0.0,0.0,1.0,0.0,0.0,22,190,1.0,0.0,0.12,0.0,0.0,0.0,0,58955.0
45,1,0,0,0,0,127,0.0,0.0,0.03,0.07,0.0,255,1,0.0,0.07,0.0,0.0,0.0,1.0,1,57684.0
49,9,716,332,0,1,1,0.0,0.0,1.0,0.0,0.0,98,135,0.71,0.06,0.01,0.01,0.01,0.0,0,110201.0
45,4,1,0,0,0,2,0.0,0.0,1.0,0.0,0.0,255,2,0.01,0.74,0.0,0.0,0.0,1.0,1,35072.0
28,5,0,0,0,0,134,1.0,1.0,0.04,0.06,0.0,255,5,0.02,0.06,0.0,1.0,1.0,0.0,1,3633.0
19,5,0,0,0,0,12,1.0,1.0,0.42,0.17,0.0,212,49,0.21,0.02,0.04,1.0,0.92,0.0,1,116520.0
2,1,0,0,0,0,143,0.0,0.0,0.11,0.06,0.0,255,6,0.02,0.07,0.0,0.0,0.0,1.0,1,110750.0
49,9,1508,370,0,1,1,0.0,0.0,1.0,0.0,1.0,6,66,1.0,0.0,0.03,0.0,0.0,0.0,0,12493.0
45,5,0,0,0,0,139,1.0,1.0,0.06,0.06,0.0,218,12,0.06,0.08,0.0,1.0,1.0,0.0,1,85756.0
11,9,46,76,0,0,212,0.0,0.0,1.0,0.0,0.0,255,250,0.98,0.01,0.0,0.0,0.0,0.0,0,72415.0
61,5,0,0,0,0,289,1.0,1.0,0.03,0.06,0.0,255,11,0.04,0.08,0.0,1.0,1.0,0.0,1,53843.0
45,9,105,145,0,0,2,0.0,0.0,1.0,0.0,0.0,42,33,0.79,0.07,0.0,0.0,0.0,0.0,0,33784.0
22,5,0,0,0,0,227,1.0,0.53,0.04,0.07,0.13,255,8,0.03,0.06,0.0,1.0,1.0,0.0,1,105298.0
40,4,1,0,0,0,2,0.0,0.0,1.0,0.0,0.0,255,2,0.01,0.73,0.0,0.0,0.0,1.0,1,3532.0
13,9,30,0,0,0,9,0.0,0.0,0.11,0.33,0.0,255,4,0.02,0.01,0.0,0.0,0.0,0.0,0,73449.0
58,9,181,0,0,0,5,0.0,0.0,0.8,0.4,0.0,255,38,0.15,0.01,0.0,0.0,0.0,0.0,0,11851.0
4,5,0,0,0,0,204,1.0,1.0,0.08,0.05,0.0,255,16,0.06,0.05,0.0,1.0,1.0,0.0,1,90216.0
22,9,220,1745,0,1,11,0.0,0.0,1.0,0.0,0.16,255,255,1.0,0.0,0.0,0.0,0.0,0.0,0,105133.0
11,9,42,42,0,0,2,0.0,0.0,1.0,0.0,0.43,255,235,0.92,0.01,0.0,0.0,0.0,0.0,0,99407.0
14,9,1480,0,1,0,8,0.0,0.0,1.0,0.0,0.0,255,10,0.04,0.02,0.0,0.0,0.0,0.0,0,42521.0
22,9,251,8486,0,1,8,0.0,0.0,1.0,0.0,0.0,38,255,1.0,0.0,0.03,0.0,0.0,0.0,0,116740.0
22,9,308,1924,0,1,8,0.0,0.0,1.0,0.0,0.0,180,255,1.0,0.0,0.02,0.0,0.0,0.03,0,22837.0
11,9,46,134,0,0,100,0.0,0.0,1.0,0.0,0.01,255,255,1.0,0.0,0.0,0.0,0.0,0.0,0,42541.0
6,1,0,0,0,0,505,0.06,0.0,0.0,1.0,0.0,255,1,0.0,1.0,0.0,0.08,0.0,1.0,1,31030.0
22,9,314,3193,0,1,19,0.0,0.0,1.0,0.0,0.0,149,255,1.0,0.0,0.03,0.0,0.0,0.0,0,105843.0
22,9,228,2090,0,1,4,0.0,0.0,1.0,0.0,0.4,255,255,1.0,0.0,0.0,0.0,0.0,0.0,0,27212.0
22,9,227,1302,0,1,2,0.0,0.0,1.0,0.0,0.0,34,255,1.0,0.0,0.05,0.0,0.0,0.0,0,44496.0
22,1,0,0,0,0,1,0.0,0.0,1.0,0.0,0.0,9,8,0.89,0.22,0.0,0.0,0.0,1.0,0,41310.0
49,9,4170,329,0,1,1,0.0,0.0,1.0,0.0,0.0,255,5,0.02,0.59,0.0,0.0,0.0,0.0,0,20451.0
14,9,1032,0,0,0,511,0.0,0.0,1.0,0.0,0.0,255,230,0.9,0.06,0.0,0.0,0.0,0.0,1,61750.0
49,9,1696,332,0,1,1,0.0,0.0,1.0,0.0,0.0,255,117,0.46,0.08,0.0,0.02,0.02,0.0,0,100793.0
14,9,1032,0,0,0,1,0.0,0.0,1.0,0.0,0.0,255,255,1.0,0.0,0.0,0.0,0.0,0.0,0,7778.0
56,2,0,0,0,0,287,0.0,0.0,0.07,0.06,0.0,255,19,0.07,0.07,0.0,0.0,0.0,1.0,1,79336.0
22,9,227,516,0,1,12,0.0,0.0,1.0,0.0,0.19,255,255,1.0,0.0,0.0,0.0,0.0,0.0,0,25501.0
19,9,748,0,0,1,1,0.0,0.0,1.0,0.0,0.0,208,115,0.44,0.01,0.02,0.0,0.0,0.0,0,9054.0
32,1,0,0,0,0,234,0.0,0.0,0.03,0.07,0.0,255,6,0.02,0.08,0.0,0.0,0.0,1.0,1,65323.0
14,9,1032,0,0,0,510,0.0,0.0,1.0,0.0,0.0,255,143,0.56,0.04,0.0,0.0,0.0,0.0,1,21551.0
22,9,177,14235,0,1,1,0.0,0.25,1.0,0.0,0.75,120,170,1.0,0.0,0.02,0.0,0.0,0.01,0,40938.0
60,5,0,0,0,0,266,1.0,1.0,0.05,0.05,0.0,255,12,0.05,0.05,0.0,1.0,1.0,0.0,1,121127.0
6,5,0,0,0,0,255,1.0,1.0,0.01,0.06,0.0,255,3,0.01,0.06,0.0,1.0,1.0,0.0,1,65141.0
22,9,214,2141,0,1,3,0.0,0.0,1.0,0.0,0.0,13,255,1.0,0.0,0.01,0.0,0.0,0.0,0,35169.0
11,9,45,138,0,0,66,0.0,0.0,1.0,0.0,0.01,255,255,1.0,0.0,0.0,0.0,0.0,0.0,0,95116.0
22,9,359,294,0,1,15,0.0,0.0,1.0,0.0,0.0,255,255,1.0,0.0,0.0,0.0,0.0,0.0,0,109688.0
45,5,0,0,0,0,132,1.0,1.0,0.11,0.05,0.0,255,34,0.13,0.05,0.0,1.0,1.0,0.0,1,120068.0
56,2,0,0,0,0,126,0.0,0.0,0.09,0.06,0.0,255,11,0.04,0.07,0.0,0.0,0.0,1.0,1,97361.0
13,9,8,0,0,0,1,0.0,0.0,1.0,0.0,1.0,2,78,1.0,0.0,0.26,0.0,0.0,0.0,1,21532.0
59,2,0,0,0,0,108,0.0,0.0,0.03,0.07,0.0,255,3,0.01,0.06,0.0,0.0,0.0,1.0,1,74899.0
49,9,1014,387,0,1,1,0.0,0.0,1.0,0.0,0.0,255,5,0.02,0.07,0.0,0.96,0.0,0.0,0,105409.0
22,9,308,706,0,1,12,0.0,0.0,1.0,0.0,0.24,255,255,1.0,0.0,0.0,0.0,0.0,0.0,0,119485.0
14,9,520,0,0,0,455,0.0,0.0,1.0,0.0,0.0,156,156,1.0,0.0,0.0,0.0,0.0,0.0,1,35526.0
22,9,286,301,0,1,3,0.0,0.0,1.0,0.0,0.0,34,255,1.0,0.0,0.01,0.0,0.0,0.0,0,38446.0
4,4,1,0,0,0,2,0.0,0.0,1.0,0.0,0.0,255,2,0.01,0.51,0.0,0.0,0.0,1.0,1,2136.0
11,9,43,133,0,0,138,0.0,0.0,0.99,0.01,0.0,255,254,1.0,0.01,0.0,0.0,0.0,0.0,0,30278.0
45,5,0,0,0,0,56,1.0,1.0,0.34,0.05,0.0,255,20,0.08,0.05,0.0,1.0,1.0,0.0,1,89752.0
45,1,0,0,0,0,2,0.0,0.0,0.5,1.0,0.0,238,1,0.0,0.07,0.0,0.0,0.0,1.0,1,57789.0
60,1,0,0,0,0,116,0.0,0.0,0.1,0.07,0.0,255,12,0.05,0.07,0.0,0.0,0.0,1.0,1,67584.0
19,9,175337,0,0,1,2,0.0,0.0,1.0,0.0,0.0,200,46,0.21,0.03,0.04,0.01,0.0,0.0,0,95338.0
45,1,0,0,0,0,161,0.0,0.0,0.07,0.07,0.0,255,12,0.05,0.08,0.0,0.0,0.0,1.0,1,36122.0
51,5,0,0,0,0,210,1.0,1.0,0.08,0.06,0.0,255,17,0.07,0.06,0.0,1.0,1.0,0.0,1,29345.0
22,9,202,1271,0,1,7,0.0,0.0,1.0,0.0,0.0,151,255,1.0,0.0,0.02,0.0,0.0,0.0,0,16336.0
13,9,8,0,0,0,1,0.0,0.0,1.0,0.0,1.0,2,142,1.0,0.0,0.5,0.0,0.0,0.0,1,98082.0
22,9,278,6546,0,1,6,0.0,0.0,1.0,0.0,0.0,6,255,1.0,0.0,0.03,0.0,0.0,0.0,0,123951.0
22,9,226,1522,0,1,20,0.0,0.0,1.0,0.0,0.1,167,255,1.0,0.0,0.01,0.0,0.0,0.0,0,5114.0
22,9,263,961,0,1,8,0.0,0.0,1.0,0.0,0.22,205,255,1.0,0.0,0.02,0.0,0.0,0.0,0,81182.0
22,9,307,3166,0,1,13,0.0,0.0,1.0,0.0,0.12,255,255,1.0,0.0,0.0,0.0,0.0,0.0,0,56541.0
22,9,300,17071,0,1,2,0.0,0.0,1.0,0.0,0.06,20,252,1.0,0.0,0.05,0.0,0.0,0.0,0,9024.0
19,9,748,0,0,0,1,0.0,0.0,1.0,0.0,0.0,26,5,0.19,0.08,0.0,0.0,0.0,0.0,0,36411.0
55,9,92,780,0,0,1,0.0,0.0,1.0,0.0,0.0,70,14,0.2,0.06,0.0,0.0,0.0,0.0,0,87345.0
45,5,0,0,0,0,112,1.0,1.0,0.04,0.08,0.0,255,4,0.02,0.07,0.0,1.0,1.0,0.0,1,30591.0
45,5,0,0,0,0,299,1.0,1.0,0.04,0.05,0.0,255,11,0.04,0.06,0.0,1.0,1.0,0.0,1,111587.0
45,5,0,0,0,0,67,1.0,1.0,0.34,0.04,0.0,255,23,0.09,0.04,0.0,1.0,1.0,0.0,1,79708.0
22,1,0,0,0,0,1,0.0,0.0,1.0,0.0,0.0,2,255,1.0,0.0,0.14,0.0,0.0,0.89,0,51892.0
40,9,1,0,0,0,11,0.0,0.0,0.09,0.82,0.0,255,1,0.0,0.23,0.0,0.0,0.0,0.0,1,89915.0
3,1,0,0,0,0,1,0.0,0.0,1.0,0.0,1.0,146,5,0.03,0.04,0.0,0.01,0.0,1.0,0,96736.0
49,9,1136,340,0,1,1,0.0,0.0,1.0,0.0,0.0,157,180,0.64,0.03,0.01,0.0,0.0,0.0,0,21521.0
11,9,45,128,0,0,206,0.0,0.0,1.0,0.0,0.0,255,251,0.98,0.01,0.0,0.0,0.0,0.0,0,54921.0
45,1,0,0,0,0,116,0.0,0.0,0.09,0.07,0.0,255,31,0.12,0.06,0.0,0.0,0.0,1.0,1,67410.0
60,1,0,0,0,0,267,0.0,0.0,0.07,0.06,0.0,255,18,0.07,0.07,0.0,0.0,0.0,1.0,1,43186.0
40,9,147,105,0,0,1,0.0,0.0,1.0,0.0,0.0,255,2,0.01,0.69,0.0,0.0,0.0,0.0,0,17239.0
45,5,0,0,0,0,93,1.0,1.0,0.17,0.05,0.0,255,4,0.02,0.07,0.0,1.0,1.0,0.0,1,98312.0
45,5,0,0,0,0,20,1.0,1.0,0.2,0.2,0.0,255,8,0.03,0.08,0.0,1.0,1.0,0.0,1,99072.0
24,5,0,0,0,0,123,1.0,1.0,0.2,0.05,0.0,255,24,0.09,0.05,0.0,1.0,1.0,0.0,1,101402.0
22,9,326,255,0,1,15,0.0,0.0,1.0,0.0,0.2,255,255,1.0,0.0,0.0,0.0,0.0,0.0,0,80671.0
22,1,0,0,0,0,2,0.0,0.0,1.0,0.0,0.67,87,255,1.0,0.0,0.13,0.0,0.01,0.99,0,117443.0
49,9,798,330,0,1,1,0.0,0.0,1.0,0.0,1.0,35,100,0.49,0.14,0.02,0.0,0.0,0.0,0,49020.0
13,9,30,0,0,0,7,0.0,0.0,0.14,0.29,0.0,255,5,0.02,0.01,0.0,0.0,0.0,0.0,0,123648.0
22,9,294,4123,0,1,3,0.0,0.0,1.0,0.0,0.0,18,255,1.0,0.0,0.02,0.0,0.0,0.0,0,28723.0
22,9,316,301,0,1,26,0.0,0.0,1.0,0.0,0.0,255,255,1.0,0.0,0.0,0.0,0.0,0.0,0,40689.0
22,9,235,607,0,1,15,0.0,0.0,1.0,0.0,0.0,255,255,1.0,0.0,0.0,0.0,0.0,0.0,0,87926.0
17,5,0,0,0,0,284,1.0,1.0,0.07,0.05,0.0,255,21,0.08,0.05,0.0,1.0,1.0,0.0,1,45402.0
22,9,330,930,0,1,28,0.0,0.0,1.0,0.0,0.07,255,255,1.0,0.0,0.0,0.0,0.0,0.0,0,115762.0
19,9,12,0,0,0,2,0.0,0.0,1.0,0.0,0.0,32,75,0.25,0.06,0.03,0.0,0.0,0.0,0,90802.0
49,9,2706,408,0,1,1,0.0,0.0,1.0,0.0,0.0,255,154,0.6,0.02,0.0,0.0,0.0,0.0,0,33269.0
45,5,0,0,0,0,127,1.0,1.0,0.09,0.05,0.0,255,11,0.04,0.05,0.0,1.0,1.0,0.0,1,5323.0
37,5,0,0,0,0,112,1.0,1.0,0.12,0.05,0.0,255,8,0.03,0.06,0.0,1.0,1.0,0.0,1,85125.0
22,9,305,1380,0,1,3,0.0,0.0,1.0,0.0,0.0,255,238,0.93,0.01,0.0,0.0,0.0,0.01,0,66205.0
13,9,8,0,0,0,1,0.0,0.0,1.0,0.0,1.0,2,74,1.0,0.0,0.5,0.0,0.0,0.0,1,57943.0
22,9,218,1604,0,1,3,0.0,0.0,1.0,0.0,0.33,21,255,1.0,0.0,0.03,0.0,0.0,0.0,0,106548.0
22,9,248,1273,0,1,4,0.0,0.0,1.0,0.0,0.0,29,255,1.0,0.0,0.03,0.0,0.0,0.0,0,122124.0
14,9,1032,0,0,0,511,0.0,0.0,1.0,0.0,0.0,255,94,0.37,0.2,0.0,0.0,0.0,0.0,1,55808.0
19,9,383,0,0,1,2,0.0,0.0,1.0,0.0,0.0,22,74,0.14,0.14,0.03,0.0,0.01,0.0,0,74441.0
2,1,0,0,0,0,126,0.0,0.0,0.13,0.06,0.0,255,16,0.06,0.07,0.0,0.0,0.0,1.0,1,3963.0
45,5,0,0,0,0,117,1.0,1.0,0.04,0.06,0.0,255,19,0.07,0.06,0.0,1.0,1.0,0.0,1,1498.0
19,9,12165,0,0,0,7,0.0,0.0,0.86,0.29,0.0,230,28,0.12,0.03,0.0,0.0,0.0,0.0,0,50815.0
3,5,0,0,0,0,229,1.0,1.0,0.08,0.05,0.0,255,18,0.07,0.05,0.0,1.0,1.0,0.0,1,65355.0
45,5,0,0,0,0,129,1.0,1.0,0.12,0.06,0.0,255,31,0.12,0.05,0.0,1.0,1.0,0.0,1,76360.0
37,5,0,0,0,0,135,1.0,1.0,0.13,0.06,0.0,255,17,0.07,0.07,0.0,1.0,1.0,0.0,1,118151.0
19,9,10073,0,0,1,16,0.0,0.0,1.0,0.0,0.0,78,77,0.28,0.04,0.03,0.0,0.16,0.0,0,69283.0
19,9,1874,0,0,1,9,0.0,0.0,1.0,0.0,0.0,151,30,0.2,0.03,0.0,0.0,0.0,0.0,0,783.0
11,9,42,42,0,0,3,0.0,0.0,1.0,0.0,0.0,255,233,0.91,0.01,0.0,0.0,0.0,0.0,0,81209.0
22,9,242,576,0,1,12,0.0,0.0,1.0,0.0,0.0,255,255,1.0,0.0,0.0,0.0,0.0,0.0,0,124538.0
22,9,338,316,0,1,15,0.0,0.0,1.0,0.0,0.0,255,255,1.0,0.0,0.0,0.01,0.01,0.0,0,106142.0
40,1,0,0,0,0,511,0.14,0.0,0.0,1.0,0.0,255,1,0.0,1.0,0.0,0.15,0.0,1.0,1,11410.0
19,9,1766,0,0,1,2,0.0,0.0,1.0,0.0,0.0,62,114,0.35,0.06,0.02,0.0,0.01,0.0,0,90602.0
45,1,0,0,0,0,511,0.11,0.0,0.0,1.0,0.0,255,1,0.0,1.0,0.0,0.13,0.0,1.0,1,118776.0
22,9,152,8718,0,1,1,0.0,0.0,1.0,0.0,0.0,255,255,1.0,0.0,0.0,0.0,0.0,0.0,0,107514.0
11,9,44,131,0,0,50,0.0,0.0,1.0,0.0,0.02,159,100,0.63,0.02,0.0,0.0,0.0,0.0,0,43899.0
11,9,45,134,0,0,5,0.0,0.0,1.0,0.0,0.08,255,255,1.0,0.0,0.0,0.0,0.0,0.0,0,70443.0
55,9,161,1154,0,1,1,0.0,0.0,1.0,0.0,0.0,74,11,0.15,0.05,0.0,0.0,0.0,0.0,0,35896.0
45,5,0,0,0,0,64,1.0,1.0,0.06,0.06,0.0,255,18,0.07,0.07,0.0,1.0,1.0,0.0,1,81424.0
6,5,0,0,0,0,264,1.0,1.0,0.04,0.06,0.0,255,10,0.04,0.09,0.0,1.0,1.0,0.0,1,23141.0
45,5,0,0,0,0,299,1.0,1.0,0.06,0.05,0.0,255,16,0.06,0.06,0.0,1.0,1.0,0.0,1,9835.0
22,9,225,188,0,1,1,0.0,0.0,1.0,0.0,0.21,1,255,1.0,0.0,0.13,0.0,0.0,0.99,0,96286.0
22,9,229,5013,0,1,1,0.0,0.0,1.0,0.0,0.0,61,255,1.0,0.0,0.03,0.0,0.0,0.0,0,31940.0
53,5,0,0,0,0,294,1.0,1.0,0.07,0.05,0.0,255,22,0.09,0.05,0.0,1.0,1.0,0.0,1,99023.0
45,1,0,0,0,0,136,0.0,0.0,0.06,0.07,0.0,161,8,0.05,0.07,0.0,0.0,0.0,1.0,1,104514.0
55,5,0,0,0,0,16,1.0,1.0,1.0,0.0,0.0,58,38,0.66,0.03,0.0,0.97,0.95,0.0,1,62268.0
45,10,0,0,0,0,1,1.0,1.0,1.0,0.0,0.0,94,1,0.01,0.89,0.0,0.91,1.0,0.0,1,9561.0
22,9,202,4091,0,1,1,0.0,0.0,1.0,0.0,0.0,255,254,1.0,0.01,0.0,0.0,0.0,0.0,0,67944.0
22,9,252,11744,0,1,11,0.0,0.0,1.0,0.0,0.0,255,255,1.0,0.0,0.0,0.0,0.0,0.0,0,107527.0
45,4,0,0,0,0,2,0.0,0.0,1.0,0.0,0.0,255,2,0.01,0.02,0.0,0.0,0.0,1.0,1,1924.0
13,9,8,0,0,0,1,0.0,0.0,1.0,0.0,1.0,1,9,1.0,0.0,0.56,0.0,0.0,0.0,1,30222.0
40,9,147,0,0,0,5,0.2,0.0,0.2,0.6,0.0,255,1,0.0,0.62,0.0,0.0,0.0,0.0,0,88119.0
40,9,1,0,0,0,36,0.0,0.0,0.08,0.11,0.0,255,3,0.01,0.07,0.0,0.0,0.0,0.0,1,103930.0
45,5,0,0,0,0,119,1.0,1.0,0.03,0.07,0.0,255,4,0.02,0.08,0.0,1.0,1.0,0.0,1,75798.0
17,5,0,0,0,0,32,1.0,1.0,0.28,0.12,0.0,255,63,0.25,0.02,0.0,1.0,1.0,0.0,1,58373.0
22,9,295,2120,0,1,3,0.33,0.33,1.0,0.0,0.0,63,255,1.0,0.0,0.02,0.0,0.0,0.0,0,64462.0
45,1,0,0,0,0,135,0.0,0.0,0.02,0.07,0.0,255,3,0.01,0.06,0.0,0.0,0.0,1.0,1,92303.0
52,5,0,0,0,0,98,1.0,1.0,0.02,0.07,0.0,255,2,0.01,0.07,0.0,1.0,1.0,0.0,1,41691.0
19,9,10044,0,0,1,13,0.0,0.0,1.0,0.0,0.0,125,85,0.3,0.02,0.02,0.0,0.0,0.0,0,105143.0
45,9,28,0,3,0,61,0.0,0.0,1.0,0.0,0.0,255,61,0.24,0.64,0.0,0.01,0.0,0.0,1,26502.0
22,9,322,369,0,1,14,0.0,0.0,1.0,0.0,0.0,255,255,1.0,0.0,0.0,0.0,0.0,0.0,0,99998.0
11,9,132,34,0,0,2,0.0,0.0,1.0,0.0,0.0,8,8,1.0,0.0,0.0,0.0,0.0,0.0,0,50142.0
13,9,8,0,0,0,1,0.0,0.0,1.0,0.0,1.0,2,10,1.0,0.0,0.5,0.0,0.0,0.0,1,40119.0
22,9,251,3221,0,1,1,0.0,0.0,1.0,0.0,0.0,141,131,0.93,0.02,0.0,0.01,0.0,0.0,0,36907.0
22,9,307,288,0,1,10,0.0,0.0,1.0,0.0,0.14,41,255,1.0,0.0,0.06,0.0,0.0,0.0,0,12694.0
55,5,0,0,0,0,297,1.0,1.0,0.06,0.06,0.0,255,18,0.07,0.07,0.0,1.0,1.0,0.0,1,125502.0
11,9,44,74,0,0,265,0.0,0.0,1.0,0.01,0.01,255,244,0.96,0.01,0.0,0.0,0.0,0.0,0,42174.0
5,5,0,0,0,0,114,1.0,1.0,0.14,0.08,0.0,255,16,0.06,0.07,0.0,1.0,1.0,0.0,1,82681.0
11,9,31,0,0,0,1,0.0,0.0,1.0,0.0,1.0,231,43,0.17,0.02,0.05,0.0,0.0,0.0,0,71960.0
19,5,0,0,0,0,31,1.0,1.0,0.23,0.13,0.0,113,59,0.24,0.04,0.03,0.98,0.46,0.0,1,51897.0
22,1,0,0,0,0,1,0.0,0.0,1.0,0.0,1.0,10,255,1.0,0.0,0.15,0.0,0.0,0.68,0,14719.0
49,9,2635,340,0,1,1,0.0,0.0,1.0,0.0,0.0,255,157,0.62,0.02,0.0,0.0,0.0,0.0,0,36651.0
18,5,0,0,0,0,237,1.0,1.0,0.03,0.07,0.0,255,9,0.04,0.06,0.0,1.0,1.0,0.0,1,120103.0
45,5,0,0,0,0,119,1.0,1.0,0.14,0.06,0.0,21,17,0.81,0.14,0.0,1.0,1.0,0.0,1,4127.0
45,5,0,0,0,0,114,1.0,1.0,0.13,0.05,0.0,255,2,0.01,0.08,0.0,1.0,1.0,0.0,1,27239.0
22,9,242,238,0,1,1,0.0,0.0,1.0,0.0,0.18,58,255,1.0,0.0,0.07,0.0,0.0,0.02,0,55657.0
22,9,263,8020,0,1,2,0.0,0.0,1.0,0.0,0.6,155,255,1.0,0.0,0.01,0.0,0.0,0.0,0,23931.0
48,4,0,0,0,0,1,0.0,0.0,1.0,0.0,0.0,255,1,0.0,1.0,0.0,0.0,0.0,1.0,1,68950.0
40,9,147,105,0,0,5,0.0,0.0,0.4,0.6,0.0,255,2,0.01,0.48,0.0,0.0,0.0,0.0,0,64448.0
22,9,54540,8314,0,1,3,0.0,0.0,1.0,0.0,0.5,42,42,1.0,0.0,0.0,0.0,0.0,0.0,0,62823.0
60,5,0,0,0,0,204,1.0,1.0,0.03,0.05,0.0,255,6,0.02,0.06,0.0,1.0,1.0,0.0,1,9573.0
19,9,6601,0,0,1,18,0.0,0.0,1.0,0.0,0.0,125,90,0.28,0.03,0.02,0.0,0.0,0.0,0,118310.0
40,9,147,0,0,0,5,0.0,0.0,0.2,0.6,0.0,255,1,0.0,0.47,0.0,0.0,0.0,0.0,0,79227.0
22,9,280,604,0,1,19,0.0,0.0,1.0,0.0,0.1,19,255,1.0,0.0,0.04,0.0,0.0,0.0,0,113034.0
14,9,30,0,0,0,1,0.0,0.0,1.0,0.0,0.0,168,168,1.0,0.0,0.0,0.0,0.0,0.0,0,105326.0
22,9,344,2512,0,1,7,0.0,0.0,1.0,0.0,0.17,76,255,1.0,0.0,0.01,0.0,0.0,0.0,0,31619.0
12,2,0,0,0,0,110,0.0,0.0,0.08,0.06,0.0,255,9,0.04,0.07,0.0,0.0,0.0,1.0,1,61445.0
23,5,0,0,0,0,89,1.0,1.0,0.12,0.06,0.0,255,11,0.04,0.05,0.0,1.0,1.0,0.0,1,98302.0
22,9,238,9092,0,1,4,0.0,0.0,1.0,0.0,0.0,10,255,1.0,0.0,0.04,0.0,0.0,0.0,0,106225.0
22,9,306,1075,0,1,6,0.0,0.0,1.0,0.0,0.0,255,250,0.98,0.01,0.0,0.0,0.0,0.0,0,106642.0
22,9,176,2363,0,1,1,0.0,0.0,1.0,0.0,0.0,255,255,1.0,0.0,0.0,0.0,0.0,0.0,0,81743.0
45,5,0,0,0,0,88,1.0,1.0,0.09,0.07,0.0,255,18,0.07,0.08,0.0,1.0,1.0,0.0,1,2390.0
19,9,7012,0,0,0,5,0.0,0.0,1.0,0.0,0.0,195,57,0.29,0.03,0.0,0.02,0.0,0.0,0,69991.0
49,9,11149,923,0,1,1,0.0,0.0,1.0,0.0,0.0,255,37,0.15,0.02,0.0,0.0,0.0,0.0,0,106662.0
45,5,0,0,0,0,111,1.0,1.0,0.08,0.07,0.0,255,9,0.04,0.05,0.0,1.0,1.0,0.0,1,79047.0
3,1,0,0,0,0,263,0.0,0.0,0.06,0.06,0.0,255,17,0.07,0.07,0.0,0.0,0.0,1.0,1,82865.0
22,9,205,17742,0,1,6,0.0,0.0,1.0,0.0,0.0,20,255,1.0,0.0,0.04,0.0,0.0,0.0,0,47200.0
11,9,45,75,0,0,231,0.0,0.0,1.0,0.01,0.01,255,254,1.0,0.01,0.0,0.0,0.0,0.0,0,96322.0
45,5,0,0,0,0,158,1.0,1.0,0.11,0.07,0.0,255,17,0.07,0.06,0.0,1.0,1.0,0.0,1,73011.0
45,5,0,0,0,0,2,1.0,1.0,0.5,1.0,0.0,255,17,0.07,0.07,0.0,1.0,1.0,0.0,1,65167.0
59,5,0,0,0,0,147,1.0,1.0,0.16,0.05,0.0,255,23,0.09,0.05,0.0,1.0,1.0,0.0,1,36397.0
11,9,46,131,0,0,10,0.0,0.0,0.9,0.2,0.03,255,254,1.0,0.01,0.0,0.0,0.0,0.0,0,37300.0
17,9,10,227,0,0,1,0.0,0.0,1.0,0.0,0.0,128,8,0.03,0.09,0.25,0.01,0.0,0.0,0,107032.0
49,9,4263,365,0,1,1,0.0,0.0,1.0,0.0,1.0,137,192,0.8,0.08,0.01,0.03,0.02,0.0,0,24204.0
22,9,221,395,0,1,37,0.0,0.0,1.0,0.0,0.0,255,255,1.0,0.0,0.0,0.0,0.0,0.0,0,103954.0
18,5,0,0,0,0,240,1.0,1.0,0.03,0.06,0.0,255,8,0.03,0.06,0.0,1.0,1.0,0.0,1,108523.0
22,9,314,1540,0,1,19,0.0,0.0,1.0,0.0,0.0,74,255,1.0,0.0,0.04,0.0,0.0,0.0,0,109170.0
22,9,245,10715,0,1,11,0.0,0.0,1.0,0.0,0.13,65,255,1.0,0.0,0.01,0.0,0.0,0.0,0,56904.0
11,9,43,75,0,0,239,0.0,0.0,1.0,0.0,0.0,255,254,1.0,0.01,0.0,0.0,0.0,0.0,0,124752.0
49,9,1917,388,0,1,1,0.0,0.0,1.0,0.0,0.0,255,76,0.3,0.34,0.0,0.34,0.0,0.0,0,1958.0
7,1,0,0,0,0,263,0.0,0.0,0.06,0.06,0.0,255,17,0.07,0.07,0.0,0.0,0.0,1.0,1,36813.0
22,9,283,1944,0,1,3,0.0,0.0,1.0,0.0,0.0,70,255,1.0,0.0,0.04,0.0,0.0,0.0,0,72308.0
11,9,45,78,0,0,157,0.0,0.0,1.0,0.0,0.0,255,255,1.0,0.0,0.0,0.0,0.0,0.0,0,82573.0
22,9,313,2698,0,1,2,0.0,0.0,1.0,0.0,0.0,255,237,0.93,0.02,0.0,0.0,0.0,0.0,0,78926.0
2,5,0,0,0,0,195,1.0,1.0,0.07,0.06,0.0,255,16,0.06,0.07,0.0,1.0,1.0,0.0,1,47430.0
33,5,0,0,0,0,236,1.0,1.0,0.08,0.06,0.0,255,20,0.08,0.07,0.0,1.0,1.0,0.0,1,25436.0
45,9,28,0,3,0,71,0.0,0.0,1.0,0.0,0.0,143,71,0.5,0.03,0.0,0.0,0.0,0.0,1,47099.0
32,5,0,0,0,0,252,1.0,1.0,0.02,0.06,0.0,255,1,0.0,0.07,0.0,1.0,1.0,0.0,1,82493.0
45,5,0,0,0,0,130,1.0,1.0,0.11,0.06,0.0,255,8,0.03,0.07,0.0,1.0,1.0,0.0,1,112833.0
35,5,0,0,0,0,219,1.0,1.0,0.05,0.06,0.0,255,10,0.04,0.08,0.0,1.0,1.0,0.0,1,92344.0
45,5,0,0,0,0,276,1.0,1.0,0.03,0.06,0.0,255,10,0.04,0.08,0.0,1.0,1.0,0.0,1,83501.0
15,5,0,0,0,0,141,1.0,1.0,0.13,0.06,0.0,255,7,0.03,0.06,0.0,1.0,1.0,0.0,1,123149.0
27,5,0,0,0,0,120,1.0,1.0,0.14,0.06,0.0,255,7,0.03,0.06,0.0,1.0,1.0,0.0,1,120975.0
22,9,233,1092,0,1,5,0.0,0.0,1.0,0.0,0.33,28,255,1.0,0.0,0.02,0.0,0.0,0.0,0,42501.0
56,5,0,0,0,0,216,1.0,1.0,0.01,0.06,0.0,255,18,0.07,0.06,0.0,1.0,1.0,0.0,1,32971.0
19,9,15876,0,0,0,21,0.0,0.0,1.0,0.0,0.0,192,73,0.38,0.03,0.0,0.0,0.0,0.0,0,10169.0
45,9,105,145,0,0,4,0.0,0.0,0.25,0.5,0.0,255,242,0.95,0.01,0.0,0.0,0.0,0.0,0,114958.0
19,9,59,0,0,1,23,0.0,0.0,1.0,0.0,0.0,85,82,0.34,0.04,0.02,0.0,0.12,0.0,0,48866.0
7,5,0,0,0,0,236,1.0,1.0,0.0,0.05,0.0,255,1,0.0,0.05,0.0,1.0,1.0,0.0,1,109886.0
45,5,0,0,0,0,143,1.0,1.0,0.13,0.06,0.0,255,12,0.05,0.06,0.0,1.0,1.0,0.0,1,78090.0
22,9,295,261,0,1,6,0.0,0.0,1.0,0.0,0.1,255,255,1.0,0.0,0.0,0.0,0.0,0.0,0,35991.0
22,9,160,95,0,1,1,0.0,0.0,1.0,0.0,0.0,1,255,1.0,0.0,0.04,0.0,0.0,0.0,0,98323.0
22,9,235,258,0,1,21,0.0,0.0,1.0,0.0,0.0,255,255,1.0,0.0,0.0,0.0,0.0,0.0,0,65266.0
22,9,315,5888,0,1,3,0.33,0.33,1.0,0.0,0.0,52,255,1.0,0.0,0.04,0.02,0.01,0.0,0,5569.0
22,9,259,5170,0,1,6,0.0,0.0,1.0,0.0,0.0,68,255,1.0,0.0,0.04,0.0,0.0,0.0,0,6990.0
22,9,263,4399,0,1,2,0.0,0.0,1.0,0.0,0.5,57,255,1.0,0.0,0.03,0.0,0.0,0.0,0,19552.0
19,9,245,0,0,0,2,0.0,0.0,1.0,0.0,0.0,37,46,0.05,0.16,0.04,0.0,0.0,0.0,0,41554.0
22,9,210,255,0,1,8,0.0,0.0,1.0,0.0,0.27,255,255,1.0,0.0,0.0,0.0,0.0,0.0,0,14379.0
45,5,0,0,0,0,291,1.0,1.0,0.08,0.04,0.0,255,19,0.07,0.05,0.0,1.0,1.0,0.0,1,109176.0
22,9,245,901,0,1,13,0.0,0.0,1.0,0.0,0.0,255,255,1.0,0.0,0.0,0.0,0.0,0.0,0,70029.0
22,9,232,5124,0,1,2,0.0,0.0,1.0,0.0,0.0,30,255,1.0,0.0,0.03,0.0,0.0,0.0,0,20446.0
22,9,282,38435,0,1,7,0.0,0.0,1.0,0.0,0.11,14,255,1.0,0.0,0.04,0.0,0.02,0.0,0,8562.0
35,5,0,0,0,0,222,1.0,1.0,0.09,0.06,0.0,255,18,0.07,0.07,0.0,1.0,1.0,0.0,1,24909.0
55,5,0,0,0,0,22,0.95,1.0,0.32,0.18,0.0,255,17,0.07,0.06,0.0,1.0,1.0,0.0,1,92539.0
11,9,88,0,0,0,1,0.0,0.0,1.0,0.0,1.0,71,22,0.31,0.03,0.0,0.0,0.0,0.0,0,70999.0
22,9,344,12360,0,1,8,0.0,0.0,1.0,0.0,0.13,255,255,1.0,0.0,0.0,0.0,0.0,0.0,0,30978.0
49,9,579,330,0,1,1,0.0,0.0,1.0,0.0,0.0,118,104,0.88,0.04,0.0,0.0,0.0,0.0,0,75281.0
23,5,0,0,0,0,116,1.0,1.0,0.01,0.08,0.0,255,1,0.0,0.06,0.0,1.0,1.0,0.0,1,23877.0
45,5,0,0,0,0,138,1.0,1.0,0.1,0.06,0.0,255,18,0.07,0.06,0.0,1.0,1.0,0.0,1,2867.0
13,9,8,0,0,0,1,0.0,0.0,1.0,0.0,1.0,3,91,1.0,0.0,0.25,0.0,0.0,0.0,1,92368.0
22,9,279,762,0,1,3,0.0,0.0,1.0,0.0,0.29,122,255,1.0,0.0,0.01,0.0,0.0,0.0,0,72625.0
22,9,206,2611,0,1,4,0.0,0.0,1.0,0.0,0.0,4,255,1.0,0.0,0.03,0.0,0.0,0.0,0,53386.0
22,9,272,686,0,1,22,0.0,0.0,1.0,0.0,0.0,255,255,1.0,0.0,0.0,0.01,0.01,0.0,0,107293.0
11,9,44,127,0,0,111,0.0,0.0,1.0,0.0,0.01,255,254,1.0,0.01,0.0,0.0,0.0,0.0,0,108389.0
22,9,191,1115,0,1,27,0.0,0.0,1.0,0.0,0.0,107,255,1.0,0.0,0.02,0.0,0.0,0.0,0,71421.0
22,1,0,0,0,0,212,0.0,0.0,0.03,0.07,0.0,255,6,0.02,0.08,0.0,0.0,0.0,1.0,1,90443.0
22,9,238,6153,0,1,8,0.0,0.0,1.0,0.0,0.18,44,255,1.0,0.0,0.02,0.0,0.0,0.0,0,59782.0
45,9,1,0,0,0,61,0.0,0.0,0.38,0.08,0.0,255,57,0.22,0.18,0.0,0.0,0.0,0.0,1,73092.0
55,6,299,77053,0,1,1,1.0,1.0,1.0,0.0,0.0,25,6,0.24,0.16,0.0,0.04,0.17,0.0,0,32772.0
45,5,0,0,0,0,239,1.0,1.0,0.0,0.07,0.0,255,1,0.0,0.06,0.0,1.0,1.0,0.0,1,22177.0
9,5,0,0,0,0,269,1.0,1.0,0.06,0.06,0.0,255,16,0.06,0.08,0.0,1.0,1.0,0.0,1,26505.0
22,9,196,14123,0,1,8,0.0,0.0,1.0,0.0,0.0,87,255,1.0,0.0,0.04,0.0,0.0,0.0,0,3499.0
22,9,238,14496,0,1,7,0.0,0.0,1.0,0.0,0.0,38,158,1.0,0.0,0.07,0.0,0.01,0.0,0,101634.0
22,9,54540,8314,0,1,6,0.0,0.0,1.0,0.0,0.0,160,160,1.0,0.0,0.0,0.0,0.0,0.06,0,25571.0
22,1,0,0,0,0,1,0.0,0.0,1.0,0.0,0.0,3,255,1.0,0.0,0.22,0.0,0.0,0.96,0,89468.0
45,1,0,0,0,0,1,0.0,0.0,1.0,0.0,0.0,42,2,0.02,1.0,1.0,0.0,0.0,1.0,1,65831.0
45,5,0,0,0,0,179,1.0,1.0,0.07,0.07,0.0,255,20,0.08,0.07,0.0,1.0,1.0,0.0,1,43732.0
2,5,0,0,0,0,291,1.0,1.0,0.07,0.06,0.0,255,20,0.08,0.07,0.0,1.0,1.0,0.0,1,97239.0
45,5,0,0,0,0,128,1.0,1.0,0.08,0.08,0.0,255,10,0.04,0.07,0.0,1.0,1.0,0.0,1,114456.0
22,9,307,1215,0,1,5,0.0,0.0,1.0,0.0,0.0,255,255,1.0,0.0,0.0,0.0,0.0,0.0,0,105210.0
22,9,226,1022,0,1,23,0.0,0.0,1.0,0.0,0.08,23,255,1.0,0.0,0.03,0.0,0.0,0.0,0,745.0
22,9,331,294,0,1,4,0.0,0.0,1.0,0.0,0.0,255,255,1.0,0.0,0.0,0.0,0.0,0.0,0,89549.0
30,5,0,0,0,0,67,1.0,1.0,0.06,0.07,0.0,255,4,0.02,0.06,0.0,1.0,1.0,0.0,1,62532.0
22,9,328,9262,0,1,8,0.0,0.0,1.0,0.0,0.2,229,255,1.0,0.0,0.01,0.0,0.0,0.0,0,74532.0
45,1,0,0,0,0,416,0.0,0.0,0.0,0.52,0.0,255,1,0.0,0.52,0.0,0.0,0.0,1.0,1,113174.0
19,9,334,0,0,1,1,0.0,0.0,1.0,0.0,0.0,3,51,1.0,0.0,0.1,0.0,0.0,0.0,0,93181.0
22,9,329,1607,0,1,3,0.0,0.0,1.0,0.0,0.67,10,255,1.0,0.0,0.01,0.0,0.0,0.0,0,114162.0
19,9,641,0,0,0,2,0.0,0.0,0.5,1.0,1.0,75,116,0.52,0.07,0.02,0.0,0.0,0.0,0,87558.0
21,5,0,0,0,0,225,1.0,1.0,0.05,0.06,0.0,255,5,0.02,0.08,0.0,1.0,1.0,0.0,1,96266.0
11,9,44,74,0,0,316,0.0,0.0,1.0,0.0,0.0,255,254,1.0,0.01,0.0,0.0,0.0,0.0,0,56868.0
49,9,1296,437,0,1,1,0.0,0.0,1.0,0.0,1.0,255,138,0.54,0.01,0.0,0.0,0.0,0.0,0,124659.0
6,5,0,0,0,0,225,1.0,1.0,0.08,0.07,0.0,255,17,0.07,0.07,0.0,1.0,1.0,0.0,1,63747.0
45,9,1,0,0,0,13,0.0,0.0,1.0,0.0,0.0,255,13,0.05,0.95,0.0,0.13,0.0,0.0,1,117206.0
19,9,2194619,0,0,1,3,0.0,0.0,0.67,0.67,0.0,15,54,0.4,0.27,0.06,0.0,0.02,0.0,0,68003.0
22,9,310,2698,0,1,1,0.0,0.0,1.0,0.0,0.0,255,241,0.95,0.02,0.0,0.0,0.0,0.04,0,124183.0
55,2,125,179,0,0,2,0.0,0.0,1.0,0.0,0.0,9,9,1.0,0.0,0.0,0.11,0.11,0.89,0,60818.0
49,9,1710,332,0,1,1,0.0,0.0,1.0,0.0,0.0,120,137,0.53,0.03,0.01,0.0,0.0,0.01,0,70491.0
33,5,0,0,0,0,157,1.0,1.0,0.04,0.09,0.0,255,6,0.02,0.08,0.0,1.0,1.0,0.0,1,102510.0
13,9,8,0,0,0,1,0.0,0.0,1.0,0.0,1.0,4,124,1.0,0.0,0.25,0.0,0.0,0.0,1,67106.0
22,9,296,1244,0,1,36,0.0,0.0,1.0,0.0,0.0,41,255,1.0,0.0,0.03,0.0,0.0,0.0,0,71742.0
14,9,64,0,0,0,1,0.0,0.0,1.0,0.0,0.0,255,1,0.0,0.06,0.0,0.76,0.0,0.0,0,71443.0
56,9,0,4,0,0,1,0.0,0.0,1.0,0.0,0.0,26,26,1.0,0.0,0.0,0.12,0.12,0.0,0,40987.0
22,9,228,301,0,1,3,0.0,0.0,1.0,0.0,0.0,255,255,1.0,0.0,0.0,0.0,0.0,0.0,0,60765.0
11,9,44,110,0,0,1,0.0,0.0,1.0,0.0,0.0,255,253,0.99,0.01,0.0,0.0,0.0,0.0,0,29471.0
45,4,1,0,0,0,2,0.0,0.0,1.0,0.0,0.0,255,2,0.01,0.69,0.0,0.0,0.0,1.0,1,99797.0
14,9,1032,0,0,0,511,0.0,0.0,1.0,0.0,0.0,255,67,0.26,0.15,0.0,0.0,0.0,0.0,1,81869.0
22,9,388,15247,0,1,4,0.0,0.0,1.0,0.0,0.0,40,255,1.0,0.0,0.03,0.0,0.0,0.0,0,64401.0
4,1,0,0,0,0,245,0.0,0.0,0.01,0.07,0.0,255,3,0.01,0.08,0.0,0.0,0.0,1.0,1,84573.0
33,5,0,0,0,0,53,1.0,1.0,0.19,0.11,0.0,255,10,0.04,0.07,0.0,1.0,1.0,0.0,1,58349.0
22,9,219,3193,0,1,8,0.0,0.0,1.0,0.0,0.27,145,255,1.0,0.0,0.01,0.0,0.0,0.0,0,108900.0
61,5,0,0,0,0,254,1.0,1.0,0.07,0.07,0.0,255,17,0.07,0.07,0.0,1.0,1.0,0.0,1,43056.0
10,9,0,0,0,0,1,0.0,0.0,1.0,0.0,0.0,34,1,0.03,1.0,0.0,0.0,0.0,0.0,1,61190.0
45,5,0,0,0,0,109,1.0,1.0,0.09,0.05,0.0,255,10,0.04,0.04,0.0,1.0,1.0,0.0,1,32854.0
22,9,217,307,0,1,20,0.0,0.0,1.0,0.0,0.12,86,255,1.0,0.0,0.13,0.0,0.0,0.67,0,54776.0
53,5,0,0,0,0,272,1.0,1.0,0.01,0.06,0.0,255,1,0.0,0.06,0.0,1.0,1.0,0.0,1,111070.0
22,9,219,841,0,1,6,0.0,0.0,1.0,0.0,0.0,12,255,1.0,0.0,0.01,0.0,0.0,0.0,0,1516.0
22,9,238,1282,0,1,6,0.0,0.0,1.0,0.0,0.0,17,17,1.0,0.0,0.0,0.0,0.0,0.0,0,48188.0
22,9,323,2248,0,1,7,0.0,0.0,1.0,0.0,0.0,39,255,1.0,0.0,0.03,0.0,0.0,0.0,0,118684.0
45,9,105,105,0,0,10,0.0,0.0,0.1,0.2,0.0,255,242,0.95,0.01,0.0,0.0,0.0,0.0,0,98557.0
55,5,0,0,0,0,113,1.0,1.0,0.12,0.06,0.0,255,33,0.13,0.07,0.0,1.0,1.0,0.0,1,100811.0
22,9,359,724,0,1,10,0.0,0.0,1.0,0.0,0.0,255,255,1.0,0.0,0.0,0.0,0.0,0.0,0,106222.0
11,9,46,135,0,0,67,0.0,0.0,1.0,0.0,0.01,255,255,1.0,0.0,0.0,0.0,0.0,0.0,0,4487.0
15,5,0,0,0,0,139,1.0,1.0,0.04,0.06,0.0,255,6,0.02,0.06,0.0,1.0,1.0,0.0,1,53541.0
22,1,0,0,0,0,1,0.0,0.0,1.0,0.0,1.0,6,253,1.0,0.0,0.2,0.0,0.0,1.0,0,4311.0
11,9,44,140,0,0,135,0.0,0.0,1.0,0.0,0.01,255,255,1.0,0.0,0.0,0.0,0.0,0.0,0,55454.0
55,9,104,1025,0,1,1,0.0,0.0,1.0,0.0,0.0,140,2,0.01,0.04,0.0,0.01,0.5,0.0,0,60922.0
22,9,302,551,0,1,11,0.0,0.0,1.0,0.0,0.0,21,255,1.0,0.0,0.02,0.0,0.0,0.0,0,39557.0
45,9,105,147,0,0,1,0.0,0.0,1.0,0.0,0.0,202,200,0.99,0.01,0.0,0.0,0.0,0.0,0,16988.0
3,5,0,0,0,0,248,1.0,1.0,0.03,0.06,0.0,255,7,0.03,0.07,0.0,1.0,1.0,0.0,1,68505.0
49,9,626,388,0,1,1,0.0,0.0,1.0,0.0,0.0,255,51,0.2,0.07,0.0,0.62,0.0,0.0,0,11389.0
10,5,0,0,0,0,10,1.0,1.0,0.2,0.5,0.0,255,2,0.01,0.08,0.0,1.0,1.0,0.0,1,66778.0
22,9,203,307,0,1,7,0.0,0.0,1.0,0.0,0.14,255,255,1.0,0.0,0.0,0.0,0.0,0.0,0,25696.0
22,9,329,1541,0,1,1,0.0,0.0,1.0,0.0,0.5,101,255,1.0,0.0,0.03,0.0,0.0,0.0,0,82606.0
13,9,30,0,0,0,9,0.0,0.0,0.22,0.33,0.0,255,6,0.02,0.01,0.0,0.0,0.0,0.0,0,26868.0
22,2,0,0,0,1,1,0.0,0.0,1.0,0.0,1.0,255,245,0.96,0.01,0.0,0.0,0.0,0.03,0,25914.0
22,9,278,453,0,1,1,0.0,0.0,1.0,0.0,0.0,47,255,1.0,0.0,0.08,0.0,0.0,0.0,0,62206.0
2,5,0,0,0,0,116,1.0,1.0,0.09,0.07,0.0,255,10,0.04,0.07,0.0,1.0,1.0,0.0,1,68368.0
13,9,18,0,0,0,1,0.0,0.0,1.0,0.0,0.0,4,172,1.0,0.0,0.25,0.0,0.0,0.0,1,98068.0
49,9,2225,338,0,1,1,0.0,0.0,1.0,0.0,0.0,4,186,1.0,0.0,0.02,0.0,0.0,0.0,0,14845.0
45,9,105,146,0,0,6,0.0,0.0,0.17,0.33,0.0,255,237,0.93,0.01,0.0,0.0,0.0,0.0,0,111015.0
49,9,1652,392,0,1,1,0.0,0.0,1.0,0.0,1.0,6,207,1.0,0.0,0.01,0.0,0.0,0.0,0,103665.0
49,9,598,280,0,1,1,0.0,0.0,1.0,0.0,1.0,124,115,0.58,0.06,0.02,0.01,0.01,0.0,0,38282.0
2,5,0,0,0,0,204,1.0,1.0,0.05,0.06,0.0,255,19,0.07,0.07,0.0,1.0,1.0,0.0,1,64657.0
45,1,0,0,0,0,1,0.0,0.0,1.0,0.0,0.0,255,1,0.0,0.84,0.0,0.0,0.0,1.0,1,7489.0
13,9,8,0,0,0,1,0.0,0.0,1.0,0.0,1.0,3,3,1.0,0.0,0.0,0.0,0.0,0.0,1,33397.0
45,9,1,0,0,0,144,0.0,0.0,0.74,0.04,0.0,255,146,0.57,0.05,0.0,0.0,0.0,0.0,1,70672.0
13,9,8,0,0,0,1,0.0,0.0,1.0,0.0,1.0,1,21,1.0,0.0,0.52,0.0,0.0,0.0,1,13949.0
45,5,0,0,0,0,144,1.0,1.0,0.05,0.08,0.0,255,7,0.03,0.07,0.0,1.0,1.0,0.0,1,60153.0
45,5,0,0,0,0,157,1.0,1.0,0.06,0.06,0.0,255,9,0.04,0.06,0.0,1.0,1.0,0.0,1,115179.0
45,9,1,0,0,0,129,0.0,0.0,0.92,0.02,0.0,255,187,0.73,0.04,0.0,0.0,0.0,0.0,1,50484.0
3,5,0,0,0,0,237,1.0,1.0,0.01,0.07,0.0,255,9,0.04,0.07,0.0,1.0,1.0,0.0,1,102830.0
5,5,0,0,0,0,101,1.0,1.0,0.05,0.06,0.0,255,5,0.02,0.06,0.0,1.0,1.0,0.0,1,116803.0
19,9,334,0,0,1,2,0.0,0.0,1.0,0.0,0.0,6,38,0.67,0.33,0.16,0.0,0.0,0.0,0,12476.0
45,4,1,0,0,0,3,0.0,0.0,0.67,0.67,0.0,255,2,0.01,0.48,0.0,0.0,0.0,1.0,1,89508.0
49,9,1782,403,0,1,1,0.0,0.0,1.0,0.0,1.0,57,218,1.0,0.0,0.01,0.0,0.0,0.0,0,44348.0
49,9,1729,279,0,1,2,0.0,0.0,0.5,1.0,0.0,205,156,0.76,0.03,0.0,0.0,0.0,0.0,0,96792.0
49,9,106574,377,0,1,1,0.0,0.0,1.0,0.0,0.0,152,199,0.74,0.03,0.01,0.0,0.0,0.0,0,39142.0
25,1,0,0,0,0,229,0.0,0.0,0.01,0.07,0.0,255,3,0.01,0.08,0.0,0.0,0.0,1.0,1,1602.0
19,9,259,0,0,1,2,0.0,0.0,1.0,0.0,0.0,16,2,0.12,0.31,0.0,0.0,0.0,0.0,0,118681.0
22,9,309,1109,0,1,12,0.0,0.0,1.0,0.0,0.0,255,255,1.0,0.0,0.0,0.0,0.0,0.0,0,14161.0
38,5,0,0,0,0,104,1.0,1.0,0.14,0.06,0.0,255,1,0.0,0.07,0.0,1.0,1.0,0.0,1,38163.0
22,9,197,1134,0,1,9,0.0,0.0,1.0,0.0,0.2,50,255,1.0,0.0,0.03,0.0,0.01,0.0,0,101362.0
22,9,210,627,0,1,1,0.0,0.0,1.0,0.0,0.0,1,92,1.0,0.0,0.05,0.0,0.0,0.0,0,86293.0
11,9,46,129,0,0,204,0.0,0.0,1.0,0.0,0.0,255,251,0.98,0.01,0.0,0.0,0.0,0.0,0,102006.0
45,5,0,0,0,0,102,1.0,1.0,0.03,0.06,0.0,255,6,0.02,0.07,0.0,1.0,1.0,0.0,1,91753.0
35,5,0,0,0,0,247,1.0,1.0,0.0,0.06,0.0,255,3,0.01,0.07,0.0,1.0,1.0,0.0,1,24325.0
20,5,0,0,0,0,235,1.0,1.0,0.01,0.07,0.0,255,2,0.01,0.08,0.0,1.0,1.0,0.0,1,20894.0
45,1,0,0,0,0,289,0.0,0.0,0.06,0.06,0.0,255,34,0.13,0.06,0.0,0.0,0.0,1.0,1,125362.0
20,5,0,0,0,0,185,1.0,1.0,0.05,0.06,0.0,255,9,0.04,0.05,0.0,1.0,1.0,0.0,1,9203.0
45,1,0,0,0,0,268,0.0,0.0,0.02,0.06,0.0,255,21,0.08,0.07,0.0,0.0,0.0,1.0,1,106165.0
31,10,0,0,0,0,1,1.0,1.0,1.0,0.0,0.0,255,1,0.0,1.0,0.0,1.0,1.0,0.0,1,19893.0
11,9,44,115,0,0,1,0.0,0.0,1.0,0.0,0.75,255,235,0.92,0.01,0.0,0.0,0.0,0.0,0,27754.0
40,9,147,105,0,0,6,0.0,0.0,0.33,0.5,0.0,255,4,0.02,0.45,0.0,0.0,0.0,0.0,0,23205.0
11,9,45,134,0,0,301,0.0,0.0,1.0,0.01,0.0,255,224,0.88,0.01,0.0,0.0,0.0,0.0,0,74788.0
11,9,44,121,0,0,255,0.0,0.0,1.0,0.0,0.01,255,212,0.83,0.01,0.0,0.0,0.0,0.0,0,86977.0
9,5,0,0,0,0,132,1.0,1.0,0.08,0.05,0.0,255,3,0.01,0.05,0.0,1.0,1.0,0.0,1,65228.0
13,9,8,0,0,0,1,0.0,0.0,1.0,0.0,1.0,1,21,1.0,0.0,0.52,0.0,0.0,0.0,1,61102.0
53,5,0,0,0,0,243,1.0,1.0,0.07,0.06,0.0,255,9,0.04,0.07,0.0,1.0,1.0,0.0,1,40184.0
2,5,0,0,0,0,296,1.0,1.0,0.06,0.05,0.0,255,18,0.07,0.05,0.0,1.0,1.0,0.0,1,2430.0
22,9,356,1471,0,1,5,0.0,0.0,1.0,0.0,0.0,255,255,1.0,0.0,0.0,0.0,0.0,0.0,0,48923.0
22,9,228,1076,0,1,18,0.0,0.0,1.0,0.0,0.0,112,255,1.0,0.0,0.02,0.0,0.0,0.0,0,75282.0
22,9,321,3731,0,1,16,0.0,0.0,1.0,0.0,0.0,255,255,1.0,0.0,0.0,0.0,0.0,0.0,0,66469.0
55,9,114,8762,0,1,1,0.0,0.0,1.0,0.0,0.0,149,1,0.01,0.04,0.0,0.0,0.0,0.0,0,66161.0
49,9,1441,373,0,1,1,0.0,0.0,1.0,0.0,0.0,49,244,0.98,0.04,0.01,0.0,0.0,0.0,0,66475.0
22,9,284,64787,0,1,1,0.0,0.0,1.0,0.0,0.11,255,255,1.0,0.0,0.0,0.0,0.0,0.0,0,8102.0
11,9,43,76,0,0,165,0.0,0.0,1.0,0.0,0.01,255,228,0.89,0.01,0.0,0.0,0.0,0.0,0,10319.0
14,9,1032,0,0,0,511,0.0,0.0,1.0,0.0,0.0,255,102,0.4,0.02,0.0,0.02,0.0,0.0,1,24924.0
45,5,0,0,0,0,92,1.0,1.0,0.02,0.07,0.0,255,18,0.07,0.08,0.0,1.0,1.0,0.0,1,124305.0
45,1,0,0,0,0,158,0.0,0.0,0.08,0.08,0.0,255,13,0.05,0.08,0.0,0.0,0.0,1.0,1,51540.0
22,9,298,5519,0,1,7,0.0,0.0,1.0,0.0,0.0,255,255,1.0,0.0,0.0,0.0,0.0,0.0,0,67699.0
22,9,321,1898,0,1,4,0.0,0.0,1.0,0.0,0.0,4,255,1.0,0.0,0.1,0.0,0.0,0.0,0,105901.0
19,9,334,0,0,1,1,0.0,0.0,1.0,0.0,0.0,5,31,1.0,0.0,0.16,0.0,0.0,0.0,0,36735.0
22,9,204,7203,0,1,10,0.0,0.0,1.0,0.0,0.1,255,255,1.0,0.0,0.0,0.0,0.0,0.0,0,92689.0
22,9,54540,8314,0,1,1,0.0,0.0,1.0,0.0,1.0,144,144,1.0,0.0,0.0,0.0,0.0,0.01,0,100670.0
22,9,144,9534,0,1,1,0.0,0.0,1.0,0.0,0.0,116,255,1.0,0.0,0.01,0.0,0.0,0.0,0,4813.0
22,5,0,0,0,0,211,1.0,1.0,0.05,0.06,0.0,255,17,0.07,0.08,0.0,1.0,1.0,0.0,1,40901.0
45,1,0,0,0,0,1,0.0,0.0,1.0,0.0,0.0,45,2,0.02,1.0,1.0,0.0,0.0,1.0,1,118432.0
31,5,0,0,0,0,252,1.0,1.0,0.02,0.06,0.0,255,4,0.02,0.06,0.0,1.0,1.0,0.0,1,22172.0
22,9,210,2909,0,1,19,0.0,0.0,1.0,0.0,0.1,19,255,1.0,0.0,0.04,0.0,0.0,0.0,0,56569.0
45,5,0,0,0,0,103,1.0,1.0,0.01,0.07,0.0,255,18,0.07,0.07,0.0,1.0,1.0,0.0,1,29781.0
22,9,297,1075,0,1,7,0.0,0.0,1.0,0.0,0.0,255,246,0.96,0.01,0.0,0.0,0.0,0.0,0,37043.0
49,9,918,371,0,1,1,0.0,0.0,1.0,0.0,0.0,92,203,0.96,0.02,0.01,0.0,0.0,0.0,0,35170.0
45,1,0,0,0,0,66,0.11,0.0,0.02,1.0,0.0,255,1,0.0,0.53,0.0,0.03,0.0,1.0,1,21808.0
22,9,228,316,0,1,6,0.0,0.0,1.0,0.0,0.0,86,255,1.0,0.0,0.02,0.0,0.0,0.0,0,85445.0
45,1,0,0,0,0,415,0.06,0.0,0.0,1.0,0.0,255,1,0.0,1.0,0.0,0.09,0.0,1.0,1,58206.0
0,4,1010,6365,0,1,1,0.0,0.0,1.0,0.0,0.0,33,13,0.39,0.06,0.0,0.12,0.31,0.54,0,64507.0
49,9,250697,336,0,1,1,0.0,0.0,1.0,0.0,1.0,93,200,0.95,0.02,0.01,0.0,0.0,0.0,0,38460.0
40,1,0,0,0,0,511,0.05,0.0,0.0,1.0,0.0,255,1,0.0,1.0,0.0,0.03,0.0,1.0,1,44471.0
22,9,282,626,0,1,5,0.0,0.0,1.0,0.0,0.33,44,255,1.0,0.0,0.03,0.0,0.0,0.0,0,107646.0
3,9,10,39,0,1,2,0.0,0.0,0.5,1.0,0.0,74,11,0.03,0.05,0.18,0.0,0.0,0.0,0,9808.0
3,1,0,0,0,0,258,0.0,0.0,0.02,0.07,0.0,255,5,0.02,0.07,0.0,0.0,0.0,1.0,1,85186.0
11,9,41,127,0,0,67,0.0,0.0,1.0,0.0,0.01,255,204,0.8,0.01,0.0,0.0,0.0,0.0,0,86553.0
14,9,1032,0,0,0,511,0.0,0.0,1.0,0.0,0.0,255,10,0.04,0.18,0.0,0.0,0.0,0.0,1,50562.0
11,9,43,43,0,0,96,0.0,0.0,1.0,0.0,0.01,255,255,1.0,0.0,0.0,0.0,0.0,0.0,0,20772.0
22,9,153,1983,0,1,4,0.0,0.0,1.0,0.0,0.09,4,255,1.0,0.0,0.05,0.0,0.0,0.0,0,31604.0
45,5,0,0,0,0,86,1.0,1.0,0.03,0.07,0.0,255,18,0.07,0.08,0.0,1.0,1.0,0.0,1,53075.0
22,9,257,2616,0,1,9,0.0,0.0,1.0,0.0,0.0,61,255,1.0,0.0,0.01,0.0,0.0,0.0,0,22881.0
49,9,725,368,0,1,1,0.0,0.0,1.0,0.0,1.0,186,208,0.84,0.03,0.01,0.0,0.0,0.0,0,40512.0
11,9,43,77,0,0,50,0.0,0.0,1.0,0.0,0.02,255,254,1.0,0.01,0.0,0.0,0.0,0.0,0,105248.0
16,5,0,0,0,0,105,1.0,1.0,0.04,0.07,0.0,255,4,0.02,0.06,0.0,1.0,1.0,0.0,1,36546.0
22,9,328,1417,0,1,26,0.0,0.0,1.0,0.0,0.09,137,255,1.0,0.0,0.01,0.0,0.0,0.0,0,32952.0
22,9,342,2733,0,1,2,0.0,0.0,1.0,0.0,0.05,255,255,1.0,0.0,0.0,0.0,0.0,0.0,0,123924.0
45,5,0,0,0,0,119,1.0,1.0,0.03,0.06,0.0,255,19,0.07,0.05,0.0,1.0,1.0,0.0,1,104645.0
19,9,12,0,0,0,2,0.0,0.0,1.0,0.0,0.0,52,38,0.23,0.1,0.05,0.0,0.0,0.0,0,66433.0
40,1,0,0,0,0,511,0.08,0.0,0.0,0.95,0.0,255,1,0.0,0.91,0.0,0.08,0.0,1.0,1,104362.0
40,1,0,0,0,0,511,0.05,0.0,0.0,0.96,0.0,255,1,0.0,0.97,0.0,0.03,0.0,1.0,1,74145.0
18,5,0,0,0,0,286,1.0,1.0,0.01,0.05,0.0,255,3,0.01,0.05,0.0,1.0,1.0,0.0,1,41138.0
52,2,0,0,0,0,235,0.0,0.0,0.07,0.07,0.0,255,17,0.07,0.07,0.0,0.0,0.0,1.0,1,92750.0
15,5,0,0,0,0,139,1.0,1.0,0.1,0.06,0.0,255,14,0.05,0.06,0.0,1.0,1.0,0.0,1,86781.0
45,5,0,0,0,0,149,1.0,1.0,0.04,0.07,0.0,255,6,0.02,0.07,0.0,1.0,1.0,0.0,1,99940.0
4,5,0,0,0,0,275,1.0,1.0,0.05,0.06,0.0,255,15,0.06,0.07,0.0,1.0,1.0,0.0,1,27877.0
22,9,232,1144,0,1,8,0.0,0.0,1.0,0.0,0.0,163,255,1.0,0.0,0.02,0.0,0.0,0.0,0,84551.0
45,9,105,147,0,0,7,0.0,0.0,0.14,0.29,0.0,255,232,0.91,0.01,0.0,0.0,0.0,0.0,0,26305.0
45,9,28,0,1,0,101,0.99,0.0,0.01,0.07,0.0,255,1,0.0,1.0,0.0,0.09,0.0,0.0,1,87772.0
32,5,0,0,0,0,280,1.0,1.0,0.02,0.06,0.0,255,5,0.02,0.06,0.0,1.0,1.0,0.0,1,9171.0
13,9,8,0,0,0,1,0.0,0.0,1.0,0.0,1.0,3,255,1.0,0.0,0.25,0.0,0.0,0.0,1,93553.0
45,5,0,0,0,0,286,1.0,1.0,0.02,0.06,0.0,255,1,0.0,0.07,0.0,1.0,1.0,0.0,1,49828.0
40,9,147,105,0,0,1,0.0,0.0,1.0,0.0,0.0,255,3,0.01,0.57,0.0,0.0,0.0,0.0,0,117494.0
22,9,322,258,0,1,8,0.0,0.0,1.0,0.0,0.0,255,255,1.0,0.0,0.0,0.0,0.0,0.0,0,3274.0
49,9,1843,404,0,1,1,0.0,0.0,1.0,0.0,1.0,14,181,0.64,0.14,0.02,0.0,0.01,0.0,0,76482.0
22,9,214,2322,0,1,5,0.0,0.0,1.0,0.0,0.0,255,255,1.0,0.0,0.0,0.0,0.0,0.0,0,51587.0
36,5,0,0,0,0,276,1.0,1.0,0.01,0.06,0.0,255,3,0.01,0.06,0.0,1.0,1.0,0.0,1,12038.0
22,9,233,16118,0,1,14,0.0,0.0,1.0,0.0,0.0,255,255,1.0,0.0,0.0,0.01,0.01,0.0,0,11165.0
14,9,520,0,0,0,480,0.0,0.0,1.0,0.0,0.0,138,138,1.0,0.0,0.0,0.0,0.0,0.0,1,51716.0
13,9,8,0,0,0,1,0.0,0.0,1.0,0.0,1.0,2,110,1.0,0.0,0.5,0.0,0.0,0.0,1,82122.0
19,9,4539,0,0,1,12,0.0,0.0,1.0,0.0,0.0,37,66,0.7,0.08,0.05,0.11,0.0,0.0,0,94039.0
45,5,0,0,0,0,88,1.0,1.0,0.26,0.05,0.0,255,23,0.09,0.05,0.0,1.0,1.0,0.0,1,98452.0
11,9,45,45,0,0,190,0.0,0.0,1.0,0.0,0.0,255,255,1.0,0.0,0.0,0.0,0.0,0.0,0,22768.0
22,9,232,2042,0,1,14,0.0,0.0,1.0,0.0,0.11,255,255,1.0,0.0,0.0,0.0,0.0,0.0,0,6207.0
55,2,0,0,0,0,1,0.0,0.0,1.0,0.0,0.0,255,21,0.08,0.07,0.0,0.88,0.81,0.1,1,58886.0
59,5,0,0,0,0,142,1.0,1.0,0.15,0.05,0.0,255,22,0.09,0.05,0.0,1.0,1.0,0.0,1,71620.0
11,9,44,122,0,0,222,0.0,0.0,1.0,0.0,0.01,255,179,0.7,0.01,0.0,0.0,0.0,0.0,0,38783.0
22,9,259,1288,0,1,43,0.02,0.02,1.0,0.0,0.0,255,255,1.0,0.0,0.0,0.0,0.0,0.0,0,108275.0
59,2,0,0,0,0,137,0.0,0.0,0.13,0.06,0.0,255,18,0.07,0.05,0.0,0.0,0.0,1.0,1,46117.0
58,9,78,0,0,0,31,0.0,0.0,0.13,0.06,0.0,255,20,0.08,0.01,0.0,0.0,0.0,0.0,0,35195.0
49,9,24240,304,0,1,2,0.0,0.0,1.0,0.0,0.0,255,106,0.42,0.03,0.0,0.0,0.0,0.0,0,25002.0
38,5,0,0,0,0,195,1.0,1.0,0.1,0.06,0.0,255,20,0.08,0.07,0.0,1.0,1.0,0.0,1,36145.0
40,1,0,0,0,0,407,0.09,0.0,0.0,1.0,0.0,255,1,0.0,1.0,0.0,0.11,0.0,1.0,1,44695.0
54,3,0,0,0,0,222,0.64,0.5,0.01,0.42,0.0,255,2,0.01,0.36,0.0,0.55,0.5,0.5,1,1381.0
34,5,0,0,0,0,132,1.0,1.0,0.13,0.06,0.0,255,17,0.07,0.09,0.0,1.0,1.0,0.0,1,4269.0
22,9,144,10209,0,1,3,0.0,0.0,1.0,0.0,0.0,7,255,1.0,0.0,0.02,0.0,0.0,0.0,0,21017.0
32,1,0,0,0,0,126,0.0,0.0,0.03,0.08,0.0,255,4,0.02,0.09,0.0,0.0,0.0,1.0,1,104613.0
49,9,1103,331,0,1,1,0.0,0.0,1.0,0.0,0.0,184,95,0.52,0.03,0.0,0.0,0.0,0.0,0,6936.0
45,1,0,0,0,0,127,0.0,0.0,0.13,0.07,0.0,255,17,0.07,0.07,0.0,0.0,0.0,1.0,1,12535.0
11,9,44,129,0,0,77,0.0,0.0,1.0,0.0,0.01,255,255,1.0,0.0,0.0,0.0,0.0,0.0,0,68448.0
22,9,234,1707,0,1,9,0.0,0.0,1.0,0.0,0.0,9,255,1.0,0.0,0.04,0.0,0.0,0.0,0,445.0
11,9,43,125,0,0,228,0.0,0.0,1.0,0.0,0.01,255,185,0.73,0.01,0.0,0.0,0.0,0.0,0,101932.0
14,9,520,0,0,0,17,0.0,0.0,1.0,0.0,0.0,255,255,1.0,0.0,0.0,0.0,0.0,0.0,1,57218.0
45,5,0,0,0,0,134,1.0,1.0,0.04,0.06,0.0,255,6,0.02,0.08,0.0,1.0,1.0,0.0,1,44535.0
22,9,363,420,0,1,18,0.0,0.0,1.0,0.0,0.13,255,255,1.0,0.0,0.0,0.0,0.0,0.0,0,115814.0
49,9,878,330,0,1,1,0.0,0.0,1.0,0.0,0.0,71,161,0.66,0.06,0.02,0.0,0.01,0.0,0,30200.0
40,9,147,105,0,0,6,0.0,0.0,0.33,0.5,0.0,255,3,0.01,0.51,0.0,0.0,0.0,0.0,0,58731.0
36,5,0,0,0,0,207,1.0,1.0,0.05,0.06,0.0,255,20,0.08,0.07,0.0,1.0,1.0,0.0,1,116894.0
19,9,3888,0,0,1,19,0.0,0.0,1.0,0.0,0.0,157,55,0.32,0.02,0.04,0.0,0.0,0.0,0,30376.0
19,9,192,0,0,0,1,0.0,0.0,1.0,0.0,0.0,39,33,0.1,0.13,0.06,0.0,0.0,0.0,0,115585.0
40,9,147,105,0,0,6,0.0,0.0,0.33,0.5,0.0,255,2,0.01,0.4,0.0,0.0,0.0,0.0,0,18223.0
40,9,516,4,0,0,193,0.0,0.0,1.0,0.0,0.0,193,193,1.0,0.0,0.0,0.0,0.0,0.0,0,54170.0
3,5,0,0,0,0,114,1.0,1.0,0.12,0.06,0.0,255,14,0.05,0.06,0.0,1.0,1.0,0.0,1,62753.0
22,9,264,16215,0,1,2,0.0,0.0,1.0,0.0,0.0,2,255,1.0,0.0,0.02,0.0,0.01,0.0,0,39176.0
40,4,1,0,0,0,2,0.0,0.0,1.0,0.0,0.0,255,2,0.01,0.68,0.0,0.0,0.0,1.0,1,29897.0
45,1,0,0,0,0,275,0.03,0.0,0.0,1.0,0.0,255,1,0.0,0.97,0.0,0.04,0.0,1.0,1,122939.0
45,5,0,0,0,0,120,1.0,1.0,0.06,0.06,0.0,255,20,0.08,0.06,0.0,1.0,1.0,0.0,1,68138.0
2,5,0,0,0,0,216,1.0,1.0,0.03,0.05,0.0,255,7,0.03,0.05,0.0,1.0,1.0,0.0,1,125705.0
29,5,0,0,0,0,35,0.8,1.0,0.09,0.4,0.0,255,3,0.01,0.06,0.0,0.11,1.0,0.0,1,94184.0
11,9,46,143,0,0,302,0.0,0.0,1.0,0.0,0.0,255,251,0.98,0.01,0.0,0.0,0.0,0.0,0,43439.0
21,1,0,0,0,0,275,0.0,0.0,0.03,0.06,0.0,255,9,0.04,0.07,0.0,0.0,0.0,1.0,1,59131.0
22,9,316,937,0,1,4,0.0,0.0,1.0,0.0,0.0,56,255,1.0,0.0,0.01,0.0,0.0,0.0,0,3183.0
26,5,0,0,0,0,103,1.0,1.0,0.17,0.06,0.0,255,19,0.07,0.07,0.0,1.0,1.0,0.0,1,43505.0
22,9,217,1718,0,1,3,0.0,0.0,1.0,0.0,0.0,249,255,1.0,0.0,0.01,0.0,0.0,0.0,0,54397.0
49,9,985,332,0,1,1,0.0,0.0,1.0,0.0,1.0,158,135,0.39,0.04,0.01,0.0,0.0,0.0,0,24326.0
45,5,0,0,0,0,134,1.0,1.0,0.03,0.07,0.0,255,17,0.07,0.07,0.0,1.0,1.0,0.0,1,4416.0
45,4,0,0,0,0,65,0.0,0.0,0.03,0.54,0.0,255,2,0.01,0.15,0.0,0.0,0.0,1.0,1,95349.0
45,1,0,0,0,0,140,0.0,0.0,0.14,0.06,0.0,255,19,0.07,0.08,0.0,0.0,0.0,1.0,1,81999.0
19,5,0,0,0,0,25,0.96,1.0,0.16,0.12,0.0,255,13,0.05,0.06,0.0,1.0,1.0,0.0,1,55802.0
22,9,202,1885,0,1,26,0.0,0.0,1.0,0.0,0.0,255,255,1.0,0.0,0.0,0.0,0.0,0.0,0,49789.0
19,9,245,0,0,1,2,0.0,0.0,1.0,0.0,0.67,91,77,0.47,0.09,0.04,0.0,0.0,0.0,0,64433.0
22,9,221,2102,0,1,7,0.0,0.0,1.0,0.0,0.0,54,255,1.0,0.0,0.04,0.0,0.0,0.0,0,29930.0
45,5,0,0,0,0,123,1.0,1.0,0.18,0.05,0.0,255,22,0.09,0.07,0.0,1.0,1.0,0.0,1,49172.0
35,5,0,0,0,0,297,1.0,1.0,0.05,0.05,0.0,255,1,0.0,0.09,0.0,1.0,1.0,0.0,1,90563.0
8,5,0,0,0,0,297,1.0,1.0,0.08,0.05,0.0,255,25,0.1,0.05,0.0,1.0,1.0,0.0,1,40164.0
22,9,228,920,0,1,2,0.0,0.0,1.0,0.0,0.0,173,255,1.0,0.0,0.01,0.0,0.0,0.0,0,86452.0
37,5,0,0,0,0,128,1.0,1.0,0.03,0.07,0.0,255,4,0.02,0.06,0.0,1.0,1.0,0.0,1,53046.0
22,9,200,9248,0,1,6,0.0,0.0,1.0,0.0,0.18,255,255,1.0,0.0,0.0,0.0,0.0,0.0,0,49105.0
22,9,207,306,0,1,5,0.0,0.0,1.0,0.0,0.33,255,255,1.0,0.0,0.0,0.0,0.0,0.0,0,10099.0
49,9,1175,285,0,1,1,0.0,0.0,1.0,0.0,1.0,33,163,0.61,0.12,0.01,0.0,0.0,0.0,0,32984.0
22,9,309,1000,0,1,5,0.0,0.0,1.0,0.0,0.0,53,255,1.0,0.0,0.05,0.0,0.0,0.0,0,62367.0
22,9,232,4296,0,1,2,0.0,0.0,1.0,0.0,0.67,6,255,1.0,0.0,0.01,0.0,0.0,0.0,0,111106.0
13,9,8,0,0,0,1,0.0,0.0,1.0,0.0,1.0,1,95,1.0,0.0,0.51,0.0,0.0,0.0,1,2969.0
22,9,313,1049,0,1,8,0.0,0.0,1.0,0.0,0.22,41,255,1.0,0.0,0.02,0.0,0.0,0.0,0,39058.0
45,9,105,146,0,0,2,0.0,0.0,0.5,1.0,0.0,255,222,0.87,0.01,0.0,0.0,0.0,0.0,0,123610.0
19,5,0,0,0,0,25,1.0,1.0,0.2,0.16,0.0,255,48,0.19,0.05,0.0,1.0,1.0,0.0,1,43196.0
22,9,236,532,0,1,10,0.0,0.0,1.0,0.0,0.0,255,255,1.0,0.0,0.0,0.0,0.0,0.0,0,69188.0
17,9,9,141,0,0,2,0.0,0.0,0.5,1.0,0.0,255,11,0.04,0.03,0.0,0.0,0.0,0.0,0,13164.0
22,9,294,1600,0,1,10,0.0,0.0,1.0,0.0,0.0,255,255,1.0,0.0,0.0,0.01,0.01,0.0,0,39429.0
22,9,218,5381,0,1,6,0.0,0.0,1.0,0.0,0.29,65,255,1.0,0.0,0.03,0.0,0.0,0.0,0,101640.0
45,5,0,0,0,0,77,1.0,1.0,0.19,0.06,0.0,255,7,0.03,0.08,0.0,1.0,1.0,0.0,1,70885.0
22,9,319,392,0,1,10,0.0,0.0,1.0,0.0,0.14,255,255,1.0,0.0,0.0,0.0,0.0,0.0,0,72532.0
22,9,328,1434,0,1,15,0.0,0.0,1.0,0.0,0.1,239,255,1.0,0.0,0.01,0.0,0.0,0.0,0,90282.0
22,9,344,21164,0,1,7,0.0,0.0,1.0,0.0,0.0,18,255,1.0,0.0,0.03,0.0,0.0,0.0,0,87391.0
31,5,0,0,0,0,246,1.0,1.0,0.09,0.06,0.0,255,22,0.09,0.07,0.0,1.0,1.0,0.0,1,114488.0
22,9,259,3430,0,1,7,0.0,0.0,1.0,0.0,0.3,7,255,1.0,0.0,0.03,0.0,0.0,0.0,0,100544.0
18,9,245,773,0,1,1,0.0,0.0,1.0,0.0,0.0,111,12,0.11,0.04,0.0,0.0,0.0,0.0,0,60343.0
22,9,213,567,0,1,14,0.0,0.0,1.0,0.0,0.0,113,255,1.0,0.0,0.04,0.0,0.0,0.0,0,9458.0
37,5,0,0,0,0,116,1.0,1.0,0.01,0.08,0.0,255,1,0.0,0.06,0.0,1.0,1.0,0.0,1,55084.0
17,5,0,0,0,0,243,1.0,1.0,0.07,0.06,0.0,255,17,0.07,0.06,0.0,1.0,1.0,0.0,1,108228.0
14,9,1032,0,0,0,511,0.0,0.0,1.0,0.0,0.0,255,105,0.41,0.02,0.0,0.02,0.0,0.0,1,62641.0
13,9,8,0,0,0,1,0.0,0.0,1.0,0.0,1.0,1,81,1.0,0.0,0.51,0.0,0.0,0.0,1,97972.0
11,9,29,0,0,0,1,0.0,0.0,1.0,0.0,0.75,255,34,0.13,0.03,0.0,0.0,0.0,0.0,0,39360.0
45,1,0,0,0,0,289,0.0,0.0,0.06,0.06,0.0,255,32,0.13,0.07,0.0,0.0,0.0,1.0,1,19670.0
40,9,146,0,0,0,3,0.0,0.0,0.33,0.67,0.0,255,1,0.0,0.54,0.0,0.0,0.0,0.0,0,71903.0
22,9,319,2481,0,1,9,0.0,0.0,1.0,0.0,0.2,101,255,1.0,0.0,0.03,0.0,0.01,0.0,0,48910.0
11,9,45,137,0,0,74,0.0,0.0,1.0,0.0,0.01,255,255,1.0,0.0,0.0,0.0,0.0,0.0,0,8376.0
22,9,221,656,0,1,9,0.0,0.0,1.0,0.0,0.0,255,255,1.0,0.0,0.0,0.0,0.0,0.0,0,78415.0
40,9,145,105,0,0,1,0.0,0.0,1.0,0.0,0.0,255,1,0.0,0.6,0.0,0.0,0.0,0.0,0,77411.0
22,1,0,0,0,0,1,0.0,0.0,1.0,0.0,0.0,2,255,1.0,0.0,0.05,0.0,0.0,0.58,0,25070.0
18,9,928,2720,0,1,1,0.0,0.0,1.0,0.0,0.0,3,3,1.0,0.0,0.0,0.0,0.0,0.0,0,111319.0
12,5,0,0,0,0,213,1.0,1.0,0.08,0.06,0.0,255,15,0.06,0.07,0.0,1.0,1.0,0.0,1,120428.0
49,9,667,387,0,1,1,0.0,0.0,1.0,0.0,0.0,244,129,0.48,0.01,0.02,0.82,0.78,0.0,0,12687.0
18,9,222,767,0,1,1,0.0,0.0,1.0,0.0,0.0,1,1,1.0,0.0,0.0,0.0,0.0,0.0,0,66579.0
19,5,0,0,0,0,276,1.0,1.0,0.07,0.07,0.0,255,20,0.08,0.08,0.0,1.0,1.0,0.0,1,65922.0
49,9,554,331,0,1,1,0.0,0.0,1.0,0.0,0.0,255,190,0.75,0.03,0.0,0.0,0.0,0.0,0,40805.0
22,9,289,1792,0,1,10,0.0,0.0,1.0,0.0,0.0,234,255,1.0,0.0,0.01,0.0,0.0,0.0,0,88584.0
45,1,0,0,0,0,193,0.0,0.0,0.02,0.07,0.0,255,4,0.02,0.07,0.0,0.0,0.0,1.0,1,96516.0
19,9,14052,0,0,1,3,0.0,0.0,1.0,0.0,0.0,202,55,0.27,0.02,0.0,0.0,0.0,0.0,0,7587.0
40,9,3468,0,0,1,18,0.06,0.0,0.06,0.44,0.0,177,1,0.01,0.06,0.0,0.01,0.0,0.0,0,86989.0
11,9,45,45,0,0,152,0.0,0.0,1.0,0.0,0.02,255,198,0.78,0.01,0.0,0.0,0.0,0.0,0,45941.0
22,9,244,238,0,1,1,0.0,0.0,1.0,0.0,0.17,2,255,1.0,0.0,0.04,0.0,0.0,0.0,0,41816.0
19,9,383,0,0,0,2,0.0,0.0,1.0,0.0,0.0,40,9,0.08,0.12,0.22,0.0,0.0,0.0,0,45316.0
19,9,5929,0,0,1,15,0.0,0.0,1.0,0.0,0.0,23,21,0.91,0.09,0.0,0.0,0.0,0.0,0,91886.0
22,9,260,1228,0,1,18,0.0,0.0,1.0,0.0,0.0,255,255,1.0,0.0,0.0,0.0,0.0,0.0,0,60519.0
22,9,339,5202,0,1,4,0.0,0.0,1.0,0.0,0.0,172,255,1.0,0.0,0.02,0.0,0.0,0.0,0,38628.0
45,4,0,0,0,0,1,0.0,0.0,1.0,0.0,0.0,54,1,0.02,0.17,0.0,0.11,0.0,1.0,1,16272.0
14,9,1032,0,0,0,511,0.0,0.0,1.0,0.0,0.0,255,43,0.17,0.04,0.0,0.25,0.0,0.0,1,120752.0
19,9,383,0,0,0,3,0.0,0.0,0.67,0.67,0.0,38,120,0.82,0.08,0.02,0.0,0.0,0.0,0,83674.0
11,9,43,133,0,0,145,0.0,0.0,1.0,0.0,0.01,255,211,0.83,0.01,0.0,0.0,0.0,0.0,0,67915.0
45,5,0,0,0,0,125,1.0,1.0,0.03,0.06,0.0,140,17,0.12,0.11,0.0,1.0,1.0,0.0,1,6516.0
55,5,0,0,0,0,60,1.0,1.0,0.25,0.07,0.0,255,41,0.16,0.05,0.0,1.0,1.0,0.0,1,59259.0
11,9,43,133,0,0,193,0.0,0.0,0.99,0.01,0.0,224,191,0.85,0.01,0.0,0.0,0.0,0.0,0,27627.0
19,9,12983,0,0,0,1,0.0,0.0,1.0,0.0,0.0,68,33,0.16,0.06,0.06,0.0,0.0,0.0,0,62496.0
13,9,8,0,0,0,1,0.0,0.0,1.0,0.0,1.0,4,80,1.0,0.0,0.25,0.0,0.0,0.0,1,27142.0
22,9,160,584,0,1,1,0.0,0.0,1.0,0.0,0.1,200,255,1.0,0.0,0.01,0.01,0.01,0.0,0,1384.0
18,5,0,0,0,0,255,1.0,1.0,0.07,0.06,0.0,255,19,0.07,0.06,0.0,1.0,1.0,0.0,1,56582.0
22,9,343,192,0,1,19,0.0,0.0,1.0,0.0,0.0,101,255,1.0,0.0,0.01,0.02,0.01,0.0,0,91721.0
55,5,0,0,0,0,65,1.0,1.0,0.15,0.09,0.0,255,10,0.04,0.07,0.0,1.0,1.0,0.0,1,103814.0
22,9,344,255,0,1,19,0.0,0.0,1.0,0.0,0.0,255,255,1.0,0.0,0.0,0.0,0.0,0.0,0,109473.0
13,9,8,0,0,0,1,0.0,0.0,1.0,0.0,1.0,1,55,1.0,0.0,0.51,0.0,0.0,0.0,1,62471.0
22,9,182,15646,0,1,1,0.0,0.0,1.0,0.0,0.0,255,239,0.94,0.02,0.0,0.0,0.0,0.0,0,89867.0
14,9,1032,0,0,0,167,0.0,0.0,1.0,0.0,0.0,255,167,0.65,0.01,0.0,0.0,0.0,0.0,1,18653.0
22,9,267,1503,0,1,5,0.0,0.0,1.0,0.0,0.0,66,255,1.0,0.0,0.05,0.0,0.0,0.0,0,54849.0
49,9,2560,334,0,1,1,0.0,0.0,1.0,0.0,0.0,18,230,0.89,0.11,0.02,0.0,0.0,0.0,0,111017.0
14,9,520,0,0,0,349,0.0,0.0,1.0,0.0,0.0,255,255,1.0,0.0,0.0,0.0,0.0,0.0,1,30153.0
22,1,0,0,0,0,1,0.0,0.0,1.0,0.0,0.0,22,25,1.0,0.0,0.08,0.0,0.08,0.92,0,15455.0
14,9,1032,0,0,0,5,0.0,0.0,1.0,0.0,0.0,255,255,1.0,0.0,0.0,0.0,0.0,0.0,0,98990.0
22,9,211,1255,0,1,16,0.0,0.0,1.0,0.0,0.0,67,255,1.0,0.0,0.02,0.0,0.0,0.0,0,113291.0
22,9,194,263,0,1,15,0.0,0.0,1.0,0.0,0.25,255,255,1.0,0.0,0.0,0.0,0.0,0.0,0,110210.0
18,9,1198,3380,0,1,1,0.0,0.0,1.0,0.0,0.0,228,53,0.23,0.03,0.0,0.0,0.0,0.02,0,95319.0
62,5,0,0,0,0,222,1.0,1.0,0.07,0.07,0.0,255,16,0.06,0.06,0.0,1.0,1.0,0.0,1,79560.0
45,5,0,0,0,0,138,1.0,1.0,0.14,0.06,0.0,139,20,0.14,0.07,0.0,1.0,1.0,0.0,1,90364.0
19,9,5558,0,0,1,13,0.0,0.0,1.0,0.0,0.0,72,99,0.26,0.1,0.02,0.01,0.0,0.0,0,50805.0
11,9,44,130,0,0,213,0.0,0.0,1.0,0.0,0.0,255,255,1.0,0.0,0.0,0.0,0.0,0.0,0,107401.0
22,9,276,367,0,1,3,0.0,0.0,1.0,0.0,0.6,4,255,1.0,0.0,0.03,0.0,0.01,0.0,0,111864.0
45,5,0,0,0,0,150,1.0,1.0,0.06,0.07,0.0,255,9,0.04,0.06,0.0,1.0,1.0,0.0,1,115691.0
22,9,325,498,0,1,13,0.0,0.0,1.0,0.0,0.14,255,255,1.0,0.0,0.0,0.0,0.0,0.0,0,101657.0
11,9,44,121,0,0,271,0.0,0.0,1.0,0.0,0.01,255,228,0.89,0.01,0.0,0.0,0.0,0.0,0,95710.0
19,5,0,0,0,0,246,1.0,1.0,0.02,0.06,0.0,255,17,0.07,0.07,0.0,1.0,1.0,0.0,1,72322.0
22,9,237,25207,0,1,1,0.0,0.0,1.0,0.0,0.0,1,255,1.0,0.0,0.01,0.0,0.0,0.0,0,88670.0
45,5,0,0,0,0,122,1.0,1.0,0.01,0.07,0.0,124,1,0.01,0.07,0.0,1.0,1.0,0.0,1,47965.0
11,9,46,46,0,0,126,0.0,0.0,1.0,0.0,0.0,255,255,1.0,0.0,0.0,0.0,0.0,0.0,0,59297.0
45,4,0,0,0,0,60,0.0,0.0,0.03,0.53,0.0,230,2,0.01,0.14,0.0,0.01,0.0,1.0,1,52051.0
11,9,33,93,0,0,1,0.0,0.0,1.0,0.0,0.75,23,18,0.78,0.09,0.0,0.0,0.0,0.0,0,74455.0
22,9,305,1075,0,1,3,0.0,0.0,1.0,0.0,0.0,162,153,0.94,0.01,0.0,0.01,0.01,0.0,0,92477.0
22,9,479,9142,0,1,7,0.0,0.0,1.0,0.0,0.0,98,255,1.0,0.0,0.04,0.0,0.01,0.0,0,3914.0
40,4,1,0,0,0,2,0.0,0.0,1.0,0.0,0.0,255,2,0.01,0.74,0.0,0.0,0.0,1.0,1,58838.0
40,1,0,0,0,0,511,0.14,0.0,0.0,1.0,0.0,255,1,0.0,1.0,0.0,0.18,0.0,1.0,1,18290.0
45,5,0,0,0,0,103,1.0,1.0,0.03,0.07,0.0,255,14,0.05,0.08,0.0,1.0,1.0,0.0,1,94818.0
5,5,0,0,0,0,146,1.0,1.0,0.13,0.05,0.0,255,19,0.07,0.06,0.0,1.0,1.0,0.0,1,88606.0
49,9,898,331,0,1,1,0.0,0.0,1.0,0.0,0.0,105,142,0.6,0.03,0.01,0.0,0.0,0.0,0,124180.0
2,1,0,0,0,0,287,0.0,0.0,0.06,0.06,0.0,255,16,0.06,0.07,0.0,0.0,0.0,1.0,1,15763.0
22,9,344,1775,0,1,15,0.0,0.0,1.0,0.0,0.12,44,255,1.0,0.0,0.11,0.0,0.0,0.83,0,107539.0
11,9,44,118,0,0,6,0.0,0.0,1.0,0.0,0.0,255,254,1.0,0.01,0.0,0.0,0.0,0.0,0,16211.0
3,5,0,0,0,0,287,1.0,1.0,0.03,0.06,0.0,255,11,0.04,0.06,0.0,1.0,1.0,0.0,1,30925.0
22,9,2426,2686,0,1,13,0.0,0.0,1.0,0.0,0.0,73,255,1.0,0.0,0.04,0.0,0.0,0.0,0,5211.0
22,9,300,934,0,1,7,0.0,0.0,1.0,0.0,0.0,7,237,1.0,0.0,0.05,0.0,0.0,0.0,0,79974.0
22,9,252,12774,0,1,2,0.0,0.0,1.0,0.0,0.0,9,255,1.0,0.0,0.05,0.0,0.0,0.01,0,48055.0
19,9,334,0,0,1,1,0.0,0.0,1.0,0.0,0.0,7,19,1.0,0.0,0.11,0.0,0.0,0.0,0,58443.0
18,9,1253,2453,0,1,1,0.0,0.0,1.0,0.0,0.0,255,87,0.34,0.02,0.0,0.0,0.0,0.0,0,63374.0
22,1,0,0,0,0,1,0.0,0.0,1.0,0.0,1.0,60,255,1.0,0.0,0.16,0.0,0.01,0.99,0,4554.0
22,9,264,506,0,1,31,0.0,0.0,1.0,0.0,0.08,255,255,1.0,0.0,0.0,0.0,0.0,0.0,0,75650.0
45,5,0,0,0,0,119,1.0,1.0,0.17,0.05,0.0,255,14,0.05,0.07,0.0,1.0,1.0,0.0,1,113164.0
49,9,1716,481,0,1,1,0.0,0.0,1.0,0.0,0.0,171,213,0.82,0.02,0.01,0.0,0.0,0.0,0,59954.0
11,9,44,44,0,0,205,0.0,0.0,1.0,0.0,0.0,255,255,1.0,0.0,0.0,0.0,0.0,0.0,0,4427.0
14,9,1480,0,1,0,8,0.0,0.0,1.0,0.0,0.0,255,9,0.04,0.08,0.0,0.58,0.0,0.0,0,38825.0
53,5,0,0,0,0,115,1.0,1.0,0.05,0.06,0.0,255,3,0.01,0.08,0.0,1.0,1.0,0.0,1,115974.0
22,9,291,178,0,1,10,0.0,0.0,1.0,0.0,0.0,10,255,1.0,0.0,0.04,0.0,0.0,0.0,0,105211.0
22,1,0,0,0,0,246,0.0,0.0,0.03,0.07,0.0,255,7,0.03,0.08,0.0,0.0,0.0,1.0,1,85158.0
19,9,5319,0,0,0,18,0.0,0.0,1.0,0.0,0.0,147,58,0.34,0.03,0.03,0.0,0.0,0.0,0,64426.0
25,5,0,0,0,0,297,1.0,1.0,0.04,0.05,0.0,255,1,0.0,0.07,0.0,1.0,1.0,0.0,1,82210.0
30,5,0,0,0,0,137,1.0,1.0,0.06,0.06,0.0,255,19,0.07,0.07,0.0,1.0,1.0,0.0,1,91563.0
2,5,0,0,0,0,205,1.0,1.0,0.0,0.06,0.0,255,1,0.0,0.07,0.0,1.0,1.0,0.0,1,45425.0
11,9,45,136,0,0,67,0.0,0.0,1.0,0.0,0.01,255,238,0.93,0.02,0.0,0.0,0.0,0.0,0,15677.0
49,9,10554,922,0,1,1,0.0,0.0,1.0,0.0,0.0,255,5,0.02,0.01,0.0,0.0,0.0,0.0,0,3094.0
22,9,298,580,0,1,1,0.0,0.0,1.0,0.0,0.0,76,255,1.0,0.0,0.03,0.0,0.0,0.0,0,65653.0
13,9,8,0,0,0,1,0.0,0.0,1.0,0.0,1.0,1,63,1.0,0.0,0.51,0.0,0.0,0.0,1,58757.0
38,5,0,0,0,0,145,1.0,1.0,0.05,0.06,0.0,255,7,0.03,0.06,0.0,1.0,1.0,0.0,1,28312.0
22,1,0,0,0,0,1,0.0,0.0,1.0,0.0,0.0,30,255,1.0,0.0,0.13,0.0,0.0,0.65,0,17086.0
45,5,0,0,0,0,139,1.0,1.0,0.08,0.06,0.0,85,11,0.13,0.09,0.0,1.0,1.0,0.0,1,5111.0
22,9,323,6186,0,1,9,0.0,0.0,1.0,0.0,0.2,208,255,1.0,0.0,0.03,0.0,0.0,0.0,0,4607.0
45,5,0,0,0,0,155,1.0,1.0,0.02,0.06,0.0,255,18,0.07,0.07,0.0,1.0,1.0,0.0,1,59059.0
22,5,0,0,0,0,2,0.5,0.06,1.0,0.0,0.11,10,255,1.0,0.0,0.04,0.1,0.01,0.0,0,82157.0
22,9,233,2698,0,1,2,0.0,0.0,1.0,0.0,0.0,255,231,0.91,0.01,0.0,0.0,0.0,0.0,0,66818.0
22,9,54540,8314,0,1,1,0.0,0.0,1.0,0.0,0.0,232,232,1.0,0.0,0.0,0.0,0.0,0.02,0,37926.0
22,9,290,16199,0,1,3,0.0,0.0,1.0,0.0,0.0,67,255,1.0,0.0,0.03,0.0,0.0,0.0,0,32025.0
34,5,0,0,0,0,249,1.0,1.0,0.04,0.06,0.0,255,4,0.02,0.07,0.0,1.0,1.0,0.0,1,51318.0
19,9,7422,0,0,0,18,0.0,0.0,1.0,0.0,0.0,52,84,0.46,0.04,0.02,0.0,0.0,0.0,0,46225.0
45,1,0,0,0,0,2,0.0,0.0,0.5,1.0,0.0,255,1,0.0,0.25,0.0,0.0,0.0,1.0,1,78752.0
45,5,0,0,0,0,105,1.0,1.0,0.07,0.06,0.0,255,8,0.03,0.08,0.0,1.0,1.0,0.0,1,4460.0
9,2,0,0,0,0,2,0.0,0.0,0.5,1.0,0.0,255,1,0.0,1.0,0.0,0.0,0.0,1.0,1,39067.0
17,5,0,0,0,0,32,1.0,1.0,0.41,0.06,0.0,255,13,0.05,0.07,0.0,1.0,1.0,0.0,1,50814.0
13,9,30,0,0,0,1,0.0,0.0,1.0,0.0,0.0,22,128,1.0,0.0,0.42,0.0,0.0,0.0,1,119920.0
49,9,1101,331,0,1,1,0.0,0.0,1.0,0.0,0.0,200,149,0.57,0.04,0.01,0.0,0.0,0.0,0,22804.0
22,9,291,6217,0,1,9,0.0,0.0,1.0,0.0,0.06,63,255,1.0,0.0,0.04,0.0,0.0,0.0,0,85960.0
13,9,8,0,0,0,1,0.0,0.0,1.0,0.0,1.0,1,145,1.0,0.0,0.5,0.0,0.0,0.0,1,109143.0
12,5,0,0,0,0,243,1.0,1.0,0.02,0.06,0.0,255,5,0.02,0.07,0.0,1.0,1.0,0.0,1,26634.0
22,9,319,1338,0,1,8,0.0,0.0,1.0,0.0,0.0,83,255,1.0,0.0,0.04,0.0,0.0,0.0,0,22615.0
45,1,0,0,0,0,184,0.0,0.0,0.08,0.07,0.0,255,15,0.06,0.08,0.0,0.0,0.0,1.0,1,9959.0
45,9,28,0,3,0,77,0.0,0.0,1.0,0.0,0.0,255,177,0.69,0.31,0.0,0.09,0.0,0.0,1,34867.0
25,5,0,0,0,0,232,1.0,1.0,0.1,0.05,0.0,255,23,0.09,0.06,0.0,1.0,1.0,0.0,1,20846.0
58,9,78,0,0,0,39,0.0,0.0,0.23,0.05,0.0,255,27,0.11,0.01,0.0,0.0,0.0,0.0,0,40193.0
7,5,0,0,0,0,295,1.0,1.0,0.04,0.05,0.0,255,14,0.05,0.08,0.0,1.0,1.0,0.0,1,29703.0
45,5,0,0,0,0,180,1.0,1.0,0.11,0.07,0.0,255,20,0.08,0.06,0.0,1.0,1.0,0.0,1,125863.0
45,1,0,0,0,0,149,0.0,0.0,0.05,0.06,0.0,255,8,0.03,0.05,0.0,0.0,0.0,1.0,1,32822.0
40,9,147,105,0,0,6,0.0,0.0,0.33,0.5,0.0,127,3,0.02,0.55,0.0,0.0,0.0,0.0,0,4725.0
22,9,301,480,0,1,19,0.0,0.0,1.0,0.0,0.0,255,255,1.0,0.0,0.0,0.0,0.0,0.0,0,14541.0
22,1,0,0,0,0,1,0.0,0.0,1.0,0.0,1.0,9,255,1.0,0.0,0.14,0.0,0.0,0.92,0,84953.0
45,5,0,0,0,0,110,1.0,1.0,0.18,0.06,0.0,112,20,0.18,0.07,0.0,1.0,1.0,0.0,1,20589.0
45,1,0,0,0,0,70,0.0,0.0,0.03,0.07,0.0,255,2,0.01,0.06,0.0,0.0,0.0,1.0,1,67589.0
19,9,3468,0,0,0,24,0.0,0.0,1.0,0.0,0.0,253,76,0.3,0.02,0.0,0.0,0.0,0.0,0,49023.0
2,5,0,0,0,0,269,1.0,1.0,0.06,0.06,0.0,255,16,0.06,0.07,0.0,1.0,1.0,0.0,1,75215.0
45,9,1,0,0,0,22,0.0,0.0,0.32,0.14,0.0,255,14,0.05,0.82,0.0,0.03,0.0,0.0,1,119418.0
37,5,0,0,0,0,132,1.0,1.0,0.03,0.06,0.0,255,4,0.02,0.07,0.0,1.0,1.0,0.0,1,82314.0
55,5,0,0,0,0,5,1.0,1.0,1.0,0.0,0.0,127,67,0.53,0.02,0.0,0.98,0.97,0.0,1,28067.0
22,9,214,310,0,1,4,0.0,0.0,1.0,0.0,0.0,12,255,1.0,0.0,0.03,0.0,0.0,0.0,0,45496.0
45,5,0,0,0,0,205,1.0,1.0,0.0,0.08,0.0,255,6,0.02,0.07,0.0,1.0,1.0,0.0,1,74246.0
15,5,0,0,0,0,133,1.0,1.0,0.14,0.05,0.0,255,18,0.07,0.06,0.0,1.0,1.0,0.0,1,70115.0
22,9,335,967,0,1,10,0.0,0.0,1.0,0.0,0.18,29,255,1.0,0.0,0.03,0.0,0.0,0.42,0,59349.0
22,9,350,1577,0,1,1,0.0,0.0,1.0,0.0,0.0,255,255,1.0,0.0,0.0,0.0,0.0,0.0,0,40421.0
22,9,215,2123,0,1,3,0.0,0.0,1.0,0.0,0.0,3,255,1.0,0.0,0.01,0.0,0.0,0.01,0,102019.0
35,5,0,0,0,0,298,1.0,1.0,0.05,0.05,0.0,255,9,0.04,0.07,0.0,1.0,1.0,0.0,1,47576.0
50,5,0,0,0,0,272,1.0,1.0,0.01,0.06,0.0,255,3,0.01,0.08,0.0,1.0,1.0,0.0,1,25372.0
8,5,0,0,0,0,251,1.0,1.0,0.03,0.06,0.0,255,19,0.07,0.06,0.0,1.0,1.0,0.0,1,95896.0
22,9,218,2536,0,1,20,0.0,0.0,1.0,0.0,0.08,255,255,1.0,0.0,0.0,0.0,0.0,0.0,0,63610.0
22,9,54540,8314,0,1,2,0.0,0.0,1.0,0.0,0.0,154,154,1.0,0.0,0.0,0.0,0.0,0.01,0,65192.0
22,1,0,0,0,0,2,0.0,0.0,1.0,0.0,0.0,2,255,1.0,0.0,0.11,0.0,0.0,0.53,0,3809.0
11,9,44,70,0,0,299,0.0,0.0,1.0,0.01,0.0,255,254,1.0,0.01,0.0,0.0,0.0,0.0,0,109200.0
19,9,2982,0,0,0,1,0.0,0.0,1.0,0.0,0.0,136,37,0.27,0.04,0.0,0.0,0.0,0.0,0,39286.0
45,5,0,0,0,0,208,1.0,1.0,0.02,0.05,0.0,68,5,0.07,0.12,0.0,0.97,1.0,0.0,1,92458.0
29,1,0,0,0,0,237,0.0,0.0,0.02,0.07,0.0,255,5,0.02,0.08,0.0,0.0,0.0,1.0,1,9856.0
62,5,0,0,0,0,216,1.0,1.0,0.06,0.06,0.0,255,12,0.05,0.08,0.0,1.0,1.0,0.0,1,29064.0
45,4,0,0,0,0,1,0.0,0.0,1.0,0.0,0.0,196,1,0.01,0.17,0.0,0.0,0.0,1.0,1,91612.0
45,9,1,0,0,0,8,0.0,0.0,0.38,0.38,0.0,255,3,0.01,0.75,0.0,0.03,0.0,0.0,1,79092.0
40,9,146,105,0,0,1,0.0,0.0,1.0,0.0,0.0,255,1,0.0,0.69,0.0,0.0,0.0,0.0,0,118564.0
24,5,0,0,0,0,147,1.0,1.0,0.13,0.06,0.0,255,3,0.01,0.08,0.0,1.0,1.0,0.0,1,34408.0
18,9,226,767,0,1,1,0.0,0.0,1.0,0.0,0.0,73,21,0.29,0.04,0.0,0.0,0.0,0.0,0,90308.0
11,9,42,42,0,0,4,0.0,0.0,1.0,0.0,0.33,125,121,0.97,0.02,0.0,0.0,0.0,0.0,0,79696.0
22,9,237,602,0,1,48,0.0,0.0,1.0,0.0,0.0,255,255,1.0,0.0,0.0,0.0,0.0,0.0,0,3065.0
45,1,0,0,0,0,257,0.0,0.0,0.04,0.06,0.0,255,10,0.04,0.08,0.0,0.0,0.0,1.0,1,114752.0
55,5,0,0,0,0,51,1.0,1.0,0.18,0.08,0.0,255,69,0.27,0.02,0.0,1.0,1.0,0.0,1,116511.0
14,9,1032,0,0,0,510,0.0,0.0,1.0,0.0,0.0,255,218,0.85,0.02,0.0,0.0,0.0,0.0,1,108516.0
18,9,695,2077,0,1,1,0.0,0.0,1.0,0.0,0.0,16,4,0.25,0.25,0.0,0.0,0.0,0.0,0,102479.0
20,5,0,0,0,0,258,1.0,1.0,0.02,0.06,0.0,255,15,0.06,0.09,0.0,1.0,1.0,0.0,1,26621.0
45,5,0,0,0,0,214,1.0,1.0,0.03,0.07,0.0,255,5,0.02,0.08,0.0,1.0,1.0,0.0,1,38818.0
45,9,1,0,0,0,14,0.0,0.0,0.07,0.5,0.0,255,1,0.0,0.82,0.0,0.1,0.0,0.0,1,48580.0
10,5,0,0,0,0,282,1.0,1.0,0.04,0.06,0.0,255,5,0.02,0.09,0.0,1.0,1.0,0.0,1,84378.0
50,1,0,0,0,0,87,0.0,0.0,0.21,0.06,0.0,255,7,0.03,0.07,0.0,0.0,0.0,1.0,1,22371.0
14,9,1032,0,0,0,511,0.0,0.0,1.0,0.0,0.0,255,29,0.11,0.05,0.0,0.31,0.0,0.0,1,24490.0
34,5,0,0,0,0,287,1.0,1.0,0.06,0.06,0.0,255,16,0.06,0.07,0.0,1.0,1.0,0.0,1,98654.0
14,9,1032,0,0,0,298,0.0,0.0,1.0,0.0,0.0,255,255,1.0,0.0,0.0,0.0,0.0,0.0,1,48444.0
45,5,0,0,0,0,112,1.0,1.0,0.01,0.07,0.0,220,1,0.0,0.07,0.0,1.0,1.0,0.0,1,77237.0
49,9,1715,328,0,1,1,0.0,0.0,1.0,0.0,0.0,124,66,0.53,0.03,0.0,0.0,0.0,0.0,0,51034.0
17,5,0,0,0,0,217,1.0,1.0,0.04,0.06,0.0,255,9,0.04,0.07,0.0,1.0,1.0,0.0,1,85967.0
18,9,1265,2451,0,1,1,0.0,0.0,1.0,0.0,0.0,195,23,0.12,0.03,0.0,0.01,0.0,0.0,0,104300.0
19,9,319,0,0,1,2,0.0,0.0,1.0,0.0,0.0,58,54,0.1,0.1,0.04,0.0,0.0,0.0,0,6935.0
49,9,784,327,0,1,1,0.0,0.0,1.0,0.0,0.0,162,161,0.56,0.02,0.01,0.0,0.0,0.05,0,52910.0
45,5,0,0,0,0,209,1.0,1.0,0.02,0.06,0.0,255,6,0.02,0.08,0.0,1.0,1.0,0.0,1,88639.0
40,9,516,4,0,0,486,0.0,0.0,1.0,0.0,0.0,255,255,1.0,0.0,0.0,0.0,0.0,0.0,0,107591.0
49,9,2005,358,0,1,1,0.0,0.0,1.0,0.0,0.0,171,147,0.44,0.02,0.01,0.01,0.0,0.0,0,48534.0
18,9,321,1054,0,1,3,0.0,0.0,0.33,1.0,1.0,255,2,0.01,0.01,0.0,0.0,0.0,0.0,0,40820.0
22,9,328,337,0,1,1,0.0,0.0,1.0,0.0,0.0,255,255,1.0,0.0,0.0,0.0,0.0,0.0,0,30888.0
45,5,0,0,0,0,242,1.0,1.0,0.01,0.05,0.0,46,2,0.04,0.11,0.0,0.96,1.0,0.0,1,43049.0
22,9,289,340,0,1,2,0.0,0.0,1.0,0.0,0.0,2,2,1.0,0.0,0.0,0.0,0.0,0.0,0,112912.0
7,5,0,0,0,0,212,1.0,1.0,0.09,0.07,0.0,255,20,0.08,0.07,0.0,1.0,1.0,0.0,1,122562.0
45,1,0,0,0,0,196,0.0,0.0,0.01,0.08,0.0,255,2,0.01,0.09,0.0,0.0,0.0,1.0,1,19738.0
46,5,0,0,0,0,145,1.0,1.0,0.1,0.05,0.0,255,14,0.05,0.06,0.0,1.0,1.0,0.0,1,74582.0
13,9,8,0,0,0,1,0.0,0.0,1.0,0.0,1.0,1,75,1.0,0.0,0.51,0.0,0.0,0.0,1,99225.0
16,5,0,0,0,0,123,1.0,1.0,0.01,0.07,0.0,255,1,0.0,0.07,0.0,1.0,1.0,0.0,1,3123.0
11,9,45,136,0,0,29,0.0,0.0,1.0,0.0,0.03,255,255,1.0,0.0,0.0,0.0,0.0,0.0,0,113478.0
47,1,0,0,0,0,1,0.0,0.0,1.0,0.0,0.0,255,1,0.0,1.0,0.0,0.0,0.0,1.0,1,105314.0
23,5,0,0,0,0,104,1.0,1.0,0.02,0.07,0.0,255,13,0.05,0.06,0.0,1.0,1.0,0.0,1,36006.0
22,9,201,767,0,1,15,0.0,0.0,1.0,0.0,0.0,255,255,1.0,0.0,0.0,0.0,0.0,0.0,0,60248.0
56,5,0,0,0,0,242,1.0,1.0,0.08,0.06,0.0,255,2,0.01,0.08,0.0,1.0,1.0,0.0,1,116167.0
45,1,0,0,0,0,160,0.01,0.0,0.01,1.0,0.0,255,1,0.0,0.65,0.0,0.0,0.0,1.0,1,111728.0
45,9,1,0,0,0,2,0.0,0.0,1.0,0.0,0.0,255,2,0.01,0.21,0.0,0.0,0.0,0.0,1,19849.0
45,5,0,0,0,0,233,1.0,1.0,0.09,0.06,0.0,255,13,0.05,0.07,0.0,1.0,1.0,0.0,1,42506.0
45,5,0,0,0,0,259,1.0,1.0,0.02,0.06,0.0,255,7,0.03,0.08,0.0,1.0,1.0,0.0,1,14847.0
9,2,0,0,0,0,274,0.0,0.0,0.05,0.06,0.0,255,13,0.05,0.07,0.0,0.0,0.0,1.0,1,31759.0
22,9,325,753,0,1,7,0.0,0.0,1.0,0.0,0.33,255,255,1.0,0.0,0.0,0.0,0.0,0.0,0,610.0
22,9,182,7321,0,1,3,0.0,0.0,1.0,0.0,0.4,109,255,1.0,0.0,0.03,0.0,0.0,0.01,0,91408.0
22,8,215,176,0,1,17,0.06,0.09,1.0,0.0,0.22,255,255,1.0,0.0,0.0,0.0,0.0,0.0,0,27225.0
14,9,1032,0,0,0,511,0.0,0.0,1.0,0.0,0.0,255,131,0.51,0.02,0.0,0.01,0.0,0.0,1,56555.0
45,5,0,0,0,0,278,1.0,1.0,0.02,0.06,0.0,255,16,0.06,0.08,0.0,1.0,1.0,0.0,1,34480.0
19,6,105120,0,0,1,1,1.0,1.0,1.0,0.0,0.0,38,71,0.45,0.13,0.03,0.05,0.06,0.0,0,115118.0
14,9,1032,0,0,0,511,0.0,0.0,1.0,0.0,0.0,255,204,0.8,0.02,0.0,0.0,0.0,0.0,1,74543.0
4,5,0,0,0,0,235,1.0,1.0,0.05,0.06,0.0,255,9,0.04,0.08,0.0,1.0,1.0,0.0,1,99086.0
24,5,0,0,0,0,245,1.0,1.0,0.09,0.05,0.0,255,21,0.08,0.05,0.0,1.0,1.0,0.0,1,90606.0
22,9,180,1745,0,1,2,0.0,0.0,1.0,0.0,0.0,255,255,1.0,0.0,0.0,0.0,0.0,0.0,0,12691.0
37,5,0,0,0,0,130,1.0,1.0,0.15,0.06,0.0,255,19,0.07,0.06,0.0,1.0,1.0,0.0,1,124786.0
17,5,0,0,0,0,44,1.0,1.0,0.32,0.09,0.0,255,74,0.29,0.02,0.0,1.0,1.0,0.0,1,82570.0
11,9,44,128,0,0,39,0.0,0.0,1.0,0.0,0.02,255,210,0.82,0.02,0.0,0.0,0.0,0.0,0,15292.0
19,9,252,0,0,1,2,0.0,0.0,1.0,0.0,0.0,76,97,0.43,0.07,0.02,0.0,0.0,0.0,0,107328.0
45,5,0,0,0,0,109,1.0,1.0,0.06,0.06,0.0,255,9,0.04,0.05,0.0,1.0,1.0,0.0,1,91331.0
45,5,0,0,0,0,119,1.0,1.0,0.05,0.06,0.0,255,20,0.08,0.07,0.0,1.0,1.0,0.0,1,13787.0
45,4,0,0,0,0,1,0.0,0.0,1.0,0.0,0.0,190,1,0.01,0.14,0.0,0.0,0.0,1.0,1,75511.0
11,9,42,42,0,0,13,0.0,0.0,1.0,0.0,0.15,90,89,0.99,0.02,0.0,0.0,0.0,0.0,0,18182.0
22,9,242,1637,0,1,16,0.0,0.0,1.0,0.0,0.0,255,255,1.0,0.0,0.0,0.0,0.0,0.0,0,64542.0
22,9,220,2112,0,1,5,0.0,0.0,1.0,0.0,0.0,5,255,1.0,0.0,0.06,0.0,0.0,0.0,0,91314.0
45,1,0,0,0,0,2,0.0,0.0,0.5,1.0,0.0,255,1,0.0,0.56,0.0,0.01,0.0,1.0,1,101314.0
49,9,727,284,0,1,1,0.0,0.0,1.0,0.0,0.0,197,121,0.4,0.04,0.02,0.0,0.0,0.0,0,74841.0
31,5,0,0,0,0,256,1.0,1.0,0.06,0.05,0.0,255,23,0.09,0.06,0.0,1.0,1.0,0.0,1,77425.0
55,5,0,0,0,0,36,0.97,1.0,0.42,0.08,0.0,255,14,0.05,0.06,0.0,1.0,1.0,0.0,1,50863.0
22,9,302,455,0,1,7,0.0,0.0,1.0,0.0,0.0,255,255,1.0,0.0,0.0,0.0,0.0,0.0,0,104085.0
11,9,44,126,0,0,70,0.0,0.0,1.0,0.0,0.01,255,233,0.91,0.01,0.0,0.0,0.0,0.0,0,77808.0
13,9,8,0,0,0,1,0.0,0.0,1.0,0.0,1.0,1,17,1.0,0.0,0.53,0.0,0.0,0.0,1,73429.0
7,1,0,0,0,0,125,0.0,0.0,0.01,0.07,0.0,255,1,0.0,0.07,0.0,0.0,0.0,1.0,1,11489.0
30,5,0,0,0,0,24,1.0,1.0,0.33,0.12,0.0,255,8,0.03,0.07,0.0,1.0,1.0,0.0,1,99929.0
19,9,276,0,0,1,2,0.0,0.0,1.0,0.0,0.0,127,17,0.08,0.05,0.12,0.01,0.0,0.0,0,20862.0
13,9,8,0,0,0,1,0.0,0.0,1.0,0.0,1.0,1,81,1.0,0.0,0.51,0.0,0.0,0.0,1,65339.0
22,9,54540,8314,0,1,4,0.0,0.0,1.0,0.0,0.0,73,73,1.0,0.0,0.0,0.0,0.0,0.19,0,49118.0
45,5,0,0,0,0,103,1.0,1.0,0.03,0.07,0.0,255,14,0.05,0.06,0.0,1.0,1.0,0.0,1,66915.0
55,5,0,0,0,0,75,0.99,1.0,0.24,0.07,0.0,255,40,0.16,0.05,0.0,1.0,1.0,0.0,1,118761.0
22,9,300,1451,0,1,5,0.0,0.0,1.0,0.0,0.0,68,255,1.0,0.0,0.03,0.01,0.0,0.0,0,54390.0
22,9,336,2431,0,1,1,0.0,0.0,1.0,0.0,0.0,113,255,1.0,0.0,0.01,0.0,0.0,0.0,0,85332.0
11,9,42,42,0,0,11,0.0,0.0,1.0,0.0,0.0,255,239,0.94,0.01,0.0,0.0,0.0,0.0,0,18003.0
2,5,0,0,0,0,277,1.0,1.0,0.07,0.05,0.0,255,19,0.07,0.05,0.0,1.0,1.0,0.0,1,125654.0
13,9,8,0,0,0,1,0.0,0.0,1.0,0.0,1.0,2,218,1.0,0.0,0.25,0.0,0.0,0.0,1,61412.0
9,5,0,0,0,0,151,1.0,1.0,0.01,0.07,0.0,255,1,0.0,0.06,0.0,1.0,1.0,0.0,1,57400.0
18,9,1491,4152,0,1,1,0.0,0.0,1.0,0.0,0.0,255,51,0.2,0.03,0.0,0.0,0.0,0.0,0,3611.0
6,5,0,0,0,0,226,1.0,1.0,0.08,0.07,0.0,255,19,0.07,0.08,0.0,1.0,1.0,0.0,1,62892.0
45,1,0,0,0,0,150,0.01,0.0,0.01,1.0,0.0,255,1,0.0,0.62,0.0,0.0,0.0,1.0,1,17875.0
55,5,0,0,0,0,29,1.0,1.0,0.21,0.14,0.0,191,48,0.25,0.02,0.0,0.99,0.96,0.0,1,6345.0
45,5,0,0,0,0,120,1.0,1.0,0.03,0.06,0.0,255,2,0.01,0.07,0.0,1.0,1.0,0.0,1,57959.0
56,5,0,0,0,0,253,1.0,1.0,0.08,0.06,0.0,255,19,0.07,0.07,0.0,1.0,1.0,0.0,1,99911.0
6,5,0,0,0,0,149,1.0,1.0,0.17,0.04,0.0,255,25,0.1,0.05,0.0,1.0,1.0,0.0,1,125497.0
45,5,0,0,0,0,118,1.0,1.0,0.1,0.06,0.0,255,30,0.12,0.06,0.0,1.0,1.0,0.0,1,55231.0
17,9,8,313,0,0,1,0.0,0.0,1.0,0.0,0.0,51,20,0.06,0.04,0.1,0.0,0.85,0.0,0,24059.0
55,6,2895,14208,0,1,1,1.0,1.0,1.0,0.0,0.0,21,2,0.1,0.1,0.0,0.05,0.5,0.0,0,31774.0
49,9,2044,397,0,1,1,0.0,0.0,1.0,0.0,0.0,103,215,0.85,0.04,0.01,0.0,0.0,0.0,0,69525.0
22,9,215,1713,0,1,13,0.0,0.0,1.0,0.0,0.14,255,255,1.0,0.0,0.0,0.0,0.0,0.0,0,6137.0
22,9,229,6109,0,1,3,0.0,0.0,1.0,0.0,0.2,20,255,1.0,0.0,0.03,0.0,0.0,0.0,0,27707.0
22,9,186,4841,0,1,3,0.0,0.0,1.0,0.0,0.25,231,255,1.0,0.0,0.03,0.0,0.0,0.0,0,82747.0
22,9,318,1629,0,1,11,0.0,0.0,1.0,0.0,0.17,29,255,1.0,0.0,0.04,0.0,0.01,0.0,0,74768.0
36,1,0,0,0,0,258,0.0,0.0,0.05,0.07,0.0,255,13,0.05,0.08,0.0,0.0,0.0,1.0,1,80414.0
60,5,0,0,0,0,136,1.0,1.0,0.04,0.08,0.0,255,6,0.02,0.07,0.0,1.0,1.0,0.0,1,40109.0
14,9,1032,0,0,0,511,0.0,0.0,1.0,0.0,0.0,255,202,0.79,0.02,0.0,0.0,0.0,0.0,1,4543.0
14,9,1032,0,0,0,511,0.0,0.0,1.0,0.0,0.0,255,190,0.75,0.03,0.0,0.0,0.0,0.0,1,82422.0
22,9,222,619,0,1,9,0.0,0.0,1.0,0.0,0.32,193,255,1.0,0.0,0.02,0.0,0.0,0.0,0,99323.0
40,9,147,105,0,0,1,0.0,0.0,1.0,0.0,0.0,255,1,0.0,0.86,0.0,0.0,0.0,0.0,0,83198.0
22,9,54540,8314,0,1,3,0.0,0.0,1.0,0.0,0.0,50,50,1.0,0.0,0.0,0.0,0.0,0.02,0,58306.0
19,9,10272,0,0,1,1,0.0,0.0,1.0,0.0,0.0,206,83,0.4,0.03,0.0,0.0,0.0,0.0,0,44508.0
22,9,149,1367,0,1,3,0.0,0.0,1.0,0.0,0.57,3,255,1.0,0.0,0.04,0.0,0.0,0.0,0,66029.0
22,9,224,6325,0,1,3,0.0,0.0,1.0,0.0,0.6,15,255,1.0,0.0,0.05,0.0,0.0,0.0,0,88658.0
11,9,43,43,0,0,118,0.0,0.0,1.0,0.0,0.01,255,255,1.0,0.0,0.0,0.0,0.0,0.0,0,35021.0
31,5,0,0,0,0,194,1.0,1.0,0.04,0.08,0.0,255,7,0.03,0.08,0.0,1.0,1.0,0.0,1,40309.0
45,10,0,0,0,0,1,1.0,1.0,1.0,0.0,0.0,246,1,0.0,0.96,0.0,0.97,1.0,0.0,1,64132.0
14,9,1032,0,0,0,511,0.0,0.0,1.0,0.0,0.0,255,202,0.79,0.01,0.0,0.0,0.0,0.0,1,56965.0
45,9,1,0,0,0,3,0.0,0.0,1.0,0.0,0.0,255,208,0.82,0.03,0.0,0.0,0.0,0.0,0,43300.0
49,9,3862,333,0,1,1,0.0,0.0,1.0,0.0,0.0,194,164,0.78,0.02,0.01,0.0,0.0,0.0,0,60794.0
17,5,0,0,0,0,32,1.0,1.0,0.34,0.12,0.0,255,71,0.28,0.02,0.0,1.0,1.0,0.0,1,87571.0
12,5,0,0,0,0,255,1.0,1.0,0.08,0.05,0.0,255,20,0.08,0.05,0.0,1.0,1.0,0.0,1,55569.0
27,5,0,0,0,0,110,1.0,1.0,0.09,0.06,0.0,255,10,0.04,0.07,0.0,1.0,1.0,0.0,1,42179.0
45,1,0,0,0,0,31,0.0,0.0,0.03,0.58,0.0,255,1,0.0,0.08,0.0,0.0,0.0,1.0,1,63655.0
29,5,0,0,0,0,176,1.0,1.0,0.06,0.07,0.0,255,11,0.04,0.07,0.0,1.0,1.0,0.0,1,124844.0
13,9,8,0,0,0,1,0.0,0.0,1.0,0.0,1.0,2,255,1.0,0.0,0.5,0.0,0.0,0.0,1,24151.0
11,9,45,134,0,0,232,0.0,0.0,1.0,0.0,0.01,255,253,0.99,0.01,0.0,0.0,0.0,0.0,0,50924.0
40,9,146,105,0,0,4,0.0,0.0,0.5,0.5,0.0,255,2,0.01,0.85,0.0,0.0,0.0,0.0,0,13681.0
19,9,8173,0,0,0,15,0.0,0.0,1.0,0.0,0.0,105,51,0.49,0.05,0.0,0.0,0.0,0.0,0,74521.0
22,9,205,4399,0,1,3,0.0,0.0,1.0,0.0,0.4,3,255,1.0,0.0,0.04,0.0,0.0,0.0,0,115362.0
45,5,0,0,0,0,132,1.0,1.0,0.01,0.06,0.0,255,13,0.05,0.06,0.0,1.0,1.0,0.0,1,69443.0
11,9,44,129,0,0,48,0.0,0.0,1.0,0.0,0.02,255,255,1.0,0.0,0.0,0.0,0.0,0.0,0,115056.0
51,9,0,15,0,1,1,0.0,0.0,1.0,0.0,0.0,3,1,0.33,1.0,0.0,0.0,0.0,0.0,1,4205.0
8,2,0,0,0,0,253,0.0,0.0,0.01,0.07,0.0,255,3,0.01,0.08,0.0,0.0,0.0,1.0,1,48281.0
2,1,0,0,0,0,125,0.0,0.0,0.12,0.06,0.0,255,15,0.06,0.07,0.0,0.0,0.0,1.0,1,57597.0
45,5,0,0,0,0,254,1.0,1.0,0.07,0.06,0.0,255,2,0.01,0.07,0.0,1.0,1.0,0.0,1,48057.0
20,5,0,0,0,0,40,1.0,1.0,0.22,0.12,0.0,255,9,0.04,0.08,0.0,1.0,1.0,0.0,1,93048.0
19,9,334,0,0,1,2,0.0,0.0,1.0,0.0,0.0,2,16,1.0,0.0,0.19,0.0,0.0,0.0,0,85782.0
19,9,245,0,0,1,2,0.0,0.0,1.0,0.0,0.0,48,8,0.04,0.12,0.25,0.02,0.0,0.0,0,71550.0
11,9,43,132,0,0,113,0.0,0.0,1.0,0.0,0.01,255,255,1.0,0.0,0.0,0.0,0.0,0.0,0,88419.0
11,9,32,0,0,0,1,0.0,0.0,1.0,0.0,1.0,219,9,0.04,0.06,0.22,0.02,0.0,0.0,0,58506.0
22,9,211,1986,0,1,13,0.0,0.0,1.0,0.0,0.12,46,255,1.0,0.0,0.06,0.0,0.0,0.0,0,50893.0
45,5,0,0,0,0,112,1.0,1.0,0.04,0.07,0.0,255,9,0.04,0.07,0.0,1.0,1.0,0.0,1,32044.0
22,9,211,595,0,1,5,0.0,0.0,1.0,0.0,0.43,255,255,1.0,0.0,0.0,0.0,0.0,0.0,0,123532.0
45,5,0,0,0,0,195,1.0,1.0,0.02,0.07,0.0,255,4,0.02,0.07,0.0,1.0,1.0,0.0,1,75724.0
22,9,295,2446,0,1,8,0.0,0.0,1.0,0.0,0.0,255,255,1.0,0.0,0.0,0.0,0.0,0.0,0,52254.0
22,9,323,273,0,1,5,0.0,0.0,1.0,0.0,0.0,255,252,0.99,0.01,0.0,0.0,0.0,0.0,0,25737.0
49,9,855,386,0,1,1,0.0,0.0,1.0,0.0,0.0,255,80,0.31,0.05,0.0,0.33,0.0,0.0,0,67666.0
11,9,44,44,0,0,151,0.0,0.0,1.0,0.0,0.0,255,249,0.98,0.01,0.0,0.0,0.0,0.0,0,90348.0
22,5,0,0,0,0,247,1.0,1.0,0.08,0.06,0.0,255,20,0.08,0.07,0.0,1.0,1.0,0.0,1,42474.0
45,5,0,0,0,0,274,1.0,1.0,0.01,0.05,0.0,255,3,0.01,0.06,0.0,1.0,1.0,0.0,1,125621.0
45,9,1,0,0,0,45,0.0,0.0,0.44,0.09,0.0,255,65,0.25,0.27,0.0,0.05,0.0,0.0,1,14891.0
11,9,46,133,0,0,81,0.0,0.0,1.0,0.0,0.01,255,255,1.0,0.0,0.0,0.0,0.0,0.0,0,51415.0
22,9,352,397,0,1,3,0.0,0.0,1.0,0.0,0.0,255,255,1.0,0.0,0.0,0.0,0.0,0.0,0,80846.0
22,9,193,758,0,1,1,0.0,0.0,1.0,0.0,0.2,18,255,1.0,0.0,0.02,0.0,0.0,0.0,0,74599.0
22,9,233,13807,0,1,20,0.0,0.0,1.0,0.0,0.12,255,255,1.0,0.0,0.0,0.0,0.0,0.0,0,22104.0
22,1,0,0,0,0,1,0.0,0.0,1.0,0.0,0.0,55,154,1.0,0.0,0.19,0.0,0.0,1.0,0,23805.0
45,5,0,0,0,0,143,1.0,1.0,0.02,0.06,0.0,255,2,0.01,0.07,0.0,1.0,1.0,0.0,1,90032.0
13,9,8,0,0,0,1,0.0,0.0,1.0,0.0,1.0,1,80,1.0,0.0,0.26,0.0,0.0,0.0,1,15303.0
22,9,265,299,0,1,1,0.0,0.0,1.0,0.0,0.0,1,255,1.0,0.0,0.03,0.0,0.0,0.0,0,48062.0
3,5,0,0,0,0,208,1.0,1.0,0.01,0.06,0.0,255,3,0.01,0.06,0.0,1.0,1.0,0.0,1,51467.0
0,4,164,1288,0,1,1,0.0,0.0,1.0,0.0,0.0,47,21,0.45,0.04,0.0,0.11,0.24,0.67,0,37349.0
22,9,299,13833,0,1,9,0.0,0.0,1.0,0.0,0.0,9,255,1.0,0.0,0.04,0.0,0.0,0.0,0,35714.0
49,9,3248,328,0,1,1,0.0,0.0,1.0,0.0,0.0,107,137,0.82,0.04,0.01,0.0,0.0,0.0,0,2531.0
49,9,1177,328,0,1,1,0.0,0.0,1.0,0.0,0.0,23,209,0.96,0.09,0.01,0.0,0.0,0.0,0,29427.0
45,5,0,0,0,0,112,1.0,1.0,0.08,0.07,0.0,255,2,0.01,0.07,0.0,1.0,1.0,0.0,1,3126.0
22,4,54540,8314,0,1,2,0.0,0.0,1.0,0.0,0.0,255,255,1.0,0.0,0.0,0.0,0.0,0.02,0,120763.0
22,9,228,7897,0,1,12,0.0,0.0,1.0,0.0,0.0,12,255,1.0,0.0,0.04,0.0,0.0,0.0,0,98940.0
45,5,0,0,0,0,139,1.0,1.0,0.01,0.07,0.0,255,20,0.08,0.07,0.0,1.0,1.0,0.0,1,88736.0
22,9,229,5103,0,1,7,0.0,0.0,1.0,0.0,0.25,95,255,1.0,0.0,0.02,0.0,0.0,0.0,0,14177.0
22,9,226,11573,0,1,28,0.0,0.0,1.0,0.0,0.0,157,255,1.0,0.0,0.03,0.0,0.0,0.0,0,40949.0
11,9,44,129,0,0,73,0.0,0.0,1.0,0.0,0.01,255,254,1.0,0.01,0.0,0.0,0.0,0.0,0,102901.0
34,5,0,0,0,0,82,1.0,1.0,0.02,0.06,0.0,255,11,0.04,0.07,0.0,1.0,1.0,0.0,1,38202.0
45,4,0,0,0,0,1,0.0,0.0,1.0,0.0,0.0,244,1,0.0,0.6,0.0,0.0,0.0,1.0,1,122423.0
45,5,0,0,0,0,130,1.0,1.0,0.03,0.06,0.0,255,16,0.06,0.07,0.0,1.0,1.0,0.0,1,115128.0
22,9,217,778,0,1,10,0.0,0.0,1.0,0.0,0.0,65,255,1.0,0.0,0.02,0.0,0.0,0.0,0,99618.0
30,5,0,0,0,0,132,1.0,1.0,0.16,0.05,0.0,255,21,0.08,0.05,0.0,1.0,1.0,0.0,1,121178.0
52,5,0,0,0,0,257,1.0,1.0,0.04,0.06,0.0,255,16,0.06,0.06,0.0,1.0,1.0,0.0,1,47633.0
5,5,0,0,0,0,117,1.0,1.0,0.16,0.08,0.0,255,19,0.07,0.07,0.0,1.0,1.0,0.0,1,19836.0
11,9,44,126,0,0,316,0.0,0.0,1.0,0.01,0.0,255,251,0.98,0.01,0.0,0.0,0.0,0.0,0,93112.0
22,9,335,951,0,1,4,0.0,0.0,1.0,0.0,0.0,19,255,1.0,0.0,0.07,0.0,0.0,0.05,0,22358.0
11,9,43,43,0,0,118,0.0,0.0,0.99,0.02,0.0,255,254,1.0,0.01,0.0,0.0,0.0,0.0,0,76562.0
11,9,30,0,0,0,1,0.0,0.0,1.0,0.0,1.0,51,5,0.1,0.1,0.0,0.0,0.0,0.0,0,32940.0
26,5,0,0,0,0,137,1.0,1.0,0.18,0.05,0.0,255,24,0.09,0.05,0.0,1.0,1.0,0.0,1,121707.0
18,2,0,0,0,0,233,0.0,0.0,0.01,0.06,0.0,255,2,0.01,0.07,0.0,0.0,0.0,1.0,1,93283.0
22,9,214,383,0,1,8,0.12,0.12,1.0,0.0,0.0,33,255,1.0,0.0,0.04,0.03,0.01,0.01,0,70409.0
21,5,0,0,0,0,293,1.0,1.0,0.02,0.05,0.0,255,7,0.03,0.05,0.0,1.0,1.0,0.0,1,80854.0
45,9,28,0,3,0,11,0.0,0.0,1.0,0.0,0.0,83,11,0.13,0.05,0.0,0.0,0.0,0.0,1,23430.0
11,9,42,132,0,0,17,0.0,0.0,1.0,0.0,0.02,255,254,1.0,0.01,0.0,0.0,0.0,0.0,0,50995.0
22,9,335,8275,0,1,5,0.0,0.0,1.0,0.0,0.0,41,255,1.0,0.0,0.04,0.02,0.0,0.0,0,14077.0
13,9,8,0,0,0,1,0.0,0.0,1.0,0.0,1.0,1,137,1.0,0.0,0.5,0.0,0.0,0.0,1,16518.0
17,5,0,0,0,0,56,1.0,1.0,0.25,0.07,0.0,255,56,0.22,0.02,0.0,1.0,1.0,0.0,1,100311.0
28,5,0,0,0,0,144,1.0,1.0,0.03,0.06,0.0,255,7,0.03,0.06,0.0,1.0,1.0,0.0,1,82395.0
33,5,0,0,0,0,194,1.0,1.0,0.02,0.07,0.0,255,3,0.01,0.07,0.0,1.0,1.0,0.0,1,107729.0
40,9,516,4,0,0,482,0.0,0.0,1.0,0.0,0.0,255,255,1.0,0.0,0.0,0.0,0.0,0.0,0,45945.0
22,9,212,350,0,1,15,0.0,0.0,1.0,0.0,0.0,127,255,1.0,0.0,0.02,0.0,0.0,0.0,0,81036.0
22,9,233,7578,0,1,1,0.0,0.0,1.0,0.0,0.25,37,255,1.0,0.0,0.02,0.0,0.01,0.0,0,39385.0
7,1,0,0,0,0,202,0.0,0.0,0.0,0.07,0.0,255,1,0.0,0.07,0.0,0.0,0.0,1.0,1,113331.0
22,1,0,0,0,0,1,0.0,0.0,1.0,0.0,1.0,1,255,1.0,0.0,0.14,0.0,0.0,0.42,0,97574.0
22,9,346,392,0,1,13,0.0,0.0,1.0,0.0,0.0,255,255,1.0,0.0,0.0,0.0,0.0,0.0,0,99195.0
45,5,0,0,0,0,144,1.0,1.0,0.14,0.06,0.0,255,19,0.07,0.06,0.0,1.0,1.0,0.0,1,58607.0
11,9,66,46,0,0,121,0.0,0.0,1.0,0.0,0.0,255,166,0.65,0.01,0.0,0.0,0.0,0.0,0,61940.0
45,5,0,0,0,0,296,1.0,1.0,0.02,0.05,0.0,255,2,0.01,0.06,0.0,1.0,1.0,0.0,1,31666.0
22,9,186,520,0,1,14,0.0,0.0,1.0,0.0,0.0,36,255,1.0,0.0,0.04,0.0,0.0,0.0,0,82773.0
49,2,0,0,0,0,1,0.0,0.0,1.0,0.0,0.0,157,222,0.87,0.03,0.01,0.0,0.0,0.04,0,84210.0
22,9,282,426,0,1,3,0.0,0.0,1.0,0.0,0.0,22,245,1.0,0.0,0.28,0.0,0.0,0.92,0,29258.0
32,5,0,0,0,0,237,1.0,1.0,0.08,0.06,0.0,255,20,0.08,0.07,0.0,1.0,1.0,0.0,1,53048.0
19,9,334,0,0,1,1,0.0,0.0,1.0,0.0,0.0,1,27,1.0,0.0,0.22,0.0,0.04,0.0,0,35029.0
22,9,313,1480,0,1,2,0.0,0.0,1.0,0.0,0.0,86,255,1.0,0.0,0.03,0.02,0.01,0.0,0,53433.0
22,9,208,1660,0,1,10,0.0,0.0,1.0,0.0,0.0,24,255,1.0,0.0,0.02,0.0,0.0,0.0,0,81426.0
22,9,224,1680,0,1,7,0.0,0.0,1.0,0.0,0.25,255,255,1.0,0.0,0.0,0.0,0.0,0.0,0,46191.0
62,5,0,0,0,0,206,1.0,1.0,0.02,0.06,0.0,255,20,0.08,0.08,0.0,1.0,1.0,0.0,1,107987.0
56,9,0,4,0,0,1,0.0,0.0,1.0,0.0,0.0,12,12,1.0,0.0,0.0,0.0,0.0,0.08,0,17138.0
22,9,217,940,0,1,10,0.0,0.0,1.0,0.0,0.21,255,255,1.0,0.0,0.0,0.0,0.0,0.0,0,107710.0
45,5,0,0,0,0,267,1.0,1.0,0.04,0.06,0.0,255,5,0.02,0.07,0.0,1.0,1.0,0.0,1,25580.0
45,5,0,0,0,0,203,1.0,1.0,0.09,0.06,0.0,255,18,0.07,0.05,0.0,1.0,1.0,0.0,1,71738.0
15,5,0,0,0,0,145,1.0,1.0,0.1,0.06,0.0,255,8,0.03,0.07,0.0,1.0,1.0,0.0,1,123785.0
22,9,234,3609,0,1,7,0.0,0.0,1.0,0.0,0.06,132,255,1.0,0.0,0.03,0.0,0.0,0.0,0,45592.0
22,9,214,5773,0,1,14,0.0,0.0,1.0,0.0,0.12,14,255,1.0,0.0,0.01,0.0,0.0,0.06,0,7126.0
45,9,28,0,3,0,45,0.0,0.0,1.0,0.0,0.0,117,45,0.38,0.03,0.0,0.0,0.0,0.0,1,5041.0
21,1,0,0,0,0,246,0.0,0.0,0.0,0.07,0.0,255,1,0.0,0.09,0.0,0.0,0.0,1.0,1,54904.0
22,9,266,2321,0,1,1,0.0,0.0,1.0,0.0,0.31,193,255,1.0,0.0,0.02,0.0,0.0,0.0,0,91898.0
13,9,8,0,0,0,1,0.0,0.0,1.0,0.0,1.0,1,117,1.0,0.0,0.26,0.0,0.0,0.0,1,34618.0
22,9,223,2708,0,1,6,0.0,0.0,1.0,0.0,0.4,159,255,1.0,0.0,0.01,0.01,0.01,0.0,0,70739.0
22,1,0,0,0,0,1,0.0,0.0,1.0,0.0,0.0,6,224,1.0,0.0,0.04,0.0,0.0,0.71,0,64439.0
22,9,143,9578,0,1,1,0.0,0.0,1.0,0.0,0.0,5,255,1.0,0.0,0.07,0.0,0.0,0.0,0,121773.0
49,9,1220,331,0,1,1,0.0,0.0,1.0,0.0,0.0,122,57,0.47,0.04,0.0,0.0,0.0,0.0,0,106372.0
22,9,247,4922,0,1,2,0.0,0.0,1.0,0.0,0.0,18,255,1.0,0.0,0.02,0.0,0.0,0.0,0,111879.0
61,5,0,0,0,0,244,1.0,1.0,0.02,0.05,0.0,48,5,0.1,0.1,0.0,0.96,1.0,0.0,1,61516.0
5,5,0,0,0,0,117,1.0,1.0,0.05,0.06,0.0,255,6,0.02,0.05,0.0,1.0,1.0,0.0,1,11778.0
54,1,0,0,0,0,254,0.0,0.0,0.04,0.07,0.0,255,9,0.04,0.08,0.0,0.0,0.0,1.0,1,88083.0
25,5,0,0,0,0,249,1.0,1.0,0.05,0.06,0.0,255,12,0.05,0.06,0.0,1.0,1.0,0.0,1,78270.0
22,9,225,1481,0,1,1,0.0,0.0,1.0,0.0,0.0,104,255,1.0,0.0,0.03,0.0,0.0,0.0,0,34541.0
22,9,310,507,0,1,10,0.0,0.0,1.0,0.0,0.0,70,255,1.0,0.0,0.04,0.0,0.0,0.0,0,81378.0
22,9,226,1645,0,1,5,0.0,0.0,1.0,0.0,0.0,79,255,1.0,0.0,0.03,0.0,0.0,0.0,0,71163.0
45,5,0,0,0,0,32,1.0,1.0,0.28,0.09,0.0,255,9,0.04,0.07,0.0,1.0,1.0,0.0,1,45060.0
45,5,0,0,0,0,143,1.0,1.0,0.01,0.06,0.0,255,5,0.02,0.06,0.0,1.0,1.0,0.0,1,41578.0
22,9,181,128,0,1,1,0.0,0.0,1.0,0.0,0.0,54,255,1.0,0.0,0.04,0.0,0.0,0.0,0,10736.0
45,5,0,0,0,0,115,1.0,1.0,0.13,0.05,0.0,255,18,0.07,0.07,0.0,1.0,1.0,0.0,1,90182.0
4,5,0,0,0,0,276,1.0,1.0,0.07,0.06,0.0,255,19,0.07,0.07,0.0,1.0,1.0,0.0,1,112436.0
45,1,0,0,0,0,318,0.03,0.0,0.0,1.0,0.0,255,1,0.0,1.0,0.0,0.04,0.0,1.0,1,67138.0
22,9,206,4006,0,1,19,0.0,0.0,1.0,0.0,0.0,255,255,1.0,0.0,0.0,0.0,0.0,0.0,0,11434.0
11,9,42,42,0,0,5,0.0,0.0,1.0,0.0,0.22,255,241,0.95,0.01,0.0,0.0,0.0,0.0,0,59963.0
22,9,237,396,0,1,6,0.0,0.0,1.0,0.0,0.0,255,255,1.0,0.0,0.0,0.0,0.0,0.0,0,11897.0
45,9,1,0,0,0,17,0.0,0.0,0.06,0.47,0.0,255,1,0.0,0.74,0.0,0.03,0.0,0.0,1,87526.0
45,5,0,0,0,0,159,1.0,1.0,0.09,0.08,0.0,255,14,0.05,0.07,0.0,1.0,1.0,0.0,1,68018.0
45,1,0,0,0,0,346,0.0,0.0,0.0,0.52,0.0,255,1,0.0,0.52,0.0,0.0,0.0,1.0,1,19757.0
22,9,296,495,0,1,20,0.0,0.0,1.0,0.0,0.1,255,255,1.0,0.0,0.0,0.0,0.0,0.0,0,1881.0
22,9,243,482,0,1,17,0.0,0.0,1.0,0.0,0.18,255,255,1.0,0.0,0.0,0.0,0.0,0.0,0,117518.0
22,9,307,272,0,1,9,0.0,0.0,1.0,0.0,0.27,36,255,1.0,0.0,0.02,0.0,0.0,0.0,0,124591.0
49,9,1463,331,0,1,1,0.0,0.0,1.0,0.0,0.0,111,169,0.78,0.05,0.01,0.0,0.0,0.0,0,78818.0
22,9,312,11995,0,1,3,0.0,0.0,1.0,0.0,0.5,24,255,1.0,0.0,0.04,0.0,0.0,0.0,0,58515.0
45,9,1,0,0,0,65,0.0,0.0,0.29,0.06,0.0,255,19,0.07,0.23,0.0,0.0,0.0,0.0,1,45158.0
59,5,0,0,0,0,104,1.0,1.0,0.04,0.07,0.0,255,9,0.04,0.05,0.0,1.0,1.0,0.0,1,26548.0
6,5,0,0,0,0,254,1.0,1.0,0.1,0.06,0.0,255,25,0.1,0.06,0.0,1.0,1.0,0.0,1,8732.0
6,5,0,0,0,0,115,1.0,1.0,0.05,0.06,0.0,255,1,0.0,0.08,0.0,1.0,1.0,0.0,1,23702.0
18,9,240,772,0,1,1,0.0,0.0,1.0,0.0,0.0,110,31,0.28,0.05,0.0,0.0,0.0,0.03,0,85896.0
45,4,0,0,0,0,1,0.0,0.0,1.0,0.0,0.0,53,1,0.02,0.15,0.0,0.11,0.0,1.0,1,842.0
22,1,0,0,0,0,1,0.0,0.0,1.0,0.0,1.0,50,251,1.0,0.0,0.16,0.0,0.0,1.0,0,1715.0
49,5,0,0,0,0,2,0.5,0.5,1.0,0.0,0.0,153,119,0.5,0.04,0.02,0.01,0.01,0.0,0,22242.0
21,5,0,0,0,0,232,1.0,1.0,0.01,0.06,0.0,255,2,0.01,0.07,0.0,1.0,1.0,0.0,1,111666.0
24,5,0,0,0,0,209,1.0,1.0,0.05,0.06,0.0,255,18,0.07,0.08,0.0,1.0,1.0,0.0,1,53199.0
24,1,0,0,0,0,248,0.0,0.0,0.04,0.07,0.0,255,11,0.04,0.07,0.0,0.0,0.0,1.0,1,119828.0
10,2,7,28,0,1,510,0.08,0.0,0.0,1.0,0.0,255,1,0.0,1.0,0.0,0.13,0.0,1.0,1,27486.0
40,9,146,105,0,0,2,0.0,0.0,0.5,1.0,0.0,255,2,0.01,0.51,0.0,0.0,0.0,0.0,0,44436.0
11,9,44,130,0,0,2,0.0,0.0,1.0,0.0,0.02,255,249,0.98,0.01,0.0,0.0,0.0,0.0,0,113370.0
19,5,0,0,0,0,139,1.0,1.0,0.15,0.04,0.0,255,18,0.07,0.05,0.0,1.0,1.0,0.0,1,21654.0
18,9,1224,2449,0,1,1,0.0,0.0,1.0,0.0,0.0,108,6,0.06,0.06,0.0,0.02,0.0,0.0,0,51297.0
19,9,7045,0,0,1,2,0.0,0.0,1.0,0.0,0.0,2,39,1.0,0.0,0.13,0.0,0.0,0.0,0,114641.0
19,9,641,0,0,1,1,0.0,0.0,1.0,0.0,0.0,165,79,0.48,0.04,0.0,0.0,0.0,0.0,0,60388.0
45,5,0,0,0,0,87,1.0,1.0,0.18,0.06,0.0,255,3,0.01,0.07,0.0,1.0,1.0,0.0,1,24077.0
36,5,0,0,0,0,259,1.0,1.0,0.0,0.06,0.0,255,12,0.05,0.07,0.0,1.0,1.0,0.0,1,98707.0
49,9,1207,310,0,1,1,0.0,0.0,1.0,0.0,0.0,89,74,0.15,0.8,0.04,0.0,0.0,0.0,0,36937.0
11,9,43,125,0,0,36,0.0,0.0,1.0,0.0,0.02,255,238,0.93,0.01,0.0,0.0,0.0,0.0,0,18772.0
45,5,0,0,0,0,255,1.0,1.0,0.01,0.06,0.0,255,5,0.02,0.06,0.0,1.0,1.0,0.0,1,46253.0
22,9,201,767,0,1,2,0.0,0.0,1.0,0.0,0.0,1,255,1.0,0.0,0.04,0.0,0.0,0.0,0,33909.0
25,5,0,0,0,0,255,1.0,1.0,0.02,0.05,0.0,255,6,0.02,0.07,0.0,1.0,1.0,0.0,1,17497.0
38,5,0,0,0,0,130,1.0,1.0,0.02,0.08,0.0,255,3,0.01,0.07,0.0,1.0,1.0,0.0,1,25891.0
45,5,0,0,0,0,171,1.0,1.0,0.01,0.06,0.0,17,1,0.06,0.24,0.0,0.18,1.0,0.0,1,88407.0
45,1,0,0,0,0,187,0.0,0.0,0.04,0.06,0.0,255,7,0.03,0.08,0.0,0.0,0.0,1.0,1,100598.0
13,9,8,0,0,0,1,0.0,0.0,1.0,0.0,1.0,1,63,1.0,0.0,0.51,0.0,0.0,0.0,1,87044.0
22,1,0,0,0,0,1,0.0,0.0,1.0,0.0,1.0,1,87,1.0,0.0,0.21,0.0,0.0,1.0,0,97970.0
22,9,3836,4026,0,1,3,0.0,0.0,1.0,0.0,0.0,26,255,1.0,0.0,0.07,0.0,0.01,0.0,0,27379.0
13,9,8,0,0,0,1,0.0,0.0,1.0,0.0,1.0,2,28,1.0,0.0,0.5,0.0,0.0,0.0,1,106205.0
22,9,233,6671,0,1,9,0.0,0.0,1.0,0.0,0.18,11,255,1.0,0.0,0.02,0.0,0.0,0.0,0,93982.0
40,9,146,0,0,0,1,0.0,0.0,1.0,0.0,0.0,44,1,0.02,0.7,0.0,0.0,0.0,0.0,0,85766.0
22,9,190,3303,0,1,3,0.0,0.0,1.0,0.0,0.0,3,231,1.0,0.0,0.03,0.0,0.0,0.0,0,62016.0
8,5,0,0,0,0,276,1.0,1.0,0.06,0.05,0.0,255,16,0.06,0.05,0.0,1.0,1.0,0.0,1,14853.0
45,5,0,0,0,0,239,1.0,1.0,0.03,0.05,0.0,100,8,0.08,0.1,0.0,0.86,1.0,0.0,1,6545.0
45,1,0,0,0,0,511,0.12,0.0,0.0,1.0,0.0,255,1,0.0,1.0,0.0,0.16,0.0,1.0,1,36811.0
49,9,893,330,0,1,1,0.0,0.0,1.0,0.0,0.0,22,21,0.95,0.09,0.0,0.0,0.0,0.0,0,89203.0
11,9,45,134,0,0,90,0.0,0.0,0.99,0.02,0.01,255,254,1.0,0.01,0.0,0.0,0.0,0.0,0,63265.0
22,9,229,942,0,1,6,0.0,0.0,1.0,0.0,0.0,16,255,1.0,0.0,0.02,0.0,0.0,0.0,0,41285.0
19,9,567,0,0,1,1,0.0,0.0,1.0,0.0,0.0,224,15,0.07,0.09,0.0,0.01,0.07,0.0,0,113181.0
22,9,223,4864,0,1,3,0.0,0.0,1.0,0.0,0.0,40,255,1.0,0.0,0.04,0.0,0.0,0.0,0,101167.0
45,1,0,0,0,0,103,0.0,0.0,0.01,0.08,0.0,178,1,0.01,0.07,0.0,0.0,0.0,1.0,1,38324.0
45,5,0,0,0,0,93,1.0,1.0,0.03,0.08,0.0,255,18,0.07,0.05,0.0,1.0,1.0,0.0,1,8380.0
45,9,28,0,3,0,97,0.0,0.0,1.0,0.0,0.0,169,97,0.57,0.02,0.0,0.0,0.0,0.0,1,97919.0
22,9,153,19525,0,1,1,0.0,0.0,1.0,0.0,0.0,2,6,1.0,0.0,0.33,0.5,0.17,0.0,0,82006.0
45,1,0,0,0,0,2,0.0,0.0,0.5,1.0,0.0,255,1,0.0,0.83,0.0,0.0,0.0,1.0,1,113554.0
22,9,296,581,0,1,15,0.0,0.0,1.0,0.0,0.1,45,255,1.0,0.0,0.01,0.0,0.0,0.01,0,62487.0
40,9,113,0,0,0,17,0.0,0.0,0.94,0.12,0.0,255,16,0.06,0.56,0.0,0.0,0.0,0.0,0,113355.0
17,5,0,0,0,0,207,1.0,1.0,0.03,0.06,0.0,255,17,0.07,0.07,0.0,1.0,1.0,0.0,1,63056.0
45,1,0,0,0,0,117,0.0,0.0,0.03,0.08,0.0,255,3,0.01,0.06,0.0,0.0,0.0,1.0,1,102021.0
45,5,0,0,0,0,278,1.0,1.0,0.06,0.06,0.0,255,18,0.07,0.05,0.0,1.0,1.0,0.0,1,3709.0
11,9,46,86,0,0,247,0.0,0.0,1.0,0.01,0.01,255,254,1.0,0.01,0.0,0.0,0.0,0.0,0,23951.0
13,9,18,0,0,0,1,0.0,0.0,1.0,0.0,0.0,4,152,1.0,0.0,0.25,0.0,0.0,0.0,1,22368.0
22,9,251,338,0,1,3,0.0,0.0,1.0,0.0,0.4,16,255,1.0,0.0,0.04,0.06,0.01,0.0,0,102499.0
17,2,0,0,0,0,262,0.0,0.0,0.06,0.06,0.0,255,17,0.07,0.07,0.0,0.0,0.0,1.0,1,39856.0
8,5,0,0,0,0,234,1.0,1.0,0.07,0.06,0.0,255,17,0.07,0.07,0.0,1.0,1.0,0.0,1,72295.0
55,2,126,179,0,0,2,0.0,0.0,1.0,0.0,0.0,21,21,1.0,0.0,0.0,0.05,0.05,0.95,0,6636.0
45,5,0,0,0,0,254,1.0,1.0,0.02,0.06,0.0,255,4,0.02,0.07,0.0,1.0,1.0,0.0,1,31520.0
45,9,28,0,3,0,78,0.01,0.0,0.99,0.03,0.0,255,77,0.3,0.01,0.0,0.0,0.0,0.0,1,121332.0
17,5,0,0,0,0,230,1.0,1.0,0.01,0.06,0.0,255,3,0.01,0.06,0.0,1.0,1.0,0.0,1,32949.0
45,5,0,0,0,0,11,1.0,1.0,0.73,0.27,0.0,255,8,0.03,0.07,0.0,1.0,1.0,0.0,1,56050.0
22,9,179,2943,0,1,9,0.0,0.0,1.0,0.0,0.11,255,255,1.0,0.0,0.0,0.0,0.0,0.0,0,106117.0
40,9,145,105,0,0,2,0.0,0.0,1.0,0.0,0.0,255,2,0.01,0.68,0.0,0.0,0.0,0.0,0,13216.0
13,9,8,0,0,0,1,0.0,0.0,1.0,0.0,1.0,1,149,1.0,0.0,0.26,0.0,0.0,0.0,1,71017.0
22,9,348,13532,0,1,6,0.0,0.0,1.0,0.0,0.25,215,255,1.0,0.0,0.01,0.0,0.0,0.0,0,114982.0
20,5,0,0,0,0,213,1.0,1.0,0.01,0.08,0.0,255,3,0.01,0.08,0.0,1.0,1.0,0.0,1,109055.0
49,9,2815,331,0,1,2,0.0,0.0,0.5,1.0,0.0,255,61,0.24,0.35,0.0,0.0,0.0,0.0,0,94829.0
60,5,0,0,0,0,265,1.0,1.0,0.07,0.06,0.0,255,19,0.07,0.06,0.0,1.0,1.0,0.0,1,58995.0
61,5,0,0,0,0,284,1.0,1.0,0.03,0.06,0.0,255,8,0.03,0.06,0.0,1.0,1.0,0.0,1,56054.0
19,5,0,0,0,0,39,1.0,1.0,0.23,0.1,0.0,121,61,0.24,0.03,0.03,0.98,0.48,0.0,1,125358.0
49,9,1022,333,0,1,1,0.0,0.0,1.0,0.0,1.0,255,178,0.7,0.03,0.0,0.0,0.0,0.0,0,63946.0
22,9,295,1560,0,1,20,0.0,0.0,1.0,0.0,0.0,192,255,1.0,0.0,0.02,0.0,0.0,0.0,0,78229.0
13,9,8,0,0,0,1,0.0,0.0,1.0,0.0,1.0,1,35,1.0,0.0,0.51,0.0,0.0,0.0,1,66518.0
22,1,0,0,0,0,1,0.0,0.0,1.0,0.0,0.0,36,253,1.0,0.0,0.16,0.0,0.0,0.98,0,76513.0
45,1,0,0,0,0,108,0.0,0.0,0.17,0.07,0.0,255,18,0.07,0.06,0.0,0.0,0.0,1.0,1,49510.0
22,9,358,308,0,1,3,0.0,0.0,1.0,0.0,0.0,3,255,1.0,0.0,0.02,0.0,0.0,0.0,0,37902.0
45,9,105,105,0,0,7,0.0,0.0,0.14,0.29,0.0,255,241,0.95,0.01,0.0,0.0,0.0,0.0,0,60688.0
45,5,0,0,0,0,278,1.0,1.0,0.05,0.06,0.0,255,15,0.06,0.06,0.0,1.0,1.0,0.0,1,58056.0
13,9,8,0,0,0,1,0.0,0.0,1.0,0.0,1.0,1,59,1.0,0.0,0.51,0.0,0.0,0.0,1,54736.0
22,9,235,2507,0,1,5,0.0,0.0,1.0,0.0,0.27,220,215,0.98,0.01,0.0,0.0,0.0,0.0,0,97118.0
6,1,0,0,0,0,236,0.0,0.0,0.08,0.06,0.0,255,18,0.07,0.07,0.0,0.0,0.0,1.0,1,9211.0
45,5,0,0,0,0,163,1.0,1.0,0.1,0.05,0.0,255,17,0.07,0.05,0.0,1.0,1.0,0.0,1,37700.0
22,9,219,7263,0,1,1,0.0,0.0,1.0,0.0,0.0,55,255,1.0,0.0,0.01,0.0,0.0,0.01,0,115767.0
22,9,316,884,0,1,33,0.0,0.0,1.0,0.0,0.0,86,255,1.0,0.0,0.13,0.0,0.0,0.76,0,83988.0
45,5,0,0,0,0,115,1.0,1.0,0.02,0.06,0.0,255,9,0.04,0.06,0.0,1.0,1.0,0.0,1,101210.0
49,9,955,336,0,1,1,0.0,0.0,1.0,0.0,0.0,78,92,0.55,0.05,0.02,0.0,0.01,0.0,0,120252.0
22,9,175,8520,0,1,1,0.0,0.0,1.0,0.0,0.0,25,255,1.0,0.0,0.03,0.0,0.0,0.0,0,64824.0
22,9,225,255,0,1,9,0.0,0.0,1.0,0.0,0.25,198,255,1.0,0.0,0.01,0.0,0.0,0.01,0,80255.0
22,1,0,0,0,0,1,0.0,0.0,1.0,0.0,0.0,6,229,1.0,0.0,0.07,0.0,0.0,0.6,0,15181.0
40,9,146,105,0,0,1,0.0,0.0,1.0,0.0,0.0,255,1,0.0,0.59,0.0,0.0,0.0,0.0,0,38954.0
49,9,842,335,0,1,1,0.0,0.0,1.0,0.0,1.0,44,181,0.98,0.05,0.02,0.0,0.0,0.0,0,57800.0
22,9,217,267,0,1,6,0.0,0.0,1.0,0.0,0.0,207,255,1.0,0.0,0.01,0.0,0.0,0.0,0,61763.0
2,5,0,0,0,0,209,1.0,1.0,0.01,0.08,0.0,255,3,0.01,0.08,0.0,1.0,1.0,0.0,1,16147.0
45,9,215,0,0,0,1,0.0,0.0,1.0,0.0,0.0,205,173,0.84,0.01,0.0,0.0,0.0,0.0,0,119716.0
22,9,238,720,0,1,27,0.0,0.0,1.0,0.0,0.0,255,255,1.0,0.0,0.0,0.0,0.0,0.0,0,77426.0
45,1,0,0,0,0,290,0.0,0.0,0.05,0.06,0.0,255,15,0.06,0.06,0.0,0.0,0.0,1.0,1,82810.0
22,9,183,2144,0,1,5,0.0,0.0,1.0,0.0,0.43,29,255,1.0,0.0,0.02,0.0,0.0,0.0,0,66600.0
52,2,0,0,0,0,196,0.0,0.0,0.01,0.07,0.0,255,2,0.01,0.07,0.0,0.0,0.0,1.0,1,119405.0
22,9,287,27001,0,1,1,0.0,0.0,1.0,0.0,0.0,3,255,1.0,0.0,0.03,0.33,0.01,0.0,0,68646.0
11,9,42,42,0,0,9,0.0,0.0,1.0,0.0,0.21,255,221,0.87,0.01,0.0,0.0,0.0,0.0,0,31517.0
11,9,44,71,0,0,108,0.0,0.0,1.0,0.0,0.0,255,254,1.0,0.01,0.0,0.0,0.0,0.0,0,89750.0
13,9,8,0,0,0,1,0.0,0.0,1.0,0.0,1.0,2,168,1.0,0.0,0.5,0.0,0.0,0.0,1,107429.0
45,3,0,0,0,0,100,0.75,0.67,0.03,0.37,0.0,255,3,0.01,0.15,0.0,0.29,0.67,0.33,1,83496.0
22,9,54540,8314,0,1,4,0.0,0.0,1.0,0.0,0.0,255,255,1.0,0.0,0.0,0.0,0.0,0.02,0,117973.0
22,9,252,382,0,1,1,0.0,0.0,1.0,0.0,0.21,89,255,1.0,0.0,0.04,0.0,0.0,0.0,0,105285.0
19,9,832,0,0,1,1,0.0,0.0,1.0,0.0,0.0,3,28,1.0,0.0,0.18,0.0,0.0,0.0,0,222.0
38,5,0,0,0,0,202,1.0,1.0,0.01,0.06,0.0,255,18,0.07,0.06,0.0,1.0,1.0,0.0,1,24844.0
22,9,309,2935,0,1,14,0.0,0.0,1.0,0.0,0.0,255,255,1.0,0.0,0.0,0.0,0.0,0.0,0,47138.0
35,5,0,0,0,0,294,1.0,1.0,0.04,0.05,0.0,255,4,0.02,0.09,0.0,1.0,1.0,0.0,1,68829.0
22,9,291,410,0,1,6,0.0,0.0,1.0,0.0,0.13,6,255,1.0,0.0,0.05,0.0,0.0,0.0,0,77743.0
14,9,1032,0,0,0,511,0.0,0.0,1.0,0.0,0.0,255,89,0.35,0.11,0.0,0.0,0.0,0.0,1,62420.0
49,9,1096,332,0,1,1,0.0,0.0,1.0,0.0,0.0,105,167,0.7,0.05,0.01,0.01,0.01,0.0,0,5643.0
40,9,516,4,0,0,371,0.0,0.0,1.0,0.0,0.0,255,255,1.0,0.0,0.0,0.0,0.0,0.0,0,106826.0
19,9,1139,0,0,1,1,0.0,0.0,1.0,0.0,0.0,255,59,0.23,0.02,0.0,0.66,0.75,0.0,0,7945.0
22,9,345,1610,0,1,7,0.0,0.0,1.0,0.0,0.0,204,255,1.0,0.0,0.01,0.0,0.0,0.0,0,109412.0
14,9,1032,0,0,0,511,0.0,0.0,1.0,0.0,0.0,255,44,0.17,0.21,0.0,0.0,0.0,0.0,1,64551.0
22,9,339,2742,0,1,14,0.0,0.0,1.0,0.0,0.24,53,255,1.0,0.0,0.04,0.0,0.0,0.0,0,40884.0
45,5,0,0,0,0,363,0.05,1.0,0.0,1.0,0.0,255,1,0.0,1.0,0.0,0.07,1.0,0.0,1,72059.0
22,9,303,783,0,1,7,0.0,0.0,1.0,0.0,0.0,7,255,1.0,0.0,0.03,0.0,0.0,0.0,0,108057.0
25,5,0,0,0,0,147,1.0,1.0,0.1,0.05,0.0,255,1,0.0,0.08,0.0,1.0,1.0,0.0,1,44637.0
9,5,0,0,0,0,182,1.0,1.0,0.02,0.07,0.0,255,3,0.01,0.07,0.0,1.0,1.0,0.0,1,121391.0
9,2,0,0,0,0,238,0.0,0.0,0.01,0.07,0.0,255,3,0.01,0.07,0.0,0.0,0.0,1.0,1,9296.0
45,1,0,0,0,0,2,0.0,0.0,0.5,1.0,0.0,245,1,0.0,0.1,0.0,0.0,0.0,1.0,1,107065.0
49,9,1307,331,0,1,1,0.0,0.0,1.0,0.0,1.0,59,120,0.61,0.08,0.03,0.0,0.0,0.0,0,28043.0
45,9,105,146,0,0,4,0.0,0.0,0.25,0.5,0.0,255,224,0.88,0.01,0.0,0.0,0.0,0.0,0,64385.0
22,9,324,290,0,1,22,0.05,0.04,1.0,0.0,0.09,255,255,1.0,0.0,0.0,0.0,0.0,0.0,0,24196.0
40,5,0,0,0,0,198,1.0,1.0,0.01,0.07,0.0,255,2,0.01,0.07,0.0,1.0,1.0,0.0,1,72218.0
45,5,0,0,0,0,236,1.0,1.0,0.08,0.06,0.0,255,14,0.05,0.08,0.0,1.0,1.0,0.0,1,62855.0
45,5,0,0,0,0,217,1.0,1.0,0.04,0.06,0.0,78,9,0.12,0.13,0.0,0.82,1.0,0.0,1,2990.0
11,9,43,122,0,0,218,0.0,0.0,1.0,0.01,0.0,107,74,0.69,0.02,0.0,0.0,0.0,0.0,0,92329.0
45,5,0,0,0,0,148,1.0,1.0,0.13,0.05,0.0,255,37,0.15,0.05,0.0,1.0,1.0,0.0,1,715.0
22,9,227,762,0,1,17,0.0,0.0,1.0,0.0,0.0,202,255,1.0,0.0,0.02,0.0,0.0,0.0,0,202.0
19,9,5336,0,0,1,18,0.0,0.0,1.0,0.0,0.0,241,147,0.61,0.02,0.0,0.0,0.0,0.0,0,41706.0
45,5,0,0,0,0,208,1.0,1.0,0.04,0.05,0.0,149,8,0.05,0.07,0.0,0.91,1.0,0.0,1,88951.0
45,5,0,0,0,0,213,1.0,1.0,0.02,0.07,0.0,255,20,0.08,0.06,0.0,1.0,1.0,0.0,1,103547.0
19,9,12165,0,0,0,1,0.0,0.0,1.0,0.0,0.0,255,28,0.11,0.01,0.0,0.67,0.0,0.0,0,94109.0
45,1,0,0,0,0,111,0.0,0.0,0.02,0.08,0.0,36,2,0.06,0.17,0.0,0.0,0.0,1.0,1,36168.0
34,5,0,0,0,0,97,1.0,1.0,0.18,0.05,0.0,255,5,0.02,0.07,0.0,1.0,1.0,0.0,1,121671.0
59,5,0,0,0,0,121,1.0,1.0,0.13,0.06,0.0,255,16,0.06,0.06,0.0,1.0,1.0,0.0,1,36238.0
45,5,0,0,0,0,218,1.0,1.0,0.02,0.07,0.0,255,7,0.03,0.06,0.0,1.0,1.0,0.0,1,33321.0
30,5,0,0,0,0,116,1.0,1.0,0.01,0.08,0.0,255,20,0.08,0.07,0.0,1.0,1.0,0.0,1,60148.0
13,9,8,0,0,0,1,0.0,0.0,1.0,0.0,1.0,2,72,1.0,0.0,0.5,0.0,0.0,0.0,1,101249.0
13,9,8,0,0,0,1,0.0,0.0,1.0,0.0,1.0,2,146,1.0,0.0,0.5,0.0,0.0,0.0,1,32710.0
11,9,46,131,0,0,78,0.0,0.0,1.0,0.0,0.01,255,254,1.0,0.01,0.0,0.0,0.0,0.0,0,17302.0
45,5,0,0,0,0,272,1.0,1.0,0.0,0.06,0.0,255,2,0.01,0.08,0.0,1.0,1.0,0.0,1,52445.0
45,5,0,0,0,0,150,1.0,1.0,0.11,0.07,0.0,255,17,0.07,0.06,0.0,1.0,1.0,0.0,1,88797.0
22,9,176,17750,0,1,2,0.0,0.0,1.0,0.0,0.5,10,52,1.0,0.0,0.12,0.0,0.0,0.0,0,114536.0
22,1,0,0,0,0,1,0.0,0.25,1.0,0.0,1.0,13,22,1.0,0.0,0.18,0.0,0.0,0.91,0,14709.0
30,5,0,0,0,0,147,1.0,1.0,0.12,0.06,0.0,255,18,0.07,0.06,0.0,1.0,1.0,0.0,1,85055.0
11,9,43,131,0,0,80,0.0,0.0,1.0,0.0,0.01,236,186,0.79,0.01,0.0,0.0,0.0,0.0,0,116978.0
11,9,46,46,0,0,136,0.0,0.0,1.0,0.0,0.0,255,255,1.0,0.0,0.0,0.0,0.0,0.0,0,118313.0
29,5,0,0,0,0,299,1.0,1.0,0.08,0.05,0.0,255,24,0.09,0.05,0.0,1.0,1.0,0.0,1,108414.0
22,9,208,3300,0,1,1,0.0,0.0,1.0,0.0,0.0,26,255,1.0,0.0,0.01,0.0,0.0,0.0,0,98274.0
49,9,1149,339,0,1,1,0.0,0.0,1.0,0.0,0.0,52,195,0.75,0.08,0.01,0.0,0.0,0.0,0,36392.0
22,9,172,30881,0,1,15,0.0,0.0,1.0,0.0,0.0,255,255,1.0,0.0,0.0,0.0,0.0,0.02,0,117255.0
22,9,239,1056,0,1,2,0.0,0.0,1.0,0.0,0.0,26,255,1.0,0.0,0.03,0.0,0.0,0.0,0,30396.0
22,1,0,0,0,0,1,0.0,0.0,1.0,0.0,0.0,19,19,1.0,0.0,0.0,0.0,0.0,1.0,0,66189.0
49,9,633,390,0,1,1,0.0,0.0,1.0,0.0,1.0,55,159,0.42,0.05,0.01,0.0,0.0,0.0,0,84413.0
22,9,305,24058,0,1,9,0.0,0.0,1.0,0.0,0.0,31,255,1.0,0.0,0.02,0.0,0.0,0.0,0,75854.0
22,9,237,1748,0,1,11,0.0,0.0,1.0,0.0,0.0,66,255,1.0,0.0,0.02,0.0,0.0,0.0,0,61701.0
40,9,147,0,0,0,1,0.0,0.0,1.0,0.0,0.0,255,5,0.02,0.63,0.0,0.0,0.0,0.0,0,81297.0
22,9,321,8064,0,1,11,0.09,0.03,1.0,0.0,0.05,180,255,1.0,0.0,0.02,0.01,0.0,0.0,0,56941.0
28,5,0,0,0,0,31,1.0,1.0,0.19,0.16,0.0,255,6,0.02,0.08,0.0,1.0,1.0,0.0,1,23727.0
22,9,206,261,0,1,3,0.0,0.0,1.0,0.0,0.5,3,255,1.0,0.0,0.05,0.0,0.0,0.0,0,63420.0
19,9,6308,0,0,1,1,0.0,0.0,1.0,0.0,0.0,10,4,0.4,0.3,0.0,0.0,0.0,0.0,0,66272.0
29,5,0,0,0,0,230,1.0,1.0,0.0,0.07,0.0,255,2,0.01,0.06,0.0,1.0,1.0,0.0,1,87078.0
55,5,0,0,0,0,17,0.94,1.0,0.29,0.24,0.0,255,10,0.04,0.07,0.0,1.0,1.0,0.0,1,73587.0
22,9,216,412,0,1,6,0.0,0.0,1.0,0.0,0.0,6,255,1.0,0.0,0.04,0.0,0.0,0.0,0,16165.0
22,9,299,746,0,1,9,0.0,0.0,1.0,0.0,0.0,61,255,1.0,0.0,0.03,0.0,0.0,0.0,0,63395.0
11,9,43,96,0,0,200,0.0,0.0,1.0,0.01,0.01,255,254,1.0,0.01,0.0,0.0,0.0,0.0,0,37346.0
45,1,0,0,0,0,1,0.0,0.0,1.0,0.0,0.0,48,2,0.02,1.0,1.0,0.0,0.0,1.0,1,92504.0
45,5,0,0,0,0,104,1.0,1.0,0.04,0.07,0.0,255,1,0.0,0.08,0.0,1.0,1.0,0.0,1,106924.0
22,9,255,5340,0,1,4,0.25,0.14,1.0,0.0,0.14,255,255,1.0,0.0,0.0,0.0,0.0,0.0,0,34410.0
22,9,251,272,0,1,2,0.0,0.0,1.0,0.0,0.0,255,249,0.98,0.01,0.0,0.0,0.0,0.0,0,6513.0
19,9,4539,0,0,1,12,0.0,0.0,1.0,0.0,0.0,255,18,0.07,0.02,0.0,0.0,0.0,0.0,0,20179.0
11,9,45,78,0,0,143,0.0,0.0,1.0,0.0,0.01,255,254,1.0,0.01,0.0,0.0,0.0,0.0,0,6940.0
13,9,8,0,0,0,1,0.0,0.0,1.0,0.0,1.0,1,58,1.0,0.0,0.52,0.0,0.0,0.0,1,39955.0
47,5,0,0,0,0,200,1.0,1.0,0.06,0.05,0.0,255,13,0.05,0.06,0.0,1.0,1.0,0.0,1,70490.0
55,9,140,2169,0,1,1,0.0,0.0,1.0,0.0,0.0,1,3,1.0,0.0,0.67,0.0,0.0,0.33,0,14888.0
45,1,0,0,0,0,104,0.0,0.0,0.16,0.07,0.0,255,2,0.01,0.07,0.0,0.0,0.0,1.0,1,26482.0
45,1,0,0,0,0,208,0.0,0.0,0.01,0.08,0.0,255,3,0.01,0.09,0.0,0.0,0.0,1.0,1,63159.0
6,5,0,0,0,0,197,1.0,1.0,0.03,0.07,0.0,255,5,0.02,0.07,0.0,1.0,1.0,0.0,1,725.0
45,9,28,0,3,0,44,0.0,0.0,1.0,0.0,0.0,255,44,0.17,0.02,0.0,0.0,0.0,0.0,1,3119.0
22,9,213,12863,0,1,1,0.0,0.0,1.0,0.0,0.0,3,255,1.0,0.0,0.05,0.0,0.0,0.0,0,23726.0
45,9,28,0,3,0,15,0.0,0.0,1.0,0.0,0.0,255,115,0.45,0.55,0.0,0.09,0.0,0.0,1,44259.0
22,9,247,1586,0,1,5,0.0,0.0,1.0,0.0,0.0,255,255,1.0,0.0,0.0,0.0,0.0,0.0,0,43234.0
45,5,0,0,0,0,17,1.0,1.0,0.24,0.18,0.0,255,5,0.02,0.09,0.0,1.0,1.0,0.0,1,37479.0
22,9,303,2239,0,1,5,0.0,0.0,1.0,0.0,0.0,255,246,0.96,0.01,0.0,0.0,0.0,0.0,0,95057.0
11,9,44,44,0,0,145,0.0,0.0,1.0,0.0,0.0,255,254,1.0,0.01,0.0,0.0,0.0,0.0,0,22720.0
45,1,0,0,0,0,299,0.0,0.0,0.07,0.05,0.0,255,20,0.08,0.06,0.0,0.0,0.0,1.0,1,22401.0
40,9,146,0,0,0,1,0.0,0.0,1.0,0.0,0.0,114,1,0.01,0.56,0.0,0.0,0.0,0.0,0,87304.0
37,5,0,0,0,0,145,1.0,1.0,0.03,0.06,0.0,255,5,0.02,0.07,0.0,1.0,1.0,0.0,1,53664.0
45,5,0,0,0,0,122,1.0,1.0,0.12,0.06,0.0,255,14,0.05,0.07,0.0,1.0,1.0,0.0,1,57459.0
45,5,0,0,0,0,278,1.0,1.0,0.07,0.06,0.0,255,20,0.08,0.08,0.0,1.0,1.0,0.0,1,37405.0
40,5,0,0,0,0,511,0.43,1.0,0.0,1.0,0.0,255,1,0.0,1.0,0.0,0.54,1.0,0.0,1,38157.0
15,5,0,0,0,0,146,1.0,1.0,0.12,0.05,0.0,255,18,0.07,0.05,0.0,1.0,1.0,0.0,1,60004.0
5,5,0,0,0,0,7,1.0,1.0,0.71,0.29,0.0,255,14,0.05,0.08,0.0,1.0,1.0,0.0,1,29617.0
14,9,1032,0,0,0,25,0.0,0.0,1.0,0.0,0.0,255,25,0.1,0.02,0.0,0.0,0.0,0.0,0,101694.0
40,9,145,105,0,0,5,0.0,0.0,0.2,0.6,0.0,255,1,0.0,0.69,0.0,0.0,0.0,0.0,0,82261.0
45,1,0,0,0,0,43,0.0,0.0,0.05,0.09,0.0,255,2,0.01,0.06,0.0,0.0,0.0,1.0,1,60752.0
45,9,1,0,0,0,5,0.0,0.0,1.0,0.0,0.0,255,5,0.02,0.98,0.0,0.13,0.0,0.0,1,68802.0
22,6,296,17520,0,1,1,1.0,1.0,1.0,0.0,0.0,103,255,1.0,0.0,0.02,0.01,0.0,0.0,0,88165.0
7,1,0,0,0,0,210,0.0,0.0,0.01,0.07,0.0,255,2,0.01,0.09,0.0,0.0,0.0,1.0,1,81955.0
22,9,154,24356,0,1,1,0.0,0.0,1.0,0.0,0.0,1,255,1.0,0.0,0.07,0.0,0.0,0.0,0,29298.0
22,9,313,1494,0,1,14,0.0,0.0,1.0,0.0,0.12,22,255,1.0,0.0,0.04,0.0,0.0,0.0,0,107847.0
49,9,1310,335,0,1,1,0.0,0.0,1.0,0.0,0.0,79,110,0.49,0.06,0.02,0.0,0.0,0.0,0,55419.0
45,1,0,0,0,0,204,0.0,0.0,0.06,0.06,0.0,255,13,0.05,0.08,0.0,0.0,0.0,1.0,1,79179.0
55,6,302,31786,0,1,1,1.0,1.0,1.0,0.0,0.0,103,18,0.17,0.05,0.0,0.01,0.06,0.0,0,80343.0
22,9,54540,8314,0,1,5,0.0,0.0,1.0,0.0,0.0,255,255,1.0,0.0,0.0,0.0,0.0,0.02,0,96625.0
4,5,0,0,0,0,230,1.0,1.0,0.06,0.06,0.0,255,14,0.05,0.08,0.0,1.0,1.0,0.0,1,117800.0
22,9,221,4432,0,1,2,0.0,0.0,1.0,0.0,0.0,149,255,1.0,0.0,0.02,0.0,0.0,0.0,0,53573.0
13,9,8,0,0,0,1,0.0,0.0,1.0,0.0,1.0,2,87,1.0,0.0,0.51,0.0,0.0,0.0,1,91828.0
45,5,0,0,0,0,130,1.0,1.0,0.15,0.05,0.0,208,19,0.09,0.09,0.0,1.0,1.0,0.0,1,42654.0
22,9,221,11620,0,1,1,0.0,0.0,1.0,0.0,0.29,6,255,1.0,0.0,0.04,0.0,0.0,0.0,0,118397.0
62,5,0,0,0,0,144,1.0,1.0,0.11,0.06,0.0,255,13,0.05,0.07,0.0,1.0,1.0,0.0,1,70376.0
55,9,119,4950,0,1,1,0.0,0.0,1.0,0.0,0.0,147,27,0.18,0.05,0.0,0.01,0.04,0.07,0,82904.0
45,9,1,0,0,0,15,0.0,0.0,0.27,0.13,0.0,255,27,0.11,0.2,0.0,0.0,0.0,0.0,1,77255.0
22,9,198,438,0,1,7,0.0,0.0,1.0,0.0,0.13,16,255,1.0,0.0,0.05,0.0,0.0,0.0,0,73621.0
22,9,342,1039,0,1,5,0.0,0.0,1.0,0.0,0.3,149,255,1.0,0.0,0.01,0.0,0.0,0.0,0,113576.0
22,9,251,261,0,1,30,0.0,0.0,1.0,0.0,0.06,255,255,1.0,0.0,0.0,0.0,0.0,0.0,0,59622.0
19,9,151,0,0,1,1,0.0,0.0,1.0,0.0,0.0,108,141,0.76,0.04,0.01,0.01,0.0,0.0,0,10805.0
22,9,248,619,0,1,7,0.0,0.0,1.0,0.0,0.0,7,255,1.0,0.0,0.02,0.0,0.0,0.0,0,85883.0
55,9,433,12044,0,1,1,0.0,0.0,1.0,0.0,0.0,255,62,0.24,0.02,0.0,0.88,0.97,0.0,0,55032.0
22,9,227,903,0,1,10,0.0,0.0,1.0,0.0,0.0,255,255,1.0,0.0,0.0,0.0,0.0,0.0,0,81540.0
22,9,262,1364,0,1,1,0.0,0.0,1.0,0.0,0.0,4,255,1.0,0.0,0.04,0.0,0.0,0.0,0,41732.0
25,5,0,0,0,0,250,1.0,1.0,0.07,0.06,0.0,255,17,0.07,0.08,0.0,1.0,1.0,0.0,1,107484.0
16,5,0,0,0,0,121,1.0,1.0,0.17,0.06,0.0,255,20,0.08,0.05,0.0,1.0,1.0,0.0,1,53495.0
32,5,0,0,0,0,247,1.0,1.0,0.02,0.06,0.0,255,5,0.02,0.06,0.0,1.0,1.0,0.0,1,3403.0
22,9,249,27998,0,1,1,0.0,0.0,1.0,0.0,0.33,6,255,1.0,0.0,0.02,0.0,0.0,0.0,0,937.0
62,5,0,0,0,0,210,1.0,1.0,0.0,0.07,0.0,255,1,0.0,0.08,0.0,1.0,1.0,0.0,1,110441.0
5,5,0,0,0,0,147,1.0,1.0,0.13,0.05,0.0,255,19,0.07,0.07,0.0,1.0,1.0,0.0,1,80214.0
15,1,0,0,0,0,117,0.0,0.0,0.17,0.06,0.0,255,20,0.08,0.06,0.0,0.0,0.0,1.0,1,59160.0
13,9,8,0,0,0,1,0.0,0.0,1.0,0.0,1.0,2,86,1.0,0.0,0.5,0.0,0.0,0.0,1,35590.0
22,9,242,484,0,1,24,0.0,0.0,1.0,0.0,0.12,255,255,1.0,0.0,0.0,0.0,0.0,0.0,0,36900.0
3,5,0,0,0,0,232,1.0,1.0,0.02,0.07,0.0,255,5,0.02,0.07,0.0,1.0,1.0,0.0,1,85363.0
19,5,0,0,0,0,19,1.0,1.0,0.16,0.21,0.0,255,63,0.25,0.02,0.0,1.0,1.0,0.0,1,69409.0
17,5,0,0,0,0,139,1.0,1.0,0.12,0.05,0.0,255,6,0.02,0.06,0.0,1.0,1.0,0.0,1,15220.0
22,9,283,173,0,1,3,0.0,0.0,1.0,0.0,0.0,78,81,1.0,0.0,0.02,0.0,0.0,0.0,0,44933.0
49,9,1455,333,0,1,1,0.0,0.0,1.0,0.0,0.0,98,143,0.63,0.05,0.01,0.0,0.0,0.0,0,116797.0
14,9,1032,0,0,0,511,0.0,0.0,1.0,0.0,0.0,255,227,0.89,0.01,0.0,0.0,0.0,0.0,1,21409.0
22,9,229,1075,0,1,5,0.0,0.0,1.0,0.0,0.0,255,253,0.99,0.01,0.0,0.0,0.0,0.02,0,102288.0
22,9,206,1677,0,1,2,0.0,0.0,1.0,0.0,0.0,50,255,1.0,0.0,0.01,0.0,0.0,0.0,0,73539.0
22,9,209,1433,0,1,10,0.0,0.0,1.0,0.0,0.1,255,255,1.0,0.0,0.0,0.0,0.0,0.0,0,63923.0
22,9,200,237,0,1,2,0.0,0.0,1.0,0.0,0.0,16,255,1.0,0.0,0.02,0.0,0.0,0.0,0,45663.0
22,9,219,657,0,1,7,0.0,0.0,1.0,0.0,0.33,28,255,1.0,0.0,0.01,0.0,0.0,0.0,0,371.0
18,9,287,903,0,1,1,0.0,0.0,1.0,0.0,0.0,159,40,0.25,0.03,0.0,0.0,0.0,0.03,0,84585.0
7,5,0,0,0,0,270,1.0,1.0,0.04,0.07,0.0,255,11,0.04,0.09,0.0,1.0,1.0,0.0,1,68442.0
14,9,1480,0,1,0,1,0.0,0.0,1.0,0.0,0.67,1,39,1.0,0.0,0.51,0.0,0.0,0.0,0,117642.0
49,9,1100,332,0,1,1,0.0,0.0,1.0,0.0,1.0,111,229,0.82,0.02,0.01,0.0,0.0,0.0,0,26049.0
14,9,1032,0,0,0,511,0.0,0.0,1.0,0.0,0.0,255,135,0.53,0.02,0.0,0.01,0.0,0.0,1,109072.0
55,9,458,219837,0,1,1,0.0,0.0,1.0,0.0,0.0,255,55,0.22,0.02,0.0,0.54,0.65,0.0,0,56015.0
22,9,162,2966,0,1,1,0.0,0.0,1.0,0.0,0.0,1,255,1.0,0.0,0.02,0.0,0.0,0.0,0,43354.0
49,9,764,333,0,1,1,0.0,0.0,1.0,0.0,0.0,255,182,0.71,0.02,0.0,0.0,0.0,0.0,0,92423.0
22,9,221,2878,0,1,1,0.0,0.0,1.0,0.0,0.0,21,58,1.0,0.0,0.03,0.0,0.0,0.0,0,70.0
22,9,296,2325,0,1,2,0.0,0.0,1.0,0.0,0.67,255,255,1.0,0.0,0.0,0.0,0.0,0.0,0,17860.0
14,9,1032,0,0,0,511,0.0,0.0,1.0,0.0,0.0,255,186,0.73,0.16,0.0,0.0,0.0,0.0,1,3953.0
40,9,147,105,0,0,1,0.0,0.0,1.0,0.0,0.0,255,1,0.0,0.74,0.0,0.0,0.0,0.0,0,51851.0
22,9,353,12874,0,1,9,0.0,0.0,1.0,0.0,0.0,104,255,1.0,0.0,0.02,0.0,0.0,0.0,0,36836.0
22,9,238,9257,0,1,18,0.0,0.0,1.0,0.0,0.09,255,255,1.0,0.0,0.0,0.0,0.0,0.0,0,12885.0
5,5,0,0,0,0,141,1.0,1.0,0.13,0.06,0.0,255,2,0.01,0.07,0.0,1.0,1.0,0.0,1,79603.0
22,9,371,7931,0,1,18,0.0,0.0,1.0,0.0,0.0,255,255,1.0,0.0,0.0,0.0,0.0,0.0,0,48255.0
11,9,44,131,0,0,1,0.0,0.0,1.0,0.0,0.67,3,1,0.33,1.0,0.0,0.0,0.0,0.0,0,2439.0
10,9,48,486,0,1,55,0.0,0.0,0.02,0.04,0.0,255,1,0.0,0.01,0.0,0.0,0.0,0.0,0,1703.0
45,9,28,0,3,0,10,0.0,0.0,1.0,0.0,0.0,223,10,0.04,0.73,0.0,0.03,0.0,0.0,1,5271.0
43,9,35,130,0,1,1,0.0,0.0,1.0,0.0,0.0,149,6,0.03,0.04,0.33,0.0,0.0,0.0,0,55781.0
49,9,1679,333,0,1,1,0.0,0.0,1.0,0.0,0.0,23,175,1.0,0.0,0.02,0.0,0.0,0.0,0,49301.0
22,9,203,484,0,1,11,0.0,0.0,1.0,0.0,0.24,255,255,1.0,0.0,0.0,0.0,0.0,0.0,0,55477.0
12,2,0,0,0,0,260,0.0,0.0,0.02,0.07,0.0,255,6,0.02,0.08,0.0,0.0,0.0,1.0,1,37011.0
22,9,204,248,0,1,9,0.0,0.0,1.0,0.0,0.0,21,255,1.0,0.0,0.02,0.0,0.0,0.0,0,93291.0
55,5,0,0,0,0,131,1.0,1.0,0.15,0.06,0.0,255,2,0.01,0.07,0.0,1.0,1.0,0.0,1,25337.0
26,5,0,0,0,0,131,1.0,1.0,0.11,0.06,0.0,255,5,0.02,0.07,0.0,1.0,1.0,0.0,1,94296.0
45,5,0,0,0,0,119,1.0,1.0,0.05,0.08,0.0,255,1,0.0,0.08,0.0,1.0,1.0,0.0,1,30459.0
22,9,332,1167,0,1,32,0.0,0.0,1.0,0.0,0.0,182,255,1.0,0.0,0.02,0.0,0.0,0.0,0,8506.0
22,9,316,1585,0,1,11,0.0,0.0,1.0,0.0,0.08,39,255,1.0,0.0,0.01,0.0,0.0,0.0,0,119392.0
13,9,8,0,0,0,1,0.0,0.0,1.0,0.0,1.0,2,228,1.0,0.0,0.5,0.0,0.0,0.0,1,70327.0
22,1,0,0,0,0,1,0.0,0.0,1.0,0.0,0.0,62,255,1.0,0.0,0.27,0.0,0.0,1.0,0,7601.0
49,9,864,333,0,1,1,0.0,0.0,1.0,0.0,1.0,34,162,0.82,0.06,0.02,0.0,0.0,0.0,0,121807.0
49,9,2180,331,0,1,1,0.0,0.0,1.0,0.0,0.0,37,246,0.97,0.05,0.02,0.0,0.0,0.0,0,9269.0
6,5,0,0,0,0,268,1.0,1.0,0.04,0.06,0.0,255,12,0.05,0.09,0.0,1.0,1.0,0.0,1,108738.0
43,5,0,0,0,0,239,1.0,1.0,0.01,0.07,0.0,255,2,0.01,0.07,0.0,1.0,1.0,0.0,1,92684.0
45,5,0,0,0,0,210,1.0,1.0,0.09,0.07,0.0,255,19,0.07,0.08,0.0,1.0,1.0,0.0,1,111964.0
18,5,0,0,0,0,241,1.0,1.0,0.02,0.07,0.0,255,11,0.04,0.07,0.0,1.0,1.0,0.0,1,112024.0
19,9,832,0,0,1,1,0.0,0.0,1.0,0.0,0.0,4,37,1.0,0.0,0.14,0.0,0.0,0.0,0,28984.0
11,9,46,46,0,0,118,0.0,0.0,1.0,0.0,0.01,255,255,1.0,0.0,0.0,0.0,0.0,0.0,0,102737.0
45,5,0,0,0,0,272,1.0,1.0,0.03,0.06,0.0,255,7,0.03,0.09,0.0,1.0,1.0,0.0,1,19775.0
45,1,0,0,0,0,2,0.0,0.0,0.5,1.0,0.0,255,1,0.0,0.74,0.0,0.0,0.0,1.0,1,110729.0
45,5,0,0,0,0,226,1.0,1.0,0.06,0.07,0.0,255,13,0.05,0.07,0.0,1.0,1.0,0.0,1,99175.0
22,9,267,11375,0,1,1,0.0,0.0,1.0,0.0,0.0,63,255,1.0,0.0,0.02,0.02,0.01,0.0,0,6298.0
2,5,0,0,0,0,225,1.0,1.0,0.09,0.06,0.0,255,21,0.08,0.06,0.0,1.0,1.0,0.0,1,55017.0
45,1,0,0,0,0,1,0.0,0.0,1.0,0.0,0.0,255,1,0.0,0.96,0.0,0.0,0.0,1.0,1,109287.0
34,5,0,0,0,0,272,1.0,1.0,0.03,0.06,0.0,255,2,0.01,0.07,0.0,1.0,1.0,0.0,1,113614.0
45,5,0,0,0,0,101,1.0,1.0,0.01,0.07,0.0,98,1,0.01,0.09,0.0,1.0,1.0,0.0,1,63726.0
13,9,8,0,0,0,1,0.0,0.0,1.0,0.0,1.0,4,255,1.0,0.0,0.25,0.0,0.0,0.0,1,19384.0
42,5,0,0,0,0,221,1.0,1.0,0.02,0.06,0.0,255,5,0.02,0.07,0.0,1.0,1.0,0.0,1,32273.0
19,9,567,0,0,1,1,0.0,0.0,1.0,0.0,0.0,29,92,0.03,0.14,0.02,0.0,0.01,0.0,0,2692.0
22,9,330,406,0,1,16,0.0,0.0,1.0,0.0,0.0,255,255,1.0,0.0,0.0,0.0,0.0,0.0,0,58808.0
13,9,8,0,0,0,1,0.0,0.0,1.0,0.0,1.0,1,71,1.0,0.0,0.51,0.0,0.0,0.0,1,76037.0
61,1,0,0,0,0,147,0.0,0.0,0.13,0.06,0.0,255,9,0.04,0.09,0.0,0.0,0.0,1.0,1,35035.0
17,5,0,0,0,0,186,1.0,1.0,0.03,0.08,0.0,255,6,0.02,0.08,0.0,1.0,1.0,0.0,1,86956.0
49,9,1364,366,0,1,1,0.0,0.0,1.0,0.0,0.0,29,157,0.83,0.07,0.02,0.0,0.0,0.0,0,90713.0
22,9,332,934,0,1,11,0.0,0.0,1.0,0.0,0.0,11,255,1.0,0.0,0.04,0.0,0.0,0.0,0,81186.0
5,5,0,0,0,0,29,1.0,1.0,0.48,0.1,0.0,255,14,0.05,0.07,0.0,1.0,1.0,0.0,1,95007.0
13,9,18,0,0,0,1,0.0,0.0,1.0,0.0,0.0,1,233,1.0,0.0,0.25,0.0,0.0,0.0,1,23311.0
45,9,1,0,0,0,15,0.0,0.0,0.07,0.73,0.0,255,1,0.0,0.27,0.0,0.0,0.0,0.0,1,119711.0
28,5,0,0,0,0,244,1.0,1.0,0.05,0.06,0.0,255,12,0.05,0.06,0.0,1.0,1.0,0.0,1,73428.0
23,5,0,0,0,0,147,1.0,1.0,0.16,0.05,0.0,255,23,0.09,0.05,0.0,1.0,1.0,0.0,1,56323.0
22,9,304,6208,0,1,6,0.0,0.0,1.0,0.0,0.0,255,255,1.0,0.0,0.0,0.0,0.0,0.0,0,68239.0
22,9,202,1078,0,1,4,0.0,0.0,1.0,0.0,0.33,37,255,1.0,0.0,0.05,0.0,0.0,0.0,0,52067.0
22,9,366,7896,0,1,7,0.0,0.0,1.0,0.0,0.0,255,255,1.0,0.0,0.0,0.0,0.0,0.0,0,45831.0
14,9,1480,0,1,0,16,0.0,0.0,1.0,0.0,0.0,255,16,0.06,0.02,0.0,0.0,0.0,0.0,0,81986.0
22,9,214,2046,0,1,6,0.0,0.0,1.0,0.0,0.12,6,255,1.0,0.0,0.03,0.0,0.0,0.0,0,123815.0
45,5,0,0,0,0,243,1.0,1.0,0.06,0.05,0.0,255,14,0.05,0.08,0.0,1.0,1.0,0.0,1,46003.0
45,9,1,0,0,0,37,0.0,0.0,0.05,0.11,0.0,255,2,0.01,0.67,0.0,0.16,0.0,0.0,1,3435.0
11,9,44,131,0,0,78,0.0,0.0,0.99,0.03,0.01,212,163,0.77,0.02,0.0,0.0,0.0,0.0,0,123040.0
22,9,249,1029,0,1,13,0.0,0.0,1.0,0.0,0.14,255,255,1.0,0.0,0.0,0.0,0.0,0.0,0,88079.0
45,5,0,0,0,0,27,1.0,1.0,0.04,0.22,0.0,255,11,0.04,0.09,0.0,1.0,1.0,0.0,1,50443.0
59,5,0,0,0,0,125,1.0,1.0,0.06,0.06,0.0,255,11,0.04,0.07,0.0,1.0,1.0,0.0,1,56378.0
60,5,0,0,0,0,129,1.0,1.0,0.05,0.06,0.0,255,7,0.03,0.05,0.0,1.0,1.0,0.0,1,71404.0
45,5,0,0,0,0,276,1.0,1.0,0.0,0.07,0.0,255,2,0.01,0.09,0.0,1.0,1.0,0.0,1,70476.0
22,9,371,336,0,1,18,0.0,0.0,1.0,0.0,0.11,81,231,1.0,0.0,0.18,0.0,0.0,0.68,0,54811.0
22,9,159,20446,0,1,1,0.0,0.0,1.0,0.0,0.0,1,255,1.0,0.0,0.04,0.0,0.0,0.0,0,30491.0
22,9,331,908,0,1,22,0.0,0.0,1.0,0.0,0.08,255,255,1.0,0.0,0.0,0.0,0.0,0.0,0,27529.0
14,9,30,0,0,0,1,0.0,0.0,1.0,0.0,0.0,24,24,1.0,0.0,0.0,0.0,0.0,0.0,0,80583.0
22,9,195,178,0,1,34,0.0,0.0,1.0,0.0,0.05,255,255,1.0,0.0,0.0,0.0,0.0,0.0,0,11302.0
45,9,105,146,0,0,1,0.0,0.0,1.0,0.0,0.0,142,132,0.93,0.02,0.0,0.0,0.0,0.0,0,99115.0
11,9,45,114,0,0,3,0.0,0.0,1.0,0.0,0.33,126,120,0.95,0.02,0.0,0.0,0.0,0.0,0,116179.0
22,9,54540,8314,0,1,5,0.0,0.0,1.0,0.0,0.0,108,108,1.0,0.0,0.0,0.0,0.0,0.05,0,84055.0
45,5,0,0,0,0,42,1.0,1.0,0.07,0.12,0.0,255,17,0.07,0.08,0.0,1.0,1.0,0.0,1,69351.0
49,9,1340,329,0,1,1,0.0,0.0,1.0,0.0,0.0,115,118,0.66,0.03,0.02,0.0,0.0,0.0,0,52598.0
53,5,0,0,0,0,125,1.0,1.0,0.13,0.06,0.0,255,13,0.05,0.08,0.0,1.0,1.0,0.0,1,102325.0
13,9,18,0,0,0,1,0.0,0.0,1.0,0.0,0.0,1,211,1.0,0.0,1.0,0.0,0.0,0.0,1,90865.0
22,9,361,250,0,1,2,0.0,0.0,1.0,0.0,0.67,128,255,1.0,0.0,0.01,0.0,0.0,0.0,0,62596.0
38,5,0,0,0,0,225,1.0,1.0,0.05,0.06,0.0,255,11,0.04,0.07,0.0,1.0,1.0,0.0,1,29039.0
45,5,0,0,0,0,120,1.0,1.0,0.17,0.06,0.0,68,19,0.28,0.09,0.0,1.0,1.0,0.0,1,32698.0
22,9,203,385,0,1,5,0.0,0.0,1.0,0.0,0.0,104,255,1.0,0.0,0.05,0.0,0.0,0.0,0,91631.0
22,9,307,891,0,1,5,0.0,0.0,1.0,0.0,0.33,225,255,1.0,0.0,0.02,0.0,0.0,0.0,0,40716.0
22,9,192,934,0,1,10,0.0,0.0,1.0,0.0,0.14,48,255,1.0,0.0,0.02,0.0,0.0,0.0,0,29335.0
13,9,8,0,0,0,1,0.0,0.0,1.0,0.0,1.0,4,24,1.0,0.0,0.25,0.0,0.0,0.0,1,1777.0
21,5,0,0,0,0,234,1.0,1.0,0.04,0.05,0.0,255,9,0.04,0.06,0.0,1.0,1.0,0.0,1,34208.0
22,9,230,488,0,1,6,0.17,0.17,1.0,0.0,0.0,255,255,1.0,0.0,0.0,0.0,0.0,0.02,0,51728.0
22,9,165,6521,0,1,5,0.0,0.0,1.0,0.0,0.0,169,255,1.0,0.0,0.02,0.0,0.0,0.0,0,61859.0
19,9,740,0,0,1,2,0.0,0.0,1.0,0.0,0.0,65,32,0.03,0.08,0.06,0.0,0.0,0.0,0,14271.0
40,9,147,105,0,0,1,0.0,0.0,1.0,0.0,0.0,255,2,0.01,0.84,0.0,0.0,0.0,0.0,0,66402.0
45,1,0,0,0,0,236,0.0,0.0,0.07,0.07,0.0,255,17,0.07,0.08,0.0,0.0,0.0,1.0,1,21380.0
45,5,0,0,0,0,48,1.0,1.0,0.4,0.08,0.0,255,21,0.08,0.08,0.0,1.0,1.0,0.0,1,50161.0
4,5,0,0,0,0,102,1.0,1.0,0.01,0.06,0.0,255,1,0.0,0.05,0.0,1.0,1.0,0.0,1,24081.0
40,9,147,105,0,0,4,0.0,0.0,0.5,0.5,0.0,221,2,0.01,0.57,0.0,0.0,0.0,0.0,0,64894.0
22,9,219,1448,0,1,5,0.0,0.0,1.0,0.0,0.33,124,255,1.0,0.0,0.01,0.0,0.0,0.0,0,111521.0
22,9,216,1808,0,1,34,0.0,0.0,1.0,0.0,0.06,255,255,1.0,0.0,0.0,0.0,0.0,0.0,0,53331.0
3,5,0,0,0,0,202,1.0,1.0,0.06,0.05,0.0,255,12,0.05,0.06,0.0,1.0,1.0,0.0,1,11770.0
45,4,0,0,0,0,1,0.0,0.0,1.0,0.0,0.0,217,1,0.0,0.23,0.0,0.0,0.0,1.0,1,42258.0
14,9,1480,0,1,0,20,0.0,0.0,1.0,0.0,0.0,255,22,0.09,0.02,0.0,0.0,0.0,0.0,0,3165.0
22,9,252,8134,0,1,7,0.0,0.0,1.0,0.0,0.25,171,255,1.0,0.0,0.02,0.0,0.0,0.0,0,73350.0
22,9,207,626,0,1,16,0.0,0.0,1.0,0.0,0.12,255,255,1.0,0.0,0.0,0.0,0.0,0.0,0,2635.0
22,9,232,12587,0,1,1,0.0,0.0,1.0,0.0,0.0,12,255,1.0,0.0,0.03,0.0,0.0,0.0,0,117898.0
19,5,0,0,0,0,253,1.0,1.0,0.08,0.06,0.0,255,19,0.07,0.06,0.0,1.0,1.0,0.0,1,113770.0
22,9,320,308,0,1,15,0.0,0.0,1.0,0.0,0.0,255,255,1.0,0.0,0.0,0.0,0.0,0.0,0,19510.0
11,9,43,109,0,0,67,0.0,0.0,1.0,0.0,0.04,187,122,0.65,0.02,0.0,0.0,0.0,0.0,0,61549.0
22,4,53452,2920,0,1,3,0.0,0.0,1.0,0.0,0.0,255,255,1.0,0.0,0.0,0.0,0.0,0.03,0,50464.0
56,5,0,0,0,0,116,1.0,1.0,0.09,0.07,0.0,255,11,0.04,0.07,0.0,1.0,1.0,0.0,1,44525.0
55,5,0,0,0,0,266,1.0,1.0,0.05,0.06,0.0,255,5,0.02,0.07,0.0,1.0,1.0,0.0,1,5842.0
22,9,308,2325,0,1,1,0.0,0.0,1.0,0.0,0.75,255,255,1.0,0.0,0.0,0.0,0.0,0.0,0,58747.0
55,5,0,0,0,0,59,1.0,1.0,0.25,0.07,0.0,255,60,0.24,0.02,0.0,1.0,1.0,0.0,1,100471.0
19,9,151,0,0,1,1,0.0,0.0,1.0,0.0,0.0,12,94,0.92,0.17,0.03,0.0,0.0,0.0,0,70043.0
19,9,5133876,0,0,1,1,0.0,0.0,1.0,0.0,0.0,11,46,1.0,0.0,0.13,0.0,0.02,0.0,0,28072.0
11,9,42,72,0,0,198,0.0,0.0,0.99,0.01,0.01,255,255,1.0,0.0,0.0,0.0,0.0,0.0,0,10033.0
40,1,0,0,0,0,496,0.07,0.0,0.0,1.0,0.0,255,1,0.0,1.0,0.0,0.04,0.0,1.0,1,11133.0
45,9,1,0,0,0,23,0.0,0.0,0.26,0.17,0.0,255,20,0.08,0.16,0.0,0.0,0.0,0.0,1,65731.0
14,9,1032,0,0,0,511,0.0,0.0,1.0,0.0,0.0,255,50,0.2,0.21,0.0,0.0,0.0,0.0,1,124463.0
45,1,0,0,0,0,226,0.0,0.0,0.08,0.06,0.0,255,17,0.07,0.07,0.0,0.0,0.0,1.0,1,97682.0
22,9,199,3413,0,1,20,0.0,0.0,1.0,0.0,0.0,255,255,1.0,0.0,0.0,0.0,0.0,0.0,0,111775.0
45,5,0,0,0,0,37,1.0,1.0,0.08,0.14,0.0,255,19,0.07,0.08,0.0,1.0,1.0,0.0,1,8148.0
22,9,331,2263,0,1,4,0.0,0.0,1.0,0.0,0.0,115,255,1.0,0.0,0.05,0.0,0.0,0.0,0,23091.0
45,5,0,0,0,0,113,1.0,1.0,0.16,0.05,0.0,255,7,0.03,0.07,0.0,1.0,1.0,0.0,1,110459.0
49,9,1287,328,0,1,1,0.0,0.0,1.0,0.0,0.0,50,232,0.98,0.04,0.01,0.0,0.0,0.0,0,60805.0
22,9,310,314,0,1,7,0.0,0.0,1.0,0.0,0.0,174,255,1.0,0.0,0.03,0.0,0.0,0.0,0,51025.0
22,9,349,238,0,1,1,0.0,0.0,1.0,0.0,0.0,1,255,1.0,0.0,0.05,0.0,0.0,0.0,0,73657.0
55,5,0,0,0,0,58,1.0,1.0,0.26,0.07,0.0,255,31,0.12,0.05,0.0,1.0,1.0,0.0,1,111430.0
24,5,0,0,0,0,254,1.0,1.0,0.04,0.06,0.0,255,10,0.04,0.07,0.0,1.0,1.0,0.0,1,76346.0
22,9,215,14948,0,1,4,0.0,0.0,1.0,0.0,0.05,4,255,1.0,0.0,0.04,0.0,0.0,0.0,0,28524.0
22,9,221,1484,0,1,5,0.0,0.0,1.0,0.0,0.0,201,255,1.0,0.0,0.01,0.0,0.0,0.0,0,63369.0
22,9,429,5166,0,1,1,0.0,0.0,1.0,0.0,1.0,4,255,1.0,0.0,0.03,0.0,0.0,0.0,0,100123.0
45,5,0,0,0,0,140,1.0,1.0,0.03,0.06,0.0,255,3,0.01,0.07,0.0,1.0,1.0,0.0,1,30826.0
22,9,232,13277,0,1,1,0.0,0.0,1.0,0.0,0.0,255,255,1.0,0.0,0.0,0.0,0.0,0.0,0,112949.0
45,5,0,0,0,0,188,1.0,1.0,0.09,0.06,0.0,255,1,0.0,0.09,0.0,1.0,1.0,0.0,1,58026.0
22,1,0,0,0,0,1,0.0,0.0,1.0,0.0,1.0,13,255,1.0,0.0,0.11,0.0,0.0,0.81,0,904.0
22,9,305,2507,0,1,6,0.0,0.0,1.0,0.0,0.0,52,49,0.94,0.04,0.0,0.0,0.0,0.0,0,87980.0
40,1,0,0,0,0,509,0.17,0.0,0.0,1.0,0.0,255,1,0.0,1.0,0.0,0.02,0.0,1.0,1,122079.0
22,9,54540,8314,0,1,11,0.0,0.0,1.0,0.0,0.17,120,120,1.0,0.0,0.0,0.0,0.0,0.05,0,81512.0
19,9,6581,0,0,1,1,0.0,0.0,1.0,0.0,0.0,255,4,0.02,0.06,0.0,0.98,0.0,0.0,0,117368.0
59,5,0,0,0,0,130,1.0,1.0,0.05,0.06,0.0,255,7,0.03,0.07,0.0,1.0,1.0,0.0,1,108007.0
5,5,0,0,0,0,111,1.0,1.0,0.03,0.07,0.0,255,3,0.01,0.07,0.0,1.0,1.0,0.0,1,15325.0
40,1,0,0,0,0,510,0.06,0.0,0.0,1.0,0.0,255,1,0.0,1.0,0.0,0.02,0.0,1.0,1,47459.0
45,5,0,0,0,0,82,1.0,1.0,0.05,0.07,0.0,255,4,0.02,0.05,0.0,1.0,1.0,0.0,1,73142.0
17,5,0,0,0,0,23,1.0,1.0,0.3,0.17,0.0,185,49,0.25,0.02,0.04,0.99,0.96,0.0,1,95094.0
22,9,208,524,0,1,4,0.0,0.0,1.0,0.0,0.0,255,255,1.0,0.0,0.0,0.0,0.0,0.0,0,12611.0
45,5,0,0,0,0,208,1.0,1.0,0.09,0.06,0.0,255,26,0.1,0.07,0.0,1.0,1.0,0.0,1,73704.0
11,9,42,42,0,0,3,0.0,0.0,1.0,0.0,0.5,255,233,0.91,0.01,0.0,0.0,0.0,0.0,0,103492.0
22,9,221,10408,0,1,4,0.0,0.0,1.0,0.0,0.4,4,255,1.0,0.0,0.04,0.0,0.0,0.0,0,42972.0
28,5,0,0,0,0,131,1.0,1.0,0.15,0.06,0.0,255,19,0.07,0.07,0.0,1.0,1.0,0.0,1,9367.0
45,5,0,0,0,0,228,1.0,1.0,0.04,0.06,0.0,255,6,0.02,0.06,0.0,1.0,1.0,0.0,1,83932.0
61,1,0,0,0,0,202,0.0,0.0,0.01,0.06,0.0,255,2,0.01,0.07,0.0,0.0,0.0,1.0,1,68915.0
45,1,0,0,0,0,1,0.0,0.0,1.0,0.0,0.0,13,2,0.08,1.0,1.0,0.0,0.0,1.0,1,88860.0
15,5,0,0,0,0,101,1.0,1.0,0.09,0.05,0.0,255,9,0.04,0.05,0.0,1.0,1.0,0.0,1,41519.0
55,9,217,38761,0,1,1,0.0,0.0,1.0,0.0,0.0,1,5,1.0,0.0,0.4,0.0,0.0,0.0,0,20854.0
22,9,192,2241,0,1,12,0.0,0.0,1.0,0.0,0.2,116,255,1.0,0.0,0.02,0.0,0.0,0.0,0,110020.0
11,9,46,46,0,0,138,0.0,0.0,1.0,0.0,0.01,255,228,0.89,0.01,0.0,0.0,0.0,0.0,0,108559.0
14,9,1032,0,0,0,48,0.0,0.0,1.0,0.0,0.0,255,48,0.19,0.02,0.0,0.0,0.0,0.0,1,65504.0
55,5,0,0,0,0,232,1.0,1.0,0.06,0.06,0.0,255,14,0.05,0.06,0.0,1.0,1.0,0.0,1,48559.0
22,9,304,904,0,1,26,0.0,0.0,1.0,0.0,0.0,26,255,1.0,0.0,0.03,0.0,0.0,0.0,0,46220.0
22,9,219,4624,0,1,32,0.0,0.0,1.0,0.0,0.06,255,255,1.0,0.0,0.0,0.0,0.0,0.0,0,111174.0
45,5,0,0,0,0,110,1.0,1.0,0.06,0.06,0.0,255,8,0.03,0.08,0.0,1.0,1.0,0.0,1,120336.0
49,9,5649,325,0,1,1,0.0,0.0,1.0,0.0,0.0,139,106,0.66,0.02,0.02,0.0,0.0,0.0,0,61714.0
7,5,0,0,0,0,112,1.0,1.0,0.04,0.06,0.0,255,4,0.02,0.06,0.0,1.0,1.0,0.0,1,37079.0
11,9,45,75,0,0,230,0.0,0.0,1.0,0.01,0.0,255,244,0.96,0.01,0.0,0.0,0.0,0.0,0,6124.0
22,9,466,7096,0,1,7,0.0,0.0,1.0,0.0,0.25,189,255,1.0,0.0,0.01,0.0,0.0,0.0,0,60932.0
25,5,0,0,0,0,268,1.0,1.0,0.0,0.06,0.0,255,2,0.01,0.07,0.0,1.0,1.0,0.0,1,96584.0
5,5,0,0,0,0,146,1.0,1.0,0.15,0.04,0.0,255,22,0.09,0.05,0.0,1.0,1.0,0.0,1,95114.0
14,9,520,0,0,0,482,0.0,0.0,1.0,0.0,0.0,108,108,1.0,0.0,0.0,0.0,0.0,0.0,1,13152.0
22,5,0,0,0,0,274,1.0,1.0,0.01,0.07,0.0,255,2,0.01,0.07,0.0,1.0,1.0,0.0,1,121976.0
49,9,966,356,0,1,1,0.0,0.0,1.0,0.0,0.0,15,101,0.53,0.2,0.02,0.0,0.0,0.0,0,58592.0
20,1,0,0,0,0,105,0.0,0.0,0.11,0.06,0.0,255,12,0.05,0.08,0.0,0.0,0.0,1.0,1,9236.0
49,9,848,333,0,1,1,0.0,0.0,1.0,0.0,1.0,195,203,0.8,0.02,0.01,0.0,0.0,0.0,0,58647.0
28,5,0,0,0,0,50,1.0,1.0,0.04,0.1,0.0,255,10,0.04,0.08,0.0,1.0,1.0,0.0,1,54968.0
11,9,42,78,0,0,155,0.0,0.0,1.0,0.0,0.0,255,254,1.0,0.01,0.0,0.0,0.0,0.0,0,114856.0
22,9,184,33119,0,1,1,0.0,0.0,1.0,0.0,0.0,255,249,0.98,0.01,0.0,0.0,0.0,0.0,0,46374.0
55,6,1905,9092,0,1,1,1.0,1.0,1.0,0.0,0.0,176,26,0.14,0.02,0.08,0.11,0.77,0.0,0,52538.0
19,9,641,0,0,0,2,0.0,0.0,1.0,0.0,0.0,39,5,0.13,0.08,0.0,0.0,0.0,0.0,0,45370.0
22,9,333,288,0,1,4,0.0,0.0,1.0,0.0,0.4,255,255,1.0,0.0,0.0,0.0,0.0,0.0,0,23462.0
23,5,0,0,0,0,96,1.0,1.0,0.19,0.05,0.0,255,18,0.07,0.05,0.0,1.0,1.0,0.0,1,110313.0
13,9,18,0,0,0,1,0.0,0.0,1.0,0.0,1.0,4,43,1.0,0.0,0.26,0.0,0.0,0.0,1,91838.0
19,9,768,0,0,1,7,0.0,0.0,1.0,0.0,0.0,152,23,0.15,0.03,0.0,0.0,0.0,0.0,0,49247.0
15,5,0,0,0,0,139,1.0,1.0,0.11,0.05,0.0,255,15,0.06,0.05,0.0,1.0,1.0,0.0,1,114451.0
50,5,0,0,0,0,254,1.0,1.0,0.04,0.07,0.0,255,9,0.04,0.07,0.0,1.0,1.0,0.0,1,95288.0
3,5,0,0,0,0,239,1.0,1.0,0.03,0.06,0.0,255,5,0.02,0.07,0.0,1.0,1.0,0.0,1,37632.0
45,5,0,0,0,0,244,1.0,1.0,0.0,0.06,0.0,255,7,0.03,0.09,0.0,1.0,1.0,0.0,1,12356.0
19,5,0,0,0,0,62,1.0,1.0,0.18,0.06,0.0,255,65,0.25,0.02,0.0,1.0,1.0,0.0,1,55503.0
22,9,255,35916,0,1,1,0.0,0.0,1.0,0.0,0.0,255,247,0.97,0.01,0.0,0.0,0.0,0.0,0,102582.0
22,9,321,1735,0,1,29,0.0,0.0,1.0,0.0,0.0,29,255,1.0,0.0,0.09,0.0,0.01,0.0,0,87596.0
19,9,567,0,0,0,1,0.0,0.0,1.0,0.0,0.0,77,37,0.34,0.08,0.05,0.0,0.0,0.0,0,9895.0
22,8,344,201,0,1,5,0.2,0.18,1.0,0.0,0.27,5,255,1.0,0.0,0.02,0.2,0.01,0.0,0,14636.0
59,2,0,0,0,0,106,0.0,0.0,0.05,0.08,0.0,255,5,0.02,0.06,0.0,0.0,0.0,1.0,1,85592.0
2,5,0,0,0,0,243,1.0,1.0,0.03,0.07,0.0,255,7,0.03,0.07,0.0,1.0,1.0,0.0,1,79705.0
22,9,300,14320,0,1,15,0.0,0.0,1.0,0.0,0.18,15,255,1.0,0.0,0.02,0.0,0.0,0.0,0,22144.0
38,2,0,0,0,0,253,0.0,0.0,0.03,0.06,0.0,255,7,0.03,0.08,0.0,0.0,0.0,1.0,1,66376.0
22,9,271,715,0,1,1,0.0,0.0,1.0,0.0,0.0,255,252,0.99,0.01,0.0,0.0,0.0,0.0,0,89353.0
22,9,237,394,0,1,1,0.0,0.0,1.0,0.0,0.12,5,255,1.0,0.0,0.08,0.0,0.0,0.0,0,71509.0
45,5,0,0,0,0,129,1.0,1.0,0.15,0.05,0.0,255,11,0.04,0.07,0.0,1.0,1.0,0.0,1,121150.0
22,9,206,2483,0,1,21,0.0,0.0,1.0,0.0,0.0,255,255,1.0,0.0,0.0,0.0,0.0,0.0,0,56462.0
19,9,245,0,0,1,2,0.0,0.0,1.0,0.0,0.0,176,67,0.21,0.03,0.03,0.0,0.0,0.0,0,59045.0
45,4,0,0,0,0,0,0.0,0.0,0.0,0.0,0.0,255,1,0.0,1.0,0.0,0.0,0.0,1.0,1,47890.0
40,9,146,105,0,0,1,0.0,0.0,1.0,0.0,0.0,255,1,0.0,0.82,0.0,0.0,0.0,0.0,0,120011.0
33,1,0,0,0,0,195,0.0,0.0,0.02,0.07,0.0,255,3,0.01,0.07,0.0,0.0,0.0,1.0,1,115971.0
55,5,0,0,0,0,16,1.0,1.0,0.19,0.12,0.0,43,4,0.07,0.07,0.5,1.0,0.75,0.0,1,62444.0
45,5,0,0,0,0,274,1.0,1.0,0.01,0.07,0.0,255,20,0.08,0.09,0.0,1.0,1.0,0.0,1,110019.0
45,5,0,0,0,0,83,1.0,1.0,0.29,0.05,0.0,255,24,0.09,0.05,0.0,1.0,1.0,0.0,1,10570.0
45,5,0,0,0,0,110,1.0,1.0,0.02,0.06,0.0,255,12,0.05,0.07,0.0,1.0,1.0,0.0,1,113387.0
11,9,43,43,0,0,120,0.0,0.0,1.0,0.0,0.01,255,254,1.0,0.01,0.0,0.0,0.0,0.0,0,79032.0
22,9,230,8790,0,1,1,0.0,0.0,1.0,0.0,0.0,7,255,1.0,0.0,0.02,0.0,0.0,0.0,0,81317.0
3,5,0,0,0,0,266,1.0,1.0,0.07,0.05,0.0,255,18,0.07,0.05,0.0,1.0,1.0,0.0,1,90375.0
55,9,99,2822,0,1,1,0.0,0.0,1.0,0.0,0.0,3,2,0.33,0.67,1.0,0.0,0.0,0.0,0,4645.0
22,9,172,1493,0,1,2,0.0,0.0,1.0,0.0,0.0,2,2,1.0,0.0,0.0,0.0,0.0,0.0,0,116394.0
45,5,0,0,0,0,107,1.0,1.0,0.11,0.06,0.0,255,8,0.03,0.07,0.0,1.0,1.0,0.0,1,114102.0
19,5,0,0,0,0,134,1.0,1.0,0.11,0.06,0.0,255,3,0.01,0.06,0.0,1.0,1.0,0.0,1,7730.0
19,9,7233,0,0,1,10,0.0,0.0,1.0,0.0,0.0,47,26,0.47,0.11,0.08,0.0,0.0,0.0,0,25398.0
6,5,0,0,0,0,4,1.0,1.0,0.25,0.75,0.0,255,1,0.0,0.09,0.0,1.0,1.0,0.0,1,125272.0
4,5,0,0,0,0,211,1.0,1.0,0.03,0.05,0.0,169,6,0.04,0.07,0.0,0.99,1.0,0.0,1,113425.0
11,9,46,46,0,0,137,0.0,0.0,1.0,0.0,0.0,255,255,1.0,0.0,0.0,0.0,0.0,0.0,0,122473.0
45,9,1,0,0,0,38,0.0,0.0,0.92,0.05,0.0,255,35,0.14,0.24,0.0,0.0,0.0,0.0,1,121299.0
13,9,20,0,0,0,1,0.0,0.0,1.0,0.0,0.0,255,2,0.01,0.31,0.0,0.0,0.0,0.0,0,55690.0
22,9,242,320,0,1,8,0.0,0.0,1.0,0.0,0.0,202,255,1.0,0.0,0.01,0.0,0.0,0.0,0,98875.0
5,1,0,0,0,0,142,0.0,0.0,0.13,0.06,0.0,255,19,0.07,0.06,0.0,0.0,0.0,1.0,1,72905.0
4,5,0,0,0,0,260,1.0,1.0,0.02,0.07,0.0,255,5,0.02,0.07,0.0,1.0,1.0,0.0,1,78334.0
22,9,291,606,0,1,1,0.0,0.0,1.0,0.0,0.0,42,255,1.0,0.0,0.04,0.0,0.0,0.0,0,73827.0
45,5,0,0,0,0,27,1.0,1.0,0.04,0.22,0.0,255,13,0.05,0.09,0.0,1.0,1.0,0.0,1,52043.0
37,5,0,0,0,0,140,1.0,1.0,0.11,0.06,0.0,255,16,0.06,0.06,0.0,1.0,1.0,0.0,1,87059.0
45,5,0,0,0,0,135,1.0,1.0,0.1,0.08,0.0,255,13,0.05,0.07,0.0,1.0,1.0,0.0,1,78475.0
45,5,0,0,0,0,248,1.0,1.0,0.04,0.06,0.0,255,20,0.08,0.06,0.0,1.0,1.0,0.0,1,23143.0
11,9,31,0,0,0,1,0.0,0.0,1.0,0.0,1.0,117,27,0.1,0.06,0.07,0.0,0.0,0.0,0,90068.0
19,5,0,0,0,0,195,1.0,1.0,0.05,0.06,0.0,255,10,0.04,0.07,0.0,1.0,1.0,0.0,1,35520.0
11,9,34,0,0,0,2,0.0,0.0,1.0,0.0,0.2,255,75,0.29,0.03,0.0,0.0,0.0,0.0,0,113360.0
31,5,0,0,0,0,33,1.0,1.0,0.12,0.15,0.0,255,11,0.04,0.07,0.0,1.0,1.0,0.0,1,121073.0
53,5,0,0,0,0,295,1.0,1.0,0.06,0.06,0.0,255,19,0.07,0.07,0.0,1.0,1.0,0.0,1,75576.0
11,9,46,46,0,0,159,0.0,0.0,1.0,0.0,0.0,255,249,0.98,0.01,0.0,0.0,0.0,0.0,0,11175.0
17,5,0,0,0,0,51,1.0,1.0,0.24,0.08,0.0,255,62,0.24,0.02,0.0,1.0,1.0,0.0,1,103362.0
17,5,0,0,0,0,47,1.0,1.0,0.28,0.09,0.0,255,61,0.24,0.02,0.0,1.0,1.0,0.0,1,68884.0
45,5,0,0,0,0,234,1.0,1.0,0.06,0.07,0.0,255,17,0.07,0.07,0.0,1.0,1.0,0.0,1,94037.0
45,5,0,0,0,0,150,1.0,1.0,0.17,0.05,0.0,255,3,0.01,0.05,0.0,1.0,1.0,0.0,1,91317.0
45,1,0,0,0,0,110,0.0,0.0,0.04,0.09,0.0,255,4,0.02,0.09,0.0,0.0,0.0,1.0,1,33178.0
21,5,0,0,0,0,129,1.0,1.0,0.15,0.07,0.0,255,20,0.08,0.07,0.0,1.0,1.0,0.0,1,67034.0
45,1,0,0,0,0,448,0.0,0.0,0.0,0.52,0.0,255,1,0.0,0.51,0.0,0.0,0.0,1.0,1,12662.0
22,9,212,766,0,1,8,0.0,0.0,1.0,0.0,0.0,8,255,1.0,0.0,0.02,0.0,0.0,0.0,0,67901.0
22,9,212,8001,0,1,1,0.0,0.0,1.0,0.0,0.0,69,255,1.0,0.0,0.06,0.0,0.0,0.0,0,118957.0
18,5,0,0,0,0,220,1.0,1.0,0.0,0.07,0.0,255,1,0.0,0.07,0.0,1.0,1.0,0.0,1,2854.0
22,9,237,4326,0,1,3,0.0,0.0,1.0,0.0,0.0,146,255,1.0,0.0,0.02,0.01,0.0,0.0,0,7160.0
22,9,205,16702,0,1,1,0.0,0.0,1.0,0.0,0.0,10,255,1.0,0.0,0.03,0.0,0.0,0.0,0,31992.0
45,5,0,0,0,0,190,1.0,1.0,0.03,0.07,0.0,255,6,0.02,0.06,0.0,1.0,1.0,0.0,1,39242.0
22,9,249,1820,0,1,9,0.0,0.0,1.0,0.0,0.19,255,255,1.0,0.0,0.0,0.0,0.0,0.0,0,5623.0
22,9,323,2276,0,1,17,0.0,0.0,1.0,0.0,0.0,17,255,1.0,0.0,0.04,0.0,0.0,0.0,0,2781.0
22,9,366,1861,0,1,5,0.0,0.0,1.0,0.0,0.23,255,255,1.0,0.0,0.0,0.0,0.0,0.01,0,83558.0
45,9,28,0,3,0,55,0.0,0.0,1.0,0.0,0.0,255,22,0.09,0.01,0.0,0.0,0.0,0.0,1,18681.0
22,9,239,273,0,1,2,0.0,0.0,1.0,0.0,0.67,51,255,1.0,0.0,0.03,0.0,0.0,0.0,0,20917.0
17,9,10,140,0,0,1,0.0,0.0,1.0,0.0,0.0,71,14,0.08,0.04,0.21,0.0,0.0,0.07,0,55914.0
22,9,226,369,0,1,6,0.0,0.0,1.0,0.0,0.0,255,255,1.0,0.0,0.0,0.0,0.0,0.0,0,121866.0
22,9,203,454,0,1,13,0.0,0.0,1.0,0.0,0.08,13,255,1.0,0.0,0.05,0.0,0.0,0.01,0,13969.0
22,9,378,14060,0,1,17,0.0,0.0,1.0,0.0,0.0,255,255,1.0,0.0,0.0,0.0,0.0,0.0,0,61197.0
22,9,237,3222,0,1,7,0.0,0.0,1.0,0.0,0.0,255,240,0.94,0.02,0.0,0.0,0.0,0.03,0,13614.0
22,9,308,1482,0,1,16,0.0,0.0,1.0,0.0,0.0,251,255,1.0,0.0,0.01,0.0,0.0,0.0,0,34601.0
54,5,0,0,0,0,265,1.0,1.0,0.06,0.06,0.0,255,17,0.07,0.07,0.0,1.0,1.0,0.0,1,89163.0
22,9,323,2446,0,1,2,0.0,0.0,1.0,0.0,0.3,159,255,1.0,0.0,0.01,0.0,0.0,0.0,0,79328.0
49,9,1679,357,0,1,1,0.0,0.0,1.0,0.0,0.0,152,155,0.56,0.09,0.01,0.01,0.0,0.0,0,101919.0
22,9,331,546,0,1,7,0.0,0.0,1.0,0.0,0.4,255,255,1.0,0.0,0.0,0.0,0.0,0.0,0,4508.0
45,5,0,0,0,0,189,1.0,1.0,0.02,0.05,0.0,255,3,0.01,0.07,0.0,1.0,1.0,0.0,1,61397.0
45,5,0,0,0,0,126,1.0,1.0,0.14,0.06,0.0,255,3,0.01,0.07,0.0,1.0,1.0,0.0,1,81862.0
14,9,520,0,0,0,314,0.0,0.0,1.0,0.0,0.0,255,255,1.0,0.0,0.0,0.0,0.0,0.0,1,17040.0
22,9,375,9127,0,1,20,0.0,0.0,1.0,0.0,0.0,255,255,1.0,0.0,0.0,0.0,0.0,0.0,0,60316.0
22,9,334,1048,0,1,17,0.0,0.0,1.0,0.0,0.0,255,255,1.0,0.0,0.0,0.0,0.0,0.0,0,29367.0
22,9,236,896,0,1,14,0.0,0.0,1.0,0.0,0.0,66,255,1.0,0.0,0.03,0.0,0.0,0.0,0,8878.0
13,9,8,0,0,0,1,0.0,0.0,1.0,0.0,1.0,1,175,1.0,0.0,0.5,0.0,0.0,0.0,1,53621.0
22,9,243,557,0,1,8,0.0,0.0,1.0,0.0,0.22,89,255,1.0,0.0,0.04,0.0,0.0,0.0,0,68687.0
13,9,8,0,0,0,1,0.0,0.0,1.0,0.0,1.0,1,107,1.0,0.0,0.5,0.0,0.0,0.0,1,10031.0
11,9,44,44,0,0,86,0.0,0.0,1.0,0.0,0.02,255,254,1.0,0.01,0.0,0.0,0.0,0.0,0,22249.0
19,9,192,0,0,1,2,0.0,0.0,1.0,0.0,0.0,49,34,0.57,0.1,0.06,0.0,0.0,0.0,0,80135.0
55,5,0,0,0,0,298,1.0,1.0,0.05,0.06,0.0,255,16,0.06,0.07,0.0,1.0,1.0,0.0,1,38834.0
37,5,0,0,0,0,128,1.0,1.0,0.14,0.05,0.0,255,18,0.07,0.05,0.0,1.0,1.0,0.0,1,69151.0
22,9,297,2649,0,1,7,0.0,0.0,1.0,0.0,0.1,7,255,1.0,0.0,0.03,0.0,0.0,0.0,0,51784.0
22,9,256,3123,0,1,17,0.0,0.0,1.0,0.0,0.0,110,255,1.0,0.0,0.02,0.0,0.0,0.0,0,113377.0
19,9,748,0,0,0,1,0.0,0.0,1.0,0.0,0.0,255,21,0.08,0.02,0.0,0.0,0.0,0.0,0,119961.0
36,5,0,0,0,0,189,1.0,1.0,0.05,0.08,0.0,255,10,0.04,0.08,0.0,1.0,1.0,0.0,1,94672.0
49,9,11676,1405,0,1,2,0.0,0.0,1.0,0.0,0.0,159,80,0.5,0.02,0.0,0.0,0.0,0.0,0,98045.0
45,5,0,0,0,0,131,1.0,1.0,0.03,0.06,0.0,255,15,0.06,0.07,0.0,1.0,1.0,0.0,1,42724.0
45,9,1,0,0,0,14,0.0,0.0,0.43,0.29,0.0,255,6,0.02,0.22,0.0,0.0,0.0,0.0,1,48087.0
11,9,44,127,0,0,82,0.0,0.0,1.0,0.0,0.01,255,254,1.0,0.01,0.0,0.0,0.0,0.0,0,46685.0
45,1,0,0,0,0,271,0.0,0.0,0.03,0.06,0.0,255,8,0.03,0.09,0.0,0.0,0.0,1.0,1,98775.0
22,9,243,4533,0,1,19,0.0,0.0,1.0,0.0,0.07,255,255,1.0,0.0,0.0,0.0,0.0,0.0,0,107455.0
40,9,1,0,0,0,153,0.0,0.0,0.02,0.05,0.0,255,3,0.01,0.05,0.0,0.0,0.0,0.0,1,108843.0
45,5,0,0,0,0,178,1.0,1.0,0.01,0.07,0.0,217,2,0.01,0.08,0.0,0.94,1.0,0.0,1,15067.0
13,9,8,0,0,0,1,0.0,0.0,1.0,0.0,1.0,2,42,1.0,0.0,0.26,0.0,0.0,0.0,1,116513.0
49,9,945,481,0,1,5,0.0,0.0,0.2,0.4,0.0,255,22,0.09,0.01,0.0,0.0,0.0,0.0,0,117298.0
22,9,226,12884,0,1,11,0.0,0.05,1.0,0.0,0.09,255,255,1.0,0.0,0.0,0.0,0.0,0.0,0,11207.0
62,5,0,0,0,0,110,1.0,1.0,0.09,0.06,0.0,255,10,0.04,0.08,0.0,1.0,1.0,0.0,1,90876.0
22,9,222,10654,0,1,17,0.0,0.0,1.0,0.0,0.0,52,255,1.0,0.0,0.07,0.0,0.0,0.0,0,52885.0
22,9,339,185,0,1,2,0.0,0.0,1.0,0.0,0.57,19,255,1.0,0.0,0.02,0.0,0.0,0.0,0,37182.0
45,5,0,0,0,0,214,1.0,1.0,0.05,0.07,0.0,255,11,0.04,0.09,0.0,1.0,1.0,0.0,1,80805.0
49,9,1956,329,0,1,1,0.0,0.0,1.0,0.0,0.0,6,93,0.67,0.5,0.03,0.0,0.0,0.0,0,107861.0
22,9,349,3079,0,1,25,0.0,0.0,1.0,0.0,0.14,122,255,1.0,0.0,0.02,0.0,0.0,0.0,0,79640.0
45,1,0,0,0,0,166,0.0,0.0,0.11,0.08,0.0,255,19,0.07,0.07,0.0,0.0,0.0,1.0,1,89347.0
62,5,0,0,0,0,222,1.0,1.0,0.06,0.05,0.0,255,14,0.05,0.07,0.0,1.0,1.0,0.0,1,68236.0
20,5,0,0,0,0,211,1.0,1.0,0.06,0.06,0.0,255,11,0.04,0.07,0.0,1.0,1.0,0.0,1,114160.0
11,9,46,129,0,0,64,0.0,0.0,1.0,0.0,0.01,255,228,0.89,0.01,0.0,0.0,0.0,0.0,0,91208.0
45,5,0,0,0,0,278,1.0,1.0,0.01,0.06,0.0,255,4,0.02,0.06,0.0,1.0,1.0,0.0,1,42164.0
14,9,1032,0,0,0,394,0.0,0.0,1.0,0.0,0.0,255,255,1.0,0.0,0.0,0.0,0.0,0.0,1,82591.0
22,9,260,892,0,1,27,0.0,0.0,1.0,0.0,0.0,243,255,1.0,0.0,0.01,0.0,0.0,0.0,0,15591.0
11,9,44,79,0,0,324,0.0,0.0,1.0,0.01,0.0,255,251,0.98,0.01,0.0,0.0,0.0,0.0,0,33070.0
22,2,0,0,0,1,1,0.0,0.0,1.0,0.0,0.0,255,244,0.96,0.01,0.0,0.0,0.0,0.03,0,93779.0
45,5,0,0,0,0,114,1.0,1.0,0.11,0.06,0.0,255,31,0.12,0.06,0.0,1.0,1.0,0.0,1,69270.0
45,5,0,0,0,0,213,1.0,1.0,0.07,0.06,0.0,255,7,0.03,0.09,0.0,1.0,1.0,0.0,1,81868.0
49,9,1058,333,0,1,1,0.0,0.0,1.0,0.0,0.0,97,231,0.98,0.02,0.01,0.0,0.0,0.0,0,57871.0
22,9,212,978,0,1,4,0.0,0.0,1.0,0.0,0.0,255,255,1.0,0.0,0.0,0.0,0.0,0.0,0,70801.0
54,5,0,0,0,0,105,1.0,1.0,0.05,0.06,0.0,255,5,0.02,0.07,0.0,1.0,1.0,0.0,1,79544.0
54,5,0,0,0,0,139,1.0,1.0,0.12,0.06,0.0,255,16,0.06,0.07,0.0,1.0,1.0,0.0,1,99522.0
19,5,0,0,0,0,9,0.89,1.0,0.22,0.56,0.0,255,44,0.17,0.04,0.0,1.0,1.0,0.0,1,86504.0
45,1,0,0,0,0,274,0.03,0.0,0.0,1.0,0.0,255,1,0.0,0.97,0.0,0.04,0.0,1.0,1,11594.0
45,9,215,0,0,0,1,0.0,0.0,1.0,0.0,0.0,11,11,1.0,0.0,0.0,0.0,0.0,0.0,1,39450.0
19,9,5135678,0,0,1,1,0.0,0.0,1.0,0.0,0.0,9,39,1.0,0.0,0.13,0.0,0.0,0.0,0,20263.0
14,9,520,0,0,0,435,0.0,0.0,1.0,0.0,0.0,244,244,1.0,0.0,0.0,0.0,0.0,0.0,1,62161.0
22,9,220,10986,0,1,21,0.0,0.0,1.0,0.0,0.11,239,255,1.0,0.0,0.01,0.0,0.0,0.0,0,85771.0
22,9,238,2698,0,1,1,0.0,0.0,1.0,0.0,0.0,255,242,0.95,0.02,0.0,0.0,0.0,0.0,0,56961.0
22,9,207,2533,0,1,22,0.0,0.0,1.0,0.0,0.0,45,255,1.0,0.0,0.02,0.0,0.0,0.0,0,45862.0
17,8,9,138,0,0,1,1.0,1.0,1.0,0.0,0.0,82,3,0.04,0.06,0.0,0.01,0.33,0.0,0,43728.0
45,5,0,0,0,0,133,1.0,1.0,0.11,0.07,0.0,255,16,0.06,0.05,0.0,1.0,1.0,0.0,1,107726.0
38,5,0,0,0,0,193,1.0,1.0,0.02,0.07,0.0,255,3,0.01,0.08,0.0,1.0,1.0,0.0,1,47926.0
22,9,182,1487,0,1,2,0.0,0.0,1.0,0.0,0.4,225,215,0.96,0.01,0.0,0.0,0.0,0.0,0,91083.0
22,9,222,11892,0,1,31,0.0,0.0,1.0,0.0,0.07,31,255,1.0,0.0,0.01,0.0,0.0,0.0,0,109993.0
61,5,0,0,0,0,245,1.0,1.0,0.01,0.06,0.0,255,3,0.01,0.06,0.0,1.0,1.0,0.0,1,43516.0
22,9,335,2105,0,1,32,0.0,0.0,1.0,0.0,0.11,255,255,1.0,0.0,0.0,0.0,0.0,0.0,0,28797.0
25,1,0,0,0,0,257,0.0,0.0,0.06,0.07,0.0,255,15,0.06,0.07,0.0,0.0,0.0,1.0,1,77192.0
22,9,298,290,0,1,16,0.0,0.0,1.0,0.0,0.11,255,255,1.0,0.0,0.0,0.0,0.0,0.0,0,23605.0
49,9,1093,334,0,1,1,0.0,0.0,1.0,0.0,1.0,72,180,0.67,0.07,0.01,0.0,0.0,0.0,0,80322.0
22,9,222,310,0,1,10,0.0,0.0,1.0,0.0,0.21,111,255,1.0,0.0,0.02,0.0,0.0,0.0,0,102393.0
15,5,0,0,0,0,28,1.0,1.0,0.29,0.11,0.0,255,8,0.03,0.07,0.0,1.0,1.0,0.0,1,12711.0
22,9,232,12426,0,1,16,0.0,0.0,1.0,0.0,0.16,222,255,1.0,0.0,0.03,0.0,0.0,0.0,0,30156.0
45,9,1,0,0,0,28,0.0,0.0,0.43,0.11,0.0,255,12,0.05,0.62,0.0,0.05,0.0,0.0,1,4259.0
22,9,216,332,0,1,7,0.0,0.0,1.0,0.0,0.25,255,255,1.0,0.0,0.0,0.0,0.0,0.0,0,47678.0
31,1,0,0,0,0,257,0.0,0.0,0.04,0.07,0.0,255,11,0.04,0.07,0.0,0.0,0.0,1.0,1,105252.0
49,9,1272,384,0,1,1,0.0,0.0,1.0,0.0,0.0,255,57,0.22,0.08,0.0,0.62,0.0,0.0,0,61037.0
19,9,383,0,0,1,2,0.0,0.0,1.0,0.0,0.0,197,28,0.09,0.06,0.07,0.02,0.07,0.0,0,37587.0
31,5,0,0,0,0,267,1.0,1.0,0.01,0.06,0.0,255,4,0.02,0.09,0.0,1.0,1.0,0.0,1,47908.0
19,9,567,0,0,0,2,0.0,0.0,0.5,1.0,0.0,255,48,0.19,0.03,0.0,0.0,0.0,0.0,0,15129.0
22,9,216,5937,0,1,2,0.0,0.0,1.0,0.0,0.67,3,199,1.0,0.0,0.1,0.0,0.01,0.0,0,18322.0
45,1,0,0,0,0,125,0.0,0.0,0.07,0.07,0.0,255,9,0.04,0.07,0.0,0.0,0.0,1.0,1,95280.0
22,9,279,761,0,1,4,0.0,0.0,1.0,0.0,0.09,232,255,1.0,0.0,0.01,0.0,0.0,0.0,0,4350.0
19,5,0,0,0,0,240,1.0,1.0,0.01,0.07,0.0,255,2,0.01,0.07,0.0,1.0,1.0,0.0,1,19243.0
11,9,43,69,0,0,150,0.0,0.0,0.99,0.01,0.0,255,254,1.0,0.01,0.0,0.0,0.0,0.0,0,109193.0
22,9,253,653,0,1,4,0.0,0.0,1.0,0.0,0.25,4,255,1.0,0.0,0.03,0.0,0.0,0.0,0,90854.0
22,9,263,5963,0,1,16,0.0,0.0,1.0,0.0,0.12,255,255,1.0,0.0,0.0,0.0,0.0,0.0,0,107537.0
61,1,0,0,0,0,138,0.01,0.0,0.01,1.0,0.0,255,1,0.0,0.57,0.0,0.0,0.0,1.0,1,57448.0
45,5,0,0,0,0,223,1.0,1.0,0.06,0.06,0.0,255,18,0.07,0.07,0.0,1.0,1.0,0.0,1,53783.0
22,9,316,1092,0,1,2,0.0,0.0,1.0,0.0,0.0,127,255,1.0,0.0,0.01,0.0,0.0,0.0,0,24664.0
22,9,235,747,0,1,19,0.0,0.0,1.0,0.0,0.0,53,255,1.0,0.0,0.02,0.0,0.0,0.0,0,21383.0
45,5,0,0,0,0,102,1.0,1.0,0.02,0.08,0.0,255,15,0.06,0.07,0.0,1.0,1.0,0.0,1,39296.0
22,9,156,671,0,1,1,0.0,0.0,1.0,0.0,0.15,20,255,1.0,0.0,0.02,0.0,0.0,0.0,0,90683.0
13,9,8,0,0,0,1,0.0,0.0,1.0,0.0,1.0,2,138,1.0,0.0,0.25,0.0,0.0,0.0,1,26523.0
14,9,1032,0,0,0,511,0.0,0.0,1.0,0.0,0.0,255,189,0.74,0.02,0.0,0.0,0.0,0.0,1,40783.0
49,9,1174,329,0,1,1,0.0,0.0,1.0,0.0,1.0,255,24,0.09,0.57,0.0,0.0,0.0,0.0,0,11362.0
54,1,0,0,0,0,143,0.0,0.0,0.09,0.06,0.0,255,11,0.04,0.06,0.0,0.0,0.0,1.0,1,41853.0
22,9,290,6763,0,1,3,0.0,0.0,1.0,0.0,0.13,255,255,1.0,0.0,0.0,0.0,0.0,0.0,0,2133.0
22,9,288,294,0,1,1,0.0,0.0,1.0,0.0,0.11,3,255,1.0,0.0,0.07,0.0,0.0,0.0,0,39596.0
22,9,284,5921,0,1,1,0.0,0.0,1.0,0.0,0.0,49,255,1.0,0.0,0.07,0.0,0.0,0.0,0,372.0
32,1,0,0,0,0,242,0.0,0.0,0.02,0.07,0.0,255,5,0.02,0.07,0.0,0.0,0.0,1.0,1,85313.0
19,9,12,0,0,1,1,0.0,0.0,1.0,0.0,0.0,88,9,0.1,0.05,0.0,0.0,0.0,0.0,0,119745.0
45,5,0,0,0,0,210,1.0,1.0,0.08,0.06,0.0,71,14,0.2,0.14,0.0,0.8,1.0,0.0,1,10663.0
45,5,0,0,0,0,131,1.0,1.0,0.04,0.06,0.0,255,15,0.06,0.06,0.0,1.0,1.0,0.0,1,91088.0
49,9,1183,327,0,1,1,0.0,0.0,1.0,0.0,0.0,246,142,0.58,0.03,0.0,0.0,0.0,0.0,0,107640.0
45,5,0,0,0,0,109,1.0,1.0,0.23,0.06,0.0,255,7,0.03,0.07,0.0,1.0,1.0,0.0,1,70937.0
19,9,768,0,0,1,7,0.0,0.0,1.0,0.0,0.25,127,41,0.2,0.06,0.05,0.0,0.0,0.0,0,75692.0
32,5,0,0,0,0,297,1.0,1.0,0.06,0.05,0.0,255,10,0.04,0.08,0.0,1.0,1.0,0.0,1,54168.0
22,1,0,0,0,0,1,0.0,0.0,1.0,0.0,0.0,1,224,1.0,0.0,0.16,0.0,0.0,0.92,0,89567.0
53,5,0,0,0,0,282,1.0,1.0,0.09,0.05,0.0,255,24,0.09,0.05,0.0,1.0,1.0,0.0,1,42973.0
22,9,230,1285,0,1,1,0.0,0.0,1.0,0.0,1.0,35,255,1.0,0.0,0.02,0.0,0.0,0.0,0,36740.0
45,1,0,0,0,0,1,0.0,0.0,1.0,0.0,0.0,25,2,0.04,1.0,1.0,0.0,0.0,1.0,1,97556.0
11,9,44,119,0,0,190,0.0,0.0,0.99,0.01,0.01,255,255,1.0,0.0,0.0,0.0,0.0,0.0,0,57062.0
11,9,45,135,0,0,214,0.0,0.0,1.0,0.01,0.0,103,70,0.68,0.02,0.0,0.0,0.0,0.0,0,40378.0
38,5,0,0,0,0,143,1.0,1.0,0.14,0.06,0.0,255,1,0.0,0.08,0.0,1.0,1.0,0.0,1,25430.0
22,9,296,925,0,1,6,0.0,0.0,1.0,0.0,0.0,62,255,1.0,0.0,0.02,0.0,0.0,0.0,0,67637.0
3,5,0,0,0,0,250,1.0,1.0,0.08,0.06,0.0,255,4,0.02,0.07,0.0,1.0,1.0,0.0,1,82349.0
22,1,0,0,0,0,1,0.0,0.0,1.0,0.0,0.0,8,247,1.0,0.0,0.11,0.0,0.0,0.4,0,122702.0
22,9,230,1380,0,1,2,0.0,0.0,1.0,0.0,0.0,255,248,0.97,0.01,0.0,0.0,0.0,0.0,0,96441.0
22,9,332,710,0,1,6,0.0,0.0,1.0,0.0,0.0,6,255,1.0,0.0,0.02,0.0,0.0,0.0,0,87832.0
26,5,0,0,0,0,139,1.0,1.0,0.04,0.06,0.0,255,12,0.05,0.06,0.0,1.0,1.0,0.0,1,107513.0
2,5,0,0,0,0,272,1.0,1.0,0.08,0.05,0.0,255,22,0.09,0.05,0.0,1.0,1.0,0.0,1,19580.0
49,9,2685,333,0,1,1,0.0,0.0,1.0,0.0,0.0,255,189,0.74,0.02,0.0,0.0,0.0,0.0,0,82923.0
45,1,0,0,0,0,131,0.0,0.0,0.04,0.07,0.0,255,5,0.02,0.08,0.0,0.0,0.0,1.0,1,82917.0
22,9,216,762,0,1,3,0.0,0.0,1.0,0.0,0.15,95,255,1.0,0.0,0.02,0.0,0.0,0.0,0,112815.0
49,9,917,337,0,1,1,0.0,0.0,1.0,0.0,0.0,98,144,0.67,0.05,0.01,0.0,0.0,0.0,0,79154.0
11,9,45,45,0,0,72,0.0,0.0,1.0,0.0,0.03,255,254,1.0,0.01,0.0,0.0,0.0,0.0,0,87284.0
13,9,8,0,0,0,1,0.0,0.0,1.0,0.0,1.0,2,41,1.0,0.0,0.27,0.0,0.0,0.0,1,55208.0
45,5,0,0,0,0,114,1.0,1.0,0.09,0.05,0.0,255,10,0.04,0.05,0.0,1.0,1.0,0.0,1,72921.0
45,5,0,0,0,0,102,1.0,1.0,0.04,0.08,0.0,255,3,0.01,0.09,0.0,1.0,1.0,0.0,1,55752.0
18,2,0,0,0,0,239,0.0,0.0,0.05,0.07,0.0,255,11,0.04,0.08,0.0,0.0,0.0,1.0,1,92703.0
22,9,293,1405,0,1,28,0.0,0.0,1.0,0.0,0.07,63,255,1.0,0.0,0.04,0.0,0.0,0.0,0,44034.0
11,9,46,134,0,0,238,0.0,0.0,1.0,0.0,0.0,255,252,0.99,0.01,0.0,0.0,0.0,0.0,0,87952.0
40,9,147,0,0,0,3,0.0,0.0,0.33,0.67,0.0,255,4,0.02,0.75,0.0,0.0,0.0,0.0,0,9170.0
40,9,147,105,0,0,2,0.0,0.0,1.0,0.0,0.0,255,3,0.01,0.83,0.0,0.0,0.0,0.0,0,63257.0
10,5,0,0,0,0,215,1.0,1.0,0.07,0.06,0.0,255,6,0.02,0.07,0.0,1.0,1.0,0.0,1,60342.0
19,9,59,0,0,1,16,0.0,0.0,1.0,0.0,0.0,22,22,1.0,0.0,0.0,0.0,0.0,0.0,0,42597.0
22,9,223,1623,0,1,12,0.0,0.0,1.0,0.0,0.0,47,255,1.0,0.0,0.07,0.0,0.0,0.0,0,66477.0
22,6,226,29200,0,1,1,1.0,1.0,1.0,0.0,0.0,255,255,1.0,0.0,0.0,0.0,0.0,0.0,0,5648.0
11,9,86,0,0,0,1,0.0,0.0,1.0,0.0,1.0,20,20,1.0,0.0,0.0,0.0,0.0,0.0,0,32461.0
13,9,8,0,0,0,1,0.0,0.0,1.0,0.0,1.0,2,2,1.0,0.0,0.0,0.0,0.0,0.0,1,77815.0
28,5,0,0,0,0,108,1.0,1.0,0.17,0.06,0.0,255,8,0.03,0.07,0.0,1.0,1.0,0.0,1,100692.0
11,9,43,127,0,0,143,0.0,0.0,1.0,0.0,0.01,255,254,1.0,0.01,0.0,0.0,0.0,0.0,0,11386.0
22,9,278,255,0,1,6,0.0,0.0,1.0,0.0,0.0,255,255,1.0,0.0,0.0,0.0,0.0,0.0,0,16927.0
22,9,196,170,0,1,3,0.0,0.0,1.0,0.0,0.0,44,255,1.0,0.0,0.02,0.0,0.0,0.0,0,55847.0
45,5,0,0,0,0,203,1.0,1.0,0.01,0.07,0.0,255,9,0.04,0.07,0.0,1.0,1.0,0.0,1,122716.0
2,1,0,0,0,0,200,0.0,0.0,0.08,0.06,0.0,255,16,0.06,0.07,0.0,0.0,0.0,1.0,1,90403.0
25,5,0,0,0,0,293,1.0,1.0,0.09,0.05,0.0,255,25,0.1,0.05,0.0,1.0,1.0,0.0,1,98183.0
5,5,0,0,0,0,110,1.0,1.0,0.08,0.06,0.0,255,9,0.04,0.05,0.0,1.0,1.0,0.0,1,30473.0
22,1,0,0,0,0,1,0.0,0.0,1.0,0.0,0.0,2,92,1.0,0.0,0.09,0.0,0.0,1.0,0,926.0
22,9,359,917,0,1,22,0.0,0.0,1.0,0.0,0.09,255,255,1.0,0.0,0.0,0.0,0.0,0.0,0,51618.0
18,5,0,0,0,0,254,1.0,1.0,0.02,0.07,0.0,255,4,0.02,0.07,0.0,1.0,1.0,0.0,1,80953.0
22,9,245,1481,0,1,7,0.0,0.0,1.0,0.0,0.0,128,255,1.0,0.0,0.01,0.0,0.0,0.0,0,20913.0
45,5,0,0,0,0,264,1.0,1.0,0.05,0.06,0.0,255,9,0.04,0.08,0.0,1.0,1.0,0.0,1,109197.0
22,9,310,14185,0,1,11,0.0,0.0,1.0,0.0,0.0,255,255,1.0,0.0,0.0,0.0,0.0,0.0,0,44237.0
45,5,0,0,0,0,119,1.0,1.0,0.08,0.07,0.0,255,11,0.04,0.05,0.0,1.0,1.0,0.0,1,120291.0
19,5,0,0,0,0,188,1.0,1.0,0.02,0.06,0.0,255,3,0.01,0.07,0.0,1.0,1.0,0.0,1,53034.0
11,9,43,130,0,0,73,0.0,0.0,1.0,0.0,0.01,255,254,1.0,0.01,0.0,0.0,0.0,0.0,0,29885.0
19,9,95,0,0,1,8,0.0,0.0,1.0,0.0,0.0,255,44,0.17,0.03,0.0,0.0,0.0,0.0,0,24847.0
45,5,0,0,0,0,131,1.0,1.0,0.04,0.07,0.0,255,9,0.04,0.07,0.0,1.0,1.0,0.0,1,125194.0
22,9,217,3212,0,1,3,0.0,0.0,1.0,0.0,0.0,3,255,1.0,0.0,0.02,0.0,0.0,0.0,0,70681.0
22,9,239,2379,0,1,21,0.0,0.0,1.0,0.0,0.0,255,255,1.0,0.0,0.0,0.0,0.0,0.0,0,97278.0
19,9,641,0,0,1,2,0.0,0.0,1.0,0.0,0.0,14,95,0.36,0.29,0.03,0.0,0.0,0.0,0,118024.0
45,5,0,0,0,0,278,1.0,1.0,0.04,0.05,0.0,255,4,0.02,0.09,0.0,1.0,1.0,0.0,1,66761.0
33,5,0,0,0,0,245,1.0,1.0,0.02,0.07,0.0,255,4,0.02,0.08,0.0,1.0,1.0,0.0,1,35181.0
14,9,1032,0,0,0,362,0.0,0.0,1.0,0.0,0.0,255,255,1.0,0.0,0.0,0.0,0.0,0.0,1,13174.0
13,9,18,0,0,0,1,0.0,0.0,1.0,0.0,0.0,1,159,1.0,0.0,1.0,0.0,0.0,0.0,1,55209.0
49,9,11371,1430,0,1,1,0.0,0.0,1.0,0.0,0.0,167,204,0.73,0.02,0.01,0.0,0.0,0.0,0,54533.0
14,9,1032,0,0,0,483,0.0,0.0,1.0,0.0,0.0,255,255,1.0,0.0,0.0,0.0,0.0,0.0,1,37194.0
22,9,247,753,0,1,4,0.0,0.0,1.0,0.0,0.2,4,255,1.0,0.0,0.03,0.0,0.0,0.0,0,47741.0
49,9,781,326,0,1,1,0.0,0.0,1.0,0.0,1.0,5,4,0.8,0.4,0.0,0.0,0.0,0.0,0,107006.0
45,1,0,0,0,0,119,0.0,0.0,0.04,0.07,0.0,194,5,0.03,0.07,0.0,0.0,0.0,1.0,1,69123.0
22,1,0,0,0,0,149,0.0,0.0,0.04,0.06,0.0,255,4,0.02,0.09,0.0,0.0,0.0,1.0,1,113916.0
22,9,54540,8314,0,1,3,0.0,0.0,1.0,0.0,0.0,255,255,1.0,0.0,0.0,0.01,0.01,0.04,0,57477.0
22,9,235,17500,0,1,10,0.0,0.0,1.0,0.0,0.25,232,255,1.0,0.0,0.01,0.0,0.0,0.0,0,80752.0
22,9,310,338,0,1,8,0.0,0.0,1.0,0.0,0.0,255,255,1.0,0.0,0.0,0.0,0.0,0.0,0,93588.0
22,9,221,1651,0,1,1,0.0,0.0,1.0,0.0,0.0,176,255,1.0,0.0,0.02,0.0,0.0,0.0,0,68843.0
22,9,313,10111,0,1,2,0.0,0.0,1.0,0.0,0.67,11,255,1.0,0.0,0.03,0.0,0.0,0.0,0,10455.0
11,9,45,74,0,0,144,0.0,0.0,1.0,0.0,0.0,255,224,0.88,0.01,0.0,0.0,0.0,0.0,0,60878.0
52,5,0,0,0,0,257,1.0,1.0,0.06,0.07,0.0,255,6,0.02,0.08,0.0,1.0,1.0,0.0,1,54460.0
9,5,0,0,0,0,216,1.0,1.0,0.0,0.06,0.0,255,1,0.0,0.07,0.0,1.0,1.0,0.0,1,66527.0
49,9,918,366,0,1,1,0.0,0.0,1.0,0.0,1.0,1,139,1.0,0.0,0.01,0.0,0.0,0.0,0,67361.0
45,5,0,0,0,0,145,1.0,1.0,0.1,0.06,0.0,255,5,0.02,0.08,0.0,1.0,1.0,0.0,1,16118.0
11,9,46,119,0,0,167,0.0,0.0,1.0,0.0,0.0,255,255,1.0,0.0,0.0,0.0,0.0,0.0,0,97071.0
22,9,242,2341,0,1,10,0.0,0.0,1.0,0.0,0.0,34,255,1.0,0.0,0.02,0.03,0.0,0.0,0,93035.0
22,9,325,2531,0,1,9,0.0,0.0,1.0,0.0,0.0,255,255,1.0,0.0,0.0,0.0,0.0,0.0,0,35189.0
45,5,0,0,0,0,105,1.0,1.0,0.15,0.06,0.0,255,14,0.05,0.06,0.0,1.0,1.0,0.0,1,56003.0
58,9,182,0,0,0,2,0.0,0.0,0.5,1.0,0.0,255,37,0.15,0.01,0.0,0.0,0.0,0.0,0,81600.0
8,5,0,0,0,0,197,1.0,1.0,0.02,0.06,0.0,255,3,0.01,0.07,0.0,1.0,1.0,0.0,1,5158.0
11,9,45,134,0,0,80,0.0,0.0,0.99,0.03,0.01,255,245,0.96,0.01,0.0,0.0,0.0,0.0,0,90485.0
16,5,0,0,0,0,115,1.0,1.0,0.17,0.06,0.0,255,19,0.07,0.08,0.0,1.0,1.0,0.0,1,122788.0
22,9,248,1743,0,1,6,0.0,0.0,1.0,0.0,0.29,23,255,1.0,0.0,0.04,0.0,0.0,0.0,0,53194.0
14,9,1032,0,0,0,480,0.0,0.0,1.0,0.0,0.0,255,255,1.0,0.0,0.0,0.0,0.0,0.0,1,47029.0
45,1,0,0,0,0,122,0.0,0.0,0.12,0.07,0.0,147,15,0.1,0.07,0.0,0.0,0.0,1.0,1,101375.0
40,4,1,0,0,0,2,0.0,0.0,1.0,0.0,0.0,255,2,0.01,0.73,0.0,0.0,0.0,1.0,1,75046.0
19,9,172,0,0,1,9,0.0,0.0,1.0,0.0,0.0,49,98,0.92,0.04,0.03,0.0,0.0,0.0,0,29359.0
45,9,105,147,0,0,3,0.0,0.0,0.67,0.67,0.0,255,249,0.98,0.01,0.0,0.0,0.0,0.0,0,6778.0
11,9,44,44,0,0,145,0.0,0.0,1.0,0.0,0.0,255,255,1.0,0.0,0.0,0.0,0.0,0.0,0,116065.0
18,9,907,2586,0,1,1,0.0,0.0,1.0,0.0,0.0,253,47,0.19,0.02,0.0,0.0,0.0,0.11,0,7132.0
53,5,0,0,0,0,108,1.0,1.0,0.11,0.06,0.0,255,12,0.05,0.05,0.0,1.0,1.0,0.0,1,73018.0
22,9,231,294,0,1,3,0.0,0.0,1.0,0.0,0.0,255,255,1.0,0.0,0.0,0.0,0.0,0.0,0,106912.0
40,1,0,0,0,0,509,0.2,0.0,0.0,1.0,0.0,255,1,0.0,1.0,0.0,0.16,0.0,1.0,1,15251.0
45,1,0,0,0,0,133,0.0,0.0,0.05,0.07,0.0,255,6,0.02,0.06,0.0,0.0,0.0,1.0,1,89016.0
61,5,0,0,0,0,47,1.0,1.0,0.32,0.13,0.0,255,15,0.06,0.08,0.0,1.0,1.0,0.0,1,74864.0
9,5,0,0,0,0,277,1.0,1.0,0.02,0.06,0.0,255,18,0.07,0.07,0.0,1.0,1.0,0.0,1,117773.0
22,9,293,1998,0,1,1,0.0,0.0,1.0,0.0,0.0,84,255,1.0,0.0,0.02,0.0,0.0,0.0,0,11412.0
22,9,308,1075,0,1,7,0.0,0.0,1.0,0.0,0.0,255,254,1.0,0.01,0.0,0.0,0.0,0.0,0,101104.0
13,9,8,0,0,0,1,0.0,0.0,1.0,0.0,1.0,2,26,1.0,0.0,0.5,0.0,0.0,0.0,1,97666.0
22,9,281,3816,0,1,8,0.0,0.0,1.0,0.0,0.14,29,255,1.0,0.0,0.05,0.0,0.0,0.0,0,6269.0
49,9,1773,328,0,1,1,0.0,0.0,1.0,0.0,1.0,140,146,0.49,0.04,0.01,0.0,0.0,0.0,0,119998.0
13,9,8,0,0,0,1,0.0,0.0,1.0,0.0,1.0,2,40,1.0,0.0,0.5,0.0,0.0,0.0,1,31811.0
22,9,54540,8314,0,1,5,0.0,0.0,1.0,0.0,0.0,76,76,1.0,0.0,0.0,0.0,0.0,0.18,0,64639.0
22,9,316,6224,0,1,5,0.0,0.0,1.0,0.0,0.0,101,255,1.0,0.0,0.04,0.0,0.0,0.0,0,123125.0
22,9,288,54674,0,1,6,0.0,0.0,1.0,0.0,0.0,51,255,1.0,0.0,0.01,0.0,0.0,0.0,0,116624.0
22,9,251,388,0,1,16,0.0,0.0,1.0,0.0,0.07,255,255,1.0,0.0,0.0,0.0,0.0,0.0,0,15592.0
9,5,0,0,0,0,192,1.0,1.0,0.04,0.07,0.0,255,8,0.03,0.07,0.0,1.0,1.0,0.0,1,35973.0
4,5,0,0,0,0,299,1.0,1.0,0.04,0.05,0.0,255,2,0.01,0.08,0.0,1.0,1.0,0.0,1,8415.0
11,9,44,73,0,0,314,0.0,0.0,1.0,0.01,0.0,255,254,1.0,0.01,0.0,0.0,0.0,0.0,0,22707.0
45,9,1,0,0,0,5,0.0,0.0,0.4,0.6,0.0,149,2,0.01,0.05,0.0,0.01,0.0,0.0,1,6704.0
20,5,0,0,0,0,261,1.0,1.0,0.03,0.06,0.0,255,7,0.03,0.07,0.0,1.0,1.0,0.0,1,51956.0
13,9,8,0,0,0,1,0.0,0.0,1.0,0.0,1.0,1,43,1.0,0.0,0.51,0.0,0.0,0.0,1,101701.0
49,2,0,0,0,0,1,0.0,0.0,1.0,0.0,0.0,194,175,0.71,0.02,0.01,0.01,0.01,0.04,0,43356.0
45,5,0,0,0,0,98,1.0,1.0,0.26,0.08,0.0,255,25,0.1,0.06,0.0,1.0,1.0,0.0,1,82053.0
22,9,326,5202,0,1,6,0.0,0.0,1.0,0.0,0.0,38,255,1.0,0.0,0.04,0.0,0.0,0.0,0,14803.0
22,9,220,728,0,1,21,0.0,0.0,1.0,0.0,0.0,255,255,1.0,0.0,0.0,0.0,0.0,0.04,0,8862.0
11,9,45,71,0,0,79,0.0,0.0,1.0,0.0,0.01,255,218,0.85,0.01,0.0,0.0,0.0,0.0,0,111298.0
45,5,0,0,0,0,271,1.0,1.0,0.02,0.06,0.0,255,5,0.02,0.09,0.0,1.0,1.0,0.0,1,64202.0
11,9,46,75,0,0,214,0.0,0.0,1.0,0.01,0.0,255,254,1.0,0.01,0.0,0.0,0.0,0.0,0,17277.0
40,4,1,0,0,0,2,0.0,0.0,1.0,0.0,0.0,255,2,0.01,0.73,0.0,0.0,0.0,1.0,1,36011.0
22,9,239,1047,0,1,33,0.0,0.0,1.0,0.0,0.0,255,255,1.0,0.0,0.0,0.0,0.0,0.0,0,124885.0
40,9,516,4,0,0,215,0.0,0.0,1.0,0.0,0.0,215,215,1.0,0.0,0.0,0.0,0.0,0.0,0,91638.0
22,9,303,1694,0,1,6,0.0,0.0,1.0,0.0,0.15,255,255,1.0,0.0,0.0,0.0,0.0,0.0,0,77828.0
61,5,0,0,0,0,264,1.0,1.0,0.01,0.06,0.0,255,16,0.06,0.06,0.0,1.0,1.0,0.0,1,55523.0
23,5,0,0,0,0,101,1.0,1.0,0.17,0.06,0.0,255,17,0.07,0.07,0.0,1.0,1.0,0.0,1,47661.0
22,9,259,398,0,1,4,0.0,0.0,1.0,0.0,0.0,255,255,1.0,0.0,0.0,0.0,0.0,0.0,0,23547.0
45,5,0,0,0,0,215,1.0,1.0,0.08,0.07,0.0,255,17,0.07,0.08,0.0,1.0,1.0,0.0,1,25470.0
49,9,796,333,0,1,1,0.0,0.0,1.0,0.0,1.0,152,222,0.88,0.03,0.01,0.0,0.0,0.03,0,5534.0
49,9,2142,331,0,1,1,0.0,0.0,1.0,0.0,0.0,106,164,0.44,0.03,0.02,0.0,0.0,0.0,0,18056.0
40,1,0,0,0,0,459,0.08,0.0,0.0,1.0,0.0,255,1,0.0,1.0,0.0,0.06,0.0,1.0,1,38777.0
22,9,321,1096,0,1,13,0.0,0.0,1.0,0.0,0.0,218,255,1.0,0.0,0.02,0.0,0.0,0.0,0,91554.0
40,6,1460,0,0,1,5,0.2,1.0,0.2,1.0,0.0,78,1,0.01,0.19,0.0,0.03,1.0,0.0,0,59879.0
57,9,36,0,0,0,3,0.0,0.0,0.33,1.0,0.0,177,80,0.19,0.04,0.03,0.0,0.0,0.0,0,58234.0
22,9,217,798,0,1,17,0.0,0.0,1.0,0.0,0.09,181,255,1.0,0.0,0.01,0.0,0.0,0.0,0,111544.0
45,5,0,0,0,0,237,1.0,1.0,0.05,0.06,0.0,255,9,0.04,0.06,0.0,1.0,1.0,0.0,1,84631.0
45,5,0,0,0,0,133,1.0,1.0,0.11,0.06,0.0,37,7,0.19,0.14,0.0,1.0,1.0,0.0,1,86198.0
22,9,225,589,0,1,17,0.0,0.0,1.0,0.0,0.0,19,255,1.0,0.0,0.03,0.0,0.0,0.01,0,93515.0
20,5,0,0,0,0,145,1.0,1.0,0.06,0.06,0.0,255,11,0.04,0.07,0.0,1.0,1.0,0.0,1,110446.0
45,5,0,0,0,0,168,1.0,1.0,0.03,0.07,0.0,255,5,0.02,0.07,0.0,1.0,1.0,0.0,1,115993.0
34,1,0,0,0,0,289,0.0,0.0,0.07,0.06,0.0,255,20,0.08,0.08,0.0,0.0,0.0,1.0,1,60021.0
22,9,214,765,0,1,31,0.0,0.0,1.0,0.0,0.0,255,255,1.0,0.0,0.0,0.0,0.0,0.0,0,58346.0
22,9,215,1722,0,1,15,0.0,0.0,1.0,0.0,0.07,255,255,1.0,0.0,0.0,0.0,0.0,0.0,0,115504.0
13,9,8,0,0,0,1,0.0,0.0,1.0,0.0,1.0,2,148,1.0,0.0,0.5,0.0,0.0,0.0,1,55526.0
45,1,0,0,0,0,222,0.0,0.0,0.05,0.06,0.0,255,10,0.04,0.07,0.0,0.0,0.0,1.0,1,6579.0
45,1,0,0,0,0,237,0.0,0.0,0.02,0.07,0.0,255,4,0.02,0.07,0.0,0.0,0.0,1.0,1,123529.0
45,5,0,0,0,0,198,1.0,1.0,0.08,0.07,0.0,255,16,0.06,0.06,0.0,1.0,1.0,0.0,1,8475.0
13,9,18,0,0,0,1,0.0,0.0,1.0,0.0,0.0,1,45,1.0,0.0,0.27,0.0,0.0,0.0,1,28303.0
36,5,0,0,0,0,274,1.0,1.0,0.01,0.06,0.0,255,2,0.01,0.07,0.0,1.0,1.0,0.0,1,32991.0
14,9,1032,0,0,0,348,0.0,0.0,1.0,0.0,0.0,255,255,1.0,0.0,0.0,0.0,0.0,0.0,1,17671.0
22,9,231,561,0,1,11,0.0,0.0,1.0,0.0,0.17,11,251,1.0,0.0,0.06,0.0,0.0,0.0,0,51074.0
53,5,0,0,0,0,234,1.0,1.0,0.05,0.06,0.0,255,12,0.05,0.07,0.0,1.0,1.0,0.0,1,42646.0
55,6,6285,1587397,0,1,1,1.0,1.0,1.0,0.0,0.0,255,32,0.13,0.37,0.0,0.37,0.12,0.03,0,100206.0
14,9,520,0,0,0,58,0.0,0.0,1.0,0.0,0.0,255,255,1.0,0.0,0.0,0.0,0.0,0.0,1,11681.0
22,9,240,655,0,1,8,0.0,0.0,1.0,0.0,0.12,255,255,1.0,0.0,0.0,0.0,0.0,0.0,0,36342.0
19,9,2194619,0,0,0,2,0.0,0.0,1.0,0.0,0.0,23,46,0.26,0.09,0.07,0.0,0.0,0.0,0,111531.0
3,5,0,0,0,0,286,1.0,1.0,0.08,0.05,0.0,255,22,0.09,0.05,0.0,1.0,1.0,0.0,1,77270.0
3,5,0,0,0,0,235,1.0,1.0,0.01,0.05,0.0,255,3,0.01,0.05,0.0,1.0,1.0,0.0,1,27646.0
45,9,1,0,0,0,1,0.0,0.0,1.0,0.0,0.0,255,1,0.0,0.28,0.0,0.0,0.0,0.0,1,38543.0
45,5,0,0,0,0,125,1.0,1.0,0.13,0.05,0.0,255,16,0.06,0.05,0.0,1.0,1.0,0.0,1,74869.0
19,9,37,0,0,0,1,0.0,0.0,1.0,0.0,0.0,255,38,0.15,0.02,0.0,0.56,0.0,0.0,0,52178.0
17,5,0,0,0,0,56,1.0,1.0,0.27,0.07,0.0,255,60,0.24,0.02,0.0,1.0,1.0,0.0,1,51537.0
45,1,0,0,0,0,48,0.0,0.0,0.35,0.06,0.0,255,8,0.03,0.07,0.0,0.0,0.0,1.0,1,122898.0
22,9,305,5381,0,1,9,0.0,0.0,1.0,0.0,0.0,255,255,1.0,0.0,0.0,0.0,0.0,0.0,0,28101.0
19,5,0,0,0,0,22,1.0,1.0,0.09,0.09,0.0,22,29,0.09,0.09,0.07,1.0,0.07,0.0,1,26543.0
45,5,0,0,0,0,59,1.0,1.0,0.14,0.07,0.0,255,8,0.03,0.05,0.0,1.0,1.0,0.0,1,14880.0
55,9,485,237720,0,1,1,0.0,0.0,1.0,0.0,0.0,216,66,0.31,0.02,0.0,0.0,0.0,0.0,0,77539.0
10,9,48,487,0,1,115,0.0,0.0,0.01,0.02,0.0,251,1,0.0,0.02,0.0,0.0,0.0,0.0,0,48476.0
45,1,0,0,0,0,113,0.0,0.0,0.05,0.08,0.0,255,6,0.02,0.07,0.0,0.0,0.0,1.0,1,86786.0
22,9,297,2649,0,1,11,0.0,0.0,1.0,0.0,0.17,223,255,1.0,0.0,0.01,0.0,0.0,0.0,0,95696.0
22,9,54540,8314,0,1,3,0.0,0.0,1.0,0.0,0.0,53,53,1.0,0.0,0.0,0.0,0.0,0.02,0,107715.0
22,9,326,310,0,1,8,0.0,0.0,1.0,0.0,0.0,255,255,1.0,0.0,0.0,0.0,0.0,0.0,0,22430.0
40,5,0,0,0,0,201,1.0,1.0,0.03,0.07,0.0,255,7,0.03,0.09,0.0,1.0,1.0,0.0,1,71373.0
13,9,30,0,0,0,2,0.0,0.0,0.5,1.0,0.0,255,7,0.03,0.01,0.0,0.0,0.0,0.0,0,60866.0
22,9,253,9018,0,1,10,0.0,0.0,1.0,0.0,0.0,255,255,1.0,0.0,0.0,0.0,0.0,0.0,0,28046.0
22,1,0,0,0,0,1,0.0,0.0,1.0,0.0,0.0,5,14,1.0,0.0,0.14,0.0,0.0,1.0,0,6939.0
49,9,845,438,0,1,1,0.0,0.0,1.0,0.0,1.0,229,135,0.5,0.01,0.01,0.87,0.74,0.0,0,112150.0
45,5,0,0,0,0,220,1.0,1.0,0.02,0.06,0.0,255,7,0.03,0.07,0.0,1.0,1.0,0.0,1,25675.0
45,1,0,0,0,0,99,0.0,0.0,0.16,0.07,0.0,255,16,0.06,0.05,0.0,0.0,0.0,1.0,1,116706.0
22,9,238,296,0,1,11,0.0,0.0,1.0,0.0,0.09,30,255,1.0,0.0,0.04,0.0,0.0,0.0,0,116975.0
49,9,2433,388,0,1,1,0.0,0.0,1.0,0.0,1.0,255,127,0.5,0.02,0.0,0.59,0.63,0.0,0,44863.0
22,9,297,648,0,1,18,0.0,0.0,1.0,0.0,0.0,42,255,1.0,0.0,0.08,0.0,0.0,0.0,0,110832.0
13,9,30,0,0,0,1,0.0,0.0,1.0,0.0,0.0,11,117,1.0,0.0,0.46,0.0,0.0,0.0,1,120737.0
5,5,0,0,0,0,113,1.0,1.0,0.1,0.05,0.0,255,11,0.04,0.05,0.0,1.0,1.0,0.0,1,13367.0
22,9,219,307,0,1,15,0.0,0.0,1.0,0.0,0.12,255,255,1.0,0.0,0.0,0.0,0.0,0.0,0,84686.0
13,9,8,0,0,0,1,0.0,0.0,1.0,0.0,1.0,2,12,1.0,0.0,0.58,0.0,0.0,0.0,1,102558.0
14,9,1032,0,0,0,511,0.0,0.0,1.0,0.0,0.0,255,112,0.44,0.19,0.0,0.0,0.0,0.0,1,55248.0
22,9,203,15080,0,1,6,0.0,0.0,1.0,0.0,0.0,255,255,1.0,0.0,0.0,0.0,0.0,0.0,0,84372.0
19,9,1214,0,0,1,13,0.0,0.0,1.0,0.0,0.0,255,104,0.41,0.02,0.0,0.0,0.0,0.0,0,98115.0
45,5,0,0,0,0,117,1.0,1.0,0.03,0.08,0.0,255,4,0.02,0.06,0.0,1.0,1.0,0.0,1,72858.0
32,5,0,0,0,0,189,1.0,1.0,0.02,0.06,0.0,255,4,0.02,0.06,0.0,1.0,1.0,0.0,1,116437.0
55,5,0,0,0,0,247,1.0,1.0,0.0,0.06,0.0,255,20,0.08,0.06,0.0,1.0,1.0,0.0,1,65273.0
22,9,304,941,0,1,10,0.0,0.0,1.0,0.0,0.0,255,255,1.0,0.0,0.0,0.0,0.0,0.0,0,108415.0
13,9,30,0,0,0,7,0.0,0.0,0.14,0.29,0.0,255,7,0.03,0.01,0.0,0.0,0.0,0.0,0,31929.0
22,1,0,0,0,0,1,0.0,0.0,1.0,0.0,0.0,16,180,1.0,0.0,0.13,0.0,0.01,0.91,0,41022.0
22,9,323,608,0,1,26,0.0,0.0,1.0,0.0,0.0,255,255,1.0,0.0,0.0,0.0,0.0,0.0,0,22920.0
14,9,1032,0,0,0,511,0.0,0.0,1.0,0.0,0.0,255,170,0.67,0.16,0.0,0.0,0.0,0.0,1,85038.0
11,9,43,130,0,0,101,0.0,0.0,1.0,0.0,0.01,255,255,1.0,0.0,0.0,0.0,0.0,0.0,0,28951.0
40,1,0,0,0,0,511,0.08,0.0,0.0,1.0,0.0,255,1,0.0,1.0,0.0,0.1,0.0,1.0,1,102720.0
56,5,0,0,0,0,284,1.0,1.0,0.07,0.04,0.0,255,19,0.07,0.05,0.0,1.0,1.0,0.0,1,31663.0
22,9,192,13525,0,1,3,0.0,0.0,1.0,0.0,0.4,3,255,1.0,0.0,0.05,0.0,0.0,0.0,0,108663.0
22,9,235,2241,0,1,12,0.0,0.0,1.0,0.0,0.15,26,255,1.0,0.0,0.03,0.0,0.0,0.0,0,114777.0
55,5,0,0,0,0,45,1.0,1.0,0.18,0.09,0.0,255,62,0.24,0.03,0.0,1.0,1.0,0.0,1,3081.0
22,9,185,21365,0,1,1,0.0,0.0,1.0,0.0,0.0,255,255,1.0,0.0,0.0,0.0,0.0,0.0,0,92723.0
55,5,0,0,0,0,79,1.0,1.0,0.25,0.05,0.0,255,58,0.23,0.04,0.0,1.0,1.0,0.0,1,56867.0
22,9,230,52465,0,1,1,0.0,0.0,1.0,0.0,0.33,255,255,1.0,0.0,0.0,0.0,0.0,0.0,0,4755.0
45,5,0,0,0,0,213,1.0,1.0,0.09,0.06,0.0,255,16,0.06,0.07,0.0,1.0,1.0,0.0,1,48889.0
22,9,312,511,0,1,3,0.0,0.0,1.0,0.0,0.5,255,255,1.0,0.0,0.0,0.0,0.0,0.0,0,113298.0
59,5,0,0,0,0,123,1.0,1.0,0.08,0.05,0.0,255,10,0.04,0.04,0.0,1.0,1.0,0.0,1,83751.0
53,5,0,0,0,0,120,1.0,1.0,0.16,0.08,0.0,255,19,0.07,0.07,0.0,1.0,1.0,0.0,1,67496.0
19,9,59,0,0,1,16,0.0,0.0,1.0,0.0,0.0,255,112,0.44,0.02,0.0,0.0,0.0,0.0,0,34981.0
49,9,971,404,0,1,1,0.0,0.0,1.0,0.0,1.0,19,212,0.21,0.11,0.01,0.79,0.0,0.0,0,84586.0
22,9,219,12044,0,1,1,0.0,0.0,1.0,0.0,0.33,7,255,1.0,0.0,0.01,0.0,0.0,0.0,0,26026.0
22,9,217,4061,0,1,8,0.0,0.0,1.0,0.0,0.12,255,255,1.0,0.0,0.0,0.0,0.0,0.0,0,34671.0
45,1,0,0,0,0,127,0.0,0.0,0.14,0.07,0.0,255,18,0.07,0.07,0.0,0.0,0.0,1.0,1,111541.0
22,9,275,604,0,1,1,0.0,0.0,1.0,0.0,0.11,11,255,1.0,0.0,0.05,0.09,0.0,0.0,0,3657.0
23,5,0,0,0,0,120,1.0,1.0,0.03,0.07,0.0,255,3,0.01,0.07,0.0,1.0,1.0,0.0,1,4235.0
14,9,1032,0,0,0,277,0.0,0.0,1.0,0.0,0.0,255,255,1.0,0.0,0.0,0.0,0.0,0.0,1,16084.0
11,9,45,45,0,0,40,0.0,0.0,1.0,0.0,0.0,255,255,1.0,0.0,0.0,0.0,0.0,0.0,0,37535.0
7,1,0,0,0,0,239,0.0,0.0,0.02,0.07,0.0,255,5,0.02,0.07,0.0,0.0,0.0,1.0,1,100684.0
22,9,318,4741,0,1,3,0.0,0.0,1.0,0.0,0.0,245,255,1.0,0.0,0.01,0.0,0.0,0.0,0,48350.0
26,5,0,0,0,0,136,1.0,1.0,0.06,0.06,0.0,255,3,0.01,0.07,0.0,1.0,1.0,0.0,1,91028.0
11,9,44,44,0,0,285,0.0,0.0,1.0,0.0,0.0,255,254,1.0,0.01,0.0,0.0,0.0,0.0,0,69044.0
14,9,520,0,0,0,52,0.0,0.0,1.0,0.0,0.0,255,255,1.0,0.0,0.0,0.0,0.0,0.0,1,1362.0
62,1,0,0,0,0,147,0.0,0.0,0.12,0.06,0.0,255,17,0.07,0.08,0.0,0.0,0.0,1.0,1,67949.0
14,9,1480,0,1,0,1,0.0,0.0,1.0,0.0,0.0,1,13,1.0,0.0,0.54,0.0,0.0,0.0,0,39493.0
18,5,0,0,0,0,233,1.0,1.0,0.01,0.06,0.0,255,3,0.01,0.06,0.0,1.0,1.0,0.0,1,25512.0
22,9,361,632,0,1,1,0.0,0.0,1.0,0.0,0.13,2,255,1.0,0.0,0.04,0.0,0.0,0.0,0,81626.0
36,5,0,0,0,0,193,1.0,1.0,0.03,0.06,0.0,255,6,0.02,0.07,0.0,1.0,1.0,0.0,1,48212.0
22,9,164,20266,0,1,1,0.0,0.0,1.0,0.0,0.0,255,255,1.0,0.0,0.0,0.0,0.0,0.0,0,60844.0
45,4,1,0,0,0,2,0.0,0.0,1.0,0.0,0.0,255,2,0.01,0.51,0.0,0.0,0.0,1.0,1,58944.0
45,5,0,0,0,0,214,1.0,1.0,0.01,0.06,0.0,255,4,0.02,0.06,0.0,1.0,1.0,0.0,1,125898.0
11,9,104,0,0,0,1,0.0,0.0,1.0,0.0,1.0,255,253,0.99,0.01,0.0,0.0,0.0,0.0,0,106781.0
45,5,0,0,0,0,103,1.0,1.0,0.17,0.06,0.0,255,2,0.01,0.07,0.0,1.0,1.0,0.0,1,51941.0
22,9,230,807,0,1,17,0.0,0.0,1.0,0.0,0.0,140,255,1.0,0.0,0.02,0.0,0.0,0.0,0,9124.0
16,5,0,0,0,0,101,1.0,1.0,0.01,0.07,0.0,255,13,0.05,0.07,0.0,1.0,1.0,0.0,1,92268.0
59,5,0,0,0,0,16,1.0,1.0,0.12,0.12,0.0,255,2,0.01,0.07,0.0,1.0,1.0,0.0,1,4108.0
22,9,226,1099,0,1,15,0.0,0.0,1.0,0.0,0.0,131,255,1.0,0.0,0.01,0.0,0.0,0.0,0,114999.0
12,2,0,0,0,0,109,0.0,0.0,0.07,0.06,0.0,255,8,0.03,0.07,0.0,0.0,0.0,1.0,1,79808.0
22,1,0,0,0,0,1,0.0,0.0,1.0,0.0,0.0,38,255,1.0,0.0,0.19,0.0,0.01,0.99,0,53709.0
24,1,0,0,0,0,243,0.0,0.0,0.07,0.06,0.0,255,17,0.07,0.07,0.0,0.0,0.0,1.0,1,71955.0
22,9,293,648,0,1,9,0.0,0.0,1.0,0.0,0.31,255,255,1.0,0.0,0.0,0.0,0.0,0.0,0,58841.0
22,9,324,3410,0,1,8,0.0,0.0,1.0,0.0,0.0,255,255,1.0,0.0,0.0,0.0,0.0,0.0,0,22019.0
22,1,0,0,0,0,1,0.0,0.0,1.0,0.0,0.0,22,229,1.0,0.0,0.21,0.0,0.0,0.96,0,81645.0
11,9,45,79,0,0,252,0.0,0.0,1.0,0.01,0.01,255,255,1.0,0.0,0.0,0.0,0.0,0.0,0,124585.0
22,9,293,255,0,1,10,0.0,0.0,1.0,0.0,0.18,255,255,1.0,0.0,0.0,0.0,0.0,0.0,0,106460.0
22,9,245,588,0,1,22,0.0,0.0,1.0,0.0,0.0,255,255,1.0,0.0,0.0,0.0,0.0,0.0,0,6708.0
62,5,0,0,0,0,204,1.0,1.0,0.01,0.07,0.0,255,2,0.01,0.04,0.0,1.0,1.0,0.0,1,6590.0
22,9,286,991,0,1,5,0.0,0.0,1.0,0.0,0.0,5,255,1.0,0.0,0.03,0.0,0.0,0.0,0,73493.0
17,5,0,0,0,0,40,1.0,1.0,0.25,0.1,0.0,255,64,0.25,0.02,0.0,1.0,1.0,0.0,1,70149.0
45,5,0,0,0,0,218,1.0,1.0,0.02,0.06,0.0,255,16,0.06,0.06,0.0,1.0,1.0,0.0,1,111549.0
22,1,0,0,0,0,1,0.0,0.0,1.0,0.0,0.0,8,250,1.0,0.0,0.02,0.0,0.0,0.19,0,55793.0
45,5,0,0,0,0,79,1.0,1.0,0.2,0.06,0.0,255,8,0.03,0.06,0.0,1.0,1.0,0.0,1,45693.0
22,9,240,2043,0,1,9,0.0,0.0,1.0,0.0,0.0,155,255,1.0,0.0,0.02,0.0,0.01,0.04,0,82707.0
13,9,8,0,0,0,1,0.0,0.0,1.0,0.0,1.0,2,100,1.0,0.0,0.5,0.0,0.0,0.0,1,3722.0
40,9,146,105,0,0,1,0.0,0.0,1.0,0.0,0.0,255,3,0.01,0.65,0.0,0.0,0.0,0.0,0,97345.0
13,9,8,0,0,0,1,0.0,0.0,1.0,0.0,1.0,1,73,1.0,0.0,0.51,0.0,0.0,0.0,1,59760.0
14,9,30,0,0,0,2,0.0,0.0,1.0,0.0,0.0,231,231,1.0,0.0,0.0,0.0,0.0,0.0,0,63934.0
13,9,8,0,0,0,1,0.0,0.0,1.0,0.0,1.0,1,181,1.0,0.0,0.5,0.0,0.0,0.0,1,85109.0
22,1,0,0,0,0,1,0.0,0.0,1.0,0.0,1.0,14,143,1.0,0.0,0.14,0.0,0.0,1.0,0,88208.0
45,5,0,0,0,0,46,1.0,1.0,0.02,0.13,0.0,255,13,0.05,0.09,0.0,1.0,1.0,0.0,1,17319.0
14,9,520,0,0,0,398,0.0,0.0,1.0,0.0,0.0,255,255,1.0,0.0,0.0,0.0,0.0,0.0,1,8950.0
17,5,0,0,0,0,29,1.0,1.0,0.28,0.14,0.0,255,28,0.11,0.07,0.0,1.0,1.0,0.0,1,86140.0
14,9,1032,0,0,0,443,0.0,0.0,1.0,0.0,0.0,255,255,1.0,0.0,0.0,0.0,0.0,0.0,1,110315.0
19,9,10389,0,0,0,7,0.0,0.0,1.0,0.0,0.0,51,81,0.63,0.08,0.02,0.0,0.0,0.0,0,4859.0
22,9,316,293,0,1,5,0.0,0.0,1.0,0.0,0.0,255,255,1.0,0.0,0.0,0.0,0.0,0.01,0,82960.0
45,5,0,0,0,0,228,1.0,1.0,0.07,0.07,0.0,255,13,0.05,0.08,0.0,1.0,1.0,0.0,1,24644.0
45,5,0,0,0,0,77,1.0,1.0,0.26,0.05,0.0,255,4,0.02,0.07,0.0,1.0,1.0,0.0,1,87744.0
22,9,348,716,0,1,13,0.0,0.0,1.0,0.0,0.0,255,255,1.0,0.0,0.0,0.0,0.0,0.0,0,77572.0
13,9,8,0,0,0,1,0.0,0.0,1.0,0.0,1.0,3,127,1.0,0.0,0.25,0.0,0.0,0.0,1,107084.0
22,9,314,2305,0,1,10,0.0,0.0,1.0,0.0,0.1,10,255,1.0,0.0,0.02,0.0,0.0,0.0,0,102116.0
22,9,287,511,0,1,21,0.0,0.0,1.0,0.0,0.09,255,255,1.0,0.0,0.0,0.0,0.0,0.0,0,47431.0
40,9,146,105,0,0,1,0.0,0.0,1.0,0.0,0.0,255,2,0.01,0.69,0.0,0.0,0.0,0.0,0,100932.0
19,9,305,0,0,1,2,0.0,0.0,1.0,0.0,0.0,39,100,0.05,0.1,0.03,0.0,0.01,0.0,0,79357.0
22,9,351,1378,0,1,8,0.0,0.0,1.0,0.0,0.22,220,255,1.0,0.0,0.04,0.0,0.0,0.0,0,85321.0
11,9,43,128,0,0,38,0.0,0.0,1.0,0.0,0.0,255,162,0.64,0.01,0.0,0.0,0.0,0.0,0,79803.0
22,9,289,6534,0,1,16,0.0,0.0,1.0,0.0,0.0,255,255,1.0,0.0,0.0,0.0,0.0,0.0,0,77337.0
11,9,46,135,0,0,77,0.0,0.0,1.0,0.0,0.01,188,219,0.91,0.01,0.01,0.0,0.0,0.0,0,65685.0
11,9,43,112,0,0,105,0.0,0.0,1.0,0.0,0.02,255,254,1.0,0.01,0.0,0.0,0.0,0.0,0,11382.0
32,5,0,0,0,0,202,1.0,1.0,0.09,0.07,0.0,255,18,0.07,0.08,0.0,1.0,1.0,0.0,1,121606.0
3,9,6,31,0,1,509,0.02,0.0,0.0,1.0,1.0,255,1,0.0,1.0,0.0,0.02,0.0,0.0,1,41402.0
22,1,0,0,0,0,1,0.0,0.0,1.0,0.0,1.0,1,255,1.0,0.0,0.05,0.0,0.0,1.0,0,9014.0
59,2,0,0,0,0,78,0.0,0.0,0.09,0.08,0.0,255,7,0.03,0.07,0.0,0.0,0.0,1.0,1,117496.0
49,5,0,0,0,0,6,1.0,1.0,1.0,0.0,0.0,108,128,0.43,0.02,0.02,0.98,0.36,0.0,1,50966.0
58,9,78,0,0,0,21,0.0,0.0,0.43,0.1,0.0,255,17,0.07,0.01,0.0,0.0,0.0,0.0,0,9485.0
30,5,0,0,0,0,100,1.0,1.0,0.16,0.05,0.0,255,16,0.06,0.05,0.0,1.0,1.0,0.0,1,116686.0
40,9,146,105,0,0,1,0.0,0.0,1.0,0.0,0.0,255,1,0.0,0.76,0.0,0.0,0.0,0.0,0,36981.0
22,9,211,274,0,1,23,0.0,0.0,1.0,0.0,0.0,255,255,1.0,0.0,0.0,0.0,0.0,0.0,0,32551.0
19,9,6932,0,0,1,2,0.0,0.0,1.0,0.0,0.0,246,10,0.04,0.02,0.0,0.0,0.0,0.0,0,120316.0
13,9,8,0,0,0,1,0.0,0.0,1.0,0.0,0.0,1,86,1.0,0.0,0.51,0.0,0.0,0.0,1,43282.0
6,5,0,0,0,0,242,1.0,1.0,0.03,0.05,0.0,255,8,0.03,0.06,0.0,1.0,1.0,0.0,1,43133.0
17,9,7,220,0,0,1,0.0,0.0,1.0,0.0,0.0,68,2,0.03,0.07,0.0,0.0,0.0,0.0,0,78011.0
49,9,1207,333,0,1,1,0.0,0.0,1.0,0.0,1.0,197,159,0.7,0.02,0.01,0.0,0.0,0.0,0,12973.0
45,1,0,0,0,0,80,0.0,0.0,0.09,0.08,0.0,255,7,0.03,0.06,0.0,0.0,0.0,1.0,1,38849.0
40,4,1,0,0,0,2,0.0,0.0,1.0,0.0,0.0,255,2,0.01,0.73,0.0,0.0,0.0,1.0,1,109960.0
22,1,0,0,0,0,1,0.0,0.0,1.0,0.0,0.0,52,218,1.0,0.0,0.02,0.02,0.01,0.3,0,88147.0
22,9,313,3222,0,1,1,0.0,0.0,1.0,0.0,1.0,255,253,0.99,0.01,0.0,0.0,0.0,0.0,0,18287.0
22,9,302,1581,0,1,15,0.07,0.06,1.0,0.0,0.12,120,255,1.0,0.0,0.01,0.01,0.0,0.0,0,68551.0
22,9,233,29122,0,1,13,0.0,0.0,1.0,0.0,0.06,255,255,1.0,0.0,0.0,0.0,0.0,0.0,0,30055.0
49,9,1130,369,0,1,1,0.0,0.0,1.0,0.0,1.0,156,200,0.83,0.03,0.01,0.0,0.0,0.0,0,113566.0
22,9,223,431,0,1,16,0.0,0.0,1.0,0.0,0.08,255,255,1.0,0.0,0.0,0.0,0.0,0.0,0,81679.0
22,9,243,128,0,1,1,0.0,0.0,1.0,0.0,0.0,155,255,1.0,0.0,0.02,0.0,0.0,0.0,0,56594.0
22,9,217,292,0,1,14,0.0,0.0,1.0,0.0,0.0,186,255,1.0,0.0,0.02,0.0,0.0,0.0,0,47273.0
22,9,218,281,0,1,2,0.0,0.0,1.0,0.0,0.67,53,255,1.0,0.0,0.04,0.0,0.0,0.0,0,22741.0
54,5,0,0,0,0,294,1.0,1.0,0.01,0.06,0.0,255,2,0.01,0.07,0.0,1.0,1.0,0.0,1,10136.0
45,5,0,0,0,0,140,1.0,1.0,0.06,0.06,0.0,255,18,0.07,0.05,0.0,1.0,1.0,0.0,1,44319.0
22,9,267,801,0,1,4,0.0,0.0,1.0,0.0,0.4,28,255,1.0,0.0,0.04,0.0,0.0,0.0,0,43140.0
25,1,0,0,0,0,265,0.0,0.0,0.03,0.06,0.0,255,8,0.03,0.08,0.0,0.0,0.0,1.0,1,121271.0
22,9,309,314,0,1,29,0.0,0.0,1.0,0.0,0.07,255,255,1.0,0.0,0.0,0.0,0.0,0.0,0,110393.0
22,9,234,927,0,1,3,0.0,0.0,1.0,0.0,0.5,3,255,1.0,0.0,0.06,0.0,0.0,0.0,0,1640.0
26,5,0,0,0,0,37,1.0,1.0,0.62,0.08,0.0,255,23,0.09,0.07,0.0,1.0,1.0,0.0,1,20393.0
22,1,0,0,0,0,1,0.0,0.0,1.0,0.0,0.33,12,255,1.0,0.0,0.15,0.0,0.0,0.77,0,84501.0
45,1,0,0,0,0,220,0.0,0.0,0.05,0.06,0.0,255,11,0.04,0.09,0.0,0.0,0.0,1.0,1,95926.0
22,9,215,310,0,1,8,0.0,0.0,1.0,0.0,0.0,27,255,1.0,0.0,0.06,0.0,0.0,0.0,0,92314.0
14,9,1032,0,0,0,511,0.0,0.0,1.0,0.0,0.0,255,65,0.25,0.04,0.0,0.16,0.0,0.0,1,55152.0
45,5,0,0,0,0,143,1.0,1.0,0.05,0.06,0.0,255,5,0.02,0.06,0.0,1.0,1.0,0.0,1,7471.0
45,4,1,0,0,0,2,0.0,0.0,1.0,0.0,0.0,255,2,0.01,0.5,0.0,0.0,0.0,1.0,1,73755.0
51,5,0,0,0,0,231,1.0,1.0,0.03,0.06,0.0,255,15,0.06,0.06,0.0,1.0,1.0,0.0,1,87323.0
14,9,1032,0,0,0,271,0.0,0.0,1.0,0.0,0.0,255,255,1.0,0.0,0.0,0.0,0.0,0.0,1,23634.0
22,9,261,17578,0,1,2,0.0,0.0,1.0,0.0,0.0,2,218,1.0,0.0,0.05,0.0,0.0,0.0,0,121041.0
22,9,184,16773,0,1,7,0.0,0.0,1.0,0.0,0.0,7,255,1.0,0.0,0.05,0.0,0.0,0.0,0,71285.0
22,9,157,9109,0,1,1,0.0,0.0,1.0,0.0,0.18,255,255,1.0,0.0,0.0,0.0,0.0,0.0,0,62518.0
22,9,253,4531,0,1,4,0.0,0.0,1.0,0.0,0.11,32,255,1.0,0.0,0.04,0.03,0.0,0.0,0,106157.0
45,5,0,0,0,0,105,1.0,1.0,0.1,0.08,0.0,255,11,0.04,0.06,0.0,1.0,1.0,0.0,1,14061.0
19,8,40495,0,0,1,11,0.09,0.09,1.0,0.0,0.0,124,71,0.35,0.02,0.03,0.02,0.03,0.0,0,125033.0
45,5,0,0,0,0,102,1.0,1.0,0.15,0.06,0.0,255,15,0.06,0.06,0.0,1.0,1.0,0.0,1,102090.0
22,1,0,0,0,0,1,0.0,0.0,1.0,0.0,0.0,19,65,1.0,0.0,0.11,0.0,0.0,1.0,0,79602.0
22,9,252,1144,0,1,25,0.0,0.0,1.0,0.0,0.0,255,255,1.0,0.0,0.0,0.0,0.0,0.0,0,59982.0
22,1,0,0,0,0,1,0.0,0.0,1.0,0.0,0.0,8,255,1.0,0.0,0.18,0.0,0.0,0.84,0,88665.0
40,9,516,4,0,0,201,0.0,0.0,1.0,0.0,0.0,201,201,1.0,0.0,0.0,0.0,0.0,0.0,0,86014.0
22,9,276,5108,0,1,12,0.0,0.0,1.0,0.0,0.0,255,255,1.0,0.0,0.0,0.0,0.0,0.0,0,115919.0
13,9,8,0,0,0,1,0.0,0.0,1.0,0.0,1.0,1,7,1.0,0.0,0.57,0.0,0.0,0.0,1,123129.0
23,1,0,0,0,0,112,0.0,0.0,0.11,0.06,0.0,255,12,0.05,0.05,0.0,0.0,0.0,1.0,1,87542.0
22,9,344,185,0,1,9,0.0,0.0,1.0,0.0,0.2,249,255,1.0,0.0,0.01,0.0,0.0,0.0,0,52417.0
8,5,0,0,0,0,235,1.0,1.0,0.02,0.07,0.0,255,4,0.02,0.07,0.0,1.0,1.0,0.0,1,540.0
40,9,113,0,0,0,6,0.0,0.0,0.83,0.33,0.0,255,5,0.02,0.59,0.0,0.0,0.0,0.0,0,91793.0
22,9,241,1839,0,1,4,0.0,0.0,1.0,0.0,0.0,65,255,1.0,0.0,0.02,0.0,0.0,0.0,0,104633.0
38,5,0,0,0,0,290,1.0,1.0,0.03,0.06,0.0,255,10,0.04,0.07,0.0,1.0,1.0,0.0,1,18339.0
45,5,0,0,0,0,116,1.0,1.0,0.09,0.08,0.0,255,11,0.04,0.09,0.0,1.0,1.0,0.0,1,16313.0
45,5,0,0,0,0,103,0.99,1.0,0.04,0.07,0.0,255,5,0.02,0.06,0.0,1.0,1.0,0.0,1,123367.0
27,5,0,0,0,0,133,1.0,1.0,0.17,0.05,0.0,255,23,0.09,0.05,0.0,1.0,1.0,0.0,1,57372.0
22,9,279,1017,0,1,4,0.0,0.0,1.0,0.0,0.29,7,255,1.0,0.0,0.04,0.0,0.0,0.0,0,65423.0
49,9,970,388,0,1,1,0.0,0.0,1.0,0.0,0.0,255,65,0.25,0.05,0.0,0.55,0.0,0.0,0,6713.0
22,5,0,0,0,0,172,1.0,1.0,0.04,0.06,0.0,255,7,0.03,0.05,0.0,1.0,1.0,0.0,1,15013.0
22,9,281,1660,0,1,10,0.0,0.0,1.0,0.0,0.0,94,214,1.0,0.0,0.05,0.0,0.0,0.0,0,83179.0
45,5,0,0,0,0,103,1.0,1.0,0.03,0.07,0.0,255,4,0.02,0.06,0.0,1.0,1.0,0.0,1,83285.0
17,9,7,138,0,0,1,0.0,0.0,1.0,0.0,0.0,211,14,0.06,0.03,0.14,0.0,0.0,0.0,0,5730.0
22,9,332,1930,0,1,1,0.0,0.0,1.0,0.0,0.0,11,255,1.0,0.0,0.06,0.0,0.0,0.0,0,110543.0
22,9,267,23875,0,1,1,0.0,0.0,1.0,0.0,0.17,211,247,1.0,0.0,0.04,0.0,0.0,0.0,0,5434.0
22,9,220,613,0,1,13,0.0,0.0,1.0,0.0,0.0,13,255,1.0,0.0,0.04,0.0,0.0,0.0,0,57603.0
61,5,0,0,0,0,221,1.0,1.0,0.03,0.05,0.0,255,13,0.05,0.09,0.0,1.0,1.0,0.0,1,44335.0
18,9,327,1054,0,1,1,0.0,0.0,1.0,0.0,0.0,47,7,0.15,0.06,0.0,0.0,0.0,0.0,0,84827.0
22,9,285,2942,0,1,1,0.0,0.0,1.0,0.0,1.0,88,255,1.0,0.0,0.04,0.0,0.0,0.0,0,13476.0
45,1,0,0,0,0,311,0.0,0.0,0.0,0.52,0.0,255,1,0.0,0.52,0.0,0.0,0.0,1.0,1,108317.0
22,1,0,0,0,0,217,0.0,0.0,0.03,0.07,0.0,255,6,0.02,0.07,0.0,0.0,0.0,1.0,1,51513.0
22,9,210,2159,0,1,3,0.33,0.33,1.0,0.0,0.0,87,255,1.0,0.0,0.04,0.01,0.01,0.0,0,85707.0
45,5,0,0,0,0,126,1.0,1.0,0.05,0.06,0.0,255,12,0.05,0.07,0.0,1.0,1.0,0.0,1,93217.0
22,9,316,5212,0,1,12,0.0,0.0,1.0,0.0,0.0,12,255,1.0,0.0,0.02,0.0,0.0,0.0,0,85345.0
17,5,0,0,0,0,3,1.0,1.0,1.0,0.0,0.0,255,63,0.25,0.02,0.0,1.0,1.0,0.0,1,112079.0
19,5,0,0,0,0,73,1.0,1.0,0.25,0.05,0.0,255,58,0.23,0.03,0.0,1.0,1.0,0.0,1,31222.0
22,9,213,170,0,1,4,0.0,0.0,1.0,0.0,0.29,98,255,1.0,0.0,0.03,0.0,0.0,0.0,0,31020.0
49,9,1055,327,0,1,1,0.0,0.0,1.0,0.0,0.0,180,106,0.42,0.03,0.02,0.01,0.01,0.0,0,71545.0
19,5,0,0,0,0,211,1.0,1.0,0.09,0.07,0.0,255,18,0.07,0.07,0.0,1.0,1.0,0.0,1,105934.0
22,9,222,539,0,1,20,0.0,0.0,1.0,0.0,0.0,255,255,1.0,0.0,0.0,0.0,0.0,0.0,0,3102.0
11,9,45,71,0,0,299,0.0,0.0,1.0,0.0,0.0,255,254,1.0,0.01,0.0,0.0,0.0,0.0,0,3220.0
19,9,4014,0,0,0,1,0.0,0.0,1.0,0.0,0.0,83,76,0.2,0.04,0.03,0.0,0.0,0.0,0,88297.0
40,9,146,105,0,0,1,0.0,0.0,1.0,0.0,0.0,255,1,0.0,0.52,0.0,0.0,0.0,0.0,0,26239.0
11,9,46,127,0,0,75,0.0,0.0,1.0,0.0,0.01,255,247,0.97,0.01,0.0,0.0,0.0,0.0,0,15871.0
45,5,0,0,0,0,511,0.07,1.0,0.0,1.0,0.0,255,1,0.0,1.0,0.0,0.08,1.0,0.0,1,64880.0
22,9,328,1516,0,1,1,0.0,0.0,1.0,0.0,0.24,12,255,1.0,0.0,0.04,0.0,0.0,0.0,0,107166.0
49,9,677,334,0,1,1,0.0,0.0,1.0,0.0,1.0,182,140,0.53,0.02,0.01,0.0,0.0,0.04,0,41477.0
49,9,4656,325,0,1,1,0.0,0.0,1.0,0.0,0.0,148,123,0.59,0.03,0.02,0.0,0.0,0.0,0,33370.0
22,9,337,1178,0,1,19,0.0,0.0,1.0,0.0,0.09,85,255,1.0,0.0,0.01,0.0,0.0,0.0,0,100868.0
45,5,0,0,0,0,261,1.0,1.0,0.02,0.06,0.0,255,6,0.02,0.07,0.0,1.0,1.0,0.0,1,79605.0
28,5,0,0,0,0,145,1.0,1.0,0.03,0.06,0.0,255,6,0.02,0.07,0.0,1.0,1.0,0.0,1,94357.0
11,9,45,130,0,0,223,0.0,0.0,1.0,0.01,0.01,225,186,0.83,0.01,0.0,0.0,0.0,0.0,0,92193.0
45,9,28,0,3,0,48,0.0,0.0,1.0,0.0,0.0,255,48,0.19,0.64,0.0,0.01,0.0,0.0,1,94905.0
22,9,310,16955,0,1,4,0.0,0.0,1.0,0.0,0.4,4,255,1.0,0.0,0.02,0.0,0.0,0.0,0,47134.0
45,5,0,0,0,0,253,1.0,1.0,0.08,0.06,0.0,255,18,0.07,0.08,0.0,1.0,1.0,0.0,1,117426.0
49,5,0,0,0,0,236,1.0,1.0,0.07,0.06,0.0,255,17,0.07,0.07,0.0,1.0,1.0,0.0,1,95761.0
13,9,8,0,0,0,1,0.0,0.0,1.0,0.0,1.0,2,61,1.0,0.0,0.51,0.0,0.0,0.0,1,37589.0
45,4,1,0,0,0,2,0.0,0.0,1.0,0.0,0.0,255,2,0.01,0.82,0.0,0.0,0.0,1.0,1,67649.0
14,9,520,0,0,0,443,0.0,0.0,1.0,0.0,0.0,2,2,1.0,0.0,0.0,0.0,0.0,0.0,1,109693.0
19,9,501760,0,0,0,1,0.0,0.0,1.0,0.0,0.0,46,9,0.2,0.09,0.0,0.0,0.0,0.0,0,19011.0
11,9,133,42,0,0,263,0.0,0.0,1.0,0.01,0.0,152,119,0.78,0.01,0.0,0.0,0.0,0.0,0,28858.0
22,4,33580,1460,0,1,3,0.0,0.0,1.0,0.0,0.0,16,16,1.0,0.0,0.0,0.0,0.0,0.5,0,111182.0
22,9,206,1448,0,1,5,0.0,0.0,1.0,0.0,0.22,29,255,1.0,0.0,0.04,0.0,0.0,0.0,0,71860.0
22,9,298,2209,0,1,3,0.0,0.0,1.0,0.0,0.0,42,255,1.0,0.0,0.02,0.0,0.0,0.0,0,37195.0
22,9,200,5176,0,1,7,0.0,0.0,1.0,0.0,0.0,7,255,1.0,0.0,0.05,0.0,0.0,0.0,0,86292.0
22,9,287,811,0,1,18,0.0,0.0,1.0,0.0,0.0,255,255,1.0,0.0,0.0,0.0,0.0,0.0,0,56558.0
45,1,0,0,0,0,336,0.0,0.0,0.0,0.52,0.0,255,1,0.0,0.52,0.0,0.0,0.0,1.0,1,100283.0
55,5,0,0,0,0,46,1.0,1.0,0.17,0.09,0.0,255,48,0.19,0.03,0.0,1.0,1.0,0.0,1,69202.0
22,9,244,828,0,1,19,0.0,0.0,1.0,0.0,0.1,255,255,1.0,0.0,0.0,0.0,0.0,0.0,0,49496.0
22,9,288,294,0,1,15,0.0,0.0,1.0,0.0,0.07,255,255,1.0,0.0,0.0,0.0,0.0,0.0,0,117345.0
22,9,269,261,0,1,18,0.0,0.0,1.0,0.0,0.11,255,255,1.0,0.0,0.0,0.0,0.0,0.0,0,78966.0
31,5,0,0,0,0,296,1.0,1.0,0.04,0.05,0.0,255,13,0.05,0.05,0.0,1.0,1.0,0.0,1,44108.0
13,9,30,0,0,0,6,0.0,0.0,0.17,0.5,0.0,255,4,0.02,0.01,0.0,0.0,0.0,0.0,0,120107.0
45,5,0,0,0,0,267,1.0,1.0,0.0,0.07,0.0,255,1,0.0,0.08,0.0,1.0,1.0,0.0,1,41493.0
22,9,369,1335,0,1,8,0.0,0.0,1.0,0.0,0.0,208,255,1.0,0.0,0.02,0.0,0.0,0.0,0,68585.0
45,5,0,0,0,0,296,1.0,1.0,0.07,0.06,0.0,255,19,0.07,0.07,0.0,1.0,1.0,0.0,1,102684.0
14,9,1032,0,0,0,511,0.0,0.0,1.0,0.0,0.0,255,187,0.73,0.02,0.0,0.0,0.0,0.0,1,100794.0
11,9,44,118,0,0,236,0.0,0.0,1.0,0.0,0.01,255,193,0.76,0.01,0.0,0.0,0.0,0.0,0,2707.0
22,9,221,5286,0,1,6,0.0,0.0,1.0,0.0,0.0,92,255,1.0,0.0,0.02,0.0,0.0,0.0,0,5132.0
45,5,0,0,0,0,107,1.0,1.0,0.15,0.06,0.0,111,16,0.14,0.11,0.0,1.0,1.0,0.0,1,123035.0
22,5,0,0,0,0,8,0.88,1.0,0.25,0.62,0.0,255,43,0.17,0.05,0.0,1.0,1.0,0.0,1,61016.0
22,9,282,2047,0,1,1,0.0,0.0,1.0,0.0,0.0,7,10,1.0,0.0,0.2,0.0,0.2,0.1,0,47238.0
35,5,0,0,0,0,276,1.0,1.0,0.03,0.05,0.0,255,7,0.03,0.05,0.0,1.0,1.0,0.0,1,53404.0
19,1,0,0,0,0,1,0.0,0.0,1.0,0.0,0.0,1,49,1.0,0.0,0.04,0.0,0.0,0.02,0,105892.0
11,9,44,79,0,0,125,0.0,0.0,1.0,0.0,0.0,255,179,0.7,0.01,0.0,0.0,0.0,0.0,0,96499.0
22,1,0,0,0,0,201,0.0,0.0,0.0,0.06,0.0,255,1,0.0,0.08,0.0,0.0,0.0,1.0,1,101422.0
22,9,306,1309,0,1,24,0.0,0.0,1.0,0.0,0.0,24,255,1.0,0.0,0.03,0.0,0.0,0.01,0,97979.0
22,1,0,0,0,0,1,0.0,0.0,1.0,0.0,0.0,10,255,1.0,0.0,0.08,0.0,0.0,0.86,0,63916.0
45,5,0,0,0,0,223,1.0,1.0,0.05,0.05,0.0,255,12,0.05,0.08,0.0,1.0,1.0,0.0,1,63683.0
40,4,1,0,0,0,2,0.0,0.0,1.0,0.0,0.0,255,2,0.01,0.73,0.0,0.0,0.0,1.0,1,120863.0
22,5,0,0,0,0,142,1.0,1.0,0.09,0.06,0.0,255,7,0.03,0.06,0.0,1.0,1.0,0.0,1,101828.0
40,4,1,0,0,0,2,0.0,0.0,1.0,0.0,0.0,255,2,0.01,0.74,0.0,0.0,0.0,1.0,1,118409.0
22,5,0,0,0,0,216,1.0,1.0,0.03,0.06,0.0,255,6,0.02,0.06,0.0,1.0,1.0,0.0,1,54888.0
20,1,0,0,0,0,144,0.0,0.0,0.01,0.06,0.0,255,2,0.01,0.07,0.0,0.0,0.0,1.0,1,81194.0
22,9,240,1307,0,1,10,0.0,0.0,1.0,0.0,0.17,10,255,1.0,0.0,0.02,0.0,0.0,0.0,0,42727.0
22,9,217,1835,0,1,8,0.0,0.0,1.0,0.0,0.22,89,255,1.0,0.0,0.03,0.0,0.0,0.0,0,85980.0
49,9,1469,364,0,1,1,0.0,0.0,1.0,0.0,0.0,248,159,0.64,0.06,0.0,0.0,0.0,0.0,0,65044.0
55,0,0,0,0,0,1,0.0,0.0,1.0,0.0,0.0,71,1,0.01,0.35,0.0,0.08,0.0,0.0,0,69647.0
22,9,181,2018,0,1,1,0.0,0.0,1.0,0.0,0.0,255,247,0.97,0.01,0.0,0.0,0.0,0.0,0,61293.0
17,5,0,0,0,0,13,0.92,1.0,0.31,0.38,0.0,255,23,0.09,0.06,0.0,1.0,1.0,0.0,1,65596.0
13,9,8,0,0,0,1,0.0,0.0,1.0,0.0,1.0,3,167,1.0,0.0,0.25,0.0,0.0,0.0,1,78640.0
22,9,360,61382,0,1,7,0.14,0.17,1.0,0.0,0.17,115,255,1.0,0.0,0.08,0.01,0.0,0.52,0,58162.0
45,5,0,0,0,0,211,1.0,1.0,0.04,0.06,0.0,255,14,0.05,0.06,0.0,1.0,1.0,0.0,1,95688.0
45,5,0,0,0,0,148,1.0,1.0,0.13,0.05,0.0,255,20,0.08,0.06,0.0,1.0,1.0,0.0,1,81396.0
22,9,321,5683,0,1,10,0.0,0.0,1.0,0.0,0.0,168,255,1.0,0.0,0.04,0.0,0.0,0.0,0,78.0
45,5,0,0,0,0,193,1.0,1.0,0.01,0.06,0.0,255,20,0.08,0.07,0.0,1.0,1.0,0.0,1,64910.0
59,5,0,0,0,0,144,1.0,1.0,0.12,0.06,0.0,255,18,0.07,0.07,0.0,1.0,1.0,0.0,1,94420.0
45,5,0,0,0,0,99,1.0,1.0,0.11,0.06,0.0,255,13,0.05,0.06,0.0,1.0,1.0,0.0,1,11941.0
31,5,0,0,0,0,47,1.0,1.0,0.23,0.11,0.0,255,18,0.07,0.07,0.0,1.0,1.0,0.0,1,78718.0
22,9,244,2619,0,1,10,0.0,0.0,1.0,0.0,0.13,31,255,1.0,0.0,0.01,0.0,0.0,0.0,0,20829.0
59,5,0,0,0,0,141,1.0,1.0,0.13,0.06,0.0,255,18,0.07,0.06,0.0,1.0,1.0,0.0,1,107350.0
45,5,0,0,0,0,218,1.0,1.0,0.05,0.05,0.0,22,11,0.5,0.14,0.0,0.91,1.0,0.0,1,52212.0
22,5,0,0,0,0,5,1.0,1.0,1.0,0.0,0.0,255,65,0.25,0.02,0.0,1.0,1.0,0.0,1,15300.0
22,9,222,186,0,1,5,0.0,0.0,1.0,0.0,0.0,34,255,1.0,0.0,0.05,0.0,0.0,0.0,0,110514.0
22,9,54540,8314,0,1,4,0.0,0.0,1.0,0.0,0.4,183,183,1.0,0.0,0.0,0.0,0.0,0.05,0,66813.0
17,5,0,0,0,0,56,0.8,1.0,0.04,0.39,0.0,255,2,0.01,0.09,0.0,0.18,1.0,0.0,1,101798.0
11,9,45,109,0,0,102,0.0,0.0,1.0,0.0,0.03,255,255,1.0,0.0,0.0,0.0,0.0,0.0,0,15721.0
49,9,826,343,0,1,1,0.0,0.0,1.0,0.0,0.0,12,167,0.92,0.17,0.01,0.0,0.0,0.0,0,55449.0
22,9,146,2666,0,1,3,0.0,0.0,1.0,0.0,0.0,3,255,1.0,0.0,0.04,0.0,0.0,0.0,0,45160.0
45,5,0,0,0,0,201,1.0,1.0,0.03,0.07,0.0,255,7,0.03,0.07,0.0,1.0,1.0,0.0,1,49309.0
19,9,245,0,0,0,1,0.0,0.0,1.0,0.0,0.0,85,12,0.14,0.06,0.0,0.01,0.08,0.0,0,18643.0
6,5,0,0,0,0,127,1.0,1.0,0.16,0.07,0.0,255,18,0.07,0.06,0.0,1.0,1.0,0.0,1,71490.0
19,5,0,0,0,0,15,0.93,1.0,0.13,0.33,0.0,255,22,0.09,0.06,0.0,1.0,1.0,0.0,1,116382.0
22,9,332,6999,0,1,17,0.0,0.0,1.0,0.0,0.0,41,255,1.0,0.0,0.05,0.0,0.0,0.0,0,103605.0
22,9,322,4137,0,1,16,0.0,0.0,1.0,0.0,0.16,255,255,1.0,0.0,0.0,0.0,0.0,0.0,0,110332.0
24,5,0,0,0,0,298,1.0,1.0,0.07,0.06,0.0,255,23,0.09,0.06,0.0,1.0,1.0,0.0,1,65186.0
37,5,0,0,0,0,101,1.0,1.0,0.16,0.06,0.0,255,16,0.06,0.07,0.0,1.0,1.0,0.0,1,12726.0
13,9,8,0,0,0,1,0.0,0.0,1.0,0.0,1.0,2,34,1.0,0.0,0.5,0.0,0.0,0.0,1,47157.0
13,9,8,0,0,0,1,0.0,0.0,1.0,0.0,1.0,1,177,1.0,0.0,0.25,0.0,0.0,0.0,1,48563.0
22,9,325,930,0,1,9,0.0,0.0,1.0,0.0,0.2,255,255,1.0,0.0,0.0,0.0,0.0,0.0,0,84121.0
40,1,0,0,0,0,510,0.13,0.0,0.0,1.0,0.0,255,1,0.0,1.0,0.0,0.09,0.0,1.0,1,57611.0
17,9,7,222,0,0,1,0.0,0.0,1.0,0.0,0.0,66,3,0.05,0.08,0.0,0.0,0.0,0.0,0,54451.0
19,9,63,0,0,1,152,0.99,0.0,0.01,0.07,0.0,255,2,0.01,0.06,0.0,0.99,0.0,0.0,0,9513.0
22,9,228,2708,0,1,2,0.0,0.0,1.0,0.0,0.0,9,255,1.0,0.0,0.04,0.0,0.0,0.0,0,107645.0
0,6,42082,45123,0,1,1,1.0,1.0,1.0,0.0,0.0,57,8,0.14,0.04,0.0,0.11,0.75,0.0,0,117390.0
22,9,211,11379,0,1,5,0.0,0.0,1.0,0.0,0.0,26,255,1.0,0.0,0.06,0.0,0.0,0.0,0,62072.0
40,9,147,105,0,0,2,0.0,0.0,1.0,0.0,0.0,255,2,0.01,0.44,0.0,0.0,0.0,0.0,0,55502.0
22,9,296,6843,0,1,6,0.0,0.0,1.0,0.0,0.0,255,255,1.0,0.0,0.0,0.0,0.0,0.0,0,124997.0
3,5,0,0,0,0,203,1.0,1.0,0.05,0.06,0.0,255,10,0.04,0.07,0.0,1.0,1.0,0.0,1,15941.0
20,5,0,0,0,0,255,1.0,1.0,0.09,0.05,0.0,255,23,0.09,0.05,0.0,1.0,1.0,0.0,1,61660.0
22,9,221,1384,0,1,3,0.0,0.0,1.0,0.0,0.0,59,255,1.0,0.0,0.02,0.0,0.0,0.0,0,55552.0
45,9,28,0,3,0,44,0.0,0.0,1.0,0.0,0.0,255,144,0.56,0.44,0.0,0.09,0.0,0.0,1,65138.0
22,9,286,4566,0,1,4,0.0,0.0,1.0,0.0,0.0,4,255,1.0,0.0,0.02,0.0,0.0,0.0,0,113649.0
14,9,1480,0,1,0,5,0.0,0.0,1.0,0.0,0.0,255,7,0.03,0.02,0.0,0.0,0.0,0.0,0,108068.0
28,5,0,0,0,0,147,1.0,1.0,0.1,0.05,0.0,255,7,0.03,0.06,0.0,1.0,1.0,0.0,1,102382.0
22,9,223,4382,0,1,4,0.0,0.0,1.0,0.0,0.0,49,255,1.0,0.0,0.03,0.0,0.0,0.0,0,33200.0
17,6,7,0,0,0,1,1.0,1.0,1.0,0.0,0.0,87,9,0.08,0.03,0.22,0.06,0.33,0.0,1,66793.0
45,5,0,0,0,0,217,1.0,1.0,0.07,0.06,0.0,255,19,0.07,0.05,0.0,1.0,1.0,0.0,1,4252.0
4,5,0,0,0,0,229,1.0,1.0,0.07,0.06,0.0,255,17,0.07,0.07,0.0,1.0,1.0,0.0,1,26060.0
22,9,209,2107,0,1,2,0.0,0.0,1.0,0.0,0.75,109,255,1.0,0.0,0.02,0.0,0.0,0.0,0,120053.0
8,5,0,0,0,0,147,1.0,1.0,0.05,0.07,0.0,255,7,0.03,0.07,0.0,1.0,1.0,0.0,1,47362.0
35,5,0,0,0,0,240,1.0,1.0,0.02,0.07,0.0,255,4,0.02,0.08,0.0,1.0,1.0,0.0,1,111279.0
11,9,45,45,0,0,153,0.0,0.0,1.0,0.0,0.0,255,203,0.8,0.01,0.0,0.0,0.0,0.0,0,25812.0
22,9,215,12884,0,1,4,0.0,0.0,1.0,0.0,0.0,255,255,1.0,0.0,0.0,0.0,0.0,0.0,0,101374.0
22,9,367,7333,0,1,5,0.0,0.0,1.0,0.0,0.0,255,255,1.0,0.0,0.0,0.0,0.0,0.0,0,92943.0
11,9,43,43,0,0,166,0.0,0.0,1.0,0.0,0.0,255,255,1.0,0.0,0.0,0.0,0.0,0.0,0,2457.0
23,5,0,0,0,0,109,1.0,1.0,0.06,0.06,0.0,255,7,0.03,0.05,0.0,1.0,1.0,0.0,1,95577.0
62,5,0,0,0,0,229,1.0,1.0,0.06,0.06,0.0,255,13,0.05,0.07,0.0,1.0,1.0,0.0,1,48065.0
45,5,0,0,0,0,61,1.0,1.0,0.07,0.1,0.0,255,18,0.07,0.09,0.0,1.0,1.0,0.0,1,37585.0
26,5,0,0,0,0,111,1.0,1.0,0.21,0.05,0.0,255,23,0.09,0.04,0.0,1.0,1.0,0.0,1,51668.0
45,9,1,0,0,0,3,0.0,0.0,1.0,0.0,0.0,255,3,0.01,0.99,0.0,0.21,0.0,0.0,1,29388.0
22,9,171,389,0,1,4,0.0,0.0,1.0,0.0,0.0,47,255,1.0,0.0,0.05,0.0,0.0,0.0,0,80860.0
49,9,1505,329,0,1,1,0.0,0.0,1.0,0.0,0.0,6,191,1.0,0.0,0.02,0.0,0.0,0.0,0,2037.0
22,9,319,387,0,1,13,0.0,0.0,1.0,0.0,0.0,40,40,1.0,0.0,0.0,0.0,0.0,0.0,0,20874.0
17,9,8,0,0,0,1,0.0,0.0,1.0,0.0,0.0,5,16,0.2,0.6,0.31,0.0,0.0,0.0,1,48181.0
22,9,203,1933,0,1,10,0.0,0.0,1.0,0.0,0.24,79,255,1.0,0.0,0.01,0.0,0.0,0.0,0,90540.0
22,9,206,1600,0,1,10,0.0,0.0,1.0,0.0,0.0,128,255,1.0,0.0,0.04,0.0,0.0,0.0,0,53023.0
59,5,0,0,0,0,117,1.0,1.0,0.07,0.06,0.0,255,8,0.03,0.07,0.0,1.0,1.0,0.0,1,106682.0
4,5,0,0,0,0,176,1.0,1.0,0.09,0.06,0.0,255,16,0.06,0.05,0.0,1.0,1.0,0.0,1,16822.0
11,9,44,76,0,0,209,0.0,0.0,1.0,0.0,0.0,255,254,1.0,0.01,0.0,0.0,0.0,0.0,0,15287.0
61,5,0,0,0,0,292,1.0,1.0,0.04,0.05,0.0,255,14,0.05,0.08,0.0,1.0,1.0,0.0,1,152.0
45,9,1,0,0,0,125,0.0,0.0,0.92,0.02,0.0,255,183,0.72,0.04,0.0,0.0,0.0,0.0,1,105229.0
12,5,0,0,0,0,45,1.0,1.0,0.07,0.11,0.0,255,14,0.05,0.07,0.0,1.0,1.0,0.0,1,46762.0
45,1,0,0,0,0,118,0.0,0.0,0.03,0.07,0.0,193,4,0.02,0.07,0.0,0.0,0.0,1.0,1,100293.0
22,1,0,0,0,0,1,0.0,0.0,1.0,0.0,0.0,61,255,1.0,0.0,0.1,0.02,0.0,0.89,0,95423.0
22,9,243,382,0,1,18,0.0,0.0,1.0,0.0,0.0,255,255,1.0,0.0,0.0,0.0,0.0,0.0,0,61353.0
55,9,119,10493,0,1,1,0.0,0.0,1.0,0.0,0.0,228,1,0.0,0.04,0.0,0.0,0.0,0.0,0,115709.0
11,9,46,46,0,0,183,0.0,0.0,1.0,0.0,0.0,255,255,1.0,0.0,0.0,0.0,0.0,0.0,0,32010.0
22,1,0,0,0,0,1,0.0,0.0,1.0,0.0,0.0,42,247,1.0,0.0,0.09,0.0,0.0,0.52,0,124321.0
45,5,0,0,0,0,129,1.0,1.0,0.02,0.07,0.0,255,3,0.01,0.08,0.0,1.0,1.0,0.0,1,36694.0
22,9,291,996,0,1,5,0.0,0.0,1.0,0.0,0.0,41,255,1.0,0.0,0.04,0.0,0.0,0.0,0,120071.0
22,9,219,1089,0,1,7,0.0,0.0,1.0,0.0,0.0,255,255,1.0,0.0,0.0,0.0,0.0,0.0,0,55539.0
45,9,105,147,0,0,2,0.0,0.0,1.0,0.0,0.0,255,203,0.8,0.01,0.0,0.0,0.0,0.0,0,53471.0
45,1,0,0,0,0,61,0.0,0.0,0.02,0.1,0.0,255,1,0.0,0.06,0.0,0.0,0.0,1.0,1,34990.0
45,5,0,0,0,0,199,1.0,1.0,0.02,0.06,0.0,255,4,0.02,0.08,0.0,1.0,1.0,0.0,1,92090.0
45,5,0,0,0,0,213,1.0,1.0,0.07,0.08,0.0,255,14,0.05,0.08,0.0,1.0,1.0,0.0,1,118791.0
22,1,0,0,0,0,1,0.0,0.0,1.0,0.0,0.0,2,63,1.0,0.0,0.3,0.0,0.0,1.0,0,67559.0
22,9,345,255,0,1,14,0.0,0.0,1.0,0.0,0.0,255,255,1.0,0.0,0.0,0.0,0.0,0.0,0,110058.0
13,9,8,0,0,0,1,0.0,0.0,1.0,0.0,1.0,1,39,1.0,0.0,0.51,0.0,0.0,0.0,1,79872.0
19,9,641,0,0,1,1,0.0,0.0,1.0,0.0,0.0,255,112,0.44,0.05,0.0,0.01,0.02,0.0,0,3777.0
45,9,105,146,0,0,2,0.0,0.0,1.0,0.0,0.0,255,235,0.92,0.01,0.0,0.0,0.0,0.0,0,23167.0
45,1,0,0,0,0,279,0.0,0.0,0.03,0.06,0.0,255,9,0.04,0.06,0.0,0.0,0.0,1.0,1,10497.0
22,9,221,22426,0,1,1,0.0,0.0,1.0,0.0,0.0,24,255,1.0,0.0,0.04,0.0,0.0,0.0,0,88508.0
49,9,1275,331,0,1,1,0.0,0.0,1.0,0.0,1.0,194,192,0.82,0.02,0.01,0.0,0.0,0.07,0,64298.0
40,9,146,105,0,0,2,0.0,0.0,1.0,0.0,0.0,255,2,0.01,0.51,0.0,0.0,0.0,0.0,0,74829.0
11,9,43,129,0,0,80,0.0,0.0,1.0,0.0,0.01,255,254,1.0,0.01,0.0,0.0,0.0,0.0,0,123574.0
45,1,0,0,0,0,183,0.0,0.0,0.02,0.08,0.0,255,3,0.01,0.08,0.0,0.0,0.0,1.0,1,58876.0
22,9,240,1729,0,1,1,0.0,0.0,1.0,0.0,0.0,1,255,1.0,0.0,0.03,0.0,0.01,0.0,0,60180.0
22,9,233,3510,0,1,11,0.0,0.0,1.0,0.0,0.1,12,255,1.0,0.0,0.2,0.0,0.0,0.96,0,20595.0
55,2,126,179,0,0,1,0.0,0.0,1.0,0.0,0.0,34,34,1.0,0.0,0.0,0.06,0.06,0.94,0,113817.0
19,9,37,0,0,1,1,0.0,0.0,1.0,0.0,0.0,149,32,0.21,0.03,0.0,0.01,0.0,0.0,0,123806.0
49,9,991,303,0,1,1,0.0,0.0,1.0,0.0,0.0,250,65,0.25,0.28,0.03,0.0,0.0,0.0,0,56549.0
11,9,46,125,0,0,182,0.0,0.0,1.0,0.0,0.0,255,255,1.0,0.0,0.0,0.0,0.0,0.0,0,106852.0
22,9,345,771,0,1,13,0.0,0.0,1.0,0.0,0.0,255,255,1.0,0.0,0.0,0.0,0.0,0.01,0,81794.0
40,9,145,105,0,0,5,0.0,0.0,0.4,0.6,0.0,255,2,0.01,0.62,0.0,0.0,0.0,0.0,0,90486.0
22,9,220,439,0,1,15,0.0,0.0,1.0,0.0,0.14,255,255,1.0,0.0,0.0,0.0,0.0,0.0,0,92910.0
3,5,0,0,0,0,271,1.0,1.0,0.06,0.06,0.0,255,17,0.07,0.06,0.0,1.0,1.0,0.0,1,31097.0
22,9,219,342,0,1,6,0.0,0.0,1.0,0.0,0.0,255,255,1.0,0.0,0.0,0.0,0.0,0.0,0,125384.0
22,9,229,796,0,1,1,0.0,0.0,1.0,0.0,0.07,18,254,1.0,0.0,0.06,0.0,0.0,0.0,0,25565.0
22,9,208,1357,0,1,31,0.0,0.0,1.0,0.0,0.06,139,255,1.0,0.0,0.03,0.0,0.0,0.0,0,25679.0
13,9,8,0,0,0,1,0.0,0.0,1.0,0.0,1.0,3,71,1.0,0.0,0.25,0.0,0.0,0.0,1,23134.0
22,9,314,266,0,1,11,0.0,0.0,1.0,0.0,0.17,255,239,0.94,0.02,0.0,0.0,0.0,0.0,0,658.0
13,9,8,0,0,0,1,0.0,0.0,1.0,0.0,1.0,2,162,1.0,0.0,0.5,0.0,0.0,0.0,1,19478.0
22,9,296,545,0,1,5,0.0,0.0,1.0,0.0,0.0,5,255,1.0,0.0,0.1,0.0,0.0,0.0,0,85238.0
22,9,246,935,0,1,8,0.0,0.0,1.0,0.0,0.0,255,255,1.0,0.0,0.0,0.0,0.0,0.0,0,46632.0
45,9,1,0,0,0,10,0.0,0.0,0.1,0.2,0.0,255,55,0.22,0.21,0.0,0.0,0.0,0.0,1,36367.0
11,9,43,79,0,0,28,0.0,0.0,1.0,0.0,0.0,103,63,0.61,0.02,0.0,0.0,0.0,0.0,0,68106.0
45,5,0,0,0,0,256,1.0,1.0,0.03,0.07,0.0,255,7,0.03,0.06,0.0,1.0,1.0,0.0,1,10673.0
38,5,0,0,0,0,211,1.0,1.0,0.06,0.06,0.0,255,13,0.05,0.07,0.0,1.0,1.0,0.0,1,110557.0
51,5,0,0,0,0,185,1.0,1.0,0.01,0.06,0.0,255,1,0.0,0.06,0.0,1.0,1.0,0.0,1,26493.0
40,9,146,105,0,0,1,0.0,0.0,1.0,0.0,0.0,255,1,0.0,0.67,0.0,0.0,0.0,0.0,0,92252.0
22,9,299,1278,0,1,22,0.0,0.0,1.0,0.0,0.0,22,255,1.0,0.0,0.05,0.0,0.0,0.0,0,27475.0
11,9,44,114,0,0,214,0.0,0.0,1.0,0.0,0.0,255,255,1.0,0.0,0.0,0.0,0.0,0.0,0,113773.0
11,9,44,70,0,0,25,0.0,0.0,1.0,0.0,0.03,255,214,0.84,0.01,0.0,0.0,0.0,0.0,0,3553.0
53,5,0,0,0,0,112,1.0,1.0,0.03,0.06,0.0,255,6,0.02,0.07,0.0,1.0,1.0,0.0,1,4911.0
13,9,30,0,0,0,2,0.0,0.0,1.0,0.0,0.0,219,219,1.0,0.0,0.0,0.0,0.0,0.0,0,99237.0
22,9,225,1151,0,1,15,0.0,0.0,1.0,0.0,0.12,15,255,1.0,0.0,0.04,0.0,0.0,0.0,0,66046.0
19,9,194,0,0,1,2,0.0,0.0,1.0,0.0,0.0,114,19,0.09,0.04,0.11,0.0,0.0,0.0,0,67621.0
45,1,0,0,0,0,107,0.01,0.0,0.01,1.0,0.0,255,1,0.0,0.44,0.0,0.0,0.0,1.0,1,120478.0
13,9,8,0,0,0,1,0.0,0.0,1.0,0.0,1.0,1,73,1.0,0.0,0.51,0.0,0.0,0.0,1,113474.0
45,1,0,0,0,0,91,0.0,0.0,0.04,0.08,0.0,255,4,0.02,0.06,0.0,0.0,0.0,1.0,1,52959.0
22,9,169,439,0,1,1,0.0,0.0,1.0,0.0,0.5,118,223,1.0,0.0,0.01,0.0,0.0,0.0,0,60324.0
22,9,255,504,0,1,11,0.18,0.18,1.0,0.0,0.0,255,255,1.0,0.0,0.0,0.0,0.0,0.0,0,35262.0
21,1,0,0,0,0,270,0.0,0.0,0.05,0.06,0.0,255,14,0.05,0.07,0.0,0.0,0.0,1.0,1,118249.0
2,5,0,0,0,0,214,1.0,1.0,0.02,0.08,0.0,255,5,0.02,0.08,0.0,1.0,1.0,0.0,1,41831.0
22,9,351,5369,0,1,22,0.0,0.0,1.0,0.0,0.07,255,255,1.0,0.0,0.0,0.0,0.0,0.0,0,93481.0
22,1,0,0,0,0,1,0.0,0.0,1.0,0.0,1.0,7,255,1.0,0.0,0.16,0.0,0.0,0.92,0,96578.0
11,9,45,132,0,0,79,0.0,0.0,1.0,0.0,0.01,255,254,1.0,0.01,0.0,0.0,0.0,0.0,0,65497.0
2,5,0,0,0,0,115,1.0,1.0,0.09,0.07,0.0,255,10,0.04,0.07,0.0,1.0,1.0,0.0,1,122715.0
45,1,0,0,0,0,88,0.0,0.0,0.1,0.07,0.0,255,9,0.04,0.05,0.0,0.0,0.0,1.0,1,26201.0
22,9,193,2833,0,1,9,0.0,0.0,1.0,0.0,0.0,13,255,1.0,0.0,0.02,0.0,0.0,0.0,0,4630.0
27,1,0,0,0,0,143,0.0,0.0,0.13,0.06,0.0,255,19,0.07,0.05,0.0,0.0,0.0,1.0,1,114061.0
18,5,0,0,0,0,246,1.0,1.0,0.02,0.06,0.0,255,8,0.03,0.05,0.0,1.0,1.0,0.0,1,14129.0
22,9,235,481,0,1,3,0.0,0.0,1.0,0.0,0.5,255,255,1.0,0.0,0.0,0.0,0.0,0.0,0,41955.0
13,9,18,0,0,0,1,0.0,0.0,1.0,0.0,0.0,1,189,1.0,0.0,0.25,0.0,0.0,0.0,1,122734.0
22,9,225,1905,0,1,38,0.0,0.0,1.0,0.0,0.05,255,255,1.0,0.0,0.0,0.0,0.0,0.0,0,6949.0
45,5,0,0,0,0,217,1.0,1.0,0.02,0.06,0.0,255,4,0.02,0.07,0.0,1.0,1.0,0.0,1,50334.0
45,1,0,0,0,0,93,0.01,0.0,0.01,1.0,0.0,255,1,0.0,0.38,0.0,0.0,0.0,1.0,1,61457.0
22,9,349,253,0,1,11,0.0,0.0,1.0,0.0,0.17,255,255,1.0,0.0,0.0,0.0,0.0,0.0,0,9528.0
45,5,0,0,0,0,211,1.0,1.0,0.03,0.06,0.0,255,19,0.07,0.08,0.0,1.0,1.0,0.0,1,105348.0
59,5,0,0,0,0,143,1.0,1.0,0.13,0.06,0.0,255,18,0.07,0.06,0.0,1.0,1.0,0.0,1,112464.0
11,9,44,44,0,0,184,0.0,0.0,0.99,0.01,0.0,255,254,1.0,0.01,0.0,0.0,0.0,0.0,0,69526.0
22,9,235,26456,0,1,5,0.0,0.0,1.0,0.0,0.0,175,255,1.0,0.0,0.02,0.0,0.0,0.0,0,115531.0
22,9,244,960,0,1,3,0.0,0.0,1.0,0.0,0.18,224,255,1.0,0.0,0.02,0.0,0.0,0.0,0,13907.0
4,5,0,0,0,0,273,1.0,1.0,0.05,0.06,0.0,255,14,0.05,0.07,0.0,1.0,1.0,0.0,1,7721.0
38,2,0,0,0,0,123,0.0,0.0,0.15,0.07,0.0,255,19,0.07,0.07,0.0,0.0,0.0,1.0,1,116509.0
58,9,183,0,0,0,2,0.0,0.0,1.0,0.0,0.0,255,8,0.03,0.01,0.0,0.0,0.0,0.0,0,103535.0
61,5,0,0,0,0,283,1.0,1.0,0.07,0.06,0.0,255,19,0.07,0.07,0.0,1.0,1.0,0.0,1,54091.0
45,5,0,0,0,0,50,1.0,1.0,0.1,0.1,0.0,255,5,0.02,0.08,0.0,1.0,1.0,0.0,1,113272.0
45,4,0,0,0,0,1,0.0,0.0,1.0,0.0,0.0,255,1,0.0,0.64,0.0,0.0,0.0,1.0,1,59859.0
22,9,355,1587,0,1,7,0.0,0.0,1.0,0.0,0.0,103,255,1.0,0.0,0.03,0.0,0.0,0.0,0,63351.0
22,9,211,362,0,1,6,0.0,0.0,1.0,0.0,0.29,255,255,1.0,0.0,0.0,0.0,0.0,0.0,0,113451.0
45,5,0,0,0,0,214,1.0,1.0,0.04,0.06,0.0,255,13,0.05,0.09,0.0,1.0,1.0,0.0,1,118444.0
45,4,1,0,0,0,2,0.0,0.0,1.0,0.0,0.0,255,2,0.01,0.82,0.0,0.0,0.0,1.0,1,77753.0
22,9,211,301,0,1,14,0.0,0.0,1.0,0.0,0.12,15,255,1.0,0.0,0.03,0.0,0.0,0.0,0,61906.0
25,5,0,0,0,0,153,1.0,1.0,0.07,0.07,0.0,255,11,0.04,0.06,0.0,1.0,1.0,0.0,1,32206.0
22,9,281,417,0,1,6,0.0,0.0,1.0,0.0,0.21,6,255,1.0,0.0,0.01,0.0,0.0,0.0,0,83069.0
19,9,192,0,0,1,2,0.0,0.0,1.0,0.0,0.67,79,17,0.05,0.08,0.12,0.0,0.0,0.0,0,31294.0
22,9,238,188,0,1,36,0.0,0.0,1.0,0.0,0.0,255,255,1.0,0.0,0.0,0.0,0.0,0.0,0,37048.0
49,9,2415,327,0,1,1,0.0,0.0,1.0,0.0,0.0,143,171,0.76,0.03,0.02,0.0,0.01,0.0,0,98896.0
22,9,169,7591,0,1,2,0.0,0.0,1.0,0.0,0.0,37,255,1.0,0.0,0.02,0.0,0.0,0.0,0,115613.0
22,9,296,1566,0,1,16,0.0,0.0,1.0,0.0,0.0,16,255,1.0,0.0,0.01,0.0,0.0,0.0,0,89214.0
11,9,44,71,0,0,323,0.0,0.0,1.0,0.01,0.0,255,254,1.0,0.01,0.0,0.0,0.0,0.0,0,95145.0
7,5,0,0,0,0,225,1.0,1.0,0.01,0.06,0.0,255,2,0.01,0.06,0.0,1.0,1.0,0.0,1,73638.0
22,9,222,802,0,1,6,0.0,0.0,1.0,0.0,0.0,66,255,1.0,0.0,0.03,0.0,0.0,0.0,0,55274.0
22,9,235,439,0,1,11,0.0,0.0,1.0,0.0,0.0,94,255,1.0,0.0,0.01,0.0,0.0,0.0,0,9052.0
40,1,0,0,0,0,511,0.16,0.0,0.0,1.0,0.0,255,1,0.0,1.0,0.0,0.17,0.0,1.0,1,74721.0
22,9,221,1962,0,1,27,0.0,0.0,1.0,0.0,0.1,59,255,1.0,0.0,0.04,0.0,0.0,0.0,0,89861.0
13,9,8,0,0,0,1,0.0,0.0,1.0,0.0,1.0,2,182,1.0,0.0,0.5,0.0,0.0,0.0,1,27118.0
18,9,326,1054,0,1,1,0.0,0.0,1.0,0.0,0.0,228,33,0.14,0.02,0.0,0.0,0.0,0.0,0,85297.0
22,9,297,11075,0,1,22,0.0,0.0,1.0,0.0,0.0,34,255,1.0,0.0,0.04,0.0,0.0,0.0,0,56925.0
48,5,0,0,0,0,122,1.0,1.0,0.07,0.07,0.0,255,9,0.04,0.07,0.0,1.0,1.0,0.0,1,71806.0
22,9,306,2239,0,1,5,0.0,0.0,1.0,0.0,0.0,255,234,0.92,0.02,0.0,0.0,0.0,0.0,0,77715.0
18,9,1237,2451,0,1,1,0.0,0.0,1.0,0.0,0.0,228,56,0.25,0.02,0.0,0.0,0.0,0.0,0,43699.0
22,9,198,6026,0,1,2,0.0,0.0,1.0,0.0,0.1,12,255,1.0,0.0,0.04,0.0,0.0,0.0,0,59874.0
19,9,246,0,0,1,2,0.0,0.0,1.0,0.0,0.0,2,39,1.0,0.0,0.08,0.0,0.03,0.0,1,47054.0
49,9,1000,479,0,1,1,0.0,0.0,1.0,0.0,1.0,246,8,0.01,0.01,0.25,0.0,0.0,0.0,0,125629.0
55,5,0,0,0,0,71,1.0,1.0,0.21,0.06,0.0,255,59,0.23,0.02,0.0,1.0,1.0,0.0,1,91726.0
3,5,0,0,0,0,244,1.0,1.0,0.02,0.07,0.0,255,6,0.02,0.07,0.0,1.0,1.0,0.0,1,69225.0
61,5,0,0,0,0,268,1.0,1.0,0.02,0.06,0.0,255,14,0.05,0.07,0.0,1.0,1.0,0.0,1,49622.0
11,9,44,127,0,0,79,0.0,0.0,1.0,0.0,0.03,255,255,1.0,0.0,0.0,0.0,0.0,0.0,0,69179.0
45,5,0,0,0,0,198,1.0,1.0,0.02,0.08,0.0,255,4,0.02,0.08,0.0,1.0,1.0,0.0,1,470.0
22,9,238,281,0,1,5,0.0,0.0,1.0,0.0,0.0,255,255,1.0,0.0,0.0,0.0,0.0,0.0,0,24729.0
53,5,0,0,0,0,130,1.0,1.0,0.04,0.06,0.0,255,5,0.02,0.08,0.0,1.0,1.0,0.0,1,110630.0
22,9,291,302,0,1,17,0.0,0.0,1.0,0.0,0.0,255,255,1.0,0.0,0.0,0.0,0.0,0.0,0,77583.0
24,5,0,0,0,0,257,1.0,1.0,0.04,0.06,0.0,255,12,0.05,0.07,0.0,1.0,1.0,0.0,1,119461.0
22,9,282,3342,0,1,17,0.0,0.0,1.0,0.0,0.0,98,255,1.0,0.0,0.01,0.0,0.0,0.0,0,39714.0
13,9,8,0,0,0,1,0.0,0.0,1.0,0.0,0.0,2,38,1.0,0.0,0.5,0.0,0.0,0.0,1,9552.0
45,1,0,0,0,0,68,0.0,0.0,0.09,0.07,0.0,255,6,0.02,0.06,0.0,0.0,0.0,1.0,1,17973.0
19,9,852,0,0,0,12,0.0,0.0,1.0,0.0,0.0,46,78,0.39,0.04,0.03,0.0,0.0,0.0,0,108085.0
45,5,0,0,0,0,162,1.0,1.0,0.02,0.09,0.0,255,4,0.02,0.09,0.0,1.0,1.0,0.0,1,61181.0
45,5,0,0,0,0,21,1.0,1.0,0.43,0.29,0.0,255,9,0.04,0.08,0.0,1.0,1.0,0.0,1,122351.0
45,5,0,0,0,0,142,1.0,1.0,0.1,0.06,0.0,88,14,0.16,0.09,0.0,1.0,1.0,0.0,1,92776.0
45,5,0,0,0,0,299,1.0,1.0,0.03,0.06,0.0,255,5,0.02,0.06,0.0,1.0,1.0,0.0,1,68414.0
49,9,598,333,0,1,1,0.0,0.0,1.0,0.0,0.0,67,148,0.49,0.04,0.01,0.0,0.0,0.0,0,33350.0
43,9,36,130,0,1,1,0.0,0.0,1.0,0.0,0.0,171,3,0.02,0.03,0.0,0.01,0.33,0.0,0,109812.0
49,9,2974,405,0,1,1,0.0,0.0,1.0,0.0,0.0,137,50,0.36,0.04,0.0,0.01,0.0,0.0,0,56790.0
40,9,7077,0,0,1,4,0.25,0.0,0.25,0.5,0.0,176,1,0.01,0.02,0.0,0.01,0.0,0.0,0,45399.0
22,9,344,261,0,1,2,0.0,0.0,1.0,0.0,0.0,151,255,1.0,0.0,0.03,0.0,0.0,0.0,0,119597.0
19,9,0,5151049,0,0,1,0.0,0.0,1.0,0.0,0.0,13,13,1.0,0.0,0.0,0.0,0.0,0.0,0,31647.0
34,5,0,0,0,0,251,1.0,1.0,0.05,0.06,0.0,255,2,0.01,0.07,0.0,1.0,1.0,0.0,1,51084.0
45,5,0,0,0,0,272,1.0,1.0,0.02,0.06,0.0,255,7,0.03,0.07,0.0,1.0,1.0,0.0,1,120384.0
45,5,0,0,0,0,120,1.0,1.0,0.15,0.06,0.0,22,18,0.82,0.14,0.0,1.0,1.0,0.0,1,51919.0
40,9,147,105,0,0,1,0.0,0.0,1.0,0.0,0.0,255,1,0.0,0.6,0.0,0.0,0.0,0.0,0,70129.0
2,5,0,0,0,0,214,1.0,1.0,0.0,0.06,0.0,255,6,0.02,0.08,0.0,1.0,1.0,0.0,1,98780.0
45,5,0,0,0,0,225,1.0,1.0,0.08,0.05,0.0,255,18,0.07,0.05,0.0,1.0,1.0,0.0,1,87124.0
17,9,8,0,0,0,1,0.0,0.0,1.0,0.0,0.0,113,7,0.04,0.03,0.29,0.0,0.0,0.0,0,105457.0
22,9,222,2168,0,1,23,0.0,0.0,1.0,0.0,0.0,23,255,1.0,0.0,0.08,0.0,0.0,0.0,0,16709.0
22,1,0,0,0,0,1,0.0,0.0,1.0,0.0,1.0,8,255,1.0,0.0,0.08,0.0,0.0,1.0,0,26532.0
22,9,215,19835,0,1,5,0.0,0.0,1.0,0.0,0.0,5,255,1.0,0.0,0.08,0.0,0.0,0.0,0,101574.0
14,9,520,0,0,0,463,0.0,0.0,1.0,0.0,0.0,27,27,1.0,0.0,0.0,0.0,0.0,0.0,1,67957.0
11,9,44,136,0,0,151,0.0,0.0,1.0,0.0,0.01,255,255,1.0,0.0,0.0,0.0,0.0,0.0,0,18145.0
22,1,0,0,0,0,225,0.0,0.0,0.05,0.07,0.0,255,12,0.05,0.08,0.0,0.0,0.0,1.0,1,59664.0
22,5,0,0,0,0,235,1.0,0.23,0.02,0.07,0.09,255,5,0.02,0.07,0.0,1.0,1.0,0.0,1,29464.0
22,9,243,9284,0,1,10,0.0,0.0,1.0,0.0,0.0,255,255,1.0,0.0,0.0,0.0,0.0,0.0,0,102234.0
19,9,201,0,0,1,5,0.0,0.0,1.0,0.0,0.0,255,114,0.45,0.02,0.0,0.0,0.0,0.0,0,1128.0
45,9,1,0,0,0,6,0.0,0.0,0.33,0.33,0.0,255,45,0.18,0.32,0.0,0.0,0.0,0.0,1,105592.0
49,9,1430,404,0,1,1,0.0,0.0,1.0,0.0,1.0,104,236,0.91,0.03,0.01,0.0,0.0,0.0,0,67675.0
49,9,875,324,0,1,1,0.0,0.0,1.0,0.0,1.0,124,158,0.56,0.03,0.02,0.0,0.0,0.0,0,124785.0
49,9,1466,328,0,1,1,0.0,0.0,1.0,0.0,1.0,100,156,0.55,0.06,0.01,0.0,0.0,0.0,0,33926.0
55,5,0,0,0,0,23,1.0,1.0,0.22,0.17,0.0,255,64,0.25,0.02,0.0,1.0,1.0,0.0,1,5222.0
45,1,0,0,0,0,30,0.0,0.0,0.33,0.1,0.0,255,30,0.12,0.06,0.0,0.0,0.0,1.0,1,112822.0
22,9,255,1645,0,1,4,0.0,0.0,1.0,0.0,0.29,126,255,1.0,0.0,0.04,0.0,0.0,0.0,0,68343.0
22,9,144,5694,0,1,1,0.0,0.0,1.0,0.0,0.0,23,255,1.0,0.0,0.01,0.0,0.0,0.0,0,36114.0
11,9,30,30,0,0,5,0.0,0.0,1.0,0.0,0.3,28,26,0.93,0.07,0.0,0.0,0.0,0.0,0,54562.0
22,9,210,5003,0,1,2,0.0,0.0,1.0,0.0,0.0,48,255,1.0,0.0,0.05,0.0,0.01,0.01,0,103956.0
22,9,210,759,0,1,4,0.0,0.0,1.0,0.0,0.22,21,255,1.0,0.0,0.02,0.0,0.0,0.0,0,113973.0
45,5,0,0,0,0,125,1.0,1.0,0.05,0.06,0.0,255,12,0.05,0.07,0.0,1.0,1.0,0.0,1,26389.0
45,5,0,0,0,0,223,1.0,1.0,0.02,0.07,0.0,255,20,0.08,0.07,0.0,1.0,1.0,0.0,1,80428.0
40,9,146,105,0,0,2,0.0,0.0,1.0,0.0,0.0,255,2,0.01,0.85,0.0,0.0,0.0,0.0,0,117851.0
22,9,226,383,0,1,4,0.0,0.0,1.0,0.0,0.24,72,255,1.0,0.0,0.01,0.0,0.0,0.0,0,7057.0
32,5,0,0,0,0,188,1.0,1.0,0.05,0.07,0.0,255,10,0.04,0.07,0.0,1.0,1.0,0.0,1,107865.0
28,1,0,0,0,0,141,0.0,0.0,0.14,0.06,0.0,255,20,0.08,0.06,0.0,0.0,0.0,1.0,1,38900.0
17,9,7,225,0,0,1,0.0,0.0,1.0,0.0,0.0,255,7,0.03,0.06,0.0,0.02,0.0,0.0,0,9698.0
22,9,196,7203,0,1,9,0.0,0.0,1.0,0.0,0.0,255,255,1.0,0.0,0.0,0.0,0.0,0.01,0,80801.0
45,1,0,0,0,0,1,0.0,0.0,1.0,0.0,0.0,13,1,0.08,1.0,0.0,0.0,0.0,1.0,1,123872.0
45,5,0,0,0,0,123,1.0,1.0,0.07,0.07,0.0,255,8,0.03,0.06,0.0,1.0,1.0,0.0,1,10069.0
40,9,113,0,0,0,21,0.0,0.0,1.0,0.0,0.0,35,21,0.6,0.11,0.0,0.0,0.0,0.0,0,99259.0
11,9,44,79,0,0,74,0.0,0.0,1.0,0.0,0.01,255,211,0.83,0.01,0.0,0.0,0.0,0.0,0,4830.0
22,9,472,9463,0,1,9,0.0,0.0,1.0,0.0,0.2,115,255,1.0,0.0,0.03,0.0,0.01,0.0,0,14472.0
18,5,0,0,0,0,241,1.0,1.0,0.03,0.06,0.0,255,7,0.03,0.06,0.0,1.0,1.0,0.0,1,121693.0
28,5,0,0,0,0,105,1.0,1.0,0.06,0.07,0.0,255,6,0.02,0.06,0.0,1.0,1.0,0.0,1,71723.0
6,5,0,0,0,0,201,1.0,1.0,0.01,0.06,0.0,255,3,0.01,0.06,0.0,1.0,1.0,0.0,1,4010.0
24,1,0,0,0,0,278,0.0,0.0,0.06,0.06,0.0,255,16,0.06,0.07,0.0,0.0,0.0,1.0,1,30150.0
32,5,0,0,0,0,243,1.0,1.0,0.02,0.06,0.0,255,5,0.02,0.06,0.0,1.0,1.0,0.0,1,69355.0
11,9,44,139,0,0,68,0.0,0.0,1.0,0.0,0.01,255,254,1.0,0.01,0.0,0.0,0.0,0.0,0,59496.0
22,9,347,12919,0,1,1,0.0,0.0,1.0,0.0,1.0,62,255,1.0,0.0,0.02,0.0,0.0,0.0,0,120822.0
3,5,0,0,0,0,229,1.0,1.0,0.0,0.06,0.0,255,2,0.01,0.07,0.0,1.0,1.0,0.0,1,112651.0
49,9,1165,325,0,1,1,0.0,0.0,1.0,0.0,0.0,166,126,0.76,0.02,0.0,0.0,0.0,0.0,0,82995.0
11,9,45,73,0,0,150,0.0,0.0,1.0,0.0,0.0,255,254,1.0,0.01,0.0,0.0,0.0,0.0,0,109495.0
45,5,0,0,0,0,125,1.0,1.0,0.1,0.06,0.0,255,1,0.0,0.07,0.0,1.0,1.0,0.0,1,29813.0
22,9,326,580,0,1,16,0.0,0.0,1.0,0.0,0.0,54,255,1.0,0.0,0.04,0.0,0.0,0.0,0,102145.0
22,1,0,0,0,0,1,0.0,0.0,1.0,0.0,1.0,22,251,1.0,0.0,0.09,0.0,0.0,0.99,0,61593.0
11,9,44,44,0,0,9,0.0,0.0,1.0,0.0,0.15,255,235,0.92,0.01,0.0,0.0,0.0,0.0,0,123240.0
22,9,336,194,0,1,1,0.0,0.0,1.0,0.0,0.0,201,255,1.0,0.0,0.01,0.0,0.0,0.0,0,87374.0
22,9,225,3762,0,1,10,0.0,0.0,1.0,0.0,0.0,255,255,1.0,0.0,0.0,0.0,0.0,0.0,0,86.0
23,5,0,0,0,0,113,1.0,1.0,0.17,0.05,0.0,255,19,0.07,0.07,0.0,1.0,1.0,0.0,1,63521.0
59,5,0,0,0,0,107,1.0,1.0,0.06,0.06,0.0,255,6,0.02,0.04,0.0,1.0,1.0,0.0,1,18679.0
36,5,0,0,0,0,197,1.0,1.0,0.06,0.06,0.0,255,12,0.05,0.07,0.0,1.0,1.0,0.0,1,114409.0
22,9,298,5121,0,1,32,0.0,0.0,1.0,0.0,0.04,32,255,1.0,0.0,0.04,0.0,0.0,0.0,0,39302.0
22,9,204,260,0,1,17,0.0,0.0,1.0,0.0,0.16,35,255,1.0,0.0,0.06,0.0,0.0,0.06,0,990.0
22,9,258,11743,0,1,11,0.0,0.0,1.0,0.0,0.0,255,255,1.0,0.0,0.0,0.0,0.0,0.0,0,63446.0
22,9,360,3063,0,1,3,0.0,0.0,1.0,0.0,0.0,14,255,1.0,0.0,0.02,0.0,0.0,0.0,0,7618.0
35,5,0,0,0,0,236,1.0,1.0,0.01,0.07,0.0,255,2,0.01,0.08,0.0,1.0,1.0,0.0,1,19543.0
45,1,0,0,0,0,109,0.0,0.0,0.17,0.06,0.0,255,31,0.12,0.05,0.0,0.0,0.0,1.0,1,74914.0
22,9,324,6940,0,1,17,0.0,0.0,1.0,0.0,0.0,255,255,1.0,0.0,0.0,0.0,0.0,0.0,0,44903.0
11,9,46,82,0,0,246,0.0,0.0,1.0,0.0,0.01,255,203,0.8,0.01,0.0,0.0,0.0,0.0,0,62419.0
22,9,216,549,0,1,7,0.0,0.0,1.0,0.0,0.4,31,255,1.0,0.0,0.07,0.03,0.01,0.0,0,104534.0
49,1,0,0,0,0,1,0.0,0.0,1.0,0.0,0.0,171,68,0.23,0.02,0.03,0.0,0.0,0.01,0,28650.0
40,1,0,0,0,0,448,0.08,0.0,0.0,1.0,0.0,255,1,0.0,1.0,0.0,0.06,0.0,1.0,1,59870.0
22,1,0,0,0,0,1,0.0,0.0,1.0,0.0,0.0,3,59,1.0,0.0,0.2,0.0,0.0,1.0,0,110018.0
15,5,0,0,0,0,77,1.0,1.0,0.19,0.06,0.0,255,15,0.06,0.07,0.0,1.0,1.0,0.0,1,21762.0
45,5,0,0,0,0,209,1.0,1.0,0.09,0.06,0.0,255,16,0.06,0.08,0.0,1.0,1.0,0.0,1,117900.0
22,9,246,387,0,1,12,0.0,0.0,1.0,0.0,0.14,255,255,1.0,0.0,0.0,0.0,0.0,0.0,0,84285.0
32,1,0,0,0,0,238,0.0,0.0,0.01,0.07,0.0,255,3,0.01,0.07,0.0,0.0,0.0,1.0,1,76819.0
22,9,381,15211,0,1,6,0.0,0.0,1.0,0.0,0.0,255,255,1.0,0.0,0.0,0.0,0.0,0.0,0,97180.0
11,9,44,80,0,0,75,0.0,0.0,1.0,0.0,0.01,255,247,0.97,0.01,0.0,0.0,0.0,0.0,0,3567.0
29,5,0,0,0,0,243,1.0,1.0,0.08,0.07,0.0,255,19,0.07,0.07,0.0,1.0,1.0,0.0,1,77027.0
49,9,125,242,0,1,1,0.0,0.0,1.0,0.0,0.0,104,59,0.1,0.68,0.03,0.0,0.0,0.0,0,64775.0
22,9,264,1195,0,1,3,0.0,0.0,1.0,0.0,0.33,99,255,1.0,0.0,0.02,0.0,0.0,0.0,0,76310.0
19,9,12,0,0,1,2,0.0,0.0,1.0,0.0,0.0,14,12,0.86,0.14,0.0,0.0,0.0,0.0,0,40386.0
19,9,3468,0,0,0,10,0.0,0.0,1.0,0.0,0.0,75,86,0.4,0.07,0.02,0.0,0.0,0.0,0,49621.0
22,5,0,0,0,0,3,0.33,0.2,1.0,0.0,0.4,27,255,1.0,0.0,0.06,0.04,0.02,0.0,0,31229.0
11,9,42,125,0,0,159,0.0,0.0,1.0,0.0,0.01,255,255,1.0,0.0,0.0,0.0,0.0,0.0,0,58159.0
37,5,0,0,0,0,142,1.0,1.0,0.09,0.06,0.0,255,13,0.05,0.07,0.0,1.0,1.0,0.0,1,1839.0
40,9,147,105,0,0,2,0.0,0.0,1.0,0.0,0.0,255,2,0.01,0.71,0.0,0.0,0.0,0.0,0,92849.0
22,9,211,1197,0,1,2,0.0,0.0,1.0,0.0,0.19,94,255,1.0,0.0,0.03,0.02,0.01,0.0,0,118329.0
22,9,225,25113,0,1,5,0.0,0.0,1.0,0.0,0.0,17,255,1.0,0.0,0.04,0.0,0.0,0.0,0,121229.0
22,9,315,8147,0,1,4,0.0,0.0,1.0,0.0,0.0,4,255,1.0,0.0,0.05,0.0,0.0,0.0,0,104798.0
40,9,147,105,0,0,1,0.0,0.0,1.0,0.0,0.0,255,1,0.0,0.74,0.0,0.0,0.0,0.0,0,45198.0
22,9,291,13599,0,1,17,0.0,0.0,1.0,0.0,0.0,255,255,1.0,0.0,0.0,0.0,0.0,0.0,0,29741.0
45,5,0,0,0,0,60,1.0,1.0,0.07,0.1,0.0,255,11,0.04,0.09,0.0,1.0,1.0,0.0,1,38245.0
55,9,119,8667,0,1,1,0.0,0.0,1.0,0.0,0.0,56,3,0.04,0.11,0.67,0.0,0.0,0.33,0,34653.0
19,9,1010,0,0,1,2,0.0,0.0,1.0,0.0,0.0,11,7,0.27,0.27,0.29,0.0,0.0,0.0,0,94114.0
22,9,54540,8314,0,1,4,0.0,0.0,1.0,0.0,0.0,93,93,1.0,0.0,0.0,0.01,0.01,0.01,0,27065.0
22,9,255,11167,0,1,6,0.0,0.0,1.0,0.0,0.25,164,255,1.0,0.0,0.02,0.0,0.0,0.01,0,92092.0
55,5,0,0,0,0,10,1.0,1.0,0.3,0.4,0.0,255,39,0.15,0.05,0.0,1.0,1.0,0.0,1,88955.0
22,9,166,2663,0,1,1,0.0,0.0,1.0,0.0,0.0,37,242,1.0,0.0,0.05,0.0,0.0,0.0,0,86113.0
11,9,41,136,0,0,65,0.0,0.0,1.0,0.0,0.01,255,254,1.0,0.01,0.0,0.0,0.0,0.0,0,58524.0
19,9,2056,0,0,1,6,0.0,0.0,1.0,0.0,0.0,57,39,0.68,0.07,0.0,0.0,0.0,0.0,0,30750.0
22,9,228,398,0,1,7,0.0,0.0,1.0,0.0,0.0,255,255,1.0,0.0,0.0,0.0,0.0,0.0,0,44540.0
61,5,0,0,0,0,272,1.0,1.0,0.06,0.06,0.0,255,6,0.02,0.07,0.0,1.0,1.0,0.0,1,94783.0
45,1,0,0,0,0,122,0.0,0.0,0.06,0.06,0.0,255,7,0.03,0.05,0.0,0.0,0.0,1.0,1,31246.0
20,5,0,0,0,0,106,1.0,1.0,0.19,0.06,0.0,255,6,0.02,0.08,0.0,1.0,1.0,0.0,1,20671.0
45,1,0,0,0,0,296,0.0,0.0,0.07,0.06,0.0,255,38,0.15,0.06,0.0,0.0,0.0,1.0,1,63762.0
13,9,30,0,0,0,1,0.0,0.0,1.0,0.0,0.0,252,252,1.0,0.0,0.0,0.0,0.0,0.0,0,116631.0
45,4,0,0,0,0,1,0.0,0.0,1.0,0.0,0.0,255,1,0.0,0.16,0.0,0.0,0.0,1.0,1,24412.0
45,1,0,0,0,0,197,0.07,0.0,0.01,0.99,0.0,255,1,0.0,0.78,0.0,0.05,0.0,1.0,1,52870.0
22,9,264,28362,0,1,1,0.0,0.0,1.0,0.0,0.0,23,255,1.0,0.0,0.04,0.0,0.0,0.0,0,16155.0
22,9,319,2452,0,1,17,0.0,0.0,1.0,0.0,0.07,211,255,1.0,0.0,0.01,0.0,0.0,0.0,0,41665.0
22,9,343,492,0,1,26,0.0,0.0,1.0,0.0,0.15,255,255,1.0,0.0,0.0,0.0,0.0,0.0,0,93068.0
22,9,179,14496,0,1,1,0.0,0.0,1.0,0.0,0.0,195,255,1.0,0.0,0.02,0.0,0.0,0.0,0,50004.0
14,9,520,0,0,0,375,0.0,0.0,1.0,0.0,0.0,255,255,1.0,0.0,0.0,0.0,0.0,0.0,1,119268.0
45,4,0,0,0,0,1,0.0,0.0,1.0,0.0,0.0,255,1,0.0,0.98,0.0,0.0,0.0,1.0,1,69079.0
55,9,163,1744,0,1,1,0.0,0.0,1.0,0.0,0.0,190,27,0.14,0.08,0.0,0.01,0.04,0.0,0,42779.0
38,5,0,0,0,0,127,1.0,1.0,0.01,0.07,0.0,255,1,0.0,0.07,0.0,1.0,1.0,0.0,1,88555.0
19,9,16115,0,0,1,12,0.0,0.0,1.0,0.0,0.0,80,91,0.29,0.06,0.02,0.0,0.0,0.0,0,65190.0
49,9,1004,330,0,1,1,0.0,0.0,1.0,0.0,0.0,96,83,0.86,0.03,0.0,0.0,0.0,0.0,0,48014.0
14,9,1032,0,0,0,483,0.0,0.0,1.0,0.0,0.0,250,156,0.62,0.03,0.0,0.01,0.0,0.0,1,29554.0
54,5,0,0,0,0,27,1.0,1.0,0.04,0.22,0.0,255,7,0.03,0.09,0.0,1.0,1.0,0.0,1,69090.0
22,9,287,2459,0,1,1,0.0,0.0,1.0,0.0,0.0,22,255,1.0,0.0,0.02,0.0,0.0,0.0,0,22300.0
22,9,254,274,0,1,2,0.0,0.0,1.0,0.0,0.0,255,253,0.99,0.01,0.0,0.0,0.0,0.02,0,38363.0
45,9,1,0,0,0,15,0.0,0.0,1.0,0.0,0.0,255,212,0.83,0.03,0.0,0.0,0.0,0.0,0,23920.0
49,9,733,328,0,1,1,0.0,0.0,1.0,0.0,1.0,84,45,0.54,0.05,0.0,0.0,0.0,0.0,0,61404.0
49,9,2081,370,0,1,1,0.0,0.0,1.0,0.0,1.0,77,53,0.69,0.04,0.0,0.0,0.0,0.0,0,95917.0
22,9,283,3763,0,1,4,0.0,0.0,1.0,0.0,0.0,12,255,1.0,0.0,0.06,0.0,0.0,0.0,0,55649.0
2,5,0,0,0,0,267,1.0,1.0,0.05,0.05,0.0,255,14,0.05,0.05,0.0,1.0,1.0,0.0,1,41499.0
50,5,0,0,0,0,209,1.0,1.0,0.1,0.06,0.0,255,20,0.08,0.06,0.0,1.0,1.0,0.0,1,101162.0
19,9,852,0,0,1,9,0.0,0.0,1.0,0.0,0.0,201,62,0.29,0.01,0.03,0.0,0.0,0.0,0,93210.0
11,9,46,136,0,0,50,0.0,0.0,1.0,0.0,0.02,255,198,0.78,0.02,0.0,0.0,0.0,0.0,0,11883.0
38,5,0,0,0,0,15,1.0,1.0,0.4,0.33,0.0,255,6,0.02,0.08,0.0,1.0,1.0,0.0,1,101628.0
45,9,28,0,3,0,188,0.53,0.0,0.47,0.04,0.0,255,88,0.35,0.66,0.0,0.09,0.0,0.0,1,50162.0
45,9,1,0,0,0,32,0.0,0.0,0.31,0.09,0.0,255,55,0.22,0.32,0.0,0.1,0.0,0.0,1,120627.0
22,9,235,654,0,1,9,0.0,0.0,1.0,0.0,0.0,255,255,1.0,0.0,0.0,0.0,0.0,0.0,0,9062.0
22,9,209,788,0,1,7,0.0,0.0,1.0,0.0,0.0,255,255,1.0,0.0,0.0,0.0,0.0,0.0,0,9135.0
49,9,814,328,0,1,1,0.0,0.0,1.0,0.0,1.0,201,163,0.64,0.03,0.01,0.0,0.0,0.0,0,76998.0
22,9,300,1380,0,1,4,0.0,0.0,1.0,0.0,0.0,255,240,0.94,0.01,0.0,0.0,0.0,0.0,0,86779.0
28,5,0,0,0,0,132,1.0,1.0,0.03,0.06,0.0,255,16,0.06,0.08,0.0,1.0,1.0,0.0,1,15034.0
22,5,0,0,0,0,2,0.5,0.18,1.0,0.0,0.27,11,255,1.0,0.0,0.01,0.09,0.01,0.0,0,8359.0
22,1,0,0,0,0,1,0.0,0.0,1.0,0.0,0.0,244,204,0.84,0.01,0.0,0.0,0.0,1.0,0,120887.0
19,9,4892,0,0,1,18,0.0,0.0,1.0,0.0,0.0,255,82,0.32,0.02,0.0,0.0,0.0,0.0,0,111823.0
49,9,1180,489,0,1,1,0.0,0.0,1.0,0.0,0.0,255,10,0.04,0.47,0.0,0.0,0.0,0.2,0,72596.0
45,5,0,0,0,0,165,1.0,1.0,0.04,0.06,0.0,255,18,0.07,0.07,0.0,1.0,1.0,0.0,1,87880.0
11,9,45,77,0,0,171,0.0,0.0,1.0,0.0,0.01,255,232,0.91,0.01,0.0,0.0,0.0,0.0,0,234.0
22,1,0,0,0,0,1,0.0,0.0,1.0,0.0,0.0,7,255,1.0,0.0,0.15,0.0,0.0,0.77,0,66619.0
22,9,197,3195,0,1,6,0.0,0.0,1.0,0.0,0.0,239,255,1.0,0.0,0.01,0.0,0.0,0.0,0,70940.0
22,9,222,642,0,1,10,0.0,0.0,1.0,0.0,0.18,10,255,1.0,0.0,0.03,0.0,0.0,0.0,0,116538.0
23,1,0,0,0,0,312,0.03,0.0,0.0,1.0,0.0,255,1,0.0,0.99,0.0,0.04,0.0,1.0,1,79005.0
22,9,288,370,0,1,29,0.0,0.0,1.0,0.0,0.0,255,255,1.0,0.0,0.0,0.0,0.0,0.0,0,120093.0
22,7,231,0,0,1,1,1.0,1.0,1.0,0.0,0.0,1,255,1.0,0.0,0.06,1.0,0.01,0.0,1,76702.0
16,5,0,0,0,0,103,1.0,1.0,0.17,0.06,0.0,255,17,0.07,0.05,0.0,1.0,1.0,0.0,1,517.0
19,5,0,0,0,0,30,1.0,1.0,0.33,0.07,0.0,32,56,0.31,0.09,0.04,0.94,0.18,0.0,1,11047.0
22,1,0,0,0,0,1,0.0,0.0,1.0,0.0,0.0,7,255,1.0,0.0,0.11,0.0,0.0,0.65,0,98759.0
45,5,0,0,0,0,121,1.0,1.0,0.14,0.06,0.0,255,1,0.0,0.07,0.0,1.0,1.0,0.0,1,19423.0
22,9,323,19921,0,1,1,0.0,0.0,1.0,0.0,0.09,4,255,1.0,0.0,0.09,0.0,0.0,0.0,0,90023.0
40,9,146,0,0,0,1,0.0,0.0,1.0,0.0,0.0,255,1,0.0,0.34,0.0,0.0,0.0,0.0,0,108108.0
8,5,0,0,0,0,134,1.0,1.0,0.13,0.05,0.0,255,9,0.04,0.07,0.0,1.0,1.0,0.0,1,23945.0
18,9,233,768,0,1,1,0.0,0.0,1.0,0.0,0.0,194,21,0.11,0.04,0.0,0.01,0.0,0.0,0,94639.0
45,1,0,0,0,0,107,0.0,0.0,0.15,0.07,0.0,255,28,0.11,0.05,0.0,0.0,0.0,1.0,1,124079.0
45,5,0,0,0,0,293,1.0,1.0,0.04,0.05,0.0,255,11,0.04,0.06,0.0,1.0,1.0,0.0,1,96627.0
22,9,237,1228,0,1,2,0.0,0.0,1.0,0.0,0.0,95,255,1.0,0.0,0.14,0.0,0.0,0.45,0,83853.0
55,5,0,0,0,0,18,1.0,1.0,1.0,0.0,0.0,58,19,0.31,0.05,0.11,1.0,0.95,0.0,1,59146.0
22,9,219,6258,0,1,8,0.0,0.0,1.0,0.0,0.22,18,255,1.0,0.0,0.06,0.0,0.0,0.0,0,14499.0
22,9,214,4128,0,1,10,0.0,0.0,1.0,0.0,0.0,72,255,1.0,0.0,0.05,0.0,0.0,0.0,0,120826.0
22,1,0,0,0,0,1,0.0,0.0,1.0,0.0,0.0,12,255,1.0,0.0,0.09,0.0,0.0,0.99,0,54073.0
19,9,334,0,0,1,2,0.0,0.0,1.0,0.0,0.0,2,6,1.0,0.0,0.5,0.0,0.0,0.0,0,50272.0
22,9,195,1919,0,1,3,0.0,0.0,1.0,0.0,0.0,3,255,1.0,0.0,0.06,0.0,0.0,0.0,0,109174.0
22,9,242,291,0,1,5,0.0,0.0,1.0,0.0,0.1,255,255,1.0,0.0,0.0,0.0,0.0,0.0,0,68457.0
19,9,71,0,0,0,1,0.0,0.0,1.0,0.0,0.0,255,50,0.2,0.02,0.0,0.42,0.0,0.0,0,88357.0
20,5,0,0,0,0,268,1.0,1.0,0.08,0.05,0.0,255,22,0.09,0.05,0.0,1.0,1.0,0.0,1,9574.0
4,1,0,0,0,0,284,0.0,0.0,0.05,0.06,0.0,255,13,0.05,0.07,0.0,0.0,0.0,1.0,1,94237.0
14,9,520,0,0,0,477,0.0,0.0,1.0,0.0,0.0,76,76,1.0,0.0,0.0,0.0,0.0,0.0,1,115518.0
11,9,43,131,0,0,1,0.0,0.0,1.0,0.0,1.0,59,42,0.71,0.07,0.0,0.0,0.0,0.0,0,11294.0
40,9,147,0,0,0,5,0.0,0.0,0.2,0.6,0.0,108,1,0.01,0.54,0.0,0.0,0.0,0.0,0,49005.0
22,2,0,0,0,1,2,0.0,0.0,1.0,0.0,0.0,2,255,1.0,0.0,0.02,0.0,0.0,0.0,0,78979.0
20,5,0,0,0,0,276,1.0,1.0,0.04,0.05,0.0,255,10,0.04,0.05,0.0,1.0,1.0,0.0,1,43083.0
19,9,245,0,0,1,2,0.0,0.0,1.0,0.0,0.0,62,97,0.73,0.06,0.03,0.0,0.0,0.0,0,116151.0
55,5,0,0,0,0,14,1.0,1.0,1.0,0.0,0.0,56,36,0.64,0.04,0.0,0.96,0.94,0.0,1,112260.0
49,9,17086,340,0,1,1,0.0,0.0,1.0,0.0,0.0,114,190,0.6,0.04,0.01,0.0,0.0,0.0,0,13910.0
22,9,313,1572,0,1,2,0.0,0.0,1.0,0.0,0.2,91,255,1.0,0.0,0.02,0.0,0.0,0.0,0,72282.0
22,9,295,12884,0,1,11,0.0,0.0,1.0,0.0,0.0,116,116,1.0,0.0,0.0,0.0,0.0,0.0,0,94809.0
45,5,0,0,0,0,109,1.0,1.0,0.04,0.06,0.0,255,4,0.02,0.09,0.0,1.0,1.0,0.0,1,66106.0
22,9,226,2402,0,1,23,0.0,0.0,1.0,0.0,0.09,255,255,1.0,0.0,0.0,0.0,0.0,0.0,0,63324.0
45,1,0,0,0,0,182,0.0,0.0,0.11,0.06,0.0,255,20,0.08,0.07,0.0,0.0,0.0,1.0,1,98834.0
56,5,0,0,0,0,202,1.0,1.0,0.0,0.06,0.0,255,1,0.0,0.08,0.0,1.0,1.0,0.0,1,67745.0
22,9,226,434,0,1,15,0.0,0.0,1.0,0.0,0.18,255,255,1.0,0.0,0.0,0.0,0.0,0.0,0,37206.0
19,5,0,0,0,0,60,1.0,1.0,0.12,0.07,0.0,255,27,0.11,0.06,0.0,1.0,1.0,0.0,1,100290.0
14,9,1032,0,0,0,510,0.0,0.0,1.0,0.0,0.0,255,176,0.69,0.03,0.0,0.0,0.0,0.0,1,78209.0
22,9,218,33098,0,1,17,0.0,0.0,1.0,0.0,0.0,17,255,1.0,0.0,0.02,0.0,0.0,0.0,0,42008.0
22,9,251,834,0,1,38,0.0,0.0,1.0,0.0,0.0,122,255,1.0,0.0,0.03,0.0,0.0,0.0,0,42451.0
22,9,163,2368,0,1,4,0.0,0.0,1.0,0.0,0.0,255,255,1.0,0.0,0.0,0.0,0.0,0.0,0,81010.0
19,9,9178,0,0,1,6,0.0,0.0,1.0,0.0,0.0,255,68,0.27,0.02,0.0,0.69,0.69,0.0,0,60332.0
49,9,1724,334,0,1,1,0.0,0.0,1.0,0.0,0.0,40,71,0.82,0.08,0.03,0.0,0.0,0.0,0,53537.0
22,9,329,3982,0,1,2,0.0,0.0,1.0,0.0,0.1,24,255,1.0,0.0,0.05,0.0,0.0,0.0,0,80.0
49,9,572,330,0,1,1,0.0,0.0,1.0,0.0,0.0,41,237,0.98,0.05,0.01,0.0,0.0,0.0,0,18686.0
22,5,0,0,0,0,24,0.96,1.0,0.25,0.21,0.0,255,37,0.15,0.04,0.0,1.0,1.0,0.0,1,44499.0
45,5,0,0,0,0,228,1.0,1.0,0.07,0.04,0.0,32,15,0.47,0.09,0.0,0.94,1.0,0.0,1,54470.0
49,9,1231,331,0,1,1,0.0,0.0,1.0,0.0,0.0,55,115,0.31,0.09,0.03,0.0,0.0,0.0,0,60675.0
45,9,1,0,0,0,110,0.0,0.0,0.66,0.05,0.0,255,132,0.52,0.05,0.0,0.0,0.0,0.0,1,104835.0
12,5,0,0,0,0,181,1.0,1.0,0.09,0.06,0.0,255,17,0.07,0.06,0.0,1.0,1.0,0.0,1,55507.0
11,9,43,43,0,0,127,0.0,0.0,1.0,0.0,0.0,255,254,1.0,0.01,0.0,0.0,0.0,0.0,0,13605.0
45,9,207,0,0,0,2,0.0,0.0,1.0,0.0,0.0,50,42,0.84,0.04,0.0,0.0,0.0,0.0,0,78233.0
19,9,5336,0,0,1,7,0.0,0.0,1.0,0.0,0.0,255,81,0.32,0.02,0.0,0.0,0.0,0.0,0,63331.0
40,9,146,105,0,0,1,0.0,0.0,1.0,0.0,0.0,149,1,0.01,0.55,0.0,0.0,0.0,0.0,0,119768.0
51,9,651,9615,0,1,1,0.0,0.0,1.0,0.0,0.0,43,1,0.02,0.09,0.0,0.0,0.0,0.0,0,76893.0
45,9,105,146,0,0,7,0.0,0.0,0.14,0.29,0.0,255,225,0.88,0.01,0.0,0.0,0.0,0.0,0,110930.0
45,1,0,0,0,0,1,0.0,0.0,1.0,0.0,0.0,25,2,0.04,1.0,1.0,0.0,0.0,1.0,1,14927.0
22,1,0,0,0,0,1,0.0,0.0,1.0,0.0,0.0,5,237,1.0,0.0,0.16,0.0,0.0,1.0,0,62576.0
22,9,202,11670,0,1,6,0.0,0.0,1.0,0.0,0.0,6,255,1.0,0.0,0.02,0.0,0.0,0.0,0,44853.0
49,9,802,331,0,1,1,0.0,0.0,1.0,0.0,0.0,113,120,0.9,0.03,0.02,0.0,0.0,0.0,0,14933.0
22,9,147,33730,0,1,7,0.0,0.0,1.0,0.0,0.0,255,255,1.0,0.0,0.0,0.0,0.0,0.05,0,64950.0
22,9,226,2344,0,1,5,0.0,0.0,1.0,0.0,0.0,16,16,1.0,0.0,0.0,0.0,0.0,0.0,0,18784.0
45,1,0,0,0,0,196,0.1,0.0,0.01,1.0,0.0,255,1,0.0,0.89,0.0,0.07,0.0,1.0,1,45906.0
22,9,282,7205,0,1,7,0.0,0.0,1.0,0.0,0.25,218,255,1.0,0.0,0.01,0.0,0.0,0.0,0,94773.0
13,9,8,0,0,0,1,0.0,0.0,1.0,0.0,1.0,1,255,1.0,0.0,0.5,0.0,0.0,0.0,1,96129.0
13,9,8,0,0,0,1,0.0,0.0,1.0,0.0,1.0,1,93,1.0,0.0,0.51,0.0,0.0,0.0,1,67705.0
49,9,587,282,0,1,1,0.0,0.0,1.0,0.0,0.0,123,83,0.67,0.05,0.0,0.0,0.0,0.0,0,23355.0
13,9,8,0,0,0,1,0.0,0.0,1.0,0.0,1.0,1,81,1.0,0.0,0.51,0.0,0.0,0.0,1,10184.0
22,9,194,313,0,1,37,0.0,0.0,1.0,0.0,0.05,37,255,1.0,0.0,0.02,0.0,0.0,0.0,0,84668.0
11,9,45,143,0,0,71,0.0,0.0,1.0,0.0,0.01,255,255,1.0,0.0,0.0,0.0,0.0,0.0,0,95323.0
45,10,0,0,0,0,1,1.0,1.0,1.0,0.0,0.0,212,1,0.0,0.95,0.0,0.96,1.0,0.0,1,63093.0
18,9,332,1063,0,1,1,0.0,0.0,1.0,0.0,0.0,50,14,0.28,0.08,0.0,0.0,0.0,0.07,0,64440.0
22,9,302,9882,0,1,2,0.0,0.0,1.0,0.0,0.0,77,255,1.0,0.0,0.01,0.0,0.0,0.0,0,102786.0
22,9,233,37895,0,1,1,0.0,0.0,1.0,0.0,0.0,255,255,1.0,0.0,0.0,0.0,0.0,0.0,0,28215.0
21,5,0,0,0,0,229,1.0,1.0,0.03,0.05,0.0,255,6,0.02,0.06,0.0,1.0,1.0,0.0,1,6866.0
49,9,753,326,0,1,1,0.0,0.0,1.0,0.0,0.0,37,16,0.43,0.08,0.0,0.0,0.0,0.0,0,106909.0
22,9,325,365,0,1,13,0.0,0.0,1.0,0.0,0.14,255,255,1.0,0.0,0.0,0.0,0.0,0.0,0,50860.0
45,5,0,0,0,0,267,1.0,1.0,0.04,0.05,0.0,225,10,0.04,0.06,0.0,0.99,1.0,0.0,1,64614.0
45,1,0,0,0,0,1,0.0,0.0,1.0,0.0,0.0,39,2,0.03,1.0,1.0,0.0,0.0,1.0,1,91667.0
58,9,181,0,0,0,5,0.0,0.0,0.6,0.4,0.0,255,77,0.3,0.01,0.0,0.0,0.0,0.0,0,21306.0
5,5,0,0,0,0,104,1.0,1.0,0.04,0.07,0.0,255,4,0.02,0.06,0.0,1.0,1.0,0.0,1,61877.0
55,9,163,20905,0,1,1,0.0,0.0,1.0,0.0,0.0,1,8,1.0,0.0,0.62,0.0,0.12,0.12,0,36787.0
4,5,0,0,0,0,219,1.0,1.0,0.08,0.06,0.0,255,4,0.02,0.09,0.0,1.0,1.0,0.0,1,7395.0
22,5,0,0,0,0,2,0.5,0.14,1.0,0.0,0.29,117,255,1.0,0.0,0.02,0.01,0.01,0.0,0,76970.0
22,1,0,0,0,0,1,0.0,0.0,1.0,0.0,0.0,12,255,1.0,0.0,0.11,0.0,0.0,0.74,0,67287.0
49,9,1560,387,0,1,2,0.0,0.0,0.5,1.0,0.0,255,97,0.38,0.05,0.0,0.22,0.0,0.0,0,69313.0
56,2,0,0,0,0,240,0.0,0.0,0.08,0.07,0.0,255,20,0.08,0.07,0.0,0.0,0.0,1.0,1,84029.0
55,5,0,0,0,0,254,1.0,1.0,0.03,0.06,0.0,255,14,0.05,0.07,0.0,1.0,1.0,0.0,1,37138.0
45,5,0,0,0,0,138,1.0,1.0,0.05,0.06,0.0,215,9,0.04,0.08,0.0,1.0,1.0,0.0,1,32793.0
11,9,45,133,0,0,321,0.0,0.0,1.0,0.0,0.0,255,251,0.98,0.01,0.0,0.0,0.0,0.0,0,86729.0
40,9,145,105,0,0,1,0.0,0.0,1.0,0.0,0.0,255,1,0.0,0.84,0.0,0.0,0.0,0.0,0,24783.0
22,9,208,2918,0,1,11,0.0,0.0,1.0,0.0,0.0,34,255,1.0,0.0,0.03,0.0,0.0,0.0,0,80816.0
54,5,0,0,0,0,116,1.0,1.0,0.14,0.08,0.0,255,16,0.06,0.07,0.0,1.0,1.0,0.0,1,53159.0
58,9,128,0,0,0,8,0.0,0.0,0.25,0.25,0.0,109,15,0.13,0.04,0.13,0.0,0.0,0.0,0,75623.0
22,9,312,9284,0,1,17,0.0,0.0,1.0,0.0,0.0,255,255,1.0,0.0,0.0,0.0,0.0,0.0,0,125072.0
22,9,353,10285,0,1,9,0.0,0.0,1.0,0.0,0.0,255,255,1.0,0.0,0.0,0.0,0.0,0.0,0,100088.0
22,9,309,440,0,1,17,0.0,0.0,1.0,0.0,0.11,255,255,1.0,0.0,0.0,0.0,0.0,0.0,0,73479.0
45,5,0,0,0,0,16,1.0,1.0,0.25,0.38,0.0,255,4,0.02,0.09,0.0,1.0,1.0,0.0,1,51708.0
56,5,0,0,0,0,214,1.0,1.0,0.12,0.05,0.0,255,25,0.1,0.05,0.0,1.0,1.0,0.0,1,76740.0
19,9,1874,0,0,0,15,0.0,0.0,1.0,0.0,0.0,255,115,0.45,0.02,0.0,0.0,0.0,0.0,0,120599.0
45,1,0,0,0,0,291,0.11,0.0,0.0,1.0,0.0,255,1,0.0,1.0,0.0,0.1,0.0,1.0,1,51617.0
22,5,0,0,0,0,27,1.0,1.0,0.37,0.15,0.0,255,65,0.25,0.02,0.0,1.0,1.0,0.0,1,76704.0
14,9,30,0,0,0,1,0.0,0.0,1.0,0.0,0.0,154,154,1.0,0.0,0.0,0.0,0.0,0.0,0,102364.0
45,1,0,0,0,0,2,0.0,0.0,0.5,1.0,0.0,255,1,0.0,0.34,0.0,0.0,0.0,1.0,1,31518.0
19,9,71,0,0,0,1,0.0,0.0,1.0,0.0,0.0,255,2,0.01,1.0,0.0,0.99,0.0,0.0,0,3514.0
19,9,245,0,0,1,2,0.0,0.0,1.0,0.0,0.0,139,61,0.35,0.04,0.03,0.0,0.0,0.0,0,72601.0
22,9,144,2444,0,1,1,0.0,0.0,1.0,0.0,0.0,41,255,1.0,0.0,0.06,0.0,0.0,0.0,0,29546.0
45,5,0,0,0,0,28,1.0,1.0,0.39,0.18,0.0,255,11,0.04,0.08,0.0,1.0,1.0,0.0,1,34818.0
49,9,921,336,0,1,1,0.0,0.0,1.0,0.0,1.0,106,184,0.72,0.06,0.01,0.0,0.0,0.0,0,88349.0
22,9,323,270,0,1,4,0.0,0.0,1.0,0.0,0.07,255,231,0.91,0.02,0.0,0.0,0.0,0.0,0,42665.0
22,9,304,2088,0,1,3,0.0,0.0,1.0,0.0,0.0,255,255,1.0,0.0,0.0,0.0,0.0,0.0,0,118808.0
2,5,0,0,0,0,263,1.0,1.0,0.07,0.07,0.0,255,18,0.07,0.07,0.0,1.0,1.0,0.0,1,26552.0
49,9,1250,325,0,1,2,0.0,0.0,0.5,1.0,1.0,255,93,0.36,0.24,0.0,0.0,0.0,0.0,0,14549.0
22,9,291,253,0,1,17,0.0,0.0,1.0,0.0,0.0,255,255,1.0,0.0,0.0,0.0,0.0,0.0,0,90354.0
45,5,0,0,0,0,134,1.0,1.0,0.14,0.06,0.0,255,19,0.07,0.07,0.0,1.0,1.0,0.0,1,35341.0
45,5,0,0,0,0,238,1.0,1.0,0.08,0.06,0.0,255,5,0.02,0.08,0.0,1.0,1.0,0.0,1,112122.0
22,9,248,373,0,1,1,0.0,0.0,1.0,0.0,0.0,4,255,1.0,0.0,0.04,0.25,0.0,0.0,0,21265.0
13,9,8,0,0,0,1,0.0,0.0,1.0,0.0,1.0,2,162,1.0,0.0,0.5,0.0,0.0,0.0,1,27243.0
19,5,0,0,0,0,33,1.0,1.0,0.24,0.12,0.0,255,66,0.26,0.02,0.0,1.0,1.0,0.0,1,64773.0
18,5,0,0,0,0,250,1.0,1.0,0.03,0.06,0.0,255,8,0.03,0.06,0.0,1.0,1.0,0.0,1,74360.0
1,9,21945520,98084,0,1,1,0.0,0.0,1.0,0.0,0.0,255,29,0.11,0.03,0.0,0.0,0.0,0.0,0,108124.0
11,9,43,74,0,0,198,0.0,0.0,1.0,0.0,0.0,255,255,1.0,0.0,0.0,0.0,0.0,0.0,0,75294.0
58,9,182,0,0,0,6,0.0,0.0,1.0,0.0,0.0,255,20,0.08,0.01,0.0,0.0,0.0,0.0,0,115789.0
11,9,43,77,0,0,157,0.0,0.0,1.0,0.0,0.0,255,191,0.75,0.01,0.0,0.0,0.0,0.0,0,79491.0
39,9,48,48,0,0,5,0.0,0.0,0.2,0.4,0.0,255,178,0.7,0.01,0.0,0.0,0.0,0.0,0,116316.0
26,5,0,0,0,0,102,1.0,1.0,0.09,0.06,0.0,255,19,0.07,0.07,0.0,1.0,1.0,0.0,1,90187.0
43,5,0,0,0,0,222,1.0,1.0,0.01,0.07,0.0,255,2,0.01,0.08,0.0,1.0,1.0,0.0,1,116931.0
45,5,0,0,0,0,239,1.0,1.0,0.05,0.06,0.0,255,12,0.05,0.05,0.0,1.0,1.0,0.0,1,39982.0
45,5,0,0,0,0,184,1.0,1.0,0.02,0.07,0.0,255,3,0.01,0.06,0.0,1.0,1.0,0.0,1,124064.0
22,9,209,3073,0,1,3,0.0,0.0,1.0,0.0,0.0,60,255,1.0,0.0,0.04,0.0,0.0,0.0,0,49513.0
17,5,0,0,0,0,240,1.0,1.0,0.03,0.06,0.0,255,8,0.03,0.08,0.0,1.0,1.0,0.0,1,92627.0
45,1,0,0,0,0,40,0.0,0.0,0.03,1.0,0.0,158,1,0.01,0.34,0.0,0.0,0.0,1.0,1,92675.0
45,1,0,0,0,0,220,0.0,0.0,0.03,0.06,0.0,255,6,0.02,0.08,0.0,0.0,0.0,1.0,1,11674.0
22,9,251,232,0,1,5,0.0,0.0,1.0,0.0,0.0,21,255,1.0,0.0,0.06,0.0,0.0,0.0,0,20966.0
13,9,18,0,0,0,1,0.0,0.0,1.0,0.0,0.0,3,123,1.0,0.0,0.25,0.0,0.0,0.0,1,33625.0
11,9,34,0,0,0,1,0.0,0.0,1.0,0.0,1.0,163,14,0.07,0.04,0.14,0.0,0.0,0.0,0,88536.0
58,9,132,0,0,0,6,0.0,0.0,0.33,0.33,0.0,35,4,0.11,0.09,0.0,0.0,0.0,0.0,0,107054.0
22,9,258,302,0,1,3,0.0,0.0,1.0,0.0,0.09,17,255,1.0,0.0,0.02,0.0,0.0,0.0,0,99298.0
22,7,214,288711,0,1,1,1.0,1.0,1.0,0.0,0.0,75,255,1.0,0.0,0.02,0.01,0.01,0.0,0,32297.0
40,9,516,0,0,0,353,0.0,0.0,1.0,0.0,0.0,255,255,1.0,0.0,0.0,0.0,0.0,0.0,0,9623.0
11,9,44,114,0,0,121,0.0,0.0,1.0,0.0,0.02,255,253,0.99,0.01,0.0,0.0,0.0,0.0,0,85584.0
22,9,206,1694,0,1,12,0.0,0.0,1.0,0.0,0.0,255,255,1.0,0.0,0.0,0.0,0.0,0.0,0,35417.0
22,9,301,820,0,1,4,0.0,0.0,1.0,0.0,0.33,10,255,1.0,0.0,0.03,0.0,0.0,0.0,0,46388.0
22,5,0,0,0,0,2,1.0,1.0,0.5,1.0,0.0,242,61,0.25,0.02,0.0,1.0,1.0,0.0,1,124408.0
22,9,176,4165,0,1,2,0.0,0.0,1.0,0.0,0.0,30,255,1.0,0.0,0.04,0.0,0.0,0.0,0,3021.0
22,9,307,1380,0,1,3,0.0,0.0,1.0,0.0,0.0,255,247,0.97,0.01,0.0,0.0,0.0,0.0,0,83772.0
49,9,1062,334,0,1,1,0.0,0.0,1.0,0.0,0.0,128,87,0.68,0.04,0.0,0.0,0.0,0.0,0,25927.0
13,9,8,0,0,0,1,0.0,0.0,1.0,0.0,1.0,2,62,1.0,0.0,0.52,0.0,0.0,0.0,1,96936.0
40,4,1,0,0,0,2,0.0,0.0,1.0,0.0,0.0,255,2,0.01,0.67,0.0,0.0,0.0,1.0,1,95340.0
11,9,43,43,0,0,157,0.0,0.0,0.99,0.01,0.01,255,254,1.0,0.01,0.0,0.0,0.0,0.0,0,43892.0
22,9,300,885,0,1,8,0.0,0.0,1.0,0.0,0.0,255,255,1.0,0.0,0.0,0.0,0.0,0.0,0,60207.0
45,5,0,0,0,0,97,1.0,1.0,0.18,0.07,0.0,204,17,0.08,0.07,0.0,1.0,1.0,0.0,1,7293.0
22,1,0,0,0,0,1,0.0,0.0,1.0,0.0,1.0,1,196,1.0,0.0,0.21,0.0,0.0,1.0,0,57739.0
49,5,0,0,0,0,2,1.0,1.0,1.0,0.0,0.0,104,124,0.4,0.02,0.02,0.98,0.34,0.0,1,79221.0
45,5,0,0,0,0,129,1.0,1.0,0.09,0.05,0.0,255,30,0.12,0.05,0.0,1.0,1.0,0.0,1,11979.0
22,9,278,450,0,1,3,0.0,0.0,1.0,0.0,0.5,45,249,1.0,0.0,0.05,0.0,0.0,0.56,0,42294.0
22,9,228,26903,0,1,10,0.0,0.0,1.0,0.0,0.15,255,255,1.0,0.0,0.0,0.0,0.0,0.0,0,84392.0
15,1,0,0,0,0,79,0.0,0.0,0.14,0.06,0.0,255,11,0.04,0.07,0.0,0.0,0.0,1.0,1,80302.0
45,5,0,0,0,0,88,1.0,1.0,0.01,0.07,0.0,255,11,0.04,0.06,0.0,1.0,1.0,0.0,1,62046.0
19,9,334,0,0,1,2,0.0,0.0,1.0,0.0,0.0,4,22,1.0,0.0,0.23,0.0,0.0,0.0,0,29497.0
45,5,0,0,0,0,1,1.0,1.0,1.0,0.0,0.0,255,1,0.0,0.08,0.0,1.0,1.0,0.0,1,34405.0
13,9,18,0,0,0,1,0.0,0.0,1.0,0.0,0.0,1,91,1.0,0.0,1.0,0.0,0.0,0.0,1,62239.0
22,9,207,1158,0,1,21,0.0,0.0,1.0,0.0,0.09,24,255,1.0,0.0,0.04,0.0,0.0,0.0,0,77065.0
13,9,8,0,0,0,1,0.0,0.0,1.0,0.0,1.0,2,46,1.0,0.0,0.26,0.0,0.0,0.0,1,36649.0
22,9,291,4141,0,1,8,0.0,0.0,1.0,0.0,0.0,185,255,1.0,0.0,0.02,0.0,0.0,0.0,0,101182.0
22,1,0,0,0,0,1,0.0,0.0,1.0,0.0,0.0,3,253,1.0,0.0,0.17,0.0,0.0,1.0,0,27408.0
11,9,43,69,0,0,133,0.0,0.0,1.0,0.0,0.02,255,225,0.88,0.01,0.0,0.0,0.0,0.0,0,12743.0
13,9,8,0,0,0,1,0.0,0.0,1.0,0.0,1.0,2,62,1.0,0.0,0.52,0.0,0.0,0.0,1,1072.0
22,9,324,271,0,1,3,0.0,0.0,1.0,0.0,0.0,255,245,0.96,0.01,0.0,0.0,0.0,0.03,0,64979.0
40,9,516,4,0,0,434,0.0,0.0,1.0,0.0,0.0,255,255,1.0,0.0,0.0,0.0,0.0,0.0,0,102522.0
3,1,0,0,0,0,284,0.0,0.0,0.05,0.06,0.0,255,14,0.05,0.07,0.0,0.0,0.0,1.0,1,36774.0
61,5,0,0,0,0,223,1.0,1.0,0.03,0.07,0.0,255,6,0.02,0.07,0.0,1.0,1.0,0.0,1,104328.0
11,9,44,70,0,0,98,0.0,0.0,1.0,0.0,0.0,255,254,1.0,0.01,0.0,0.0,0.0,0.0,0,74992.0
22,9,214,4954,0,1,20,0.0,0.0,1.0,0.0,0.0,255,255,1.0,0.0,0.0,0.0,0.0,0.0,0,11886.0
22,9,292,296,0,1,5,0.0,0.0,1.0,0.0,0.29,255,255,1.0,0.0,0.0,0.01,0.01,0.0,0,61485.0
22,1,0,0,0,0,1,0.0,0.0,1.0,0.0,0.0,35,255,1.0,0.0,0.16,0.0,0.0,0.98,0,108836.0
21,5,0,0,0,0,280,1.0,1.0,0.02,0.06,0.0,255,20,0.08,0.07,0.0,1.0,1.0,0.0,1,43799.0
22,9,247,9324,0,1,4,0.0,0.0,1.0,0.0,0.4,13,23,1.0,0.0,0.17,0.0,0.0,0.0,0,14325.0
22,9,216,8970,0,1,14,0.0,0.0,1.0,0.0,0.13,90,255,1.0,0.0,0.04,0.0,0.0,0.0,0,7243.0
45,5,0,0,0,0,95,1.0,1.0,0.01,0.05,0.0,255,1,0.0,0.05,0.0,1.0,1.0,0.0,1,113051.0
45,1,0,0,0,0,275,0.0,0.0,0.05,0.07,0.0,255,13,0.05,0.07,0.0,0.0,0.0,1.0,1,102504.0
40,1,0,0,0,0,511,0.18,0.0,0.0,1.0,0.0,255,1,0.0,1.0,0.0,0.01,0.0,1.0,1,90137.0
22,9,144,9533,0,1,1,0.0,0.0,1.0,0.0,0.0,142,255,1.0,0.0,0.02,0.0,0.0,0.0,0,36499.0
22,9,177,8298,0,1,1,0.0,0.0,1.0,0.0,0.0,255,255,1.0,0.0,0.0,0.0,0.0,0.0,0,62131.0
22,1,0,0,0,0,1,0.0,0.0,1.0,0.0,0.0,41,37,0.9,0.05,0.0,0.0,0.0,1.0,0,19803.0
22,9,190,29363,0,1,1,0.0,0.0,1.0,0.0,0.0,22,255,1.0,0.0,0.01,0.0,0.0,0.0,0,3285.0
22,9,237,391,0,1,6,0.0,0.0,1.0,0.0,0.12,255,255,1.0,0.0,0.0,0.0,0.0,0.0,0,36436.0
61,5,0,0,0,0,269,1.0,1.0,0.02,0.06,0.0,255,5,0.02,0.07,0.0,1.0,1.0,0.0,1,62485.0
22,9,185,5498,0,1,1,0.0,0.0,1.0,0.0,0.0,136,136,1.0,0.0,0.0,0.0,0.0,0.0,0,37255.0
22,9,240,1484,0,1,1,0.0,0.0,1.0,0.0,0.0,78,255,1.0,0.0,0.02,0.0,0.0,0.0,0,30020.0
45,5,0,0,0,0,149,1.0,1.0,0.11,0.05,0.0,255,17,0.07,0.06,0.0,1.0,1.0,0.0,1,81149.0
45,1,0,0,0,0,190,0.0,0.0,0.02,0.07,0.0,255,4,0.02,0.07,0.0,0.0,0.0,1.0,1,81787.0
22,9,283,82751,0,1,7,0.0,0.0,1.0,0.0,0.0,30,255,1.0,0.0,0.08,0.0,0.01,0.0,0,116374.0
22,9,350,2097,0,1,10,0.0,0.0,1.0,0.0,0.0,255,255,1.0,0.0,0.0,0.0,0.0,0.0,0,5725.0
45,5,0,0,0,0,203,1.0,1.0,0.08,0.05,0.0,255,1,0.0,0.07,0.0,1.0,1.0,0.0,1,70787.0
45,5,0,0,0,0,162,1.0,1.0,0.09,0.06,0.0,255,14,0.05,0.05,0.0,1.0,1.0,0.0,1,112966.0
45,5,0,0,0,0,296,1.0,1.0,0.04,0.06,0.0,255,1,0.0,0.07,0.0,1.0,1.0,0.0,1,80085.0
61,5,0,0,0,0,120,1.0,1.0,0.12,0.07,0.0,255,14,0.05,0.07,0.0,1.0,1.0,0.0,1,52345.0
13,9,8,0,0,0,1,0.0,0.0,1.0,0.0,1.0,2,92,1.0,0.0,0.5,0.0,0.0,0.0,1,91335.0
22,1,0,0,0,0,1,0.0,0.0,1.0,0.0,0.0,19,255,1.0,0.0,0.24,0.0,0.0,0.99,0,106861.0
13,9,8,0,0,0,1,0.0,0.0,1.0,0.0,1.0,2,244,1.0,0.0,0.5,0.0,0.0,0.0,1,112265.0
22,9,207,885,0,1,11,0.0,0.0,1.0,0.0,0.14,255,255,1.0,0.0,0.0,0.0,0.0,0.0,0,71613.0
22,9,293,659,0,1,18,0.0,0.0,1.0,0.0,0.0,255,255,1.0,0.0,0.0,0.0,0.0,0.0,0,45349.0
60,1,0,0,0,0,122,0.0,0.0,0.01,0.08,0.0,255,1,0.0,0.07,0.0,0.0,0.0,1.0,1,65946.0
13,9,18,0,0,0,1,0.0,0.0,1.0,0.0,0.0,2,14,1.0,0.0,0.29,0.0,0.0,0.0,1,71923.0
22,9,298,12246,0,1,2,0.0,0.0,1.0,0.0,0.0,140,255,1.0,0.0,0.01,0.0,0.0,0.07,0,38279.0
22,9,297,260,0,1,12,0.0,0.0,1.0,0.0,0.0,53,112,1.0,0.0,0.04,0.0,0.01,0.0,0,104997.0
40,1,0,0,0,0,415,0.08,0.0,0.0,1.0,0.0,255,1,0.0,1.0,0.0,0.11,0.0,1.0,1,25773.0
45,5,0,0,0,0,104,1.0,1.0,0.05,0.07,0.0,255,13,0.05,0.06,0.0,1.0,1.0,0.0,1,51719.0
45,5,0,0,0,0,125,1.0,1.0,0.14,0.06,0.0,255,19,0.07,0.06,0.0,1.0,1.0,0.0,1,89826.0
26,5,0,0,0,0,147,1.0,1.0,0.12,0.05,0.0,255,17,0.07,0.06,0.0,1.0,1.0,0.0,1,11338.0
22,9,220,796,0,1,6,0.0,0.0,1.0,0.0,0.0,6,255,1.0,0.0,0.01,0.0,0.0,0.0,0,92399.0
15,1,0,0,0,0,143,0.0,0.0,0.12,0.06,0.0,255,17,0.07,0.07,0.0,0.0,0.0,1.0,1,63200.0
45,1,0,0,0,0,2,0.0,0.0,0.5,1.0,0.0,255,1,0.0,0.44,0.0,0.15,0.0,1.0,1,59577.0
45,5,0,0,0,0,293,1.0,1.0,0.04,0.05,0.0,255,3,0.01,0.08,0.0,1.0,1.0,0.0,1,77720.0
43,9,35,130,0,1,1,0.0,0.0,1.0,0.0,0.0,255,4,0.02,0.02,0.0,0.0,0.0,0.0,0,9258.0
45,9,1,0,0,0,35,0.0,0.0,0.66,0.09,0.0,255,23,0.09,0.17,0.0,0.0,0.0,0.0,1,25668.0
13,9,8,0,0,0,1,0.0,0.0,1.0,0.0,1.0,1,65,1.0,0.0,0.51,0.0,0.0,0.0,1,69882.0
22,9,197,5208,0,1,18,0.0,0.0,1.0,0.0,0.08,162,255,1.0,0.0,0.01,0.0,0.0,0.0,0,53576.0
22,9,220,4378,0,1,1,0.0,0.0,1.0,0.0,0.0,1,241,1.0,0.0,0.05,0.0,0.0,0.0,0,107677.0
45,5,0,0,0,0,111,1.0,1.0,0.07,0.06,0.0,255,20,0.08,0.05,0.0,1.0,1.0,0.0,1,122308.0
13,9,8,0,0,0,1,0.0,0.0,1.0,0.0,1.0,2,126,1.0,0.0,0.5,0.0,0.0,0.0,1,94557.0
45,9,1,0,0,0,2,0.0,0.0,1.0,0.0,0.0,255,208,0.82,0.03,0.0,0.0,0.0,0.0,0,28418.0
40,9,516,4,0,0,481,0.0,0.0,1.0,0.0,0.0,255,255,1.0,0.0,0.0,0.0,0.0,0.0,0,116854.0
22,9,282,171,0,1,7,0.0,0.0,1.0,0.0,0.0,7,255,1.0,0.0,0.06,0.0,0.0,0.0,0,70433.0
22,9,168,717,0,1,1,0.0,0.0,1.0,0.0,0.0,4,255,1.0,0.0,0.03,0.0,0.01,0.0,0,32226.0
45,5,0,0,0,0,139,1.0,1.0,0.01,0.06,0.0,255,23,0.09,0.06,0.0,1.0,1.0,0.0,1,81831.0
45,5,0,0,0,0,176,1.0,1.0,0.06,0.06,0.0,255,18,0.07,0.07,0.0,1.0,1.0,0.0,1,64734.0
49,9,1404,331,0,1,1,0.0,0.0,1.0,0.0,0.0,13,175,0.54,0.23,0.01,0.0,0.0,0.01,0,14496.0
45,1,0,0,0,0,384,0.06,0.0,0.0,1.0,0.0,255,1,0.0,1.0,0.0,0.09,0.0,1.0,1,40456.0
11,9,17,17,0,0,1,0.0,0.0,1.0,0.0,1.0,255,234,0.92,0.01,0.0,0.0,0.0,0.0,0,118160.0
22,9,353,728,0,1,10,0.0,0.0,1.0,0.0,0.17,78,255,1.0,0.0,0.05,0.0,0.0,0.0,0,28844.0
55,5,0,0,0,0,246,1.0,1.0,0.08,0.07,0.0,255,19,0.07,0.07,0.0,1.0,1.0,0.0,1,58418.0
22,9,225,1247,0,1,5,0.0,0.0,1.0,0.0,0.0,255,255,1.0,0.0,0.0,0.0,0.0,0.0,0,81678.0
45,9,1,0,0,0,23,0.0,0.0,0.91,0.09,0.0,255,24,0.09,0.22,0.0,0.0,0.0,0.0,1,59688.0
22,9,327,825,0,1,13,0.0,0.0,1.0,0.0,0.0,255,255,1.0,0.0,0.0,0.0,0.0,0.01,0,118438.0
19,9,2194619,0,0,1,2,0.0,0.0,1.0,0.0,0.0,104,86,0.23,0.04,0.02,0.0,0.0,0.0,0,53161.0
22,9,200,8633,0,1,7,0.0,0.0,1.0,0.0,0.0,31,255,1.0,0.0,0.04,0.0,0.0,0.0,0,73820.0
11,9,97,41,0,0,1,0.0,0.0,1.0,0.0,0.0,33,23,0.7,0.09,0.0,0.0,0.0,0.0,0,112883.0
11,9,44,73,0,0,243,0.0,0.0,1.0,0.01,0.01,255,254,1.0,0.01,0.0,0.0,0.0,0.0,0,106582.0
22,9,352,790,0,1,3,0.0,0.0,1.0,0.0,0.5,112,255,1.0,0.0,0.04,0.0,0.0,0.0,0,43687.0
22,9,305,400,0,1,41,0.0,0.0,1.0,0.0,0.05,255,255,1.0,0.0,0.0,0.0,0.0,0.0,0,61191.0
14,9,1032,0,0,0,70,0.0,0.0,1.0,0.0,0.0,255,70,0.27,0.02,0.0,0.0,0.0,0.0,1,74947.0
22,9,312,2612,0,1,12,0.0,0.0,1.0,0.0,0.0,107,255,1.0,0.0,0.03,0.0,0.0,0.0,0,121662.0
13,9,8,0,0,0,1,0.0,0.0,1.0,0.0,1.0,1,51,1.0,0.0,0.53,0.0,0.0,0.0,1,124399.0
11,9,42,42,0,0,2,0.0,0.0,1.0,0.0,0.0,255,247,0.97,0.01,0.0,0.0,0.0,0.0,0,80570.0
17,5,0,0,0,0,74,1.0,1.0,0.26,0.05,0.0,255,64,0.25,0.02,0.0,1.0,1.0,0.0,1,35721.0
22,9,338,3581,0,1,2,0.0,0.0,1.0,0.0,0.5,159,255,1.0,0.0,0.02,0.0,0.0,0.0,0,98831.0
22,9,170,5610,0,1,1,0.0,0.0,1.0,0.0,0.29,12,70,1.0,0.0,0.11,0.0,0.0,0.0,0,77261.0
45,5,0,0,0,0,118,1.0,1.0,0.1,0.07,0.0,117,12,0.1,0.09,0.0,1.0,1.0,0.0,1,40516.0
49,9,1236,332,0,1,1,0.0,0.0,1.0,0.0,0.0,136,169,0.73,0.04,0.01,0.0,0.0,0.0,0,38740.0
45,5,0,0,0,0,74,1.0,1.0,0.16,0.07,0.0,141,12,0.09,0.06,0.0,1.0,1.0,0.0,1,38965.0
45,5,0,0,0,0,245,1.0,1.0,0.07,0.07,0.0,255,10,0.04,0.06,0.0,1.0,1.0,0.0,1,66270.0
32,1,0,0,0,0,123,0.0,0.0,0.02,0.08,0.0,255,3,0.01,0.09,0.0,0.0,0.0,1.0,1,107605.0
62,5,0,0,0,0,146,1.0,1.0,0.15,0.05,0.0,255,22,0.09,0.05,0.0,1.0,1.0,0.0,1,97929.0
5,1,0,0,0,0,148,0.0,0.0,0.14,0.05,0.0,255,20,0.08,0.07,0.0,0.0,0.0,1.0,1,101980.0
11,9,44,44,0,0,185,0.0,0.0,1.0,0.0,0.0,255,254,1.0,0.01,0.0,0.0,0.0,0.0,0,89162.0
22,9,321,1543,0,1,7,0.0,0.0,1.0,0.0,0.0,145,181,1.0,0.0,0.01,0.0,0.0,0.0,0,1751.0
22,9,315,10677,0,1,1,0.0,0.0,1.0,0.0,0.6,1,255,1.0,0.0,0.05,0.0,0.0,0.0,0,81177.0
22,9,227,4005,0,1,19,0.0,0.0,1.0,0.0,0.09,255,255,1.0,0.0,0.0,0.0,0.0,0.0,0,100855.0
16,2,0,0,0,0,141,0.0,0.0,0.09,0.06,0.0,255,12,0.05,0.07,0.0,0.0,0.0,1.0,1,78622.0
29,5,0,0,0,0,240,1.0,1.0,0.05,0.05,0.0,255,12,0.05,0.06,0.0,1.0,1.0,0.0,1,28115.0
45,5,0,0,0,0,130,1.0,1.0,0.13,0.05,0.0,255,7,0.03,0.06,0.0,1.0,1.0,0.0,1,30469.0
22,9,345,855,0,1,26,0.0,0.0,1.0,0.0,0.06,255,255,1.0,0.0,0.0,0.0,0.0,0.0,0,25756.0
22,9,188,1291,0,1,14,0.0,0.0,1.0,0.0,0.0,55,55,1.0,0.0,0.0,0.04,0.04,0.0,0,31849.0
45,5,0,0,0,0,179,1.0,1.0,0.01,0.06,0.0,40,1,0.03,0.17,0.0,0.65,1.0,0.0,1,117416.0
45,5,0,0,0,0,108,1.0,1.0,0.06,0.07,0.0,255,14,0.05,0.07,0.0,1.0,1.0,0.0,1,27775.0
33,1,0,0,0,0,221,0.0,0.0,0.03,0.06,0.0,255,6,0.02,0.07,0.0,0.0,0.0,1.0,1,81676.0
19,9,26408,0,0,1,9,0.0,0.0,1.0,0.0,0.0,15,15,1.0,0.0,0.0,0.0,0.0,0.0,0,103321.0
13,9,18,0,0,0,1,0.0,0.0,1.0,0.0,0.0,4,36,1.0,0.0,0.25,0.0,0.0,0.0,1,113636.0
45,5,0,0,0,0,119,1.0,1.0,0.07,0.07,0.0,228,8,0.04,0.07,0.0,1.0,1.0,0.0,1,11865.0
22,9,189,1273,0,1,4,0.0,0.0,1.0,0.0,0.0,16,255,1.0,0.0,0.02,0.0,0.0,0.0,0,89746.0
45,5,0,0,0,0,254,1.0,1.0,0.01,0.06,0.0,255,17,0.07,0.05,0.0,1.0,1.0,0.0,1,4566.0
49,9,974,334,0,1,1,0.0,0.0,1.0,0.0,0.0,255,182,0.71,0.02,0.0,0.0,0.01,0.0,0,110779.0
13,9,8,0,0,0,1,0.0,0.0,1.0,0.0,1.0,1,133,1.0,0.0,0.5,0.0,0.0,0.0,1,94980.0
4,5,0,0,0,0,129,1.0,1.0,0.05,0.07,0.0,255,6,0.02,0.07,0.0,1.0,1.0,0.0,1,25428.0
22,9,207,751,0,1,8,0.0,0.0,1.0,0.0,0.17,255,255,1.0,0.0,0.0,0.0,0.0,0.0,0,62847.0
32,5,0,0,0,0,272,1.0,1.0,0.0,0.06,0.0,255,1,0.0,0.06,0.0,1.0,1.0,0.0,1,48810.0
11,9,45,81,0,0,215,0.0,0.0,1.0,0.0,0.0,255,232,0.91,0.01,0.0,0.0,0.0,0.0,0,116062.0
22,9,262,379,0,1,1,0.0,0.0,1.0,0.0,1.0,5,255,1.0,0.0,0.03,0.0,0.0,0.0,0,71081.0
45,5,0,0,0,0,216,1.0,1.0,0.07,0.06,0.0,255,15,0.06,0.05,0.0,1.0,1.0,0.0,1,113820.0
13,9,8,0,0,0,1,0.0,0.0,1.0,0.0,1.0,2,112,1.0,0.0,0.5,0.0,0.0,0.0,1,32763.0
21,5,0,0,0,0,125,1.0,1.0,0.04,0.05,0.0,255,5,0.02,0.05,0.0,1.0,1.0,0.0,1,92819.0
49,9,745,386,0,1,1,0.0,0.0,1.0,0.0,0.0,255,38,0.15,0.08,0.0,0.71,0.0,0.0,0,62904.0
45,1,0,0,0,0,250,0.0,0.0,0.05,0.07,0.0,255,12,0.05,0.08,0.0,0.0,0.0,1.0,1,19511.0
22,9,202,302,0,1,16,0.0,0.0,1.0,0.0,0.0,177,255,1.0,0.0,0.02,0.0,0.0,0.0,0,69758.0
11,9,126,45,0,0,298,0.0,0.0,1.0,0.01,0.0,187,154,0.82,0.01,0.0,0.0,0.0,0.0,0,38418.0
33,1,0,0,0,0,300,0.0,0.0,0.07,0.06,0.0,255,20,0.08,0.07,0.0,0.0,0.0,1.0,1,103240.0
45,5,0,0,0,0,120,1.0,1.0,0.11,0.07,0.0,255,20,0.08,0.07,0.0,1.0,1.0,0.0,1,109610.0
22,9,241,2698,0,1,5,0.0,0.0,1.0,0.0,0.5,244,241,0.99,0.01,0.0,0.0,0.0,0.0,0,59959.0
22,9,311,1302,0,1,2,0.0,0.0,1.0,0.0,0.0,30,255,1.0,0.0,0.05,0.0,0.0,0.0,0,36935.0
18,9,365,1202,0,1,1,0.0,0.0,1.0,0.0,0.0,255,3,0.01,0.02,0.0,0.21,0.0,0.0,0,14473.0
2,5,0,0,0,0,245,1.0,1.0,0.07,0.05,0.0,255,18,0.07,0.06,0.0,1.0,1.0,0.0,1,40682.0
22,9,246,6801,0,1,18,0.0,0.0,1.0,0.0,0.11,255,255,1.0,0.0,0.0,0.0,0.0,0.0,0,83788.0
53,5,0,0,0,0,153,1.0,1.0,0.05,0.07,0.0,255,8,0.03,0.06,0.0,1.0,1.0,0.0,1,44021.0
45,5,0,0,0,0,219,1.0,1.0,0.09,0.05,0.0,255,20,0.08,0.05,0.0,1.0,1.0,0.0,1,99930.0
14,9,1032,0,0,0,509,0.0,0.0,1.0,0.0,0.0,255,176,0.69,0.16,0.0,0.0,0.0,0.0,1,120732.0
22,9,347,807,0,1,8,0.0,0.0,1.0,0.0,0.05,255,255,1.0,0.0,0.0,0.0,0.0,0.0,0,103006.0
35,5,0,0,0,0,260,1.0,1.0,0.04,0.07,0.0,255,10,0.04,0.07,0.0,1.0,1.0,0.0,1,55165.0
25,5,0,0,0,0,244,1.0,1.0,0.05,0.06,0.0,255,12,0.05,0.06,0.0,1.0,1.0,0.0,1,29859.0
45,1,0,0,0,0,103,0.0,0.0,0.05,0.07,0.0,255,5,0.02,0.08,0.0,0.0,0.0,1.0,1,30896.0
49,9,2276,335,0,1,1,0.0,0.0,1.0,0.0,0.0,29,212,0.76,0.1,0.01,0.0,0.0,0.0,0,23082.0
45,1,0,0,0,0,90,0.0,0.0,0.1,0.08,0.0,255,9,0.04,0.07,0.0,0.0,0.0,1.0,1,105808.0
22,9,214,882,0,1,12,0.0,0.35,1.0,0.0,0.08,12,255,1.0,0.0,0.03,0.0,0.0,0.0,0,119124.0
45,1,0,0,0,0,74,0.0,0.0,0.18,0.07,0.0,255,3,0.01,0.07,0.0,0.0,0.0,1.0,1,66908.0
62,5,0,0,0,0,102,1.0,1.0,0.02,0.07,0.0,255,2,0.01,0.07,0.0,1.0,1.0,0.0,1,123111.0
16,5,0,0,0,0,139,1.0,1.0,0.12,0.06,0.0,255,10,0.04,0.07,0.0,1.0,1.0,0.0,1,49577.0
22,9,189,2542,0,1,11,0.0,0.0,1.0,0.0,0.0,23,255,1.0,0.0,0.03,0.0,0.0,0.0,0,43863.0
18,5,0,0,0,0,241,1.0,1.0,0.0,0.06,0.0,255,1,0.0,0.06,0.0,1.0,1.0,0.0,1,125475.0
45,5,0,0,0,0,125,1.0,1.0,0.06,0.05,0.0,255,8,0.03,0.06,0.0,1.0,1.0,0.0,1,4356.0
45,5,0,0,0,0,282,1.0,1.0,0.03,0.06,0.0,255,11,0.04,0.07,0.0,1.0,1.0,0.0,1,103467.0
11,9,44,110,0,0,1,0.0,0.0,1.0,0.0,0.4,189,130,0.69,0.02,0.0,0.0,0.0,0.0,0,31881.0
22,9,323,903,0,1,2,0.0,0.0,1.0,0.0,0.67,44,255,1.0,0.0,0.02,0.0,0.0,0.0,0,21552.0
56,5,0,0,0,0,236,1.0,1.0,0.07,0.06,0.0,255,17,0.07,0.08,0.0,1.0,1.0,0.0,1,65335.0
26,5,0,0,0,0,149,1.0,1.0,0.11,0.05,0.0,255,18,0.07,0.06,0.0,1.0,1.0,0.0,1,107552.0
58,9,181,0,0,0,3,0.0,0.0,0.33,1.0,0.0,255,29,0.11,0.01,0.0,0.0,0.0,0.0,0,104944.0
22,9,241,429,0,1,5,0.0,0.0,1.0,0.0,0.0,54,255,1.0,0.0,0.05,0.0,0.0,0.0,0,12594.0
45,5,0,0,0,0,2,1.0,1.0,0.5,1.0,0.0,255,9,0.04,0.07,0.0,1.0,1.0,0.0,1,84279.0
22,9,236,857,0,1,31,0.0,0.0,1.0,0.0,0.0,255,255,1.0,0.0,0.0,0.0,0.0,0.0,0,34219.0
45,5,0,0,0,0,115,1.0,1.0,0.1,0.06,0.0,255,11,0.04,0.07,0.0,1.0,1.0,0.0,1,75209.0
45,9,105,147,0,0,2,0.0,0.0,1.0,0.0,0.0,255,250,0.98,0.01,0.0,0.0,0.0,0.0,0,109560.0
22,9,319,8591,0,1,11,0.0,0.0,1.0,0.0,0.0,41,255,1.0,0.0,0.07,0.0,0.0,0.0,0,75276.0
45,1,0,0,0,0,253,0.0,0.0,0.03,0.07,0.0,255,8,0.03,0.08,0.0,0.0,0.0,1.0,1,26969.0
22,9,255,44709,0,1,22,0.0,0.0,1.0,0.0,0.0,55,255,1.0,0.0,0.02,0.0,0.0,0.0,0,94081.0
19,9,383,0,0,1,2,0.0,0.0,1.0,0.0,0.0,39,22,0.56,0.1,0.0,0.0,0.0,0.0,0,122965.0
53,1,0,0,0,0,249,0.0,0.0,0.01,0.07,0.0,255,3,0.01,0.08,0.0,0.0,0.0,1.0,1,30017.0
45,5,0,0,0,0,216,1.0,1.0,0.06,0.06,0.0,255,9,0.04,0.07,0.0,1.0,1.0,0.0,1,64248.0
11,9,46,74,0,0,116,0.0,0.0,0.99,0.02,0.03,255,241,0.95,0.01,0.0,0.0,0.0,0.0,0,102277.0
45,4,1,0,0,0,2,0.0,0.0,1.0,0.0,0.0,255,2,0.01,0.5,0.0,0.0,0.0,1.0,1,20152.0
5,5,0,0,0,0,102,1.0,1.0,0.07,0.06,0.0,255,7,0.03,0.06,0.0,1.0,1.0,0.0,1,55858.0
22,9,284,2280,0,1,33,0.0,0.0,1.0,0.0,0.06,255,255,1.0,0.0,0.0,0.0,0.0,0.0,0,86827.0
22,9,256,2214,0,1,9,0.0,0.0,1.0,0.0,0.2,174,255,1.0,0.0,0.01,0.01,0.0,0.0,0,52383.0
13,9,8,0,0,0,1,0.0,0.0,1.0,0.0,1.0,1,5,1.0,0.0,0.6,0.0,0.0,0.0,1,90544.0
13,9,8,0,0,0,1,0.0,0.0,1.0,0.0,1.0,1,153,1.0,0.0,0.25,0.0,0.0,0.0,1,35963.0
40,9,146,105,0,0,2,0.0,0.0,1.0,0.0,0.0,9,2,0.22,0.67,0.0,0.0,0.0,0.0,0,6576.0
22,9,339,6437,0,1,3,0.0,0.0,1.0,0.0,0.17,255,255,1.0,0.0,0.0,0.0,0.0,0.0,0,55791.0
22,9,332,1897,0,1,7,0.0,0.0,1.0,0.0,0.0,255,255,1.0,0.0,0.0,0.0,0.0,0.0,0,81969.0
22,9,225,1481,0,1,54,0.0,0.0,1.0,0.0,0.03,255,255,1.0,0.0,0.0,0.0,0.0,0.0,0,61085.0
22,9,267,1343,0,1,16,0.0,0.0,1.0,0.0,0.12,255,255,1.0,0.0,0.0,0.0,0.0,0.0,0,58309.0
5,5,0,0,0,0,134,1.0,1.0,0.14,0.06,0.0,255,2,0.01,0.08,0.0,1.0,1.0,0.0,1,72983.0
40,1,0,0,0,0,510,0.2,0.0,0.0,1.0,0.0,255,1,0.0,1.0,0.0,0.14,0.0,1.0,1,30130.0
22,9,293,13599,0,1,32,0.0,0.0,1.0,0.0,0.0,106,255,1.0,0.0,0.01,0.0,0.0,0.0,0,59042.0
22,9,255,488,0,1,4,0.0,0.0,1.0,0.0,0.57,113,255,1.0,0.0,0.03,0.0,0.0,0.0,0,15646.0
45,1,0,0,0,0,259,0.08,0.0,0.0,1.0,0.0,255,1,0.0,1.0,0.0,0.08,0.0,1.0,1,8724.0
45,5,0,0,0,0,65,1.0,1.0,0.11,0.06,0.0,255,17,0.07,0.06,0.0,1.0,1.0,0.0,1,45454.0
14,9,1032,0,0,0,511,0.0,0.0,1.0,0.0,0.0,255,128,0.5,0.02,0.0,0.02,0.0,0.0,1,52852.0
53,1,0,0,0,0,257,0.0,0.0,0.04,0.07,0.0,255,11,0.04,0.07,0.0,0.0,0.0,1.0,1,36232.0
22,1,0,0,0,0,1,0.0,0.0,1.0,0.0,0.0,26,255,1.0,0.0,0.18,0.0,0.0,1.0,0,102275.0
6,5,0,0,0,0,267,1.0,1.0,0.04,0.06,0.0,255,11,0.04,0.09,0.0,1.0,1.0,0.0,1,23025.0
22,5,0,0,0,0,201,1.0,1.0,0.03,0.05,0.0,255,7,0.03,0.05,0.0,1.0,1.0,0.0,1,61634.0
22,9,218,13294,0,1,3,0.0,0.0,1.0,0.0,0.6,3,255,1.0,0.0,0.04,0.0,0.0,0.0,0,22857.0
22,1,0,0,0,0,1,0.0,0.0,1.0,0.0,0.0,7,33,1.0,0.0,0.39,0.0,0.0,1.0,0,79315.0
45,5,0,0,0,0,207,1.0,1.0,0.01,0.07,0.0,255,15,0.06,0.05,0.0,1.0,1.0,0.0,1,74013.0
22,9,153,8386,0,1,1,0.0,0.0,1.0,0.0,0.0,255,255,1.0,0.0,0.0,0.0,0.0,0.0,0,9919.0
45,9,105,146,0,0,1,0.0,0.0,1.0,0.0,0.0,219,207,0.95,0.01,0.0,0.0,0.0,0.0,0,83630.0
9,5,0,0,0,0,207,1.0,1.0,0.07,0.07,0.0,255,15,0.06,0.07,0.0,1.0,1.0,0.0,1,105450.0
22,1,0,0,0,0,1,0.0,0.0,1.0,0.0,0.0,10,3,0.3,0.2,0.0,0.0,0.0,1.0,0,65477.0
19,5,0,0,0,0,73,1.0,1.0,0.18,0.05,0.0,255,33,0.13,0.06,0.0,1.0,1.0,0.0,1,94805.0
49,9,1563,372,0,1,1,0.0,0.0,1.0,0.0,1.0,129,122,0.53,0.03,0.02,0.0,0.0,0.0,0,58488.0
22,9,297,4128,0,1,4,0.0,0.0,1.0,0.0,0.0,44,255,1.0,0.0,0.02,0.0,0.0,0.0,0,121743.0
11,9,45,81,0,0,123,0.0,0.0,1.0,0.0,0.0,255,254,1.0,0.01,0.0,0.0,0.0,0.0,0,15655.0
22,9,342,3041,0,1,57,0.0,0.0,1.0,0.0,0.0,92,255,1.0,0.0,0.03,0.0,0.0,0.0,0,45099.0
16,5,0,0,0,0,29,1.0,1.0,0.24,0.1,0.0,255,7,0.03,0.07,0.0,1.0,1.0,0.0,1,79643.0
29,1,0,0,0,0,1,0.0,0.0,1.0,0.0,0.0,68,2,0.01,1.0,1.0,0.0,0.0,1.0,1,96801.0
17,5,0,0,0,0,35,0.97,1.0,0.37,0.11,0.0,255,12,0.05,0.07,0.0,1.0,1.0,0.0,1,123456.0
45,1,0,0,0,0,102,0.0,0.0,0.01,0.07,0.0,27,1,0.04,0.15,0.0,0.0,0.0,1.0,1,41930.0
40,9,147,105,0,0,1,0.0,0.0,1.0,0.0,0.0,255,1,0.0,0.64,0.0,0.0,0.0,0.0,0,31351.0
13,9,8,0,0,0,1,0.0,0.0,1.0,0.0,1.0,1,4,1.0,0.0,0.75,0.0,0.0,0.0,1,62503.0
22,9,260,1596,0,1,2,0.0,0.0,1.0,0.0,0.67,43,240,1.0,0.0,0.03,0.0,0.01,0.0,0,4606.0
49,9,1928,329,0,1,1,0.0,0.0,1.0,0.0,0.0,199,118,0.59,0.03,0.0,0.0,0.0,0.0,0,73387.0
45,9,105,0,0,0,2,0.0,0.0,1.0,0.0,0.0,61,51,0.84,0.03,0.0,0.0,0.0,0.0,0,48769.0
22,9,291,6286,0,1,1,0.0,0.0,1.0,0.0,0.0,69,255,1.0,0.0,0.05,0.0,0.0,0.0,0,35813.0
22,9,410,3616,0,1,3,0.0,0.0,1.0,0.0,0.0,255,255,1.0,0.0,0.0,0.0,0.0,0.0,0,64229.0
22,9,235,1157,0,1,20,0.0,0.0,1.0,0.0,0.11,27,255,1.0,0.0,0.04,0.0,0.0,0.0,0,33641.0
22,9,246,757,0,1,28,0.0,0.0,1.0,0.0,0.0,255,255,1.0,0.0,0.0,0.0,0.0,0.0,0,24065.0
34,5,0,0,0,0,117,1.0,1.0,0.02,0.07,0.0,255,2,0.01,0.08,0.0,1.0,1.0,0.0,1,113403.0
28,5,0,0,0,0,124,1.0,1.0,0.02,0.07,0.0,255,2,0.01,0.07,0.0,1.0,1.0,0.0,1,547.0
22,9,425,8854,0,1,5,0.0,0.0,1.0,0.0,0.0,255,255,1.0,0.0,0.0,0.0,0.0,0.0,0,65132.0
13,9,8,0,0,0,1,0.0,0.0,1.0,0.0,1.0,2,86,1.0,0.0,0.5,0.0,0.0,0.0,1,72209.0
49,9,1477,367,0,1,1,0.0,0.0,1.0,0.0,0.0,165,114,0.48,0.05,0.02,0.0,0.0,0.0,0,92463.0
22,6,317,21900,0,1,3,0.33,0.33,1.0,0.0,0.0,68,255,1.0,0.0,0.03,0.03,0.01,0.0,0,56654.0
22,9,205,1002,0,1,3,0.0,0.0,1.0,0.0,0.12,3,255,1.0,0.0,0.04,0.0,0.0,0.0,0,73057.0
22,9,302,2307,0,1,2,0.0,0.0,1.0,0.0,0.3,99,255,1.0,0.0,0.03,0.01,0.01,0.0,0,96532.0
22,9,313,7534,0,1,8,0.0,0.0,1.0,0.0,0.0,255,255,1.0,0.0,0.0,0.0,0.0,0.0,0,98905.0
22,9,298,2885,0,1,4,0.0,0.0,1.0,0.0,0.0,46,255,1.0,0.0,0.02,0.0,0.0,0.0,0,26156.0
45,5,0,0,0,0,294,1.0,1.0,0.01,0.06,0.0,255,4,0.02,0.07,0.0,1.0,1.0,0.0,1,98603.0
22,9,218,1695,0,1,20,0.0,0.0,1.0,0.0,0.1,142,255,1.0,0.0,0.01,0.0,0.0,0.0,0,71283.0
49,9,2380,329,0,1,3,0.0,0.0,0.33,1.0,1.0,12,10,0.83,0.25,0.0,0.0,0.0,0.0,0,98960.0
15,5,0,0,0,0,143,1.0,1.0,0.1,0.06,0.0,255,15,0.06,0.06,0.0,1.0,1.0,0.0,1,14762.0
22,9,298,10384,0,1,4,0.0,0.0,1.0,0.0,0.16,4,255,1.0,0.0,0.04,0.0,0.01,0.0,0,116073.0
37,5,0,0,0,0,34,1.0,1.0,0.41,0.12,0.0,255,14,0.05,0.08,0.0,1.0,1.0,0.0,1,22390.0
49,9,2344,329,0,1,1,0.0,0.0,1.0,0.0,0.0,66,141,0.38,0.08,0.02,0.0,0.0,0.0,0,85942.0
45,9,28,0,3,0,27,0.0,0.0,1.0,0.0,0.0,240,27,0.11,0.68,0.0,0.03,0.0,0.0,1,100891.0
45,5,0,0,0,0,210,1.0,1.0,0.08,0.05,0.0,255,17,0.07,0.06,0.0,1.0,1.0,0.0,1,39986.0
22,9,324,7711,0,1,11,0.0,0.0,1.0,0.0,0.11,11,255,1.0,0.0,0.06,0.0,0.01,0.0,0,67865.0
45,5,0,0,0,0,137,1.0,1.0,0.15,0.06,0.0,36,1,0.03,0.19,0.0,1.0,1.0,0.0,1,38249.0
8,5,0,0,0,0,269,1.0,1.0,0.02,0.06,0.0,255,5,0.02,0.07,0.0,1.0,1.0,0.0,1,26453.0
22,1,0,0,0,0,1,0.0,0.0,1.0,0.0,0.0,19,255,1.0,0.0,0.13,0.0,0.0,0.65,0,56191.0
22,9,201,1384,0,1,13,0.0,0.0,1.0,0.0,0.0,56,255,1.0,0.0,0.03,0.0,0.0,0.0,0,24943.0
11,9,37,53,0,0,3,0.0,0.0,1.0,0.0,0.5,255,255,1.0,0.0,0.0,0.0,0.0,0.0,0,79507.0
34,4,0,0,0,0,1,0.0,0.0,1.0,0.0,0.0,181,1,0.01,0.73,0.0,0.03,0.0,1.0,1,42616.0
45,5,0,0,0,0,124,1.0,1.0,0.1,0.07,0.0,255,14,0.05,0.07,0.0,1.0,1.0,0.0,1,15971.0
17,5,0,0,0,0,4,1.0,1.0,0.5,0.75,0.0,255,42,0.16,0.05,0.0,1.0,1.0,0.0,1,15261.0
22,9,281,762,0,1,2,0.0,0.0,1.0,0.0,0.14,80,255,1.0,0.0,0.01,0.0,0.0,0.0,0,119483.0
22,9,230,693,0,1,8,0.0,0.0,1.0,0.0,0.0,128,255,1.0,0.0,0.01,0.0,0.0,0.0,0,82687.0
22,9,228,11764,0,1,2,0.0,0.0,1.0,0.0,0.12,22,122,1.0,0.0,0.08,0.0,0.01,0.0,0,53367.0
22,9,333,379,0,1,11,0.0,0.0,1.0,0.0,0.0,95,255,1.0,0.0,0.01,0.0,0.0,0.0,0,92017.0
55,9,164,4181,0,1,1,0.0,0.0,1.0,0.0,0.0,255,49,0.19,0.02,0.0,0.38,0.51,0.0,0,103903.0
22,9,224,370,0,1,10,0.0,0.0,1.0,0.0,0.0,255,255,1.0,0.0,0.0,0.0,0.0,0.0,0,106506.0
22,9,216,6979,0,1,2,0.0,0.0,1.0,0.0,0.0,57,255,1.0,0.0,0.02,0.02,0.0,0.09,0,13683.0
27,5,0,0,0,0,99,1.0,1.0,0.15,0.08,0.0,255,15,0.06,0.07,0.0,1.0,1.0,0.0,1,70803.0
22,9,292,269,0,1,8,0.0,0.0,1.0,0.0,0.22,255,255,1.0,0.0,0.0,0.0,0.0,0.0,0,105003.0
11,9,46,126,0,0,174,0.0,0.0,1.0,0.0,0.0,255,255,1.0,0.0,0.0,0.0,0.0,0.0,0,47424.0
22,9,267,1619,0,1,1,0.0,0.0,1.0,0.0,0.0,255,238,0.93,0.01,0.0,0.0,0.0,0.0,0,78604.0
14,9,1032,0,0,0,75,0.0,0.0,1.0,0.0,0.0,255,75,0.29,0.02,0.0,0.0,0.0,0.0,1,90038.0
6,5,0,0,0,0,285,1.0,1.0,0.09,0.05,0.0,255,25,0.1,0.05,0.0,1.0,1.0,0.0,1,44639.0
19,5,0,0,0,0,204,1.0,1.0,0.05,0.06,0.0,255,11,0.04,0.07,0.0,1.0,1.0,0.0,1,56915.0
22,6,267,8244,0,1,17,0.06,0.05,1.0,0.0,0.11,255,255,1.0,0.0,0.0,0.0,0.0,0.0,0,29474.0
22,9,221,2043,0,1,12,0.0,0.0,1.0,0.0,0.0,12,255,1.0,0.0,0.02,0.0,0.0,0.0,0,117732.0
19,9,6932,0,0,0,2,0.0,0.0,1.0,0.0,0.0,9,44,0.44,0.33,0.05,0.0,0.0,0.0,0,75397.0
22,9,223,1227,0,1,3,0.0,0.0,1.0,0.0,0.5,167,167,1.0,0.0,0.0,0.0,0.0,0.0,0,110764.0
0,4,2110,12434,0,1,1,0.0,0.0,1.0,0.0,0.0,13,8,0.62,0.15,0.0,0.08,0.12,0.88,0,60404.0
18,9,1256,2451,0,1,1,0.0,0.0,1.0,0.0,0.0,240,68,0.28,0.02,0.0,0.0,0.0,0.0,0,107063.0
15,5,0,0,0,0,133,1.0,1.0,0.14,0.06,0.0,255,18,0.07,0.06,0.0,1.0,1.0,0.0,1,19470.0
22,9,231,1520,0,1,22,0.0,0.0,1.0,0.0,0.0,73,255,1.0,0.0,0.04,0.0,0.0,0.0,0,49979.0
24,4,0,0,0,0,1,0.0,0.0,1.0,0.0,0.0,255,1,0.0,1.0,0.0,0.0,0.0,1.0,1,71658.0
20,5,0,0,0,0,237,1.0,1.0,0.02,0.07,0.0,255,5,0.02,0.07,0.0,1.0,1.0,0.0,1,37055.0
45,9,105,145,0,0,7,0.0,0.0,0.14,0.29,0.0,255,224,0.88,0.01,0.0,0.0,0.0,0.0,0,59360.0
45,5,0,0,0,0,233,1.0,1.0,0.06,0.08,0.0,255,15,0.06,0.08,0.0,1.0,1.0,0.0,1,63842.0
13,9,8,0,0,0,1,0.0,0.0,1.0,0.0,1.0,1,26,1.0,0.0,0.54,0.0,0.0,0.0,1,64162.0
45,1,0,0,0,0,154,0.0,0.0,0.01,0.08,0.0,255,1,0.0,0.09,0.0,0.0,0.0,1.0,1,104703.0
40,9,147,105,0,0,1,0.0,0.0,1.0,0.0,0.0,255,1,0.0,0.75,0.0,0.0,0.0,0.0,0,73494.0
2,5,0,0,0,0,280,1.0,1.0,0.03,0.06,0.0,255,15,0.06,0.06,0.0,1.0,1.0,0.0,1,112544.0
45,5,0,0,0,0,254,1.0,1.0,0.06,0.06,0.0,255,15,0.06,0.07,0.0,1.0,1.0,0.0,1,18197.0
45,5,0,0,0,0,102,1.0,1.0,0.03,0.06,0.0,255,19,0.07,0.06,0.0,1.0,1.0,0.0,1,78856.0
45,4,0,0,0,0,1,0.0,0.0,1.0,0.0,0.0,238,1,0.0,0.32,0.0,0.0,0.0,1.0,1,41983.0
11,9,45,45,0,0,128,0.0,0.0,1.0,0.0,0.0,255,205,0.8,0.01,0.0,0.0,0.0,0.0,0,75185.0
45,5,0,0,0,0,139,1.0,1.0,0.05,0.08,0.0,255,7,0.03,0.07,0.0,1.0,1.0,0.0,1,83745.0
22,9,278,1564,0,1,8,0.0,0.0,1.0,0.0,0.19,255,255,1.0,0.0,0.0,0.0,0.0,0.0,0,13748.0
7,5,0,0,0,0,113,1.0,1.0,0.04,0.06,0.0,255,5,0.02,0.06,0.0,1.0,1.0,0.0,1,110924.0
22,9,335,4741,0,1,2,0.0,0.0,1.0,0.0,0.0,63,255,1.0,0.0,0.01,0.0,0.0,0.0,0,46142.0
11,9,43,109,0,0,132,0.0,0.0,0.99,0.02,0.01,255,220,0.86,0.02,0.0,0.0,0.0,0.0,0,43178.0
19,9,501760,0,0,0,2,0.0,0.0,1.0,0.0,0.0,201,66,0.3,0.02,0.03,0.0,0.0,0.0,0,33908.0
22,9,235,1333,0,1,4,0.0,0.0,1.0,0.0,0.0,4,255,1.0,0.0,0.02,0.0,0.0,0.0,0,80879.0
22,9,187,21002,0,1,1,0.0,0.0,1.0,0.0,0.0,55,255,1.0,0.0,0.04,0.0,0.0,0.0,0,23228.0
40,9,1,0,0,0,17,0.0,0.0,0.12,0.47,0.0,255,2,0.01,0.18,0.0,0.0,0.0,0.0,1,125089.0
13,9,18,0,0,0,1,0.0,0.0,1.0,0.0,0.0,1,201,1.0,0.0,0.25,0.0,0.0,0.0,1,44818.0
14,9,64,0,0,0,1,0.0,0.0,1.0,0.0,0.0,40,1,0.03,0.1,0.0,0.0,0.0,0.0,0,123832.0
22,9,242,5136,0,1,9,0.0,0.0,1.0,0.0,0.36,255,255,1.0,0.0,0.0,0.0,0.0,0.0,0,39592.0
22,9,249,3098,0,1,3,0.33,0.33,1.0,0.0,0.0,54,255,1.0,0.0,0.02,0.02,0.0,0.0,0,120991.0
15,1,0,0,0,0,145,0.0,0.0,0.13,0.06,0.0,255,19,0.07,0.07,0.0,0.0,0.0,1.0,1,43627.0
45,1,0,0,0,0,120,0.0,0.0,0.01,0.08,0.0,255,3,0.01,0.06,0.0,0.0,0.0,1.0,1,87481.0
33,5,0,0,0,0,37,1.0,1.0,0.05,0.14,0.0,255,2,0.01,0.07,0.0,1.0,1.0,0.0,1,7332.0
22,9,264,8786,0,1,2,0.0,0.0,1.0,0.0,0.0,2,255,1.0,0.0,0.02,0.0,0.0,0.0,0,4343.0
44,5,0,0,0,0,11,1.0,1.0,0.18,0.27,0.0,255,16,0.06,0.07,0.0,1.0,1.0,0.0,1,63474.0
22,9,316,267,0,1,6,0.0,0.0,1.0,0.0,0.0,255,255,1.0,0.0,0.0,0.0,0.0,0.0,0,63568.0
22,9,247,6534,0,1,7,0.0,0.0,1.0,0.0,0.18,255,255,1.0,0.0,0.0,0.0,0.0,0.0,0,41763.0
49,9,2178,328,0,1,1,0.0,0.0,1.0,0.0,1.0,115,242,0.97,0.02,0.01,0.0,0.0,0.0,0,35238.0
45,1,0,0,0,0,215,0.0,0.0,0.06,0.06,0.0,255,12,0.05,0.07,0.0,0.0,0.0,1.0,1,105997.0
22,9,212,847,0,1,18,0.0,0.0,1.0,0.0,0.0,44,255,1.0,0.0,0.03,0.02,0.01,0.0,0,57814.0
22,9,309,744,0,1,4,0.0,0.0,1.0,0.0,0.12,8,255,1.0,0.0,0.02,0.0,0.0,0.0,0,104160.0
22,9,327,1529,0,1,10,0.0,0.0,1.0,0.0,0.0,255,255,1.0,0.0,0.0,0.01,0.01,0.0,0,115284.0
22,9,227,1452,0,1,7,0.0,0.0,1.0,0.0,0.0,60,255,1.0,0.0,0.02,0.0,0.0,0.0,0,43403.0
22,9,362,1297,0,1,21,0.0,0.0,1.0,0.0,0.0,41,180,1.0,0.0,0.05,0.0,0.0,0.06,0,118607.0
45,9,1,0,0,0,12,0.0,0.0,1.0,0.0,0.0,255,12,0.05,0.38,0.0,0.0,0.0,0.0,1,89820.0
40,1,0,0,0,0,2,0.0,0.0,0.5,1.0,0.0,255,1,0.0,1.0,0.0,0.0,0.0,1.0,1,112450.0
22,9,198,7003,0,1,1,0.0,0.0,1.0,0.0,0.33,7,255,1.0,0.0,0.03,0.0,0.0,0.0,0,10050.0
22,9,292,13206,0,1,5,0.0,0.0,1.0,0.0,0.0,5,255,1.0,0.0,0.04,0.0,0.0,0.0,0,500.0
49,9,2227,477,0,1,1,0.0,0.0,1.0,0.0,1.0,149,116,0.32,0.03,0.02,0.01,0.0,0.0,0,84053.0
45,5,0,0,0,0,121,1.0,1.0,0.06,0.07,0.0,255,7,0.03,0.05,0.0,1.0,1.0,0.0,1,46887.0
43,5,0,0,0,0,220,1.0,1.0,0.02,0.06,0.0,255,16,0.06,0.07,0.0,1.0,1.0,0.0,1,18218.0
49,9,948,326,0,1,1,0.0,0.0,1.0,0.0,0.0,231,184,0.8,0.02,0.0,0.0,0.0,0.0,0,106541.0
22,9,329,2576,0,1,2,0.0,0.0,1.0,0.0,0.4,64,255,1.0,0.0,0.07,0.0,0.0,0.0,0,63577.0
22,9,231,375,0,1,9,0.0,0.0,1.0,0.0,0.27,255,255,1.0,0.0,0.0,0.0,0.0,0.0,0,6217.0
22,9,207,2874,0,1,17,0.0,0.0,1.0,0.0,0.11,255,255,1.0,0.0,0.0,0.0,0.0,0.0,0,120885.0
22,9,244,263,0,1,8,0.0,0.0,1.0,0.0,0.22,255,255,1.0,0.0,0.0,0.0,0.0,0.0,0,68086.0
22,9,367,2120,0,1,6,0.0,0.0,1.0,0.0,0.18,255,255,1.0,0.0,0.0,0.0,0.0,0.0,0,100784.0
45,5,0,0,0,0,204,1.0,1.0,0.02,0.06,0.0,255,7,0.03,0.07,0.0,1.0,1.0,0.0,1,85154.0
49,9,1294,281,0,1,1,0.0,0.0,1.0,0.0,0.0,31,123,0.45,0.1,0.02,0.0,0.0,0.0,0,42137.0
19,9,4892,0,0,1,18,0.0,0.0,1.0,0.0,0.0,255,54,0.21,0.02,0.0,0.0,0.0,0.0,0,23973.0
45,5,0,0,0,0,278,1.0,1.0,0.02,0.06,0.0,255,5,0.02,0.08,0.0,1.0,1.0,0.0,1,73125.0
45,1,0,0,0,0,1,0.0,0.0,1.0,0.0,0.0,66,2,0.02,1.0,1.0,0.0,0.0,1.0,1,94574.0
19,5,0,0,0,0,14,1.0,1.0,0.43,0.14,0.0,255,56,0.22,0.02,0.0,1.0,1.0,0.0,1,68123.0
22,9,383,617,0,1,39,0.0,0.0,1.0,0.0,0.05,255,255,1.0,0.0,0.0,0.0,0.0,0.0,0,29104.0
22,9,213,12863,0,1,1,0.0,0.0,1.0,0.0,1.0,19,255,1.0,0.0,0.06,0.0,0.0,0.0,0,108471.0
49,9,921,366,0,1,1,0.0,0.0,1.0,0.0,1.0,202,149,0.74,0.02,0.0,0.0,0.0,0.0,0,93438.0
49,9,1285,330,0,1,1,0.0,0.0,1.0,0.0,1.0,17,245,1.0,0.0,0.01,0.0,0.0,0.0,0,11402.0
11,9,44,78,0,0,120,0.0,0.0,0.99,0.02,0.02,255,241,0.95,0.01,0.0,0.0,0.0,0.0,0,90382.0
40,9,516,4,0,0,191,0.0,0.0,1.0,0.0,0.0,191,191,1.0,0.0,0.0,0.0,0.0,0.0,0,817.0
45,5,0,0,0,0,180,1.0,1.0,0.01,0.06,0.0,255,12,0.05,0.07,0.0,1.0,1.0,0.0,1,91623.0
22,9,299,2112,0,1,13,0.0,0.0,1.0,0.0,0.0,13,255,1.0,0.0,0.05,0.0,0.0,0.0,0,49753.0
49,9,3231,338,0,1,1,0.0,0.0,1.0,0.0,0.0,255,115,0.45,0.03,0.0,0.0,0.0,0.0,0,32875.0
19,9,334,0,0,1,1,0.0,0.0,1.0,0.0,0.0,3,14,1.0,0.0,0.14,0.0,0.0,0.0,0,121025.0
22,9,215,3345,0,1,2,0.0,0.0,1.0,0.0,0.5,21,255,1.0,0.0,0.03,0.0,0.0,0.0,0,120247.0
19,5,0,0,0,0,3,1.0,1.0,0.33,0.67,0.0,203,45,0.2,0.02,0.04,1.0,0.91,0.0,1,89956.0
22,9,407,4355,0,1,7,0.0,0.0,1.0,0.0,0.0,255,255,1.0,0.0,0.0,0.0,0.0,0.0,0,47585.0
45,5,0,0,0,0,79,1.0,1.0,0.24,0.05,0.0,255,13,0.05,0.07,0.0,1.0,1.0,0.0,1,90501.0
22,9,300,13788,0,1,8,0.0,0.11,1.0,0.0,0.22,91,255,1.0,0.0,0.02,0.0,0.0,0.0,0,16.0
45,5,0,0,0,0,209,1.0,1.0,0.06,0.07,0.0,255,18,0.07,0.07,0.0,1.0,1.0,0.0,1,22903.0
28,5,0,0,0,0,146,1.0,1.0,0.04,0.05,0.0,255,5,0.02,0.07,0.0,1.0,1.0,0.0,1,62409.0
45,9,28,0,3,0,60,0.0,0.0,1.0,0.0,0.0,255,60,0.24,0.04,0.0,0.02,0.0,0.0,1,116049.0
49,9,1017,340,0,1,1,0.0,0.0,1.0,0.0,0.0,138,159,0.67,0.04,0.01,0.0,0.0,0.0,0,115387.0
45,4,1,0,0,0,2,0.0,0.0,1.0,0.0,0.0,255,2,0.01,0.82,0.0,0.0,0.0,1.0,1,2728.0
22,1,0,0,0,0,24,0.0,0.0,1.0,0.0,0.0,58,255,1.0,0.0,0.16,0.0,0.0,0.99,0,91090.0
38,5,0,0,0,0,202,1.0,1.0,0.01,0.06,0.0,255,15,0.06,0.07,0.0,1.0,1.0,0.0,1,15839.0
7,5,0,0,0,0,171,1.0,1.0,0.01,0.08,0.0,255,1,0.0,0.08,0.0,1.0,1.0,0.0,1,40730.0
18,9,1483,4152,0,1,1,0.0,0.0,1.0,0.0,0.0,73,26,0.36,0.04,0.0,0.0,0.0,0.0,0,25807.0
62,5,0,0,0,0,215,1.0,1.0,0.08,0.06,0.0,255,18,0.07,0.09,0.0,1.0,1.0,0.0,1,104306.0
45,1,0,0,0,0,17,0.0,0.0,0.06,1.0,0.0,135,1,0.01,0.23,0.0,0.0,0.0,1.0,1,80794.0
22,9,239,10958,0,1,3,0.0,0.0,1.0,0.0,0.0,16,255,1.0,0.0,0.02,0.0,0.0,0.0,0,103943.0
22,9,234,1486,0,1,6,0.0,0.0,1.0,0.0,0.0,24,255,1.0,0.0,0.02,0.0,0.0,0.0,0,67879.0
11,9,46,133,0,0,79,0.0,0.0,1.0,0.0,0.01,255,198,0.78,0.02,0.0,0.0,0.0,0.0,0,55220.0
22,9,234,1409,0,1,17,0.0,0.0,1.0,0.0,0.0,37,255,1.0,0.0,0.01,0.0,0.0,0.0,0,90126.0
14,9,1032,0,0,0,510,0.0,0.0,1.0,0.0,0.0,255,149,0.58,0.03,0.0,0.0,0.0,0.0,1,14901.0
49,9,1454,331,0,1,1,0.0,0.0,1.0,0.0,1.0,92,106,0.62,0.04,0.02,0.0,0.0,0.0,0,89427.0
45,5,0,0,0,0,209,1.0,1.0,0.11,0.05,0.0,255,23,0.09,0.06,0.0,1.0,1.0,0.0,1,38781.0
22,9,322,511,0,1,3,0.0,0.0,1.0,0.0,0.5,30,255,1.0,0.0,0.04,0.0,0.0,0.0,0,10667.0
59,2,0,0,0,0,107,0.0,0.0,0.04,0.07,0.0,255,4,0.02,0.07,0.0,0.0,0.0,1.0,1,83362.0
19,9,15377,0,0,1,4,0.0,0.0,1.0,0.0,0.0,66,68,0.15,0.05,0.03,0.0,0.22,0.0,0,7238.0
53,1,0,0,0,0,267,0.0,0.0,0.02,0.06,0.0,255,5,0.02,0.08,0.0,0.0,0.0,1.0,1,75078.0
45,2,0,0,0,0,134,0.0,0.0,0.01,0.06,0.0,255,1,0.0,0.06,0.0,0.0,0.0,1.0,1,36791.0
22,9,344,1232,0,1,8,0.0,0.0,1.0,0.0,0.0,184,255,1.0,0.0,0.02,0.0,0.0,0.0,0,16623.0
17,5,0,0,0,0,154,1.0,1.0,0.13,0.06,0.0,255,20,0.08,0.06,0.0,1.0,1.0,0.0,1,14909.0
13,9,8,0,0,0,1,0.0,0.0,1.0,0.0,1.0,3,67,1.0,0.0,0.25,0.0,0.0,0.0,1,72671.0
45,1,0,0,0,0,123,0.0,0.0,0.07,0.07,0.0,255,23,0.09,0.07,0.0,0.0,0.0,1.0,1,97755.0
45,5,0,0,0,0,195,1.0,1.0,0.04,0.07,0.0,255,22,0.09,0.07,0.0,1.0,1.0,0.0,1,13550.0
49,9,1923,332,0,1,1,0.0,0.0,1.0,0.0,0.0,153,157,0.63,0.05,0.01,0.0,0.0,0.0,0,92763.0
22,9,303,2239,0,1,6,0.0,0.0,1.0,0.0,0.0,168,164,0.98,0.01,0.0,0.0,0.0,0.0,0,57885.0
40,9,147,105,0,0,1,0.0,0.0,1.0,0.0,0.0,255,2,0.01,0.74,0.0,0.0,0.0,0.0,0,81299.0
45,5,0,0,0,0,112,1.0,1.0,0.05,0.06,0.0,255,17,0.07,0.06,0.0,1.0,1.0,0.0,1,56723.0
22,9,213,4556,0,1,1,0.0,0.0,1.0,0.0,0.25,249,255,1.0,0.0,0.01,0.0,0.0,0.0,0,66775.0
49,9,3696,328,0,1,1,0.0,0.0,1.0,0.0,1.0,164,161,0.57,0.03,0.01,0.0,0.0,0.04,0,32658.0
49,9,1898,333,0,1,1,0.0,0.0,1.0,0.0,0.0,53,192,0.87,0.06,0.01,0.0,0.0,0.0,0,54981.0
11,9,93,34,0,0,3,0.0,0.0,1.0,0.0,0.22,184,138,0.75,0.02,0.0,0.0,0.0,0.0,0,9806.0
55,9,124,12462,0,1,1,0.0,0.0,1.0,0.0,0.0,175,2,0.01,0.03,1.0,0.01,0.0,0.0,0,97943.0
16,2,0,0,0,0,144,0.0,0.0,0.1,0.06,0.0,255,15,0.06,0.07,0.0,0.0,0.0,1.0,1,13284.0
19,5,0,0,0,0,191,1.0,1.0,0.03,0.06,0.0,255,6,0.02,0.07,0.0,1.0,1.0,0.0,1,20037.0
22,9,229,1380,0,1,4,0.0,0.0,1.0,0.0,0.0,83,78,0.94,0.02,0.0,0.0,0.0,0.0,0,15335.0
19,9,383,0,0,0,2,0.0,0.0,1.0,0.0,0.0,4,3,0.75,0.5,0.0,0.0,0.0,0.0,0,84332.0
19,9,14052,0,0,1,8,0.0,0.0,1.0,0.0,0.0,14,14,1.0,0.0,0.0,0.0,0.0,0.0,0,2895.0
45,9,1,0,0,0,39,0.0,0.0,0.15,0.1,0.0,255,6,0.02,0.23,0.0,0.0,0.0,0.0,1,34097.0
45,5,0,0,0,0,253,1.0,1.0,0.02,0.05,0.0,114,4,0.04,0.09,0.0,0.88,1.0,0.0,1,55302.0
13,9,8,0,0,0,1,0.0,0.0,1.0,0.0,1.0,3,111,1.0,0.0,0.25,0.0,0.0,0.0,1,60414.0
61,5,0,0,0,0,290,1.0,1.0,0.04,0.06,0.0,255,12,0.05,0.08,0.0,1.0,1.0,0.0,1,107856.0
22,9,294,642,0,1,14,0.0,0.0,1.0,0.0,0.16,255,255,1.0,0.0,0.0,0.0,0.0,0.0,0,83366.0
49,9,1406,327,0,1,1,0.0,0.0,1.0,0.0,0.0,156,116,0.74,0.02,0.0,0.0,0.0,0.0,0,29484.0
40,9,147,105,0,0,4,0.0,0.0,0.5,0.5,0.0,255,2,0.01,0.84,0.0,0.0,0.0,0.0,0,88032.0
56,5,0,0,0,0,284,1.0,1.0,0.01,0.06,0.0,255,4,0.02,0.07,0.0,1.0,1.0,0.0,1,27363.0
19,9,334,0,0,1,2,0.0,0.0,1.0,0.0,0.0,255,68,0.27,0.08,0.0,0.01,0.01,0.0,0,50377.0
49,9,1239,330,0,1,1,0.0,0.0,1.0,0.0,1.0,53,246,0.94,0.04,0.01,0.0,0.0,0.0,0,58031.0
45,5,0,0,0,0,171,1.0,1.0,0.09,0.06,0.0,255,19,0.07,0.08,0.0,1.0,1.0,0.0,1,57272.0
22,9,214,9673,0,1,10,0.0,0.0,1.0,0.0,0.0,255,255,1.0,0.0,0.0,0.0,0.0,0.0,0,13276.0
22,9,207,3434,0,1,4,0.0,0.0,1.0,0.0,0.0,111,255,1.0,0.0,0.05,0.0,0.0,0.0,0,103271.0
40,1,0,0,0,0,477,0.07,0.0,0.0,1.0,0.0,255,1,0.0,1.0,0.0,0.04,0.0,1.0,1,7538.0
22,9,303,458,0,1,1,0.0,0.0,1.0,0.0,0.0,3,255,1.0,0.0,0.06,0.0,0.0,0.0,0,837.0
49,7,2248,0,0,1,1,1.0,1.0,1.0,0.0,0.0,152,119,0.57,0.05,0.02,0.01,0.02,0.0,0,33690.0
17,5,0,0,0,0,285,1.0,1.0,0.04,0.06,0.0,255,11,0.04,0.09,0.0,1.0,1.0,0.0,1,56607.0
45,9,207,0,0,0,2,0.0,0.0,1.0,0.0,0.0,116,100,0.86,0.02,0.0,0.0,0.0,0.0,0,121996.0
22,9,268,681,0,1,6,0.0,0.0,1.0,0.0,0.0,30,255,1.0,0.0,0.02,0.0,0.01,0.0,0,14643.0
20,1,0,0,0,0,241,0.0,0.0,0.01,0.07,0.0,255,2,0.01,0.08,0.0,0.0,0.0,1.0,1,39636.0
55,9,2555,10108,0,1,1,0.0,0.0,1.0,0.0,0.0,255,50,0.2,0.02,0.0,0.37,0.48,0.0,0,112804.0
49,9,2399,343,0,1,1,0.0,0.0,1.0,0.0,0.0,151,142,0.6,0.03,0.01,0.01,0.0,0.0,0,45742.0
22,9,291,1862,0,1,10,0.0,0.0,1.0,0.0,0.18,46,255,1.0,0.0,0.05,0.0,0.01,0.0,0,41101.0
45,1,0,0,0,0,147,0.0,0.0,0.02,0.06,0.0,255,3,0.01,0.06,0.0,0.0,0.0,1.0,1,89606.0
11,9,45,135,0,0,224,0.0,0.0,1.0,0.01,0.01,226,187,0.83,0.01,0.0,0.0,0.0,0.0,0,121008.0
17,5,0,0,0,0,244,1.0,1.0,0.01,0.07,0.0,255,3,0.01,0.07,0.0,1.0,1.0,0.0,1,83960.0
40,9,5319,0,0,1,10,0.0,0.0,0.1,0.9,0.0,119,1,0.01,0.09,0.0,0.0,0.0,0.0,0,51592.0
11,9,44,88,0,0,216,0.0,0.0,1.0,0.0,0.01,255,173,0.68,0.01,0.0,0.0,0.0,0.0,0,77452.0
22,9,283,482,0,1,1,0.0,0.0,1.0,0.0,0.0,195,255,1.0,0.0,0.01,0.0,0.0,0.0,0,115298.0
6,1,0,0,0,0,286,0.0,0.0,0.05,0.06,0.0,255,14,0.05,0.08,0.0,0.0,0.0,1.0,1,83013.0
45,5,0,0,0,0,254,1.0,1.0,0.04,0.06,0.0,255,11,0.04,0.05,0.0,1.0,1.0,0.0,1,2277.0
22,9,364,2675,0,1,25,0.0,0.0,1.0,0.0,0.0,62,255,1.0,0.0,0.02,0.0,0.0,0.0,0,86573.0
45,5,0,0,0,0,180,1.0,1.0,0.01,0.06,0.0,255,18,0.07,0.07,0.0,1.0,1.0,0.0,1,34389.0
45,5,0,0,0,0,230,1.0,1.0,0.05,0.07,0.0,255,13,0.05,0.07,0.0,1.0,1.0,0.0,1,1201.0
19,9,501760,0,0,1,2,0.0,0.0,1.0,0.0,0.0,21,38,0.29,0.24,0.08,0.0,0.0,0.0,0,29633.0
25,5,0,0,0,0,205,1.0,1.0,0.04,0.05,0.0,255,9,0.04,0.06,0.0,1.0,1.0,0.0,1,124100.0
22,9,266,5627,0,1,2,0.0,0.0,1.0,0.0,0.0,255,255,1.0,0.0,0.0,0.0,0.0,0.0,0,2344.0
45,1,0,0,0,0,109,0.0,0.0,0.06,0.06,0.0,255,6,0.02,0.08,0.0,0.0,0.0,1.0,1,83533.0
22,9,205,1727,0,1,5,0.0,0.0,1.0,0.0,0.0,15,255,1.0,0.0,0.04,0.0,0.0,0.0,0,107278.0
40,9,516,4,0,0,255,0.0,0.0,1.0,0.0,0.0,255,255,1.0,0.0,0.0,0.0,0.0,0.0,0,105305.0
45,9,28,0,3,0,95,0.0,0.0,1.0,0.0,0.0,167,95,0.57,0.02,0.0,0.0,0.0,0.0,1,100833.0
13,9,8,0,0,0,1,0.0,0.0,1.0,0.0,1.0,2,84,1.0,0.0,0.5,0.0,0.0,0.0,1,93673.0
22,9,233,2010,0,1,6,0.0,0.0,1.0,0.0,0.0,255,255,1.0,0.0,0.0,0.0,0.0,0.0,0,69103.0
17,5,0,0,0,0,34,0.94,1.0,0.35,0.12,0.0,255,12,0.05,0.06,0.0,1.0,1.0,0.0,1,121947.0
40,5,0,0,0,0,217,1.0,1.0,0.02,0.07,0.0,255,5,0.02,0.08,0.0,1.0,1.0,0.0,1,110717.0
22,1,0,0,0,0,1,0.0,0.0,1.0,0.0,0.0,255,222,0.87,0.01,0.0,0.0,0.0,1.0,0,102773.0
14,9,520,0,0,0,436,0.0,0.0,1.0,0.0,0.0,225,225,1.0,0.0,0.0,0.0,0.0,0.0,1,117102.0
22,9,380,1398,0,1,14,0.0,0.0,1.0,0.0,0.11,255,255,1.0,0.0,0.0,0.0,0.0,0.0,0,2641.0
22,1,0,0,0,0,1,0.0,0.0,1.0,0.0,1.0,2,24,1.0,0.0,0.33,0.0,0.0,1.0,0,84496.0
21,5,0,0,0,0,195,1.0,1.0,0.01,0.07,0.0,255,1,0.0,0.08,0.0,1.0,1.0,0.0,1,124961.0
22,9,180,19189,0,1,1,0.0,0.0,1.0,0.0,0.06,255,255,1.0,0.0,0.0,0.0,0.0,0.0,0,47513.0
49,9,3168,327,0,1,1,0.0,0.0,1.0,0.0,1.0,88,185,0.94,0.02,0.02,0.01,0.01,0.0,0,70393.0
49,9,1955,326,0,1,1,0.0,0.0,1.0,0.0,0.0,151,159,0.42,0.03,0.01,0.0,0.0,0.0,0,105751.0
11,9,45,80,0,0,167,0.0,0.0,1.0,0.0,0.0,255,255,1.0,0.0,0.0,0.0,0.0,0.0,0,43358.0
22,9,243,1404,0,1,13,0.0,0.0,1.0,0.0,0.0,255,255,1.0,0.0,0.0,0.0,0.0,0.0,0,103597.0
27,1,0,0,0,0,118,0.0,0.0,0.08,0.08,0.0,255,9,0.04,0.06,0.0,0.0,0.0,1.0,1,8801.0
7,5,0,0,0,0,42,0.81,1.0,0.05,0.4,0.0,255,2,0.01,0.07,0.0,0.13,1.0,0.0,1,17703.0
22,9,239,3222,0,1,4,0.0,0.0,1.0,0.0,0.0,255,250,0.98,0.01,0.0,0.0,0.0,0.0,0,33482.0
17,5,0,0,0,0,238,1.0,1.0,0.01,0.07,0.0,255,1,0.0,0.08,0.0,1.0,1.0,0.0,1,113962.0
49,9,1856,328,0,1,1,0.0,0.0,1.0,0.0,0.0,160,104,0.65,0.04,0.0,0.0,0.0,0.0,0,63316.0
13,9,8,0,0,0,1,0.0,0.0,1.0,0.0,1.0,1,28,1.0,0.0,0.54,0.0,0.0,0.0,1,73021.0
11,9,44,137,0,0,197,0.0,0.0,0.99,0.01,0.0,86,53,0.62,0.02,0.0,0.0,0.0,0.0,0,70592.0
22,9,291,277,0,1,3,0.0,0.0,1.0,0.0,0.14,197,255,1.0,0.0,0.02,0.0,0.0,0.0,0,98542.0
14,9,64,0,0,0,1,0.0,0.0,1.0,0.0,0.0,255,2,0.01,0.06,0.0,0.7,0.0,0.0,0,14424.0
52,5,0,0,0,0,126,1.0,1.0,0.08,0.06,0.0,255,6,0.02,0.07,0.0,1.0,1.0,0.0,1,6438.0
19,9,12,0,0,1,2,0.0,0.0,1.0,0.0,0.0,207,34,0.16,0.03,0.0,0.0,0.0,0.0,0,66630.0
45,5,0,0,0,0,91,1.0,1.0,0.08,0.07,0.0,255,2,0.01,0.09,0.0,1.0,1.0,0.0,1,3978.0
49,9,903,328,0,1,1,0.0,0.0,1.0,0.0,1.0,51,26,0.51,0.08,0.0,0.0,0.0,0.0,0,21286.0
40,1,0,0,0,0,1,0.0,0.0,1.0,0.0,0.0,16,16,1.0,0.0,0.0,0.0,0.0,1.0,0,60775.0
19,9,383,0,0,1,2,0.0,0.0,1.0,0.0,0.0,59,63,0.05,0.05,0.03,0.0,0.27,0.0,0,60436.0
22,9,170,4937,0,1,2,0.0,0.0,1.0,0.0,0.0,152,255,1.0,0.0,0.01,0.0,0.0,0.0,0,29765.0
22,9,175,464,0,1,6,0.0,0.0,1.0,0.0,0.0,54,255,1.0,0.0,0.03,0.0,0.0,0.0,0,49433.0
17,2,0,0,0,0,285,0.0,0.0,0.07,0.06,0.0,255,20,0.08,0.07,0.0,0.0,0.0,1.0,1,38545.0
13,9,8,0,0,0,1,0.0,0.0,1.0,0.0,1.0,1,73,1.0,0.0,0.51,0.0,0.0,0.0,1,5171.0
22,5,0,0,0,0,2,0.5,0.5,1.0,0.0,0.0,165,255,1.0,0.0,0.02,0.01,0.0,0.0,0,20800.0
11,9,46,46,0,0,185,0.0,0.0,1.0,0.0,0.0,255,205,0.8,0.01,0.0,0.0,0.0,0.0,0,68641.0
49,9,605,324,0,1,1,0.0,0.0,1.0,0.0,0.0,152,109,0.72,0.03,0.0,0.0,0.0,0.0,0,101354.0
22,9,289,901,0,1,12,0.0,0.0,1.0,0.0,0.09,39,255,1.0,0.0,0.02,0.0,0.0,0.0,0,22657.0
45,5,0,0,0,0,207,1.0,1.0,0.09,0.06,0.0,255,18,0.07,0.08,0.0,1.0,1.0,0.0,1,65101.0
61,1,0,0,0,0,139,0.0,0.0,0.09,0.06,0.0,255,3,0.01,0.07,0.0,0.0,0.0,1.0,1,95724.0
13,9,8,0,0,0,1,0.0,0.0,1.0,0.0,1.0,2,42,1.0,0.0,0.5,0.0,0.0,0.0,1,92120.0
45,4,1,0,0,0,2,0.0,0.0,1.0,0.0,0.0,255,2,0.01,0.74,0.0,0.0,0.0,1.0,1,124335.0
45,1,0,0,0,0,139,0.0,0.0,0.06,0.06,0.0,255,3,0.01,0.06,0.0,0.0,0.0,1.0,1,30306.0
25,5,0,0,0,0,244,1.0,1.0,0.04,0.06,0.0,255,9,0.04,0.07,0.0,1.0,1.0,0.0,1,95074.0
45,5,0,0,0,0,281,1.0,1.0,0.04,0.06,0.0,255,5,0.02,0.07,0.0,1.0,1.0,0.0,1,73182.0
8,5,0,0,0,0,247,1.0,1.0,0.0,0.07,0.0,255,1,0.0,0.07,0.0,1.0,1.0,0.0,1,64713.0
11,9,34,91,0,0,2,0.0,0.0,1.0,0.0,0.75,180,135,0.75,0.02,0.0,0.0,0.0,0.0,0,122277.0
45,5,0,0,0,0,228,1.0,1.0,0.01,0.06,0.0,255,3,0.01,0.07,0.0,1.0,1.0,0.0,1,111889.0
11,9,43,133,0,0,49,0.0,0.0,1.0,0.0,0.02,251,197,0.78,0.01,0.0,0.0,0.0,0.0,0,76804.0
22,9,413,8801,0,1,15,0.0,0.0,1.0,0.0,0.0,255,255,1.0,0.0,0.0,0.0,0.0,0.0,0,31350.0
22,9,241,331,0,1,22,0.0,0.0,1.0,0.0,0.0,255,255,1.0,0.0,0.0,0.0,0.0,0.0,0,82910.0
14,9,1032,0,0,0,377,0.0,0.0,1.0,0.0,0.0,255,255,1.0,0.0,0.0,0.0,0.0,0.0,1,99836.0
49,9,726,335,0,1,1,0.0,0.0,1.0,0.0,0.0,43,165,0.65,0.07,0.01,0.0,0.0,0.0,0,121419.0
45,5,0,0,0,0,102,1.0,1.0,0.02,0.07,0.0,255,8,0.03,0.08,0.0,1.0,1.0,0.0,1,88905.0
22,9,213,1252,0,1,16,0.0,0.0,1.0,0.0,0.0,40,229,1.0,0.0,0.06,0.0,0.0,0.54,0,89289.0
14,9,520,0,0,0,483,0.0,0.0,1.0,0.0,0.0,130,130,1.0,0.0,0.0,0.0,0.0,0.0,1,114445.0
22,9,169,22779,0,1,6,0.0,0.0,1.0,0.0,0.33,48,255,1.0,0.0,0.03,0.0,0.0,0.0,0,44898.0
55,6,0,0,0,0,1,1.0,1.0,1.0,0.0,0.0,98,1,0.01,0.07,0.0,0.01,1.0,0.0,0,86237.0
22,9,295,2483,0,1,23,0.0,0.0,1.0,0.0,0.06,255,255,1.0,0.0,0.0,0.0,0.0,0.0,0,113468.0
22,5,0,0,0,0,280,1.0,1.0,0.01,0.06,0.0,255,1,0.0,0.07,0.0,1.0,1.0,0.0,1,32136.0
11,9,42,127,0,0,176,0.0,0.0,1.0,0.0,0.01,255,253,0.99,0.01,0.0,0.0,0.0,0.0,0,63329.0
22,9,191,20165,0,1,3,0.0,0.0,1.0,0.0,0.0,67,255,1.0,0.0,0.01,0.0,0.0,0.0,0,42266.0
22,9,321,965,0,1,20,0.05,0.05,1.0,0.0,0.0,82,255,1.0,0.0,0.01,0.01,0.0,0.0,0,59658.0
45,5,0,0,0,0,48,1.0,1.0,0.1,0.1,0.0,255,14,0.05,0.07,0.0,1.0,1.0,0.0,1,71196.0
62,5,0,0,0,0,256,1.0,1.0,0.07,0.06,0.0,255,20,0.08,0.07,0.0,1.0,1.0,0.0,1,87427.0
22,9,317,370,0,1,7,0.0,0.0,1.0,0.0,0.0,255,255,1.0,0.0,0.0,0.0,0.0,0.0,0,58364.0
13,9,8,0,0,0,1,0.0,0.0,1.0,0.0,1.0,1,95,1.0,0.0,0.51,0.0,0.0,0.0,1,81088.0
14,9,1480,0,1,0,2,0.0,0.0,1.0,0.0,0.0,255,4,0.02,0.02,0.0,0.0,0.0,0.0,0,90051.0
40,1,0,0,0,0,511,0.04,0.0,0.0,1.0,0.0,255,1,0.0,1.0,0.0,0.01,0.0,1.0,1,66017.0
13,9,18,0,0,0,1,0.0,0.0,1.0,0.0,0.0,2,210,1.0,0.0,0.25,0.0,0.0,0.0,1,61232.0
13,9,8,0,0,0,1,0.0,0.0,1.0,0.0,1.0,1,53,1.0,0.0,0.51,0.0,0.0,0.0,1,30.0
56,5,0,0,0,0,298,1.0,1.0,0.06,0.05,0.0,255,17,0.07,0.05,0.0,1.0,1.0,0.0,1,30261.0
22,9,246,5687,0,1,4,0.0,0.0,1.0,0.0,0.0,20,255,1.0,0.0,0.02,0.0,0.0,0.0,0,38264.0
45,1,0,0,0,0,163,0.0,0.0,0.03,0.09,0.0,255,5,0.02,0.08,0.0,0.0,0.0,1.0,1,95771.0
19,9,40494,0,0,0,12,0.0,0.0,1.0,0.0,0.0,43,22,0.51,0.09,0.0,0.0,0.0,0.0,0,32655.0
11,9,46,125,0,0,85,0.0,0.0,1.0,0.0,0.01,255,255,1.0,0.0,0.0,0.0,0.0,0.0,0,123327.0
49,5,0,0,0,0,18,1.0,0.9,1.0,0.0,0.15,160,138,0.49,0.01,0.01,0.99,0.57,0.0,1,18268.0
14,9,1032,0,0,0,109,0.0,0.0,1.0,0.0,0.0,255,161,0.63,0.03,0.0,0.01,0.0,0.0,1,27211.0
45,5,0,0,0,0,195,1.0,1.0,0.01,0.06,0.0,255,1,0.0,0.07,0.0,1.0,1.0,0.0,1,12054.0
22,9,211,1696,0,1,1,0.0,0.0,1.0,0.0,0.67,13,255,1.0,0.0,0.04,0.0,0.0,0.0,0,19493.0
4,1,0,0,0,0,271,0.0,0.0,0.07,0.07,0.0,255,18,0.07,0.08,0.0,0.0,0.0,1.0,1,86241.0
22,9,204,15474,0,1,12,0.0,0.0,1.0,0.0,0.2,255,255,1.0,0.0,0.0,0.0,0.0,0.0,0,41844.0
53,5,0,0,0,0,297,1.0,1.0,0.06,0.06,0.0,255,20,0.08,0.07,0.0,1.0,1.0,0.0,1,41140.0
45,5,0,0,0,0,286,1.0,1.0,0.02,0.06,0.0,255,2,0.01,0.06,0.0,1.0,1.0,0.0,1,21056.0
26,5,0,0,0,0,141,1.0,1.0,0.04,0.06,0.0,255,5,0.02,0.05,0.0,1.0,1.0,0.0,1,101224.0
25,5,0,0,0,0,149,1.0,1.0,0.06,0.07,0.0,255,9,0.04,0.06,0.0,1.0,1.0,0.0,1,86847.0
40,9,146,105,0,0,1,0.0,0.0,1.0,0.0,0.0,255,2,0.01,0.84,0.0,0.0,0.0,0.0,0,114436.0
11,9,45,84,0,0,141,0.0,0.0,1.0,0.0,0.0,255,254,1.0,0.01,0.0,0.0,0.0,0.0,0,12294.0
22,9,148,14506,0,1,1,0.0,0.0,1.0,0.0,1.0,255,255,1.0,0.0,0.0,0.0,0.0,0.0,0,69865.0
22,9,315,1015,0,1,12,0.0,0.0,1.0,0.0,0.19,12,255,1.0,0.0,0.02,0.0,0.0,0.0,0,18403.0
4,5,0,0,0,0,254,1.0,1.0,0.03,0.07,0.0,255,7,0.03,0.08,0.0,1.0,1.0,0.0,1,96855.0
45,5,0,0,0,0,278,1.0,1.0,0.03,0.06,0.0,255,13,0.05,0.06,0.0,1.0,1.0,0.0,1,59175.0
35,5,0,0,0,0,145,1.0,1.0,0.14,0.06,0.0,255,20,0.08,0.07,0.0,1.0,1.0,0.0,1,30848.0
40,9,3775,0,0,1,23,0.04,0.0,0.04,0.43,0.0,175,1,0.01,0.07,0.0,0.01,0.0,0.0,0,5656.0
22,9,306,1904,0,1,13,0.0,0.0,1.0,0.0,0.0,81,255,1.0,0.0,0.02,0.0,0.0,0.0,0,12314.0
13,9,8,0,0,0,1,0.0,0.0,1.0,0.0,1.0,1,111,1.0,0.0,0.5,0.0,0.0,0.0,1,114810.0
45,1,0,0,0,0,202,0.0,0.0,0.01,0.06,0.0,255,5,0.02,0.07,0.0,0.0,0.0,1.0,1,60568.0
19,9,832,0,0,1,1,0.0,0.0,1.0,0.0,0.0,7,18,1.0,0.0,0.11,0.0,0.0,0.0,0,122546.0
22,9,239,2632,0,1,20,0.0,0.0,1.0,0.0,0.0,254,255,1.0,0.0,0.01,0.0,0.0,0.34,0,121354.0
5,5,0,0,0,0,147,1.0,1.0,0.12,0.05,0.0,255,18,0.07,0.05,0.0,1.0,1.0,0.0,1,102604.0
11,9,42,42,0,0,3,0.0,0.0,1.0,0.0,0.0,255,240,0.94,0.01,0.0,0.0,0.0,0.0,0,5856.0
49,9,1392,374,0,1,1,0.0,0.0,1.0,0.0,0.0,118,189,0.6,0.03,0.01,0.0,0.0,0.0,0,25860.0
45,5,0,0,0,0,121,1.0,1.0,0.13,0.07,0.0,24,16,0.67,0.17,0.0,1.0,1.0,0.0,1,2140.0
22,9,54540,8314,0,1,1,0.0,0.0,1.0,0.0,1.0,51,51,1.0,0.0,0.0,0.0,0.0,0.02,0,37026.0
19,9,6062,0,0,1,12,0.0,0.0,1.0,0.0,0.15,178,59,0.33,0.03,0.0,0.0,0.0,0.0,0,62050.0
22,9,205,2528,0,1,15,0.0,0.0,1.0,0.0,0.0,47,255,1.0,0.0,0.04,0.0,0.0,0.0,0,18130.0
45,4,0,0,0,0,1,0.0,0.0,1.0,0.0,0.0,255,1,0.0,0.51,0.0,0.0,0.0,1.0,1,28069.0
45,5,0,0,0,0,189,1.0,1.0,0.02,0.05,0.0,255,4,0.02,0.06,0.0,1.0,1.0,0.0,1,91697.0
7,1,0,0,0,0,144,0.0,0.0,0.14,0.06,0.0,255,20,0.08,0.07,0.0,0.0,0.0,1.0,1,16740.0
50,5,0,0,0,0,282,1.0,1.0,0.07,0.05,0.0,255,1,0.0,0.07,0.0,1.0,1.0,0.0,1,66291.0
49,9,20438,337,0,1,1,0.0,0.0,1.0,0.0,0.0,58,206,0.83,0.05,0.01,0.02,0.0,0.0,0,103036.0
56,5,0,0,0,0,275,1.0,1.0,0.07,0.06,0.0,255,19,0.07,0.07,0.0,1.0,1.0,0.0,1,102818.0
40,1,0,0,0,0,511,0.05,0.0,0.0,0.96,0.0,255,1,0.0,0.91,0.0,0.03,0.0,1.0,1,13600.0
55,5,0,0,0,0,1,1.0,1.0,1.0,0.0,0.0,3,3,1.0,0.0,0.0,0.33,0.33,0.0,0,44382.0
52,5,0,0,0,0,295,1.0,1.0,0.08,0.05,0.0,255,23,0.09,0.05,0.0,1.0,1.0,0.0,1,37329.0
22,9,346,1591,0,1,8,0.0,0.0,1.0,0.0,0.0,92,255,1.0,0.0,0.05,0.0,0.0,0.0,0,97631.0
22,9,229,7399,0,1,5,0.0,0.0,1.0,0.0,0.0,255,255,1.0,0.0,0.0,0.0,0.0,0.0,0,121549.0
22,9,148,17425,0,1,1,0.0,0.0,1.0,0.0,0.0,255,255,1.0,0.0,0.0,0.0,0.0,0.0,0,109085.0
45,5,0,0,0,0,131,1.0,1.0,0.01,0.05,0.0,255,1,0.0,0.05,0.0,1.0,1.0,0.0,1,28711.0
45,5,0,0,0,0,51,1.0,1.0,0.41,0.08,0.0,255,21,0.08,0.07,0.0,1.0,1.0,0.0,1,88245.0
49,9,925,327,0,1,1,0.0,0.0,1.0,0.0,0.0,90,62,0.69,0.06,0.0,0.01,0.02,0.0,0,49175.0
18,5,0,0,0,0,232,1.0,1.0,0.01,0.06,0.0,255,4,0.02,0.08,0.0,1.0,1.0,0.0,1,23264.0
33,5,0,0,0,0,296,1.0,1.0,0.08,0.05,0.0,255,23,0.09,0.05,0.0,1.0,1.0,0.0,1,61663.0
45,5,0,0,0,0,197,1.0,1.0,0.1,0.06,0.0,255,3,0.01,0.07,0.0,1.0,1.0,0.0,1,76195.0
22,9,294,478,0,1,23,0.0,0.0,1.0,0.0,0.13,255,255,1.0,0.0,0.0,0.0,0.0,0.0,0,831.0
40,9,145,105,0,0,1,0.0,0.0,1.0,0.0,0.0,255,2,0.01,0.67,0.0,0.0,0.0,0.0,0,85218.0
45,4,0,0,0,0,1,0.0,0.0,1.0,0.0,0.0,213,1,0.0,0.23,0.0,0.0,0.0,1.0,1,68266.0
22,9,244,1061,0,1,1,0.0,0.0,1.0,0.0,0.19,2,255,1.0,0.0,0.02,0.0,0.0,0.0,0,49508.0
2,1,0,0,0,0,172,0.02,0.0,0.01,1.0,0.0,255,1,0.0,0.7,0.0,0.01,0.0,1.0,1,60272.0
22,1,0,0,0,0,1,0.0,0.0,1.0,0.0,1.0,63,49,0.78,0.08,0.0,0.0,0.0,1.0,0,53981.0
22,9,231,1499,0,1,25,0.0,0.0,1.0,0.0,0.06,30,41,1.0,0.0,0.05,0.0,0.0,0.0,0,75793.0
11,9,45,77,0,0,277,0.0,0.0,1.0,0.0,0.0,255,242,0.95,0.01,0.0,0.0,0.0,0.0,0,17279.0
9,2,0,0,0,0,270,0.0,0.0,0.07,0.06,0.0,255,18,0.07,0.06,0.0,0.0,0.0,1.0,1,89182.0
45,5,0,0,0,0,128,1.0,1.0,0.05,0.06,0.0,255,15,0.06,0.08,0.0,1.0,1.0,0.0,1,96135.0
49,9,6754,370,0,1,1,0.0,0.0,1.0,0.0,0.0,36,151,0.83,0.11,0.01,0.0,0.0,0.0,0,120460.0
22,5,0,0,0,0,293,1.0,1.0,0.08,0.05,0.0,255,24,0.09,0.05,0.0,1.0,1.0,0.0,1,86916.0
40,1,0,0,0,0,452,0.08,0.0,0.0,1.0,0.0,255,1,0.0,1.0,0.0,0.08,0.0,1.0,1,39916.0
11,9,131,44,0,0,302,0.0,0.0,1.0,0.01,0.0,191,158,0.83,0.01,0.0,0.0,0.0,0.0,0,88754.0
40,9,146,105,0,0,2,0.0,0.0,1.0,0.0,0.0,255,2,0.01,0.39,0.0,0.0,0.0,0.0,0,125347.0
45,1,0,0,0,0,2,0.0,0.0,0.5,1.0,0.0,234,1,0.0,0.06,0.0,0.0,0.0,1.0,1,48506.0
55,9,118,9630,0,1,1,0.0,0.0,1.0,0.0,0.0,149,1,0.01,0.11,0.0,0.02,0.0,0.0,0,85876.0
24,1,0,0,0,0,259,0.0,0.0,0.02,0.07,0.0,255,4,0.02,0.09,0.0,0.0,0.0,1.0,1,70714.0
11,9,44,74,0,0,172,0.0,0.0,1.0,0.0,0.0,255,255,1.0,0.0,0.0,0.0,0.0,0.0,0,104209.0
22,9,260,4021,0,1,20,0.0,0.0,1.0,0.0,0.1,255,255,1.0,0.0,0.0,0.0,0.0,0.0,0,103953.0
22,5,0,0,0,0,2,0.5,0.25,1.0,0.0,0.62,36,255,1.0,0.0,0.05,0.03,0.0,0.0,0,21473.0
13,9,8,0,0,0,1,0.0,0.0,1.0,0.0,1.0,1,129,1.0,0.0,0.51,0.0,0.0,0.0,1,64461.0
45,1,0,0,0,0,197,0.0,0.0,0.04,0.07,0.0,255,8,0.03,0.07,0.0,0.0,0.0,1.0,1,6300.0
21,5,0,0,0,0,258,1.0,1.0,0.0,0.06,0.0,255,1,0.0,0.07,0.0,1.0,1.0,0.0,1,24759.0
22,9,347,807,0,1,11,0.0,0.0,1.0,0.0,0.0,211,255,1.0,0.0,0.02,0.0,0.0,0.0,0,84383.0
53,1,0,0,0,0,293,0.0,0.0,0.06,0.06,0.0,255,19,0.07,0.09,0.0,0.0,0.0,1.0,1,81247.0
22,9,309,475,0,1,9,0.0,0.0,1.0,0.0,0.0,221,255,1.0,0.0,0.02,0.0,0.0,0.0,0,14745.0
19,9,2056,0,0,1,4,0.0,0.0,1.0,0.0,0.0,255,155,0.61,0.03,0.0,0.0,0.01,0.0,0,103389.0
45,5,0,0,0,0,258,1.0,1.0,0.08,0.06,0.0,255,2,0.01,0.08,0.0,1.0,1.0,0.0,1,108664.0
45,9,1,0,0,0,19,0.0,0.0,0.26,0.42,0.0,255,5,0.02,0.8,0.0,0.1,0.0,0.0,1,117891.0
40,4,1,0,0,0,2,0.0,0.0,1.0,0.0,0.0,255,2,0.01,0.73,0.0,0.0,0.0,1.0,1,84508.0
59,5,0,0,0,0,123,1.0,1.0,0.06,0.06,0.0,255,7,0.03,0.05,0.0,1.0,1.0,0.0,1,65884.0
17,9,8,30,0,0,1,0.0,0.0,1.0,0.0,0.0,172,5,0.03,0.03,0.0,0.0,0.0,0.0,0,104918.0
35,1,0,0,0,0,112,0.0,0.0,0.1,0.07,0.0,255,11,0.04,0.09,0.0,0.0,0.0,1.0,1,15447.0
11,9,46,77,0,0,162,0.0,0.0,1.0,0.0,0.01,255,227,0.89,0.01,0.0,0.0,0.0,0.0,0,40731.0
22,9,188,1765,0,1,9,0.0,0.0,1.0,0.0,0.11,105,255,1.0,0.0,0.02,0.0,0.0,0.0,0,118558.0
45,5,0,0,0,0,117,1.0,1.0,0.06,0.06,0.0,255,8,0.03,0.07,0.0,1.0,1.0,0.0,1,102016.0
40,9,1,0,0,0,17,0.0,0.0,0.06,0.24,0.0,255,1,0.0,0.16,0.0,0.0,0.0,0.0,1,97048.0
6,5,0,0,0,0,273,1.0,1.0,0.05,0.06,0.0,255,7,0.03,0.08,0.0,1.0,1.0,0.0,1,43142.0
11,9,45,110,0,0,2,0.0,0.0,1.0,0.0,0.33,46,44,0.96,0.04,0.0,0.0,0.0,0.0,0,27463.0
14,9,1032,0,0,0,511,0.0,0.0,1.0,0.0,0.0,255,86,0.34,0.02,0.0,0.02,0.0,0.0,1,74988.0
45,5,0,0,0,0,189,1.0,1.0,0.11,0.06,0.0,255,20,0.08,0.06,0.0,1.0,1.0,0.0,1,114721.0
11,9,45,77,0,0,134,0.0,0.0,1.0,0.0,0.0,255,255,1.0,0.0,0.0,0.0,0.0,0.0,0,35876.0
4,5,0,0,0,0,236,1.0,1.0,0.08,0.06,0.0,255,20,0.08,0.07,0.0,1.0,1.0,0.0,1,81165.0
45,5,0,0,0,0,162,1.0,1.0,0.07,0.06,0.0,255,12,0.05,0.07,0.0,1.0,1.0,0.0,1,6658.0
20,5,0,0,0,0,235,1.0,1.0,0.02,0.07,0.0,255,4,0.02,0.07,0.0,1.0,1.0,0.0,1,26645.0
22,9,221,582,0,1,19,0.0,0.0,1.0,0.0,0.1,19,255,1.0,0.0,0.05,0.0,0.0,0.0,0,55959.0
49,9,789,334,0,1,1,0.0,0.0,1.0,0.0,0.0,97,75,0.77,0.03,0.0,0.0,0.0,0.0,0,8161.0
45,9,105,0,0,0,1,0.0,0.0,1.0,0.0,0.0,29,21,0.72,0.1,0.0,0.0,0.0,0.0,0,39208.0
49,9,658,330,0,1,1,0.0,0.0,1.0,0.0,1.0,3,64,0.67,0.67,0.03,0.0,0.0,0.0,0,77118.0
45,5,0,0,0,0,123,1.0,1.0,0.14,0.06,0.0,255,13,0.05,0.07,0.0,1.0,1.0,0.0,1,33802.0
19,9,0,5150877,0,0,1,0.0,0.0,1.0,0.0,0.0,8,8,1.0,0.0,0.0,0.0,0.0,0.0,0,49573.0
14,9,1032,0,0,0,511,0.0,0.0,1.0,0.0,0.0,255,118,0.46,0.18,0.0,0.0,0.0,0.0,1,26627.0
34,5,0,0,0,0,294,1.0,1.0,0.0,0.06,0.0,255,2,0.01,0.06,0.0,1.0,1.0,0.0,1,119731.0
25,5,0,0,0,0,213,1.0,1.0,0.06,0.05,0.0,255,13,0.05,0.06,0.0,1.0,1.0,0.0,1,100707.0
22,9,304,1010,0,1,29,0.0,0.0,1.0,0.0,0.0,74,255,1.0,0.0,0.05,0.0,0.0,0.0,0,5233.0
22,9,440,3110,0,1,7,0.0,0.0,1.0,0.0,0.0,255,255,1.0,0.0,0.0,0.0,0.0,0.0,0,84278.0
22,5,0,0,0,0,48,1.0,1.0,0.31,0.08,0.0,255,45,0.18,0.05,0.0,1.0,1.0,0.0,1,96376.0
22,9,154,165,0,1,1,0.0,0.0,1.0,0.0,0.0,255,255,1.0,0.0,0.0,0.0,0.0,0.0,0,39524.0
3,5,0,0,0,0,228,1.0,1.0,0.08,0.04,0.0,255,19,0.07,0.05,0.0,1.0,1.0,0.0,1,34076.0
22,9,200,2200,0,1,2,0.0,0.0,1.0,0.0,0.0,25,255,1.0,0.0,0.03,0.0,0.0,0.0,0,39742.0
11,9,45,45,0,0,119,0.0,0.0,0.99,0.02,0.0,255,254,1.0,0.01,0.0,0.0,0.0,0.0,0,57690.0
4,5,0,0,0,0,262,1.0,1.0,0.02,0.06,0.0,255,4,0.02,0.07,0.0,1.0,1.0,0.0,1,66125.0
55,9,277,734,0,1,1,0.0,0.0,1.0,0.0,0.0,33,2,0.06,0.09,0.0,0.03,0.5,0.0,0,82345.0
10,5,0,0,0,0,272,1.0,1.0,0.07,0.06,0.0,255,19,0.07,0.08,0.0,1.0,1.0,0.0,1,39725.0
22,9,161,14113,0,1,6,0.0,0.0,1.0,0.0,0.33,15,255,1.0,0.0,0.02,0.0,0.0,0.0,0,36326.0
22,9,304,913,0,1,19,0.0,0.0,1.0,0.0,0.0,19,255,1.0,0.0,0.04,0.0,0.0,0.0,0,47549.0
22,9,320,750,0,1,4,0.0,0.0,1.0,0.0,0.0,255,255,1.0,0.0,0.0,0.0,0.0,0.0,0,90976.0
22,9,304,25519,0,1,3,0.0,0.0,1.0,0.0,0.0,255,255,1.0,0.0,0.0,0.0,0.0,0.0,0,87466.0
10,5,0,0,0,0,244,1.0,1.0,0.02,0.06,0.0,255,4,0.02,0.06,0.0,1.0,1.0,0.0,1,117910.0
45,5,0,0,0,0,12,1.0,1.0,0.08,0.42,0.0,255,17,0.07,0.08,0.0,1.0,1.0,0.0,1,4815.0
22,9,310,1170,0,1,12,0.0,0.0,1.0,0.0,0.0,38,255,1.0,0.0,0.04,0.0,0.0,0.0,0,29548.0
5,5,0,0,0,0,117,1.0,1.0,0.04,0.07,0.0,255,6,0.02,0.07,0.0,1.0,1.0,0.0,1,125508.0
22,9,201,1660,0,1,20,0.0,0.02,1.0,0.0,0.07,156,255,1.0,0.0,0.03,0.0,0.0,0.0,0,68164.0
19,9,1199,0,0,0,1,0.0,0.0,1.0,0.0,0.0,39,7,0.18,0.08,0.0,0.0,0.0,0.0,0,47177.0
34,5,0,0,0,0,272,1.0,1.0,0.02,0.06,0.0,255,6,0.02,0.08,0.0,1.0,1.0,0.0,1,12048.0
11,9,43,74,0,0,190,0.0,0.0,1.0,0.0,0.0,255,255,1.0,0.0,0.0,0.0,0.0,0.0,0,78202.0
19,9,3888,0,0,1,11,0.0,0.0,1.0,0.0,0.0,73,73,0.23,0.04,0.03,0.0,0.18,0.0,0,106242.0
49,9,1428,332,0,1,1,0.0,0.0,1.0,0.0,1.0,41,232,0.98,0.05,0.02,0.0,0.0,0.0,0,91538.0
45,5,0,0,0,0,234,1.0,1.0,0.06,0.06,0.0,255,14,0.05,0.07,0.0,1.0,1.0,0.0,1,63766.0
49,9,2672,325,0,1,1,0.0,0.0,1.0,0.0,0.67,123,145,0.65,0.02,0.01,0.0,0.0,0.0,0,14126.0
23,1,0,0,0,0,150,0.0,0.0,0.06,0.06,0.0,255,9,0.04,0.06,0.0,0.0,0.0,1.0,1,44979.0
49,9,11318,1360,0,1,1,0.0,0.0,1.0,0.0,1.0,188,118,0.63,0.02,0.0,0.0,0.0,0.0,0,122009.0
24,5,0,0,0,0,263,1.0,1.0,0.04,0.05,0.0,255,11,0.04,0.05,0.0,1.0,1.0,0.0,1,54778.0
45,1,0,0,0,0,130,0.0,0.0,0.12,0.07,0.0,255,15,0.06,0.06,0.0,0.0,0.0,1.0,1,75545.0
22,9,384,334,0,1,19,0.0,0.0,1.0,0.0,0.12,39,231,1.0,0.0,0.21,0.0,0.0,0.77,0,12370.0
22,9,270,3247,0,1,7,0.0,0.0,1.0,0.0,0.0,21,45,1.0,0.0,0.04,0.0,0.0,0.0,0,118010.0
45,9,1,0,0,0,4,0.0,0.0,1.0,0.0,0.0,255,4,0.02,0.21,0.0,0.0,0.0,0.0,1,8355.0
22,9,212,12471,0,1,6,0.0,0.0,1.0,0.0,0.1,255,255,1.0,0.0,0.0,0.0,0.0,0.0,0,36957.0
49,9,982,332,0,1,1,0.0,0.0,1.0,0.0,1.0,81,107,0.73,0.04,0.02,0.0,0.0,0.0,0,119866.0
13,9,8,0,0,0,1,0.0,0.0,1.0,0.0,1.0,2,129,1.0,0.0,0.5,0.0,0.0,0.0,1,64744.0
19,9,192,0,0,0,2,0.0,0.0,1.0,0.0,0.0,5,49,0.8,0.4,0.06,0.0,0.0,0.0,0,7791.0
22,9,260,310,0,1,1,0.0,0.0,1.0,0.0,0.0,1,255,1.0,0.0,0.03,0.0,0.0,0.0,0,122052.0
45,5,0,0,0,0,229,1.0,1.0,0.09,0.06,0.0,255,13,0.05,0.07,0.0,1.0,1.0,0.0,1,5267.0
45,5,0,0,0,0,198,0.99,1.0,0.1,0.06,0.0,255,2,0.01,0.06,0.0,1.0,1.0,0.0,1,4419.0
45,5,0,0,0,0,125,1.0,1.0,0.08,0.07,0.0,255,8,0.03,0.07,0.0,1.0,1.0,0.0,1,17392.0
22,9,273,365,0,1,1,0.0,0.0,1.0,0.0,0.0,255,255,1.0,0.0,0.0,0.0,0.0,0.0,0,84311.0
22,9,230,1480,0,1,7,0.0,0.0,1.0,0.0,0.25,7,255,1.0,0.0,0.02,0.0,0.0,0.0,0,75627.0
40,4,1,0,0,0,2,0.0,0.0,1.0,0.0,0.0,255,2,0.01,0.7,0.0,0.0,0.0,1.0,1,51245.0
22,9,343,218,0,1,13,0.0,0.0,1.0,0.0,0.2,38,255,1.0,0.0,0.03,0.0,0.0,0.0,0,86724.0
40,1,0,0,0,0,378,0.06,0.0,0.0,1.0,0.0,255,1,0.0,1.0,0.0,0.08,0.0,1.0,1,106306.0
8,5,0,0,0,0,287,1.0,1.0,0.02,0.06,0.0,255,13,0.05,0.08,0.0,1.0,1.0,0.0,1,81829.0
26,5,0,0,0,0,122,1.0,1.0,0.05,0.07,0.0,255,13,0.05,0.07,0.0,1.0,1.0,0.0,1,27738.0
18,5,0,0,0,0,252,1.0,1.0,0.03,0.06,0.0,255,7,0.03,0.06,0.0,1.0,1.0,0.0,1,102897.0
22,9,410,10161,0,1,23,0.0,0.0,1.0,0.0,0.0,67,245,1.0,0.0,0.2,0.0,0.0,0.78,0,21299.0
22,9,343,4515,0,1,9,0.0,0.0,1.0,0.0,0.0,255,255,1.0,0.0,0.0,0.0,0.0,0.0,0,62560.0
22,9,321,944,0,1,1,0.0,0.0,1.0,0.0,1.0,255,255,1.0,0.0,0.0,0.0,0.0,0.0,0,82216.0
22,9,331,5541,0,1,1,0.0,0.0,1.0,0.0,0.12,15,255,1.0,0.0,0.06,0.0,0.0,0.0,0,100495.0
22,9,218,303,0,1,9,0.0,0.0,1.0,0.0,0.0,120,255,1.0,0.0,0.03,0.0,0.0,0.0,0,30694.0
13,9,18,0,0,0,1,0.0,0.0,1.0,0.0,0.0,1,231,1.0,0.0,1.0,0.0,0.0,0.0,1,29192.0
45,5,0,0,0,0,126,1.0,1.0,0.16,0.07,0.0,255,20,0.08,0.08,0.0,1.0,1.0,0.0,1,72495.0
45,4,0,0,0,0,1,0.0,0.0,1.0,0.0,0.0,255,1,0.0,0.46,0.0,0.0,0.0,1.0,1,36129.0
45,9,28,0,3,0,87,0.0,0.0,1.0,0.0,0.0,159,87,0.55,0.03,0.0,0.0,0.0,0.0,1,48882.0
45,1,0,0,0,0,91,0.01,0.0,0.01,1.0,0.0,216,1,0.0,0.45,0.0,0.0,0.0,1.0,1,119926.0
22,9,251,2999,0,1,1,0.0,0.0,1.0,0.0,0.0,80,255,1.0,0.0,0.03,0.0,0.0,0.0,0,67081.0
19,9,192,0,0,1,2,0.0,0.0,1.0,0.0,0.0,185,81,0.28,0.03,0.02,0.0,0.0,0.0,0,42775.0
3,5,0,0,0,0,292,1.0,1.0,0.05,0.05,0.0,255,9,0.04,0.07,0.0,1.0,1.0,0.0,1,117397.0
22,9,324,1401,0,1,6,0.0,0.0,1.0,0.0,0.0,255,255,1.0,0.0,0.0,0.0,0.0,0.0,0,88290.0
22,9,193,441,0,1,15,0.0,0.0,1.0,0.0,0.08,15,255,1.0,0.0,0.04,0.0,0.04,0.0,0,19132.0
27,5,0,0,0,0,64,1.0,1.0,0.06,0.06,0.0,255,4,0.02,0.05,0.0,1.0,1.0,0.0,1,63491.0
55,5,0,0,0,0,27,1.0,1.0,0.67,0.07,0.0,255,58,0.23,0.04,0.0,1.0,1.0,0.0,1,35698.0
33,5,0,0,0,0,190,1.0,1.0,0.02,0.07,0.0,255,3,0.01,0.07,0.0,1.0,1.0,0.0,1,49543.0
45,5,0,0,0,0,201,1.0,1.0,0.08,0.05,0.0,255,18,0.07,0.08,0.0,1.0,1.0,0.0,1,80626.0
22,9,54540,8314,0,1,1,0.0,0.0,1.0,0.0,1.0,83,83,1.0,0.0,0.0,0.0,0.0,0.01,0,117667.0
22,9,260,584,0,1,1,0.0,0.0,1.0,0.0,0.0,55,255,1.0,0.0,0.04,0.0,0.0,0.0,0,80588.0
11,9,45,130,0,0,76,0.0,0.0,1.0,0.0,0.01,255,239,0.94,0.01,0.0,0.0,0.0,0.0,0,117204.0
22,9,224,415,0,1,10,0.0,0.08,1.0,0.0,0.17,255,255,1.0,0.0,0.0,0.01,0.01,0.0,0,59295.0
22,1,0,0,0,0,1,0.0,0.0,1.0,0.0,0.0,3,158,1.0,0.0,0.12,0.0,0.0,0.99,0,34604.0
22,9,330,373,0,1,20,0.0,0.0,1.0,0.0,0.0,255,255,1.0,0.0,0.0,0.0,0.0,0.0,0,113199.0
45,5,0,0,0,0,249,1.0,1.0,0.06,0.05,0.0,255,5,0.02,0.07,0.0,1.0,1.0,0.0,1,15814.0
11,9,42,128,0,0,16,0.0,0.0,1.0,0.0,0.11,97,197,0.76,0.02,0.01,0.01,0.0,0.0,0,103483.0
49,9,1242,330,0,1,1,0.0,0.0,1.0,0.0,1.0,128,104,0.45,0.04,0.02,0.0,0.0,0.0,0,64342.0
22,9,193,281,0,1,26,0.0,0.0,1.0,0.0,0.0,27,255,1.0,0.0,0.02,0.0,0.0,0.0,0,16787.0
21,5,0,0,0,0,265,1.0,1.0,0.06,0.06,0.0,255,16,0.06,0.06,0.0,1.0,1.0,0.0,1,22218.0
40,1,0,0,0,0,511,0.21,0.0,0.0,1.0,0.0,255,1,0.0,1.0,0.0,0.23,0.0,1.0,1,118780.0
62,5,0,0,0,0,228,1.0,1.0,0.02,0.07,0.0,255,7,0.03,0.08,0.0,1.0,1.0,0.0,1,89550.0
11,9,45,74,0,0,194,0.0,0.0,1.0,0.0,0.0,255,206,0.81,0.01,0.0,0.0,0.0,0.0,0,41945.0
45,4,1,0,0,0,2,0.0,0.0,1.0,0.0,0.0,255,2,0.01,0.74,0.0,0.0,0.0,1.0,1,36476.0
45,5,0,0,0,0,206,1.0,1.0,0.05,0.05,0.0,255,8,0.03,0.07,0.0,1.0,1.0,0.0,1,92567.0
61,5,0,0,0,0,238,1.0,1.0,0.07,0.05,0.0,255,17,0.07,0.06,0.0,1.0,1.0,0.0,1,13115.0
11,9,44,70,0,0,272,0.0,0.0,1.0,0.0,0.01,255,222,0.87,0.01,0.0,0.0,0.0,0.0,0,100875.0
24,5,0,0,0,0,218,1.0,1.0,0.06,0.06,0.0,255,14,0.05,0.07,0.0,1.0,1.0,0.0,1,9080.0
18,9,1238,2451,0,1,1,0.0,0.0,1.0,0.0,0.0,255,123,0.48,0.02,0.0,0.0,0.0,0.0,0,506.0
45,5,0,0,0,0,18,1.0,1.0,0.28,0.17,0.0,255,12,0.05,0.07,0.0,1.0,1.0,0.0,1,87215.0
45,4,0,0,0,0,318,0.0,0.0,0.01,0.5,0.0,255,2,0.01,0.5,0.0,0.0,0.0,1.0,1,93622.0
22,9,214,388,0,1,1,0.0,0.0,1.0,0.0,0.67,5,255,1.0,0.0,0.02,0.0,0.0,0.0,0,115921.0
45,1,0,0,0,0,141,0.0,0.0,0.11,0.06,0.0,255,30,0.12,0.05,0.0,0.0,0.0,1.0,1,53190.0
26,5,0,0,0,0,127,1.0,1.0,0.16,0.06,0.0,255,20,0.08,0.06,0.0,1.0,1.0,0.0,1,113505.0
39,9,48,48,0,0,1,0.0,0.0,1.0,0.0,0.0,96,33,0.34,0.03,0.0,0.0,0.0,0.0,0,26943.0
7,1,0,0,0,0,271,0.0,0.0,0.04,0.06,0.0,255,12,0.05,0.07,0.0,0.0,0.0,1.0,1,104478.0
11,9,42,138,0,0,75,0.0,0.0,1.0,0.0,0.01,255,254,1.0,0.01,0.0,0.0,0.0,0.0,0,35286.0
40,9,516,4,0,0,174,0.0,0.0,1.0,0.0,0.0,174,174,1.0,0.0,0.0,0.0,0.0,0.0,0,23270.0
22,9,206,1031,0,1,11,0.0,0.0,1.0,0.0,0.0,11,255,1.0,0.0,0.04,0.0,0.0,0.0,0,75239.0
22,9,227,189,0,1,25,0.0,0.0,1.0,0.0,0.0,255,255,1.0,0.0,0.0,0.0,0.0,0.0,0,125728.0
22,9,300,915,0,1,18,0.0,0.0,1.0,0.0,0.0,255,255,1.0,0.0,0.0,0.0,0.0,0.0,0,81222.0
11,9,42,42,0,0,4,0.0,0.0,1.0,0.0,0.29,255,235,0.92,0.01,0.0,0.0,0.0,0.0,0,120569.0
22,9,198,659,0,1,12,0.0,0.0,1.0,0.0,0.0,255,255,1.0,0.0,0.0,0.0,0.0,0.0,0,13630.0
45,1,0,0,0,0,145,0.0,0.0,0.11,0.06,0.0,255,12,0.05,0.06,0.0,0.0,0.0,1.0,1,75996.0
22,9,187,5276,0,1,2,0.0,0.0,1.0,0.0,0.0,24,255,1.0,0.0,0.02,0.0,0.0,0.0,0,54287.0
22,9,162,29122,0,1,1,0.0,0.0,1.0,0.0,0.0,255,255,1.0,0.0,0.0,0.0,0.0,0.0,0,102204.0
49,9,1866,390,0,1,1,0.0,0.0,1.0,0.0,1.0,108,161,0.71,0.06,0.01,0.01,0.0,0.0,0,30816.0
22,9,265,7065,0,1,4,0.0,0.0,1.0,0.0,0.33,10,255,1.0,0.0,0.04,0.0,0.0,0.0,0,12599.0
22,9,300,2507,0,1,5,0.0,0.0,1.0,0.0,0.0,255,238,0.93,0.02,0.0,0.0,0.0,0.0,0,51175.0
4,5,0,0,0,0,259,1.0,1.0,0.04,0.07,0.0,255,10,0.04,0.07,0.0,1.0,1.0,0.0,1,40192.0
45,1,0,0,0,0,148,0.0,0.0,0.13,0.05,0.0,255,13,0.05,0.06,0.0,0.0,0.0,1.0,1,69377.0
19,9,501760,0,0,1,1,0.0,0.0,1.0,0.0,0.0,141,39,0.28,0.03,0.0,0.0,0.0,0.0,0,35492.0
54,5,0,0,0,0,264,1.0,1.0,0.02,0.06,0.0,255,6,0.02,0.07,0.0,1.0,1.0,0.0,1,121975.0
11,9,46,46,0,0,11,0.0,0.0,1.0,0.0,0.01,255,255,1.0,0.0,0.0,0.0,0.0,0.0,0,30235.0
19,9,9198,0,0,1,6,0.0,0.0,0.83,0.33,0.0,190,99,0.42,0.03,0.02,0.0,0.0,0.0,0,89610.0
45,1,0,0,0,0,71,0.0,0.0,0.17,0.08,0.0,255,12,0.05,0.07,0.0,0.0,0.0,1.0,1,11323.0
22,9,350,1483,0,1,3,0.0,0.0,1.0,0.0,0.0,186,255,1.0,0.0,0.02,0.0,0.0,0.0,0,24242.0
21,5,0,0,0,0,208,1.0,1.0,0.08,0.07,0.0,255,16,0.06,0.08,0.0,1.0,1.0,0.0,1,76979.0
14,9,1032,0,0,0,511,0.0,0.0,1.0,0.0,0.0,255,206,0.81,0.02,0.0,0.0,0.0,0.0,1,65121.0
40,1,0,0,0,0,510,0.1,0.0,0.0,1.0,0.0,255,1,0.0,1.0,0.0,0.09,0.0,1.0,1,78962.0
45,5,0,0,0,0,204,1.0,1.0,0.05,0.07,0.0,255,11,0.04,0.09,0.0,1.0,1.0,0.0,1,109608.0
22,1,0,0,0,0,1,0.0,0.0,1.0,0.0,1.0,25,251,1.0,0.0,0.17,0.0,0.0,1.0,0,23624.0
40,5,0,0,0,0,381,0.06,1.0,0.0,1.0,0.0,255,1,0.0,1.0,0.0,0.09,1.0,0.0,1,116456.0
19,9,748,0,0,1,1,0.0,0.0,1.0,0.0,0.0,251,87,0.33,0.02,0.02,0.0,0.0,0.0,0,32072.0
22,9,214,1271,0,1,9,0.0,0.0,1.0,0.0,0.1,158,255,1.0,0.0,0.02,0.0,0.0,0.0,0,64634.0
22,9,201,2491,0,1,19,0.0,0.0,1.0,0.0,0.0,255,255,1.0,0.0,0.0,0.0,0.0,0.0,0,28735.0
22,5,0,0,0,0,37,1.0,1.0,0.41,0.11,0.0,255,65,0.25,0.04,0.0,1.0,1.0,0.0,1,75050.0
22,9,254,1189,0,1,12,0.0,0.0,1.0,0.0,0.0,12,255,1.0,0.0,0.04,0.0,0.0,0.0,0,77030.0
45,5,0,0,0,0,118,1.0,1.0,0.03,0.09,0.0,255,3,0.01,0.07,0.0,1.0,1.0,0.0,1,87098.0
49,9,703,337,0,1,1,0.0,0.0,1.0,0.0,0.0,65,23,0.35,0.06,0.0,0.0,0.0,0.0,0,70125.0
45,5,0,0,0,0,108,1.0,1.0,0.17,0.07,0.0,255,18,0.07,0.07,0.0,1.0,1.0,0.0,1,186.0
45,9,1,0,0,0,132,0.0,0.0,0.92,0.02,0.0,255,190,0.75,0.04,0.0,0.0,0.0,0.0,1,29544.0
22,9,314,5300,0,1,2,0.0,0.0,1.0,0.0,0.0,40,255,1.0,0.0,0.02,0.0,0.0,0.0,0,47149.0
18,9,322,1054,0,1,2,0.0,0.0,0.5,1.0,0.0,118,19,0.16,0.05,0.0,0.0,0.0,0.0,0,67703.0
22,9,309,3511,0,1,18,0.0,0.0,1.0,0.0,0.11,207,255,1.0,0.0,0.02,0.0,0.0,0.0,0,16597.0
22,9,229,3245,0,1,4,0.0,0.0,1.0,0.0,0.0,168,255,1.0,0.0,0.01,0.0,0.0,0.0,0,92822.0
45,5,0,0,0,0,232,1.0,1.0,0.03,0.07,0.0,255,8,0.03,0.09,0.0,1.0,1.0,0.0,1,10647.0
14,9,1032,0,0,0,24,0.0,0.0,1.0,0.0,0.0,255,24,0.09,0.02,0.0,0.0,0.0,0.0,0,63452.0
13,9,8,0,0,0,1,0.0,0.0,1.0,0.0,1.0,1,91,1.0,0.0,0.51,0.0,0.0,0.0,1,40009.0
13,9,8,0,0,0,1,0.0,0.0,1.0,0.0,1.0,2,246,1.0,0.0,0.5,0.0,0.0,0.0,1,25181.0
17,5,0,0,0,0,298,1.0,1.0,0.06,0.06,0.0,255,6,0.02,0.07,0.0,1.0,1.0,0.0,1,50721.0
62,5,0,0,0,0,209,1.0,1.0,0.04,0.06,0.0,255,12,0.05,0.07,0.0,1.0,1.0,0.0,1,4029.0
19,5,0,0,0,0,53,0.96,1.0,0.21,0.11,0.0,255,38,0.15,0.04,0.0,1.0,1.0,0.0,1,14429.0
49,9,571,330,0,1,1,0.0,0.0,1.0,0.0,0.0,39,121,0.9,0.05,0.02,0.0,0.0,0.0,0,84376.0
22,9,223,1274,0,1,7,0.0,0.0,1.0,0.0,0.22,142,255,1.0,0.0,0.03,0.0,0.0,0.0,0,52918.0
11,9,45,45,0,0,285,0.0,0.0,1.0,0.0,0.0,255,245,0.96,0.01,0.0,0.0,0.0,0.0,0,44879.0
22,9,316,6367,0,1,33,0.0,0.0,1.0,0.0,0.0,255,255,1.0,0.0,0.0,0.0,0.0,0.0,0,112285.0
11,9,45,45,0,0,146,0.0,0.0,1.0,0.0,0.01,255,255,1.0,0.0,0.0,0.0,0.0,0.0,0,15727.0
49,9,1274,328,0,1,1,0.0,0.0,1.0,0.0,0.0,250,134,0.54,0.02,0.0,0.0,0.0,0.0,0,70060.0
22,9,199,466,0,1,15,0.0,0.0,1.0,0.0,0.12,255,255,1.0,0.0,0.0,0.0,0.0,0.0,0,92148.0
18,9,116,451,0,1,1,0.0,0.0,1.0,0.0,0.0,1,1,1.0,0.0,0.0,0.0,0.0,0.0,0,51821.0
22,9,227,351,0,1,3,0.0,0.0,1.0,0.0,0.0,255,255,1.0,0.0,0.0,0.0,0.0,0.0,0,52954.0
22,9,187,887,0,1,1,0.0,0.0,1.0,0.0,0.8,96,255,1.0,0.0,0.04,0.0,0.0,0.0,0,23972.0
45,5,0,0,0,0,190,1.0,1.0,0.11,0.06,0.0,255,1,0.0,0.06,0.0,1.0,1.0,0.0,1,94830.0
60,5,0,0,0,0,128,1.0,1.0,0.02,0.09,0.0,255,2,0.01,0.07,0.0,1.0,1.0,0.0,1,94216.0
49,9,1788,333,0,1,2,0.0,0.0,1.0,0.0,0.75,133,126,0.6,0.02,0.02,0.0,0.0,0.0,0,38075.0
60,1,0,0,0,0,209,0.0,0.0,0.01,0.07,0.0,255,2,0.01,0.07,0.0,0.0,0.0,1.0,1,63894.0
49,9,1196,372,0,1,1,0.0,0.0,1.0,0.0,0.0,4,152,1.0,0.0,0.01,0.0,0.02,0.0,0,60991.0
22,9,236,2507,0,1,7,0.0,0.0,1.0,0.0,0.0,255,254,1.0,0.01,0.0,0.0,0.0,0.0,0,111438.0
22,1,0,0,0,0,1,0.0,0.0,1.0,0.0,0.0,4,245,1.0,0.0,0.18,0.0,0.0,0.79,0,76565.0
2,5,0,0,0,0,195,1.0,1.0,0.03,0.06,0.0,255,5,0.02,0.06,0.0,1.0,1.0,0.0,1,22028.0
22,9,357,5082,0,1,4,0.0,0.0,1.0,0.0,0.0,255,255,1.0,0.0,0.0,0.0,0.0,0.0,0,72977.0
45,5,0,0,0,0,119,1.0,1.0,0.11,0.07,0.0,118,13,0.11,0.08,0.0,1.0,1.0,0.0,1,95775.0
19,9,748,0,0,1,1,0.0,0.0,1.0,0.0,0.75,111,29,0.26,0.03,0.0,0.0,0.0,0.0,0,101281.0
22,9,313,3247,0,1,7,0.0,0.0,1.0,0.0,0.0,7,255,1.0,0.0,0.04,0.0,0.0,0.0,0,12406.0
22,9,276,497,0,1,4,0.0,0.0,1.0,0.0,0.0,209,255,1.0,0.0,0.01,0.01,0.01,0.0,0,101309.0
18,9,272,903,0,1,1,0.0,0.0,1.0,0.0,0.0,60,2,0.03,0.33,0.0,0.02,0.0,0.0,0,73688.0
11,9,43,125,0,0,15,0.0,0.0,1.0,0.0,0.02,129,98,0.76,0.02,0.0,0.0,0.0,0.0,0,112393.0
14,9,1032,0,0,0,511,0.0,0.0,1.0,0.0,0.0,255,233,0.91,0.02,0.0,0.0,0.0,0.0,1,79536.0
17,5,0,0,0,0,14,1.0,1.0,0.29,0.21,0.0,255,64,0.25,0.02,0.0,1.0,1.0,0.0,1,119891.0
13,9,30,0,0,0,2,0.0,0.0,0.5,1.0,0.0,255,19,0.07,0.01,0.0,0.0,0.0,0.0,0,692.0
55,2,126,179,0,0,2,0.0,0.0,1.0,0.0,0.0,17,17,1.0,0.0,0.0,0.06,0.06,0.94,0,86643.0
22,9,250,267,0,1,7,0.0,0.0,1.0,0.0,0.0,150,255,1.0,0.0,0.03,0.0,0.0,0.0,0,8889.0
45,5,0,0,0,0,142,1.0,1.0,0.12,0.06,0.0,255,10,0.04,0.06,0.0,1.0,1.0,0.0,1,29770.0
45,5,0,0,0,0,187,1.0,1.0,0.1,0.06,0.0,255,5,0.02,0.07,0.0,1.0,1.0,0.0,1,61243.0
22,9,343,884,0,1,11,0.0,0.0,1.0,0.0,0.15,255,255,1.0,0.0,0.0,0.0,0.0,0.0,0,82373.0
45,4,1,0,0,0,2,0.0,0.0,1.0,0.0,0.0,255,2,0.01,0.5,0.0,0.0,0.0,1.0,1,124812.0
11,9,43,74,0,0,148,0.0,0.0,1.0,0.0,0.0,255,254,1.0,0.01,0.0,0.0,0.0,0.0,0,20127.0
9,2,0,0,0,0,263,0.0,0.0,0.03,0.06,0.0,255,9,0.04,0.07,0.0,0.0,0.0,1.0,1,60001.0
22,9,209,16423,0,1,4,0.0,0.0,1.0,0.0,0.38,151,255,1.0,0.0,0.01,0.0,0.0,0.0,0,108137.0
24,1,0,0,0,0,272,0.0,0.0,0.02,0.06,0.0,255,6,0.02,0.07,0.0,0.0,0.0,1.0,1,98198.0
22,9,287,12884,0,1,2,0.0,0.0,1.0,0.0,0.0,255,255,1.0,0.0,0.0,0.0,0.0,0.0,0,83321.0
13,9,30,0,0,0,1,0.0,0.0,1.0,0.0,0.0,243,243,1.0,0.0,0.0,0.0,0.0,0.0,0,112974.0
18,5,0,0,0,0,236,1.0,1.0,0.04,0.06,0.0,255,10,0.04,0.07,0.0,1.0,1.0,0.0,1,107781.0
55,5,0,0,0,0,108,1.0,1.0,0.07,0.06,0.0,255,27,0.11,0.06,0.0,1.0,1.0,0.0,1,85251.0
45,1,0,0,0,0,136,0.0,0.0,0.05,0.07,0.0,255,7,0.03,0.08,0.0,0.0,0.0,1.0,1,84578.0
55,9,109,3896,0,1,1,0.0,0.0,1.0,0.0,0.0,196,4,0.02,0.05,0.0,0.01,0.0,0.25,0,86499.0
45,1,0,0,0,0,199,0.1,0.0,0.01,1.0,0.0,255,1,0.0,0.9,0.0,0.07,0.0,1.0,1,68477.0
45,5,0,0,0,0,65,1.0,1.0,0.09,0.08,0.0,255,9,0.04,0.06,0.0,1.0,1.0,0.0,1,89742.0
45,5,0,0,0,0,121,1.0,1.0,0.12,0.06,0.0,255,11,0.04,0.06,0.0,1.0,1.0,0.0,1,108254.0
40,1,0,0,0,0,511,0.1,0.0,0.0,1.0,0.0,255,1,0.0,1.0,0.0,0.1,0.0,1.0,1,52779.0
45,1,0,0,0,0,83,0.0,0.0,0.08,0.08,0.0,255,7,0.03,0.08,0.0,0.0,0.0,1.0,1,60224.0
45,9,1,0,0,0,17,0.0,0.0,0.06,0.18,0.0,255,1,0.0,0.63,0.0,0.0,0.0,0.0,1,35187.0
20,5,0,0,0,0,262,1.0,1.0,0.07,0.05,0.0,255,19,0.07,0.05,0.0,1.0,1.0,0.0,1,60817.0
49,9,1470,325,0,1,1,0.0,0.0,1.0,0.0,0.0,10,191,0.9,0.2,0.02,0.0,0.01,0.0,0,114508.0
49,9,1571,325,0,1,1,0.0,0.0,1.0,0.0,1.0,23,203,1.0,0.0,0.02,0.0,0.0,0.0,0,97176.0
22,9,342,286,0,1,9,0.0,0.0,1.0,0.0,0.21,36,255,1.0,0.0,0.04,0.03,0.01,0.0,0,100481.0
59,5,0,0,0,0,125,1.0,1.0,0.11,0.06,0.0,255,14,0.05,0.06,0.0,1.0,1.0,0.0,1,35516.0
40,9,146,105,0,0,1,0.0,0.0,1.0,0.0,0.0,255,3,0.01,0.64,0.0,0.0,0.0,0.0,0,99767.0
22,9,233,430,0,1,5,0.0,0.0,1.0,0.0,0.0,255,255,1.0,0.0,0.0,0.0,0.0,0.0,0,120526.0
19,9,3909,0,0,1,5,0.0,0.0,1.0,0.0,0.0,45,94,0.91,0.04,0.03,0.0,0.0,0.0,0,32408.0
22,1,0,0,0,0,25,0.0,0.0,1.0,0.0,0.0,45,125,1.0,0.0,0.16,0.0,0.0,0.97,0,125397.0
2,5,0,0,0,0,279,1.0,1.0,0.02,0.05,0.0,255,5,0.02,0.05,0.0,1.0,1.0,0.0,1,81350.0
22,9,199,908,0,1,15,0.0,0.0,1.0,0.0,0.0,15,255,1.0,0.0,0.03,0.0,0.0,0.0,0,77926.0
22,9,303,401,0,1,13,0.0,0.0,1.0,0.0,0.0,98,254,1.0,0.0,0.02,0.0,0.0,0.0,0,116200.0
22,9,211,1896,0,1,8,0.0,0.0,1.0,0.0,0.0,8,255,1.0,0.0,0.08,0.0,0.0,0.0,0,87011.0
13,9,8,0,0,0,1,0.0,0.0,1.0,0.0,1.0,1,1,1.0,0.0,0.0,0.0,0.0,0.0,1,103393.0
19,9,334,0,0,1,2,0.0,0.0,1.0,0.0,0.0,2,27,1.0,0.0,0.22,0.0,0.04,0.0,0,60653.0
49,9,1137,335,0,1,1,0.0,0.0,1.0,0.0,1.0,83,139,0.61,0.06,0.01,0.0,0.0,0.0,0,97718.0
49,9,1223,330,0,1,1,0.0,0.0,1.0,0.0,0.0,1,184,1.0,0.0,0.01,0.0,0.0,0.0,0,33825.0
11,9,30,0,0,0,1,0.0,0.0,1.0,0.0,1.0,156,16,0.1,0.04,0.0,0.0,0.0,0.0,0,83863.0
22,9,254,6760,0,1,3,0.0,0.0,1.0,0.0,0.2,168,255,1.0,0.0,0.04,0.0,0.0,0.0,0,8268.0
49,9,11470,1549,0,1,1,0.0,0.0,1.0,0.0,0.0,4,152,1.0,0.0,0.01,0.0,0.0,0.0,0,72086.0
22,6,299,26280,0,1,15,0.07,0.06,1.0,0.0,0.12,231,255,1.0,0.0,0.01,0.01,0.01,0.0,0,106902.0
4,1,0,0,0,0,240,0.0,0.0,0.08,0.07,0.0,255,18,0.07,0.07,0.0,0.0,0.0,1.0,1,101369.0
22,9,294,655,0,1,7,0.0,0.0,1.0,0.0,0.14,255,255,1.0,0.0,0.0,0.0,0.0,0.0,0,6978.0
22,9,290,263,0,1,32,0.0,0.0,1.0,0.0,0.0,32,226,1.0,0.0,0.03,0.0,0.0,0.0,0,11249.0
9,5,0,0,0,0,273,1.0,1.0,0.03,0.07,0.0,255,7,0.03,0.08,0.0,1.0,1.0,0.0,1,34747.0
6,5,0,0,0,0,275,1.0,1.0,0.07,0.05,0.0,255,20,0.08,0.05,0.0,1.0,1.0,0.0,1,103190.0
19,9,12,0,0,1,2,0.0,0.0,1.0,0.0,0.0,131,54,0.09,0.04,0.04,0.0,0.0,0.0,0,33252.0
11,9,45,78,0,0,124,0.0,0.0,1.0,0.0,0.0,255,245,0.96,0.01,0.0,0.0,0.0,0.0,0,2132.0
45,5,0,0,0,0,272,1.0,1.0,0.01,0.07,0.0,255,2,0.01,0.07,0.0,1.0,1.0,0.0,1,70626.0
22,9,236,2213,0,1,2,0.0,0.0,1.0,0.0,0.0,2,255,1.0,0.0,0.04,0.0,0.0,0.0,0,41874.0
40,9,147,105,0,0,1,0.0,0.0,1.0,0.0,0.0,255,1,0.0,0.64,0.0,0.0,0.0,0.0,0,87811.0
22,9,272,2797,0,1,14,0.0,0.0,1.0,0.0,0.12,255,255,1.0,0.0,0.0,0.0,0.0,0.0,0,63224.0
19,9,35195,0,0,0,22,0.0,0.0,1.0,0.0,0.0,251,74,0.29,0.02,0.0,0.0,0.0,0.0,0,59055.0
22,9,200,2653,0,1,2,0.0,0.0,1.0,0.0,0.14,30,255,1.0,0.0,0.05,0.0,0.0,0.0,0,59612.0
22,9,219,608,0,1,7,0.0,0.0,1.0,0.0,0.0,58,255,1.0,0.0,0.01,0.0,0.0,0.0,0,20470.0
45,5,0,0,0,0,52,1.0,1.0,0.21,0.08,0.0,255,11,0.04,0.07,0.0,1.0,1.0,0.0,1,98073.0
49,9,1710,375,0,1,2,0.0,0.0,1.0,0.0,0.0,178,125,0.34,0.39,0.02,0.0,0.0,0.0,0,3280.0
37,5,0,0,0,0,122,1.0,1.0,0.03,0.06,0.0,255,3,0.01,0.07,0.0,1.0,1.0,0.0,1,38420.0
5,5,0,0,0,0,106,1.0,1.0,0.06,0.07,0.0,255,6,0.02,0.08,0.0,1.0,1.0,0.0,1,62622.0
22,9,286,8422,0,1,9,0.0,0.0,1.0,0.0,0.0,255,255,1.0,0.0,0.0,0.0,0.0,0.0,0,19095.0
3,5,0,0,0,0,278,1.0,1.0,0.05,0.05,0.0,255,8,0.03,0.07,0.0,1.0,1.0,0.0,1,114043.0
62,5,0,0,0,0,125,1.0,1.0,0.2,0.06,0.0,255,4,0.02,0.06,0.0,1.0,1.0,0.0,1,96240.0
45,9,1,0,0,0,138,0.0,0.0,0.93,0.01,0.0,255,196,0.77,0.04,0.0,0.0,0.0,0.0,1,107565.0
45,9,28,0,3,0,136,0.74,0.0,0.26,0.05,0.0,255,36,0.14,0.86,0.0,0.09,0.0,0.0,1,106898.0
22,9,310,961,0,1,12,0.0,0.0,1.0,0.0,0.15,37,255,1.0,0.0,0.1,0.0,0.0,0.89,0,44338.0
22,9,284,657,0,1,16,0.0,0.0,1.0,0.0,0.0,220,255,1.0,0.0,0.02,0.0,0.0,0.0,0,22442.0
11,9,42,128,0,0,97,0.0,0.0,1.0,0.0,0.01,255,255,1.0,0.0,0.0,0.0,0.0,0.0,0,103435.0
19,9,641,0,0,0,2,0.0,0.0,1.0,0.0,0.0,61,11,0.18,0.07,0.0,0.0,0.0,0.0,0,51473.0
40,9,1363,0,0,0,18,0.06,0.0,0.06,0.72,0.0,190,1,0.01,0.08,0.0,0.01,0.0,0.0,0,106797.0
22,9,230,1512,0,1,3,0.0,0.0,1.0,0.0,0.0,211,255,1.0,0.0,0.02,0.0,0.0,0.0,0,76009.0
22,9,158,16791,0,1,4,0.0,0.0,1.0,0.0,0.0,255,255,1.0,0.0,0.0,0.0,0.0,0.0,0,85806.0
17,5,0,0,0,0,44,1.0,1.0,0.32,0.09,0.0,255,48,0.19,0.04,0.0,1.0,1.0,0.0,1,66780.0
17,9,13,144,0,0,1,0.0,0.0,1.0,0.0,0.0,76,10,0.05,0.08,0.2,0.0,0.0,0.0,0,87396.0
7,5,0,0,0,0,280,1.0,1.0,0.06,0.06,0.0,255,16,0.06,0.09,0.0,1.0,1.0,0.0,1,9873.0
49,9,1272,333,0,1,1,0.0,0.0,1.0,0.0,1.0,244,141,0.54,0.03,0.01,0.0,0.0,0.0,0,35529.0
40,9,7196,0,0,1,4,0.0,0.0,0.25,1.0,0.0,220,1,0.0,0.08,0.0,0.0,0.0,0.0,0,74853.0
44,2,0,0,0,0,125,0.0,0.0,0.13,0.07,0.0,255,16,0.06,0.06,0.0,0.0,0.0,1.0,1,66895.0
24,1,0,0,0,0,270,0.0,0.0,0.04,0.06,0.0,255,12,0.05,0.07,0.0,0.0,0.0,1.0,1,18325.0
22,9,285,247,0,1,1,0.0,0.0,1.0,0.0,0.5,24,255,1.0,0.0,0.01,0.0,0.0,0.0,0,22967.0
45,9,28,0,3,0,57,0.0,0.0,0.98,0.04,0.0,255,56,0.22,0.02,0.0,0.0,0.0,0.0,1,14303.0
22,7,359,0,0,1,1,1.0,0.67,1.0,0.0,0.67,2,255,1.0,0.0,0.03,0.5,0.01,0.0,1,94288.0
28,5,0,0,0,0,56,1.0,1.0,0.09,0.09,0.0,255,13,0.05,0.08,0.0,1.0,1.0,0.0,1,79768.0
31,5,0,0,0,0,292,1.0,1.0,0.02,0.04,0.0,255,7,0.03,0.05,0.0,1.0,1.0,0.0,1,69735.0
45,5,0,0,0,0,123,1.0,1.0,0.07,0.06,0.0,255,12,0.05,0.07,0.0,1.0,1.0,0.0,1,57224.0
22,9,374,471,0,1,11,0.0,0.0,1.0,0.0,0.0,74,231,1.0,0.0,0.19,0.0,0.0,0.71,0,112109.0
55,5,0,0,0,0,16,1.0,1.0,0.19,0.25,0.0,255,63,0.25,0.02,0.0,1.0,1.0,0.0,1,18520.0
22,9,221,622,0,1,13,0.0,0.0,1.0,0.0,0.14,13,255,1.0,0.0,0.02,0.0,0.0,0.0,0,77363.0
13,9,8,0,0,0,1,0.0,0.0,1.0,0.0,1.0,2,130,1.0,0.0,0.25,0.0,0.0,0.0,1,11080.0
3,5,0,0,0,0,123,1.0,1.0,0.07,0.07,0.0,255,7,0.03,0.06,0.0,1.0,1.0,0.0,1,124990.0
22,9,200,955,0,1,14,0.0,0.0,1.0,0.0,0.0,170,255,1.0,0.0,0.04,0.0,0.0,0.0,0,6092.0
22,9,254,9513,0,1,13,0.0,0.0,1.0,0.0,0.0,255,255,1.0,0.0,0.0,0.0,0.0,0.0,0,37327.0
55,5,0,0,0,0,25,1.0,1.0,0.4,0.16,0.0,255,30,0.12,0.07,0.0,1.0,1.0,0.0,1,6056.0
22,9,229,259,0,1,12,0.0,0.0,1.0,0.0,0.15,64,255,1.0,0.0,0.06,0.0,0.0,0.0,0,88962.0
45,5,0,0,0,0,92,1.0,1.0,0.08,0.07,0.0,255,18,0.07,0.07,0.0,1.0,1.0,0.0,1,122440.0
11,9,45,142,0,0,213,0.0,0.0,1.0,0.01,0.0,102,69,0.68,0.02,0.0,0.0,0.0,0.0,0,6839.0
45,5,0,0,0,0,202,1.0,1.0,0.02,0.06,0.0,255,9,0.04,0.08,0.0,1.0,1.0,0.0,1,45568.0
22,9,304,3222,0,1,2,0.0,0.0,1.0,0.0,0.0,255,250,0.98,0.01,0.0,0.0,0.0,0.0,0,12934.0
22,9,317,1568,0,1,5,0.0,0.0,1.0,0.0,0.0,46,255,1.0,0.0,0.04,0.0,0.01,0.0,0,78422.0
22,9,272,259,0,1,27,0.0,0.0,1.0,0.0,0.0,255,255,1.0,0.0,0.0,0.0,0.0,0.0,0,68571.0
45,5,0,0,0,0,144,1.0,1.0,0.06,0.06,0.0,255,9,0.04,0.05,0.0,1.0,1.0,0.0,1,1024.0
45,9,105,147,0,0,1,0.0,0.0,1.0,0.0,0.0,125,124,0.99,0.02,0.0,0.0,0.0,0.0,0,119601.0
19,9,12,0,0,0,2,0.0,0.0,1.0,0.0,0.0,181,82,0.27,0.03,0.02,0.0,0.0,0.0,0,117152.0
22,9,317,2313,0,1,26,0.0,0.0,1.0,0.0,0.0,255,255,1.0,0.0,0.0,0.0,0.0,0.0,0,52433.0
19,5,0,0,0,0,13,1.0,1.0,1.0,0.0,0.0,255,59,0.23,0.02,0.0,1.0,1.0,0.0,1,56374.0
45,9,28,0,3,0,64,0.0,0.0,1.0,0.0,0.0,255,164,0.64,0.36,0.0,0.09,0.0,0.0,1,56676.0
49,9,991,334,0,1,1,0.0,0.0,1.0,0.0,1.0,91,184,0.58,0.07,0.01,0.0,0.0,0.0,0,107067.0
55,5,0,0,0,0,298,1.0,1.0,0.04,0.05,0.0,255,10,0.04,0.07,0.0,1.0,1.0,0.0,1,74241.0
45,5,0,0,0,0,72,1.0,1.0,0.25,0.06,0.0,255,7,0.03,0.07,0.0,1.0,1.0,0.0,1,16347.0
11,9,44,131,0,0,72,0.0,0.0,1.0,0.0,0.01,255,254,1.0,0.01,0.0,0.0,0.0,0.0,0,12139.0
19,9,172,0,0,1,3,0.0,0.0,1.0,0.0,0.0,189,35,0.12,0.04,0.06,0.01,0.0,0.0,0,24485.0
22,9,292,788,0,1,5,0.0,0.0,1.0,0.0,0.0,255,255,1.0,0.0,0.0,0.0,0.0,0.0,0,68410.0
45,5,0,0,0,0,273,1.0,1.0,0.03,0.06,0.0,255,13,0.05,0.07,0.0,1.0,1.0,0.0,1,56475.0
17,5,0,0,0,0,7,1.0,1.0,1.0,0.0,0.0,67,13,0.1,0.06,0.15,1.0,0.54,0.0,1,42625.0
11,9,44,71,0,0,112,0.0,0.0,0.99,0.02,0.0,255,254,1.0,0.01,0.0,0.0,0.0,0.0,0,20949.0
22,9,292,313,0,1,25,0.0,0.0,1.0,0.0,0.12,255,255,1.0,0.0,0.0,0.0,0.0,0.0,0,121121.0
11,9,44,44,0,0,15,0.0,0.0,1.0,0.0,0.01,255,255,1.0,0.0,0.0,0.0,0.0,0.0,0,8976.0
45,5,0,0,0,0,142,1.0,1.0,0.1,0.06,0.0,255,28,0.11,0.06,0.0,1.0,1.0,0.0,1,3531.0
22,9,247,365,0,1,9,0.0,0.0,1.0,0.0,0.2,255,255,1.0,0.0,0.0,0.0,0.0,0.0,0,56106.0
54,5,0,0,0,0,206,1.0,1.0,0.1,0.06,0.0,255,21,0.08,0.07,0.0,1.0,1.0,0.0,1,4724.0
53,1,0,0,0,0,245,0.0,0.0,0.08,0.07,0.0,255,19,0.07,0.08,0.0,0.0,0.0,1.0,1,103363.0
22,9,193,9338,0,1,1,0.0,0.11,1.0,0.0,0.33,77,255,1.0,0.0,0.06,0.04,0.01,0.0,0,17165.0
22,9,54540,8314,0,1,4,0.0,0.0,1.0,0.0,0.0,61,61,1.0,0.0,0.0,0.0,0.0,0.2,0,76111.0
45,5,0,0,0,0,12,1.0,1.0,0.25,0.25,0.0,255,3,0.01,0.07,0.0,1.0,1.0,0.0,1,22894.0
22,9,213,6924,0,1,25,0.0,0.0,1.0,0.0,0.0,255,255,1.0,0.0,0.0,0.0,0.0,0.0,0,46798.0
13,9,8,0,0,0,1,0.0,0.0,1.0,0.0,1.0,1,63,1.0,0.0,0.51,0.0,0.0,0.0,1,29099.0
40,1,0,0,0,0,404,0.07,0.0,0.0,1.0,0.0,255,1,0.0,1.0,0.0,0.08,0.0,1.0,1,72347.0
11,9,42,72,0,0,189,0.0,0.0,1.0,0.0,0.0,255,236,0.93,0.01,0.0,0.0,0.0,0.0,0,114235.0
40,1,0,0,0,0,511,0.11,0.0,0.0,1.0,0.0,255,1,0.0,1.0,0.0,0.13,0.0,1.0,1,31178.0
11,9,43,111,0,0,206,0.0,0.0,1.0,0.0,0.01,255,166,0.65,0.01,0.0,0.0,0.0,0.0,0,29979.0
11,9,45,131,0,0,200,0.0,0.0,1.0,0.0,0.01,255,253,0.99,0.01,0.0,0.0,0.0,0.0,0,9720.0
22,9,167,4352,0,1,3,0.0,0.0,1.0,0.0,0.0,255,255,1.0,0.0,0.0,0.0,0.0,0.0,0,70574.0
22,9,235,560,0,1,5,0.0,0.0,1.0,0.0,0.33,5,255,1.0,0.0,0.04,0.0,0.0,0.0,0,110212.0
45,1,0,0,0,0,291,0.0,0.0,0.05,0.05,0.0,255,16,0.06,0.06,0.0,0.0,0.0,1.0,1,89167.0
11,9,36,52,0,0,1,0.0,0.0,1.0,0.0,1.0,38,34,0.89,0.05,0.0,0.0,0.0,0.0,0,34598.0
45,5,0,0,0,0,290,1.0,1.0,0.06,0.06,0.0,255,7,0.03,0.07,0.0,1.0,1.0,0.0,1,68392.0
22,1,0,0,0,0,1,0.0,0.0,1.0,0.0,0.0,2,255,1.0,0.0,0.05,0.0,0.0,0.75,0,22949.0
22,9,220,1463,0,1,11,0.0,0.0,1.0,0.0,0.14,209,255,1.0,0.0,0.01,0.0,0.0,0.0,0,106443.0
11,9,44,44,0,0,260,0.0,0.0,1.0,0.0,0.01,255,222,0.87,0.01,0.0,0.0,0.0,0.0,0,55743.0
45,5,0,0,0,0,85,1.0,1.0,0.14,0.06,0.0,255,12,0.05,0.06,0.0,1.0,1.0,0.0,1,40248.0
22,9,261,486,0,1,1,0.0,0.0,1.0,0.0,0.0,97,255,1.0,0.0,0.03,0.02,0.01,0.0,0,103763.0
3,4,0,0,0,0,1,0.0,0.0,1.0,0.0,0.0,255,1,0.0,0.45,0.0,0.0,0.0,1.0,1,60250.0
45,1,0,0,0,0,75,0.01,0.0,0.01,1.0,0.0,255,1,0.0,0.32,0.0,0.0,0.0,1.0,1,97173.0
13,9,8,0,0,0,1,0.0,0.0,1.0,0.0,1.0,2,158,1.0,0.0,0.5,0.0,0.0,0.0,1,74023.0
26,5,0,0,0,0,107,1.0,1.0,0.02,0.07,0.0,255,19,0.07,0.06,0.0,1.0,1.0,0.0,1,72632.0
22,5,0,0,0,0,278,1.0,1.0,0.02,0.06,0.0,255,5,0.02,0.06,0.0,1.0,1.0,0.0,1,1853.0
22,1,0,0,0,0,217,0.0,0.0,0.04,0.07,0.0,255,8,0.03,0.09,0.0,0.0,0.0,1.0,1,25299.0
24,1,0,0,0,0,283,0.0,0.0,0.05,0.06,0.0,255,13,0.05,0.08,0.0,0.0,0.0,1.0,1,82939.0
17,9,9,142,0,0,1,0.0,0.0,1.0,0.0,0.0,235,12,0.05,0.03,0.0,0.0,0.0,0.0,0,238.0
22,9,0,1869,0,0,11,0.09,0.09,1.0,0.0,0.0,11,255,1.0,0.0,0.03,0.09,0.0,0.0,0,48564.0
14,9,1032,0,0,0,312,0.0,0.0,1.0,0.0,0.0,255,255,1.0,0.0,0.0,0.0,0.0,0.0,1,54398.0
22,9,263,30328,0,1,1,0.0,0.0,1.0,0.0,0.14,255,255,1.0,0.0,0.0,0.0,0.0,0.0,0,117308.0
45,9,1,0,0,0,2,0.0,0.0,1.0,0.0,0.0,255,2,0.01,1.0,0.0,0.21,0.0,0.0,1,36497.0
13,9,8,0,0,0,1,0.0,0.0,1.0,0.0,1.0,2,255,1.0,0.0,0.5,0.0,0.0,0.0,1,125284.0
30,5,0,0,0,0,116,1.0,1.0,0.19,0.06,0.0,255,22,0.09,0.05,0.0,1.0,1.0,0.0,1,20698.0
45,1,0,0,0,0,258,0.0,0.0,0.07,0.06,0.0,255,18,0.07,0.07,0.0,0.0,0.0,1.0,1,14592.0
22,9,304,2239,0,1,5,0.0,0.0,1.0,0.0,0.0,141,137,0.97,0.01,0.0,0.0,0.0,0.0,0,106404.0
22,9,221,14561,0,1,20,0.05,0.05,1.0,0.0,0.0,255,255,1.0,0.0,0.0,0.0,0.0,0.0,0,5484.0
22,9,212,1115,0,1,37,0.0,0.0,1.0,0.0,0.0,255,255,1.0,0.0,0.0,0.0,0.0,0.0,0,19722.0
45,4,0,0,0,0,1,0.0,0.0,1.0,0.0,0.0,255,1,0.0,0.44,0.0,0.0,0.0,1.0,1,108753.0
16,5,0,0,0,0,33,1.0,1.0,0.33,0.09,0.0,255,11,0.04,0.07,0.0,1.0,1.0,0.0,1,45977.0
22,9,258,6627,0,1,3,0.0,0.0,1.0,0.0,0.0,118,255,1.0,0.0,0.01,0.0,0.0,0.0,0,2828.0
22,6,305,29200,0,1,1,1.0,1.0,1.0,0.0,0.0,255,255,1.0,0.0,0.0,0.0,0.0,0.0,0,30807.0
22,9,332,1349,0,1,15,0.0,0.0,1.0,0.0,0.12,15,15,1.0,0.0,0.0,0.0,0.0,0.0,0,43247.0
55,9,103,1448,0,0,1,0.0,0.0,1.0,0.0,0.0,253,1,0.0,0.02,0.0,0.0,0.0,0.0,0,6348.0
40,9,146,0,0,0,2,0.0,0.0,0.5,1.0,0.0,255,1,0.0,0.54,0.0,0.0,0.0,0.0,0,32861.0
45,9,215,0,0,0,1,0.0,0.0,1.0,0.0,0.0,113,97,0.86,0.02,0.0,0.0,0.0,0.0,0,70872.0
40,9,147,105,0,0,1,0.0,0.0,1.0,0.0,0.0,255,1,0.0,0.73,0.0,0.0,0.0,0.0,0,77278.0
22,9,241,750,0,1,9,0.0,0.0,1.0,0.0,0.2,95,255,1.0,0.0,0.04,0.0,0.0,0.0,0,53280.0
45,5,0,0,0,0,122,1.0,1.0,0.03,0.07,0.0,255,1,0.0,0.08,0.0,1.0,1.0,0.0,1,99676.0
3,1,0,0,0,0,134,0.0,0.0,0.1,0.07,0.0,255,14,0.05,0.07,0.0,0.0,0.0,1.0,1,17841.0
53,5,0,0,0,0,295,1.0,1.0,0.06,0.05,0.0,255,19,0.07,0.06,0.0,1.0,1.0,0.0,1,20377.0
22,9,163,35147,0,1,1,0.0,0.0,1.0,0.0,0.15,227,255,1.0,0.0,0.01,0.0,0.0,0.0,0,68007.0
22,9,271,1433,0,1,18,0.0,0.0,1.0,0.0,0.11,47,255,1.0,0.0,0.02,0.0,0.0,0.0,0,67187.0
49,5,0,0,0,0,226,1.0,1.0,0.0,0.07,0.0,255,19,0.07,0.07,0.0,1.0,1.0,0.0,1,119810.0
22,9,301,660,0,1,12,0.0,0.0,1.0,0.0,0.0,255,255,1.0,0.0,0.0,0.0,0.0,0.0,0,100835.0
45,4,0,0,0,0,1,0.0,0.0,1.0,0.0,0.0,136,1,0.01,0.65,0.0,0.04,0.0,1.0,1,82438.0
49,9,1003,386,0,1,1,0.0,0.0,1.0,0.0,0.0,215,137,0.49,0.01,0.01,0.93,0.73,0.0,0,83821.0
45,5,0,0,0,0,193,1.0,1.0,0.03,0.06,0.0,255,16,0.06,0.06,0.0,1.0,1.0,0.0,1,2482.0
22,9,263,1630,0,1,1,0.0,0.0,1.0,0.0,0.0,255,243,0.95,0.01,0.0,0.0,0.0,0.0,0,55269.0
24,5,0,0,0,0,274,1.0,1.0,0.06,0.06,0.0,255,11,0.04,0.06,0.0,1.0,1.0,0.0,1,89387.0
45,1,0,0,0,0,1,0.0,0.0,1.0,0.0,0.0,12,1,0.08,1.0,0.0,0.0,0.0,1.0,1,21733.0
4,5,0,0,0,0,284,1.0,1.0,0.08,0.05,0.0,255,23,0.09,0.05,0.0,1.0,1.0,0.0,1,58671.0
45,5,0,0,0,0,280,1.0,1.0,0.01,0.06,0.0,255,3,0.01,0.07,0.0,1.0,1.0,0.0,1,39568.0
22,9,242,17542,0,1,1,0.0,0.0,1.0,0.0,1.0,10,255,1.0,0.0,0.01,0.0,0.0,0.0,0,100340.0
16,5,0,0,0,0,138,1.0,1.0,0.01,0.06,0.0,255,11,0.04,0.06,0.0,1.0,1.0,0.0,1,114425.0
22,9,237,238,0,1,1,0.0,0.0,1.0,0.0,0.17,73,255,1.0,0.0,0.07,0.0,0.0,0.02,0,22214.0
45,1,0,0,0,0,509,0.05,0.0,0.0,1.0,0.0,255,1,0.0,1.0,0.0,0.06,0.0,1.0,1,2268.0
22,1,0,0,0,0,1,0.0,0.0,1.0,0.0,0.0,10,227,1.0,0.0,0.12,0.0,0.0,0.72,0,107346.0
40,1,0,0,0,0,509,0.23,0.0,0.0,1.0,0.0,255,1,0.0,1.0,0.0,0.22,0.0,1.0,1,67488.0
45,5,0,0,0,0,215,1.0,1.0,0.06,0.07,0.0,255,8,0.03,0.09,0.0,1.0,1.0,0.0,1,76764.0
22,9,251,16118,0,1,3,0.0,0.56,1.0,0.0,0.08,56,255,1.0,0.0,0.02,0.0,0.0,0.0,0,123376.0
19,9,567,0,0,0,1,0.0,0.0,1.0,0.0,0.0,255,125,0.49,0.02,0.0,0.0,0.0,0.0,0,22476.0
11,9,43,127,0,0,57,0.0,0.0,1.0,0.0,0.01,255,199,0.78,0.02,0.0,0.0,0.0,0.0,0,101198.0
19,1,0,0,0,0,120,0.0,0.0,0.05,0.07,0.0,255,6,0.02,0.07,0.0,0.0,0.0,1.0,1,91850.0
45,5,0,0,0,0,108,1.0,1.0,0.19,0.06,0.0,255,7,0.03,0.06,0.0,1.0,1.0,0.0,1,45145.0
59,5,0,0,0,0,130,1.0,1.0,0.16,0.05,0.0,255,21,0.08,0.05,0.0,1.0,1.0,0.0,1,28240.0
22,9,372,1662,0,1,10,0.0,0.0,1.0,0.0,0.18,255,255,1.0,0.0,0.0,0.0,0.0,0.0,0,85393.0
40,1,0,0,0,0,509,0.23,0.0,0.0,1.0,0.0,255,1,0.0,1.0,0.0,0.26,0.0,1.0,1,83421.0
3,5,0,0,0,0,242,1.0,1.0,0.08,0.06,0.0,255,19,0.07,0.07,0.0,1.0,1.0,0.0,1,49356.0
17,5,0,0,0,0,44,1.0,1.0,0.25,0.09,0.0,255,64,0.25,0.02,0.0,1.0,1.0,0.0,1,21108.0
45,5,0,0,0,0,261,1.0,1.0,0.0,0.07,0.0,255,1,0.0,0.06,0.0,1.0,1.0,0.0,1,115835.0
40,9,516,4,0,0,328,0.0,0.0,1.0,0.0,0.0,255,255,1.0,0.0,0.0,0.0,0.0,0.0,0,123940.0
22,9,313,1480,0,1,20,0.0,0.0,1.0,0.0,0.09,39,255,1.0,0.0,0.03,0.0,0.0,0.0,0,40222.0
22,9,263,1609,0,1,12,0.0,0.0,1.0,0.0,0.0,36,255,1.0,0.0,0.02,0.0,0.0,0.0,0,3902.0
22,9,200,292,0,1,5,0.0,0.0,1.0,0.0,0.0,153,255,1.0,0.0,0.02,0.0,0.0,0.0,0,9588.0
49,9,713,401,0,1,1,0.0,0.0,1.0,0.0,0.0,29,45,0.55,0.14,0.04,0.03,0.0,0.0,0,79926.0
22,9,311,397,0,1,15,0.0,0.0,1.0,0.0,0.12,250,255,1.0,0.0,0.01,0.0,0.01,0.0,0,107287.0
22,9,273,606,0,1,1,0.0,0.0,1.0,0.0,0.2,3,235,1.0,0.0,0.06,0.33,0.01,0.0,0,62142.0
19,9,748,0,0,1,1,0.0,0.0,1.0,0.0,0.0,160,54,0.28,0.03,0.04,0.0,0.0,0.0,0,43769.0
11,9,43,43,0,0,130,0.0,0.0,1.0,0.0,0.01,255,255,1.0,0.0,0.0,0.0,0.0,0.0,0,12680.0
22,9,231,1719,0,1,11,0.0,0.0,1.0,0.0,0.07,255,255,1.0,0.0,0.0,0.0,0.0,0.0,0,74728.0
13,9,30,0,0,0,6,0.0,0.0,0.33,0.33,0.0,255,2,0.01,0.01,0.0,0.0,0.0,0.0,0,9302.0
49,9,1321,332,0,1,1,0.0,0.0,1.0,0.0,1.0,5,185,1.0,0.0,0.02,0.0,0.0,0.0,0,68724.0
22,9,161,53151,0,1,2,0.0,0.0,1.0,0.0,0.0,255,255,1.0,0.0,0.0,0.0,0.0,0.0,0,17406.0
13,9,8,0,0,0,1,0.0,0.0,1.0,0.0,1.0,1,7,1.0,0.0,0.71,0.0,0.0,0.0,1,62756.0
40,4,1,0,0,0,2,0.0,0.0,1.0,0.0,0.0,255,2,0.01,0.62,0.0,0.0,0.0,1.0,1,123250.0
22,9,312,1380,0,1,3,0.0,0.0,1.0,0.0,0.06,255,229,0.9,0.01,0.0,0.0,0.0,0.0,0,32928.0
22,9,293,491,0,1,34,0.0,0.0,1.0,0.0,0.12,255,255,1.0,0.0,0.0,0.0,0.0,0.0,0,21287.0
22,9,54540,8314,0,1,4,0.0,0.0,1.0,0.0,0.4,218,218,1.0,0.0,0.0,0.0,0.0,0.01,0,48727.0
55,9,169,143899,0,1,1,0.0,0.0,1.0,0.0,0.0,51,3,0.06,0.06,0.0,0.02,0.33,0.0,0,105826.0
22,9,292,1745,0,1,12,0.0,0.0,1.0,0.0,0.15,158,255,1.0,0.0,0.02,0.0,0.0,0.0,0,86483.0
22,9,197,1509,0,1,9,0.0,0.0,1.0,0.0,0.0,95,236,1.0,0.0,0.01,0.0,0.0,0.0,0,121430.0
11,9,43,43,0,0,193,0.0,0.0,1.0,0.0,0.0,255,255,1.0,0.0,0.0,0.0,0.0,0.0,0,80681.0
39,9,48,48,0,0,2,0.0,0.0,1.0,0.0,0.0,255,234,0.92,0.01,0.0,0.0,0.0,0.0,0,27618.0
45,5,0,0,0,0,63,1.0,1.0,0.3,0.05,0.0,255,19,0.07,0.04,0.0,1.0,1.0,0.0,1,72814.0
22,9,270,16494,0,1,15,0.0,0.0,1.0,0.0,0.0,23,255,1.0,0.0,0.02,0.0,0.0,0.0,0,41514.0
45,9,1,0,0,0,16,0.0,0.0,0.5,0.19,0.0,255,8,0.03,0.3,0.0,0.0,0.0,0.0,1,19834.0
45,5,0,0,0,0,198,1.0,1.0,0.09,0.06,0.0,255,18,0.07,0.07,0.0,1.0,1.0,0.0,1,80454.0
22,9,148,35341,0,1,1,0.0,0.0,1.0,0.0,0.0,107,255,1.0,0.0,0.02,0.0,0.0,0.0,0,114415.0
22,9,291,2669,0,1,29,0.0,0.0,1.0,0.0,0.0,255,255,1.0,0.0,0.0,0.0,0.0,0.0,0,8216.0
22,9,327,1817,0,1,15,0.0,0.0,1.0,0.0,0.0,255,255,1.0,0.0,0.0,0.0,0.0,0.0,0,108866.0
13,9,8,0,0,0,1,0.0,0.0,1.0,0.0,1.0,2,16,1.0,0.0,0.5,0.0,0.0,0.0,1,44779.0
45,5,0,0,0,0,211,1.0,1.0,0.01,0.06,0.0,255,4,0.02,0.07,0.0,1.0,1.0,0.0,1,12811.0
45,1,0,0,0,0,131,0.0,0.0,0.12,0.05,0.0,255,16,0.06,0.05,0.0,0.0,0.0,1.0,1,103301.0
49,9,1791,328,0,1,1,0.0,0.0,1.0,0.0,1.0,69,36,0.52,0.04,0.0,0.0,0.0,0.0,0,77819.0
18,9,1441,4152,0,1,1,0.0,0.0,1.0,0.0,0.0,166,27,0.16,0.02,0.0,0.01,0.0,0.0,0,18902.0
22,9,222,321,0,1,3,0.0,0.0,1.0,0.0,0.0,255,255,1.0,0.0,0.0,0.0,0.0,0.0,0,56783.0
45,9,28,0,3,0,157,0.64,0.0,0.36,0.04,0.0,255,57,0.22,0.78,0.0,0.09,0.0,0.0,1,74814.0
19,9,3775,0,0,0,22,0.0,0.0,1.0,0.0,0.0,172,60,0.35,0.02,0.0,0.0,0.0,0.0,0,66545.0
22,9,270,501,0,1,14,0.0,0.0,1.0,0.0,0.0,106,255,1.0,0.0,0.02,0.0,0.0,0.0,0,120487.0
13,9,30,0,0,0,6,0.0,0.0,0.17,0.33,0.0,255,5,0.02,0.01,0.0,0.0,0.0,0.0,0,51580.0
22,9,216,832,0,1,3,0.0,0.0,1.0,0.0,0.0,131,255,1.0,0.0,0.03,0.0,0.0,0.0,0,33390.0
11,9,46,46,0,0,9,0.0,0.0,1.0,0.0,0.22,255,255,1.0,0.0,0.0,0.0,0.0,0.0,0,112493.0
22,9,204,7203,0,1,24,0.0,0.0,1.0,0.0,0.07,255,255,1.0,0.0,0.0,0.0,0.0,0.0,0,5568.0
37,5,0,0,0,0,253,1.0,1.0,0.02,0.06,0.0,255,4,0.02,0.07,0.0,1.0,1.0,0.0,1,23477.0
22,9,307,3222,0,1,2,0.0,0.0,1.0,0.0,0.0,164,160,0.98,0.01,0.0,0.0,0.0,0.0,0,98605.0
22,9,325,2913,0,1,18,0.0,0.0,1.0,0.0,0.0,255,255,1.0,0.0,0.0,0.0,0.0,0.0,0,30303.0
17,9,8,364,0,0,2,0.0,0.0,0.5,1.0,0.0,94,3,0.01,0.05,0.67,0.0,0.0,0.0,0,100441.0
19,9,7012,0,0,1,5,0.0,0.0,1.0,0.0,0.0,51,94,0.29,0.08,0.02,0.0,0.0,0.0,0,98781.0
49,9,1681,375,0,1,1,0.0,0.0,1.0,0.0,0.0,136,166,0.53,0.03,0.01,0.0,0.0,0.0,0,4872.0
19,5,0,0,0,0,55,1.0,1.0,0.22,0.07,0.0,255,71,0.28,0.02,0.0,1.0,1.0,0.0,1,47843.0
19,9,12,0,0,1,1,0.0,0.0,1.0,0.0,0.0,60,74,0.08,0.05,0.04,0.03,0.0,0.0,0,108925.0
45,5,0,0,0,0,249,1.0,1.0,0.06,0.06,0.0,255,2,0.01,0.08,0.0,1.0,1.0,0.0,1,96816.0
22,1,0,0,0,0,1,0.0,0.0,1.0,0.0,0.0,61,91,1.0,0.0,0.03,0.0,0.0,0.01,0,56311.0
11,9,43,43,0,0,2,0.0,0.0,1.0,0.0,0.6,255,253,0.99,0.01,0.0,0.0,0.0,0.0,0,19732.0
45,4,1,0,0,0,2,0.0,0.0,1.0,0.0,0.0,255,2,0.01,0.47,0.0,0.0,0.0,1.0,1,29960.0
22,9,275,525,0,1,1,0.0,0.0,1.0,0.0,0.0,1,255,1.0,0.0,0.05,0.0,0.0,0.0,0,43263.0
19,9,6601,0,0,0,18,0.0,0.0,1.0,0.0,0.0,24,89,1.0,0.0,0.02,0.0,0.0,0.0,0,35818.0
22,1,0,0,0,0,1,0.0,0.0,1.0,0.0,1.0,1,235,1.0,0.0,0.21,0.0,0.0,0.96,0,76005.0
22,9,171,13014,0,1,1,0.0,0.0,1.0,0.0,0.14,36,255,1.0,0.0,0.04,0.0,0.0,0.0,0,60503.0
13,9,30,0,0,0,3,0.0,0.0,0.33,0.67,0.0,255,30,0.12,0.01,0.0,0.0,0.0,0.0,0,71062.0
60,5,0,0,0,0,184,1.0,1.0,0.12,0.05,0.0,255,22,0.09,0.05,0.0,1.0,1.0,0.0,1,100003.0
11,9,45,139,0,0,77,0.0,0.0,1.0,0.0,0.01,255,254,1.0,0.01,0.0,0.0,0.0,0.0,0,19515.0
14,9,1032,0,0,0,511,0.0,0.0,1.0,0.0,0.0,207,62,0.3,0.01,0.0,0.0,0.0,0.0,1,16556.0
19,5,0,0,0,0,259,1.0,1.0,0.02,0.07,0.0,255,5,0.02,0.07,0.0,1.0,1.0,0.0,1,12399.0
18,9,1443,4152,0,1,1,0.0,0.0,1.0,0.0,0.0,255,57,0.22,0.02,0.0,0.0,0.0,0.0,0,33289.0
5,5,0,0,0,0,111,1.0,1.0,0.06,0.06,0.0,255,7,0.03,0.06,0.0,1.0,1.0,0.0,1,115869.0
49,9,1077,374,0,1,1,0.0,0.0,1.0,0.0,1.0,187,243,0.96,0.01,0.01,0.0,0.0,0.0,0,66455.0
19,9,383,0,0,0,2,0.0,0.0,1.0,0.0,0.0,224,49,0.15,0.02,0.04,0.0,0.0,0.0,0,110044.0
22,5,0,0,0,0,49,1.0,1.0,0.33,0.08,0.0,255,66,0.26,0.02,0.0,1.0,1.0,0.0,1,35033.0
22,9,245,1678,0,1,16,0.0,0.0,1.0,0.0,0.0,26,255,1.0,0.0,0.04,0.0,0.01,0.0,0,104145.0
11,9,46,127,0,0,163,0.0,0.0,1.0,0.0,0.0,255,255,1.0,0.0,0.0,0.0,0.0,0.0,0,41223.0
22,9,235,512,0,1,59,0.0,0.0,1.0,0.0,0.03,255,255,1.0,0.0,0.0,0.0,0.0,0.0,0,1179.0
15,5,0,0,0,0,135,1.0,1.0,0.15,0.05,0.0,255,20,0.08,0.05,0.0,1.0,1.0,0.0,1,116039.0
8,5,0,0,0,0,227,1.0,1.0,0.0,0.07,0.0,255,1,0.0,0.08,0.0,1.0,1.0,0.0,1,124050.0
45,1,0,0,0,0,287,0.0,0.0,0.06,0.06,0.0,255,18,0.07,0.07,0.0,0.0,0.0,1.0,1,118492.0
22,5,0,0,0,0,2,0.5,0.25,1.0,0.0,0.5,9,255,1.0,0.0,0.05,0.11,0.0,0.0,0,63383.0
11,9,46,72,0,0,21,0.0,0.0,1.0,0.0,0.0,84,66,0.79,0.02,0.0,0.0,0.0,0.0,0,15488.0
22,9,212,337,0,1,20,0.0,0.0,1.0,0.0,0.0,255,255,1.0,0.0,0.0,0.0,0.0,0.0,0,10007.0
22,9,238,12259,0,1,1,0.0,0.0,1.0,0.0,1.0,1,255,1.0,0.0,0.02,0.0,0.0,0.0,0,75832.0
19,5,0,0,0,0,193,1.0,1.0,0.01,0.06,0.0,255,1,0.0,0.06,0.0,1.0,1.0,0.0,1,44539.0
45,1,0,0,0,0,228,0.11,0.0,0.0,1.0,0.0,255,1,0.0,0.96,0.0,0.1,0.0,1.0,1,42449.0
49,9,969,327,0,1,1,0.0,0.0,1.0,0.0,0.0,19,18,0.95,0.11,0.0,0.0,0.0,0.0,0,94171.0
22,9,255,3675,0,1,2,0.0,0.0,1.0,0.0,0.0,26,255,1.0,0.0,0.06,0.0,0.0,0.04,0,29451.0
14,9,1032,0,0,0,511,0.0,0.0,1.0,0.0,0.0,255,116,0.45,0.02,0.0,0.01,0.0,0.0,1,73205.0
22,9,224,13572,0,1,5,0.0,0.0,1.0,0.0,0.0,20,255,1.0,0.0,0.03,0.0,0.01,0.0,0,41154.0
18,9,1491,4152,0,1,1,0.0,0.0,1.0,0.0,0.0,236,55,0.23,0.02,0.0,0.0,0.0,0.0,0,13677.0
11,9,44,81,0,0,161,0.0,0.0,1.0,0.0,0.0,255,255,1.0,0.0,0.0,0.0,0.0,0.0,0,78143.0
21,5,0,0,0,0,222,1.0,1.0,0.06,0.06,0.0,255,2,0.01,0.08,0.0,1.0,1.0,0.0,1,61978.0
14,9,1032,0,0,0,256,0.0,0.0,1.0,0.0,0.0,232,138,0.59,0.03,0.0,0.01,0.0,0.0,1,122908.0
60,5,0,0,0,0,243,1.0,1.0,0.05,0.07,0.0,255,13,0.05,0.07,0.0,1.0,1.0,0.0,1,3434.0
49,9,850,328,0,1,1,0.0,0.0,1.0,0.0,1.0,178,136,0.76,0.02,0.0,0.0,0.0,0.0,0,18876.0
49,9,972,328,0,1,1,0.0,0.0,1.0,0.0,1.0,255,137,0.54,0.05,0.0,0.01,0.0,0.0,0,123705.0
49,9,1356,403,0,1,1,0.0,0.0,1.0,0.0,0.0,255,35,0.14,0.06,0.0,0.63,0.0,0.0,0,102777.0
45,2,0,0,0,0,233,0.0,0.0,0.01,0.07,0.0,255,3,0.01,0.07,0.0,0.0,0.0,1.0,1,35085.0
34,5,0,0,0,0,292,1.0,1.0,0.09,0.05,0.0,255,25,0.1,0.05,0.0,1.0,1.0,0.0,1,2675.0
22,9,368,1725,0,1,19,0.0,0.0,1.0,0.0,0.0,39,178,1.0,0.0,0.05,0.0,0.0,0.06,0,58624.0
22,9,219,351,0,1,2,0.0,0.0,1.0,0.0,0.0,255,255,1.0,0.0,0.0,0.0,0.0,0.0,0,75950.0
22,9,211,2072,0,1,12,0.0,0.0,1.0,0.0,0.0,55,255,1.0,0.0,0.04,0.0,0.0,0.0,0,63344.0
17,9,10,0,0,0,1,0.0,0.0,1.0,0.0,0.0,50,10,0.08,0.06,0.2,0.0,0.0,0.0,0,22226.0
45,1,0,0,0,0,271,0.0,0.0,0.03,0.07,0.0,255,7,0.03,0.08,0.0,0.0,0.0,1.0,1,72981.0
40,1,0,0,0,0,3,0.0,0.0,0.33,1.0,0.0,255,1,0.0,1.0,0.0,0.13,0.0,1.0,1,116940.0
11,9,43,43,0,0,146,0.0,0.0,1.0,0.0,0.01,255,254,1.0,0.01,0.0,0.0,0.0,0.0,0,77793.0
22,9,210,1013,0,1,2,0.5,0.04,1.0,0.0,0.24,10,252,1.0,0.0,0.05,0.1,0.0,0.0,0,15602.0
19,9,334,0,0,1,1,0.0,0.0,1.0,0.0,0.0,1,31,1.0,0.0,0.16,0.0,0.0,0.0,0,25023.0
22,9,311,740,0,1,1,0.0,0.0,1.0,0.0,0.0,118,255,1.0,0.0,0.04,0.0,0.0,0.0,0,102414.0
22,9,318,6652,0,1,1,0.0,0.0,1.0,0.0,0.38,8,255,1.0,0.0,0.07,0.0,0.0,0.0,0,38415.0
40,1,0,0,0,0,509,0.16,0.0,0.0,1.0,0.0,255,1,0.0,1.0,0.0,0.18,0.0,1.0,1,109383.0
22,9,227,1232,0,1,13,0.0,0.0,1.0,0.0,0.16,103,255,1.0,0.0,0.02,0.01,0.0,0.0,0,125035.0
22,9,244,11868,0,1,11,0.0,0.0,1.0,0.0,0.2,97,97,1.0,0.0,0.0,0.0,0.0,0.0,0,79064.0
11,9,46,46,0,0,147,0.0,0.0,0.99,0.01,0.0,255,254,1.0,0.01,0.0,0.0,0.0,0.0,0,21228.0
45,9,105,147,0,0,8,0.0,0.0,0.12,0.25,0.0,255,250,0.98,0.01,0.0,0.0,0.0,0.0,0,7798.0
55,4,518,16116,0,1,1,0.0,0.0,1.0,0.0,0.0,101,18,0.18,0.04,0.0,0.01,0.0,0.17,0,78346.0
40,1,0,0,0,0,402,0.07,0.0,0.0,1.0,0.0,255,1,0.0,1.0,0.0,0.08,0.0,1.0,1,44055.0
14,9,1032,0,0,0,247,0.0,0.0,1.0,0.0,0.0,255,247,0.97,0.01,0.0,0.0,0.0,0.0,1,108316.0
19,9,190,0,0,1,2,0.0,0.0,1.0,0.0,0.0,7,6,0.29,0.29,0.33,0.0,0.0,0.0,0,60269.0
22,9,297,3306,0,1,13,0.0,0.0,1.0,0.0,0.0,255,255,1.0,0.0,0.0,0.0,0.0,0.0,0,95990.0
45,5,0,0,0,0,236,1.0,1.0,0.06,0.06,0.0,255,8,0.03,0.08,0.0,1.0,1.0,0.0,1,10230.0
22,9,217,7956,0,1,2,0.0,0.0,1.0,0.0,0.0,22,255,1.0,0.0,0.05,0.0,0.0,0.0,0,40507.0
45,1,0,0,0,0,110,0.0,0.0,0.16,0.07,0.0,255,6,0.02,0.09,0.0,0.0,0.0,1.0,1,54022.0
22,9,203,8379,0,1,10,0.0,0.0,1.0,0.0,0.11,70,255,1.0,0.0,0.03,0.0,0.0,0.0,0,6134.0
11,9,43,43,0,0,108,0.0,0.0,1.0,0.0,0.03,228,163,0.71,0.02,0.0,0.0,0.0,0.0,0,102680.0
27,5,0,0,0,0,31,1.0,1.0,0.48,0.1,0.0,255,15,0.06,0.07,0.0,1.0,1.0,0.0,1,16695.0
22,9,363,564,0,1,10,0.0,0.0,1.0,0.0,0.0,255,255,1.0,0.0,0.0,0.0,0.0,0.0,0,108678.0
22,1,0,0,0,0,1,0.0,0.0,1.0,0.0,1.0,8,239,1.0,0.0,0.13,0.0,0.0,1.0,0,70110.0
45,5,0,0,0,0,170,1.0,1.0,0.01,0.09,0.0,255,2,0.01,0.09,0.0,1.0,1.0,0.0,1,1215.0
11,9,45,45,0,0,38,0.0,0.0,1.0,0.0,0.03,255,255,1.0,0.0,0.0,0.0,0.0,0.0,0,49878.0
22,9,214,1415,0,1,10,0.0,0.0,1.0,0.0,0.12,232,232,1.0,0.0,0.0,0.0,0.0,0.0,0,55857.0
22,9,320,9693,0,1,22,0.0,0.0,1.0,0.0,0.09,255,255,1.0,0.0,0.0,0.01,0.01,0.02,0,11147.0
45,9,28,0,3,0,94,0.0,0.0,1.0,0.0,0.0,255,94,0.37,0.01,0.0,0.0,0.0,0.0,1,86587.0
22,9,54540,8314,0,1,4,0.0,0.0,1.0,0.0,0.0,86,86,1.0,0.0,0.0,0.0,0.0,0.16,0,108101.0
22,9,304,1680,0,1,6,0.0,0.0,1.0,0.0,0.0,255,255,1.0,0.0,0.0,0.01,0.01,0.0,0,76780.0
45,9,28,0,3,0,87,0.0,0.0,1.0,0.0,0.0,255,87,0.34,0.64,0.0,0.0,0.0,0.0,1,95001.0
30,2,0,0,0,0,133,0.0,0.0,0.05,0.07,0.0,255,6,0.02,0.06,0.0,0.0,0.0,1.0,1,70625.0
4,5,0,0,0,0,127,1.0,1.0,0.04,0.07,0.0,255,4,0.02,0.07,0.0,1.0,1.0,0.0,1,99518.0
45,5,0,0,0,0,66,1.0,1.0,0.02,0.08,0.0,255,13,0.05,0.07,0.0,1.0,1.0,0.0,1,103262.0
13,9,30,0,0,0,2,0.0,0.0,1.0,0.0,0.0,228,228,1.0,0.0,0.0,0.0,0.0,0.0,0,41933.0
22,9,217,677,0,1,12,0.0,0.0,1.0,0.0,0.0,84,255,1.0,0.0,0.02,0.0,0.0,0.0,0,58427.0
45,5,0,0,0,0,142,1.0,1.0,0.09,0.06,0.0,255,9,0.04,0.07,0.0,1.0,1.0,0.0,1,83838.0
35,5,0,0,0,0,122,1.0,1.0,0.07,0.05,0.0,255,9,0.04,0.05,0.0,1.0,1.0,0.0,1,16369.0
62,5,0,0,0,0,293,1.0,1.0,0.04,0.06,0.0,255,11,0.04,0.07,0.0,1.0,1.0,0.0,1,36553.0
19,5,0,0,0,0,32,1.0,1.0,0.38,0.06,0.0,255,52,0.2,0.04,0.0,1.0,1.0,0.0,1,86351.0
22,9,199,337,0,1,30,0.0,0.0,1.0,0.0,0.0,255,255,1.0,0.0,0.0,0.0,0.0,0.0,0,118923.0
49,9,128,239,0,1,1,0.0,0.0,1.0,0.0,0.0,107,79,0.23,0.66,0.03,0.0,0.0,0.0,0,104467.0
40,9,516,4,0,0,399,0.0,0.0,1.0,0.0,0.0,255,255,1.0,0.0,0.0,0.0,0.0,0.0,0,8377.0
22,9,199,1102,0,1,15,0.0,0.0,1.0,0.0,0.0,108,255,1.0,0.0,0.02,0.0,0.0,0.0,0,82485.0
33,5,0,0,0,0,86,1.0,1.0,0.12,0.07,0.0,255,5,0.02,0.07,0.0,1.0,1.0,0.0,1,43931.0
44,5,0,0,0,0,135,1.0,1.0,0.13,0.06,0.0,255,17,0.07,0.06,0.0,1.0,1.0,0.0,1,51560.0
22,9,307,5280,0,1,4,0.0,0.0,1.0,0.0,0.0,255,255,1.0,0.0,0.0,0.0,0.0,0.0,0,97790.0
13,9,8,0,0,0,1,0.0,0.0,1.0,0.0,1.0,3,83,1.0,0.0,0.25,0.0,0.0,0.0,1,64058.0
40,1,0,0,0,0,510,0.2,0.0,0.0,1.0,0.0,255,1,0.0,1.0,0.0,0.17,0.0,1.0,1,70935.0
22,9,235,1380,0,1,6,0.0,0.0,1.0,0.0,0.0,116,115,0.99,0.02,0.0,0.0,0.0,0.0,0,90885.0
27,5,0,0,0,0,148,1.0,1.0,0.13,0.05,0.0,255,19,0.07,0.06,0.0,1.0,1.0,0.0,1,65979.0
45,1,0,0,0,0,257,0.0,0.0,0.07,0.06,0.0,255,18,0.07,0.06,0.0,0.0,0.0,1.0,1,70983.0
11,9,111,43,0,0,295,0.0,0.0,1.0,0.01,0.0,184,151,0.82,0.01,0.0,0.0,0.0,0.0,0,100415.0
20,5,0,0,0,0,233,1.0,1.0,0.06,0.07,0.0,255,13,0.05,0.08,0.0,1.0,1.0,0.0,1,1000.0
11,9,45,114,0,0,165,0.0,0.0,1.0,0.0,0.0,255,255,1.0,0.0,0.0,0.0,0.0,0.0,0,51385.0
22,9,255,993,0,1,18,0.0,0.0,1.0,0.0,0.11,97,255,1.0,0.0,0.04,0.0,0.0,0.0,0,112133.0
22,9,229,263,0,1,16,0.0,0.0,1.0,0.0,0.08,192,255,1.0,0.0,0.02,0.0,0.0,0.0,0,55642.0
22,9,239,526,0,1,5,0.0,0.0,1.0,0.0,0.0,255,255,1.0,0.0,0.0,0.0,0.0,0.0,0,98053.0
14,9,1032,0,0,0,511,0.0,0.0,1.0,0.0,0.0,255,121,0.47,0.01,0.0,0.0,0.0,0.0,1,8671.0
30,5,0,0,0,0,86,1.0,1.0,0.14,0.07,0.0,255,12,0.05,0.06,0.0,1.0,1.0,0.0,1,101280.0
45,5,0,0,0,0,216,1.0,1.0,0.01,0.06,0.0,255,19,0.07,0.06,0.0,1.0,1.0,0.0,1,79622.0
45,5,0,0,0,0,69,1.0,1.0,0.06,0.09,0.0,255,14,0.05,0.07,0.0,1.0,1.0,0.0,1,72311.0
11,9,45,110,0,0,1,0.0,0.0,1.0,0.0,1.0,255,233,0.91,0.01,0.0,0.0,0.0,0.0,0,99747.0
56,5,0,0,0,0,264,1.0,1.0,0.07,0.06,0.0,255,19,0.07,0.07,0.0,1.0,1.0,0.0,1,113563.0
22,9,218,1769,0,1,2,0.0,0.0,1.0,0.0,0.0,255,255,1.0,0.0,0.0,0.0,0.0,0.0,0,69799.0
45,5,0,0,0,0,136,1.0,1.0,0.11,0.06,0.0,255,10,0.04,0.06,0.0,1.0,1.0,0.0,1,55096.0
40,9,145,105,0,0,4,0.0,0.0,0.5,0.5,0.0,255,2,0.01,0.68,0.0,0.0,0.0,0.0,0,46322.0
22,9,251,13364,0,1,26,0.0,0.0,1.0,0.0,0.0,26,255,1.0,0.0,0.07,0.0,0.0,0.0,0,46435.0
13,9,18,0,0,0,1,0.0,0.0,1.0,0.0,0.0,1,214,1.0,0.0,1.0,0.0,0.0,0.0,1,65465.0
23,5,0,0,0,0,231,1.0,1.0,0.05,0.05,0.0,255,12,0.05,0.06,0.0,1.0,1.0,0.0,1,7345.0
19,9,5133876,0,0,1,1,0.0,0.0,1.0,0.0,0.0,255,69,0.27,0.08,0.0,0.01,0.01,0.0,0,9909.0
14,9,30,0,0,0,1,0.0,0.0,1.0,0.0,0.0,11,12,1.0,0.0,0.17,0.0,0.0,0.0,0,23421.0
11,9,44,76,0,0,103,0.0,0.0,1.0,0.0,0.02,255,254,1.0,0.01,0.0,0.0,0.0,0.0,0,12928.0
45,9,1,0,0,0,8,0.0,0.0,0.12,0.25,0.0,255,36,0.14,0.34,0.0,0.02,0.0,0.0,1,68201.0
22,9,0,20256,0,0,7,0.14,0.14,1.0,0.0,0.0,7,255,1.0,0.0,0.05,0.14,0.0,0.0,0,12394.0
22,9,292,1489,0,1,13,0.0,0.0,1.0,0.0,0.14,80,255,1.0,0.0,0.04,0.0,0.0,0.0,0,30654.0
22,5,0,0,0,0,271,1.0,1.0,0.07,0.05,0.0,255,18,0.07,0.05,0.0,1.0,1.0,0.0,1,101193.0
40,9,147,105,0,0,4,0.0,0.0,0.5,0.5,0.0,255,3,0.01,0.74,0.0,0.0,0.0,0.0,0,44389.0
13,9,8,0,0,0,1,0.0,0.0,1.0,0.0,1.0,2,255,1.0,0.0,0.5,0.0,0.0,0.0,1,94892.0
55,5,0,0,0,0,238,1.0,1.0,0.03,0.06,0.0,255,12,0.05,0.07,0.0,1.0,1.0,0.0,1,45677.0
22,9,240,24342,0,1,4,0.0,0.0,1.0,0.0,0.44,38,255,1.0,0.0,0.06,0.0,0.0,0.0,0,118902.0
22,9,217,1497,0,1,1,0.0,0.0,1.0,0.0,0.0,3,255,1.0,0.0,0.03,0.0,0.0,0.0,0,90781.0
45,9,28,0,3,0,49,0.0,0.0,1.0,0.0,0.0,255,49,0.19,0.64,0.0,0.01,0.0,0.0,1,70779.0
45,5,0,0,0,0,288,1.0,1.0,0.01,0.06,0.0,255,10,0.04,0.09,0.0,1.0,1.0,0.0,1,39381.0
14,9,1480,0,1,0,1,0.0,0.0,1.0,0.0,0.67,1,151,1.0,0.0,0.09,0.0,0.0,0.0,0,122376.0
22,9,297,2584,0,1,3,0.0,0.0,1.0,0.0,0.5,91,255,1.0,0.0,0.03,0.0,0.0,0.01,0,47888.0
19,5,0,0,0,0,32,1.0,1.0,0.19,0.12,0.0,112,44,0.23,0.04,0.05,1.0,0.59,0.0,1,12304.0
37,5,0,0,0,0,108,1.0,1.0,0.14,0.06,0.0,255,8,0.03,0.05,0.0,1.0,1.0,0.0,1,88807.0
22,9,311,4214,0,1,12,0.0,0.0,1.0,0.0,0.0,255,255,1.0,0.0,0.0,0.0,0.0,0.01,0,111028.0
53,5,0,0,0,0,259,1.0,1.0,0.02,0.06,0.0,255,16,0.06,0.07,0.0,1.0,1.0,0.0,1,54796.0
22,9,223,2358,0,1,5,0.0,0.0,1.0,0.0,0.27,128,255,1.0,0.0,0.03,0.0,0.0,0.0,0,1515.0
19,9,10073,0,0,0,15,0.0,0.0,1.0,0.0,0.0,244,67,0.27,0.02,0.0,0.0,0.0,0.0,0,1705.0
22,9,295,1389,0,1,32,0.0,0.0,1.0,0.0,0.0,255,255,1.0,0.0,0.0,0.0,0.0,0.0,0,73399.0
22,9,210,337,0,1,11,0.0,0.0,1.0,0.0,0.0,255,255,1.0,0.0,0.0,0.0,0.0,0.0,0,95745.0
54,5,0,0,0,0,133,1.0,1.0,0.08,0.07,0.0,255,10,0.04,0.08,0.0,1.0,1.0,0.0,1,99975.0
45,5,0,0,0,0,51,1.0,1.0,0.18,0.12,0.0,255,16,0.06,0.09,0.0,1.0,1.0,0.0,1,78154.0
45,9,1,0,0,0,24,0.0,0.0,0.04,0.25,0.0,255,1,0.0,0.45,0.0,0.0,0.0,0.0,1,28820.0
8,5,0,0,0,0,120,1.0,1.0,0.02,0.07,0.0,255,2,0.01,0.07,0.0,1.0,1.0,0.0,1,104713.0
19,9,10261,0,0,1,11,0.0,0.0,1.0,0.0,0.17,145,91,0.28,0.04,0.02,0.0,0.0,0.0,0,55218.0
54,5,0,0,0,0,255,1.0,1.0,0.0,0.07,0.0,255,20,0.08,0.08,0.0,1.0,1.0,0.0,1,31900.0
14,9,30,0,0,0,1,0.0,0.0,1.0,0.0,0.0,169,169,1.0,0.0,0.0,0.0,0.0,0.0,0,82458.0
19,5,0,0,0,0,211,1.0,1.0,0.01,0.06,0.0,255,2,0.01,0.08,0.0,1.0,1.0,0.0,1,7094.0
45,5,0,0,0,0,243,1.0,1.0,0.06,0.06,0.0,255,12,0.05,0.07,0.0,1.0,1.0,0.0,1,2229.0
19,9,960,0,0,0,2,0.0,0.0,0.5,1.0,0.0,205,28,0.14,0.03,0.0,0.0,0.0,0.0,0,91862.0
22,9,402,3972,0,1,10,0.0,0.0,1.0,0.0,0.0,255,255,1.0,0.0,0.0,0.0,0.0,0.0,0,52749.0
22,9,168,2317,0,1,12,0.0,0.0,1.0,0.0,0.0,34,255,1.0,0.0,0.04,0.0,0.0,0.0,0,86890.0
45,9,105,147,0,0,1,0.0,0.0,1.0,0.0,0.0,108,107,0.99,0.02,0.0,0.0,0.0,0.0,0,45443.0
22,9,224,1415,0,1,11,0.0,0.0,1.0,0.0,0.0,48,48,1.0,0.0,0.0,0.0,0.0,0.0,0,16423.0
22,9,313,8919,0,1,5,0.0,0.0,1.0,0.0,0.11,55,255,1.0,0.0,0.02,0.0,0.0,0.0,0,77004.0
21,5,0,0,0,0,257,1.0,1.0,0.04,0.05,0.0,255,9,0.04,0.05,0.0,1.0,1.0,0.0,1,58695.0
11,9,44,113,0,0,1,0.0,0.0,1.0,0.0,0.6,245,204,0.83,0.01,0.0,0.0,0.0,0.0,0,101714.0
22,9,317,744,0,1,20,0.0,0.0,1.0,0.0,0.17,149,255,1.0,0.0,0.06,0.0,0.0,0.69,0,71706.0
40,9,146,105,0,0,4,0.0,0.0,0.25,0.75,0.0,255,1,0.0,0.63,0.0,0.0,0.0,0.0,0,90864.0
49,9,781,285,0,1,2,0.0,0.0,0.5,1.0,0.0,58,182,0.72,0.07,0.01,0.0,0.0,0.0,0,93224.0
45,1,0,0,0,0,300,0.03,0.0,0.0,1.0,0.0,255,1,0.0,0.97,0.0,0.04,0.0,1.0,1,52638.0
55,5,0,0,0,0,271,1.0,1.0,0.02,0.05,0.0,255,5,0.02,0.05,0.0,1.0,1.0,0.0,1,108510.0
45,9,28,0,3,0,64,0.0,0.0,1.0,0.0,0.0,136,64,0.47,0.03,0.0,0.0,0.0,0.0,1,76226.0
11,9,91,0,0,0,1,0.0,0.0,1.0,0.0,0.0,135,97,0.72,0.01,0.0,0.0,0.0,0.0,0,12229.0
23,5,0,0,0,0,127,1.0,1.0,0.02,0.06,0.0,255,2,0.01,0.05,0.0,1.0,1.0,0.0,1,111589.0
13,9,8,0,0,0,1,0.0,0.0,1.0,0.0,1.0,2,14,1.0,0.0,0.5,0.0,0.0,0.0,1,2153.0
45,5,0,0,0,0,103,1.0,1.0,0.17,0.06,0.0,255,17,0.07,0.06,0.0,1.0,1.0,0.0,1,83247.0
19,5,0,0,0,0,35,1.0,1.0,0.43,0.06,0.0,255,15,0.06,0.06,0.0,1.0,1.0,0.0,1,96632.0
22,9,336,2280,0,1,4,0.0,0.0,1.0,0.0,0.0,255,255,1.0,0.0,0.0,0.0,0.0,0.0,0,52396.0
22,9,223,665,0,1,1,0.0,0.0,1.0,0.0,0.0,244,255,1.0,0.0,0.01,0.0,0.0,0.0,0,86173.0
49,9,758,332,0,1,1,0.0,0.0,1.0,0.0,0.0,59,203,0.78,0.07,0.01,0.0,0.0,0.0,0,28384.0
22,6,206,0,0,1,1,1.0,0.67,1.0,0.0,1.0,2,255,1.0,0.0,0.12,0.5,0.0,0.65,1,39835.0
45,5,0,0,0,0,206,1.0,1.0,0.01,0.07,0.0,255,14,0.05,0.07,0.0,1.0,1.0,0.0,1,8496.0
5,5,0,0,0,0,134,1.0,1.0,0.16,0.05,0.0,255,22,0.09,0.05,0.0,1.0,1.0,0.0,1,87897.0
20,5,0,0,0,0,234,1.0,1.0,0.08,0.08,0.0,255,18,0.07,0.07,0.0,1.0,1.0,0.0,1,117374.0
45,9,28,0,3,0,71,0.0,0.0,1.0,0.0,0.0,255,71,0.28,0.64,0.0,0.01,0.0,0.0,1,43626.0
55,5,0,0,0,0,55,1.0,1.0,0.09,0.09,0.0,255,5,0.02,0.07,0.0,1.0,1.0,0.0,1,27583.0
7,5,0,0,0,0,199,1.0,1.0,0.02,0.06,0.0,255,4,0.02,0.09,0.0,1.0,1.0,0.0,1,105029.0
55,9,884,146065,0,1,1,0.0,0.0,1.0,0.0,0.0,22,4,0.18,0.18,0.0,0.09,0.25,0.0,0,48766.0
45,1,0,0,0,0,320,0.07,0.0,0.0,1.0,0.0,255,1,0.0,1.0,0.0,0.08,0.0,1.0,1,110060.0
45,5,0,0,0,0,139,1.0,1.0,0.11,0.06,0.0,255,15,0.06,0.07,0.0,1.0,1.0,0.0,1,51973.0
45,5,0,0,0,0,299,1.0,1.0,0.06,0.05,0.0,255,3,0.01,0.07,0.0,1.0,1.0,0.0,1,9809.0
45,1,0,0,0,0,100,0.0,0.0,0.08,0.07,0.0,255,8,0.03,0.07,0.0,0.0,0.0,1.0,1,79288.0
22,5,0,0,0,0,16,1.0,1.0,0.5,0.25,0.0,98,28,0.29,0.04,0.0,0.98,1.0,0.0,1,31188.0
45,5,0,0,0,0,71,1.0,1.0,0.07,0.08,0.0,255,15,0.06,0.07,0.0,1.0,1.0,0.0,1,96173.0
11,9,44,68,0,0,140,0.0,0.0,1.0,0.0,0.0,255,254,1.0,0.01,0.0,0.0,0.0,0.0,0,122884.0
49,9,971,367,0,1,1,0.0,0.0,1.0,0.0,0.0,119,192,0.85,0.03,0.01,0.0,0.0,0.0,0,12205.0
13,9,8,0,0,0,1,0.0,0.0,1.0,0.0,1.0,1,57,1.0,0.0,0.51,0.0,0.0,0.0,1,90953.0
45,5,0,0,0,0,204,1.0,1.0,0.07,0.06,0.0,255,15,0.06,0.05,0.0,1.0,1.0,0.0,1,43708.0
49,5,0,0,0,0,62,1.0,1.0,0.19,0.06,0.0,255,12,0.05,0.05,0.0,1.0,1.0,0.0,1,22530.0
22,9,302,1075,0,1,3,0.0,0.0,1.0,0.0,0.0,255,215,0.84,0.02,0.0,0.0,0.0,0.0,0,7042.0
22,9,155,1009,0,1,1,0.0,0.0,1.0,0.0,0.0,2,255,1.0,0.0,0.02,0.0,0.0,0.0,0,7983.0
22,9,191,1402,0,1,4,0.0,0.0,1.0,0.0,0.14,38,230,1.0,0.0,0.06,0.0,0.0,0.0,0,55806.0
22,9,233,2013,0,1,2,0.0,0.0,1.0,0.0,0.0,255,224,0.88,0.01,0.0,0.0,0.0,0.0,0,106201.0
0,8,390,7872,0,1,2,0.5,1.0,0.5,1.0,0.0,9,5,0.56,0.22,0.0,0.11,0.2,0.8,0,15696.0
45,5,0,0,0,0,159,0.99,1.0,0.02,0.08,0.0,255,16,0.06,0.07,0.0,1.0,1.0,0.0,1,63551.0
55,5,0,0,0,0,36,0.97,1.0,0.22,0.14,0.0,255,28,0.11,0.05,0.0,1.0,1.0,0.0,1,118239.0
22,9,217,331,0,1,4,0.25,0.14,1.0,0.0,0.29,4,255,1.0,0.0,0.08,0.25,0.01,0.0,0,88792.0
22,9,210,327,0,1,24,0.0,0.0,1.0,0.0,0.0,255,255,1.0,0.0,0.0,0.0,0.0,0.0,0,94872.0
55,9,278,9237,0,1,1,0.0,0.0,1.0,0.0,0.0,255,18,0.07,0.06,0.0,0.75,0.0,0.11,0,112264.0
45,5,0,0,0,0,38,1.0,1.0,0.37,0.08,0.0,255,12,0.05,0.06,0.0,1.0,1.0,0.0,1,32330.0
22,9,234,873,0,1,9,0.0,0.0,1.0,0.0,0.0,86,255,1.0,0.0,0.01,0.0,0.0,0.0,0,115785.0
22,9,238,4492,0,1,6,0.0,0.0,1.0,0.0,0.11,255,255,1.0,0.0,0.0,0.0,0.0,0.0,0,119803.0
22,9,233,1978,0,1,16,0.0,0.0,1.0,0.0,0.0,255,255,1.0,0.0,0.0,0.01,0.01,0.0,0,119270.0
22,9,228,293,0,1,2,0.0,0.0,1.0,0.0,0.5,255,255,1.0,0.0,0.0,0.0,0.0,0.01,0,102570.0
22,9,215,5790,0,1,11,0.0,0.0,1.0,0.0,0.0,230,255,1.0,0.0,0.02,0.0,0.0,0.0,0,82243.0
13,9,8,0,0,0,1,0.0,0.0,1.0,0.0,1.0,2,134,1.0,0.0,0.5,0.0,0.0,0.0,1,46200.0
49,7,12140,1386,0,1,1,1.0,0.5,1.0,0.0,1.0,135,167,0.66,0.03,0.01,0.01,0.01,0.0,0,80840.0
55,5,0,0,0,0,1,1.0,1.0,1.0,0.0,0.0,255,66,0.26,0.02,0.0,1.0,1.0,0.0,1,102104.0
22,9,217,17039,0,1,1,0.0,0.0,1.0,0.0,0.33,1,255,1.0,0.0,0.07,0.0,0.0,0.0,0,123662.0
22,9,193,1395,0,1,24,0.0,0.0,1.0,0.0,0.08,255,255,1.0,0.0,0.0,0.0,0.0,0.0,0,101141.0
11,9,44,79,0,0,168,0.0,0.0,1.0,0.0,0.0,255,227,0.89,0.01,0.0,0.0,0.0,0.0,0,57478.0
22,9,320,2367,0,1,3,0.0,0.0,1.0,0.0,0.06,20,255,1.0,0.0,0.07,0.0,0.0,0.0,0,73937.0
11,9,31,47,0,0,3,0.0,0.0,1.0,0.0,0.4,215,211,0.98,0.01,0.0,0.0,0.0,0.0,0,97321.0
45,1,0,0,0,0,1,0.0,0.0,1.0,0.0,0.0,255,1,0.0,1.0,0.0,0.01,0.0,1.0,1,112725.0
22,9,242,8913,0,1,11,0.0,0.0,1.0,0.0,0.24,255,255,1.0,0.0,0.0,0.0,0.0,0.0,0,35753.0
19,9,1199,0,0,1,11,0.0,0.0,1.0,0.0,0.0,255,101,0.4,0.02,0.0,0.0,0.0,0.0,0,55451.0
45,5,0,0,0,0,186,1.0,1.0,0.13,0.04,0.0,255,25,0.1,0.05,0.0,1.0,1.0,0.0,1,100507.0
45,5,0,0,0,0,294,1.0,1.0,0.05,0.06,0.0,255,20,0.08,0.08,0.0,1.0,1.0,0.0,1,122187.0
37,5,0,0,0,0,142,1.0,1.0,0.01,0.06,0.0,255,8,0.03,0.07,0.0,1.0,1.0,0.0,1,86954.0
17,9,9,139,0,0,1,0.0,0.0,1.0,0.0,0.0,163,10,0.06,0.03,0.0,0.01,0.1,0.0,0,31437.0
45,1,0,0,0,0,28,0.0,0.0,0.18,0.11,0.0,255,4,0.02,0.06,0.0,0.0,0.0,1.0,1,80490.0
50,5,0,0,0,0,300,1.0,1.0,0.08,0.05,0.0,255,25,0.1,0.05,0.0,1.0,1.0,0.0,1,54883.0
22,9,293,1509,0,1,5,0.2,0.2,1.0,0.0,0.0,255,255,1.0,0.0,0.0,0.0,0.0,0.0,0,76040.0
11,9,42,42,0,0,8,0.0,0.0,1.0,0.0,0.21,255,247,0.97,0.01,0.0,0.0,0.0,0.0,0,901.0
62,1,0,0,0,0,136,0.0,0.0,0.04,0.07,0.0,255,6,0.02,0.07,0.0,0.0,0.0,1.0,1,109264.0
22,5,0,0,0,0,10,1.0,1.0,0.5,0.2,0.0,255,65,0.25,0.02,0.0,1.0,1.0,0.0,1,69075.0
45,5,0,0,0,0,125,1.0,1.0,0.14,0.06,0.0,255,12,0.05,0.07,0.0,1.0,1.0,0.0,1,28634.0
19,9,6601,0,0,0,20,0.0,0.0,1.0,0.0,0.0,170,58,0.34,0.02,0.0,0.0,0.0,0.0,0,122917.0
45,5,0,0,0,0,129,1.0,1.0,0.19,0.05,0.0,255,24,0.09,0.06,0.0,1.0,1.0,0.0,1,44877.0
45,4,0,0,0,0,1,0.0,0.0,1.0,0.0,0.0,174,1,0.01,0.06,0.0,0.0,0.0,1.0,1,102041.0
22,9,330,749,0,1,20,0.0,0.0,1.0,0.0,0.1,255,255,1.0,0.0,0.0,0.0,0.0,0.0,0,18458.0
22,9,327,1792,0,1,26,0.0,0.0,1.0,0.0,0.0,146,255,1.0,0.0,0.04,0.0,0.0,0.0,0,104155.0
28,5,0,0,0,0,139,1.0,1.0,0.07,0.06,0.0,255,10,0.04,0.06,0.0,1.0,1.0,0.0,1,18444.0
18,9,937,2720,0,1,1,0.0,0.0,1.0,0.0,0.0,144,22,0.15,0.03,0.0,0.0,0.0,0.0,0,4660.0
19,9,12,0,0,1,1,0.0,0.0,1.0,0.0,0.0,40,101,0.2,0.08,0.02,0.03,0.0,0.0,0,56476.0
37,5,0,0,0,0,146,1.0,1.0,0.04,0.05,0.0,255,4,0.02,0.07,0.0,1.0,1.0,0.0,1,4940.0
22,9,320,6396,0,1,14,0.0,0.0,1.0,0.0,0.0,14,255,1.0,0.0,0.03,0.0,0.0,0.0,0,13661.0
22,9,54540,8314,0,1,4,0.0,0.0,1.0,0.0,0.0,134,134,1.0,0.0,0.0,0.0,0.0,0.05,0,8202.0
19,9,59,0,0,1,15,0.0,0.0,1.0,0.0,0.0,255,51,0.2,0.02,0.0,0.0,0.0,0.0,0,40859.0
45,1,0,0,0,0,97,0.01,0.0,0.01,1.0,0.0,222,1,0.0,0.47,0.0,0.0,0.0,1.0,1,27842.0
13,9,8,0,0,0,1,0.0,0.0,1.0,0.0,1.0,2,255,1.0,0.0,0.25,0.0,0.0,0.0,1,50783.0
7,5,0,0,0,0,238,1.0,1.0,0.03,0.06,0.0,255,8,0.03,0.05,0.0,1.0,1.0,0.0,1,61460.0
19,5,0,0,0,0,33,1.0,1.0,0.21,0.09,0.0,255,7,0.03,0.07,0.0,1.0,1.0,0.0,1,102602.0
22,9,232,770,0,1,2,0.0,0.0,1.0,0.0,0.0,67,255,1.0,0.0,0.04,0.0,0.0,0.0,0,102815.0
22,9,166,366,0,1,2,0.0,0.0,1.0,0.0,0.75,6,255,1.0,0.0,0.02,0.0,0.0,0.0,0,71252.0
35,1,0,0,0,0,110,0.0,0.0,0.08,0.07,0.0,255,9,0.04,0.08,0.0,0.0,0.0,1.0,1,73440.0
33,5,0,0,0,0,299,1.0,1.0,0.08,0.05,0.0,255,24,0.09,0.05,0.0,1.0,1.0,0.0,1,8658.0
22,9,320,4760,0,1,19,0.0,0.0,1.0,0.0,0.0,29,255,1.0,0.0,0.04,0.0,0.0,0.0,0,10742.0
50,5,0,0,0,0,13,1.0,1.0,0.38,0.23,0.0,255,5,0.02,0.08,0.0,1.0,1.0,0.0,1,3876.0
19,9,245,0,0,1,2,0.0,0.0,1.0,0.0,0.0,99,111,0.29,0.05,0.02,0.0,0.0,0.0,0,93844.0
45,9,1,0,0,0,6,0.0,0.0,0.17,0.33,0.0,255,39,0.15,0.5,0.0,0.0,0.0,0.0,1,63041.0
37,5,0,0,0,0,101,1.0,1.0,0.06,0.07,0.0,255,6,0.02,0.07,0.0,1.0,1.0,0.0,1,89488.0
22,9,247,4787,0,1,27,0.0,0.0,1.0,0.0,0.07,255,255,1.0,0.0,0.0,0.0,0.0,0.0,0,114513.0
45,5,0,0,0,0,101,1.0,1.0,0.14,0.06,0.0,255,14,0.05,0.05,0.0,1.0,1.0,0.0,1,74777.0
45,5,0,0,0,0,129,1.0,1.0,0.05,0.07,0.0,255,11,0.04,0.07,0.0,1.0,1.0,0.0,1,98277.0
32,5,0,0,0,0,266,1.0,1.0,0.06,0.07,0.0,255,3,0.01,0.05,0.0,1.0,1.0,0.0,1,50599.0
37,1,0,0,0,0,118,0.0,0.0,0.1,0.07,0.0,255,12,0.05,0.07,0.0,0.0,0.0,1.0,1,92888.0
22,9,289,4894,0,1,4,0.0,0.0,1.0,0.0,0.0,222,255,1.0,0.0,0.02,0.0,0.0,0.0,0,7964.0
58,9,183,0,0,0,2,0.0,0.0,0.5,1.0,0.0,244,12,0.05,0.01,0.0,0.0,0.0,0.0,0,61942.0
3,5,0,0,0,0,237,1.0,1.0,0.04,0.06,0.0,255,10,0.04,0.07,0.0,1.0,1.0,0.0,1,116298.0
13,9,18,0,0,0,1,0.0,0.0,1.0,0.0,0.0,1,171,1.0,0.0,1.0,0.0,0.0,0.0,1,71065.0
45,5,0,0,0,0,133,0.99,1.0,0.1,0.07,0.0,255,15,0.06,0.06,0.0,1.0,1.0,0.0,1,120181.0
11,9,46,46,0,0,80,0.0,0.0,1.0,0.0,0.0,255,187,0.73,0.01,0.0,0.0,0.0,0.0,0,71526.0
11,9,43,126,0,0,111,0.0,0.0,1.0,0.0,0.01,255,255,1.0,0.0,0.0,0.0,0.0,0.0,0,101757.0
22,9,218,2758,0,1,3,0.0,0.0,1.0,0.0,0.0,123,255,1.0,0.0,0.02,0.01,0.01,0.0,0,29138.0
22,9,355,1488,0,1,2,0.0,0.0,1.0,0.0,0.0,24,255,1.0,0.0,0.01,0.0,0.0,0.0,0,13641.0
22,9,307,483,0,1,11,0.0,0.0,1.0,0.0,0.15,255,255,1.0,0.0,0.0,0.0,0.0,0.0,0,95461.0
22,6,307,27740,0,1,4,0.25,0.25,1.0,0.0,0.0,255,255,1.0,0.0,0.0,0.0,0.0,0.0,0,2591.0
22,9,226,2631,0,1,3,0.0,0.0,1.0,0.0,0.0,255,255,1.0,0.0,0.0,0.01,0.01,0.02,0,18363.0
37,1,0,0,0,0,1,0.0,0.0,1.0,0.0,0.0,255,1,0.0,1.0,0.0,0.0,0.0,1.0,1,54575.0
59,5,0,0,0,0,122,1.0,1.0,0.06,0.07,0.0,255,11,0.04,0.07,0.0,1.0,1.0,0.0,1,57849.0
11,9,45,111,0,0,66,0.0,0.0,1.0,0.0,0.01,255,254,1.0,0.01,0.0,0.0,0.0,0.0,0,102170.0
11,9,45,77,0,0,69,0.0,0.0,0.99,0.03,0.0,255,255,1.0,0.0,0.0,0.0,0.0,0.0,0,34311.0
31,5,0,0,0,0,231,1.0,1.0,0.02,0.06,0.0,255,12,0.05,0.09,0.0,1.0,1.0,0.0,1,61230.0
20,1,0,0,0,0,236,0.0,0.0,0.06,0.06,0.0,255,13,0.05,0.07,0.0,0.0,0.0,1.0,1,24959.0
49,9,2381,279,0,1,1,0.0,0.0,1.0,0.0,0.0,143,190,0.76,0.03,0.01,0.0,0.0,0.0,0,6785.0
22,1,0,0,0,0,1,0.0,0.0,1.0,0.0,0.0,37,255,1.0,0.0,0.13,0.0,0.0,1.0,0,102146.0
22,9,286,1024,0,1,2,0.0,0.0,1.0,0.0,0.67,76,85,1.0,0.0,0.06,0.0,0.0,0.01,0,96515.0
22,9,283,1707,0,1,10,0.0,0.0,1.0,0.0,0.0,255,255,1.0,0.0,0.0,0.0,0.0,0.0,0,27814.0
31,5,0,0,0,0,261,1.0,1.0,0.06,0.06,0.0,255,5,0.02,0.07,0.0,1.0,1.0,0.0,1,8744.0
17,2,0,0,0,0,1,0.0,0.0,1.0,0.0,0.0,196,6,0.02,0.03,0.33,0.0,0.0,0.17,0,74432.0
45,9,1,0,0,0,20,0.0,0.0,0.25,0.15,0.0,255,12,0.05,0.82,0.0,0.03,0.0,0.0,1,95925.0
45,5,0,0,0,0,293,1.0,1.0,0.06,0.06,0.0,255,30,0.12,0.06,0.0,1.0,1.0,0.0,1,64210.0
45,5,0,0,0,0,151,0.95,1.0,0.05,0.06,0.0,255,10,0.04,0.07,0.0,1.0,1.0,0.0,1,58939.0
16,5,0,0,0,0,142,1.0,1.0,0.14,0.06,0.0,255,13,0.05,0.07,0.0,1.0,1.0,0.0,1,75931.0
14,9,1032,0,0,0,511,0.0,0.0,1.0,0.0,0.0,255,92,0.36,0.1,0.0,0.0,0.0,0.0,1,70846.0
12,5,0,0,0,0,215,1.0,1.0,0.0,0.06,0.0,255,1,0.0,0.06,0.0,1.0,1.0,0.0,1,47588.0
29,5,0,0,0,0,45,1.0,1.0,0.18,0.11,0.0,255,10,0.04,0.08,0.0,1.0,1.0,0.0,1,122080.0
22,9,338,238,0,1,1,0.0,0.0,1.0,0.0,0.15,2,253,1.0,0.0,0.21,0.0,0.0,0.8,0,15774.0
11,9,44,133,0,0,13,0.0,0.0,1.0,0.0,0.02,169,119,0.7,0.01,0.0,0.0,0.0,0.0,0,120997.0
56,5,0,0,0,0,205,1.0,1.0,0.02,0.06,0.0,255,9,0.04,0.07,0.0,1.0,1.0,0.0,1,68756.0
49,9,1303,329,0,1,1,0.0,0.0,1.0,0.0,1.0,29,146,0.41,0.17,0.02,0.0,0.0,0.0,0,37945.0
19,9,12,0,0,1,2,0.0,0.0,1.0,0.0,0.0,122,52,0.3,0.03,0.04,0.0,0.0,0.0,0,21991.0
45,5,0,0,0,0,41,1.0,1.0,0.22,0.12,0.0,255,11,0.04,0.08,0.0,1.0,1.0,0.0,1,24248.0
45,5,0,0,0,0,204,1.0,1.0,0.03,0.05,0.0,145,6,0.04,0.08,0.0,0.9,1.0,0.0,1,94560.0
54,5,0,0,0,0,262,1.0,1.0,0.08,0.05,0.0,255,22,0.09,0.05,0.0,1.0,1.0,0.0,1,27137.0
45,1,0,0,0,0,140,0.0,0.0,0.07,0.06,0.0,255,5,0.02,0.07,0.0,0.0,0.0,1.0,1,60836.0
45,5,0,0,0,0,283,1.0,1.0,0.05,0.06,0.0,255,14,0.05,0.08,0.0,1.0,1.0,0.0,1,89366.0
22,9,190,329,0,1,1,0.0,0.0,1.0,0.0,0.0,255,255,1.0,0.0,0.0,0.01,0.01,0.0,0,56948.0
19,9,501760,0,0,1,2,0.0,0.0,1.0,0.0,0.0,99,90,0.59,0.03,0.03,0.0,0.0,0.0,0,14365.0
13,9,8,0,0,0,1,0.0,0.0,1.0,0.0,1.0,1,35,1.0,0.0,0.51,0.0,0.0,0.0,1,18781.0
45,5,0,0,0,0,28,1.0,1.0,0.18,0.11,0.0,255,5,0.02,0.07,0.0,1.0,1.0,0.0,1,83048.0
22,9,54540,8314,0,1,3,0.0,0.0,1.0,0.0,0.0,142,142,1.0,0.0,0.0,0.0,0.0,0.05,0,59840.0
13,9,8,0,0,0,1,0.0,0.0,1.0,0.0,1.0,1,62,1.0,0.0,0.52,0.0,0.0,0.0,1,26343.0
11,9,75,44,0,0,114,0.0,0.0,1.0,0.0,0.0,255,166,0.65,0.01,0.0,0.0,0.0,0.0,0,101036.0
22,9,236,34500,0,1,8,0.0,0.0,1.0,0.0,0.0,255,255,1.0,0.0,0.0,0.0,0.0,0.0,0,69665.0
22,1,0,0,0,0,1,0.0,0.0,1.0,0.0,0.0,3,227,1.0,0.0,0.14,0.0,0.0,0.77,0,68522.0
45,5,0,0,0,0,172,1.0,1.0,0.01,0.07,0.0,255,3,0.01,0.08,0.0,1.0,1.0,0.0,1,66486.0
45,5,0,0,0,0,172,1.0,1.0,0.06,0.06,0.0,255,19,0.07,0.07,0.0,1.0,1.0,0.0,1,117818.0
45,5,0,0,0,0,223,1.0,1.0,0.03,0.06,0.0,255,6,0.02,0.07,0.0,1.0,1.0,0.0,1,54109.0
25,1,0,0,0,0,177,0.0,0.0,0.06,0.07,0.0,255,11,0.04,0.07,0.0,0.0,0.0,1.0,1,24976.0
22,9,295,7903,0,1,1,0.0,0.0,1.0,0.0,0.0,255,255,1.0,0.0,0.0,0.0,0.0,0.0,0,78646.0
45,5,0,0,0,0,138,1.0,1.0,0.07,0.06,0.0,255,1,0.0,0.06,0.0,1.0,1.0,0.0,1,84068.0
55,5,0,0,0,0,83,1.0,1.0,0.17,0.05,0.0,255,13,0.05,0.07,0.0,1.0,1.0,0.0,1,124673.0
22,9,247,760,0,1,7,0.0,0.0,1.0,0.0,0.0,56,255,1.0,0.0,0.01,0.0,0.0,0.0,0,73949.0
31,5,0,0,0,0,45,1.0,1.0,0.22,0.11,0.0,255,17,0.07,0.07,0.0,1.0,1.0,0.0,1,69312.0
45,5,0,0,0,0,150,1.0,1.0,0.07,0.05,0.0,255,2,0.01,0.08,0.0,1.0,1.0,0.0,1,45821.0
15,5,0,0,0,0,144,1.0,1.0,0.12,0.06,0.0,255,18,0.07,0.06,0.0,1.0,1.0,0.0,1,32374.0
49,9,204879,332,0,1,1,0.0,0.0,1.0,0.0,1.0,54,181,0.87,0.06,0.01,0.0,0.01,0.0,0,67236.0
13,9,8,0,0,0,1,0.0,0.0,1.0,0.0,1.0,3,251,1.0,0.0,0.25,0.0,0.0,0.0,1,43399.0
22,9,231,659,0,1,7,0.0,0.0,1.0,0.0,0.25,48,255,1.0,0.0,0.05,0.0,0.0,0.0,0,119481.0
25,5,0,0,0,0,235,1.0,1.0,0.07,0.07,0.0,255,18,0.07,0.08,0.0,1.0,1.0,0.0,1,47375.0
22,9,226,1025,0,1,1,0.0,0.0,1.0,0.0,0.5,16,255,1.0,0.0,0.02,0.0,0.0,0.0,0,38094.0
25,5,0,0,0,0,254,1.0,1.0,0.03,0.07,0.0,255,8,0.03,0.07,0.0,1.0,1.0,0.0,1,39765.0
22,9,305,920,0,1,3,0.0,0.0,1.0,0.0,0.5,41,255,1.0,0.0,0.05,0.0,0.0,0.0,0,89644.0
28,5,0,0,0,0,239,1.0,1.0,0.04,0.06,0.0,255,9,0.04,0.06,0.0,1.0,1.0,0.0,1,125018.0
13,9,18,0,0,0,1,0.0,0.0,1.0,0.0,0.0,4,192,1.0,0.0,0.25,0.0,0.0,0.0,1,42947.0
62,5,0,0,0,0,128,1.0,1.0,0.03,0.07,0.0,255,4,0.02,0.07,0.0,1.0,1.0,0.0,1,79877.0
22,9,242,2102,0,1,8,0.0,0.0,1.0,0.0,0.11,36,255,1.0,0.0,0.05,0.0,0.01,0.0,0,19692.0
40,9,147,105,0,0,1,0.0,0.0,1.0,0.0,0.0,255,1,0.0,0.65,0.0,0.0,0.0,0.0,0,13018.0
22,9,311,1628,0,1,2,0.0,0.0,1.0,0.0,0.0,2,255,1.0,0.0,0.04,0.0,0.0,0.0,0,23808.0
62,5,0,0,0,0,232,1.0,1.0,0.0,0.06,0.0,255,1,0.0,0.07,0.0,1.0,1.0,0.0,1,48477.0
11,9,46,46,0,0,132,0.0,0.0,1.0,0.0,0.02,252,187,0.74,0.02,0.0,0.0,0.0,0.0,0,88859.0
49,9,722,330,0,1,1,0.0,0.0,1.0,0.0,0.0,125,143,0.76,0.03,0.01,0.0,0.0,0.0,0,61198.0
45,5,0,0,0,0,212,1.0,1.0,0.09,0.08,0.0,255,20,0.08,0.08,0.0,1.0,1.0,0.0,1,15762.0
49,9,1217,369,0,1,1,0.0,0.0,1.0,0.0,1.0,1,118,1.0,0.0,0.04,0.0,0.0,0.0,0,113063.0
13,9,8,0,0,0,1,0.0,0.0,1.0,0.0,1.0,1,29,1.0,0.0,0.52,0.0,0.0,0.0,1,63332.0
19,1,0,0,0,0,232,0.0,0.0,0.08,0.07,0.0,255,18,0.07,0.07,0.0,0.0,0.0,1.0,1,28768.0
56,5,0,0,0,0,261,1.0,1.0,0.02,0.06,0.0,255,4,0.02,0.07,0.0,1.0,1.0,0.0,1,50882.0
11,9,46,75,0,0,261,0.0,0.0,1.0,0.01,0.0,255,254,1.0,0.01,0.0,0.0,0.0,0.0,0,101957.0
9,2,0,0,0,0,237,0.0,0.0,0.04,0.07,0.0,255,9,0.04,0.08,0.0,0.0,0.0,1.0,1,15982.0
19,9,373,0,0,1,1,0.0,0.0,1.0,0.0,1.0,8,69,0.88,0.25,0.03,0.0,0.0,0.0,0,17789.0
59,5,0,0,0,0,110,1.0,1.0,0.11,0.07,0.0,255,12,0.05,0.07,0.0,1.0,1.0,0.0,1,27850.0
45,5,0,0,0,0,85,1.0,1.0,0.02,0.07,0.0,255,20,0.08,0.07,0.0,1.0,1.0,0.0,1,10115.0
6,5,0,0,0,0,120,1.0,1.0,0.09,0.06,0.0,255,6,0.02,0.07,0.0,1.0,1.0,0.0,1,14521.0
49,9,3318,369,0,1,1,0.0,0.0,1.0,0.0,1.0,18,205,1.0,0.0,0.01,0.0,0.0,0.0,0,117367.0
14,9,1032,0,0,0,12,0.0,0.0,1.0,0.0,0.0,255,12,0.05,0.02,0.0,0.0,0.0,0.0,0,15567.0
11,9,46,46,0,0,135,0.0,0.0,1.0,0.0,0.0,255,255,1.0,0.0,0.0,0.0,0.0,0.0,0,119343.0
25,5,0,0,0,0,250,1.0,1.0,0.1,0.05,0.0,255,24,0.09,0.06,0.0,1.0,1.0,0.0,1,108734.0
45,4,0,0,0,0,1,0.0,0.0,1.0,0.0,0.0,216,1,0.0,0.55,0.0,0.0,0.0,1.0,1,67063.0
22,9,234,866,0,1,2,0.0,0.0,1.0,0.0,0.0,2,255,1.0,0.0,0.04,0.0,0.0,0.0,0,66349.0
22,1,0,0,0,0,1,0.0,0.0,1.0,0.0,0.0,55,225,1.0,0.0,0.16,0.0,0.0,1.0,0,110455.0
18,9,872,2586,0,1,1,0.0,0.0,1.0,0.0,0.0,49,15,0.31,0.1,0.0,0.0,0.0,0.07,0,42040.0
14,9,1032,0,0,0,511,0.0,0.0,1.0,0.0,0.0,255,208,0.82,0.01,0.0,0.0,0.0,0.0,1,11899.0
50,5,0,0,0,0,157,1.0,1.0,0.01,0.07,0.0,255,1,0.0,0.07,0.0,1.0,1.0,0.0,1,76613.0
45,5,0,0,0,0,55,1.0,1.0,0.07,0.11,0.0,255,4,0.02,0.07,0.0,1.0,1.0,0.0,1,37920.0
45,5,0,0,0,0,70,1.0,1.0,0.09,0.1,0.0,255,6,0.02,0.07,0.0,1.0,1.0,0.0,1,124165.0
45,5,0,0,0,0,103,1.0,1.0,0.04,0.06,0.0,255,15,0.06,0.07,0.0,1.0,1.0,0.0,1,40623.0
45,5,0,0,0,0,108,1.0,1.0,0.05,0.06,0.0,255,14,0.05,0.06,0.0,1.0,1.0,0.0,1,59763.0
22,9,213,900,0,1,8,0.0,0.0,1.0,0.0,0.2,130,255,1.0,0.0,0.02,0.01,0.0,0.0,0,1249.0
19,9,7422,0,0,0,8,0.0,0.0,1.0,0.0,0.0,35,81,0.51,0.09,0.02,0.0,0.0,0.0,0,85481.0
13,9,18,0,0,0,1,0.0,0.0,1.0,0.0,0.0,1,54,1.0,0.0,1.0,0.0,0.0,0.0,1,19741.0
22,9,298,3296,0,1,4,0.0,0.0,1.0,0.0,0.0,4,255,1.0,0.0,0.06,0.0,0.0,0.0,0,122288.0
14,9,1032,0,0,0,511,0.0,0.0,1.0,0.0,0.0,255,172,0.67,0.16,0.0,0.0,0.0,0.0,1,88600.0
49,9,1861,327,0,1,1,0.0,0.0,1.0,0.0,1.0,181,192,0.68,0.03,0.01,0.0,0.0,0.0,0,32249.0
22,9,287,630,0,1,22,0.0,0.0,1.0,0.0,0.0,255,255,1.0,0.0,0.0,0.0,0.0,0.0,0,81589.0
14,9,1032,0,0,0,140,0.0,0.0,1.0,0.0,0.0,255,140,0.55,0.01,0.0,0.0,0.0,0.0,1,9421.0
15,5,0,0,0,0,126,1.0,1.0,0.01,0.06,0.0,255,20,0.08,0.07,0.0,1.0,1.0,0.0,1,23814.0
45,5,0,0,0,0,270,1.0,1.0,0.06,0.04,0.0,130,15,0.12,0.08,0.0,0.98,1.0,0.0,1,38800.0
22,5,0,0,0,0,299,1.0,1.0,0.06,0.06,0.0,255,6,0.02,0.08,0.0,1.0,1.0,0.0,1,110909.0
29,5,0,0,0,0,244,1.0,1.0,0.05,0.05,0.0,255,13,0.05,0.06,0.0,1.0,1.0,0.0,1,120668.0
22,9,221,1725,0,1,21,0.0,0.0,1.0,0.0,0.0,21,255,1.0,0.0,0.04,0.0,0.0,0.0,0,105019.0
22,9,204,1948,0,1,12,0.0,0.0,1.0,0.0,0.15,66,255,1.0,0.0,0.01,0.0,0.0,0.0,0,97052.0
11,9,45,166,0,0,204,0.0,0.0,1.0,0.01,0.01,206,167,0.81,0.01,0.0,0.0,0.0,0.0,0,11443.0
30,5,0,0,0,0,128,1.0,1.0,0.16,0.06,0.0,255,20,0.08,0.07,0.0,1.0,1.0,0.0,1,31025.0
15,1,0,0,0,0,121,0.0,0.0,0.03,0.07,0.0,255,4,0.02,0.07,0.0,0.0,0.0,1.0,1,120508.0
49,9,1413,386,0,1,1,0.0,0.0,1.0,0.0,1.0,255,121,0.47,0.02,0.0,0.49,0.55,0.0,0,22173.0
22,9,477,350,0,1,1,0.0,0.0,1.0,0.0,0.0,255,255,1.0,0.0,0.0,0.0,0.0,0.0,0,54718.0
11,9,33,88,0,0,2,0.0,0.0,0.5,1.0,0.0,255,216,0.85,0.01,0.0,0.0,0.0,0.0,0,78869.0
17,5,0,0,0,0,11,0.91,0.75,0.27,0.45,0.5,255,51,0.2,0.04,0.0,1.0,1.0,0.0,1,66788.0
45,9,28,0,3,0,90,0.0,0.0,1.0,0.0,0.0,255,90,0.35,0.02,0.0,0.0,0.0,0.0,1,60456.0
22,1,0,0,0,0,1,0.0,0.0,1.0,0.0,1.0,71,255,1.0,0.0,0.06,0.0,0.0,1.0,0,36755.0
11,9,42,42,0,0,9,0.0,0.0,1.0,0.0,0.14,241,235,0.98,0.01,0.0,0.0,0.0,0.0,0,15217.0
45,9,1,0,0,0,3,0.0,0.0,0.67,0.67,0.0,255,2,0.01,1.0,0.0,0.13,0.0,0.0,1,85406.0
19,9,768,0,0,0,9,0.0,0.0,1.0,0.0,0.0,199,61,0.31,0.03,0.0,0.02,0.0,0.0,0,59855.0
22,5,0,0,0,0,48,1.0,1.0,0.31,0.08,0.0,255,35,0.14,0.06,0.0,1.0,1.0,0.0,1,106351.0
19,9,245,0,0,1,2,0.0,0.0,1.0,0.0,0.0,2,2,1.0,0.0,0.0,0.0,0.0,0.0,0,9394.0
19,5,0,0,0,0,220,1.0,0.83,0.02,0.06,0.33,255,16,0.06,0.06,0.0,1.0,1.0,0.0,1,67987.0
56,9,0,4,0,0,1,0.0,0.0,1.0,0.0,0.0,18,2,0.06,1.0,1.0,0.0,0.0,0.5,1,123847.0
45,5,0,0,0,0,134,1.0,1.0,0.1,0.06,0.0,255,2,0.01,0.07,0.0,1.0,1.0,0.0,1,35978.0
45,1,0,0,0,0,2,0.0,0.0,0.5,1.0,0.0,255,1,0.0,0.4,0.0,0.18,0.0,1.0,1,54209.0
27,1,0,0,0,0,143,0.0,0.0,0.1,0.06,0.0,255,10,0.04,0.06,0.0,0.0,0.0,1.0,1,63313.0
19,9,259,0,0,1,2,0.0,0.0,1.0,0.0,0.0,52,24,0.15,0.06,0.12,0.0,0.0,0.0,0,21387.0
19,9,4539,0,0,0,15,0.0,0.0,1.0,0.0,0.0,80,91,0.44,0.06,0.02,0.0,0.0,0.0,0,1310.0
22,9,286,1084,0,1,10,0.0,0.0,1.0,0.0,0.0,31,255,1.0,0.0,0.05,0.0,0.0,0.0,0,73258.0
55,5,0,0,0,0,128,1.0,1.0,0.12,0.06,0.0,255,5,0.02,0.06,0.0,1.0,1.0,0.0,1,123296.0
19,9,748,0,0,0,1,0.0,0.0,1.0,0.0,0.0,110,15,0.14,0.04,0.0,0.0,0.0,0.0,0,84451.0
45,5,0,0,0,0,48,1.0,1.0,0.17,0.1,0.0,255,9,0.04,0.07,0.0,1.0,1.0,0.0,1,91942.0
22,9,278,1826,0,1,3,0.0,0.0,1.0,0.0,0.5,3,255,1.0,0.0,0.06,0.0,0.0,0.0,0,81063.0
45,2,0,0,0,0,86,0.0,0.0,0.13,0.08,0.0,255,11,0.04,0.07,0.0,0.0,0.0,1.0,1,20990.0
11,9,44,128,0,0,71,0.0,0.0,1.0,0.0,0.01,255,254,1.0,0.01,0.0,0.0,0.0,0.0,0,87430.0
22,1,0,0,0,0,1,0.0,0.0,1.0,0.0,1.0,65,133,1.0,0.0,0.14,0.0,0.0,1.0,0,105899.0
22,9,202,8973,0,1,2,0.0,0.0,1.0,0.0,0.0,128,255,1.0,0.0,0.01,0.0,0.0,0.07,0,105587.0
11,9,45,122,0,0,154,0.0,0.0,1.0,0.0,0.01,255,229,0.9,0.01,0.0,0.0,0.0,0.0,0,105292.0
22,9,204,6356,0,1,18,0.0,0.0,1.0,0.0,0.0,255,255,1.0,0.0,0.0,0.0,0.0,0.0,0,6195.0
13,9,8,0,0,0,1,0.0,0.0,1.0,0.0,1.0,1,143,1.0,0.0,0.5,0.0,0.0,0.0,1,100257.0
39,9,48,48,0,0,1,0.0,0.0,1.0,0.0,0.0,229,34,0.15,0.02,0.0,0.0,0.0,0.0,0,33110.0
11,9,46,149,0,0,233,0.0,0.0,1.0,0.0,0.0,255,251,0.98,0.01,0.0,0.0,0.0,0.0,0,60947.0
22,9,251,580,0,1,1,0.0,0.0,1.0,0.0,1.0,12,255,1.0,0.0,0.01,0.0,0.0,0.0,0,125008.0
35,9,6,0,0,1,509,0.02,0.0,0.0,1.0,0.0,255,1,0.0,1.0,0.0,0.02,0.0,0.0,1,71340.0
22,9,201,546,0,1,73,0.0,0.0,1.0,0.0,0.03,255,255,1.0,0.0,0.0,0.0,0.0,0.0,0,29219.0
22,9,198,609,0,1,11,0.0,0.0,1.0,0.0,0.06,95,255,1.0,0.0,0.03,0.0,0.0,0.0,0,34715.0
40,9,147,105,0,0,1,0.0,0.0,1.0,0.0,0.0,63,1,0.02,0.73,0.0,0.0,0.0,0.0,0,114360.0
22,9,191,484,0,1,3,0.0,0.22,1.0,0.0,0.33,118,255,1.0,0.0,0.02,0.0,0.0,0.0,0,106689.0
11,9,33,0,0,0,1,0.0,0.0,1.0,0.0,0.75,153,12,0.04,0.04,0.17,0.0,0.0,0.0,0,17661.0
22,9,294,5940,0,1,6,0.0,0.0,1.0,0.0,0.29,6,255,1.0,0.0,0.07,0.0,0.0,0.0,0,114817.0
36,5,0,0,0,0,125,1.0,1.0,0.16,0.06,0.0,255,19,0.07,0.06,0.0,1.0,1.0,0.0,1,25411.0
5,1,0,0,0,0,128,0.0,0.0,0.05,0.06,0.0,255,6,0.02,0.05,0.0,0.0,0.0,1.0,1,107163.0
45,5,0,0,0,0,144,1.0,1.0,0.07,0.06,0.0,255,15,0.06,0.06,0.0,1.0,1.0,0.0,1,96299.0
22,9,293,9965,0,1,2,0.0,0.0,1.0,0.0,0.33,240,255,1.0,0.0,0.02,0.0,0.0,0.0,0,9040.0
22,9,287,8420,0,1,9,0.0,0.0,1.0,0.0,0.13,43,255,1.0,0.0,0.02,0.0,0.0,0.0,0,59049.0
62,5,0,0,0,0,271,1.0,1.0,0.05,0.06,0.0,255,13,0.05,0.07,0.0,1.0,1.0,0.0,1,52621.0
22,9,225,318,0,1,2,0.0,0.0,1.0,0.0,0.25,53,255,1.0,0.0,0.03,0.0,0.01,0.01,0,57656.0
45,9,105,146,0,0,1,0.0,0.0,1.0,0.0,0.0,38,32,0.84,0.05,0.0,0.0,0.0,0.0,0,24910.0
22,9,208,330,0,1,15,0.0,0.0,1.0,0.0,0.0,255,255,1.0,0.0,0.0,0.0,0.0,0.0,0,79885.0
17,5,0,0,0,0,22,1.0,1.0,0.32,0.18,0.0,255,67,0.26,0.02,0.0,1.0,1.0,0.0,1,5247.0
25,5,0,0,0,0,34,1.0,1.0,0.21,0.15,0.0,255,7,0.03,0.08,0.0,1.0,1.0,0.0,1,14560.0
45,5,0,0,0,0,275,1.0,1.0,0.07,0.06,0.0,255,14,0.05,0.07,0.0,1.0,1.0,0.0,1,99267.0
22,9,189,450,0,1,5,0.0,0.0,1.0,0.0,0.33,255,255,1.0,0.0,0.0,0.0,0.0,0.0,0,99042.0
53,5,0,0,0,0,155,1.0,1.0,0.1,0.06,0.0,255,15,0.06,0.06,0.0,1.0,1.0,0.0,1,100302.0
22,9,295,312,0,1,7,0.0,0.0,1.0,0.0,0.28,255,255,1.0,0.0,0.0,0.0,0.0,0.0,0,60186.0
11,9,34,34,0,0,7,0.0,0.0,0.14,0.29,0.11,243,180,0.74,0.01,0.0,0.0,0.0,0.0,0,27935.0
22,9,222,296,0,1,17,0.0,0.0,1.0,0.0,0.1,37,255,1.0,0.0,0.06,0.0,0.0,0.0,0,50282.0
60,1,0,0,0,0,281,0.0,0.0,0.06,0.06,0.0,255,16,0.06,0.07,0.0,0.0,0.0,1.0,1,64781.0
45,9,28,0,3,0,39,0.0,0.0,1.0,0.0,0.0,111,39,0.35,0.04,0.0,0.0,0.0,0.0,1,45546.0
13,9,8,0,0,0,1,0.0,0.0,1.0,0.0,1.0,2,16,1.0,0.0,0.56,0.0,0.0,0.0,1,77001.0
45,1,0,0,0,0,107,0.0,0.0,0.17,0.07,0.0,255,18,0.07,0.06,0.0,0.0,0.0,1.0,1,23163.0
49,9,1046,330,0,1,1,0.0,0.0,1.0,0.0,1.0,89,241,0.94,0.02,0.02,0.0,0.0,0.0,0,19183.0
11,9,43,129,0,0,76,0.0,0.0,1.0,0.0,0.01,255,254,1.0,0.01,0.0,0.0,0.0,0.0,0,77285.0
22,9,223,1713,0,1,9,0.0,0.0,1.0,0.0,0.0,255,255,1.0,0.0,0.0,0.0,0.0,0.0,0,65485.0
19,5,0,0,0,0,47,1.0,1.0,0.21,0.09,0.0,255,43,0.17,0.04,0.0,1.0,1.0,0.0,1,122543.0
22,9,211,261,0,1,10,0.0,0.0,1.0,0.0,0.24,27,255,1.0,0.0,0.04,0.0,0.01,0.0,0,119241.0
22,5,0,0,0,0,2,0.5,0.5,1.0,0.0,0.0,29,255,1.0,0.0,0.01,0.03,0.01,0.0,0,93872.0
20,5,0,0,0,0,168,1.0,1.0,0.01,0.07,0.0,255,2,0.01,0.06,0.0,1.0,1.0,0.0,1,1471.0
36,5,0,0,0,0,110,1.0,1.0,0.03,0.07,0.0,255,3,0.01,0.08,0.0,1.0,1.0,0.0,1,52107.0
45,9,1,0,0,0,41,0.0,0.0,0.54,0.12,0.0,255,22,0.09,0.27,0.0,0.0,0.0,0.0,1,71007.0
53,4,0,0,0,0,205,0.0,0.0,0.01,0.52,0.0,255,2,0.01,0.42,0.0,0.0,0.0,1.0,1,52330.0
45,5,0,0,0,0,156,0.99,1.0,0.01,0.08,0.0,255,18,0.07,0.07,0.0,1.0,1.0,0.0,1,45097.0
19,9,641,0,0,1,1,0.0,0.0,1.0,0.0,0.0,76,77,0.14,0.04,0.04,0.03,0.0,0.0,0,125202.0
45,4,0,0,0,0,44,0.0,0.0,0.05,0.55,0.0,214,2,0.01,0.12,0.0,0.01,0.0,1.0,1,33858.0
34,5,0,0,0,0,215,1.0,1.0,0.01,0.06,0.0,255,19,0.07,0.07,0.0,1.0,1.0,0.0,1,33931.0
19,9,9,0,0,1,2,0.0,0.0,1.0,0.0,0.0,86,81,0.1,0.83,0.02,0.0,0.0,0.01,0,35020.0
22,9,303,2613,0,1,6,0.0,0.0,1.0,0.0,0.0,150,255,1.0,0.0,0.02,0.0,0.0,0.0,0,68048.0
49,9,1198,336,0,1,1,0.0,0.0,1.0,0.0,0.0,72,131,0.46,0.07,0.02,0.0,0.0,0.0,0,45105.0
2,5,0,0,0,0,101,1.0,1.0,0.1,0.05,0.0,255,10,0.04,0.05,0.0,1.0,1.0,0.0,1,123559.0
40,1,0,0,0,0,351,0.09,0.0,0.0,1.0,0.0,255,1,0.0,1.0,0.0,0.09,0.0,1.0,1,27994.0
45,5,0,0,0,0,78,1.0,1.0,0.01,0.08,0.0,255,15,0.06,0.07,0.0,1.0,1.0,0.0,1,4320.0
45,9,105,147,0,0,1,0.0,0.0,1.0,0.0,0.0,70,69,0.99,0.03,0.0,0.0,0.0,0.0,0,60628.0
36,1,0,0,0,0,111,0.0,0.0,0.08,0.07,0.0,255,9,0.04,0.07,0.0,0.0,0.0,1.0,1,77865.0
58,9,181,0,0,0,2,0.0,0.0,0.5,1.0,0.0,255,127,0.5,0.01,0.0,0.0,0.0,0.0,0,25375.0
22,9,219,4743,0,1,21,0.0,0.0,1.0,0.0,0.0,255,255,1.0,0.0,0.0,0.0,0.0,0.0,0,30210.0
49,9,1626,334,0,1,1,0.0,0.0,1.0,0.0,0.0,6,38,0.67,0.33,0.05,0.0,0.0,0.0,0,113068.0
20,5,0,0,0,0,148,1.0,1.0,0.08,0.05,0.0,255,13,0.05,0.07,0.0,1.0,1.0,0.0,1,63001.0
36,5,0,0,0,0,203,1.0,1.0,0.07,0.06,0.0,255,15,0.06,0.07,0.0,1.0,1.0,0.0,1,79181.0
6,1,0,0,0,0,259,0.0,0.0,0.07,0.06,0.0,255,18,0.07,0.07,0.0,0.0,0.0,1.0,1,32517.0
19,9,7196,0,0,1,4,0.0,0.0,1.0,0.0,0.0,83,83,0.17,0.07,0.02,0.0,0.0,0.0,0,37976.0
33,5,0,0,0,0,128,1.0,1.0,0.01,0.05,0.0,255,1,0.0,0.05,0.0,1.0,1.0,0.0,1,21780.0
13,9,30,0,0,0,6,0.0,0.0,0.17,0.5,0.0,255,6,0.02,0.01,0.0,0.0,0.0,0.0,0,64098.0
13,9,30,0,0,0,1,0.0,0.0,1.0,0.0,0.0,26,131,1.0,0.0,0.41,0.0,0.0,0.0,0,36457.0
11,9,44,110,0,0,1,0.0,0.0,1.0,0.0,0.0,165,208,1.0,0.0,0.01,0.0,0.0,0.0,0,58340.0
23,1,0,0,0,0,108,0.0,0.0,0.13,0.06,0.0,255,14,0.05,0.05,0.0,0.0,0.0,1.0,1,11487.0
8,2,0,0,0,0,240,0.0,0.0,0.0,0.06,0.0,255,1,0.0,0.07,0.0,0.0,0.0,1.0,1,54911.0
22,9,346,2251,0,1,11,0.0,0.0,1.0,0.0,0.12,176,255,1.0,0.0,0.02,0.01,0.01,0.0,0,109286.0
22,9,201,841,0,1,6,0.0,0.0,1.0,0.0,0.11,6,255,1.0,0.0,0.04,0.0,0.0,0.0,0,96519.0
22,5,0,0,0,0,5,1.0,1.0,0.8,0.4,0.0,87,24,0.28,0.05,0.0,0.98,1.0,0.0,1,69172.0
53,5,0,0,0,0,266,1.0,1.0,0.0,0.06,0.0,255,7,0.03,0.07,0.0,1.0,1.0,0.0,1,123341.0
45,9,105,146,0,0,1,0.0,0.0,1.0,0.0,0.0,229,217,0.95,0.01,0.0,0.0,0.0,0.0,0,451.0
22,9,294,1495,0,1,3,0.0,0.0,1.0,0.0,0.0,81,255,1.0,0.0,0.04,0.0,0.0,0.0,0,52325.0
22,9,244,1469,0,1,8,0.0,0.0,1.0,0.0,0.2,37,255,1.0,0.0,0.01,0.0,0.0,0.0,0,78617.0
45,5,0,0,0,0,150,1.0,1.0,0.07,0.05,0.0,101,11,0.11,0.07,0.0,1.0,1.0,0.0,1,82299.0
22,9,281,2352,0,1,25,0.0,0.0,1.0,0.0,0.0,109,255,1.0,0.0,0.02,0.0,0.0,0.0,0,2758.0
22,9,242,1252,0,1,30,0.0,0.0,1.0,0.0,0.09,255,255,1.0,0.0,0.0,0.0,0.0,0.0,0,100065.0
22,9,325,2789,0,1,10,0.0,0.0,1.0,0.0,0.11,255,255,1.0,0.0,0.0,0.0,0.0,0.0,0,92865.0
22,9,204,1651,0,1,11,0.0,0.0,1.0,0.0,0.0,252,255,1.0,0.0,0.01,0.0,0.0,0.0,0,1761.0
19,9,246,0,0,1,1,0.0,0.0,1.0,0.0,0.0,2,35,1.0,0.0,0.14,0.0,0.0,0.0,1,108166.0
49,9,1859,399,0,1,1,0.0,0.0,1.0,0.0,0.0,255,53,0.21,0.07,0.0,0.61,0.0,0.0,0,115513.0
2,5,0,0,0,0,137,1.0,1.0,0.03,0.05,0.0,255,4,0.02,0.05,0.0,1.0,1.0,0.0,1,117841.0
13,9,30,0,0,0,1,0.0,0.0,1.0,0.0,0.0,3,91,1.0,0.0,0.49,0.0,0.0,0.0,1,41655.0
22,9,237,1582,0,1,5,0.0,0.0,1.0,0.0,0.0,22,255,1.0,0.0,0.03,0.0,0.0,0.0,0,4431.0
18,5,0,0,0,0,249,1.0,1.0,0.08,0.06,0.0,255,19,0.07,0.07,0.0,1.0,1.0,0.0,1,6831.0
13,9,8,0,0,0,1,0.0,0.0,1.0,0.0,1.0,1,169,1.0,0.0,0.25,0.0,0.0,0.0,1,891.0
22,9,192,395,0,1,2,0.0,0.0,1.0,0.0,0.0,82,255,1.0,0.0,0.02,0.0,0.0,0.0,0,83262.0
22,1,0,0,0,0,1,0.0,0.8,1.0,0.0,0.4,2,255,1.0,0.0,0.13,0.0,0.0,0.8,0,45486.0
45,5,0,0,0,0,270,1.0,1.0,0.01,0.06,0.0,255,18,0.07,0.07,0.0,1.0,1.0,0.0,1,107967.0
45,5,0,0,0,0,89,1.0,1.0,0.27,0.04,0.0,255,24,0.09,0.05,0.0,1.0,1.0,0.0,1,45954.0
22,9,275,4221,0,1,3,0.33,0.09,1.0,0.0,0.17,12,255,1.0,0.0,0.02,0.08,0.0,0.0,0,42045.0
22,9,312,1227,0,1,6,0.0,0.0,1.0,0.0,0.0,21,21,1.0,0.0,0.0,0.0,0.0,0.0,0,15392.0
9,5,0,0,0,0,245,1.0,1.0,0.02,0.06,0.0,255,1,0.0,0.05,0.0,1.0,1.0,0.0,1,73232.0
22,9,216,648,0,1,39,0.0,0.0,1.0,0.0,0.05,88,255,1.0,0.0,0.04,0.0,0.0,0.0,0,97299.0
45,1,0,0,0,0,109,0.0,0.0,0.06,0.07,0.0,255,7,0.03,0.07,0.0,0.0,0.0,1.0,1,30442.0
17,9,8,225,0,0,1,0.0,0.0,1.0,0.0,0.0,188,6,0.03,0.02,0.0,0.01,0.0,0.0,0,66511.0
22,9,304,11472,0,1,18,0.0,0.0,1.0,0.0,0.0,255,255,1.0,0.0,0.0,0.0,0.0,0.0,0,10972.0
45,5,0,0,0,0,149,1.0,1.0,0.12,0.05,0.0,255,17,0.07,0.06,0.0,1.0,1.0,0.0,1,31975.0
60,5,0,0,0,0,224,1.0,1.0,0.0,0.07,0.0,255,20,0.08,0.07,0.0,1.0,1.0,0.0,1,94428.0
22,9,320,494,0,1,10,0.0,0.0,1.0,0.0,0.0,255,255,1.0,0.0,0.0,0.0,0.0,0.0,0,81290.0
7,3,0,0,0,0,129,0.0,0.0,0.01,0.57,0.0,255,1,0.0,0.29,0.0,0.0,0.0,1.0,1,105710.0
49,9,1609,333,0,1,2,0.0,0.0,0.5,1.0,0.0,111,65,0.59,0.05,0.0,0.0,0.0,0.0,0,82251.0
22,9,298,1453,0,1,18,0.0,0.0,1.0,0.0,0.0,112,255,1.0,0.0,0.03,0.0,0.0,0.0,0,60530.0
22,9,277,1993,0,1,4,0.0,0.0,1.0,0.0,0.0,184,255,1.0,0.0,0.02,0.0,0.0,0.0,0,25087.0
45,1,0,0,0,0,2,0.0,0.0,0.5,1.0,0.0,255,1,0.0,0.34,0.0,0.0,0.0,1.0,1,79158.0
53,5,0,0,0,0,64,1.0,1.0,0.25,0.09,0.0,255,17,0.07,0.08,0.0,1.0,1.0,0.0,1,124394.0
49,9,984,335,0,1,1,0.0,0.0,1.0,0.0,0.0,20,126,0.8,0.15,0.02,0.0,0.02,0.0,0,80388.0
22,9,301,304,0,1,4,0.0,0.0,1.0,0.0,0.0,255,255,1.0,0.0,0.0,0.0,0.0,0.0,0,29852.0
22,9,359,2282,0,1,4,0.0,0.0,1.0,0.0,0.0,133,255,1.0,0.0,0.09,0.0,0.0,0.48,0,14947.0
22,9,217,1285,0,1,2,0.5,0.04,1.0,0.0,0.16,2,255,1.0,0.0,0.06,0.5,0.0,0.0,0,26061.0
22,9,222,3048,0,1,15,0.0,0.0,1.0,0.0,0.0,255,255,1.0,0.0,0.0,0.0,0.0,0.0,0,66128.0
22,9,214,3370,0,1,1,0.0,0.0,1.0,0.0,0.0,1,255,1.0,0.0,0.01,0.0,0.0,0.0,0,21544.0
11,9,44,146,0,0,69,0.0,0.0,1.0,0.0,0.01,255,255,1.0,0.0,0.0,0.0,0.0,0.0,0,47210.0
40,4,1,0,0,0,2,0.0,0.0,1.0,0.0,0.0,255,2,0.01,0.69,0.0,0.0,0.0,1.0,1,33865.0
40,9,1,0,0,0,14,0.0,0.0,0.07,0.64,0.0,255,1,0.0,0.3,0.0,0.0,0.0,0.0,1,73923.0
22,9,290,1769,0,1,34,0.0,0.0,1.0,0.0,0.07,255,255,1.0,0.0,0.0,0.0,0.0,0.0,0,58147.0
19,5,0,0,0,0,274,1.0,1.0,0.05,0.06,0.0,255,1,0.0,0.07,0.0,1.0,1.0,0.0,1,33391.0
22,9,288,912,0,1,3,0.0,0.0,1.0,0.0,0.15,255,255,1.0,0.0,0.0,0.0,0.0,0.0,0,42823.0
22,9,232,8973,0,1,5,0.0,0.0,1.0,0.0,0.22,5,255,1.0,0.0,0.04,0.0,0.0,0.0,0,75770.0
22,9,203,1896,0,1,4,0.25,0.25,1.0,0.0,0.0,255,255,1.0,0.0,0.0,0.0,0.0,0.0,0,97407.0
45,5,0,0,0,0,231,1.0,1.0,0.06,0.06,0.0,255,16,0.06,0.06,0.0,1.0,1.0,0.0,1,21262.0
22,9,227,1395,0,1,22,0.0,0.0,1.0,0.0,0.09,255,255,1.0,0.0,0.0,0.0,0.0,0.0,0,86713.0
13,9,8,0,0,0,1,0.0,0.0,1.0,0.0,1.0,2,68,1.0,0.0,0.5,0.0,0.0,0.0,1,84989.0
22,9,287,1986,0,1,46,0.0,0.0,1.0,0.0,0.0,52,255,1.0,0.0,0.02,0.0,0.0,0.0,0,72965.0
4,1,0,0,0,0,199,0.0,0.0,0.09,0.06,0.0,255,17,0.07,0.07,0.0,0.0,0.0,1.0,1,37113.0
19,9,5319,0,0,1,7,0.0,0.0,1.0,0.0,0.0,159,56,0.23,0.03,0.04,0.0,0.0,0.0,0,22609.0
14,9,1032,0,0,0,511,0.0,0.0,1.0,0.0,0.0,255,104,0.41,0.09,0.0,0.0,0.0,0.0,1,91336.0
49,9,1742,336,0,1,1,0.0,0.0,1.0,0.0,0.0,151,117,0.38,0.02,0.02,0.0,0.0,0.0,0,35711.0
49,9,1423,282,0,1,1,0.0,0.0,1.0,0.0,1.0,29,120,0.72,0.1,0.02,0.0,0.0,0.0,0,53427.0
20,5,0,0,0,0,175,1.0,1.0,0.03,0.06,0.0,255,5,0.02,0.06,0.0,1.0,1.0,0.0,1,112895.0
45,5,0,0,0,0,119,1.0,1.0,0.15,0.07,0.0,255,27,0.11,0.05,0.0,1.0,1.0,0.0,1,32354.0
12,5,0,0,0,0,291,1.0,1.0,0.05,0.06,0.0,255,16,0.06,0.08,0.0,1.0,1.0,0.0,1,74092.0
31,4,0,0,0,0,1,0.0,0.0,1.0,0.0,0.0,105,1,0.01,0.55,0.0,0.06,0.0,1.0,1,43221.0
22,9,256,13994,0,1,1,0.0,0.0,1.0,0.0,0.0,127,255,1.0,0.0,0.03,0.0,0.0,0.0,0,82009.0
22,9,202,1784,0,1,10,0.0,0.0,1.0,0.0,0.09,255,255,1.0,0.0,0.0,0.0,0.0,0.0,0,41510.0
22,1,0,0,0,0,1,0.0,0.0,1.0,0.0,1.0,1,255,1.0,0.0,0.09,0.0,0.0,0.87,0,6272.0
19,5,0,0,0,0,280,1.0,1.0,0.09,0.05,0.0,255,24,0.09,0.05,0.0,1.0,1.0,0.0,1,4073.0
22,9,323,1215,0,1,7,0.0,0.0,1.0,0.0,0.0,255,255,1.0,0.0,0.0,0.0,0.0,0.0,0,117742.0
22,9,225,9284,0,1,12,0.0,0.0,1.0,0.0,0.12,255,255,1.0,0.0,0.0,0.0,0.0,0.0,0,103635.0
40,4,1,0,0,0,2,0.0,0.0,1.0,0.0,0.0,255,2,0.01,0.74,0.0,0.0,0.0,1.0,1,113739.0
22,9,235,384,0,1,1,0.0,0.0,1.0,0.0,0.67,255,249,0.98,0.01,0.0,0.0,0.0,0.0,0,94694.0
49,9,937,333,0,1,3,0.0,0.0,0.33,0.67,1.0,255,134,0.53,0.02,0.0,0.0,0.0,0.0,0,13468.0
40,9,516,4,0,0,308,0.0,0.0,1.0,0.0,0.0,255,255,1.0,0.0,0.0,0.0,0.0,0.0,0,1780.0
27,5,0,0,0,0,141,1.0,1.0,0.09,0.06,0.0,255,12,0.05,0.06,0.0,1.0,1.0,0.0,1,32254.0
22,9,277,525,0,1,3,0.0,0.0,1.0,0.0,0.4,79,255,1.0,0.0,0.07,0.0,0.0,0.0,0,123840.0
11,9,44,117,0,0,205,0.0,0.0,1.0,0.0,0.01,255,166,0.65,0.01,0.0,0.0,0.0,0.0,0,84851.0
13,9,18,0,0,0,1,0.0,0.0,1.0,0.0,0.0,1,242,1.0,0.0,1.0,0.0,0.0,0.0,1,123535.0
19,9,16115,0,0,1,10,0.0,0.0,1.0,0.0,0.0,202,61,0.3,0.02,0.0,0.0,0.0,0.0,0,21513.0
22,9,217,6763,0,1,3,0.0,0.0,1.0,0.0,0.0,255,255,1.0,0.0,0.0,0.0,0.0,0.01,0,6741.0
19,5,0,0,0,0,133,1.0,1.0,0.11,0.06,0.0,255,2,0.01,0.07,0.0,1.0,1.0,0.0,1,50624.0
43,5,0,0,0,0,228,1.0,1.0,0.06,0.06,0.0,255,14,0.05,0.08,0.0,1.0,1.0,0.0,1,58905.0
19,9,334,0,0,1,2,0.0,0.0,1.0,0.0,0.0,6,40,1.0,0.0,0.17,0.0,0.0,0.0,0,42345.0
22,9,153,33054,0,1,8,0.0,0.0,1.0,0.0,0.0,255,255,1.0,0.0,0.0,0.0,0.0,0.0,0,52765.0
49,9,951,336,0,1,1,0.0,0.0,1.0,0.0,0.0,31,151,0.97,0.06,0.01,0.0,0.0,0.0,0,119464.0
49,9,870,336,0,1,1,0.0,0.0,1.0,0.0,0.0,142,192,0.8,0.02,0.01,0.0,0.0,0.0,0,61617.0
45,9,28,0,3,0,200,0.5,0.0,0.5,0.04,0.0,255,100,0.39,0.61,0.0,0.09,0.0,0.0,1,110629.0
22,5,0,0,0,0,22,1.0,1.0,0.36,0.18,0.0,184,48,0.26,0.02,0.0,0.99,1.0,0.0,1,72492.0
22,5,0,0,0,0,245,1.0,0.95,0.08,0.07,0.1,255,20,0.08,0.07,0.0,1.0,1.0,0.0,1,69347.0
22,9,300,561,0,1,14,0.0,0.0,1.0,0.0,0.0,14,123,1.0,0.0,0.05,0.0,0.0,0.0,0,21484.0
13,9,30,0,0,0,2,0.0,0.0,0.5,1.0,0.0,255,29,0.11,0.01,0.0,0.0,0.0,0.0,0,108420.0
50,4,0,0,0,0,1,0.0,0.0,1.0,0.0,0.0,248,1,0.0,0.6,0.0,0.0,0.0,1.0,1,57636.0
22,9,241,294,0,1,9,0.0,0.0,1.0,0.0,0.17,255,255,1.0,0.0,0.0,0.0,0.0,0.0,0,34858.0
45,5,0,0,0,0,14,1.0,1.0,0.43,0.36,0.0,255,8,0.03,0.1,0.0,1.0,1.0,0.0,1,12856.0
22,9,193,1044,0,1,6,0.0,0.0,1.0,0.0,0.0,28,255,1.0,0.0,0.01,0.0,0.0,0.0,0,69774.0
45,5,0,0,0,0,256,1.0,1.0,0.07,0.05,0.0,255,19,0.07,0.07,0.0,1.0,1.0,0.0,1,90192.0
22,9,331,1846,0,1,6,0.0,0.0,1.0,0.0,0.0,48,255,1.0,0.0,0.02,0.0,0.0,0.0,0,124574.0
11,9,43,79,0,0,232,0.0,0.0,1.0,0.01,0.0,255,246,0.96,0.01,0.0,0.0,0.0,0.0,0,22257.0
62,5,0,0,0,0,238,1.0,1.0,0.0,0.06,0.0,255,1,0.0,0.08,0.0,1.0,1.0,0.0,1,9238.0
58,9,182,0,0,0,2,0.0,0.0,0.5,1.0,0.0,255,20,0.08,0.01,0.0,0.0,0.0,0.0,0,105706.0
22,9,54540,8314,0,1,5,0.0,0.0,1.0,0.0,0.43,154,154,1.0,0.0,0.0,0.0,0.0,0.06,0,96974.0
22,9,323,771,0,1,12,0.08,0.1,1.0,0.0,0.25,60,255,1.0,0.0,0.07,0.02,0.02,0.01,0,53234.0
8,5,0,0,0,0,133,1.0,1.0,0.13,0.05,0.0,255,9,0.04,0.07,0.0,1.0,1.0,0.0,1,56573.0
49,2,0,0,0,0,250,0.0,0.0,0.0,0.06,0.0,255,1,0.0,0.08,0.0,0.0,0.0,1.0,1,99967.0
14,9,1032,0,0,0,511,0.0,0.0,1.0,0.0,0.0,255,72,0.28,0.02,0.0,0.02,0.0,0.0,1,29100.0
22,9,348,379,0,1,12,0.0,0.0,1.0,0.0,0.15,108,255,1.0,0.0,0.02,0.0,0.0,0.0,0,79278.0
22,9,319,1338,0,1,5,0.0,0.0,1.0,0.0,0.0,18,255,1.0,0.0,0.03,0.0,0.0,0.0,0,52927.0
45,9,28,0,3,0,24,0.0,0.0,1.0,0.0,0.0,227,24,0.11,0.05,0.0,0.02,0.0,0.0,1,58005.0
0,4,2170,7643,0,1,1,0.0,0.0,1.0,0.0,0.0,72,23,0.32,0.03,0.0,0.01,0.04,0.57,0,119075.0
55,5,0,0,0,0,8,1.0,1.0,0.12,0.38,0.0,255,41,0.16,0.04,0.0,1.0,1.0,0.0,1,112144.0
13,9,8,0,0,0,1,0.0,0.0,1.0,0.0,1.0,2,88,1.0,0.0,0.5,0.0,0.0,0.0,1,62577.0
59,5,0,0,0,0,146,1.0,1.0,0.14,0.06,0.0,255,20,0.08,0.06,0.0,1.0,1.0,0.0,1,76424.0
19,9,6601,0,0,0,21,0.0,0.0,1.0,0.0,0.0,161,71,0.44,0.02,0.0,0.0,0.0,0.0,0,67851.0
22,9,196,11034,0,1,2,0.0,0.0,1.0,0.0,0.0,7,255,1.0,0.0,0.05,0.0,0.0,0.0,0,46376.0
40,5,0,0,0,0,431,0.07,1.0,0.0,1.0,0.0,255,1,0.0,1.0,0.0,0.1,1.0,0.0,1,58629.0
45,5,0,0,0,0,278,1.0,1.0,0.04,0.06,0.0,255,16,0.06,0.06,0.0,1.0,1.0,0.0,1,11234.0
49,9,817,333,0,1,1,0.0,0.0,1.0,0.0,1.0,222,117,0.48,0.03,0.02,0.0,0.0,0.0,0,113745.0
22,9,332,976,0,1,8,0.0,0.0,1.0,0.0,0.0,255,255,1.0,0.0,0.0,0.0,0.0,0.0,0,77621.0
49,9,2070,480,0,1,1,0.0,0.0,1.0,0.0,1.0,61,131,0.05,0.03,0.02,0.0,0.01,0.0,0,121525.0
45,5,0,0,0,0,110,1.0,1.0,0.17,0.05,0.0,187,19,0.1,0.1,0.0,1.0,1.0,0.0,1,47153.0
37,5,0,0,0,0,144,1.0,1.0,0.1,0.06,0.0,255,9,0.04,0.06,0.0,1.0,1.0,0.0,1,117085.0
49,9,3391,337,0,1,1,0.0,0.0,1.0,0.0,0.0,147,135,0.67,0.05,0.01,0.01,0.01,0.0,0,120510.0
45,5,0,0,0,0,88,1.0,1.0,0.08,0.07,0.0,255,7,0.03,0.06,0.0,1.0,1.0,0.0,1,45640.0
19,5,0,0,0,0,256,1.0,1.0,0.06,0.05,0.0,255,7,0.03,0.07,0.0,1.0,1.0,0.0,1,11352.0
45,5,0,0,0,0,135,1.0,1.0,0.04,0.06,0.0,255,5,0.02,0.09,0.0,1.0,1.0,0.0,1,124505.0
40,1,0,0,0,0,511,0.15,0.0,0.0,1.0,0.0,255,1,0.0,1.0,0.0,0.1,0.0,1.0,1,3259.0
22,9,185,25193,0,1,8,0.0,0.0,1.0,0.0,0.0,30,255,1.0,0.0,0.02,0.0,0.0,0.0,0,69701.0
22,9,54540,8314,0,1,4,0.0,0.0,1.0,0.0,0.0,179,179,1.0,0.0,0.0,0.0,0.0,0.06,0,5308.0
29,5,0,0,0,0,190,1.0,1.0,0.02,0.06,0.0,255,3,0.01,0.06,0.0,1.0,1.0,0.0,1,6330.0
22,9,290,269,0,1,5,0.0,0.0,1.0,0.0,0.29,255,255,1.0,0.0,0.0,0.0,0.0,0.0,0,41954.0
22,9,312,31052,0,1,2,0.0,0.0,1.0,0.0,0.22,65,255,1.0,0.0,0.03,0.0,0.0,0.0,0,35234.0
22,9,252,1262,0,1,4,0.0,0.0,1.0,0.0,0.0,137,255,1.0,0.0,0.03,0.0,0.0,0.0,0,114187.0
45,5,0,0,0,0,180,1.0,1.0,0.14,0.04,0.0,255,25,0.1,0.05,0.0,1.0,1.0,0.0,1,125647.0
11,9,91,0,0,0,1,0.0,0.0,1.0,0.0,0.0,36,19,0.53,0.06,0.0,0.0,0.0,0.0,0,107960.0
45,5,0,0,0,0,223,1.0,1.0,0.1,0.05,0.0,84,21,0.25,0.12,0.0,0.83,1.0,0.0,1,104954.0
14,9,1032,0,0,0,133,0.0,0.0,1.0,0.0,0.0,138,44,0.32,0.05,0.0,0.01,0.0,0.0,1,116819.0
13,9,30,0,0,0,4,0.0,0.0,0.25,0.75,0.0,255,3,0.01,0.01,0.0,0.0,0.0,0.0,0,12655.0
22,9,272,874,0,1,1,0.0,0.0,1.0,0.0,1.0,2,255,1.0,0.0,0.04,0.0,0.0,0.0,0,79471.0
11,9,44,133,0,0,70,0.0,0.0,1.0,0.0,0.01,128,200,0.88,0.02,0.01,0.0,0.0,0.0,0,32800.0
49,9,1630,333,0,1,1,0.0,0.0,1.0,0.0,0.0,93,91,0.37,0.05,0.02,0.0,0.0,0.0,0,5164.0
22,9,159,10413,0,1,1,0.0,0.0,1.0,0.0,0.0,255,255,1.0,0.0,0.0,0.0,0.0,0.0,0,54384.0
55,9,575,86981,0,1,1,0.0,0.0,1.0,0.0,0.0,255,65,0.25,0.02,0.0,0.91,0.92,0.0,0,116180.0
29,5,0,0,0,0,276,1.0,1.0,0.04,0.07,0.0,255,10,0.04,0.08,0.0,1.0,1.0,0.0,1,101183.0
14,9,520,0,0,0,182,0.0,0.0,1.0,0.0,0.0,255,255,1.0,0.0,0.0,0.0,0.0,0.0,1,40462.0
21,5,0,0,0,0,276,1.0,1.0,0.05,0.05,0.0,255,14,0.05,0.05,0.0,1.0,1.0,0.0,1,75129.0
22,9,217,5575,0,1,36,0.0,0.0,1.0,0.0,0.0,255,255,1.0,0.0,0.0,0.0,0.0,0.0,0,79170.0
45,5,0,0,0,0,109,1.0,1.0,0.17,0.06,0.0,255,12,0.05,0.06,0.0,1.0,1.0,0.0,1,9150.0
22,9,294,313,0,1,28,0.0,0.0,1.0,0.0,0.0,255,255,1.0,0.0,0.0,0.0,0.0,0.0,0,74398.0
40,4,1,0,0,0,2,0.0,0.0,1.0,0.0,0.0,255,2,0.01,0.68,0.0,0.0,0.0,1.0,1,91174.0
22,9,303,1650,0,1,4,0.0,0.0,1.0,0.0,0.21,19,255,1.0,0.0,0.06,0.0,0.0,0.0,0,35254.0
60,5,0,0,0,0,242,1.0,1.0,0.1,0.05,0.0,255,25,0.1,0.05,0.0,1.0,1.0,0.0,1,59545.0
20,5,0,0,0,0,217,1.0,1.0,0.03,0.07,0.0,255,7,0.03,0.08,0.0,1.0,1.0,0.0,1,104253.0
18,2,0,0,0,0,251,0.0,0.0,0.03,0.07,0.0,255,7,0.03,0.08,0.0,0.0,0.0,1.0,1,31581.0
45,5,0,0,0,0,287,1.0,1.0,0.03,0.06,0.0,255,19,0.07,0.07,0.0,1.0,1.0,0.0,1,43179.0
19,9,7422,0,0,1,5,0.0,0.0,1.0,0.0,0.0,163,96,0.27,0.02,0.02,0.0,0.0,0.0,0,86355.0
22,5,0,0,0,0,44,1.0,1.0,0.3,0.09,0.0,255,33,0.13,0.06,0.0,1.0,1.0,0.0,1,76849.0
22,9,327,1041,0,1,10,0.0,0.0,1.0,0.0,0.0,100,255,1.0,0.0,0.03,0.0,0.0,0.0,0,58965.0
11,9,45,126,0,0,46,0.0,0.0,1.0,0.0,0.02,255,254,1.0,0.01,0.0,0.0,0.0,0.0,0,57028.0
22,9,311,1837,0,1,8,0.0,0.0,1.0,0.0,0.2,28,255,1.0,0.0,0.03,0.0,0.0,0.0,0,6119.0
22,9,341,6700,0,1,1,0.0,0.0,1.0,0.0,0.4,249,255,1.0,0.0,0.01,0.0,0.0,0.01,0,104581.0
28,5,0,0,0,0,295,1.0,1.0,0.08,0.05,0.0,255,24,0.09,0.05,0.0,1.0,1.0,0.0,1,76714.0
15,5,0,0,0,0,132,1.0,1.0,0.03,0.06,0.0,255,4,0.02,0.06,0.0,1.0,1.0,0.0,1,124753.0
45,4,0,0,0,0,1,0.0,0.0,1.0,0.0,0.0,110,1,0.01,0.15,0.0,0.0,0.0,1.0,1,104097.0
11,9,44,137,0,0,27,0.0,0.0,1.0,0.0,0.02,183,133,0.73,0.01,0.0,0.0,0.0,0.0,0,117340.0
45,1,0,0,0,0,152,0.01,0.0,0.01,1.0,0.0,255,1,0.0,0.62,0.0,0.0,0.0,1.0,1,13637.0
22,9,316,367,0,1,22,0.0,0.0,1.0,0.0,0.0,255,255,1.0,0.0,0.0,0.0,0.0,0.0,0,38442.0
11,9,43,128,0,0,78,0.0,0.0,0.99,0.03,0.01,255,216,0.85,0.02,0.0,0.0,0.0,0.0,0,51838.0
45,1,0,0,0,0,1,0.0,0.0,1.0,0.0,0.0,64,2,0.02,1.0,1.0,0.0,0.0,1.0,1,42962.0
22,9,230,530,0,1,1,0.0,0.0,1.0,0.0,0.0,2,255,1.0,0.0,0.01,0.0,0.0,0.0,0,98848.0
19,9,12,0,0,0,2,0.0,0.0,0.5,1.0,0.0,255,5,0.02,0.75,0.0,0.0,0.0,0.0,1,68980.0
29,5,0,0,0,0,275,1.0,1.0,0.04,0.06,0.0,255,18,0.07,0.07,0.0,1.0,1.0,0.0,1,124149.0
22,9,288,1604,0,1,20,0.0,0.0,1.0,0.0,0.0,60,255,1.0,0.0,0.04,0.0,0.0,0.0,0,12677.0
18,5,0,0,0,0,214,1.0,1.0,0.0,0.07,0.0,255,1,0.0,0.07,0.0,1.0,1.0,0.0,1,11654.0
39,9,48,48,0,0,1,0.0,0.0,1.0,0.0,1.0,255,11,0.04,0.01,0.0,0.0,0.0,0.0,0,51748.0
19,5,0,0,0,0,143,1.0,1.0,0.17,0.04,0.0,255,20,0.08,0.06,0.0,1.0,1.0,0.0,1,88811.0
45,9,105,147,0,0,8,0.0,0.0,0.12,0.25,0.0,255,209,0.82,0.01,0.0,0.0,0.0,0.0,0,40970.0
14,9,1032,0,0,0,511,0.0,0.0,1.0,0.0,0.0,255,11,0.04,0.18,0.0,0.0,0.0,0.0,1,39721.0
13,9,8,0,0,0,1,0.0,0.0,1.0,0.0,1.0,1,159,1.0,0.0,0.5,0.0,0.0,0.0,1,13713.0
19,9,854,0,0,0,1,0.0,0.0,1.0,0.0,0.0,190,71,0.22,0.02,0.03,0.0,0.0,0.0,0,74551.0
45,1,0,0,0,0,53,0.0,0.0,0.36,0.08,0.0,255,19,0.07,0.06,0.0,0.0,0.0,1.0,1,84059.0
2,5,0,0,0,0,122,1.0,1.0,0.16,0.06,0.0,255,16,0.06,0.07,0.0,1.0,1.0,0.0,1,16770.0
5,5,0,0,0,0,101,1.0,1.0,0.18,0.06,0.0,255,20,0.08,0.06,0.0,1.0,1.0,0.0,1,103912.0
49,9,912,332,0,1,2,0.0,0.0,0.5,1.0,0.0,255,33,0.13,0.35,0.0,0.0,0.0,0.0,0,75777.0
10,9,48,244,0,1,5,0.0,0.0,0.2,0.4,0.0,255,1,0.0,0.01,0.0,0.0,0.0,0.0,0,21454.0
19,9,6601,0,0,0,19,0.0,0.0,1.0,0.0,0.0,212,64,0.3,0.03,0.0,0.0,0.0,0.0,0,39696.0
22,9,194,327,0,1,5,0.0,0.0,1.0,0.0,0.29,112,255,1.0,0.0,0.02,0.0,0.0,0.0,0,62513.0
12,5,0,0,0,0,204,1.0,1.0,0.07,0.06,0.0,255,15,0.06,0.07,0.0,1.0,1.0,0.0,1,32114.0
22,9,167,2688,0,1,15,0.0,0.0,1.0,0.0,0.0,41,255,1.0,0.0,0.05,0.0,0.0,0.0,0,93189.0
22,9,339,282,0,1,4,0.0,0.0,1.0,0.0,0.0,255,243,0.95,0.02,0.0,0.0,0.0,0.0,0,69656.0
22,9,310,291,0,1,26,0.0,0.0,1.0,0.0,0.16,255,255,1.0,0.0,0.0,0.0,0.0,0.0,0,80764.0
22,9,207,1425,0,1,5,0.0,0.0,1.0,0.0,0.0,164,255,1.0,0.0,0.01,0.0,0.0,0.0,0,37933.0
22,9,321,703,0,1,11,0.0,0.0,1.0,0.0,0.0,254,255,1.0,0.0,0.01,0.0,0.0,0.0,0,112799.0
13,9,30,0,0,0,2,0.0,0.0,1.0,0.0,0.0,214,214,1.0,0.0,0.0,0.0,0.0,0.0,0,18203.0
22,9,157,44183,0,1,1,0.0,0.0,1.0,0.0,0.0,14,255,1.0,0.0,0.02,0.0,0.0,0.0,0,72021.0
22,5,0,0,0,0,39,1.0,0.95,0.51,0.05,0.1,199,60,0.3,0.02,0.0,1.0,1.0,0.0,1,95690.0
49,9,1239,368,0,1,1,0.0,0.0,1.0,0.0,1.0,57,36,0.63,0.05,0.0,0.0,0.0,0.0,0,70322.0
13,9,8,0,0,0,1,0.0,0.0,1.0,0.0,1.0,4,72,1.0,0.0,0.25,0.0,0.0,0.0,1,116763.0
45,5,0,0,0,0,130,1.0,1.0,0.12,0.05,0.0,255,2,0.01,0.07,0.0,1.0,1.0,0.0,1,100205.0
49,9,504,280,0,1,1,0.0,0.0,1.0,0.0,0.0,192,103,0.51,0.03,0.02,0.01,0.02,0.0,0,53115.0
14,9,1032,0,0,0,427,0.0,0.0,1.0,0.0,0.0,255,255,1.0,0.0,0.0,0.0,0.0,0.0,1,48537.0
40,9,146,105,0,0,1,0.0,0.0,1.0,0.0,0.0,255,1,0.0,0.62,0.0,0.0,0.0,0.0,0,81740.0
22,1,0,0,0,0,1,0.0,0.0,1.0,0.0,1.0,3,255,1.0,0.0,0.22,0.0,0.01,0.97,0,93518.0
45,5,0,0,0,0,106,1.0,1.0,0.07,0.06,0.0,255,8,0.03,0.08,0.0,1.0,1.0,0.0,1,46184.0
40,1,0,0,0,0,390,0.09,0.0,0.0,1.0,0.0,255,1,0.0,1.0,0.0,0.11,0.0,1.0,1,104705.0
22,9,331,508,0,1,8,0.0,0.0,1.0,0.0,0.0,31,255,1.0,0.0,0.03,0.0,0.0,0.0,0,2309.0
22,9,235,7886,0,1,15,0.0,0.0,1.0,0.0,0.11,156,255,1.0,0.0,0.04,0.0,0.0,0.0,0,108831.0
11,9,46,46,0,0,193,0.0,0.0,1.0,0.0,0.0,255,255,1.0,0.0,0.0,0.0,0.0,0.0,0,36986.0
22,9,54540,8314,0,1,2,0.0,0.0,1.0,0.0,0.0,255,255,1.0,0.0,0.0,0.0,0.0,0.02,0,20321.0
22,9,254,535,0,1,7,0.0,0.0,1.0,0.0,0.17,133,255,1.0,0.0,0.02,0.0,0.01,0.12,0,82613.0
45,9,1,0,0,0,145,0.0,0.0,0.93,0.01,0.0,255,203,0.8,0.03,0.0,0.0,0.0,0.0,1,44331.0
22,9,310,813,0,1,7,0.0,0.0,1.0,0.0,0.18,77,255,1.0,0.0,0.01,0.0,0.0,0.0,0,15163.0
11,9,33,49,0,0,2,0.0,0.0,1.0,0.0,0.75,26,25,0.96,0.08,0.0,0.0,0.0,0.0,0,114706.0
45,5,0,0,0,0,117,1.0,1.0,0.15,0.05,0.0,57,4,0.07,0.12,0.0,1.0,1.0,0.0,1,36206.0
22,9,204,4624,0,1,36,0.0,0.0,1.0,0.0,0.0,98,255,1.0,0.0,0.02,0.0,0.0,0.0,0,35512.0
14,9,520,0,0,0,53,0.0,0.0,1.0,0.0,0.0,255,255,1.0,0.0,0.0,0.0,0.0,0.0,1,87801.0
45,5,0,0,0,0,237,1.0,1.0,0.03,0.06,0.0,255,16,0.06,0.07,0.0,1.0,1.0,0.0,1,77593.0
13,9,30,0,0,0,1,0.0,0.0,1.0,0.0,0.0,71,131,1.0,0.0,0.24,0.0,0.0,0.0,0,47176.0
11,9,44,129,0,0,80,0.0,0.0,1.0,0.0,0.01,255,254,1.0,0.01,0.0,0.0,0.0,0.0,0,84906.0
22,9,226,2205,0,1,1,0.0,0.0,1.0,0.0,0.0,10,255,1.0,0.0,0.03,0.0,0.0,0.0,0,98767.0
30,2,0,0,0,0,148,0.0,0.0,0.14,0.05,0.0,255,20,0.08,0.07,0.0,0.0,0.0,1.0,1,23916.0
45,5,0,0,0,0,95,1.0,1.0,0.02,0.06,0.0,255,19,0.07,0.06,0.0,1.0,1.0,0.0,1,61431.0
13,9,8,0,0,0,1,0.0,0.0,1.0,0.0,1.0,1,107,1.0,0.0,0.5,0.0,0.0,0.0,1,25391.0
45,5,0,0,0,0,131,1.0,1.0,0.15,0.06,0.0,241,20,0.08,0.07,0.0,1.0,1.0,0.0,1,121015.0
5,1,0,0,0,0,106,0.0,0.0,0.04,0.08,0.0,255,4,0.02,0.07,0.0,0.0,0.0,1.0,1,88197.0
22,9,308,4930,0,1,12,0.0,0.0,1.0,0.0,0.0,255,255,1.0,0.0,0.0,0.0,0.0,0.0,0,101279.0
22,9,237,2809,0,1,4,0.0,0.0,1.0,0.0,0.4,4,255,1.0,0.0,0.02,0.0,0.0,0.0,0,55171.0
45,5,0,0,0,0,76,1.0,1.0,0.12,0.07,0.0,255,9,0.04,0.05,0.0,1.0,1.0,0.0,1,120558.0
22,9,300,356,0,1,13,0.0,0.0,1.0,0.0,0.0,72,255,1.0,0.0,0.01,0.0,0.0,0.0,0,77031.0
39,9,48,48,0,0,1,0.0,0.0,1.0,0.0,0.0,97,28,0.29,0.03,0.0,0.0,0.0,0.0,0,113146.0
22,9,293,4564,0,1,23,0.0,0.0,1.0,0.0,0.08,255,255,1.0,0.0,0.0,0.0,0.0,0.0,0,111079.0
22,9,322,1432,0,1,26,0.0,0.0,1.0,0.0,0.0,26,255,1.0,0.0,0.09,0.0,0.01,0.0,0,28925.0
22,9,354,1695,0,1,7,0.0,0.0,1.0,0.0,0.0,255,255,1.0,0.0,0.0,0.0,0.0,0.0,0,46061.0
8,5,0,0,0,0,254,1.0,1.0,0.04,0.06,0.0,255,2,0.01,0.07,0.0,1.0,1.0,0.0,1,105745.0
45,5,0,0,0,0,115,1.0,1.0,0.11,0.06,0.0,17,13,0.76,0.18,0.0,1.0,1.0,0.0,1,100941.0
40,9,1,0,0,0,43,0.0,0.0,0.23,0.09,0.0,255,10,0.04,0.06,0.0,0.0,0.0,0.0,1,5314.0
38,5,0,0,0,0,125,1.0,1.0,0.2,0.04,0.0,255,25,0.1,0.04,0.0,1.0,1.0,0.0,1,55753.0
22,9,298,3300,0,1,9,0.0,0.0,1.0,0.0,0.0,21,255,1.0,0.0,0.05,0.0,0.0,0.0,0,109129.0
11,9,42,42,0,0,4,0.0,0.0,1.0,0.0,0.01,255,146,0.57,0.01,0.0,0.0,0.0,0.0,0,85468.0
22,9,220,261,0,1,13,0.0,0.0,1.0,0.0,0.0,255,255,1.0,0.0,0.0,0.0,0.0,0.0,0,56334.0
40,5,0,0,0,0,511,0.2,1.0,0.0,1.0,0.0,255,1,0.0,1.0,0.0,0.22,1.0,0.0,1,101240.0
22,9,189,15875,0,1,2,0.0,0.0,1.0,0.0,0.0,168,255,1.0,0.0,0.04,0.0,0.0,0.0,0,90420.0
22,9,306,2698,0,1,2,0.0,0.0,1.0,0.0,0.0,138,134,0.97,0.01,0.0,0.0,0.0,0.0,0,58303.0
18,9,1482,4152,0,1,2,0.0,0.0,0.5,1.0,0.0,142,59,0.42,0.04,0.0,0.01,0.0,0.0,0,86692.0
22,9,226,1592,0,1,4,0.0,0.0,1.0,0.0,0.4,36,255,1.0,0.0,0.07,0.0,0.0,0.0,0,73537.0
11,9,44,86,0,0,113,0.0,0.0,0.99,0.02,0.02,255,253,0.99,0.01,0.0,0.0,0.0,0.0,0,69580.0
45,9,1,0,0,0,25,0.0,0.0,0.84,0.08,0.0,255,26,0.1,0.7,0.0,0.05,0.0,0.0,1,63075.0
33,1,0,0,0,0,239,0.0,0.0,0.02,0.07,0.0,255,5,0.02,0.08,0.0,0.0,0.0,1.0,1,77418.0
22,9,219,188,0,1,18,0.06,0.06,1.0,0.0,0.0,18,255,1.0,0.0,0.05,0.06,0.01,0.0,0,122821.0
22,9,315,19806,0,1,4,0.0,0.0,1.0,0.0,0.4,45,45,1.0,0.0,0.0,0.0,0.0,0.0,0,92032.0
45,1,0,0,0,0,260,0.0,0.0,0.05,0.06,0.0,255,14,0.05,0.08,0.0,0.0,0.0,1.0,1,99684.0
13,9,8,0,0,0,1,0.0,0.0,1.0,0.0,1.0,1,125,1.0,0.0,0.5,0.0,0.0,0.0,1,50649.0
3,5,0,0,0,0,285,1.0,1.0,0.03,0.06,0.0,255,16,0.06,0.07,0.0,1.0,1.0,0.0,1,79496.0
11,9,45,130,0,0,67,0.0,0.0,1.0,0.0,0.01,255,254,1.0,0.01,0.0,0.0,0.0,0.0,0,100006.0
22,9,189,128,0,1,1,0.0,0.0,1.0,0.0,0.0,74,255,1.0,0.0,0.02,0.0,0.0,0.0,0,65243.0
22,9,207,700,0,1,6,0.17,0.17,1.0,0.0,0.0,6,255,1.0,0.0,0.01,0.17,0.0,0.0,0,24029.0
22,9,208,757,0,1,2,0.0,0.0,1.0,0.0,0.22,150,255,1.0,0.0,0.02,0.0,0.0,0.0,0,1970.0
45,5,0,0,0,0,28,1.0,1.0,0.5,0.14,0.0,255,16,0.06,0.07,0.0,1.0,1.0,0.0,1,8280.0
49,9,806,327,0,1,2,0.0,0.0,0.5,1.0,0.0,168,122,0.73,0.03,0.0,0.0,0.0,0.0,0,101890.0
45,9,28,0,3,0,17,0.0,0.0,1.0,0.0,0.0,255,84,0.33,0.01,0.0,0.0,0.0,0.0,1,101878.0
22,9,255,477,0,1,18,0.0,0.0,1.0,0.0,0.0,57,255,1.0,0.0,0.02,0.0,0.0,0.0,0,118730.0
45,4,1,0,0,0,2,0.0,0.0,1.0,0.0,0.0,255,2,0.01,0.79,0.0,0.0,0.0,1.0,1,114960.0
29,5,0,0,0,0,271,1.0,1.0,0.03,0.07,0.0,255,7,0.03,0.08,0.0,1.0,1.0,0.0,1,25589.0
22,5,0,0,0,0,2,0.5,0.5,1.0,0.0,0.0,228,255,1.0,0.0,0.01,0.02,0.02,0.0,0,59033.0
22,9,207,465,0,1,3,0.0,0.0,1.0,0.0,0.0,17,255,1.0,0.0,0.04,0.0,0.0,0.0,0,58558.0
45,5,0,0,0,0,111,1.0,1.0,0.05,0.06,0.0,255,35,0.14,0.05,0.0,1.0,1.0,0.0,1,71994.0
49,9,1696,808,0,1,1,0.0,0.0,1.0,0.0,0.0,255,34,0.13,0.06,0.0,0.63,0.0,0.0,0,83172.0
23,5,0,0,0,0,84,0.99,1.0,0.01,0.1,0.0,255,1,0.0,0.06,0.0,1.0,1.0,0.0,1,45271.0
19,9,12,0,0,1,2,0.0,0.0,1.0,0.0,0.0,16,51,0.69,0.12,0.06,0.0,0.02,0.0,0,71160.0
2,5,0,0,0,0,244,1.0,1.0,0.08,0.05,0.0,255,20,0.08,0.06,0.0,1.0,1.0,0.0,1,112945.0
22,9,232,1261,0,1,1,0.0,0.0,1.0,0.0,1.0,166,255,1.0,0.0,0.03,0.0,0.0,0.0,0,64911.0
22,4,16384,8314,0,1,4,0.0,0.0,1.0,0.0,0.0,68,68,1.0,0.0,0.0,0.0,0.0,0.19,0,46230.0
49,9,1266,330,0,1,1,0.0,0.0,1.0,0.0,0.0,232,172,0.69,0.02,0.01,0.0,0.0,0.0,0,18235.0
45,1,0,0,0,0,137,0.0,0.0,0.06,0.06,0.0,112,8,0.07,0.07,0.0,0.0,0.0,1.0,1,9314.0
45,5,0,0,0,0,254,1.0,1.0,0.07,0.06,0.0,255,17,0.07,0.05,0.0,1.0,1.0,0.0,1,112068.0
62,5,0,0,0,0,101,1.0,1.0,0.11,0.06,0.0,255,9,0.04,0.06,0.0,1.0,1.0,0.0,1,36446.0
22,9,291,3643,0,1,16,0.0,0.0,1.0,0.0,0.0,16,255,1.0,0.0,0.02,0.0,0.0,0.0,0,10610.0
3,5,0,0,0,0,146,1.0,1.0,0.11,0.05,0.0,255,9,0.04,0.07,0.0,1.0,1.0,0.0,1,115790.0
22,9,247,4425,0,1,2,0.0,0.0,1.0,0.0,0.67,255,255,1.0,0.0,0.0,0.0,0.0,0.0,0,30176.0
11,9,45,81,0,0,123,0.0,0.0,1.0,0.0,0.0,255,199,0.78,0.01,0.0,0.0,0.0,0.0,0,72925.0
3,9,10,39,0,0,1,0.0,0.0,1.0,0.0,0.0,249,13,0.05,0.02,0.0,0.0,0.0,0.0,0,84716.0
19,9,334,0,0,1,2,0.0,0.0,1.0,0.0,0.0,7,32,1.0,0.0,0.16,0.0,0.0,0.0,0,18379.0
19,9,2194619,0,0,1,2,0.0,0.0,1.0,0.0,0.0,206,72,0.35,0.03,0.0,0.0,0.0,0.0,0,54672.0
60,5,0,0,0,0,204,1.0,1.0,0.04,0.06,0.0,255,19,0.07,0.07,0.0,1.0,1.0,0.0,1,47464.0
22,9,341,1164,0,1,8,0.0,0.0,1.0,0.0,0.08,255,255,1.0,0.0,0.0,0.0,0.0,0.0,0,72450.0
45,4,1,0,0,0,2,0.0,0.0,1.0,0.0,0.0,255,2,0.01,0.5,0.0,0.0,0.0,1.0,1,99493.0
22,9,350,1154,0,1,5,0.0,0.0,1.0,0.0,0.0,103,255,1.0,0.0,0.02,0.0,0.0,0.0,0,103530.0
52,5,0,0,0,0,293,1.0,1.0,0.01,0.06,0.0,255,3,0.01,0.07,0.0,1.0,1.0,0.0,1,34205.0
29,5,0,0,0,0,233,1.0,1.0,0.03,0.06,0.0,255,8,0.03,0.07,0.0,1.0,1.0,0.0,1,75886.0
59,2,0,0,0,0,108,0.0,0.0,0.02,0.07,0.0,255,2,0.01,0.06,0.0,0.0,0.0,1.0,1,73328.0
22,9,308,1483,0,1,6,0.0,0.0,1.0,0.0,0.0,130,255,1.0,0.0,0.02,0.0,0.0,0.0,0,114681.0
45,9,105,146,0,0,8,0.0,0.0,0.12,0.25,0.0,255,199,0.78,0.01,0.0,0.0,0.0,0.0,0,50097.0
34,5,0,0,0,0,101,1.0,1.0,0.1,0.06,0.0,255,10,0.04,0.05,0.0,1.0,1.0,0.0,1,32694.0
14,9,1032,0,0,0,511,0.0,0.0,1.0,0.0,0.0,255,131,0.51,0.17,0.0,0.0,0.0,0.0,1,122297.0
45,5,0,0,0,0,272,1.0,1.0,0.04,0.06,0.0,255,9,0.04,0.08,0.0,1.0,1.0,0.0,1,45956.0
18,9,1213,3380,0,1,2,0.0,0.0,0.5,1.0,0.0,250,48,0.19,0.03,0.0,0.0,0.0,0.0,0,97195.0
22,9,385,327,0,1,1,0.0,0.0,1.0,0.0,0.8,55,255,1.0,0.0,0.03,0.0,0.0,0.0,0,107637.0
22,9,198,10319,0,1,15,0.0,0.0,1.0,0.0,0.0,105,255,1.0,0.0,0.03,0.01,0.01,0.0,0,69318.0
55,5,0,0,0,0,15,0.93,1.0,0.93,0.13,0.0,14,15,1.0,0.0,0.13,1.0,0.93,0.0,1,13005.0
45,1,0,0,0,0,223,0.0,0.0,0.03,0.08,0.0,255,7,0.03,0.09,0.0,0.0,0.0,1.0,1,69411.0
45,5,0,0,0,0,260,1.0,1.0,0.04,0.06,0.0,255,11,0.04,0.07,0.0,1.0,1.0,0.0,1,104998.0
45,5,0,0,0,0,121,1.0,1.0,0.08,0.06,0.0,255,9,0.04,0.06,0.0,1.0,1.0,0.0,1,31271.0
22,9,207,1344,0,1,4,0.0,0.0,1.0,0.0,0.0,85,255,1.0,0.0,0.03,0.0,0.0,0.0,0,100563.0
14,9,64,0,0,0,8,0.0,0.0,1.0,0.0,0.0,255,8,0.03,0.01,0.0,0.0,0.0,0.0,0,57562.0
58,9,78,0,0,0,24,0.0,0.0,0.04,0.08,0.0,255,13,0.05,0.01,0.0,0.0,0.0,0.0,0,78133.0
22,9,314,1994,0,1,7,0.0,0.0,1.0,0.0,0.25,155,255,1.0,0.0,0.01,0.0,0.0,0.0,0,48484.0
45,5,0,0,0,0,118,1.0,1.0,0.06,0.07,0.0,255,7,0.03,0.07,0.0,1.0,1.0,0.0,1,39204.0
11,9,34,94,0,0,1,0.0,0.0,1.0,0.0,0.0,84,83,0.99,0.02,0.0,0.0,0.0,0.0,0,89431.0
9,2,0,0,0,0,185,0.0,0.0,0.03,0.06,0.0,255,5,0.02,0.08,0.0,0.0,0.0,1.0,1,121337.0
22,9,293,882,0,1,7,0.0,0.0,1.0,0.0,0.0,6,255,1.0,0.0,0.07,0.0,0.0,0.03,0,41077.0
22,9,321,1321,0,1,51,0.0,0.0,1.0,0.0,0.0,117,255,1.0,0.0,0.04,0.0,0.0,0.0,0,74187.0
45,5,0,0,0,0,74,1.0,1.0,0.05,0.07,0.0,255,19,0.07,0.05,0.0,1.0,1.0,0.0,1,44674.0
24,5,0,0,0,0,236,1.0,1.0,0.04,0.06,0.0,255,10,0.04,0.05,0.0,1.0,1.0,0.0,1,45898.0
49,9,1032,330,0,1,1,0.0,0.0,1.0,0.0,1.0,31,152,0.35,0.19,0.01,0.0,0.0,0.0,0,124829.0
22,9,220,769,0,1,8,0.0,0.0,1.0,0.0,0.0,29,255,1.0,0.0,0.02,0.0,0.0,0.0,0,43989.0
22,9,315,1187,0,1,10,0.0,0.0,1.0,0.0,0.07,255,255,1.0,0.0,0.0,0.0,0.0,0.0,0,125157.0
22,9,195,12714,0,1,1,0.0,0.0,1.0,0.0,0.0,5,255,1.0,0.0,0.01,0.0,0.0,0.0,0,16513.0
35,1,0,0,0,0,235,0.0,0.0,0.0,0.07,0.0,255,1,0.0,0.07,0.0,0.0,0.0,1.0,1,47435.0
22,9,325,8172,0,1,41,0.0,0.0,1.0,0.0,0.08,255,255,1.0,0.0,0.0,0.0,0.0,0.0,0,49562.0
19,5,0,0,0,0,71,1.0,1.0,0.25,0.06,0.0,255,73,0.29,0.02,0.0,1.0,1.0,0.0,1,124015.0
45,5,0,0,0,0,157,1.0,1.0,0.03,0.05,0.0,255,4,0.02,0.05,0.0,1.0,1.0,0.0,1,7280.0
14,9,1032,0,0,0,511,0.0,0.0,1.0,0.0,0.0,255,22,0.09,0.18,0.0,0.0,0.0,0.0,1,13149.0
45,4,0,0,0,0,1,0.0,0.0,1.0,0.0,0.0,255,1,0.0,0.99,0.0,0.0,0.0,1.0,1,10980.0
20,1,0,0,0,0,252,0.0,0.0,0.01,0.07,0.0,255,3,0.01,0.07,0.0,0.0,0.0,1.0,1,9326.0
22,9,222,3411,0,1,17,0.0,0.0,1.0,0.0,0.0,255,255,1.0,0.0,0.0,0.0,0.0,0.0,0,107594.0
22,9,245,1107,0,1,8,0.0,0.0,1.0,0.0,0.0,255,255,1.0,0.0,0.0,0.0,0.0,0.0,0,75808.0
22,9,289,4520,0,1,2,0.5,0.17,1.0,0.0,0.33,30,255,1.0,0.0,0.02,0.03,0.0,0.0,0,102827.0
22,9,347,6239,0,1,7,0.0,0.0,1.0,0.0,0.0,7,255,1.0,0.0,0.04,0.0,0.0,0.0,0,63515.0
2,5,0,0,0,0,206,1.0,1.0,0.01,0.08,0.0,255,2,0.01,0.08,0.0,1.0,1.0,0.0,1,109269.0
19,9,12,0,0,0,2,0.0,0.0,1.0,0.0,0.0,67,44,0.42,0.04,0.05,0.0,0.0,0.0,0,14487.0
62,5,0,0,0,0,299,1.0,1.0,0.06,0.05,0.0,255,17,0.07,0.05,0.0,1.0,1.0,0.0,1,100766.0
8,5,0,0,0,0,211,1.0,1.0,0.05,0.06,0.0,255,18,0.07,0.07,0.0,1.0,1.0,0.0,1,99100.0
58,9,181,0,0,0,4,0.0,0.0,0.75,0.5,0.0,255,104,0.41,0.01,0.0,0.0,0.0,0.0,0,40358.0
14,9,1032,0,0,0,511,0.0,0.0,1.0,0.0,0.0,255,99,0.39,0.02,0.0,0.02,0.0,0.0,1,102381.0
22,9,322,16407,0,1,4,0.0,0.0,1.0,0.0,0.0,9,200,1.0,0.0,0.05,0.0,0.0,0.0,0,6126.0
45,5,0,0,0,0,189,1.0,1.0,0.11,0.06,0.0,50,14,0.28,0.18,0.0,0.72,1.0,0.0,1,73002.0
45,5,0,0,0,0,129,1.0,1.0,0.03,0.06,0.0,255,16,0.06,0.06,0.0,1.0,1.0,0.0,1,113455.0
13,9,8,0,0,0,1,0.0,0.0,1.0,0.0,1.0,1,40,1.0,0.0,0.52,0.0,0.0,0.0,1,37467.0
45,1,0,0,0,0,1,0.0,0.0,1.0,0.0,0.0,26,1,0.04,1.0,0.0,0.0,0.0,1.0,1,95221.0
13,9,30,0,0,0,1,0.0,0.0,1.0,0.0,0.0,57,131,1.0,0.0,0.29,0.0,0.0,0.0,0,50080.0
22,9,285,347,0,1,27,0.0,0.0,1.0,0.0,0.0,238,255,1.0,0.0,0.02,0.0,0.0,0.0,0,16483.0
22,9,217,1107,0,1,7,0.0,0.0,1.0,0.0,0.0,7,255,1.0,0.0,0.07,0.0,0.0,0.0,0,120688.0
52,5,0,0,0,0,111,1.0,1.0,0.05,0.07,0.0,255,5,0.02,0.07,0.0,1.0,1.0,0.0,1,27043.0
40,9,1470,0,0,1,2,0.0,0.0,0.5,1.0,0.0,79,1,0.01,0.1,0.0,0.0,0.0,0.0,0,110341.0
22,9,306,2239,0,1,6,0.0,0.0,1.0,0.0,0.0,49,48,0.98,0.04,0.0,0.0,0.0,0.0,0,75642.0
18,9,1231,2451,0,1,1,0.0,0.0,1.0,0.0,0.0,255,90,0.35,0.02,0.0,0.0,0.0,0.0,0,122611.0
40,1,0,0,0,0,511,0.1,0.0,0.0,1.0,0.0,255,1,0.0,1.0,0.0,0.13,0.0,1.0,1,24755.0
22,9,222,888,0,1,17,0.0,0.0,1.0,0.0,0.11,60,255,1.0,0.0,0.03,0.0,0.0,0.0,0,20495.0
49,9,1944,334,0,1,1,0.0,0.0,1.0,0.0,0.0,91,172,0.56,0.03,0.01,0.0,0.0,0.0,0,95691.0
45,5,0,0,0,0,265,1.0,1.0,0.04,0.06,0.0,255,9,0.04,0.08,0.0,1.0,1.0,0.0,1,7787.0
22,9,244,198,0,1,5,0.0,0.0,1.0,0.0,0.0,255,255,1.0,0.0,0.0,0.0,0.0,0.01,0,16166.0
22,9,198,3918,0,1,4,0.0,0.0,1.0,0.0,0.0,114,255,1.0,0.0,0.01,0.0,0.0,0.0,0,80531.0
22,9,321,1651,0,1,13,0.0,0.0,1.0,0.0,0.16,206,255,1.0,0.0,0.02,0.0,0.01,0.0,0,85720.0
20,1,0,0,0,0,273,0.0,0.0,0.03,0.06,0.0,255,9,0.04,0.06,0.0,0.0,0.0,1.0,1,89416.0
45,5,0,0,0,0,85,1.0,1.0,0.16,0.06,0.0,255,3,0.01,0.08,0.0,1.0,1.0,0.0,1,100751.0
22,9,299,12471,0,1,6,0.0,0.0,1.0,0.0,0.0,255,255,1.0,0.0,0.0,0.0,0.0,0.0,0,31273.0
22,9,206,5200,0,1,21,0.0,0.0,1.0,0.0,0.09,255,255,1.0,0.0,0.0,0.0,0.0,0.01,0,87364.0
31,1,0,0,0,0,275,0.0,0.0,0.03,0.06,0.0,255,8,0.03,0.07,0.0,0.0,0.0,1.0,1,120813.0
22,9,215,4296,0,1,12,0.0,0.0,1.0,0.0,0.1,255,255,1.0,0.0,0.0,0.0,0.0,0.0,0,29946.0
11,9,42,42,0,0,2,0.0,0.0,1.0,0.0,0.6,255,245,0.96,0.01,0.0,0.0,0.0,0.0,0,28052.0
49,9,903,332,0,1,2,0.0,0.0,1.0,0.0,0.67,252,113,0.45,0.02,0.0,0.0,0.0,0.0,0,51394.0
22,9,299,12067,0,1,16,0.0,0.0,1.0,0.0,0.0,39,255,1.0,0.0,0.02,0.0,0.0,0.0,0,5556.0
22,9,305,106411,0,1,1,0.0,0.0,1.0,0.0,0.0,113,113,1.0,0.0,0.0,0.01,0.01,0.0,0,114853.0
8,5,0,0,0,0,261,1.0,1.0,0.07,0.06,0.0,255,9,0.04,0.07,0.0,1.0,1.0,0.0,1,69917.0
40,9,146,105,0,0,5,0.0,0.0,0.2,0.6,0.0,255,1,0.0,0.65,0.0,0.0,0.0,0.0,0,54078.0
45,1,0,0,0,0,144,0.0,0.0,0.12,0.06,0.0,255,16,0.06,0.07,0.0,0.0,0.0,1.0,1,75659.0
54,5,0,0,0,0,234,1.0,1.0,0.01,0.06,0.0,255,3,0.01,0.07,0.0,1.0,1.0,0.0,1,10662.0
11,9,43,131,0,0,1,0.0,0.0,1.0,0.0,0.0,255,187,0.73,0.01,0.0,0.0,0.0,0.0,0,112648.0
40,1,0,0,0,0,511,0.16,0.0,0.0,1.0,0.0,255,1,0.0,1.0,0.0,0.15,0.0,1.0,1,32167.0
45,1,0,0,0,0,1,0.0,0.0,1.0,0.0,0.0,5,2,0.2,1.0,1.0,0.0,0.0,1.0,1,54408.0
18,9,1235,2451,0,1,1,0.0,0.0,1.0,0.0,0.0,255,49,0.19,0.02,0.0,0.03,0.0,0.0,0,26876.0
22,9,215,2996,0,1,19,0.0,0.0,1.0,0.0,0.0,255,255,1.0,0.0,0.0,0.0,0.0,0.0,0,60206.0
22,9,291,2572,0,1,1,0.0,0.0,1.0,0.0,0.0,22,255,1.0,0.0,0.05,0.0,0.0,0.0,0,69555.0
49,5,0,0,0,0,67,1.0,0.95,0.27,0.07,0.11,255,18,0.07,0.06,0.0,1.0,1.0,0.0,1,26606.0
19,5,0,0,0,0,9,1.0,1.0,0.11,0.44,0.0,255,46,0.18,0.05,0.0,1.0,1.0,0.0,1,10060.0
54,5,0,0,0,0,119,1.0,1.0,0.14,0.08,0.0,255,17,0.07,0.07,0.0,1.0,1.0,0.0,1,15940.0
49,9,1901,339,0,1,1,0.0,0.0,1.0,0.0,0.0,138,114,0.77,0.04,0.02,0.0,0.0,0.0,0,27716.0
22,9,289,8822,0,1,4,0.0,0.0,1.0,0.0,0.09,141,255,1.0,0.0,0.02,0.0,0.0,0.0,0,20222.0
22,9,357,1266,0,1,5,0.0,0.0,1.0,0.0,0.29,5,255,1.0,0.0,0.04,0.0,0.0,0.0,0,13766.0
45,5,0,0,0,0,219,1.0,1.0,0.1,0.05,0.0,80,19,0.24,0.12,0.0,0.82,1.0,0.0,1,103085.0
22,9,207,1185,0,1,4,0.0,0.0,1.0,0.0,0.0,74,197,1.0,0.0,0.01,0.0,0.0,0.0,0,44510.0
55,9,431,13335,0,1,1,0.0,0.0,1.0,0.0,0.0,255,41,0.16,0.06,0.0,0.49,0.22,0.12,0,46840.0
11,9,45,87,0,0,203,0.0,0.0,1.0,0.0,0.0,255,255,1.0,0.0,0.0,0.0,0.0,0.0,0,58332.0
40,9,35195,0,0,1,18,0.0,0.0,0.06,0.11,0.0,96,1,0.01,0.04,0.0,0.0,0.0,0.0,0,93864.0
22,9,272,1190,0,1,11,0.0,0.0,1.0,0.0,0.17,156,255,1.0,0.0,0.02,0.0,0.0,0.0,0,9832.0
22,5,0,0,0,0,16,1.0,1.0,0.31,0.19,0.0,255,65,0.25,0.02,0.0,1.0,1.0,0.0,1,37265.0
19,9,383,0,0,1,2,0.0,0.0,1.0,0.0,0.0,239,63,0.21,0.02,0.03,0.0,0.0,0.0,0,80663.0
45,1,0,0,0,0,287,0.11,0.0,0.0,1.0,0.0,255,1,0.0,1.0,0.0,0.1,0.0,1.0,1,21193.0
14,9,520,0,0,0,400,0.0,0.0,1.0,0.0,0.0,255,255,1.0,0.0,0.0,0.0,0.0,0.0,1,50501.0
22,9,233,19796,0,1,1,0.0,0.0,1.0,0.0,0.0,185,255,1.0,0.0,0.02,0.0,0.01,0.12,0,23836.0
20,5,0,0,0,0,235,1.0,1.0,0.08,0.06,0.0,255,2,0.01,0.08,0.0,1.0,1.0,0.0,1,73203.0
5,5,0,0,0,0,122,1.0,1.0,0.06,0.07,0.0,255,10,0.04,0.08,0.0,1.0,1.0,0.0,1,96591.0
59,5,0,0,0,0,137,1.0,1.0,0.08,0.06,0.0,255,9,0.04,0.07,0.0,1.0,1.0,0.0,1,6915.0
35,5,0,0,0,0,269,1.0,1.0,0.05,0.05,0.0,255,14,0.05,0.05,0.0,1.0,1.0,0.0,1,13648.0
19,8,13,0,0,1,2,0.5,0.25,1.0,0.0,0.5,120,69,0.1,0.07,0.03,0.01,0.01,0.0,0,13144.0
49,9,869,331,0,1,1,0.0,0.0,1.0,0.0,0.0,156,152,0.66,0.04,0.01,0.0,0.0,0.0,0,60159.0
22,9,196,9418,0,1,12,0.0,0.0,1.0,0.0,0.0,12,255,1.0,0.0,0.04,0.0,0.0,0.0,0,65659.0
29,5,0,0,0,0,241,1.0,1.0,0.07,0.07,0.0,255,18,0.07,0.07,0.0,1.0,1.0,0.0,1,69976.0
22,9,217,935,0,1,1,0.0,0.0,1.0,0.0,0.0,1,255,1.0,0.0,0.08,0.0,0.0,0.0,0,39465.0
45,1,0,0,0,0,2,0.0,0.0,0.5,1.0,0.0,255,1,0.0,0.75,0.0,0.0,0.0,1.0,1,82425.0
49,9,670,331,0,1,1,0.0,0.0,1.0,0.0,0.0,33,35,0.73,0.12,0.06,0.0,0.0,0.0,0,6280.0
22,9,201,330,0,1,34,0.0,0.0,1.0,0.0,0.05,255,255,1.0,0.0,0.0,0.0,0.0,0.0,0,51073.0
19,9,259,0,0,1,2,0.0,0.0,1.0,0.0,0.0,101,2,0.02,0.04,0.0,0.0,0.0,0.0,0,35377.0
45,5,0,0,0,0,49,1.0,1.0,0.06,0.12,0.0,255,17,0.07,0.07,0.0,1.0,1.0,0.0,1,62930.0
13,9,8,0,0,0,1,0.0,0.0,1.0,0.0,1.0,2,140,1.0,0.0,0.5,0.0,0.0,0.0,1,82005.0
22,9,306,2403,0,1,6,0.0,0.0,1.0,0.0,0.12,6,255,1.0,0.0,0.02,0.0,0.0,0.0,0,83341.0
22,9,168,8718,0,1,1,0.0,0.0,1.0,0.0,0.27,255,255,1.0,0.0,0.0,0.0,0.0,0.0,0,37430.0
22,9,218,302,0,1,2,0.0,0.0,1.0,0.0,0.0,24,255,1.0,0.0,0.03,0.0,0.0,0.0,0,45797.0
22,9,324,3180,0,1,20,0.0,0.0,1.0,0.0,0.1,255,255,1.0,0.0,0.0,0.0,0.0,0.0,0,114247.0
59,5,0,0,0,0,142,1.0,1.0,0.13,0.06,0.0,255,19,0.07,0.06,0.0,1.0,1.0,0.0,1,35248.0
22,9,323,744,0,1,2,0.0,0.0,1.0,0.0,0.0,1,255,1.0,0.0,0.16,0.0,0.0,0.96,0,44408.0
45,4,0,0,0,0,1,0.0,0.0,1.0,0.0,0.0,211,1,0.0,0.22,0.0,0.0,0.0,1.0,1,112968.0
22,5,0,0,0,0,13,1.0,0.93,1.0,0.0,0.14,13,13,1.0,0.0,0.0,1.0,1.0,0.0,1,71833.0
22,9,189,8786,0,1,11,0.0,0.0,1.0,0.0,0.0,91,255,1.0,0.0,0.01,0.0,0.0,0.0,0,52718.0
5,5,0,0,0,0,149,1.0,1.0,0.13,0.05,0.0,255,19,0.07,0.05,0.0,1.0,1.0,0.0,1,21639.0
22,9,312,1325,0,1,5,0.0,0.0,1.0,0.0,0.0,255,255,1.0,0.0,0.0,0.0,0.0,0.0,0,69826.0
51,5,0,0,0,0,220,1.0,1.0,0.04,0.07,0.0,255,8,0.03,0.09,0.0,1.0,1.0,0.0,1,27478.0
22,1,0,0,0,0,1,0.0,0.0,1.0,0.0,0.0,6,87,1.0,0.0,0.37,0.0,0.0,1.0,0,115839.0
45,5,0,0,0,0,160,1.0,1.0,0.01,0.07,0.0,255,16,0.06,0.07,0.0,1.0,1.0,0.0,1,12464.0
22,9,216,1819,0,1,29,0.0,0.0,1.0,0.0,0.07,255,255,1.0,0.0,0.0,0.0,0.0,0.0,0,107648.0
32,5,0,0,0,0,292,1.0,1.0,0.06,0.05,0.0,255,6,0.02,0.07,0.0,1.0,1.0,0.0,1,123725.0
22,9,266,5455,0,1,2,0.0,0.0,1.0,0.0,0.0,55,255,1.0,0.0,0.02,0.0,0.0,0.0,0,31673.0
14,9,1032,0,0,0,1,0.0,0.0,1.0,0.0,0.0,255,1,0.0,0.02,0.0,0.0,0.0,0.0,0,69108.0
17,9,9,224,0,0,1,0.0,0.0,1.0,0.0,0.0,129,9,0.03,0.05,0.22,0.0,0.0,0.0,0,94689.0
45,1,0,0,0,0,2,0.0,0.0,0.5,1.0,0.0,255,1,0.0,0.05,0.0,0.0,0.0,1.0,1,61744.0
22,9,229,1046,0,1,8,0.0,0.0,1.0,0.0,0.0,88,255,1.0,0.0,0.02,0.0,0.0,0.0,0,13878.0
11,9,43,43,0,0,221,0.0,0.0,1.0,0.0,0.01,255,178,0.7,0.01,0.0,0.0,0.0,0.0,0,47532.0
13,9,8,0,0,0,1,0.0,0.0,1.0,0.0,1.0,4,156,1.0,0.0,0.25,0.0,0.0,0.0,1,77923.0
58,9,183,0,0,0,2,0.0,0.0,0.5,1.0,0.0,255,15,0.06,0.01,0.0,0.0,0.0,0.0,0,686.0
22,9,207,1227,0,1,1,0.0,0.0,1.0,0.0,0.0,255,255,1.0,0.0,0.0,0.0,0.0,0.0,0,78905.0
45,5,0,0,0,0,201,1.0,1.0,0.08,0.06,0.0,255,17,0.07,0.07,0.0,1.0,1.0,0.0,1,74184.0
45,5,0,0,0,0,111,1.0,1.0,0.06,0.07,0.0,255,4,0.02,0.07,0.0,1.0,1.0,0.0,1,24990.0
45,5,0,0,0,0,150,1.0,1.0,0.17,0.05,0.0,255,7,0.03,0.06,0.0,1.0,1.0,0.0,1,114189.0
14,9,1032,0,0,0,349,0.0,0.0,1.0,0.0,0.0,255,255,1.0,0.0,0.0,0.0,0.0,0.0,1,41694.0
45,5,0,0,0,0,258,1.0,1.0,0.03,0.06,0.0,255,13,0.05,0.07,0.0,1.0,1.0,0.0,1,57000.0
22,9,214,2504,0,1,6,0.0,0.0,1.0,0.0,0.0,45,255,1.0,0.0,0.05,0.0,0.0,0.0,0,108121.0
13,9,8,0,0,0,1,0.0,0.0,1.0,0.0,1.0,1,25,1.0,0.0,0.52,0.0,0.0,0.0,1,104936.0
49,9,594,325,0,1,1,0.0,0.0,1.0,0.0,0.0,219,118,0.54,0.02,0.0,0.0,0.0,0.0,0,2858.0
22,9,283,14102,0,1,6,0.0,0.0,1.0,0.0,0.0,16,255,1.0,0.0,0.03,0.0,0.0,0.0,0,108576.0
45,5,0,0,0,0,43,1.0,1.0,0.05,0.14,0.0,255,15,0.06,0.08,0.0,1.0,1.0,0.0,1,99387.0
18,9,1212,2449,0,1,1,0.0,0.0,1.0,0.0,0.0,255,118,0.46,0.02,0.0,0.0,0.0,0.0,0,51366.0
45,1,0,0,0,0,147,0.0,0.0,0.12,0.05,0.0,255,2,0.01,0.07,0.0,0.0,0.0,1.0,1,108168.0
22,9,348,2884,0,1,15,0.0,0.0,1.0,0.0,0.0,60,96,1.0,0.0,0.09,0.0,0.0,0.0,0,108492.0
11,9,45,125,0,0,74,0.0,0.0,0.99,0.03,0.01,255,236,0.93,0.01,0.0,0.0,0.0,0.0,0,20897.0
55,2,0,0,0,0,241,0.0,0.0,0.07,0.07,0.0,255,17,0.07,0.07,0.0,0.0,0.0,1.0,1,93599.0
22,9,350,590,0,1,1,0.0,0.0,1.0,0.0,0.67,2,255,1.0,0.0,0.01,0.0,0.0,0.0,0,6520.0
22,9,320,544,0,1,35,0.0,0.0,1.0,0.0,0.12,255,255,1.0,0.0,0.0,0.0,0.0,0.0,0,38327.0
62,5,0,0,0,0,255,1.0,1.0,0.01,0.06,0.0,255,3,0.01,0.07,0.0,1.0,1.0,0.0,1,116211.0
49,9,815,375,0,1,1,0.0,0.0,1.0,0.0,0.0,78,240,0.94,0.05,0.02,0.0,0.0,0.0,0,49854.0
28,5,0,0,0,0,132,1.0,1.0,0.15,0.06,0.0,255,20,0.08,0.07,0.0,1.0,1.0,0.0,1,47530.0
22,9,202,377,0,1,3,0.0,0.0,1.0,0.0,0.0,8,255,1.0,0.0,0.05,0.0,0.0,0.0,0,81696.0
14,9,520,0,0,0,482,0.0,0.0,1.0,0.0,0.0,64,64,1.0,0.0,0.0,0.0,0.0,0.0,1,18676.0
22,9,247,1122,0,1,14,0.0,0.0,1.0,0.0,0.08,50,255,1.0,0.0,0.02,0.0,0.01,0.0,0,96975.0
19,9,10,0,0,0,1,0.0,0.0,1.0,0.0,0.0,255,16,0.06,0.93,0.0,0.91,0.0,0.0,1,70444.0
13,9,8,0,0,0,1,0.0,0.0,1.0,0.0,1.0,2,48,1.0,0.0,0.5,0.0,0.0,0.0,1,10219.0
22,9,235,3267,0,1,2,0.0,0.0,1.0,0.0,0.1,255,255,1.0,0.0,0.0,0.0,0.0,0.0,0,61136.0
19,9,10044,0,0,1,3,0.0,0.0,1.0,0.0,0.0,62,13,0.21,0.06,0.0,0.0,0.0,0.0,0,107673.0
45,9,105,145,0,0,4,0.0,0.0,0.25,0.5,0.0,255,243,0.95,0.01,0.0,0.0,0.0,0.0,0,67617.0
22,9,286,4118,0,1,2,0.0,0.0,1.0,0.0,0.67,24,255,1.0,0.0,0.01,0.0,0.0,0.0,0,113776.0
45,5,0,0,0,0,283,1.0,1.0,0.06,0.06,0.0,255,10,0.04,0.08,0.0,1.0,1.0,0.0,1,4469.0
22,9,180,1894,0,1,1,0.0,0.0,1.0,0.0,0.0,255,252,0.99,0.01,0.0,0.0,0.0,0.0,0,49053.0
5,5,0,0,0,0,117,1.0,1.0,0.09,0.06,0.0,255,10,0.04,0.07,0.0,1.0,1.0,0.0,1,94016.0
18,9,1195,2447,0,1,1,0.0,0.0,1.0,0.0,0.0,255,95,0.37,0.02,0.0,0.0,0.0,0.0,0,74818.0
29,1,0,0,0,0,266,0.0,0.0,0.07,0.06,0.0,255,18,0.07,0.08,0.0,0.0,0.0,1.0,1,62418.0
45,9,28,0,3,0,47,0.0,0.0,1.0,0.0,0.0,250,47,0.19,0.04,0.0,0.02,0.0,0.0,1,62034.0
49,9,1706,330,0,1,1,0.0,0.0,1.0,0.0,0.0,102,84,0.74,0.03,0.02,0.0,0.0,0.0,0,121258.0
10,5,0,0,0,0,291,1.0,1.0,0.04,0.06,0.0,255,10,0.04,0.06,0.0,1.0,1.0,0.0,1,81718.0
45,1,0,0,0,0,102,0.07,0.0,0.01,1.0,0.0,255,1,0.0,0.67,0.0,0.03,0.0,1.0,1,54554.0
27,5,0,0,0,0,20,1.0,1.0,0.25,0.1,0.0,255,14,0.05,0.06,0.0,1.0,1.0,0.0,1,76129.0
22,9,54540,8314,0,1,6,0.0,0.0,1.0,0.0,0.0,247,247,1.0,0.0,0.0,0.0,0.0,0.05,0,48673.0
22,9,277,1911,0,1,5,0.0,0.0,1.0,0.0,0.33,58,255,1.0,0.0,0.01,0.0,0.0,0.0,0,53087.0
14,9,1480,0,1,0,8,0.0,0.0,1.0,0.0,0.0,255,8,0.03,0.02,0.0,0.0,0.0,0.0,0,95867.0
22,1,0,0,0,0,1,0.0,0.0,1.0,0.0,0.0,11,140,1.0,0.0,0.14,0.0,0.0,1.0,0,51976.0
49,9,550,332,0,1,1,0.0,0.0,1.0,0.0,0.0,178,131,0.74,0.04,0.0,0.0,0.0,0.0,0,40888.0
14,9,1032,0,0,0,511,0.0,0.0,1.0,0.0,0.0,255,161,0.63,0.03,0.0,0.0,0.0,0.0,1,68323.0
19,9,259,0,0,1,2,0.0,0.0,1.0,0.0,0.0,132,72,0.55,0.04,0.0,0.0,0.0,0.0,0,125182.0
13,9,18,0,0,0,1,0.0,0.0,1.0,0.0,0.0,1,4,1.0,0.0,1.0,0.0,0.0,0.0,1,33223.0
22,9,301,9295,0,1,25,0.0,0.0,1.0,0.0,0.0,25,255,1.0,0.0,0.01,0.0,0.0,0.0,0,50787.0
14,9,1480,0,1,0,1,0.0,0.0,1.0,0.0,0.67,1,9,1.0,0.0,0.56,0.0,0.0,0.0,0,98189.0
45,9,1,0,0,0,141,0.0,0.0,0.93,0.01,0.0,255,199,0.78,0.03,0.0,0.0,0.0,0.0,1,60067.0
45,5,0,0,0,0,128,1.0,1.0,0.12,0.05,0.0,255,6,0.02,0.06,0.0,1.0,1.0,0.0,1,117347.0
22,9,297,1155,0,1,30,0.0,0.0,1.0,0.0,0.09,159,219,1.0,0.0,0.03,0.0,0.0,0.0,0,109801.0
34,5,0,0,0,0,219,1.0,1.0,0.03,0.06,0.0,255,15,0.06,0.07,0.0,1.0,1.0,0.0,1,120639.0
55,9,144,2281,0,1,1,0.0,0.0,1.0,0.0,0.0,255,24,0.09,0.44,0.0,0.44,0.12,0.04,0,55754.0
22,9,306,440,0,1,38,0.0,0.0,1.0,0.0,0.08,38,255,1.0,0.0,0.02,0.0,0.0,0.0,0,37756.0
45,4,0,0,0,0,1,0.0,0.0,1.0,0.0,0.0,255,1,0.0,0.11,0.0,0.0,0.0,1.0,1,47912.0
13,9,8,0,0,0,1,0.0,0.0,1.0,0.0,1.0,2,255,1.0,0.0,0.5,0.0,0.0,0.0,1,6474.0
8,5,0,0,0,0,258,1.0,1.0,0.02,0.07,0.0,255,6,0.02,0.08,0.0,1.0,1.0,0.0,1,24653.0
45,5,0,0,0,0,243,1.0,1.0,0.02,0.05,0.0,255,6,0.02,0.05,0.0,1.0,1.0,0.0,1,90538.0
49,9,1314,332,0,1,1,0.0,0.0,1.0,0.0,1.0,136,157,0.57,0.04,0.01,0.0,0.0,0.0,0,120449.0
22,9,325,608,0,1,4,0.0,0.0,1.0,0.0,0.0,255,255,1.0,0.0,0.0,0.0,0.0,0.0,0,59119.0
19,9,854,0,0,1,2,0.0,0.0,1.0,0.0,0.0,255,113,0.44,0.05,0.0,0.01,0.02,0.0,0,52300.0
11,9,44,44,0,0,149,0.0,0.0,1.0,0.0,0.0,255,255,1.0,0.0,0.0,0.0,0.0,0.0,0,124881.0
19,9,3888,0,0,1,10,0.0,0.0,1.0,0.0,0.0,112,56,0.34,0.04,0.04,0.0,0.0,0.0,0,21712.0
19,9,276,0,0,0,3,0.0,0.0,1.0,0.0,0.5,53,70,0.42,0.09,0.03,0.0,0.0,0.0,0,81675.0
22,9,245,764,0,1,1,0.0,0.0,1.0,0.0,0.4,31,255,1.0,0.0,0.05,0.0,0.0,0.0,0,11792.0
22,9,245,1523,0,1,13,0.0,0.0,1.0,0.0,0.0,63,255,1.0,0.0,0.04,0.0,0.0,0.0,0,123231.0
7,5,0,0,0,0,213,1.0,1.0,0.08,0.06,0.0,255,7,0.03,0.07,0.0,1.0,1.0,0.0,1,121911.0
45,5,0,0,0,0,288,1.0,1.0,0.03,0.06,0.0,255,9,0.04,0.06,0.0,1.0,1.0,0.0,1,62846.0
11,9,110,33,0,0,1,0.0,0.0,1.0,0.0,0.0,24,19,0.79,0.08,0.0,0.0,0.0,0.0,0,6114.0
22,9,156,500,0,1,1,0.0,0.0,1.0,0.0,0.0,166,255,1.0,0.0,0.01,0.0,0.0,0.0,0,101717.0
11,9,43,68,0,0,128,0.0,0.0,1.0,0.0,0.0,255,255,1.0,0.0,0.0,0.0,0.0,0.0,0,125482.0
22,9,234,361,0,1,1,0.0,0.0,1.0,0.0,0.0,255,255,1.0,0.0,0.0,0.0,0.0,0.0,0,104447.0
22,9,311,518,0,1,12,0.0,0.0,1.0,0.0,0.0,199,255,1.0,0.0,0.02,0.0,0.0,0.0,0,45249.0
22,6,319,8760,0,1,8,0.12,0.12,1.0,0.0,0.0,70,255,1.0,0.0,0.01,0.01,0.0,0.0,0,64842.0
27,5,0,0,0,0,137,1.0,1.0,0.15,0.07,0.0,255,20,0.08,0.07,0.0,1.0,1.0,0.0,1,101384.0
61,5,0,0,0,0,116,1.0,1.0,0.04,0.06,0.0,255,5,0.02,0.05,0.0,1.0,1.0,0.0,1,43021.0
22,9,215,373,0,1,66,0.0,0.0,1.0,0.0,0.0,149,255,1.0,0.0,0.03,0.0,0.0,0.0,0,40139.0
21,5,0,0,0,0,274,1.0,1.0,0.06,0.06,0.0,255,4,0.02,0.07,0.0,1.0,1.0,0.0,1,116802.0
5,1,0,0,0,0,120,0.0,0.0,0.15,0.07,0.0,255,18,0.07,0.06,0.0,0.0,0.0,1.0,1,75716.0
19,9,12983,0,0,1,2,0.0,0.0,1.0,0.0,0.0,249,70,0.28,0.07,0.0,0.0,0.01,0.0,0,98038.0
13,9,8,0,0,0,1,0.0,0.0,1.0,0.0,1.0,2,172,1.0,0.0,0.5,0.0,0.0,0.0,1,124098.0
49,9,1604,373,0,1,1,0.0,0.0,1.0,0.0,1.0,183,243,0.96,0.01,0.01,0.0,0.0,0.0,0,27015.0
49,9,3318,388,0,1,1,0.0,0.0,1.0,0.0,0.0,255,25,0.1,0.06,0.0,0.0,0.0,0.0,0,8920.0
22,9,233,398,0,1,13,0.0,0.0,1.0,0.0,0.0,255,255,1.0,0.0,0.0,0.0,0.0,0.0,0,78295.0
49,9,771,330,0,1,1,0.0,0.0,1.0,0.0,1.0,48,139,0.69,0.12,0.01,0.0,0.0,0.0,0,34898.0
49,9,1422,407,0,1,1,0.0,0.0,1.0,0.0,1.0,103,173,0.95,0.02,0.01,0.0,0.0,0.0,0,19675.0
59,5,0,0,0,0,105,0.99,1.0,0.01,0.09,0.0,255,1,0.0,0.06,0.0,1.0,1.0,0.0,1,38464.0
15,5,0,0,0,0,138,1.0,1.0,0.14,0.05,0.0,255,5,0.02,0.07,0.0,1.0,1.0,0.0,1,34243.0
45,5,0,0,0,0,174,1.0,1.0,0.01,0.06,0.0,20,2,0.1,0.25,0.0,0.3,1.0,0.0,1,120039.0
19,9,607,0,0,0,2,0.0,0.0,1.0,0.0,0.67,154,63,0.41,0.02,0.0,0.0,0.0,0.0,0,91187.0
22,9,208,774,0,1,9,0.0,0.0,1.0,0.0,0.11,9,255,1.0,0.0,0.04,0.0,0.0,0.0,0,28577.0
55,2,0,0,0,0,247,0.0,0.0,0.08,0.06,0.0,255,19,0.07,0.07,0.0,0.0,0.0,1.0,1,58448.0
11,9,46,46,0,0,14,0.0,0.0,1.0,0.0,0.2,255,255,1.0,0.0,0.0,0.0,0.0,0.0,0,26212.0
39,9,48,48,0,0,1,0.0,0.0,1.0,0.0,0.0,13,6,0.46,0.23,0.0,0.0,0.0,0.0,0,32587.0
10,5,0,0,0,0,269,1.0,1.0,0.07,0.06,0.0,255,19,0.07,0.07,0.0,1.0,1.0,0.0,1,60182.0
13,9,8,0,0,0,1,0.0,0.0,1.0,0.0,1.0,1,101,1.0,0.0,0.5,0.0,0.0,0.0,1,30936.0
22,9,323,4881,0,1,17,0.0,0.0,1.0,0.0,0.1,255,255,1.0,0.0,0.0,0.0,0.0,0.0,0,100084.0
2,1,0,0,0,0,289,0.0,0.0,0.06,0.06,0.0,255,16,0.06,0.07,0.0,0.0,0.0,1.0,1,30063.0
13,9,8,0,0,0,1,0.0,0.0,1.0,0.0,1.0,3,195,1.0,0.0,0.25,0.0,0.0,0.0,1,19932.0
22,9,201,290,0,1,14,0.0,0.0,1.0,0.0,0.0,255,255,1.0,0.0,0.0,0.0,0.0,0.0,0,2034.0
11,9,44,132,0,0,289,0.0,0.0,1.0,0.01,0.0,254,219,0.86,0.01,0.0,0.0,0.0,0.0,0,72482.0
40,9,3775,0,0,1,15,0.07,0.0,0.07,0.33,0.0,174,1,0.01,0.05,0.0,0.01,0.0,0.0,0,111369.0
49,9,3078,329,0,1,1,0.0,0.0,1.0,0.0,1.0,117,136,0.74,0.06,0.01,0.01,0.01,0.0,0,43364.0
22,9,189,15028,0,1,1,0.0,0.0,1.0,0.0,0.0,255,255,1.0,0.0,0.0,0.0,0.0,0.0,0,19960.0
45,1,0,0,0,0,156,0.0,0.0,0.12,0.07,0.0,255,18,0.07,0.08,0.0,0.0,0.0,1.0,1,52785.0
19,9,10044,0,0,1,12,0.0,0.0,1.0,0.0,0.0,18,18,1.0,0.0,0.0,0.0,0.0,0.0,0,20110.0
45,9,105,147,0,0,9,0.0,0.0,0.22,0.22,0.0,255,231,0.91,0.01,0.0,0.0,0.0,0.0,0,107972.0
22,9,224,753,0,1,21,0.0,0.0,1.0,0.0,0.0,255,255,1.0,0.0,0.0,0.0,0.0,0.0,0,75732.0
22,9,54540,8314,0,1,1,0.0,0.0,1.0,0.0,0.0,46,46,1.0,0.0,0.0,0.0,0.0,0.0,0,74487.0
22,9,322,2126,0,1,13,0.0,0.0,1.0,0.0,0.14,64,255,1.0,0.0,0.03,0.0,0.0,0.0,0,109106.0
17,5,0,0,0,0,27,1.0,1.0,0.26,0.07,0.0,255,7,0.03,0.07,0.0,1.0,1.0,0.0,1,76999.0
11,9,91,0,0,0,1,0.0,0.0,1.0,0.0,1.0,255,255,1.0,0.0,0.0,0.0,0.0,0.0,0,100276.0
45,4,0,0,0,0,3,0.0,0.0,0.33,0.67,0.0,255,1,0.0,0.08,0.0,0.0,0.0,1.0,1,11211.0
14,9,520,0,0,0,451,0.0,0.0,1.0,0.0,0.0,14,14,1.0,0.0,0.0,0.0,0.0,0.0,1,17364.0
49,9,2728,306,0,1,1,0.0,0.0,1.0,0.0,0.0,80,67,0.04,0.89,0.04,0.0,0.0,0.03,0,77546.0
14,9,520,0,0,0,151,0.0,0.0,1.0,0.0,0.0,255,255,1.0,0.0,0.0,0.0,0.0,0.0,1,109889.0
17,5,0,0,0,0,23,1.0,1.0,0.13,0.17,0.0,255,53,0.21,0.04,0.0,1.0,1.0,0.0,1,105811.0
22,9,346,465,0,1,7,0.0,0.0,1.0,0.0,0.25,16,255,1.0,0.0,0.06,0.0,0.0,0.0,0,6961.0
49,9,1294,333,0,1,1,0.0,0.0,1.0,0.0,0.0,143,112,0.55,0.03,0.02,0.0,0.0,0.0,0,32963.0
55,5,0,0,0,0,268,1.0,1.0,0.02,0.06,0.0,255,5,0.02,0.08,0.0,1.0,1.0,0.0,1,7521.0
45,9,1,26,0,0,24,0.0,0.0,0.46,0.12,0.0,255,11,0.04,0.83,0.0,0.16,0.0,0.0,1,48991.0
22,9,214,9986,0,1,10,0.0,0.0,1.0,0.0,0.18,66,255,1.0,0.0,0.02,0.0,0.0,0.0,0,340.0
22,9,203,622,0,1,5,0.0,0.0,1.0,0.0,0.0,113,255,1.0,0.0,0.04,0.0,0.0,0.0,0,33019.0
11,9,45,111,0,0,105,0.0,0.0,1.0,0.0,0.01,255,254,1.0,0.01,0.0,0.0,0.0,0.0,0,20397.0
22,9,272,2143,0,1,12,0.0,0.0,1.0,0.0,0.19,255,255,1.0,0.0,0.0,0.0,0.0,0.0,0,30412.0
49,9,1158,325,0,1,1,0.0,0.0,1.0,0.0,1.0,32,179,0.62,0.09,0.01,0.0,0.0,0.0,0,23819.0
22,9,311,866,0,1,14,0.0,0.0,1.0,0.0,0.0,108,255,1.0,0.0,0.02,0.0,0.0,0.0,0,72635.0
45,9,105,145,0,0,2,0.0,0.0,1.0,0.0,0.0,170,154,0.91,0.02,0.0,0.0,0.0,0.0,0,87047.0
49,9,1209,335,0,1,1,0.0,0.0,1.0,0.0,0.0,120,84,0.7,0.03,0.0,0.0,0.0,0.0,0,64066.0
52,5,0,0,0,0,229,1.0,1.0,0.03,0.07,0.0,255,7,0.03,0.07,0.0,1.0,1.0,0.0,1,994.0
22,9,237,7834,0,1,9,0.0,0.0,1.0,0.0,0.0,26,255,1.0,0.0,0.07,0.0,0.0,0.0,0,93327.0
22,1,0,0,0,0,1,0.0,0.0,1.0,0.0,1.0,11,254,1.0,0.0,0.25,0.0,0.0,0.89,0,123540.0
18,9,1064,3081,0,1,1,0.0,0.0,1.0,0.0,0.0,119,27,0.23,0.03,0.0,0.03,0.07,0.0,0,54487.0
45,5,0,0,0,0,102,1.0,1.0,0.03,0.06,0.0,19,4,0.21,0.26,0.0,1.0,1.0,0.0,1,86415.0
22,9,283,18037,0,1,1,0.0,0.0,1.0,0.0,0.0,255,255,1.0,0.0,0.0,0.0,0.0,0.0,0,15642.0
12,1,0,0,0,0,511,0.07,0.0,0.0,1.0,0.0,255,1,0.0,1.0,0.0,0.11,0.0,1.0,1,97677.0
30,5,0,0,0,0,131,1.0,1.0,0.12,0.07,0.0,255,5,0.02,0.07,0.0,1.0,1.0,0.0,1,46961.0
22,9,299,6989,0,1,3,0.0,0.0,1.0,0.0,0.22,6,25,1.0,0.0,0.08,0.0,0.0,0.0,0,80785.0
9,5,0,0,0,0,275,1.0,1.0,0.05,0.05,0.0,255,13,0.05,0.05,0.0,1.0,1.0,0.0,1,104737.0
11,9,45,138,0,0,69,0.0,0.0,0.99,0.03,0.01,255,236,0.93,0.01,0.0,0.0,0.0,0.0,0,46023.0
14,9,1032,0,0,0,511,0.0,0.0,1.0,0.0,0.0,255,26,0.1,0.12,0.0,0.12,0.0,0.0,1,12402.0
23,1,0,0,0,0,117,0.0,0.0,0.03,0.07,0.0,255,4,0.02,0.08,0.0,0.0,0.0,1.0,1,102399.0
45,5,0,0,0,0,265,1.0,1.0,0.05,0.05,0.0,125,12,0.1,0.08,0.0,0.98,1.0,0.0,1,17948.0
60,5,0,0,0,0,245,1.0,1.0,0.01,0.06,0.0,255,2,0.01,0.07,0.0,1.0,1.0,0.0,1,98590.0
22,9,299,1075,0,1,7,0.0,0.0,1.0,0.0,0.0,255,248,0.97,0.01,0.0,0.0,0.0,0.02,0,99445.0
22,9,298,1565,0,1,7,0.0,0.0,1.0,0.0,0.0,255,255,1.0,0.0,0.0,0.0,0.0,0.0,0,68354.0
22,9,295,633,0,1,1,0.0,0.0,1.0,0.0,0.0,31,255,1.0,0.0,0.1,0.0,0.0,0.0,0,80102.0
22,9,200,887,0,1,21,0.0,0.0,1.0,0.0,0.13,255,255,1.0,0.0,0.0,0.0,0.0,0.0,0,84879.0
22,9,245,2966,0,1,1,0.0,0.0,1.0,0.0,0.0,104,255,1.0,0.0,0.02,0.0,0.0,0.0,0,81117.0
18,9,1514,4152,0,1,2,0.0,0.0,0.5,1.0,0.0,196,38,0.19,0.04,0.0,0.01,0.0,0.0,0,49867.0
45,5,0,0,0,0,106,1.0,1.0,0.17,0.08,0.0,255,18,0.07,0.06,0.0,1.0,1.0,0.0,1,96193.0
22,9,216,1710,0,1,6,0.0,0.0,1.0,0.0,0.29,74,255,1.0,0.0,0.04,0.0,0.0,0.0,0,95092.0
40,9,1,0,0,0,2,0.0,0.0,1.0,0.0,0.0,255,2,0.01,0.15,0.0,0.0,0.0,0.0,1,15512.0
22,9,193,1069,0,1,2,0.0,0.0,1.0,0.0,0.0,22,255,1.0,0.0,0.04,0.0,0.0,0.0,0,14904.0
22,9,192,2071,0,1,8,0.0,0.0,1.0,0.0,0.18,95,255,1.0,0.0,0.01,0.0,0.0,0.0,0,75266.0
18,2,0,0,0,0,1,0.0,0.0,1.0,0.0,0.0,47,13,0.28,0.09,0.0,0.0,0.0,0.08,0,103827.0
22,9,222,741,0,1,27,0.0,0.0,1.0,0.0,0.07,255,255,1.0,0.0,0.0,0.0,0.0,0.0,0,40146.0
22,9,228,1380,0,1,2,0.0,0.0,1.0,0.0,0.05,255,251,0.98,0.01,0.0,0.0,0.0,0.0,0,100888.0
53,5,0,0,0,0,189,1.0,1.0,0.08,0.06,0.0,255,16,0.06,0.07,0.0,1.0,1.0,0.0,1,122170.0
58,9,183,0,0,0,7,0.0,0.0,1.0,0.0,0.0,255,20,0.08,0.01,0.0,0.0,0.0,0.0,0,13947.0
37,5,0,0,0,0,111,1.0,1.0,0.15,0.06,0.0,219,17,0.08,0.06,0.0,1.0,1.0,0.0,1,72994.0
45,1,0,0,0,0,100,0.0,0.0,0.06,0.08,0.0,255,6,0.02,0.07,0.0,0.0,0.0,1.0,1,6329.0
8,5,0,0,0,0,202,1.0,1.0,0.0,0.07,0.0,255,1,0.0,0.08,0.0,1.0,1.0,0.0,1,85319.0
45,5,0,0,0,0,200,1.0,1.0,0.01,0.05,0.0,60,2,0.03,0.12,0.0,0.97,1.0,0.0,1,100258.0
22,9,333,10910,0,1,3,0.0,0.0,1.0,0.0,0.0,36,255,1.0,0.0,0.04,0.0,0.0,0.0,0,113990.0
22,9,256,4779,0,1,5,0.0,0.0,1.0,0.0,0.43,255,255,1.0,0.0,0.0,0.0,0.0,0.0,0,49831.0
30,5,0,0,0,0,136,1.0,1.0,0.02,0.05,0.0,255,3,0.01,0.05,0.0,1.0,1.0,0.0,1,52299.0
22,9,203,2108,0,1,9,0.0,0.0,1.0,0.0,0.27,60,255,1.0,0.0,0.01,0.0,0.0,0.0,0,746.0
11,9,46,133,0,0,34,0.0,0.0,1.0,0.0,0.02,255,254,1.0,0.01,0.0,0.0,0.0,0.0,0,79650.0
22,9,219,276,0,1,19,0.0,0.0,1.0,0.0,0.0,255,255,1.0,0.0,0.0,0.0,0.0,0.0,0,30705.0
22,9,197,7182,0,1,11,0.0,0.0,1.0,0.0,0.0,35,255,1.0,0.0,0.01,0.0,0.0,0.0,0,74238.0
13,9,8,0,0,0,1,0.0,0.0,1.0,0.0,1.0,1,205,1.0,0.0,0.25,0.0,0.0,0.0,1,4232.0
49,9,3133,334,0,1,1,0.0,0.0,1.0,0.0,0.0,121,161,0.66,0.05,0.01,0.0,0.0,0.0,0,51335.0
22,5,0,0,0,0,21,1.0,1.0,0.52,0.19,0.0,255,62,0.24,0.04,0.0,1.0,1.0,0.0,1,109640.0
45,5,0,0,0,0,227,1.0,1.0,0.06,0.04,0.0,31,14,0.45,0.1,0.0,0.94,1.0,0.0,1,93285.0
22,9,338,1585,0,1,13,0.0,0.0,1.0,0.0,0.0,95,255,1.0,0.0,0.03,0.0,0.0,0.0,0,54766.0
22,9,359,1402,0,1,2,0.0,0.0,1.0,0.0,0.0,255,255,1.0,0.0,0.0,0.0,0.0,0.0,0,2102.0
22,9,241,417,0,1,18,0.0,0.0,1.0,0.0,0.0,253,255,1.0,0.0,0.01,0.0,0.0,0.0,0,41463.0
11,9,45,133,0,0,174,0.0,0.0,1.0,0.0,0.01,255,253,0.99,0.01,0.0,0.0,0.0,0.0,0,98852.0
14,9,1032,0,0,0,295,0.0,0.0,1.0,0.0,0.0,255,227,0.89,0.02,0.0,0.0,0.0,0.0,1,61436.0
22,9,253,276,0,1,3,0.0,0.0,1.0,0.0,0.0,255,251,0.98,0.01,0.0,0.0,0.0,0.0,0,18279.0
49,9,978,331,0,1,1,0.0,0.0,1.0,0.0,0.0,70,111,0.49,0.07,0.02,0.0,0.0,0.0,0,88051.0
17,9,6,135,0,0,1,0.0,0.0,1.0,0.0,0.0,60,10,0.07,0.03,0.2,0.0,0.0,0.0,0,22563.0
22,9,317,1484,0,1,1,0.0,0.0,1.0,0.0,0.0,255,255,1.0,0.0,0.0,0.0,0.0,0.0,0,61894.0
45,5,0,0,0,0,72,1.0,1.0,0.04,0.07,0.0,255,20,0.08,0.07,0.0,1.0,1.0,0.0,1,83992.0
49,9,948,334,0,1,1,0.0,0.0,1.0,0.0,0.0,54,208,0.91,0.06,0.01,0.0,0.0,0.0,0,121098.0
22,9,234,263,0,1,14,0.0,0.0,1.0,0.0,0.0,255,255,1.0,0.0,0.0,0.01,0.01,0.07,0,34119.0
22,9,291,437,0,1,4,0.0,0.0,1.0,0.0,0.0,11,255,1.0,0.0,0.04,0.0,0.0,0.0,0,39375.0
13,9,8,0,0,0,1,0.0,0.0,1.0,0.0,1.0,1,107,1.0,0.0,0.51,0.0,0.0,0.0,1,57801.0
13,9,8,0,0,0,1,0.0,0.0,1.0,0.0,1.0,1,75,1.0,0.0,0.51,0.0,0.0,0.0,1,1091.0
22,9,315,12884,0,1,11,0.0,0.0,1.0,0.0,0.0,168,168,1.0,0.0,0.0,0.0,0.0,0.0,0,61219.0
22,9,331,2406,0,1,5,0.0,0.0,1.0,0.0,0.0,116,255,1.0,0.0,0.05,0.0,0.0,0.0,0,123089.0
40,9,147,105,0,0,4,0.0,0.0,0.5,0.5,0.0,255,2,0.01,0.72,0.0,0.0,0.0,0.0,0,40617.0
19,9,641,0,0,1,1,0.0,0.0,1.0,0.0,0.0,191,56,0.26,0.02,0.04,0.0,0.0,0.0,0,103365.0
17,5,0,0,0,0,292,1.0,1.0,0.03,0.05,0.0,255,9,0.04,0.05,0.0,1.0,1.0,0.0,1,78705.0
22,9,211,474,0,1,4,0.0,0.0,1.0,0.0,0.09,164,255,1.0,0.0,0.02,0.0,0.0,0.0,0,108472.0
22,9,239,468,0,1,6,0.0,0.0,1.0,0.0,0.0,255,255,1.0,0.0,0.0,0.0,0.0,0.0,0,123736.0
28,5,0,0,0,0,139,1.0,1.0,0.08,0.06,0.0,255,9,0.04,0.08,0.0,1.0,1.0,0.0,1,78609.0
22,9,303,1588,0,1,6,0.0,0.0,1.0,0.0,0.0,11,101,1.0,0.0,0.04,0.0,0.0,0.0,0,115942.0
22,9,230,9186,0,1,1,0.0,0.0,1.0,0.0,1.0,255,255,1.0,0.0,0.0,0.0,0.0,0.0,0,89364.0
40,1,0,0,0,0,490,0.07,0.0,0.0,1.0,0.0,255,1,0.0,1.0,0.0,0.04,0.0,1.0,1,8932.0
18,9,339,1072,0,1,1,0.0,0.0,1.0,0.0,0.0,255,51,0.2,0.02,0.0,0.0,0.0,0.0,0,111640.0
53,5,0,0,0,0,129,1.0,1.0,0.16,0.05,0.0,255,17,0.07,0.07,0.0,1.0,1.0,0.0,1,96989.0
22,9,157,20974,0,1,2,0.0,0.0,1.0,0.0,0.0,44,255,1.0,0.0,0.01,0.02,0.0,0.0,0,63253.0
11,9,42,42,0,0,304,0.0,0.0,1.0,0.0,0.0,255,254,1.0,0.01,0.0,0.0,0.0,0.0,0,108146.0
19,9,854,0,0,1,3,0.0,0.0,1.0,0.0,0.0,236,82,0.35,0.02,0.0,0.0,0.0,0.0,0,109521.0
14,9,1032,0,0,0,158,0.0,0.0,1.0,0.0,0.0,144,50,0.35,0.05,0.0,0.01,0.0,0.0,1,59020.0
23,1,0,0,0,0,103,0.0,0.0,0.01,0.08,0.0,255,1,0.0,0.06,0.0,0.0,0.0,1.0,1,118075.0
11,9,45,111,0,0,2,0.0,0.0,1.0,0.0,0.0,45,203,0.73,0.04,0.01,0.0,0.0,0.0,0,91259.0
22,9,54540,8314,0,1,5,0.0,0.0,1.0,0.0,0.0,243,243,1.0,0.0,0.0,0.0,0.0,0.05,0,24365.0
19,9,4539,0,0,0,20,0.0,0.0,1.0,0.0,0.0,249,72,0.29,0.02,0.0,0.0,0.0,0.0,0,51107.0
11,9,45,71,0,0,153,0.0,0.0,1.0,0.0,0.01,255,225,0.88,0.01,0.0,0.0,0.0,0.0,0,7214.0
22,9,304,420,0,1,3,0.0,0.0,1.0,0.0,0.0,255,255,1.0,0.0,0.0,0.0,0.0,0.0,0,4038.0
45,5,0,0,0,0,61,1.0,1.0,0.03,0.1,0.0,255,17,0.07,0.07,0.0,1.0,1.0,0.0,1,91662.0
22,9,226,856,0,1,31,0.0,0.0,1.0,0.0,0.0,156,255,1.0,0.0,0.02,0.0,0.0,0.0,0,80127.0
54,5,0,0,0,0,233,1.0,1.0,0.07,0.06,0.0,255,17,0.07,0.07,0.0,1.0,1.0,0.0,1,82793.0
49,9,810,326,0,1,1,0.0,0.0,1.0,0.0,0.0,161,119,0.6,0.03,0.02,0.0,0.0,0.0,0,24355.0
19,9,1699,0,0,1,4,0.0,0.0,1.0,0.0,0.4,10,55,1.0,0.0,0.04,0.0,0.0,0.0,0,31002.0
1,9,248,400,0,1,1,0.0,0.0,1.0,0.0,0.0,4,4,1.0,0.0,0.0,0.25,0.25,0.0,0,73795.0
22,9,273,8313,0,1,1,0.0,0.0,1.0,0.0,0.0,199,255,1.0,0.0,0.01,0.0,0.0,0.0,0,51635.0
22,9,295,1417,0,1,7,0.0,0.0,1.0,0.0,0.22,7,255,1.0,0.0,0.04,0.0,0.0,0.0,0,13796.0
45,4,1,0,0,0,2,0.0,0.0,1.0,0.0,0.0,255,2,0.01,0.51,0.0,0.0,0.0,1.0,1,11895.0
45,5,0,0,0,0,220,1.0,1.0,0.04,0.07,0.0,255,9,0.04,0.07,0.0,1.0,1.0,0.0,1,67993.0
22,9,226,5953,0,1,5,0.0,0.0,1.0,0.0,0.0,5,255,1.0,0.0,0.04,0.0,0.0,0.0,0,53581.0
49,9,11926,1564,0,1,1,0.0,0.0,1.0,0.0,1.0,255,101,0.4,0.04,0.0,0.19,0.0,0.0,0,113655.0
19,9,11,0,0,0,2,0.0,0.0,1.0,0.0,0.0,44,112,0.68,0.09,0.02,0.0,0.0,0.0,0,32394.0
22,9,224,347,0,1,6,0.0,0.0,1.0,0.0,0.0,82,255,1.0,0.0,0.05,0.0,0.0,0.0,0,16654.0
45,5,0,0,0,0,132,1.0,1.0,0.11,0.06,0.0,255,12,0.05,0.06,0.0,1.0,1.0,0.0,1,109877.0
45,5,0,0,0,0,174,1.0,1.0,0.03,0.06,0.0,255,16,0.06,0.07,0.0,1.0,1.0,0.0,1,107770.0
22,5,0,0,0,0,39,1.0,1.0,0.36,0.1,0.0,255,65,0.25,0.02,0.0,1.0,1.0,0.0,1,95729.0
22,9,303,1075,0,1,7,0.0,0.0,1.0,0.0,0.0,255,242,0.95,0.01,0.0,0.0,0.0,0.02,0,118466.0
11,9,46,46,0,0,88,0.0,0.0,1.0,0.0,0.02,255,254,1.0,0.01,0.0,0.0,0.0,0.0,0,86052.0
55,5,0,0,0,0,201,1.0,1.0,0.1,0.05,0.0,255,20,0.08,0.05,0.0,1.0,1.0,0.0,1,33485.0
36,5,0,0,0,0,194,1.0,1.0,0.07,0.08,0.0,255,13,0.05,0.08,0.0,1.0,1.0,0.0,1,79038.0
22,9,212,44028,0,1,2,0.0,0.0,1.0,0.0,0.0,255,255,1.0,0.0,0.0,0.0,0.0,0.0,0,30720.0
25,5,0,0,0,0,285,1.0,1.0,0.02,0.05,0.0,255,6,0.02,0.05,0.0,1.0,1.0,0.0,1,30206.0
45,1,0,0,0,0,213,0.0,0.0,0.05,0.08,0.0,255,10,0.04,0.09,0.0,0.0,0.0,1.0,1,2393.0
40,9,8173,0,0,1,12,0.08,0.0,0.08,0.83,0.0,171,1,0.01,0.08,0.0,0.01,0.0,0.0,0,79193.0
22,9,221,295,0,1,3,0.33,0.33,1.0,0.0,0.0,54,255,1.0,0.0,0.05,0.02,0.0,0.0,0,94510.0
5,5,0,0,0,0,134,1.0,1.0,0.04,0.06,0.0,255,6,0.02,0.07,0.0,1.0,1.0,0.0,1,1613.0
13,9,18,0,0,0,1,0.0,0.0,1.0,0.0,0.0,1,109,1.0,0.0,1.0,0.0,0.0,0.0,1,75034.0
45,4,0,0,0,0,1,0.0,0.0,1.0,0.0,0.0,165,1,0.01,0.41,0.0,0.0,0.0,1.0,1,91007.0
45,5,0,0,0,0,150,1.0,1.0,0.1,0.06,0.0,255,15,0.06,0.06,0.0,1.0,1.0,0.0,1,118996.0
22,9,242,2804,0,1,3,0.0,0.0,1.0,0.0,0.0,3,255,1.0,0.0,0.06,0.0,0.0,0.0,0,116115.0
45,5,0,0,0,0,106,1.0,1.0,0.01,0.07,0.0,255,20,0.08,0.08,0.0,1.0,1.0,0.0,1,56303.0
45,5,0,0,0,0,227,1.0,1.0,0.03,0.06,0.0,255,15,0.06,0.08,0.0,1.0,1.0,0.0,1,54651.0
45,5,0,0,0,0,120,1.0,1.0,0.06,0.06,0.0,255,12,0.05,0.07,0.0,1.0,1.0,0.0,1,78368.0
19,9,22,0,0,0,1,0.0,0.0,1.0,0.0,0.0,161,30,0.19,0.02,0.0,0.0,0.0,0.0,0,117227.0
22,9,317,12822,0,1,15,0.0,0.0,1.0,0.0,0.17,255,255,1.0,0.0,0.0,0.0,0.0,0.0,0,89262.0
22,9,322,6660,0,1,6,0.0,0.0,1.0,0.0,0.0,175,255,1.0,0.0,0.01,0.01,0.0,0.03,0,122796.0
55,5,0,0,0,0,235,1.0,1.0,0.08,0.05,0.0,255,18,0.07,0.06,0.0,1.0,1.0,0.0,1,78480.0
45,4,0,0,0,0,1,0.0,0.0,1.0,0.0,0.0,255,1,0.0,1.0,0.0,0.0,0.0,1.0,1,50982.0
40,9,516,4,0,0,442,0.0,0.0,1.0,0.0,0.0,255,255,1.0,0.0,0.0,0.0,0.0,0.0,0,13578.0
22,9,184,359,0,1,12,0.0,0.0,1.0,0.0,0.0,12,255,1.0,0.0,0.03,0.0,0.01,0.02,0,65353.0
11,9,33,88,0,0,1,0.0,0.0,1.0,0.0,0.6,255,223,0.87,0.01,0.0,0.0,0.0,0.0,0,70720.0
19,9,7280,0,0,1,11,0.0,0.0,1.0,0.0,0.0,136,67,0.49,0.02,0.0,0.0,0.0,0.0,0,81844.0
22,9,190,622,0,1,22,0.0,0.0,1.0,0.0,0.08,255,255,1.0,0.0,0.0,0.0,0.0,0.0,0,13343.0
14,9,1032,0,0,0,510,0.0,0.0,1.0,0.0,0.0,255,144,0.56,0.04,0.0,0.0,0.0,0.0,1,8555.0
22,9,206,7145,0,1,5,0.0,0.0,1.0,0.0,0.0,36,255,1.0,0.0,0.05,0.0,0.0,0.0,0,113575.0
45,5,0,0,0,0,208,1.0,1.0,0.03,0.06,0.0,255,11,0.04,0.06,0.0,1.0,1.0,0.0,1,115124.0
22,9,331,10392,0,1,5,0.0,0.0,1.0,0.0,0.0,5,255,1.0,0.0,0.03,0.0,0.0,0.0,0,99579.0
22,9,372,5468,0,1,8,0.0,0.0,1.0,0.0,0.0,10,255,1.0,0.0,0.01,0.0,0.0,0.0,0,102661.0
45,5,0,0,0,0,167,1.0,1.0,0.06,0.07,0.0,255,11,0.04,0.07,0.0,1.0,1.0,0.0,1,37688.0
52,5,0,0,0,0,238,1.0,1.0,0.01,0.06,0.0,255,11,0.04,0.07,0.0,1.0,1.0,0.0,1,97394.0
34,5,0,0,0,0,230,1.0,1.0,0.03,0.07,0.0,255,7,0.03,0.09,0.0,1.0,1.0,0.0,1,95910.0
13,9,8,0,0,0,1,0.0,0.0,1.0,0.0,1.0,2,174,1.0,0.0,0.5,0.0,0.0,0.0,1,99818.0
62,5,0,0,0,0,204,1.0,1.0,0.01,0.06,0.0,255,1,0.0,0.09,0.0,1.0,1.0,0.0,1,110470.0
45,9,215,0,0,0,1,0.0,0.0,1.0,0.0,0.0,5,5,1.0,0.0,0.0,0.0,0.0,0.0,1,83819.0
40,9,145,0,0,0,1,0.0,0.0,1.0,0.0,0.0,104,1,0.01,0.65,0.0,0.0,0.0,0.0,0,106085.0
45,5,0,0,0,0,75,1.0,1.0,0.01,0.08,0.0,255,19,0.07,0.05,0.0,1.0,1.0,0.0,1,12837.0
22,9,316,293,0,1,6,0.17,0.17,1.0,0.0,0.0,255,255,1.0,0.0,0.0,0.0,0.0,0.0,0,8812.0
22,9,263,5480,0,1,4,0.0,0.0,1.0,0.0,0.25,36,255,1.0,0.0,0.04,0.0,0.0,0.02,0,122211.0
19,9,2194619,0,0,1,2,0.0,0.0,1.0,0.0,0.0,183,63,0.32,0.03,0.03,0.01,0.0,0.0,0,19199.0
3,9,10,35,0,1,13,0.0,0.0,0.08,0.15,0.0,185,7,0.03,0.03,0.29,0.0,0.0,0.0,0,35202.0
22,9,208,1248,0,1,12,0.0,0.0,1.0,0.0,0.0,25,255,1.0,0.0,0.04,0.0,0.0,0.0,0,16694.0
22,9,244,248,0,1,9,0.0,0.0,1.0,0.0,0.0,179,255,1.0,0.0,0.02,0.0,0.0,0.0,0,32897.0
13,9,8,0,0,0,1,0.0,0.0,1.0,0.0,1.0,3,7,1.0,0.0,0.29,0.0,0.0,0.0,1,43898.0
22,1,0,0,0,0,1,0.0,0.0,1.0,0.0,0.0,9,255,1.0,0.0,0.03,0.0,0.01,0.01,0,94733.0
30,4,1,0,0,0,2,0.0,0.0,1.0,0.0,0.0,255,2,0.01,0.77,0.0,0.0,0.0,1.0,1,67995.0
22,9,254,2005,0,1,2,0.0,0.0,1.0,0.0,0.67,212,255,1.0,0.0,0.02,0.01,0.01,0.08,0,3976.0
11,9,43,128,0,0,78,0.0,0.0,1.0,0.0,0.01,255,255,1.0,0.0,0.0,0.0,0.0,0.0,0,55581.0
6,5,0,0,0,0,224,1.0,1.0,0.08,0.06,0.0,255,18,0.07,0.06,0.0,1.0,1.0,0.0,1,46053.0
22,9,319,807,0,1,20,0.0,0.0,1.0,0.0,0.0,255,255,1.0,0.0,0.0,0.01,0.01,0.0,0,122071.0
11,9,45,71,0,0,112,0.0,0.0,1.0,0.0,0.03,255,229,0.9,0.01,0.0,0.0,0.0,0.0,0,71325.0
23,5,0,0,0,0,147,1.0,1.0,0.16,0.04,0.0,255,24,0.09,0.05,0.0,1.0,1.0,0.0,1,75068.0
55,4,125,3319,0,1,2,0.0,0.0,1.0,0.0,0.0,255,25,0.1,0.06,0.0,0.51,0.08,0.16,0,58581.0
49,9,666,335,0,1,1,0.0,0.0,1.0,0.0,0.0,134,184,0.89,0.03,0.01,0.0,0.0,0.0,0,66602.0
45,5,0,0,0,0,152,1.0,1.0,0.04,0.07,0.0,255,6,0.02,0.06,0.0,1.0,1.0,0.0,1,70568.0
22,5,0,0,0,0,2,0.5,0.12,1.0,0.0,0.25,13,255,1.0,0.0,0.04,0.08,0.0,0.0,0,3540.0
22,9,153,391,0,1,1,0.0,0.0,1.0,0.0,1.0,20,255,1.0,0.0,0.01,0.0,0.01,0.0,0,103716.0
12,2,0,0,0,0,259,0.0,0.0,0.05,0.07,0.0,255,14,0.05,0.07,0.0,0.0,0.0,1.0,1,115621.0
49,9,996,323,0,1,1,0.0,0.0,1.0,0.0,1.0,75,51,0.68,0.07,0.0,0.0,0.0,0.0,0,30718.0
22,9,205,5622,0,1,20,0.0,0.0,1.0,0.0,0.0,42,255,1.0,0.0,0.02,0.0,0.0,0.0,0,112749.0
22,9,285,2449,0,1,12,0.0,0.0,1.0,0.0,0.0,28,255,1.0,0.0,0.04,0.0,0.0,0.0,0,78179.0
45,5,0,0,0,0,244,1.0,1.0,0.05,0.06,0.0,255,11,0.04,0.08,0.0,1.0,1.0,0.0,1,14097.0
12,5,0,0,0,0,215,1.0,1.0,0.03,0.06,0.0,255,15,0.06,0.06,0.0,1.0,1.0,0.0,1,66882.0
40,9,146,105,0,0,1,0.0,0.0,1.0,0.0,0.0,255,1,0.0,0.65,0.0,0.0,0.0,0.0,0,33021.0
22,9,243,714,0,1,14,0.0,0.0,1.0,0.0,0.0,63,255,1.0,0.0,0.05,0.0,0.0,0.0,0,10281.0
22,9,408,7210,0,1,18,0.0,0.0,1.0,0.0,0.08,255,255,1.0,0.0,0.0,0.0,0.0,0.0,0,91677.0
22,9,308,771,0,1,9,0.0,0.0,1.0,0.0,0.2,255,255,1.0,0.0,0.0,0.0,0.0,0.0,0,25603.0
45,1,0,0,0,0,105,0.0,0.0,0.11,0.08,0.0,255,1,0.0,0.08,0.0,0.0,0.0,1.0,1,17465.0
8,2,0,0,0,0,106,0.0,0.0,0.04,0.08,0.0,255,4,0.02,0.08,0.0,0.0,0.0,1.0,1,117433.0
22,9,306,1248,0,1,2,0.0,0.0,1.0,0.0,0.5,255,255,1.0,0.0,0.0,0.0,0.0,0.0,0,8848.0
22,9,260,32617,0,1,2,0.0,0.0,1.0,0.0,0.09,37,255,1.0,0.0,0.05,0.0,0.0,0.0,0,53418.0
53,5,0,0,0,0,201,1.0,1.0,0.05,0.06,0.0,255,10,0.04,0.07,0.0,1.0,1.0,0.0,1,118312.0
13,9,8,0,0,0,1,0.0,0.0,1.0,0.0,1.0,1,255,1.0,0.0,0.5,0.0,0.0,0.0,1,37570.0
45,9,105,147,0,0,8,0.0,0.0,0.25,0.25,0.0,255,239,0.94,0.01,0.0,0.0,0.0,0.0,0,70250.0
22,9,339,19790,0,1,2,0.0,0.0,1.0,0.0,0.14,62,255,1.0,0.0,0.03,0.0,0.0,0.0,0,13234.0
22,9,223,194,0,1,3,0.33,0.25,1.0,0.0,0.5,3,255,1.0,0.0,0.06,0.33,0.0,0.0,0,28176.0
54,5,0,0,0,0,116,1.0,1.0,0.1,0.06,0.0,255,3,0.01,0.06,0.0,1.0,1.0,0.0,1,78605.0
22,9,233,1035,0,1,35,0.0,0.0,1.0,0.0,0.0,255,255,1.0,0.0,0.0,0.0,0.0,0.0,0,124636.0
26,5,0,0,0,0,141,1.0,1.0,0.04,0.06,0.0,255,4,0.02,0.07,0.0,1.0,1.0,0.0,1,24277.0
13,9,8,0,0,0,1,0.0,0.0,1.0,0.0,1.0,2,70,1.0,0.0,0.51,0.0,0.0,0.0,1,108641.0
19,9,37,0,0,1,2,0.0,0.0,1.0,0.0,0.0,255,7,0.03,0.06,0.0,0.85,0.0,0.0,0,61935.0
22,9,302,2446,0,1,7,0.0,0.0,1.0,0.0,0.33,255,255,1.0,0.0,0.0,0.0,0.0,0.0,0,53663.0
45,5,0,0,0,0,188,1.0,1.0,0.05,0.07,0.0,255,18,0.07,0.06,0.0,1.0,1.0,0.0,1,115922.0
22,9,241,795,0,1,7,0.0,0.0,1.0,0.0,0.0,255,255,1.0,0.0,0.0,0.0,0.0,0.0,0,7192.0
22,9,188,31244,0,1,1,0.0,0.0,1.0,0.0,0.0,255,255,1.0,0.0,0.0,0.0,0.0,0.0,0,52244.0
49,9,708,332,0,1,1,0.0,0.0,1.0,0.0,1.0,3,184,1.0,0.0,0.01,0.0,0.0,0.0,0,82829.0
4,5,0,0,0,0,266,1.0,1.0,0.04,0.06,0.0,255,10,0.04,0.07,0.0,1.0,1.0,0.0,1,78989.0
43,9,35,130,0,1,1,0.0,0.0,1.0,0.0,0.0,128,6,0.03,0.04,0.33,0.0,0.0,0.0,0,52742.0
22,9,306,607,0,1,6,0.0,0.0,1.0,0.0,0.0,255,255,1.0,0.0,0.0,0.0,0.0,0.0,0,75624.0
55,9,103,2132,0,1,1,0.0,0.0,1.0,0.0,0.0,240,1,0.0,0.03,0.0,0.0,0.0,0.0,0,29983.0
49,9,1207,335,0,1,1,0.0,0.0,1.0,0.0,0.0,121,175,0.64,0.04,0.01,0.01,0.01,0.0,0,19091.0
6,5,0,0,0,0,237,1.0,1.0,0.07,0.06,0.0,255,17,0.07,0.07,0.0,1.0,1.0,0.0,1,34202.0
22,9,327,2109,0,1,3,0.0,0.0,1.0,0.0,0.13,128,255,1.0,0.0,0.04,0.01,0.0,0.0,0,10668.0
21,5,0,0,0,0,231,1.0,1.0,0.02,0.05,0.0,255,4,0.02,0.06,0.0,1.0,1.0,0.0,1,91453.0
22,9,206,1049,0,1,11,0.0,0.0,1.0,0.0,0.0,82,255,1.0,0.0,0.03,0.0,0.0,0.0,0,55510.0
22,9,212,2071,0,1,12,0.0,0.0,1.0,0.0,0.0,12,255,1.0,0.0,0.04,0.0,0.0,0.0,0,18943.0
22,1,0,0,0,0,1,0.0,0.0,1.0,0.0,0.0,59,241,1.0,0.0,0.18,0.0,0.0,1.0,0,108441.0
11,9,45,76,0,0,317,0.0,0.0,1.0,0.01,0.0,255,254,1.0,0.01,0.0,0.0,0.0,0.0,0,69802.0
45,4,1,0,0,0,2,0.0,0.0,1.0,0.0,0.0,172,2,0.01,0.16,0.0,0.0,0.0,1.0,1,71549.0
45,5,0,0,0,0,295,1.0,1.0,0.05,0.06,0.0,255,16,0.06,0.08,0.0,1.0,1.0,0.0,1,26668.0
26,5,0,0,0,0,128,1.0,1.0,0.05,0.06,0.0,255,7,0.03,0.07,0.0,1.0,1.0,0.0,1,108082.0
49,9,1350,386,0,1,1,0.0,0.0,1.0,0.0,0.0,255,57,0.22,0.07,0.0,0.59,0.0,0.0,0,78920.0
14,9,520,0,0,0,474,0.0,0.0,1.0,0.0,0.0,100,100,1.0,0.0,0.0,0.0,0.0,0.0,1,111522.0
40,9,516,4,0,0,257,0.0,0.0,1.0,0.0,0.0,255,255,1.0,0.0,0.0,0.0,0.0,0.0,0,116047.0
11,9,45,45,0,0,163,0.0,0.0,0.99,0.01,0.0,255,254,1.0,0.01,0.0,0.0,0.0,0.0,0,96088.0
56,5,0,0,0,0,292,1.0,1.0,0.06,0.05,0.0,255,17,0.07,0.06,0.0,1.0,1.0,0.0,1,116223.0
49,9,714,328,0,1,1,0.0,0.0,1.0,0.0,0.0,255,154,0.6,0.02,0.0,0.0,0.0,0.0,0,121582.0
22,9,227,2692,0,1,6,0.0,0.0,1.0,0.0,0.0,255,255,1.0,0.0,0.0,0.0,0.0,0.0,0,70412.0
22,9,293,842,0,1,2,0.0,0.0,1.0,0.0,0.75,42,255,1.0,0.0,0.02,0.0,0.0,0.0,0,105522.0
11,9,42,42,0,0,3,0.0,0.0,1.0,0.0,0.22,255,230,0.9,0.01,0.0,0.0,0.0,0.0,0,14844.0
49,9,1153,330,0,1,1,0.0,0.0,1.0,0.0,0.0,157,110,0.7,0.04,0.0,0.0,0.0,0.0,0,32973.0
45,9,105,147,0,0,2,0.0,0.0,1.0,0.0,0.0,255,249,0.98,0.01,0.0,0.0,0.0,0.0,0,84734.0
59,5,0,0,0,0,23,1.0,1.0,0.57,0.13,0.0,255,13,0.05,0.07,0.0,1.0,1.0,0.0,1,111268.0
4,5,0,0,0,0,232,1.0,1.0,0.06,0.06,0.0,255,13,0.05,0.08,0.0,1.0,1.0,0.0,1,30095.0
10,1,0,0,0,0,281,0.0,0.0,0.04,0.06,0.0,255,12,0.05,0.07,0.0,0.0,0.0,1.0,1,79434.0
22,9,192,1630,0,1,1,0.0,0.0,1.0,0.0,0.0,255,244,0.96,0.01,0.0,0.0,0.0,0.0,0,17145.0
22,9,285,283,0,1,2,0.0,0.0,1.0,0.0,0.0,2,255,1.0,0.0,0.04,0.0,0.0,0.0,0,3964.0
22,9,307,20526,0,1,5,0.0,0.0,1.0,0.0,0.0,5,255,1.0,0.0,0.09,0.0,0.0,0.0,0,3726.0
2,5,0,0,0,0,258,1.0,1.0,0.03,0.06,0.0,255,13,0.05,0.07,0.0,1.0,1.0,0.0,1,44775.0
19,5,0,0,0,0,286,1.0,1.0,0.07,0.06,0.0,255,19,0.07,0.06,0.0,1.0,1.0,0.0,1,35365.0
22,9,255,2431,0,1,7,0.0,0.0,1.0,0.0,0.0,173,255,1.0,0.0,0.02,0.01,0.0,0.0,0,71541.0
53,5,0,0,0,0,255,1.0,1.0,0.01,0.07,0.0,255,2,0.01,0.07,0.0,1.0,1.0,0.0,1,118291.0
51,5,0,0,0,0,267,1.0,1.0,0.07,0.06,0.0,255,19,0.07,0.07,0.0,1.0,1.0,0.0,1,64042.0
15,1,0,0,0,0,76,0.0,0.0,0.11,0.07,0.0,255,8,0.03,0.07,0.0,0.0,0.0,1.0,1,24478.0
22,9,349,1028,0,1,7,0.0,0.0,1.0,0.0,0.29,207,255,1.0,0.0,0.02,0.0,0.0,0.0,0,101691.0
22,1,0,0,0,0,1,0.0,0.0,1.0,0.0,0.0,2,255,1.0,0.0,0.03,0.0,0.02,0.03,0,10842.0
53,5,0,0,0,0,228,1.0,1.0,0.05,0.07,0.0,255,11,0.04,0.08,0.0,1.0,1.0,0.0,1,59324.0
13,9,8,0,0,0,1,0.0,0.0,1.0,0.0,1.0,2,86,1.0,0.0,0.5,0.0,0.0,0.0,1,78868.0
22,9,214,13364,0,1,10,0.0,0.37,1.0,0.0,0.08,10,255,1.0,0.0,0.03,0.0,0.0,0.0,0,28900.0
22,9,205,997,0,1,17,0.0,0.0,1.0,0.0,0.08,255,255,1.0,0.0,0.0,0.0,0.0,0.0,0,30819.0
22,9,304,260,0,1,3,0.0,0.0,1.0,0.0,0.14,118,255,1.0,0.0,0.01,0.0,0.0,0.0,0,75807.0
11,9,44,123,0,0,119,0.0,0.0,1.0,0.0,0.02,255,254,1.0,0.01,0.0,0.0,0.0,0.0,0,104766.0
45,5,0,0,0,0,277,1.0,1.0,0.05,0.06,0.0,255,15,0.06,0.06,0.0,1.0,1.0,0.0,1,62821.0
22,9,281,1158,0,1,1,0.0,0.0,1.0,0.0,0.5,2,255,1.0,0.0,0.02,0.0,0.0,0.0,0,117133.0
22,9,218,3355,0,1,8,0.0,0.0,1.0,0.0,0.15,29,255,1.0,0.0,0.04,0.0,0.0,0.0,0,82045.0
22,9,208,1880,0,1,4,0.0,0.0,1.0,0.0,0.0,4,255,1.0,0.0,0.02,0.0,0.0,0.0,0,109275.0
3,5,0,0,0,0,277,1.0,1.0,0.08,0.05,0.0,255,23,0.09,0.05,0.0,1.0,1.0,0.0,1,63077.0
22,4,46152,7300,0,1,4,0.0,0.0,1.0,0.0,0.0,255,255,1.0,0.0,0.0,0.0,0.0,0.03,0,119995.0
61,5,0,0,0,0,147,1.0,1.0,0.06,0.05,0.0,255,8,0.03,0.07,0.0,1.0,1.0,0.0,1,26319.0
45,4,1,0,0,0,2,0.0,0.0,1.0,0.0,0.0,255,2,0.01,0.5,0.0,0.0,0.0,1.0,1,35061.0
54,5,0,0,0,0,231,1.0,1.0,0.07,0.06,0.0,255,14,0.05,0.07,0.0,1.0,1.0,0.0,1,62413.0
22,9,298,1458,0,1,1,0.0,0.0,1.0,0.0,0.0,36,255,1.0,0.0,0.05,0.0,0.0,0.0,0,61864.0
18,9,1503,4152,0,1,1,0.0,0.0,1.0,0.0,0.0,17,7,0.41,0.24,0.0,0.0,0.0,0.0,0,116340.0
22,9,292,482,0,1,9,0.0,0.0,1.0,0.0,0.08,255,255,1.0,0.0,0.0,0.0,0.0,0.0,0,83892.0
20,5,0,0,0,0,230,1.0,1.0,0.02,0.08,0.0,255,5,0.02,0.07,0.0,1.0,1.0,0.0,1,58824.0
45,5,0,0,0,0,276,1.0,1.0,0.05,0.07,0.0,255,13,0.05,0.08,0.0,1.0,1.0,0.0,1,56604.0
22,9,317,300,0,1,13,0.0,0.0,1.0,0.0,0.13,248,255,1.0,0.0,0.01,0.0,0.01,0.01,0,105276.0
13,9,8,0,0,0,1,0.0,0.0,1.0,0.0,1.0,1,27,1.0,0.0,0.52,0.0,0.0,0.0,1,35613.0
22,9,239,2125,0,1,4,0.0,0.0,1.0,0.0,0.0,66,255,1.0,0.0,0.04,0.02,0.0,0.0,0,95301.0
22,9,230,6086,0,1,3,0.0,0.0,1.0,0.0,0.0,255,255,1.0,0.0,0.0,0.0,0.0,0.0,0,124003.0
22,9,300,8625,0,1,6,0.0,0.0,1.0,0.0,0.25,210,255,1.0,0.0,0.01,0.0,0.0,0.0,0,26640.0
19,9,11376,0,0,0,5,0.0,0.0,1.0,0.0,0.0,93,21,0.12,0.04,0.1,0.0,0.0,0.0,0,105145.0
26,1,0,0,0,0,96,0.0,0.0,0.03,0.08,0.0,255,3,0.01,0.06,0.0,0.0,0.0,1.0,1,85550.0
31,5,0,0,0,0,245,1.0,1.0,0.01,0.06,0.0,255,2,0.01,0.08,0.0,1.0,1.0,0.0,1,40256.0
13,9,8,0,0,0,1,0.0,0.0,1.0,0.0,1.0,3,139,1.0,0.0,0.25,0.0,0.0,0.0,1,125181.0
55,5,0,0,0,0,33,1.0,1.0,0.21,0.12,0.0,255,63,0.25,0.02,0.0,1.0,1.0,0.0,1,37326.0
22,9,307,1177,0,1,1,0.0,0.0,1.0,0.0,0.0,45,255,1.0,0.0,0.01,0.0,0.0,0.01,0,74900.0
45,5,0,0,0,0,128,1.0,1.0,0.03,0.06,0.0,255,5,0.02,0.07,0.0,1.0,1.0,0.0,1,2377.0
22,9,309,1425,0,1,5,0.0,0.0,1.0,0.0,0.29,55,255,1.0,0.0,0.02,0.0,0.0,0.0,0,37028.0
45,5,0,0,0,0,210,1.0,1.0,0.03,0.08,0.0,255,7,0.03,0.08,0.0,1.0,1.0,0.0,1,9784.0
56,5,0,0,0,0,242,1.0,1.0,0.08,0.06,0.0,255,18,0.07,0.07,0.0,1.0,1.0,0.0,1,122502.0
45,4,0,0,0,0,110,0.0,0.0,0.02,0.53,0.0,255,2,0.01,0.24,0.0,0.0,0.0,1.0,1,34058.0
45,9,28,0,3,0,44,0.0,0.0,1.0,0.0,0.0,255,11,0.04,0.01,0.0,0.0,0.0,0.0,1,64215.0
53,1,0,0,0,0,103,0.0,0.0,0.05,0.06,0.0,255,4,0.02,0.07,0.0,0.0,0.0,1.0,1,62551.0
11,9,44,135,0,0,208,0.0,0.0,1.0,0.0,0.0,255,251,0.98,0.01,0.0,0.0,0.0,0.0,0,114708.0
22,1,0,0,0,0,1,0.0,0.0,1.0,0.0,0.0,55,201,1.0,0.0,0.12,0.0,0.0,0.95,0,78490.0
45,5,0,0,0,0,247,1.0,1.0,0.04,0.06,0.0,255,11,0.04,0.08,0.0,1.0,1.0,0.0,1,28391.0
22,9,217,405,0,1,1,0.0,0.0,1.0,0.0,0.33,1,255,1.0,0.0,0.05,0.0,0.0,0.0,0,103113.0
5,1,0,0,0,0,108,0.0,0.0,0.08,0.06,0.0,255,9,0.04,0.06,0.0,0.0,0.0,1.0,1,19605.0
45,5,0,0,0,0,218,1.0,1.0,0.09,0.06,0.0,79,18,0.23,0.13,0.0,0.82,1.0,0.0,1,22876.0
22,9,242,2317,0,1,2,0.0,0.0,1.0,0.0,0.67,72,255,1.0,0.0,0.07,0.0,0.0,0.0,0,16304.0
49,9,1218,384,0,1,1,0.0,0.0,1.0,0.0,0.0,255,18,0.07,0.02,0.0,0.86,0.0,0.0,0,99610.0
49,9,2702,332,0,1,1,0.0,0.0,1.0,0.0,0.0,255,100,0.39,0.03,0.0,0.01,0.03,0.0,0,86958.0
13,9,8,0,0,0,1,0.0,0.0,1.0,0.0,1.0,1,65,1.0,0.0,0.52,0.0,0.0,0.0,1,74004.0
36,5,0,0,0,0,298,1.0,1.0,0.07,0.06,0.0,255,11,0.04,0.07,0.0,1.0,1.0,0.0,1,90520.0
49,9,2516,324,0,1,1,0.0,0.0,1.0,0.0,1.0,132,124,0.58,0.04,0.02,0.0,0.0,0.0,0,13345.0
45,5,0,0,0,0,255,1.0,1.0,0.07,0.06,0.0,255,20,0.08,0.08,0.0,1.0,1.0,0.0,1,8025.0
22,9,288,555,0,1,7,0.0,0.0,1.0,0.0,0.19,42,231,1.0,0.0,0.04,0.0,0.0,0.0,0,15145.0
22,9,266,406,0,1,14,0.0,0.0,1.0,0.0,0.0,255,255,1.0,0.0,0.0,0.0,0.0,0.0,0,66919.0
19,9,59,0,0,1,4,0.0,0.0,1.0,0.0,0.0,255,117,0.46,0.04,0.0,0.0,0.0,0.0,0,96280.0
18,9,62,189,0,0,1,0.0,0.0,1.0,0.0,0.0,128,54,0.42,0.05,0.0,0.01,0.0,0.0,0,103101.0
55,5,0,0,0,0,198,1.0,1.0,0.05,0.05,0.0,255,9,0.04,0.05,0.0,1.0,1.0,0.0,1,30867.0
49,9,1378,388,0,1,1,0.0,0.0,1.0,0.0,1.0,41,164,0.54,0.07,0.01,0.0,0.0,0.0,0,112829.0
11,9,46,46,0,0,128,0.0,0.0,1.0,0.0,0.01,255,254,1.0,0.01,0.0,0.0,0.0,0.0,0,22060.0
49,9,2093,363,0,1,1,0.0,0.0,1.0,0.0,1.0,28,149,0.68,0.18,0.02,0.0,0.0,0.0,0,75280.0
5,5,0,0,0,0,111,1.0,1.0,0.14,0.05,0.0,255,15,0.06,0.06,0.0,1.0,1.0,0.0,1,6810.0
14,9,1032,0,0,0,511,0.0,0.0,1.0,0.0,0.0,255,182,0.71,0.02,0.0,0.0,0.0,0.0,1,95128.0
22,9,195,313,0,1,12,0.0,0.0,1.0,0.0,0.12,255,255,1.0,0.0,0.0,0.0,0.0,0.0,0,86271.0
27,5,0,0,0,0,136,1.0,1.0,0.03,0.06,0.0,255,4,0.02,0.06,0.0,1.0,1.0,0.0,1,1936.0
45,5,0,0,0,0,117,1.0,1.0,0.21,0.04,0.0,255,24,0.09,0.04,0.0,1.0,1.0,0.0,1,22786.0
22,9,286,291,0,1,8,0.0,0.0,1.0,0.0,0.0,21,255,1.0,0.0,0.07,0.0,0.01,0.0,0,69832.0
49,9,774,330,0,1,1,0.0,0.0,1.0,0.0,0.0,6,135,1.0,0.0,0.02,0.0,0.0,0.0,0,116595.0
22,9,213,2202,0,1,11,0.0,0.0,1.0,0.0,0.0,47,181,1.0,0.0,0.06,0.0,0.0,0.0,0,61146.0
22,9,308,304,0,1,3,0.0,0.0,1.0,0.0,0.12,255,255,1.0,0.0,0.0,0.0,0.0,0.0,0,100831.0
22,9,289,1719,0,1,26,0.0,0.0,1.0,0.0,0.11,255,255,1.0,0.0,0.0,0.0,0.0,0.0,0,22961.0
49,9,2794,331,0,1,1,0.0,0.0,1.0,0.0,1.0,34,141,0.41,0.09,0.01,0.0,0.0,0.04,0,10310.0
22,1,0,0,0,0,148,0.0,0.0,0.03,0.06,0.0,255,3,0.01,0.08,0.0,0.0,0.0,1.0,1,95769.0
9,5,0,0,0,0,230,1.0,1.0,0.1,0.05,0.0,255,22,0.09,0.05,0.0,1.0,1.0,0.0,1,25004.0
45,5,0,0,0,0,114,1.0,1.0,0.08,0.07,0.0,16,9,0.56,0.19,0.0,1.0,1.0,0.0,1,125642.0
49,9,763,338,0,1,1,0.0,0.0,1.0,0.0,0.0,227,146,0.55,0.02,0.01,0.0,0.0,0.0,0,2923.0
22,9,239,1461,0,1,1,0.0,0.0,1.0,0.0,0.0,255,255,1.0,0.0,0.0,0.0,0.0,0.0,0,88337.0
19,9,1030,0,0,0,8,0.0,0.0,1.0,0.0,0.0,8,93,1.0,0.0,0.02,0.0,0.0,0.0,0,9087.0
11,9,46,135,0,0,30,0.0,0.0,1.0,0.0,0.02,255,200,0.78,0.02,0.0,0.0,0.0,0.0,0,59972.0
22,9,257,10820,0,1,19,0.0,0.0,1.0,0.0,0.0,57,255,1.0,0.0,0.02,0.0,0.0,0.0,0,70956.0
13,9,8,0,0,0,1,0.0,0.0,1.0,0.0,1.0,1,9,1.0,0.0,0.33,0.0,0.0,0.0,1,7021.0
45,9,28,0,3,0,148,0.68,0.0,0.32,0.05,0.0,255,48,0.19,0.82,0.0,0.09,0.0,0.0,1,118026.0
17,5,0,0,0,0,30,0.93,1.0,0.27,0.13,0.0,255,8,0.03,0.06,0.0,1.0,1.0,0.0,1,3513.0
45,5,0,0,0,0,296,1.0,1.0,0.04,0.05,0.0,255,13,0.05,0.08,0.0,1.0,1.0,0.0,1,96003.0
62,1,0,0,0,0,510,0.08,0.0,0.0,1.0,0.0,255,1,0.0,1.0,0.0,0.13,0.0,1.0,1,83199.0
22,9,312,2873,0,1,4,0.0,0.0,1.0,0.0,0.0,31,255,1.0,0.0,0.03,0.0,0.0,0.0,0,70413.0
49,5,0,0,0,0,1,1.0,0.33,1.0,0.0,1.0,143,126,0.43,0.01,0.02,0.99,0.48,0.0,1,61826.0
45,5,0,0,0,0,219,1.0,1.0,0.05,0.06,0.0,255,11,0.04,0.06,0.0,1.0,1.0,0.0,1,15756.0
45,5,0,0,0,0,140,0.99,1.0,0.08,0.06,0.0,255,11,0.04,0.06,0.0,1.0,1.0,0.0,1,95699.0
45,5,0,0,0,0,63,1.0,1.0,0.06,0.08,0.0,255,4,0.02,0.05,0.0,1.0,1.0,0.0,1,86366.0
22,9,189,5360,0,1,5,0.0,0.0,1.0,0.0,0.33,40,255,1.0,0.0,0.01,0.0,0.0,0.01,0,3151.0
19,5,0,0,0,0,18,1.0,1.0,0.17,0.22,0.0,255,63,0.25,0.02,0.0,1.0,1.0,0.0,1,117072.0
22,9,162,36569,0,1,1,0.0,0.0,1.0,0.0,0.0,255,255,1.0,0.0,0.0,0.0,0.0,0.0,0,98100.0
45,5,0,0,0,0,289,1.0,1.0,0.06,0.06,0.0,255,17,0.07,0.05,0.0,1.0,1.0,0.0,1,90442.0
22,9,201,4841,0,1,3,0.0,0.0,1.0,0.0,0.5,3,255,1.0,0.0,0.04,0.0,0.0,0.0,0,116564.0
49,9,906,332,0,1,2,0.0,0.0,0.5,1.0,1.0,245,161,0.66,0.02,0.0,0.01,0.01,0.0,0,41877.0
22,9,233,255,0,1,14,0.0,0.0,1.0,0.0,0.22,14,255,1.0,0.0,0.04,0.0,0.0,0.0,0,121842.0
45,5,0,0,0,0,221,1.0,1.0,0.09,0.05,0.0,255,20,0.08,0.07,0.0,1.0,1.0,0.0,1,3156.0
45,5,0,0,0,0,197,1.0,1.0,0.07,0.05,0.0,255,13,0.05,0.05,0.0,1.0,1.0,0.0,1,104011.0
59,5,0,0,0,0,146,1.0,1.0,0.16,0.05,0.0,255,23,0.09,0.05,0.0,1.0,1.0,0.0,1,15627.0
22,9,324,2702,0,1,3,0.0,0.0,1.0,0.0,0.5,76,255,1.0,0.0,0.04,0.0,0.0,0.0,0,13185.0
22,1,0,0,0,0,1,0.0,0.0,1.0,0.0,0.0,49,196,1.0,0.0,0.17,0.0,0.0,0.97,0,121495.0
22,9,203,406,0,1,25,0.0,0.0,1.0,0.0,0.08,255,255,1.0,0.0,0.0,0.0,0.0,0.0,0,125644.0
22,9,315,788,0,1,2,0.0,0.0,1.0,0.0,0.0,255,255,1.0,0.0,0.0,0.0,0.0,0.0,0,74077.0
18,9,1208,2449,0,1,1,0.0,0.0,1.0,0.0,0.0,255,101,0.4,0.02,0.0,0.0,0.0,0.0,0,75922.0
22,9,291,444,0,1,2,0.0,0.0,1.0,0.0,0.13,4,40,1.0,0.0,0.05,0.0,0.0,0.0,0,55297.0
22,9,260,193,0,1,1,0.0,0.0,1.0,0.0,0.0,23,255,1.0,0.0,0.04,0.0,0.0,0.0,0,12213.0
45,5,0,0,0,0,171,1.0,1.0,0.01,0.07,0.0,255,15,0.06,0.06,0.0,1.0,1.0,0.0,1,122857.0
53,5,0,0,0,0,150,1.0,1.0,0.04,0.07,0.0,255,6,0.02,0.06,0.0,1.0,1.0,0.0,1,17913.0
45,9,105,145,0,0,2,0.0,0.0,1.0,0.0,0.0,255,234,0.92,0.01,0.0,0.0,0.0,0.0,0,7050.0
11,9,45,45,0,0,116,0.0,0.0,1.0,0.0,0.0,255,255,1.0,0.0,0.0,0.0,0.0,0.0,0,43760.0
22,9,303,622,0,1,39,0.0,0.0,1.0,0.0,0.0,114,255,1.0,0.0,0.02,0.0,0.0,0.0,0,24445.0
11,9,45,128,0,0,97,0.0,0.0,1.0,0.0,0.01,255,255,1.0,0.0,0.0,0.0,0.0,0.0,0,11311.0
14,9,1032,0,0,0,14,0.0,0.0,1.0,0.0,0.0,255,255,1.0,0.0,0.0,0.0,0.0,0.0,0,103875.0
11,9,45,135,0,0,141,0.0,0.0,1.0,0.0,0.01,255,255,1.0,0.0,0.0,0.0,0.0,0.0,0,4818.0
45,9,207,0,0,0,2,0.0,0.0,1.0,0.0,0.0,18,18,1.0,0.0,0.0,0.0,0.0,0.0,1,81887.0
17,9,10,218,0,0,1,0.0,0.0,1.0,0.0,0.0,18,4,0.22,0.17,0.0,0.0,0.0,0.0,0,35939.0
22,9,236,731,0,1,4,0.0,0.0,1.0,0.0,0.25,24,255,1.0,0.0,0.05,0.0,0.0,0.0,0,77377.0
55,5,0,0,0,0,23,1.0,1.0,0.13,0.09,0.0,45,7,0.11,0.07,0.29,0.96,0.43,0.0,1,52542.0
45,5,0,0,0,0,245,1.0,1.0,0.07,0.06,0.0,255,17,0.07,0.08,0.0,1.0,1.0,0.0,1,107423.0
45,5,0,0,0,0,245,1.0,1.0,0.02,0.06,0.0,255,15,0.06,0.07,0.0,1.0,1.0,0.0,1,73815.0
40,9,145,105,0,0,1,0.0,0.0,1.0,0.0,0.0,255,1,0.0,0.6,0.0,0.0,0.0,0.0,0,102813.0
45,5,0,0,0,0,298,1.0,1.0,0.07,0.06,0.0,255,4,0.02,0.06,0.0,1.0,1.0,0.0,1,15434.0
45,1,0,0,0,0,7,0.0,0.0,0.14,1.0,0.0,255,1,0.0,0.36,0.0,0.0,0.0,1.0,1,67681.0
22,9,206,1033,0,1,16,0.0,0.0,1.0,0.0,0.1,39,255,1.0,0.0,0.01,0.03,0.0,0.0,0,53520.0
45,1,0,0,0,0,132,0.0,0.0,0.14,0.06,0.0,255,36,0.14,0.07,0.0,0.0,0.0,1.0,1,54977.0
0,4,2601,11245,0,1,1,0.0,0.0,1.0,0.0,0.0,69,20,0.29,0.03,0.0,0.01,0.05,0.5,0,26812.0
5,5,0,0,0,0,102,1.0,1.0,0.05,0.06,0.0,255,12,0.05,0.05,0.0,1.0,1.0,0.0,1,123222.0
45,1,0,0,0,0,189,0.0,0.0,0.04,0.07,0.0,255,7,0.03,0.07,0.0,0.0,0.0,1.0,1,21534.0
16,5,0,0,0,0,145,1.0,1.0,0.01,0.05,0.0,255,1,0.0,0.05,0.0,1.0,1.0,0.0,1,56606.0
22,9,270,5663,0,1,4,0.25,0.08,1.0,0.0,0.16,13,255,1.0,0.0,0.02,0.08,0.0,0.0,0,47820.0
22,9,212,1842,0,1,10,0.0,0.0,1.0,0.0,0.0,31,255,1.0,0.0,0.05,0.03,0.0,0.0,0,98325.0
52,5,0,0,0,0,16,1.0,1.0,0.5,0.19,0.0,255,8,0.03,0.08,0.0,1.0,1.0,0.0,1,36156.0
22,9,233,575,0,1,5,0.0,0.0,1.0,0.0,0.33,255,255,1.0,0.0,0.0,0.0,0.0,0.0,0,53992.0
49,9,2650,402,0,1,1,0.0,0.0,1.0,0.0,0.0,180,213,0.8,0.03,0.01,0.0,0.0,0.0,0,112129.0
11,9,44,136,0,0,77,0.0,0.0,1.0,0.0,0.01,255,198,0.78,0.02,0.0,0.0,0.0,0.0,0,71508.0
22,9,241,443,0,1,4,0.0,0.0,1.0,0.0,0.0,255,255,1.0,0.0,0.0,0.0,0.0,0.0,0,8352.0
22,9,305,308,0,1,10,0.0,0.0,1.0,0.0,0.18,148,255,1.0,0.0,0.02,0.01,0.0,0.0,0,98530.0
15,5,0,0,0,0,132,1.0,1.0,0.07,0.06,0.0,255,16,0.06,0.06,0.0,1.0,1.0,0.0,1,83081.0
45,5,0,0,0,0,107,1.0,1.0,0.1,0.07,0.0,255,11,0.04,0.07,0.0,1.0,1.0,0.0,1,7173.0
62,5,0,0,0,0,202,1.0,1.0,0.03,0.07,0.0,255,7,0.03,0.07,0.0,1.0,1.0,0.0,1,98018.0
49,9,954,322,0,1,1,0.0,0.0,1.0,0.0,0.0,36,34,0.94,0.06,0.0,0.0,0.0,0.0,0,87589.0
22,9,314,2454,0,1,2,0.0,0.0,1.0,0.0,0.42,158,255,1.0,0.0,0.03,0.01,0.0,0.0,0,114030.0
11,9,44,135,0,0,74,0.0,0.0,1.0,0.0,0.01,255,254,1.0,0.01,0.0,0.0,0.0,0.0,0,113417.0
45,5,0,0,0,0,241,1.0,1.0,0.04,0.05,0.0,255,9,0.04,0.05,0.0,1.0,1.0,0.0,1,57661.0
49,9,870,479,0,1,1,0.0,0.0,1.0,0.0,0.0,115,106,0.18,0.03,0.02,0.02,0.0,0.0,0,94550.0
22,9,294,438,0,1,12,0.0,0.0,1.0,0.0,0.11,12,255,1.0,0.0,0.02,0.0,0.01,0.0,0,8825.0
22,9,191,28864,0,1,1,0.0,0.0,1.0,0.0,0.0,64,85,1.0,0.0,0.02,0.0,0.0,0.0,0,57869.0
56,5,0,0,0,0,178,0.99,1.0,0.11,0.06,0.0,255,19,0.07,0.07,0.0,1.0,1.0,0.0,1,105120.0
45,1,0,0,0,0,258,0.0,0.0,0.07,0.05,0.0,255,19,0.07,0.05,0.0,0.0,0.0,1.0,1,113322.0
22,9,54540,8314,0,1,2,0.0,0.0,1.0,0.0,0.67,19,19,1.0,0.0,0.0,0.0,0.0,0.0,0,67534.0
37,5,0,0,0,0,104,1.0,1.0,0.07,0.07,0.0,255,7,0.03,0.06,0.0,1.0,1.0,0.0,1,105532.0
11,9,44,133,0,0,4,0.0,0.0,1.0,0.0,0.04,255,211,0.83,0.02,0.0,0.0,0.0,0.0,0,42814.0
49,4,0,0,0,0,1,0.0,0.0,1.0,0.0,0.0,169,115,0.23,0.15,0.02,0.0,0.0,0.01,0,65986.0
11,9,45,77,0,0,77,0.0,0.0,1.0,0.0,0.01,255,254,1.0,0.01,0.0,0.0,0.0,0.0,0,33778.0
22,9,278,3281,0,1,1,0.0,0.0,1.0,0.0,0.0,1,255,1.0,0.0,0.03,0.0,0.0,0.0,0,122621.0
22,9,267,1938,0,1,7,0.0,0.0,1.0,0.0,0.0,205,255,1.0,0.0,0.02,0.0,0.0,0.0,0,94203.0
11,9,44,127,0,0,74,0.0,0.0,1.0,0.0,0.01,255,254,1.0,0.01,0.0,0.0,0.0,0.0,0,122597.0
22,9,288,574,0,1,5,0.0,0.0,1.0,0.0,0.0,69,255,1.0,0.0,0.03,0.0,0.0,0.0,0,117198.0
55,2,0,0,0,0,2,0.0,0.0,0.5,1.0,0.0,255,1,0.0,1.0,0.0,0.0,0.0,1.0,1,57321.0
49,9,1387,330,0,1,1,0.0,0.0,1.0,0.0,0.0,255,125,0.49,0.02,0.0,0.0,0.01,0.0,0,98486.0
14,9,1032,0,0,0,47,0.0,0.0,1.0,0.0,0.0,255,47,0.18,0.02,0.0,0.0,0.0,0.0,1,112057.0
58,9,78,0,0,0,28,0.0,0.0,0.11,0.07,0.0,255,13,0.05,0.01,0.0,0.0,0.0,0.0,0,113952.0
18,9,1042,3081,0,1,1,0.0,0.0,1.0,0.0,0.0,250,55,0.22,0.02,0.0,0.0,0.0,0.0,0,119924.0
45,9,215,0,0,0,1,0.0,0.0,1.0,0.0,0.0,119,103,0.87,0.02,0.0,0.0,0.0,0.0,0,73331.0
11,9,45,45,0,0,166,0.0,0.0,1.0,0.0,0.0,255,255,1.0,0.0,0.0,0.0,0.0,0.0,0,87079.0
45,5,0,0,0,0,123,1.0,1.0,0.07,0.05,0.0,255,8,0.03,0.05,0.0,1.0,1.0,0.0,1,90045.0
11,9,46,135,0,0,69,0.0,0.0,1.0,0.0,0.01,255,198,0.78,0.01,0.0,0.0,0.0,0.0,0,97370.0
11,9,44,133,0,0,76,0.0,0.0,1.0,0.0,0.01,255,254,1.0,0.01,0.0,0.0,0.0,0.0,0,35445.0
45,5,0,0,0,0,241,1.0,1.0,0.06,0.06,0.0,255,12,0.05,0.07,0.0,1.0,1.0,0.0,1,39206.0
26,5,0,0,0,0,137,1.0,1.0,0.04,0.06,0.0,255,12,0.05,0.07,0.0,1.0,1.0,0.0,1,42175.0
22,9,222,6499,0,1,5,0.0,0.0,1.0,0.0,0.0,5,255,1.0,0.0,0.03,0.0,0.0,0.0,0,33089.0
22,9,306,491,0,1,25,0.0,0.0,1.0,0.0,0.12,255,255,1.0,0.0,0.0,0.0,0.0,0.0,0,6492.0
40,1,0,0,0,0,509,0.17,0.0,0.0,1.0,0.0,255,1,0.0,1.0,0.0,0.09,0.0,1.0,1,94941.0
11,9,44,71,0,0,101,0.0,0.0,1.0,0.0,0.02,255,254,1.0,0.01,0.0,0.0,0.0,0.0,0,103850.0
11,9,43,131,0,0,74,0.0,0.0,1.0,0.0,0.01,255,254,1.0,0.01,0.0,0.0,0.0,0.0,0,91536.0
22,9,287,2168,0,1,23,0.0,0.0,1.0,0.0,0.0,56,255,1.0,0.0,0.05,0.0,0.0,0.0,0,66667.0
22,9,314,1108,0,1,4,0.0,0.0,1.0,0.0,0.0,25,255,1.0,0.0,0.15,0.0,0.0,0.88,0,5588.0
45,5,0,0,0,0,120,1.0,1.0,0.02,0.06,0.0,255,16,0.06,0.07,0.0,1.0,1.0,0.0,1,85877.0
22,9,290,2920,0,1,26,0.0,0.0,1.0,0.0,0.0,26,255,1.0,0.0,0.06,0.0,0.0,0.0,0,61793.0
22,9,226,1301,0,1,5,0.0,0.0,1.0,0.0,0.0,14,255,1.0,0.0,0.03,0.0,0.0,0.0,0,343.0
22,1,0,0,0,0,1,0.0,0.0,1.0,0.0,0.0,2,173,1.0,0.0,0.21,0.0,0.0,1.0,0,89651.0
22,9,230,24647,0,1,12,0.0,0.0,1.0,0.0,0.09,12,255,1.0,0.0,0.05,0.0,0.01,0.0,0,15329.0
55,5,0,0,0,0,264,1.0,1.0,0.01,0.06,0.0,255,2,0.01,0.06,0.0,1.0,1.0,0.0,1,45984.0
22,9,208,318,0,1,4,0.0,0.0,1.0,0.0,0.0,255,255,1.0,0.0,0.0,0.0,0.0,0.0,0,25849.0
22,1,0,0,0,0,1,0.0,0.0,1.0,0.0,1.0,12,255,1.0,0.0,0.04,0.0,0.0,0.34,0,61088.0
55,5,0,0,0,0,280,1.0,1.0,0.05,0.06,0.0,255,14,0.05,0.07,0.0,1.0,1.0,0.0,1,36202.0
14,9,30,0,0,0,2,0.0,0.0,1.0,0.0,0.0,190,190,1.0,0.0,0.0,0.0,0.0,0.0,0,93568.0
31,5,0,0,0,0,274,1.0,1.0,0.01,0.05,0.0,255,3,0.01,0.05,0.0,1.0,1.0,0.0,1,31461.0
29,5,0,0,0,0,255,1.0,1.0,0.03,0.05,0.0,255,14,0.05,0.08,0.0,1.0,1.0,0.0,1,1762.0
24,1,0,0,0,0,227,0.0,0.0,0.03,0.07,0.0,255,7,0.03,0.07,0.0,0.0,0.0,1.0,1,39084.0
45,5,0,0,0,0,66,1.0,1.0,0.15,0.09,0.0,255,10,0.04,0.08,0.0,1.0,1.0,0.0,1,73370.0
45,5,0,0,0,0,135,1.0,1.0,0.09,0.05,0.0,255,12,0.05,0.05,0.0,1.0,1.0,0.0,1,111018.0
49,9,2019,328,0,1,1,0.0,0.0,1.0,0.0,0.0,149,137,0.6,0.04,0.01,0.0,0.0,0.0,0,62537.0
49,9,1841,331,0,1,1,0.0,0.0,1.0,0.0,0.0,5,150,1.0,0.0,0.01,0.0,0.0,0.0,0,75664.0
11,9,43,69,0,0,238,0.0,0.0,1.0,0.0,0.0,255,255,1.0,0.0,0.0,0.0,0.0,0.0,0,117757.0
49,9,1095,328,0,1,1,0.0,0.0,1.0,0.0,0.0,217,123,0.57,0.03,0.0,0.0,0.0,0.0,0,90324.0
11,9,45,129,0,0,68,0.0,0.0,1.0,0.0,0.01,255,254,1.0,0.01,0.0,0.0,0.0,0.0,0,41841.0
45,5,0,0,0,0,212,1.0,1.0,0.01,0.06,0.0,255,2,0.01,0.08,0.0,1.0,1.0,0.0,1,99851.0
11,9,46,133,0,0,321,0.0,0.0,1.0,0.0,0.0,255,254,1.0,0.01,0.0,0.0,0.0,0.0,0,29372.0
22,9,225,15033,0,1,3,0.0,0.0,1.0,0.0,0.13,74,127,1.0,0.0,0.08,0.0,0.0,0.0,0,57873.0
45,5,0,0,0,0,197,1.0,1.0,0.04,0.06,0.0,255,5,0.02,0.07,0.0,1.0,1.0,0.0,1,119609.0
17,5,0,0,0,0,36,1.0,1.0,0.31,0.11,0.0,255,43,0.17,0.04,0.0,1.0,1.0,0.0,1,80220.0
49,9,768,326,0,1,1,0.0,0.0,1.0,0.0,0.0,113,93,0.82,0.04,0.0,0.0,0.0,0.0,0,88009.0
22,9,213,285,0,1,11,0.0,0.0,1.0,0.0,0.0,30,255,1.0,0.0,0.01,0.0,0.0,0.0,0,34877.0
22,9,269,16143,0,1,5,0.0,0.0,1.0,0.0,0.11,53,255,1.0,0.0,0.04,0.0,0.0,0.0,0,90822.0
45,5,0,0,0,0,138,1.0,1.0,0.1,0.06,0.0,255,19,0.07,0.08,0.0,1.0,1.0,0.0,1,107010.0
40,9,145,0,0,0,1,0.0,0.0,1.0,0.0,0.0,255,1,0.0,0.38,0.0,0.0,0.0,0.0,0,68578.0
13,9,8,0,0,0,1,0.0,0.0,1.0,0.0,1.0,2,38,1.0,0.0,0.5,0.0,0.0,0.0,1,64976.0
51,5,0,0,0,0,223,1.0,1.0,0.05,0.06,0.0,255,1,0.0,0.06,0.0,1.0,1.0,0.0,1,110588.0
2,5,0,0,0,0,256,1.0,1.0,0.05,0.06,0.0,255,14,0.05,0.06,0.0,1.0,1.0,0.0,1,5982.0
25,5,0,0,0,0,234,1.0,1.0,0.01,0.06,0.0,255,4,0.02,0.06,0.0,1.0,1.0,0.0,1,116453.0
56,2,0,0,0,0,170,0.0,0.0,0.02,0.07,0.0,255,3,0.01,0.07,0.0,0.0,0.0,1.0,1,19382.0
55,5,0,0,0,0,72,0.99,1.0,0.24,0.07,0.0,255,37,0.15,0.05,0.0,1.0,1.0,0.0,1,93098.0
22,1,0,0,0,0,1,0.0,0.0,1.0,0.0,0.0,3,231,1.0,0.0,0.18,0.0,0.0,0.77,0,76405.0
22,5,0,0,0,0,292,1.0,1.0,0.04,0.06,0.0,255,10,0.04,0.07,0.0,1.0,1.0,0.0,1,119890.0
19,5,0,0,0,0,285,1.0,1.0,0.05,0.06,0.0,255,8,0.03,0.1,0.0,1.0,1.0,0.0,1,46571.0
19,9,6601,0,0,0,20,0.0,0.0,1.0,0.0,0.0,255,112,0.44,0.03,0.0,0.0,0.0,0.0,0,34795.0
22,9,283,1707,0,1,1,0.0,0.0,1.0,0.0,0.0,255,255,1.0,0.0,0.0,0.01,0.01,0.0,0,35469.0
22,9,150,3998,0,1,1,0.0,0.0,1.0,0.0,0.0,255,255,1.0,0.0,0.0,0.0,0.0,0.0,0,70369.0
45,5,0,0,0,0,163,1.0,1.0,0.06,0.07,0.0,255,20,0.08,0.07,0.0,1.0,1.0,0.0,1,3697.0
13,9,8,0,0,0,1,0.0,0.0,1.0,0.0,1.0,2,226,1.0,0.0,0.5,0.0,0.0,0.0,1,1326.0
45,5,0,0,0,0,164,1.0,1.0,0.02,0.07,0.0,255,14,0.05,0.07,0.0,1.0,1.0,0.0,1,40420.0
22,9,205,3284,0,1,13,0.0,0.0,1.0,0.0,0.0,39,231,1.0,0.0,0.03,0.0,0.0,0.0,0,73459.0
22,9,285,2531,0,1,4,0.0,0.0,1.0,0.0,0.0,231,250,1.0,0.0,0.01,0.0,0.0,0.0,0,46637.0
45,5,0,0,0,0,156,1.0,1.0,0.05,0.07,0.0,255,9,0.04,0.07,0.0,1.0,1.0,0.0,1,120424.0
22,9,264,1478,0,1,1,0.0,0.0,1.0,0.0,0.0,255,227,0.89,0.02,0.0,0.0,0.0,0.0,0,1766.0
28,5,0,0,0,0,109,1.0,1.0,0.1,0.06,0.0,255,11,0.04,0.06,0.0,1.0,1.0,0.0,1,17817.0
22,9,225,919,0,1,10,0.0,0.0,1.0,0.0,0.0,255,255,1.0,0.0,0.0,0.0,0.0,0.0,0,38785.0
49,5,0,0,0,0,287,1.0,1.0,0.0,0.06,0.0,255,1,0.0,0.07,0.0,1.0,1.0,0.0,1,1641.0
22,5,0,0,0,0,267,1.0,1.0,0.07,0.05,0.0,255,20,0.08,0.05,0.0,1.0,1.0,0.0,1,103284.0
22,9,255,28735,0,1,5,0.0,0.0,1.0,0.0,0.0,255,252,0.99,0.01,0.0,0.0,0.0,0.0,0,36690.0
14,9,1032,0,0,0,425,0.0,0.0,1.0,0.0,0.0,255,255,1.0,0.0,0.0,0.0,0.0,0.0,1,89594.0
60,1,0,0,0,0,268,0.0,0.0,0.07,0.06,0.0,255,19,0.07,0.07,0.0,0.0,0.0,1.0,1,50503.0
32,5,0,0,0,0,265,1.0,1.0,0.01,0.06,0.0,255,3,0.01,0.07,0.0,1.0,1.0,0.0,1,6592.0
11,9,45,45,0,0,116,0.0,0.0,1.0,0.0,0.01,255,255,1.0,0.0,0.0,0.0,0.0,0.0,0,42560.0
14,9,1032,0,0,0,511,0.0,0.0,1.0,0.0,0.0,155,61,0.39,0.05,0.0,0.01,0.0,0.0,1,125780.0
40,9,3909,0,0,1,5,0.2,0.0,0.2,0.6,0.0,99,1,0.01,0.06,0.0,0.01,0.0,0.0,0,5389.0
22,9,216,2843,0,1,1,0.0,0.0,1.0,0.0,0.2,31,255,1.0,0.0,0.01,0.0,0.0,0.0,0,64157.0
49,9,5214,329,0,1,2,0.0,0.0,0.5,1.0,0.0,14,149,0.86,0.14,0.01,0.0,0.01,0.0,0,100908.0
45,1,0,0,0,0,274,0.08,0.0,0.0,1.0,0.0,255,1,0.0,1.0,0.0,0.08,0.0,1.0,1,64148.0
40,9,15876,0,0,1,15,0.07,0.0,0.07,0.13,0.0,191,1,0.01,0.07,0.0,0.01,0.0,0.0,0,91044.0
18,9,1259,2453,0,1,1,0.0,0.0,1.0,0.0,0.0,255,55,0.22,0.02,0.0,0.0,0.0,0.0,0,2545.0
18,9,1493,4152,0,1,1,0.0,0.0,1.0,0.0,0.0,141,38,0.27,0.05,0.0,0.0,0.0,0.0,0,26834.0
19,9,8173,0,0,1,1,0.0,0.0,1.0,0.0,0.0,79,15,0.14,0.06,0.13,0.0,0.0,0.0,0,75143.0
11,9,45,74,0,0,69,0.0,0.0,1.0,0.0,0.01,255,254,1.0,0.01,0.0,0.0,0.0,0.0,0,113009.0
22,9,197,5790,0,1,8,0.0,0.0,1.0,0.0,0.0,255,255,1.0,0.0,0.0,0.0,0.0,0.0,0,70332.0
22,9,337,3896,0,1,3,0.0,0.0,1.0,0.0,0.0,35,255,1.0,0.0,0.01,0.0,0.0,0.01,0,94257.0
45,5,0,0,0,0,133,1.0,1.0,0.05,0.05,0.0,255,6,0.02,0.04,0.0,1.0,1.0,0.0,1,122209.0
45,5,0,0,0,0,243,1.0,1.0,0.07,0.05,0.0,255,16,0.06,0.06,0.0,1.0,1.0,0.0,1,26006.0
22,9,152,484,0,1,1,0.0,0.0,1.0,0.0,1.0,69,255,1.0,0.0,0.03,0.0,0.0,0.0,0,19414.0
40,9,147,105,0,0,1,0.0,0.0,1.0,0.0,0.0,255,1,0.0,0.87,0.0,0.0,0.0,0.0,0,18173.0
30,5,0,0,0,0,109,1.0,1.0,0.04,0.06,0.0,255,13,0.05,0.06,0.0,1.0,1.0,0.0,1,78628.0
22,9,160,5942,0,1,7,0.0,0.0,1.0,0.0,0.25,68,255,1.0,0.0,0.04,0.0,0.0,0.0,0,5076.0
22,9,168,420,0,1,1,0.0,0.0,1.0,0.0,0.0,34,255,1.0,0.0,0.02,0.03,0.01,0.0,0,122952.0
18,9,1463,4152,0,1,1,0.0,0.0,1.0,0.0,0.0,79,14,0.18,0.03,0.0,0.0,0.0,0.0,0,54773.0
22,9,286,466,0,1,27,0.0,0.0,1.0,0.0,0.08,255,255,1.0,0.0,0.0,0.0,0.0,0.0,0,81906.0
22,9,370,294,0,1,10,0.0,0.0,1.0,0.0,0.0,103,255,1.0,0.0,0.04,0.01,0.02,0.0,0,69071.0
49,9,1247,327,0,1,1,0.0,0.0,1.0,0.0,0.0,39,135,0.56,0.15,0.01,0.0,0.0,0.0,0,118440.0
55,5,0,0,0,0,10,0.9,1.0,0.3,0.4,0.0,255,3,0.01,0.08,0.0,1.0,1.0,0.0,1,12336.0
22,9,207,1675,0,1,8,0.0,0.0,1.0,0.0,0.0,21,255,1.0,0.0,0.03,0.0,0.0,0.01,0,76231.0
61,5,0,0,0,0,278,1.0,1.0,0.07,0.05,0.0,255,20,0.08,0.05,0.0,1.0,1.0,0.0,1,45297.0
60,5,0,0,0,0,299,1.0,1.0,0.06,0.06,0.0,255,19,0.07,0.07,0.0,1.0,1.0,0.0,1,7988.0
29,5,0,0,0,0,126,1.0,1.0,0.04,0.06,0.0,255,8,0.03,0.08,0.0,1.0,1.0,0.0,1,83074.0
22,9,358,365,0,1,1,0.0,0.0,1.0,0.0,0.0,2,240,1.0,0.0,0.02,0.0,0.0,0.0,0,51616.0
22,9,192,318,0,1,2,0.0,0.0,1.0,0.0,0.5,75,255,1.0,0.0,0.04,0.0,0.0,0.0,0,43837.0
3,5,0,0,0,0,271,1.0,1.0,0.01,0.06,0.0,255,2,0.01,0.08,0.0,1.0,1.0,0.0,1,106058.0
29,5,0,0,0,0,33,0.79,1.0,0.03,0.42,0.0,255,1,0.0,0.06,0.0,0.1,1.0,0.0,1,29141.0
13,9,8,0,0,0,1,0.0,0.0,1.0,0.0,1.0,3,143,1.0,0.0,0.25,0.0,0.0,0.0,1,100334.0
19,9,192,0,0,1,2,0.0,0.0,1.0,0.0,0.0,153,42,0.27,0.46,0.0,0.0,0.0,0.02,0,100325.0
22,9,251,352,0,1,11,0.0,0.0,1.0,0.0,0.0,255,255,1.0,0.0,0.0,0.0,0.0,0.0,0,3558.0
3,1,0,0,0,0,243,0.0,0.0,0.03,0.07,0.0,255,7,0.03,0.07,0.0,0.0,0.0,1.0,1,88853.0
11,9,34,34,0,0,2,0.0,0.0,1.0,0.0,0.5,255,252,0.99,0.01,0.0,0.0,0.0,0.0,0,46826.0
45,5,0,0,0,0,98,1.0,1.0,0.05,0.08,0.0,255,5,0.02,0.08,0.0,1.0,1.0,0.0,1,34577.0
22,9,205,3199,0,1,3,0.0,0.0,1.0,0.0,0.0,35,255,1.0,0.0,0.04,0.0,0.0,0.0,0,58215.0
11,9,31,0,0,0,1,0.0,0.0,1.0,0.0,0.75,181,39,0.13,0.03,0.05,0.0,0.0,0.0,0,120998.0
55,5,0,0,0,0,10,1.0,1.0,1.0,0.0,0.0,50,11,0.2,0.06,0.18,1.0,0.91,0.0,1,10893.0
13,9,18,0,0,0,1,0.0,0.0,1.0,0.0,0.0,1,196,1.0,0.0,1.0,0.0,0.0,0.0,1,71968.0
22,5,0,0,0,0,2,0.5,0.5,1.0,0.0,0.0,178,255,1.0,0.0,0.01,0.01,0.01,0.0,0,33270.0
11,9,43,71,0,0,165,0.0,0.0,1.0,0.0,0.0,255,254,1.0,0.01,0.0,0.0,0.0,0.0,0,7052.0
45,5,0,0,0,0,102,1.0,1.0,0.18,0.06,0.0,255,8,0.03,0.07,0.0,1.0,1.0,0.0,1,46960.0
16,2,0,0,0,0,2,0.0,0.0,0.5,1.0,0.0,255,1,0.0,0.8,0.0,0.0,0.0,1.0,1,56453.0
22,9,226,1705,0,1,7,0.0,0.0,1.0,0.0,0.14,255,255,1.0,0.0,0.0,0.0,0.0,0.0,0,15785.0
14,9,520,0,0,0,435,0.0,0.0,1.0,0.0,0.0,243,243,1.0,0.0,0.0,0.0,0.0,0.0,1,88592.0
22,9,220,308,0,1,4,0.0,0.0,1.0,0.0,0.43,255,255,1.0,0.0,0.0,0.0,0.0,0.0,0,106336.0
22,9,230,1342,0,1,14,0.0,0.0,1.0,0.0,0.0,255,255,1.0,0.0,0.0,0.0,0.0,0.0,0,123587.0
33,1,0,0,0,0,230,0.0,0.0,0.04,0.07,0.0,255,10,0.04,0.07,0.0,0.0,0.0,1.0,1,47725.0
58,9,181,0,0,0,3,0.0,0.0,0.67,0.67,0.0,255,92,0.36,0.01,0.0,0.0,0.0,0.0,0,40126.0
22,9,358,1724,0,1,9,0.0,0.0,1.0,0.0,0.0,255,255,1.0,0.0,0.0,0.01,0.01,0.0,0,73836.0
22,9,200,1545,0,1,5,0.0,0.0,1.0,0.0,0.0,15,255,1.0,0.0,0.04,0.0,0.0,0.0,0,94180.0
11,9,45,81,0,0,159,0.0,0.0,1.0,0.0,0.0,255,227,0.89,0.01,0.0,0.0,0.0,0.0,0,51013.0
22,9,222,1461,0,1,3,0.0,0.0,1.0,0.0,0.0,17,255,1.0,0.0,0.03,0.0,0.0,0.0,0,88285.0
45,9,1,0,0,0,114,0.0,0.0,0.91,0.02,0.0,255,180,0.71,0.04,0.0,0.0,0.0,0.0,1,18885.0
11,9,43,127,0,0,219,0.0,0.0,1.0,0.01,0.01,221,182,0.82,0.01,0.0,0.0,0.0,0.0,0,100730.0
22,9,54540,8314,0,1,5,0.0,0.0,1.0,0.0,0.0,52,52,1.0,0.0,0.0,0.0,0.0,0.04,0,26125.0
11,9,43,43,0,0,107,0.0,0.0,1.0,0.0,0.0,255,255,1.0,0.0,0.0,0.0,0.0,0.0,0,65672.0
45,5,0,0,0,0,292,1.0,1.0,0.01,0.06,0.0,255,4,0.02,0.07,0.0,1.0,1.0,0.0,1,10142.0
6,1,0,0,0,0,137,0.0,0.0,0.01,0.07,0.0,255,1,0.0,0.07,0.0,0.0,0.0,1.0,1,22222.0
19,9,334,0,0,1,1,0.0,0.0,1.0,0.0,0.0,1,41,1.0,0.0,0.07,0.0,0.0,0.0,0,107003.0
19,9,334,0,0,1,2,0.0,0.0,1.0,0.0,0.0,7,7,1.0,0.0,0.0,0.0,0.0,0.0,0,76663.0
11,9,17,17,0,0,2,0.0,0.0,1.0,0.0,0.0,255,172,0.67,0.01,0.0,0.0,0.0,0.0,0,51572.0
11,9,44,44,0,0,181,0.0,0.0,1.0,0.0,0.0,255,255,1.0,0.0,0.0,0.0,0.0,0.0,0,78565.0
22,9,277,2454,0,1,2,0.0,0.0,1.0,0.0,0.2,5,255,1.0,0.0,0.06,0.0,0.0,0.0,0,121804.0
49,9,1122,482,0,1,1,0.0,0.0,1.0,0.0,1.0,171,192,0.83,0.06,0.01,0.02,0.02,0.0,0,33525.0
22,9,227,20624,0,1,5,0.0,0.0,1.0,0.0,0.29,6,255,1.0,0.0,0.01,0.0,0.0,0.01,0,109109.0
22,9,368,1871,0,1,11,0.0,0.0,1.0,0.0,0.3,70,244,1.0,0.0,0.08,0.0,0.0,0.6,0,100907.0
49,9,2235,451,0,1,1,0.0,0.0,1.0,0.0,1.0,59,177,0.81,0.05,0.02,0.0,0.01,0.0,0,113424.0
40,9,516,4,0,0,267,0.0,0.0,1.0,0.0,0.0,255,255,1.0,0.0,0.0,0.0,0.0,0.0,0,107934.0
45,5,0,0,0,0,180,1.0,1.0,0.08,0.06,0.0,255,15,0.06,0.05,0.0,1.0,1.0,0.0,1,46711.0
45,5,0,0,0,0,127,1.0,1.0,0.04,0.06,0.0,255,9,0.04,0.06,0.0,1.0,1.0,0.0,1,81220.0
45,5,0,0,0,0,81,1.0,1.0,0.31,0.06,0.0,255,25,0.1,0.05,0.0,1.0,1.0,0.0,1,29012.0
49,9,1178,341,0,1,1,0.0,0.0,1.0,0.0,0.0,130,120,0.49,0.05,0.02,0.0,0.0,0.0,0,61029.0
22,9,229,1007,0,1,8,0.0,0.0,1.0,0.0,0.0,33,255,1.0,0.0,0.02,0.0,0.0,0.0,0,49873.0
22,4,54540,8314,0,1,1,0.0,0.0,1.0,0.0,1.0,255,255,1.0,0.0,0.0,0.0,0.0,0.04,0,36027.0
22,5,0,0,0,0,1,1.0,1.0,1.0,0.0,0.0,9,128,1.0,0.0,0.16,1.0,0.07,0.93,0,123090.0
40,4,1,0,0,0,2,0.0,0.0,1.0,0.0,0.0,255,2,0.01,0.74,0.0,0.0,0.0,1.0,1,14334.0
22,9,320,270,0,1,9,0.0,0.0,1.0,0.0,0.0,203,194,0.96,0.02,0.0,0.0,0.0,0.0,0,119254.0
19,9,637,0,0,1,3,0.0,0.0,1.0,0.0,0.5,176,37,0.21,0.04,0.0,0.01,0.0,0.0,0,73056.0
45,9,28,0,3,0,117,0.85,0.0,0.15,0.06,0.0,255,17,0.07,0.94,0.0,0.09,0.0,0.0,1,100555.0
22,9,141,4027,0,1,4,0.0,0.0,1.0,0.0,0.0,189,255,1.0,0.0,0.02,0.0,0.0,0.0,0,110627.0
22,9,184,805,0,1,3,0.0,0.0,1.0,0.0,0.0,3,255,1.0,0.0,0.05,0.0,0.0,0.0,0,77735.0
22,9,218,354,0,1,21,0.0,0.0,1.0,0.0,0.0,240,255,1.0,0.0,0.02,0.0,0.0,0.0,0,87051.0
22,1,0,0,0,0,1,0.0,0.0,1.0,0.0,0.0,2,30,1.0,0.0,0.3,0.0,0.0,1.0,0,95093.0
45,1,0,0,0,0,399,0.06,0.0,0.0,1.0,0.0,255,1,0.0,1.0,0.0,0.09,0.0,1.0,1,90080.0
17,2,0,0,0,0,236,0.0,0.0,0.02,0.07,0.0,255,4,0.02,0.08,0.0,0.0,0.0,1.0,1,110278.0
37,5,0,0,0,0,128,1.0,1.0,0.1,0.07,0.0,255,13,0.05,0.06,0.0,1.0,1.0,0.0,1,67021.0
55,9,339,1729,0,1,1,0.0,0.0,1.0,0.0,0.0,255,9,0.04,0.07,0.0,0.78,0.11,0.0,0,14470.0
22,9,209,1158,0,1,12,0.0,0.04,1.0,0.0,0.21,34,255,1.0,0.0,0.04,0.0,0.0,0.0,0,38406.0
14,9,1032,0,0,0,511,0.0,0.0,1.0,0.0,0.0,255,242,0.95,0.01,0.0,0.0,0.0,0.0,1,68492.0
51,2,0,15,0,1,1,0.0,0.0,1.0,0.0,0.0,3,2,0.33,1.0,1.0,0.0,0.0,1.0,1,115544.0
49,5,0,0,0,0,253,1.0,1.0,0.0,0.07,0.0,255,1,0.0,0.07,0.0,1.0,1.0,0.0,1,55969.0
19,9,15876,0,0,0,8,0.0,0.0,1.0,0.0,0.0,14,79,1.0,0.0,0.03,0.0,0.0,0.0,0,32843.0
22,9,226,1890,0,1,11,0.0,0.0,1.0,0.0,0.0,75,255,1.0,0.0,0.03,0.0,0.0,0.0,0,40264.0
19,9,12,0,0,1,2,0.0,0.0,1.0,0.0,0.0,53,21,0.19,0.06,0.1,0.0,0.0,0.0,0,3663.0
22,9,335,3221,0,1,15,0.0,0.0,1.0,0.0,0.09,55,255,1.0,0.0,0.04,0.0,0.01,0.0,0,117862.0
13,9,8,0,0,0,1,0.0,0.0,1.0,0.0,1.0,1,31,1.0,0.0,0.52,0.0,0.0,0.0,1,28684.0
14,9,520,0,0,0,461,0.0,0.0,1.0,0.0,0.0,192,192,1.0,0.0,0.0,0.0,0.0,0.0,1,66379.0
11,9,45,45,0,0,105,0.0,0.0,1.0,0.0,0.0,255,245,0.96,0.01,0.0,0.0,0.0,0.0,0,106720.0
19,9,5891,0,0,0,17,0.0,0.0,1.0,0.0,0.0,115,57,0.5,0.05,0.0,0.0,0.0,0.0,0,4137.0
17,9,5,381,0,0,1,0.0,0.0,1.0,0.0,0.0,86,2,0.01,0.03,1.0,0.0,0.0,0.0,0,55117.0
22,9,230,1429,0,1,15,0.0,0.0,1.0,0.0,0.0,190,255,1.0,0.0,0.01,0.0,0.0,0.0,0,79409.0
59,2,0,0,0,0,116,0.0,0.0,0.09,0.07,0.0,255,11,0.04,0.05,0.0,0.0,0.0,1.0,1,72231.0
40,9,6601,0,0,0,6,0.0,0.0,0.17,0.33,0.0,178,1,0.01,0.03,0.0,0.0,0.0,0.0,0,100646.0
49,9,11587,1431,0,1,1,0.0,0.0,1.0,0.0,0.0,112,180,0.7,0.12,0.01,0.01,0.0,0.04,0,8937.0
19,9,276,0,0,1,3,0.0,0.0,1.0,0.0,0.0,245,63,0.23,0.02,0.03,0.0,0.0,0.0,0,40677.0
22,9,224,353,0,1,11,0.0,0.0,1.0,0.0,0.0,104,255,1.0,0.0,0.07,0.01,0.01,0.0,0,104961.0
14,9,64,0,0,0,1,0.0,0.0,1.0,0.0,0.0,85,2,0.02,0.85,0.0,0.0,0.0,0.0,0,51328.0
22,9,310,3222,0,1,2,0.0,0.0,1.0,0.0,0.15,255,254,1.0,0.01,0.0,0.0,0.0,0.0,0,19881.0
45,5,0,0,0,0,284,1.0,1.0,0.04,0.06,0.0,255,13,0.05,0.07,0.0,1.0,1.0,0.0,1,76515.0
22,9,247,3047,0,1,1,0.0,0.0,1.0,0.0,0.26,17,255,1.0,0.0,0.05,0.0,0.0,0.0,0,44870.0
22,9,165,11868,0,1,9,0.0,0.0,1.0,0.0,0.17,191,191,1.0,0.0,0.0,0.0,0.0,0.0,0,33218.0
19,5,0,0,0,0,133,1.0,1.0,0.14,0.05,0.0,255,16,0.06,0.07,0.0,1.0,1.0,0.0,1,92189.0
45,5,0,0,0,0,114,1.0,1.0,0.22,0.06,0.0,255,25,0.1,0.05,0.0,1.0,1.0,0.0,1,7043.0
19,9,12,0,0,1,3,0.0,0.0,0.33,0.67,0.0,11,93,0.45,0.18,0.02,0.0,0.0,0.0,0,84994.0
22,9,359,508,0,1,32,0.0,0.0,1.0,0.0,0.0,107,255,1.0,0.0,0.02,0.0,0.0,0.0,0,89997.0
22,9,256,273,0,1,1,0.0,0.0,1.0,0.0,0.0,156,255,1.0,0.0,0.02,0.0,0.0,0.0,0,91798.0
22,2,0,0,0,1,2,0.0,0.0,1.0,0.0,0.0,48,255,1.0,0.0,0.08,0.0,0.0,0.0,0,110555.0
22,9,195,1254,0,1,20,0.0,0.0,1.0,0.0,0.0,50,255,1.0,0.0,0.02,0.0,0.0,0.0,0,6996.0
60,5,0,0,0,0,260,1.0,1.0,0.02,0.07,0.0,255,4,0.02,0.08,0.0,1.0,1.0,0.0,1,115775.0
22,9,247,3892,0,1,25,0.0,0.0,1.0,0.0,0.05,255,255,1.0,0.0,0.0,0.0,0.0,0.0,0,28446.0
2,5,0,0,0,0,269,1.0,1.0,0.02,0.05,0.0,255,5,0.02,0.05,0.0,1.0,1.0,0.0,1,75372.0
49,5,0,0,0,0,51,1.0,0.67,0.04,0.1,0.67,250,6,0.01,0.06,0.33,1.0,0.33,0.0,1,1867.0
22,9,338,1981,0,1,14,0.0,0.0,1.0,0.0,0.0,104,255,1.0,0.0,0.04,0.02,0.01,0.0,0,114092.0
22,9,212,334,0,1,25,0.0,0.0,1.0,0.0,0.0,255,255,1.0,0.0,0.0,0.0,0.0,0.0,0,51257.0
22,9,260,12221,0,1,1,0.0,0.0,1.0,0.0,0.0,17,255,1.0,0.0,0.07,0.0,0.0,0.0,0,68785.0
13,9,8,0,0,0,1,0.0,0.0,1.0,0.0,0.0,3,61,1.0,0.0,0.26,0.0,0.0,0.0,1,57537.0
17,5,0,0,0,0,8,0.88,1.0,0.5,0.5,0.0,255,2,0.01,0.08,0.0,1.0,1.0,0.0,1,2455.0
45,5,0,0,0,0,139,1.0,1.0,0.13,0.06,0.0,236,3,0.01,0.08,0.0,1.0,1.0,0.0,1,100781.0
22,9,199,12884,0,1,2,0.0,0.0,1.0,0.0,0.11,61,61,1.0,0.0,0.0,0.0,0.0,0.0,0,49076.0
45,5,0,0,0,0,122,1.0,1.0,0.07,0.05,0.0,255,8,0.03,0.06,0.0,1.0,1.0,0.0,1,81961.0
22,9,167,21335,0,1,1,0.0,0.0,1.0,0.0,0.0,1,255,1.0,0.0,0.05,0.0,0.0,0.0,0,26062.0
22,5,0,0,0,0,15,1.0,0.89,0.53,0.13,0.22,175,48,0.27,0.02,0.0,1.0,1.0,0.0,1,31769.0
45,5,0,0,0,0,88,1.0,1.0,0.05,0.09,0.0,255,4,0.02,0.07,0.0,1.0,1.0,0.0,1,41827.0
8,5,0,0,0,0,193,1.0,1.0,0.04,0.06,0.0,255,7,0.03,0.07,0.0,1.0,1.0,0.0,1,57724.0
45,1,0,0,0,0,2,0.0,0.0,0.5,1.0,0.0,255,1,0.0,0.45,0.0,0.13,0.0,1.0,1,124452.0
22,9,206,2446,0,1,4,0.0,0.0,1.0,0.0,0.0,255,255,1.0,0.0,0.0,0.0,0.0,0.0,0,74211.0
22,9,247,2688,0,1,21,0.0,0.0,1.0,0.0,0.09,255,255,1.0,0.0,0.0,0.0,0.0,0.0,0,110527.0
6,5,0,0,0,0,205,1.0,1.0,0.02,0.07,0.0,255,1,0.0,0.07,0.0,1.0,1.0,0.0,1,81306.0
45,5,0,0,0,0,136,1.0,1.0,0.04,0.06,0.0,255,5,0.02,0.07,0.0,1.0,1.0,0.0,1,73226.0
49,9,2134,330,0,1,1,0.0,0.0,1.0,0.0,0.0,177,162,0.75,0.03,0.01,0.0,0.0,0.0,0,26076.0
11,9,44,110,0,0,195,0.0,0.0,1.0,0.0,0.0,255,255,1.0,0.0,0.0,0.0,0.0,0.0,0,18230.0
19,9,866,0,0,0,1,0.0,0.0,1.0,0.0,0.0,1,1,1.0,0.0,0.0,0.0,0.0,0.0,0,30403.0
22,9,321,2006,0,1,5,0.0,0.0,1.0,0.0,0.0,255,255,1.0,0.0,0.0,0.0,0.0,0.0,0,13368.0
40,9,1,0,0,0,26,0.0,0.0,0.15,0.12,0.0,255,4,0.02,0.06,0.0,0.0,0.0,0.0,1,44053.0
49,9,1160,494,0,1,1,0.0,0.0,1.0,0.0,0.0,40,245,0.95,0.08,0.02,0.0,0.0,0.0,0,67765.0
17,5,0,0,0,0,39,1.0,1.0,0.26,0.1,0.0,255,46,0.18,0.05,0.0,1.0,1.0,0.0,1,42277.0
45,1,0,0,0,0,246,0.1,0.0,0.0,1.0,0.0,255,1,0.0,1.0,0.0,0.1,0.0,1.0,1,21777.0
7,5,0,0,0,0,283,1.0,1.0,0.0,0.06,0.0,255,2,0.01,0.07,0.0,1.0,1.0,0.0,1,48447.0
22,9,330,346,0,1,1,0.0,0.0,1.0,0.0,0.4,12,255,1.0,0.0,0.01,0.0,0.0,0.0,0,10766.0
46,5,0,0,0,0,224,1.0,1.0,0.09,0.07,0.0,255,20,0.08,0.08,0.0,1.0,1.0,0.0,1,92640.0
3,5,0,0,0,0,262,1.0,1.0,0.01,0.06,0.0,255,2,0.01,0.06,0.0,1.0,1.0,0.0,1,24492.0
62,1,0,0,0,0,225,0.0,0.0,0.01,0.07,0.0,255,3,0.01,0.08,0.0,0.0,0.0,1.0,1,58205.0
45,4,0,0,0,0,1,0.0,0.0,1.0,0.0,0.0,167,1,0.01,0.42,0.0,0.0,0.0,1.0,1,59298.0
20,5,0,0,0,0,238,1.0,1.0,0.03,0.06,0.0,255,2,0.01,0.09,0.0,1.0,1.0,0.0,1,15798.0
22,9,214,1773,0,1,21,0.0,0.0,1.0,0.0,0.0,207,255,1.0,0.0,0.01,0.0,0.0,0.0,0,46821.0
22,9,293,2670,0,1,25,0.0,0.0,1.0,0.0,0.0,255,255,1.0,0.0,0.0,0.0,0.0,0.0,0,80799.0
7,5,0,0,0,0,224,1.0,1.0,0.09,0.06,0.0,255,20,0.08,0.06,0.0,1.0,1.0,0.0,1,93221.0
45,1,0,0,0,0,117,0.0,0.0,0.13,0.06,0.0,18,9,0.5,0.11,0.0,0.0,0.0,1.0,1,25260.0
22,9,198,12884,0,1,4,0.0,0.0,1.0,0.0,0.06,239,239,1.0,0.0,0.0,0.0,0.0,0.0,0,85146.0
22,9,191,1478,0,1,1,0.0,0.0,1.0,0.0,0.06,255,245,0.96,0.01,0.0,0.0,0.0,0.0,0,69699.0
11,9,44,134,0,0,75,0.0,0.0,0.99,0.03,0.01,255,240,0.94,0.01,0.0,0.0,0.0,0.0,0,47947.0
11,9,29,0,0,0,1,0.0,0.0,1.0,0.0,1.0,102,34,0.16,0.04,0.06,0.0,0.0,0.0,0,89088.0
55,9,102,1518,0,1,1,0.0,0.0,1.0,0.0,0.0,29,2,0.07,0.17,0.0,0.0,0.0,0.0,0,121710.0
45,1,0,0,0,0,106,0.0,0.0,0.03,0.08,0.0,131,3,0.02,0.08,0.0,0.0,0.0,1.0,1,103686.0
29,5,0,0,0,0,284,1.0,1.0,0.06,0.06,0.0,255,11,0.04,0.07,0.0,1.0,1.0,0.0,1,106995.0
49,9,1290,366,0,1,1,0.0,0.0,1.0,0.0,0.0,73,142,0.33,0.03,0.01,0.0,0.0,0.0,0,56318.0
45,9,28,0,3,0,66,0.0,0.0,0.98,0.03,0.0,255,65,0.25,0.02,0.0,0.0,0.0,0.0,1,83197.0
22,9,208,281,0,1,15,0.0,0.0,1.0,0.0,0.0,15,255,1.0,0.0,0.03,0.0,0.0,0.0,0,4702.0
40,1,0,0,0,0,511,0.25,0.0,0.0,1.0,0.0,255,1,0.0,1.0,0.0,0.18,0.0,1.0,1,98526.0
45,5,0,0,0,0,271,1.0,1.0,0.04,0.06,0.0,255,10,0.04,0.07,0.0,1.0,1.0,0.0,1,37301.0
22,9,207,294,0,1,12,0.0,0.0,1.0,0.0,0.0,180,255,1.0,0.0,0.02,0.0,0.0,0.0,0,85435.0
22,1,0,0,0,0,1,0.0,0.0,1.0,0.0,0.0,10,18,1.0,0.0,0.22,0.0,0.0,0.94,0,53860.0
22,1,0,0,0,0,1,0.0,0.0,1.0,0.0,1.0,16,247,1.0,0.0,0.17,0.0,0.0,0.68,0,114384.0
